2.0, 3.0, 1.0, -0.19849336207, -1.0, 1.0, 0.102653768607, 1.0, 0.0, -0.315800547395, 0.375485916988, 0.232444491384, -1.0, -1.0, 1.0, 0.0, 0.0, 3.0, 2.0, 2.91411507657, 0.0, 1.28866985655, 1.47757356211, 0.0, 3.0, 2.0, -0.611086765429, 0.0, -1.0, 2.0, 1.0, 0.128724665168, 1.0, 0.0, 2.0, 0.0, 3.0, -1.0, 0.0, 2.0, 1.05133720416, 0.363068812456, 0.0, -0.210041489965, 2.0, 0.0, 1.0, 1.0, 2.79588615891, 0.466437318221, 91316.0, 644.0, 99449.0
0.299413415774, 0.212362247133, -0.206994759224, 1.0, 1.28745273531, 1.59095394573, -1.0, 2.41728226038, -0.375286214509, 0.897980231182, -1.0, 2.0, 2.10060821177, 2.69627408694, -0.342743540828, -0.0193745491276, -1.0, -0.702654298965, 1.38558075777, 2.47868690028, 0.109208471445, 2.0, 0.0, -0.0180777404976, -1.0, 0.297904945958, 0.478177541548, 0.493519493875, -1.0, 0.583021842126, 2.34181981164, 0.0, -1.0, 1.0, 1.0, -0.323044999214, -1.0, 0.978906743147, -1.0, 1.0, 1.0, 0.0, 2.0, 0.044951339713, 2.0, -0.496648638419, 0.0, 1.0, 1.03290623186, -0.467779450642, 92003.0, 581.0, 99493.0
-1.0, -0.831993162895, 1.0, 1.0, 2.93727087617, 1.0, -1.0, 2.0, 1.0, -0.0263201199457, 0.883165872025, 2.39683844818, 2.03187440193, 3.0, 2.0, 2.65046150152, 2.41757868173, -1.0, 2.59640203011, 2.74673190629, -1.0, -0.536887245065, 1.20066242236, 0.91402498, -1.0, -0.587943705659, 2.0, -0.619967065912, -0.51466212391, 2.62288765892, 1.85725898885, 0.0, -1.0, 1.0, 0.593151297397, 1.60668651363, -1.0, 2.91755385164, 1.65445633871, 1.0, 2.98977372662, 2.96550652261, 1.18669842916, 0.478738977992, 2.0, 0.257087588809, 0.0, 1.92071285959, 2.77957847015, 0.0, 93656.0, 529.0, 99505.0
3.0, -1.0, 0.781566776943, -0.132784137777, 2.0, 1.0, 0.0, -0.0515965197898, 1.0, 1.0, 3.0, 1.0, 1.0, 1.0, 1.56570925943, -1.0, -0.658222355126, -0.281923409296, 2.0, 1.0, 1.80929056534, 0.832590007523, 0.0, 0.368587334467, -1.0, 2.0, 2.0, -1.0, -1.0, -0.279858633839, 0.335498850298, 2.56895893287, 0.620180632811, 0.0, -1.0, 0.0, -1.0, 2.0, 3.0, 1.0, -1.0, 1.09918414975, 0.0, 2.34602751897, 1.0, 0.0, 0.0, 1.0, -1.0, -0.368616383025, 92260.0, 567.0, 99485.0
2.0, 2.93467990122, 1.0, 3.0, 0.0, 2.0, 1.0624207731, 3.0, 1.88960430087, 0.0, 2.0, 0.0, 2.0, 1.0, 2.0, 1.0, 3.0, -1.0, 1.35211111367, 1.94261848549, 1.0, 2.0, 1.0, 0.0, 2.0, 1.0, 0.110936649348, -1.0, 0.0, 0.0, -0.492475072474, -0.0750988637281, 1.43950782046, 2.83329197531, -0.341046530041, 0.0, -1.0, 0.977347276711, 0.427093807353, 0.0, -0.802059326596, 0.363068812456, 0.0, 1.0, -0.123884918274, 0.0, 0.0, 1.28586625283, 1.0, 0.983879261002, 91288.0, 660.0, 99422.0
2.0, 0.161810992968, 1.0, 3.0, 0.264628995109, 2.0, 1.0624207731, 0.482559256233, -0.202468313746, 0.0, 2.6209420032, 0.0, 2.86011692052, 1.0, 0.16185319557, 2.19633058259, 3.0, -1.0, 2.27339095773, 0.845990205752, 1.0, 2.0, 0.975784969313, 0.0, -1.0, 1.0, 0.0, 0.42889791933, -1.0, 0.0, 1.0, 0.0, -1.0, 2.63196762891, -0.341046530041, 0.0, -1.0, 0.977347276711, 0.427093807353, -0.752391869657, -0.802059326596, 1.13603114126, 0.0, 1.0, -0.123884918274, 0.0, 0.0, 1.0, 1.0, 0.978859774524, 91563.0, 618.0, 99456.0
-1.0, -0.223912127564, 2.27083844278, 0.0, -1.0, 3.0, 3.0, 1.0, 2.0, 0.0, 0.366978366798, 2.0, 1.89632942082, 1.0, 2.99556480692, 1.0, -1.0, 0.122414512407, -0.493555213736, -0.716522446681, 0.0, -0.000783709506235, -1.0, 0.0, -0.779827968815, 0.0, 0.0, -0.946889474661, -1.0, 1.22020092968, 1.0, 2.82837208353, 1.0, 0.629424876254, 2.38552729276, 2.73786582756, -1.0, -1.0, 2.25408304653, 2.0, 0.0, 1.0, 0.0364071612306, 2.0, 0.52805314464, 2.0, 3.0, 0.0, -0.976485027334, 0.0, 92617.0, 553.0, 99491.0
3.0, -1.0, 0.781566776943, -0.17228696578, -0.177088019567, 1.0, 0.0, -0.0515965197898, 1.0, 1.94515045064, 3.0, 1.0, 1.0, 1.0, 1.56570925943, -1.0, -0.0674851903868, -0.281923409296, 2.0, 1.0, 2.86639512789, 0.832590007523, 0.0, 0.368587334467, -1.0, 2.0, 2.0, -1.0, -1.0, 0.0358871833441, 0.335498850298, 2.56895893287, 0.0402535441639, 0.0, 3.0, 0.639484922645, -1.0, 2.0, 3.0, 1.0, 2.0, 1.09918414975, 0.0, 2.34602751897, 1.0, 0.0, 0.0, 1.0, -0.123581582582, -0.368616383025, 91670.0, 630.0, 99441.0
2.0, 2.34140387179, 0.0, 3.0, 0.0, 2.50425665121, -0.285219388253, 3.0, 1.88960430087, 0.0, 1.21835333166, 0.0, 0.357513268849, 1.02822694079, 2.0, 1.0, 3.0, 0.947434097758, 3.0, 1.44268327202, 1.0, 2.0, 1.0, 0.0, 2.0, 1.0, 0.707125254576, -1.0, 1.94771502043, 2.3287991124, 2.05001715893, 0.0, 1.35057614365, 0.689603386028, 1.0, 0.0, -1.0, -0.554848563822, 2.0, 0.0, -1.0, -0.154373124618, 0.0, 0.332897217305, 0.471237387416, 2.0, 1.49764525349, -0.165228219848, 2.47246140827, 3.0, 91633.0, 664.0, 99419.0
2.0, -0.223912127564, 1.0, 2.83859053482, 0.264628995109, 2.31723718151, 1.0624207731, 0.482559256233, -0.202468313746, 0.0, 2.0, 0.0, 2.0, 1.0, -1.0, 2.19633058259, 0.123424637948, 0.122414512407, -0.20606074655, 2.53811799856, 1.0, 2.0, 0.975784969313, 0.0, -1.0, 1.0, 0.0, -1.0, 0.0, 0.0, -0.869112695938, 0.0, -1.0, 2.63196762891, 0.296322152941, 0.0, -1.0, 0.977347276711, 0.427093807353, -0.752391869657, -0.802059326596, 1.0, 0.0, 1.0, -0.123884918274, 0.0, 0.0, 1.36548446145, 1.0, 0.978859774524, 91464.0, 605.0, 99466.0
-1.0, -0.544314291844, -0.588760245207, 0.467353803952, 1.32608342666, 0.274844972704, -1.0, 2.0, 1.0, -1.0, -1.0, 2.39683844818, -0.977400372972, 2.333875909, 2.0, -1.0, 2.41757868173, -1.0, 0.46016956778, 2.3851433174, -1.0, 2.0, 0.0, 0.0, -1.0, -0.955947183085, 2.0, -0.967942929481, 0.0867051807398, 2.24671484984, 1.0, -0.630187686606, -1.0, 1.87107346823, 0.593151297397, -0.370469735795, -1.0, -1.0, -1.0, 1.0, 1.0, 2.0, 2.0, 0.0, 2.0, 0.257087588809, 0.0, 1.74069617716, 0.0, 0.477664879126, 93773.0, 448.0, 99581.0
2.08228717206, -1.0, 0.0, -0.970426671303, 2.0, 0.528497582218, -1.0, -0.678727906738, 3.0, 0.0, 3.0, 2.34311930211, 2.3731574751, 1.45281751675, 0.705598186028, 2.89115990954, 2.51400826068, 1.46674880803, -0.495692788292, 0.721402848999, 1.0, 2.31061073632, -0.836445017832, -0.478312355965, -1.0, -0.956793461469, -1.0, -0.716326559904, -0.526604819276, 3.0, -0.700222637648, 2.0, 1.0, 0.0, 3.0, 1.67955199049, -1.0, -0.923797040467, -0.675602994092, 0.106912554904, -0.906722641963, 0.0, 3.0, -0.542645599638, -0.0181589154633, 2.66196901367, -0.128785289956, 3.0, 1.21366618445, 2.35512432476, 94193.0, 470.0, 99559.0
-1.0, 0.0992588030119, 0.28998917966, 0.0420179135131, 2.0, 1.9628698526, -1.0, 2.0, 1.0, -1.0, 1.21835333166, 2.39683844818, 2.49222171029, 3.0, 2.83304804617, 3.0, 2.42752478086, 0.8546318917, 3.0, 2.61156652415, -1.0, 1.25670381579, 0.0, 0.0, -1.0, 1.30111962158, -0.140325170757, -0.619967065912, 0.0867051807398, 2.24671484984, 1.0, 0.0, 0.0, 1.0, 0.593151297397, -0.370469735795, -0.820862749639, -1.0, 1.281720185, 1.0, 1.0, 2.0, 2.0, 0.0, 2.0, -0.438142058213, 0.278066767474, 1.28074291452, -0.0365479250448, -0.402024209395, 92204.0, 592.0, 99470.0
-0.374792825339, -0.235956729814, 1.84872252047, 1.24507653637, -1.0, 0.865855916533, 3.0, -0.193727762167, 2.07999949004, -0.429669530806, 0.982712361745, 2.0, -0.684119028778, 1.0, 2.99556480692, 0.114478533881, 1.12696757159, -1.0, -0.493555213736, 2.20085000225, 0.0, 0.0, 2.60943318984, 0.0, 0.928444469458, 1.28976460313, 0.0, 0.157891476503, -1.0, 1.26465789473, -0.812255122457, 1.0, 2.88408277238, 0.629424876254, -0.0662718865212, 1.0, 2.80170242188, -1.0, 2.71587994889, 2.0, 0.0, 0.250421021639, 0.0364071612306, 2.95042481893, 0.52805314464, 2.0, 3.0, 0.0, -0.436538129593, 0.169134924566, 91624.0, 638.0, 99436.0
0.299413415774, 0.212362247133, 0.0385699115718, 1.0, 1.28745273531, -0.988260746872, -1.0, 2.2321754285, -0.375286214509, -1.0, -1.0, 2.0, 0.289363020412, 2.90275851257, -0.759262908211, 1.28646045408, -1.0, -0.659384625425, 1.38558075777, 2.47868690028, -1.0, 2.0, 0.0, -0.0180777404976, -1.0, 2.07505776622, 0.478177541548, 0.545121068931, -1.0, 0.583021842126, 2.34181981164, 0.0, -0.0945710915235, 1.0, -0.977265083862, -0.323044999214, -1.0, 0.978906743147, -1.0, 1.7700084095, -0.828534642934, 0.0, 2.0, 0.044951339713, 2.0, -0.496648638419, 0.0, 1.0, 1.03290623186, -0.467779450642, 93003.0, 500.0, 99552.0
-1.0, -0.223912127564, 2.27083844278, 0.0, -1.0, 3.0, 3.0, 1.0, 2.0, 0.0, 0.366978366798, 2.0, 2.22832403471, 1.0, 2.99556480692, 1.0, -1.0, 0.122414512407, -0.493555213736, -0.716522446681, 0.0, -0.000783709506235, -1.0, 0.0, -0.779827968815, 0.0, 0.0, -0.946889474661, -1.0, 3.0, -0.869112695938, 2.82837208353, 1.0, 0.629424876254, 2.38552729276, 1.0, -1.0, -1.0, 2.25408304653, 2.0, -0.278220108265, 1.0, 0.0364071612306, 2.0, 0.52805314464, 1.88800571506, 3.0, 0.0, -0.976485027334, 0.0, 92691.0, 537.0, 99499.0
-0.900010692535, -1.0, 2.85294218096, 1.0, 1.99533341709, 0.0, 1.0, -0.946398154908, -0.474049756881, -0.116245799686, 0.979456197081, -0.0727560155518, -0.58510360331, -1.0, -0.0172616533027, 1.0, 0.0, -0.750194304438, 0.371017390438, -1.0, -1.0, 3.0, 0.236488727711, 0.45939632002, -0.761294525243, 3.0, 1.0, -0.548044272198, 0.825602360488, 0.0, 1.0, 2.02475107902, -0.139251048893, 1.47574024027, 1.00250671171, 1.0, -1.0, 3.0, 0.82886645046, 2.0, -0.533922278151, 1.22520005193, -0.359425329325, 2.15797978944, 0.0, 0.822100116043, 2.0, -1.0, 1.38749529479, 2.99135194007, 92733.0, 520.0, 99524.0
3.0, -1.0, 0.781566776943, -0.17228696578, -0.189408534519, 1.0, 0.0, -0.672398880531, 1.0, 1.94515045064, 3.0, 1.0, 1.0, 1.0, 1.56570925943, -1.0, -0.0674851903868, -0.854949904301, 2.0, 1.0, 2.86639512789, 0.832590007523, 2.39515145469, 0.368587334467, -1.0, 2.0, 2.0, -1.0, -1.0, 0.0358871833441, 0.335498850298, 2.56895893287, 0.0402535441639, 0.0, 3.0, 0.639484922645, -1.0, 2.0, 3.0, 1.0, 2.0, 1.09918414975, 0.0, 2.34602751897, 1.0, 0.0, 0.0, 1.0, -0.123581582582, 1.26796873249, 92231.0, 595.0, 99463.0
-1.0, -0.70979897035, 0.0385699115718, 0.410753370029, 1.39163523424, 1.0, -1.0, 2.0, 1.0, -1.0, 3.0, -0.0175739645206, 2.0, 3.0, 2.51170202305, 3.0, -1.0, -1.0, 2.96213313644, 2.0, -1.0, 1.0540539573, -0.742388611552, -0.437756995818, -1.0, 2.0, 0.0, -0.621078431692, 0.971357250599, 1.0, 2.0, -0.970644917783, -1.0, 1.0, 1.0, 0.0, -1.0, -1.0, -1.0, 1.0, -0.807231779957, 2.0, 2.0, 0.0, 2.0, 0.0, 1.74779287292, 1.0, 0.0, 0.0, 93674.0, 469.0, 99564.0
-1.0, 0.212362247133, 2.55360042824, 0.94654580075, 2.9798587304, 0.892061765044, -1.0, 2.23399561496, 1.0, -1.0, -1.0, 0.852544925321, -0.63051474552, 2.33914630363, 2.0, 2.1753226373, 2.41757868173, -1.0, -0.246405988944, 2.0, -1.0, 2.852946354, 2.45968041902, 0.0, -0.648388980804, -0.587943705659, 2.61465787827, -0.619967065912, -0.510764981215, 2.24671484984, 1.85725898885, 0.0, -1.0, 1.0, 2.75995348746, 0.578521630843, -1.0, -1.0, -1.0, 0.441177999174, 2.75114702, 2.0, 2.0, -0.976904067419, 2.0, 0.257087588809, 0.0, 1.28074291452, 0.0, 0.0, 93918.0, 471.0, 99551.0
2.08228717206, -1.0, 1.41361126974, 1.37494772559, 2.85658564052, 0.527431812545, 0.102653768607, 0.325981343966, 0.919607651, -0.0301719274501, 1.91739655062, 1.48450996211, -1.0, 1.0, 2.0, 0.468214582566, 0.106634961324, 2.12896240225, 0.0773693251359, 1.0, -0.404586379744, 0.745241308898, 2.0, 2.57501891733, -0.753334678173, 2.0, 0.901410698829, 2.0, -1.0, 0.730556544843, 2.05001715893, 3.0, -1.0, 0.0, 0.296322152941, 1.55736624035, -1.0, 2.0, 3.0, -0.833429990105, -0.906722641963, 3.0, 0.0, 1.13457777538, 0.120744145076, -0.633006907371, -0.0577908904137, 0.905958782324, 3.0, 0.0, 92324.0, 591.0, 99466.0
-1.0, -0.223912127564, 2.27083844278, 0.0, -1.0, 3.0, 3.0, 1.0, 2.0, -0.615498598838, 0.366978366798, 2.0, 1.89632942082, 1.0, 2.99556480692, 1.0, -1.0, 1.46674880803, -0.493555213736, 2.05414591458, 0.0271179097184, -0.000783709506235, -1.0, 0.0, -0.779827968815, 0.0, 0.0, -0.946889474661, -0.948402474966, 3.0, -0.869112695938, 0.445178396056, 0.824317625349, 0.629424876254, 0.0, 1.0, -1.0, -1.0, 2.25408304653, 2.0, 0.0, 2.72675728612, 0.213843209226, 2.0, 0.52805314464, 2.0, 2.30563005312, 0.0, -0.238473975291, 0.336436271966, 92568.0, 547.0, 99496.0
-1.0, -0.223912127564, 2.27083844278, 0.0, -1.0, 2.9386159053, 3.0, 1.23591232777, 2.0, 0.0, 0.366978366798, 2.0, 2.09899778493, 1.0, 2.99556480692, 1.0, -1.0, 0.122414512407, -0.493555213736, 2.05414591458, -0.213325105727, -0.000783709506235, -1.0, 0.0, -0.779827968815, 0.0, 0.0, -0.946889474661, -1.0, 3.0, -0.869112695938, 1.0, 1.0, 0.182568163664, 0.0, 1.0, -1.0, -1.0, 2.25408304653, 2.0, 0.0, 1.0, 0.0364071612306, 2.0, 0.52805314464, 0.605287531279, 3.0, 0.0, -0.976485027334, 0.0, 92365.0, 548.0, 99492.0
0.299413415774, 0.212362247133, 0.0385699115718, 1.0, -0.00734350119394, 1.72011685691, -1.0, 2.2321754285, -0.375286214509, 1.10326438018, -1.0, 2.0, 0.289363020412, 2.90275851257, 0.253513015289, -0.0193745491276, -1.0, -0.659384625425, 0.353426181052, 2.47868690028, 0.109208471445, -0.262867882343, 0.0, -0.0180777404976, -1.0, 1.90089536839, 0.478177541548, 0.545121068931, 0.147493828993, 0.583021842126, 2.09135323527, 0.0, -1.0, 1.0, 1.0, -0.323044999214, -1.0, 0.978906743147, -1.0, -0.553672885994, -0.828534642934, 0.0, 2.0, 0.044951339713, 2.0, -0.496648638419, 0.193290240683, 1.0, 1.03290623186, -0.467779450642, 92082.0, 567.0, 99508.0
0.72636584724, 3.0, 1.0, -1.0, 1.0, 2.36871887107, 0.102653768607, 1.0, 0.0, 2.0, 1.0, 0.232444491384, -0.629935578032, -0.298958557944, 1.0, -0.386933201421, 0.0, -0.182127066957, 2.33377897685, 3.0, 0.0, 0.149004617715, 1.47757356211, 0.626510390968, 3.0, 2.0, 0.0, 0.0, -0.551490150191, 2.0, 1.53999068868, 0.598710048363, 1.0, 0.0, 2.0, 0.0, 3.0, -1.0, 0.0, 1.0, 2.32309388384, 0.363068812456, 1.16198297567, -0.210041489965, 2.0, 0.0, 1.0, 1.0, -0.491027846086, 0.0, 91118.0, 669.0, 99430.0
-1.0, 0.212362247133, 0.0385699115718, 1.0, -0.628994692665, 1.0, -0.558171909295, 2.0, 0.919607651, -1.0, -1.0, -0.0175739645206, 1.88347287408, 0.13579576021, 2.0, 3.0, -1.0, -1.0, 1.28498737944, 2.0, -1.0, 1.51590846742, -0.801618287338, -0.437756995818, -1.0, 2.0, 0.0, -0.324070479869, 0.580298235389, 1.0, 1.07116055899, 0.0, -1.0, 1.0, 1.0, -0.287470585166, -1.0, -1.0, -1.0, 1.99242582774, 1.0, 1.3949274882, 2.0, 0.826570257684, 2.0, 0.0, -0.827365398117, 1.0, 0.0, 0.0, 93265.0, 488.0, 99566.0
-1.0, -0.70979897035, -0.588760245207, 0.94654580075, 2.9798587304, 0.892061765044, -1.0, 2.23399561496, 1.0, -1.0, -1.0, 0.852544925321, -0.63051474552, 2.33914630363, 2.0, 2.1753226373, 2.41757868173, -1.0, -0.246405988944, 2.0, -1.0, 2.852946354, 0.975784969313, 0.0, -0.648388980804, -0.587943705659, 2.87315967783, -0.619967065912, -0.510764981215, 2.24671484984, 1.85725898885, 0.0, -1.0, 1.0, -0.281450640895, -0.370469735795, -1.0, -1.0, -1.0, 0.441177999174, 2.75114702, 2.0, 2.0, -0.976904067419, 2.0, 0.257087588809, 0.0, -0.0578694128676, 0.0, 0.0, 93858.0, 440.0, 99575.0
-1.0, -0.831993162895, 1.0, 0.227954364234, 2.96757099455, 1.0, -1.0, 2.0, 1.0, -0.0263201199457, -0.371272486895, 2.39683844818, -0.660047515254, 3.0, 2.0, 2.83979424782, 2.60889570043, -1.0, 2.59640203011, 2.74673190629, -1.0, 2.0, -0.866333018666, 0.91402498, -1.0, -0.587943705659, 2.0, -0.619967065912, -0.610929937536, 2.62288765892, 1.85725898885, 0.0, 1.16096648721, -0.382273951525, 0.646234785802, 1.60668651363, -1.0, 2.91755385164, -1.0, 1.0, 2.98977372662, 2.98161765639, 1.1674422389, 0.478738977992, 2.0, 0.257087588809, -0.308996775462, 1.92071285959, 2.77957847015, -0.959414973834, 93904.0, 496.0, 99529.0
0.685019012848, -1.0, 0.781566776943, -0.132784137777, 0.9441748178, 0.285079718455, 0.0, -0.0515965197898, 1.0, 1.0, 1.91739655062, 1.0, 1.0, 1.0, 1.56570925943, -1.0, -0.592532649581, -0.281923409296, 2.0, -0.314303789956, 1.80929056534, 0.832590007523, 1.03458460702, 0.368587334467, -1.0, -0.398061892947, 2.0, -1.0, -1.0, -0.816909696084, -0.774629659999, 2.56895893287, 0.620180632811, 0.0, -0.061152534933, 0.0, -1.0, 2.0, 3.0, 1.0, -1.0, 1.09918414975, -0.879769019235, 2.34602751897, 1.0, 0.0, 0.0, 1.0, -1.0, -0.368616383025, 92406.0, 546.0, 99507.0
-1.0, -1.0, 0.0385699115718, 0.664556697453, 0.299373945452, 1.0, -1.0, 1.38526910557, 1.0, -0.895579128965, -1.0, 0.419034463936, 2.0, 3.0, 2.0, 2.11937487463, -1.0, -1.0, 3.0, 2.0, -0.70352268344, 2.0, 1.62395361875, -0.432516646943, -1.0, 2.0, 2.05048359834, -0.620624831218, -0.148783336176, 2.44101575196, 1.15755807115, 0.0, -1.0, 1.0, -0.938082002958, -0.939484578473, -1.0, -1.0, -1.0, -0.572195193708, 1.79798375229, 2.0, 0.639294971141, 0.0, 0.155574002041, -0.982464577309, -0.598327885864, 1.0, 1.21366618445, 0.978859774524, 94341.0, 431.0, 99608.0
-1.0, 0.0, 1.51302603018, 1.0, 2.55006596369, 0.274844972704, -1.0, -0.49916339273, 1.0, 2.83147637694, -1.0, 2.39683844818, -0.677483486803, 3.0, 2.36691552934, 3.0, 2.41757868173, -1.0, 1.38612474442, 2.3851433174, -1.0, 2.25194878158, 0.0, 0.0, -1.0, 1.02852452279, 2.91449413781, -0.619967065912, -1.0, 2.24671484984, 1.0, 1.57269187682, 0.156841005858, 1.87107346823, 0.593151297397, -0.370469735795, -1.0, 2.0, 2.38284468496, 1.0, 1.0, 2.0, 1.06961153482, 0.0, 2.0, 0.848458040473, 0.0, 1.74069617716, 0.0, 0.0, 92768.0, 556.0, 99481.0
-1.0, 0.212362247133, 2.55360042824, 0.94654580075, 2.9798587304, 0.892061765044, -0.505730660243, 0.325981343966, 1.0, -1.0, -1.0, 0.852544925321, -0.63051474552, 2.33914630363, 2.0, 2.1753226373, 2.41757868173, -1.0, -0.246405988944, 2.0, -1.0, 2.852946354, 2.79957595787, 0.0, -0.648388980804, -0.587943705659, 2.61465787827, -0.619967065912, -0.510764981215, 2.24671484984, 1.85725898885, 0.0, -1.0, 1.0, 2.75995348746, 0.578521630843, -1.0, -1.0, -1.0, 0.441177999174, 2.75114702, 2.0, 2.0, -0.976904067419, 2.0, 0.257087588809, -0.9114521071, 1.28074291452, 0.0, 0.0, 94100.0, 461.0, 99563.0
2.08228717206, -1.0, 1.41361126974, 2.30926012799, 2.85658564052, 0.527431812545, 0.700945957131, 2.23399561496, 0.919607651, -0.0301719274501, 1.91739655062, 1.48450996211, -1.0, 1.0, 2.0, 0.468214582566, 0.106634961324, 2.12896240225, -0.127569457706, 1.0, -0.665160560776, 0.745241308898, 2.0, 2.57501891733, -0.800552730714, 2.0, 0.901410698829, 2.0, -1.0, 0.730556544843, 2.05001715893, 3.0, 0.74980870662, 0.0, 0.296322152941, 1.55736624035, -1.0, 2.0, 3.0, 0.862801801672, -0.906722641963, 3.0, 1.43046518383, 1.13457777538, 0.120744145076, -0.633006907371, -0.0577908904137, 0.905958782324, 2.78452513767, 0.0, 92436.0, 600.0, 99452.0
-0.53427827812, -1.0, 0.0, 1.28475901425, 2.0, 2.56573983545, -1.0, 0.154158071564, 0.557447981835, 2.54832958812, 0.995801571569, 0.996316279983, 1.0, -1.0, 2.0, 2.41276637791, 1.0, 1.46674880803, 1.0, -0.291842286627, -0.437239288222, 2.31061073632, -0.662961548163, 1.56684573365, -0.655107310783, -0.956793461469, 2.3162324393, -0.621078431692, -0.755122868409, 3.0, 1.0, 2.0, 1.0, 0.0, 3.0, 1.67955199049, -0.534916264777, -0.856896444159, 0.757801818052, 0.0, -0.573925747758, 0.0, 3.0, -0.542645599638, -0.0181589154633, -0.536854391851, 2.221098542, 3.0, 2.15202316247, 0.0, 93501.0, 498.0, 99518.0
-0.861341209712, -1.0, 0.864915766536, -0.64622767135, -1.0, 0.682531470723, -1.0, -0.97324186105, 1.58430679422, -1.0, -0.975600688306, -0.180463367561, 1.0, 2.37080792176, 1.60216140024, -1.0, 0.200112113212, -0.719055655778, -1.0, 3.0, -1.0, -0.664047773702, 0.0, -1.0, -1.0, 2.0, -1.0, -1.0, 1.59518428738, 0.0, 0.207659812184, 2.47123715011, 1.19263540681, 1.5536354921, 0.729554786402, 2.17662986215, -1.0, 1.12489038364, -0.0300234649115, 2.84692094441, -1.0, -0.669807254725, 0.961690366688, 1.33497766382, 3.0, 3.0, 0.90108595831, 1.76627373041, 1.15252593149, 1.56181544172, 94904.0, 403.0, 99630.0
-1.0, -0.831993162895, 1.32310747447, 1.0, 0.935645785921, 1.04023923102, -1.0, 2.0, 1.0, -0.0263201199457, 2.78053653362, 2.39683844818, -0.712867980345, 2.59519503896, 2.0, 2.90074472843, 2.60889570043, -1.0, 2.59640203011, -0.306617235961, -1.0, 2.0, -0.866333018666, 0.91402498, -1.0, -0.587943705659, 2.0, -0.619967065912, -0.610929937536, 2.62288765892, 0.74183311993, 0.0, 1.16096648721, 0.228087275543, 0.646234785802, 1.66618960953, -1.0, 2.91755385164, -1.0, 1.0, 2.98977372662, 2.96550652261, 1.1674422389, 0.478738977992, 2.0, -0.833514714431, -0.308996775462, 1.92071285959, 0.495473993722, 0.0, 93658.0, 497.0, 99519.0
-0.722787684221, -1.0, -0.575515741071, 0.922214113613, 1.17614299432, 1.0, -1.0, 2.0, 1.0, -0.895579128965, -1.0, 0.168100705175, 2.0, 2.71980778234, 1.76187780721, 3.0, -1.0, -1.0, 3.0, -0.621351131118, -0.70352268344, 2.0, 1.47096096187, 0.0, -0.59382415107, 2.0, 0.889828875722, -0.99711266539, -0.0169495795104, 2.44101575196, 1.15755807115, 0.0, -0.792307836078, 1.0, -0.938082002958, -0.148876618538, -1.0, -1.0, -1.0, 1.0, 1.79798375229, 2.24136197739, 2.25405247883, 0.0, 0.155574002041, -0.88671384809, 1.0, 1.0, -0.491027846086, 0.978859774524, 94042.0, 439.0, 99588.0
-1.0, -0.831993162895, 1.0, 2.95976997144, 2.93727087617, 1.0, 0.0, 2.0, 1.0, -0.0263201199457, 0.883165872025, 2.39683844818, 2.33488738653, 3.0, 2.0, 2.65046150152, 2.41757868173, -1.0, 2.66187181191, 2.74673190629, -1.0, -0.536887245065, 1.20066242236, 0.91402498, -1.0, -0.587943705659, 2.0, -0.550803522689, -0.51466212391, -0.442156758603, 1.85725898885, 0.0, 1.0, 1.0, 0.593151297397, 1.60668651363, -1.0, 2.91755385164, 2.60248024774, 1.0, 2.98977372662, 2.96550652261, 1.18669842916, 0.478738977992, 2.0, 0.257087588809, 0.0, 1.92071285959, 2.77957847015, 0.0, 93317.0, 561.0, 99480.0
2.0, 1.28078225861, -0.232435954517, 3.0, 0.0, 2.0, 1.0624207731, 1.95306290787, -0.202468313746, 0.0, -1.0, 0.0, 2.0, 1.0, 2.0, 0.735879227594, 3.0, -0.042792030783, 3.0, -0.807751188541, 1.0, -0.483585287319, 1.4814512307, 0.0887927177442, -1.0, 2.73115701756, 0.0, -1.0, 0.0, 1.46184964785, 1.0, 0.0, -1.0, 2.63196762891, -0.341046530041, 0.0, -1.0, -1.0, 0.427093807353, -0.901185528982, -0.802059326596, 1.0, 0.0, 2.48409884314, -0.123884918274, -0.373447697903, -0.206968802039, 1.0, 2.41870194093, 0.152355435693, 91889.0, 591.0, 99477.0
2.0, -0.223912127564, 1.0, 2.83859053482, 0.264628995109, 2.31723718151, 1.0624207731, 0.482559256233, -0.202468313746, 0.0, 2.0, 0.0, 2.0, 1.0, 2.0, 2.19633058259, 0.123424637948, 0.122414512407, 3.0, 2.53811799856, 1.0, 2.0, 0.975784969313, -0.0290110302835, -1.0, 1.0, 0.0, -1.0, 0.0, 0.0, -0.869112695938, 0.0, -1.0, 2.63196762891, 0.274987871187, -0.49916877643, -1.0, 0.977347276711, 0.427093807353, -0.752391869657, -0.951658692089, 1.0, 0.0, 1.0, -0.123884918274, 0.0, 0.0, 1.0, 1.0, 0.978859774524, 91510.0, 617.0, 99458.0
3.0, -1.0, 0.781566776943, -0.132784137777, 2.0, 2.0, 0.0, -0.0515965197898, 0.656043875198, 1.0, 3.0, 1.0, 1.0, 1.0, 1.56570925943, -1.0, -0.163570284686, -0.281923409296, 2.714672061, 1.0, 1.80929056534, 0.832590007523, 0.0, 0.368587334467, -1.0, 2.0, 2.0, -1.0, -1.0, -0.279858633839, 0.335498850298, 2.56895893287, 0.620180632811, 0.0, -1.0, 0.0, -1.0, 2.0, 3.0, 1.0, -1.0, 1.09918414975, 0.0, 2.34602751897, 1.0, 0.0, 0.0, 1.0, -1.0, -0.368616383025, 92119.0, 582.0, 99471.0
2.0, 2.93467990122, 1.0, 3.0, 0.0, 1.0, -0.74223145116, 3.0, 1.88960430087, 0.0, 2.0, 0.0, 1.99798885696, 1.39316534022, 2.0, 1.0, 3.0, -1.0, 1.35211111367, 1.94261848549, 1.0, 2.0, 1.0, 0.0, 2.0, 1.0, 0.110936649348, -1.0, 0.0, 0.0, -0.492475072474, -0.103518349775, 1.43950782046, 2.83329197531, -0.341046530041, 0.0, -1.0, 0.977347276711, 0.427093807353, 0.0, -0.802059326596, 0.363068812456, 0.0, 1.0, -0.123884918274, 0.621250030894, 0.0, 1.93360576476, 1.0, 0.983879261002, 91488.0, 641.0, 99433.0
3.0, -1.0, 1.0, 0.0, -0.709923824809, -0.417843962085, 0.0, 1.0, 1.0, 1.0, -0.722938894905, 1.0, -0.97250808124, 0.907242597971, -1.0, -0.797096432789, -0.892366772031, -0.778805441036, 2.0, 1.0, -0.404586379744, 2.0, 1.12319947187, 2.7142590731, -1.0, 0.720512011869, 2.0, -1.0, -1.0, 1.0, 0.215650270984, -0.796112557097, -1.0, 2.97859532308, 1.67553486637, 0.858173123148, -1.0, -0.596834073637, 1.44651290261, 1.0, 2.0, -0.272442135079, 0.0, -0.600587063509, 1.01556686199, 1.86925028374, 0.0, 3.0, -1.0, 1.58345426531, 93572.0, 471.0, 99553.0
-0.20570455254, -0.223912127564, 2.27083844278, 0.0, -1.0, 3.0, 3.0, 1.0, 2.0, 0.0, 0.366978366798, 2.0, 1.89632942082, 1.0, 2.99556480692, 1.0, -1.0, 0.122414512407, -0.493555213736, -0.716522446681, 0.0, -0.000783709506235, -1.0, 0.0, -0.93339993689, 0.0, 0.0, -0.946889474661, -1.0, 1.22020092968, 1.29925488252, 2.82837208353, 1.0, 0.629424876254, 2.38552729276, 2.73786582756, -1.0, -1.0, 2.25408304653, 2.0, 0.0, 1.0, 0.0364071612306, 0.102252313008, 0.52805314464, 2.0, 3.0, 0.0, -0.976485027334, 0.0, 92346.0, 572.0, 99481.0
2.0, 2.34140387179, 0.0, 3.0, 0.0, 2.50425665121, -0.695432043726, 3.0, 1.88960430087, 0.0, 1.21835333166, 0.0, 0.357513268849, 1.02822694079, 2.0, 1.0, 3.0, 0.947434097758, 3.0, 1.44268327202, 1.0, 2.0, 1.0, 0.0, 2.0, 1.0, 0.707125254576, -1.0, 1.94771502043, 2.3287991124, 2.67204710538, -0.294653265323, 1.35057614365, 0.689603386028, 1.0, 0.0, -1.0, -0.554848563822, 2.0, 0.0, -1.0, -0.154373124618, -0.143961789815, 0.332897217305, 0.471237387416, 2.0, 1.49764525349, -0.165228219848, 2.47246140827, 3.0, 91882.0, 645.0, 99430.0
2.0, 0.488346766269, 1.0, 1.9786141419, -0.667302750239, 1.66948873895, 0.0350298237487, 0.482559256233, -0.202468313746, 0.0432353803824, 2.6209420032, 0.0, 2.91616002592, 1.0, 2.53239820136, 2.19633058259, 3.0, -1.0, 2.27339095773, 0.845990205752, -0.687360279263, 2.0, 0.706809807876, 0.0, -1.0, 2.30320624581, 0.0, 0.42889791933, -1.0, 0.0, 1.09343291987, 0.0, -0.88844136645, 2.63196762891, -0.341046530041, 0.0, -1.0, 0.977347276711, 0.440548780211, -0.865530535138, -0.802059326596, 1.44148846779, 0.0, 1.0, 0.950847616279, 0.0, 0.0, 1.0, 0.427927468603, 0.978859774524, 91948.0, 585.0, 99478.0
2.0, 0.0101163390601, 1.0, 2.83859053482, 0.264628995109, 2.31723718151, 1.0624207731, 0.482559256233, -0.202468313746, 0.0, 2.0, 0.0, 2.0, 1.0, -1.0, 2.19633058259, 0.123424637948, 2.05221693202, -0.20606074655, 2.53811799856, 1.0, 2.0, -0.815656635919, 0.0, -1.0, 1.0, 0.0, -1.0, 0.0, 0.0, -0.869112695938, 0.0, -1.0, 2.63196762891, 0.0421050260343, 0.0, -1.0, 0.977347276711, 0.427093807353, -0.752391869657, 0.15720492888, 1.0, 0.0, 1.0, -0.123884918274, 0.0, 0.0, 1.36548446145, 1.0, 0.978859774524, 91588.0, 604.0, 99472.0
-1.0, -0.544314291844, -0.588760245207, 0.467353803952, 1.32608342666, 0.274844972704, -1.0, 2.0, 1.0, -1.0, -1.0, 2.39683844818, -0.977400372972, 2.333875909, 2.0, -0.85250420055, 2.41757868173, -1.0, -0.20555312107, 2.3851433174, -1.0, 2.0, 0.0, 0.0, -1.0, -0.955947183085, 2.0, -0.967942929481, 0.0867051807398, 2.24671484984, 1.0, -0.630187686606, -1.0, 1.87107346823, 0.593151297397, -0.370469735795, -1.0, -1.0, -1.0, 1.0, 1.0, 2.0, 2.0, 0.0, -0.244374560342, 0.257087588809, -0.934195268208, 1.74069617716, 0.0, 0.477664879126, 93891.0, 438.0, 99593.0
-1.0, -1.0, 0.0, 2.98928665954, 2.0, 2.0, -1.0, 0.154158071564, 0.557447981835, 2.54832958812, 3.0, 0.996316279983, 1.0, -1.0, 2.0, -0.223004045312, 1.0, 1.46674880803, 1.0, -0.54430671408, -0.612647749165, 2.10773220854, -0.662961548163, 1.56684573365, -0.655107310783, -0.956793461469, 2.3162324393, -0.621078431692, -0.755122868409, 3.0, 1.0, -0.64078144761, 1.0, 0.0, 3.0, 1.67955199049, -0.534916264777, -0.856896444159, -0.675602994092, 0.0, -0.573925747758, 0.0, 3.0, -0.542645599638, -0.0181589154633, 2.66196901367, 2.221098542, 3.0, 1.21366618445, 0.0, 94255.0, 459.0, 99559.0
-1.0, -0.831993162895, 1.0, 1.0, 2.93727087617, 1.0, -1.0, 2.0, 1.0, -0.0263201199457, -0.371272486895, 2.39683844818, -0.660047515254, 3.0, 2.0, 2.83979424782, -0.187097502218, -1.0, 2.59640203011, 2.74673190629, -1.0, 0.735350010005, -0.866333018666, 0.91402498, -1.0, -0.587943705659, 2.0, -0.619967065912, -0.610929937536, 2.62288765892, 1.85725898885, 0.0, 1.16096648721, -0.382273951525, 0.646234785802, 1.60668651363, -1.0, 2.91755385164, -1.0, 1.0, 2.98977372662, 2.96550652261, 1.1674422389, 0.478738977992, 2.0, 0.257087588809, -0.308996775462, 1.92071285959, 1.21366618445, 0.0, 93412.0, 512.0, 99513.0
-1.0, -1.0, -0.575515741071, -0.163198268503, 2.0, 1.0, -1.0, 2.0, 1.0, -0.895579128965, -1.0, 2.0, 2.0, 2.79473916093, 2.0, 3.0, -1.0, -1.0, 3.0, 0.650314730364, -0.70352268344, 2.0, 1.62395361875, 0.0, -1.0, 2.0, 2.05048359834, -0.620624831218, 0.971357250599, 2.44101575196, 1.15755807115, 0.0, 1.10795599087, 1.0, -0.938082002958, -0.148876618538, -0.655899896534, -1.0, -1.0, 1.0, 1.79798375229, 2.0, 2.25405247883, 0.0, 0.155574002041, -0.88671384809, 1.0, 1.0, -0.491027846086, 0.978859774524, 93946.0, 463.0, 99567.0
0.299413415774, -0.113238469651, 0.0385699115718, 1.0, 1.28745273531, 0.865855916533, -1.0, 2.2321754285, -0.375286214509, -1.0, -1.0, 2.0, 0.289363020412, 2.90275851257, -0.824046311713, 1.28646045408, -1.0, -0.659384625425, 1.38558075777, 2.47868690028, -1.0, 2.0, 0.0, -0.0180777404976, -1.0, 2.66831252378, 0.478177541548, 0.545121068931, -1.0, 0.583021842126, 2.34181981164, 0.0, -0.0945710915235, 1.0, -0.0662718865212, -0.323044999214, -1.0, 0.978906743147, -1.0, 1.7700084095, -0.851906043303, 0.0, 2.0, 0.044951339713, 2.0, -0.496648638419, 0.0, 1.0, 1.03290623186, -0.467779450642, 92479.0, 533.0, 99520.0
2.08228717206, -1.0, 1.41361126974, -0.265027102819, 2.85658564052, 0.34525113025, 0.102653768607, 0.325981343966, 0.919607651, -0.0301719274501, 1.91739655062, 0.996316279983, -1.0, 1.81685561536, -1.0, 0.34753266501, 0.106634961324, 1.78935593055, 2.0, 1.0, -0.404586379744, 1.0, 2.0, 2.57501891733, -1.0, 2.0, 0.901410698829, 2.0, -1.0, 0.730556544843, 2.05001715893, 3.0, -1.0, 0.0, 1.67553486637, 2.18522396221, -1.0, 2.0, 3.0, -0.833429990105, -0.906722641963, 3.0, 0.0, 0.21591406161, 0.120744145076, -0.633006907371, 0.56275470307, 0.905958782324, 3.0, 0.0, 92513.0, 579.0, 99474.0
-1.0, -0.223912127564, 2.27083844278, 0.0, -1.0, 1.59095394573, 3.0, 1.32080653131, 2.0, -0.615498598838, 2.08736659685, 2.27308337364, 1.89632942082, 1.0, 2.99556480692, 1.0, -0.449174493819, 0.122414512407, -0.493555213736, 2.88287667474, 0.0, -0.000783709506235, -1.0, 0.0, -0.779827968815, 2.80210957871, 0.0, -0.946889474661, -0.780715803148, 3.0, -0.869112695938, 0.445178396056, -0.248959066645, 0.629424876254, 0.0, 2.11152686262, -1.0, -1.0, 2.25408304653, 2.0, 0.0, 1.83789032733, 1.50148992594, 2.05422786542, 0.52805314464, 2.0, 2.43111512754, 0.0, 1.83668624709, 0.0, 92552.0, 562.0, 99482.0
-1.0, 0.212362247133, 2.55360042824, 0.94654580075, 2.9798587304, 0.892061765044, -1.0, 2.23399561496, 1.0, -1.0, -1.0, 0.852544925321, -0.63051474552, 2.33914630363, 2.0, 2.1753226373, 2.62080998647, -1.0, -0.246405988944, 2.0, -1.0, 2.852946354, 2.45968041902, 0.0, -0.648388980804, -0.587943705659, 2.61465787827, -0.619967065912, -0.510764981215, 0.730556544843, 1.85725898885, -0.682072224186, -1.0, 0.122412698396, 2.75995348746, 2.84798963055, -1.0, -1.0, -1.0, 0.441177999174, 2.75114702, 2.0, 2.0, -0.976904067419, 2.0, 0.257087588809, 0.0, 1.28074291452, -0.985485989669, 0.0, 94427.0, 447.0, 99572.0
-0.374792825339, -0.235956729814, 1.84872252047, 2.34798955638, -1.0, 3.0, 3.0, 0.0387552370738, 2.07999949004, -0.429669530806, 0.982712361745, 2.0, 2.0, 1.0, 2.99556480692, 1.0, 0.824102742761, -1.0, -0.493555213736, 0.696256333966, 0.0, 0.0, 2.0019650913, 0.0, -0.250536795153, 1.28976460313, 0.0, 0.157891476503, -1.0, 1.26465789473, -0.812255122457, 1.0, 2.88408277238, 0.629424876254, 0.0, 1.0, 2.80170242188, -1.0, 2.71587994889, 2.0, 0.0, 0.250421021639, 0.0364071612306, 2.95042481893, 0.646295023791, 2.0, 3.0, 0.0, -0.436538129593, 0.169134924566, 91736.0, 652.0, 99432.0
0.0919775594324, 0.0, 1.0, 0.501479456977, -1.0, 0.0, 1.0, 0.802867286617, 2.92940179089, 2.0, 0.160817566757, -0.145467143731, 3.0, -1.0, -1.0, 2.95497270824, -0.243554691513, -1.0, -1.0, 1.78796516129, 2.12064180694, 2.0, 2.28997486757, 1.0, -0.779827968815, 2.0, 1.47708541081, -1.0, -1.0, 0.0, -1.0, 0.0, 0.0, -1.0, 2.0, 0.0, 1.67319699769, -0.568144534902, 0.0, 2.0, 2.0, 0.188501444442, 3.0, 0.461448259545, 0.0, -0.680131265439, 2.54802215611, 2.17475143128, -0.638657930343, 0.0, 92766.0, 536.0, 99512.0
-1.0, -0.223912127564, 2.27083844278, 0.0, -0.612866281034, 3.0, 3.0, 1.62313705978, 2.0, 1.84995631252, -0.967121933573, 2.69822290749, 1.89632942082, 1.0, 2.99919354286, 1.0, -1.0, 1.46674880803, -0.493555213736, 2.05414591458, 0.0271179097184, -0.000783709506235, -1.0, 0.0, -1.0, 0.0, 0.0, -0.946889474661, -0.948402474966, 3.0, -0.869112695938, 0.445178396056, 0.824317625349, 0.629424876254, 1.01216873187, 1.0, -1.0, -0.187550882722, 2.25408304653, 2.0, 0.0, 2.72675728612, 0.213843209226, 2.0, 0.52805314464, 2.0, 2.41887807522, 0.0, -0.238473975291, 0.336436271966, 92719.0, 559.0, 99490.0
-1.0, -0.223912127564, 2.27083844278, 0.0, -1.0, 2.9386159053, 3.0, -0.566739961064, 2.0, 0.0, -0.73999223977, 2.0, 2.09899778493, 1.0, 2.99556480692, 1.0, -1.0, 0.122414512407, -0.493555213736, 2.05414591458, -0.213325105727, 0.369048193432, -1.0, 0.0, -0.779827968815, 0.0, 0.0, -0.946889474661, -1.0, 3.0, -0.869112695938, 1.0, 1.0, 0.182568163664, 0.0, 1.0, -1.0, -1.0, 2.25408304653, 2.0, -0.12297581782, 1.0, 0.0364071612306, 2.0, 0.52805314464, 0.605287531279, 3.0, 0.0, -0.990374832175, 0.0, 92804.0, 514.0, 99519.0
-1.0, -0.70979897035, -0.588760245207, 0.94654580075, 2.9798587304, 0.892061765044, -1.0, -0.717205571609, 1.0, 2.36443594793, -1.0, -1.0, -0.63051474552, 2.8095550019, 2.0, 2.1753226373, 2.41757868173, -1.0, -0.246405988944, 2.0, -1.0, 2.852946354, 0.975784969313, 0.0, -0.648388980804, -0.613478287247, 2.87315967783, -0.619967065912, -0.510764981215, 2.24671484984, 1.85725898885, 0.0, -1.0, 1.0, -0.281450640895, -0.370469735795, -1.0, -1.0, -1.0, 0.441177999174, 2.75114702, 2.0, 2.0, -0.976904067419, 2.0, 0.257087588809, 0.0, -0.0578694128676, -1.0, 0.0, 94368.0, 414.0, 99603.0
-1.0, 0.0, -0.602728257578, 1.0, 2.0, 2.40342134434, -1.0, 2.1492338097, 1.0, 2.62536268282, -1.0, 2.39683844818, -0.677483486803, 2.45102365332, 2.8673732766, 3.0, 1.57664119354, -1.0, 3.0, 2.55456828664, -0.649192054775, 2.0, 0.0, -0.578086177121, -1.0, 0.382483875801, 1.97549785871, -0.619967065912, 0.0867051807398, -0.586349646881, -0.869112695938, 0.0, 1.10795599087, 0.629424876254, 0.593151297397, -0.207109114006, -1.0, -1.0, -0.258417152863, 0.484562475749, -0.468613684058, 2.0, 2.0, 0.0, 0.52805314464, 0.257087588809, 0.0, 0.36606940544, 2.35289735401, 0.0, 93383.0, 496.0, 99536.0
3.0, -1.0, 1.0, 0.0, -0.610745909865, -0.555399175518, 0.0, 1.0, 1.0, 1.0, -0.722938894905, 1.0, -0.99577605913, 0.907242597971, -1.0, -0.797096432789, 0.253053081176, -0.778805441036, 2.0, 1.0, 1.4427122501, 0.67928928085, -0.869462588886, 0.68767513818, -1.0, 0.720512011869, 1.0, -0.649997328348, -1.0, 1.0, 0.215650270984, -0.796112557097, 0.339894075858, 2.98380216712, 2.38552729276, 2.50690803233, 0.914987196141, -0.596834073637, 0.450926613073, -0.497907880582, 2.0, 1.33064703322, 0.289717015903, -0.600587063509, 0.973191668484, 1.86925028374, 0.0, 3.0, -1.0, 2.1838010848, 93458.0, 483.0, 99553.0
-1.0, -0.481943048106, -0.588760245207, 1.24507653637, 2.1497588872, 2.41013558773, -1.0, 2.0, -0.56044540602, -0.494384991375, -1.0, 1.71970114086, -0.963169954381, 3.0, 2.77031340374, 3.0, 2.41757868173, -1.0, 3.0, 2.20085000225, -0.300382159218, 2.0, 0.0, 0.168612887298, -1.0, 0.0717274870109, -0.525720885048, -0.946889474661, -1.0, -0.586349646881, -0.434066991059, -0.630187686606, 0.105432921948, 0.629424876254, 0.593151297397, -0.370469735795, -1.0, -1.0, -0.728442539771, 1.0, -0.468613684058, -0.0234986181605, 0.0364071612306, -0.989282990894, 2.0, 1.90594213956, 0.0, 0.434857605615, 0.0, 0.0, 93575.0, 464.0, 99574.0
-0.53427827812, -1.0, 0.0, 1.28475901425, 2.0, 2.56573983545, -1.0, 0.154158071564, 0.557447981835, 2.54832958812, 0.995801571569, 0.996316279983, 1.0, -1.0, 2.0, 2.41276637791, 1.0, 1.46674880803, 1.0, -0.291842286627, -0.437239288222, 2.54616475664, -0.662961548163, 1.56684573365, -0.655107310783, -0.956793461469, -1.0, -0.621078431692, -0.755122868409, 3.0, 1.0, 2.0, 1.0, 0.0, 3.0, -0.2050414038, -0.534916264777, -0.856896444159, 0.757801818052, 0.0, -0.573925747758, 0.0, 3.0, -0.542645599638, -0.0181589154633, -0.536854391851, 2.221098542, 3.0, 2.15202316247, 0.0, 93556.0, 487.0, 99532.0
-1.0, -0.696901651618, -0.729679678435, 1.0, 2.0, 1.0, -1.0, 2.44734333768, 1.0, -1.0, 0.375485916988, 2.39683844818, 2.0, 3.0, 1.97201307756, 3.0, 0.407055516707, -1.0, 2.14872872005, 0.0, -1.0, 0.129615337863, 0.0, 0.0, -1.0, 0.773803360752, -0.678705265399, -0.619967065912, -0.633184645001, 2.24671484984, 2.30910165404, -0.419452822892, -1.0, 2.3932688721, 0.593151297397, -0.370469735795, -0.525019296243, -1.0, -1.0, 0.0167950501766, 1.0, 0.769529145955, 2.0, 0.0, 2.0, 0.257087588809, 0.0, 1.28074291452, -0.778576984058, 0.0, 93444.0, 473.0, 99562.0
3.0, -1.0, 0.781566776943, -0.17228696578, -0.177088019567, 1.0, 0.0, -0.0515965197898, 1.0, 1.94515045064, 3.0, 1.0, 1.0, 1.0, 1.56570925943, -1.0, -0.0674851903868, -0.281923409296, 2.0, 1.0, 2.86639512789, -0.528816467705, 0.0, 0.368587334467, -1.0, 2.0, 2.0, -1.0, -1.0, 0.0358871833441, 0.335498850298, 2.56895893287, 0.0402535441639, 0.0, 3.0, 0.639484922645, -1.0, -0.569808081085, 3.0, 1.0, 2.0, 1.09918414975, 0.0, 2.34602751897, 1.0, 0.0, -0.144918134565, 1.0, -0.123581582582, -0.368616383025, 91928.0, 598.0, 99459.0
2.0, -0.223912127564, 1.0, 2.83859053482, 0.264628995109, 2.31723718151, 1.0624207731, 0.482559256233, -0.202468313746, 0.0, 1.21835333166, -0.871942239648, 2.0, 1.0, -0.856892813946, 1.0, 0.123424637948, 0.122414512407, -0.354123913878, 2.53811799856, 1.0, 2.0, 0.975784969313, 0.0, -1.0, 1.0, 0.0, -1.0, 0.0, 0.0, -0.869112695938, 0.0, -1.0, 2.63196762891, 0.296322152941, 0.0, -1.0, 0.977347276711, 0.427093807353, -0.752391869657, -0.802059326596, 1.0, 0.0, 1.0, -0.123884918274, 0.0, 0.0, 1.36548446145, 1.0, 0.978859774524, 91721.0, 595.0, 99485.0
2.0, 2.93467990122, 1.94564318754, 3.0, 0.0, 2.0, 1.0624207731, 2.06207561008, 1.88960430087, 0.421352435317, 2.0, 0.0, 2.0, 1.0, 2.0, 1.0, 1.70709415901, -1.0, 1.35211111367, 1.94261848549, 1.0, 1.71711220599, 1.0, 0.0, 2.0, 1.0, -0.0203037905691, -1.0, -0.221725951977, 0.88756634721, -0.675169590332, -0.0750988637281, 1.43950782046, 2.83329197531, -0.986098050505, 0.0, -1.0, 0.977347276711, 0.427093807353, 0.0, -0.835143227509, 0.363068812456, 0.215126626721, 1.0, -0.123884918274, 0.0, 0.0, 1.28586625283, 1.0, 0.983879261002, 91706.0, 627.0, 99443.0
-1.0, -1.0, 0.0, 2.98928665954, 2.0, 2.0, -1.0, 0.154158071564, 0.557447981835, 2.54832958812, 3.0, 0.996316279983, 1.0, -1.0, 2.0, 2.41276637791, 1.0, 1.46674880803, 0.780377804154, -0.54430671408, -0.612647749165, 2.31061073632, -0.662961548163, 1.56684573365, -0.655107310783, -0.956793461469, 2.3162324393, -0.621078431692, -0.755122868409, 3.0, 1.0, 2.0, 1.0, 0.0, 3.0, 1.67955199049, -0.546927722972, -0.856896444159, -0.675602994092, 0.106912554904, -0.573925747758, 0.0, 3.0, -0.542645599638, -0.0181589154633, 2.66196901367, 2.221098542, 3.0, 1.21366618445, 0.0, 94218.0, 469.0, 99548.0
-1.0, 0.0992588030119, 0.28998917966, 0.0420179135131, 2.0, 1.9628698526, -1.0, 2.0, -0.0835827777548, -1.0, 1.21835333166, 2.39683844818, 2.49222171029, 3.0, 2.83304804617, 3.0, 2.42752478086, 0.8546318917, 3.0, 2.61156652415, -1.0, 1.25670381579, 0.0, 0.0, -1.0, -0.855942919016, -0.140325170757, -0.619967065912, 0.0867051807398, 2.24671484984, 1.0, 0.0, 0.857967993029, 1.0, 0.593151297397, -0.370469735795, -0.820862749639, -1.0, 1.281720185, 1.0, 1.0, 2.0, 2.0, 0.0, 0.214654772677, -0.438142058213, 0.278066767474, 2.11596666652, -0.0365479250448, -0.427227377769, 92248.0, 581.0, 99477.0
3.0, -1.0, 0.781566776943, -0.17228696578, 2.0, 1.0, 0.0, -0.0515965197898, -0.454841874376, 1.0, 3.0, 1.0, 1.0, 1.0, 1.56570925943, -1.0, -0.0674851903868, -0.281923409296, 2.0, 1.0, 1.80929056534, 0.832590007523, -0.491342892995, 0.0, -1.0, 2.0, 0.173573707621, -1.0, -1.0, 0.0358871833441, 0.904978365525, 2.56895893287, -1.0, 0.0, 0.380396643065, 0.0, -1.0, 2.16310763702, 3.0, 1.0, 2.0, 1.0, 1.02050548566, 2.34602751897, 1.0, -0.863542729602, 0.0, 1.0, -0.00891786535603, 0.818434537112, 91777.0, 602.0, 99461.0
-0.745097164703, -0.235956729814, 1.84872252047, 1.24507653637, -1.0, 0.865855916533, 3.0, -0.193727762167, 2.07999949004, -0.429669530806, 0.982712361745, 2.0, -0.684119028778, 1.0, 2.99556480692, 0.114478533881, 0.753858219668, -1.0, -0.493555213736, 2.20085000225, 0.0, 0.0, 2.60943318984, 0.0, 0.928444469458, 1.28976460313, 0.0, 0.157891476503, -1.0, 1.26465789473, -0.812255122457, 1.0, 2.88408277238, 2.44441085814, -0.0662718865212, 1.0, 2.80170242188, -1.0, 2.71587994889, 2.0, 0.0, 0.250421021639, 0.0364071612306, 2.95042481893, 0.52805314464, 2.0, 3.0, 0.0, -0.436538129593, 0.169134924566, 91836.0, 619.0, 99446.0
-1.0, -0.439759571609, 0.814085757228, 0.0, 2.93727087617, 1.0, 0.0, 2.0, -0.370642962601, 2.61178594304, 3.0, 0.82777319419, 1.0, 1.0, -0.49812143543, -0.0309690620132, -0.0674851903868, -0.281923409296, 2.80129009207, 1.0, 0.414449436488, 0.832590007523, 0.0, 2.84570058025, -1.0, 2.0, 2.0, -1.0, -1.0, 1.62627750307, 1.0, 3.0, 1.0, -0.438733870236, 3.0, 0.39951718699, -0.354836351737, 2.0, 3.0, 0.443238536534, 2.0, 1.09918414975, 0.0, 2.34602751897, 1.0, 0.0, 0.0, 1.22988945156, 0.0, -0.368616383025, 91599.0, 659.0, 99427.0
-1.0, -0.82367549841, 2.17177945099, 0.0, -1.0, 3.0, 3.0, 1.0, 2.0, 0.0, 0.366978366798, 2.0, 2.4501721699, 1.0, 2.99556480692, 1.0, -1.0, 1.18145246699, -0.493555213736, -0.716522446681, 0.0, -0.000783709506235, -1.0, 0.0, -0.779827968815, 0.0, -0.00135848611211, -1.0, -1.0, 3.0, -0.869112695938, 1.01342459643, 1.0, 0.629424876254, 2.38552729276, 1.0, -1.0, -1.0, 2.25408304653, 2.0, -0.278220108265, 1.0, 0.0364071612306, 2.0, 0.52805314464, 1.88800571506, 3.0, 0.0, -0.976485027334, 0.0, 92818.0, 521.0, 99508.0
3.0, -1.0, 0.781566776943, -0.132784137777, 0.264628995109, 0.285079718455, 0.0, -0.0515965197898, 1.0, 0.414751363226, 3.0, 1.0, 1.0, 1.0, 1.56570925943, -1.0, -0.658222355126, -0.281923409296, 2.0, -0.314303789956, 1.80929056534, 0.832590007523, 0.754088133472, 0.368587334467, -1.0, 2.0, 2.0, -0.946889474661, -1.0, -0.816909696084, -0.774629659999, 1.97170867518, 0.620180632811, 0.0, -0.061152534933, 0.0, -1.0, 2.0, 3.0, 1.0, -1.0, 1.09918414975, 0.0, 2.34602751897, 1.0, 0.0, 0.0, 0.299537433289, -1.0, -0.368616383025, 92085.0, 556.0, 99492.0
-0.900010692535, -1.0, 2.85294218096, 1.0, 1.99533341709, 0.0, 1.0, -0.946398154908, -0.474049756881, 0.88883761823, 0.979456197081, -0.0727560155518, -0.58510360331, -1.0, -0.0172616533027, 1.0, 0.0, -0.750194304438, 0.371017390438, -1.0, -1.0, 3.0, 0.236488727711, 0.45939632002, -0.761294525243, 3.0, 1.0, -0.68332195066, 0.825602360488, 0.0, 1.0, 2.02475107902, -0.139251048893, 1.47574024027, 1.00250671171, 1.0, -1.0, 3.0, 0.82886645046, 2.0, -0.533922278151, 1.22520005193, -0.359425329325, 2.15797978944, -0.755396327293, 0.822100116043, 2.0, -1.0, 1.38749529479, 2.99135194007, 93059.0, 510.0, 99538.0
-1.0, 0.212362247133, 2.55360042824, 0.94654580075, 2.9798587304, 0.892061765044, -1.0, 2.23399561496, 1.0, -1.0, -1.0, 0.852544925321, -0.63051474552, 2.33914630363, 2.0, 2.1753226373, 2.41757868173, -1.0, -0.246405988944, 2.0, -1.0, 2.852946354, 2.45968041902, 0.0, -0.648388980804, -0.587943705659, 2.61465787827, -0.619967065912, -0.510764981215, 2.24671484984, 1.85725898885, 0.0, -1.0, 1.0, 2.75995348746, 0.578521630843, -1.0, 1.40401288825, -1.0, 0.441177999174, 2.75114702, 2.0, 2.0, -0.976904067419, 2.0, 0.257087588809, 0.0, 1.28074291452, 1.0323994739, 0.0, 93866.0, 485.0, 99545.0
2.0, -0.223912127564, 1.0, 2.98928665954, 0.264628995109, 2.31723718151, 1.0624207731, 0.482559256233, -0.202468313746, 0.0, 2.0, 0.799297436434, -0.903311359012, 0.813107407876, -1.0, 2.17630254536, 1.11438510871, 0.122414512407, -0.20606074655, 2.53811799856, -0.806244101211, 2.0, 0.975784969313, 0.0, -1.0, 1.0, 0.0, -1.0, 0.0, 0.0, -0.869112695938, 1.96835958385, -1.0, 2.82095871611, 1.67553486637, 0.0, -1.0, 0.977347276711, 0.536322590504, -0.752391869657, 1.13711711261, 1.0, 0.0, 1.0, -0.551641105963, 0.0, 0.0, 1.14533980395, 1.0, 0.978859774524, 92224.0, 581.0, 99489.0
-0.53427827812, -1.0, 0.0, 2.83859053482, 2.55157706941, 2.56573983545, -1.0, 0.154158071564, 0.557447981835, 2.54832958812, 0.995801571569, 0.996316279983, 1.0, -1.0, 2.0, 2.41276637791, 1.0, 1.46674880803, 1.0, -0.291842286627, -0.612647749165, 2.31061073632, -0.71234532671, 0.94581249586, -0.655107310783, -0.956793461469, 2.3162324393, -0.963798214359, -0.755122868409, 3.0, 1.0, 2.0, 1.0, 0.0, 3.0, 1.67955199049, -0.534916264777, -0.878050025096, -0.675602994092, 0.0, -0.573925747758, 0.0, 3.0, -0.542645599638, -0.0181589154633, 2.66196901367, 2.221098542, 3.0, 1.21366618445, 0.0, 94026.0, 480.0, 99541.0
3.0, -1.0, 1.36713793761, 0.0, 2.0, 1.0, 0.0, 1.0, 1.0, 1.0, 3.0, 0.82777319419, 1.0, 0.0924245689436, -1.0, -0.0309690620132, -0.0674851903868, -0.281923409296, 2.9444883487, 1.0, 0.414449436488, -0.536887245065, 2.0, 2.84570058025, -1.0, 2.23736640224, 2.0, -1.0, -1.0, 1.62627750307, 1.0, 3.0, 1.0, 0.0, 3.0, 0.39951718699, -1.0, 0.719607017067, 0.427093807353, 1.0, 2.0, 1.09918414975, 0.0, 2.34602751897, 1.0, 0.0, 0.0, 2.46565914326, 0.0, -0.368616383025, 91922.0, 614.0, 99450.0
0.362033245194, 2.93467990122, 1.0, 3.0, 0.0, 2.0, 1.0624207731, 1.0, 1.88960430087, 0.0, 2.0, 0.0, 2.0, 1.0, 2.0, 1.0, 2.02276555597, -1.0, 1.35211111367, 1.94261848549, -0.234444654711, 1.22362370791, 0.0, 0.0, 2.0, 1.0, 0.110936649348, 0.872481047525, 0.0, 0.0, -0.492475072474, -0.0750988637281, 1.43950782046, 2.83329197531, -0.341046530041, 0.0, -1.0, -0.35522780589, 3.0, 0.0, -0.664907078303, 0.363068812456, 1.18355316089, 1.0, -0.123884918274, 0.0, 0.0, 1.28586625283, 1.0, 0.983879261002, 91045.0, 679.0, 99415.0
-1.0, -1.0, 0.114612425507, -0.64622767135, 1.0, -0.671237394938, -1.0, 0.0, 1.0, -1.0, -0.968348871967, -1.0, -0.717231212348, 1.74640833227, 0.280861043149, -1.0, 0.0, -1.0, 1.0, 3.0, -1.0, -0.800204966654, -0.556984651507, -1.0, 0.834278369717, 2.95482932081, -1.0, -1.0, 3.0, 1.46184964785, -0.452015559132, 2.46774592366, -0.426067936127, -0.749828902404, -0.281450640895, 0.472472801012, -1.0, 2.03139607853, 0.0, 2.0, 0.551388143525, -0.817690751154, 0.275371232426, 0.297151355117, 2.46184947986, 0.799577381259, 2.0, 0.0, -1.0, 1.58345426531, 94566.0, 400.0, 99652.0
-1.0, 2.96877489271, -0.588760245207, 0.94654580075, 2.9798587304, 0.892061765044, -1.0, 2.23399561496, 1.0, -1.0, -0.0151555808034, 0.852544925321, -0.63051474552, 2.33914630363, 2.0, 2.1753226373, 2.41757868173, -1.0, -0.246405988944, 2.0, -1.0, 2.852946354, 0.975784969313, 0.0, -0.648388980804, -0.587943705659, 2.87315967783, -0.619967065912, -0.510764981215, 2.24671484984, 1.85725898885, 0.0, -1.0, 1.0, -0.281450640895, -0.370469735795, -1.0, -1.0, -1.0, 0.441177999174, 2.75114702, 2.0, 2.0, -0.976904067419, 2.0, 0.257087588809, 0.0, -0.0578694128676, 0.0, 0.0, 93537.0, 473.0, 99552.0
-1.0, -1.0, 0.864915766536, -0.64622767135, -1.0, 0.682531470723, -1.0, -0.97324186105, 1.58430679422, -1.0, -0.394390796805, -1.0, 1.0, 2.37080792176, -0.606932143117, -1.0, 0.200112113212, -0.659475342577, -1.0, 3.0, -1.0, -0.664047773702, 0.0, -1.0, -1.0, 2.0, -1.0, -1.0, 1.52873098349, -0.133563224058, 0.207659812184, 2.47123715011, 2.47873298819, 1.5536354921, 0.729554786402, 2.0, -1.0, 1.12489038364, -0.0300234649115, 2.68028001579, -0.0586012641577, -0.669807254725, 0.961690366688, 1.33497766382, 3.0, 3.0, 1.39199114787, 1.76627373041, -1.0, 1.56181544172, 95158.0, 401.0, 99646.0
-1.0, -0.439759571609, 0.814085757228, 0.867842701399, 2.93727087617, 0.312838745049, 0.0, -0.343308964508, 1.0, 2.35524130473, 3.0, 0.82777319419, 1.0, 1.0, -0.766579088273, -0.0309690620132, -0.0674851903868, -0.281923409296, 2.80129009207, 1.0, 0.414449436488, 0.832590007523, 0.0, 2.84570058025, -1.0, 2.0, 2.42413233216, -1.0, -1.0, 1.62627750307, 1.0, 3.0, 1.0, 2.77614170501, -0.977265083862, 0.39951718699, -1.0, 2.0, 3.0, 0.443238536534, 2.0, 0.727533178081, 0.0, 2.34602751897, 1.0, -0.264266827672, 0.0, 1.23574704662, 0.0, -0.368616383025, 91944.0, 612.0, 99452.0
-1.0, -0.223912127564, 2.27083844278, 0.0, -1.0, 3.0, 3.0, 1.32080653131, 2.0, 1.30977903729, 0.124714108072, 2.27308337364, 1.89632942082, 0.377351070722, 2.0, 1.0, 0.580652576702, 0.122414512407, -0.493555213736, 2.88287667474, 0.0, -0.000783709506235, -1.0, 0.0, -0.779827968815, 2.80210957871, 0.0, -0.946889474661, 2.14645837778, 3.0, -0.869112695938, 0.0, 0.824317625349, 0.629424876254, 0.0, 2.11152686262, -1.0, -1.0, 2.94804580939, 2.0, 0.0, 2.72675728612, 1.50148992594, 2.05422786542, 0.52805314464, 2.96711649826, 2.43111512754, 0.0, 1.83668624709, 0.0, 92423.0, 593.0, 99464.0
-1.0, -0.481943048106, -0.588760245207, 1.24507653637, 2.1497588872, 2.41013558773, -1.0, 2.0, -0.56044540602, -0.494384991375, -1.0, 0.79798542989, -0.963169954381, 3.0, 1.21891484543, 3.0, 2.41757868173, -1.0, 3.0, 2.20085000225, -0.218439649966, 2.0, 0.0, 0.168612887298, -1.0, 0.0717274870109, 2.0, -0.946889474661, -1.0, -0.586349646881, -0.434066991059, -0.630187686606, 0.105432921948, 0.629424876254, 0.593151297397, -0.370469735795, -1.0, -1.0, -0.728442539771, 1.0, -0.468613684058, 1.24546062681, 0.0364071612306, -0.989282990894, 2.0, 1.94104330664, 0.0, 0.434857605615, 0.0, 0.0, 93352.0, 475.0, 99560.0
0.499590375123, -1.0, 2.55360042824, 0.94654580075, 2.9798587304, 0.892061765044, -0.505730660243, 0.118750459689, 1.0, -1.0, -1.0, 0.852544925321, -0.63051474552, 2.33914630363, 2.0, 2.1753226373, 2.41757868173, -1.0, -0.246405988944, 2.0, 0.174111032917, 2.852946354, 2.79957595787, 0.0, -0.648388980804, -0.587943705659, 2.61465787827, -0.619967065912, -0.510764981215, 2.24671484984, 1.85725898885, 0.0, -1.0, 1.0, 2.75995348746, 0.578521630843, -1.0, -1.0, 0.489040920728, 0.184967307805, 2.75114702, 2.0, 2.0, -0.151742915051, 2.0, 0.257087588809, -0.9114521071, 1.28074291452, 0.0, 0.0, 93323.0, 513.0, 99521.0
2.08228717206, 0.212362247133, 1.41361126974, 2.30926012799, 2.85658564052, 0.527431812545, 0.700945957131, 2.23399561496, 0.919607651, -0.0301719274501, 1.91739655062, 1.48450996211, -1.0, 1.0, 2.0, 0.468214582566, 0.106634961324, 2.12896240225, -0.127569457706, 1.0, -0.665160560776, 0.745241308898, 2.0, 2.57501891733, -0.800552730714, 2.0, 0.901410698829, 2.0, -1.0, 0.730556544843, 0.778186206751, 3.0, 0.52979890548, 0.0, 0.296322152941, 1.55736624035, -1.0, 0.419970394472, 3.0, 0.862801801672, -0.914415255089, 3.0, 0.838524062201, 1.13457777538, 0.120744145076, -0.633006907371, -0.0577908904137, 0.905958782324, 2.78452513767, 0.0, 92183.0, 616.0, 99443.0
-0.861341209712, -1.0, 0.864915766536, -0.64622767135, -1.0, 0.682531470723, -1.0, -0.97324186105, 1.58430679422, -1.0, -0.975600688306, 0.102725843481, 1.0, 2.37080792176, 1.60216140024, -1.0, -0.137966248348, -0.719055655778, -1.0, 1.04842448223, -1.0, -0.664047773702, 0.0, -1.0, -1.0, -0.956793461469, -1.0, -1.0, 1.59518428738, 0.0, 0.207659812184, 2.47123715011, 1.19263540681, 1.5536354921, 0.729554786402, 2.17662986215, -1.0, 1.12489038364, -0.0300234649115, 2.84692094441, -1.0, -0.738601955037, 0.961690366688, 1.33497766382, 3.0, 3.0, -0.818897234467, 1.76627373041, 2.20232547208, 1.56181544172, 95141.0, 382.0, 99649.0
-1.0, -0.831993162895, -0.571345694267, 2.95976997144, 2.93727087617, 1.0, 0.0, 2.0, 1.0, -0.0263201199457, 1.68039123557, 2.39683844818, 0.150931143099, 3.0, 2.0, 2.65046150152, 2.41757868173, -1.0, 2.66187181191, 2.74673190629, -1.0, -0.536887245065, 1.20066242236, 0.0887927177442, -1.0, -0.587943705659, 2.0, -0.550803522689, -0.51466212391, -0.442156758603, 1.85725898885, 0.0, 1.0, 1.0, 0.593151297397, 1.60668651363, -1.0, 2.56229421383, 2.76750263546, 1.0, 2.98977372662, 2.96550652261, 1.18669842916, 0.478738977992, -0.123884918274, 0.257087588809, 0.0, 1.5987749714, 2.77957847015, 0.0, 93390.0, 546.0, 99495.0
2.0, -0.223912127564, 2.10344903973, 2.83859053482, 0.264628995109, 2.31723718151, 1.0624207731, 0.482559256233, -0.202468313746, 0.0, 2.0, 0.0, 2.0, 1.0, 2.0, 2.19633058259, 0.123424637948, 0.122414512407, 2.714672061, 2.53811799856, 1.0, 2.0, 0.975784969313, -0.0290110302835, -0.0148235560166, 1.0, 0.0, -1.0, 0.0, 0.0, -0.881870154502, 0.0, -1.0, 2.63196762891, 0.274987871187, -0.49916877643, -1.0, 0.977347276711, 0.427093807353, -0.752391869657, -0.951658692089, 1.0, 0.0, 1.0, -0.123884918274, 0.0, 0.0, 1.0, 2.32922781006, 1.09294638011, 91395.0, 636.0, 99447.0
2.0, 2.93467990122, 1.0, 3.0, 0.968674690373, -0.109895564768, -0.74223145116, 3.0, 1.88960430087, 0.0, 2.0, 1.0, 1.99798885696, 1.39316534022, 2.0, 1.0, 3.0, -1.0, 1.35211111367, 1.94261848549, 1.0, 2.0, 0.270221657343, 2.953173525, 2.0, 1.0, 0.110936649348, -1.0, -0.761836756738, 0.0, -0.492475072474, -0.103518349775, 1.43950782046, 2.83329197531, -0.205293282478, 0.0, -1.0, 0.977347276711, 0.427093807353, 0.0, -0.802059326596, 0.363068812456, 0.0, 1.0, -0.123884918274, 0.621250030894, 0.0, 1.93360576476, 1.0, 0.983879261002, 91766.0, 625.0, 99437.0
-1.0, -0.544314291844, -0.588760245207, 0.467353803952, 1.32608342666, 0.274844972704, -1.0, 2.0, 1.0, -1.0, -1.0, 2.39683844818, -0.977400372972, -1.0, 2.0, -0.85250420055, 2.41757868173, -1.0, -0.20555312107, 2.3851433174, -1.0, 2.0, 0.0, 0.0, -1.0, -0.955947183085, 2.0, -0.984569502125, 0.0867051807398, 2.24671484984, -0.577560283224, -0.630187686606, -1.0, 1.87107346823, 0.593151297397, -0.370469735795, -1.0, -1.0, -1.0, 1.0, 1.0, 2.0, 2.13088190111, 0.0, -0.244374560342, 0.257087588809, -0.934195268208, 1.74069617716, 0.0, 0.477664879126, 94194.0, 405.0, 99617.0
-1.0, 0.0, -0.602728257578, 1.0, 2.0, 2.81747516108, -1.0, 2.1492338097, 1.0, 1.32189122298, -1.0, 2.39683844818, -0.677483486803, 2.45102365332, 2.0, 3.0, 1.52705949005, -1.0, 2.80467517182, 2.55456828664, -0.649192054775, 2.0, 0.0, 0.0, -1.0, 0.382483875801, 1.97549785871, -0.619967065912, 0.0867051807398, -0.702395072659, -0.552187165816, 0.0, 1.10795599087, 1.87107346823, 0.593151297397, -0.207109114006, -1.0, -1.0, 0.0997092292221, 1.0, -0.639705403594, 2.0, 2.0, 0.0, 0.120744145076, 0.257087588809, 0.0, 0.434857605615, 2.35289735401, 0.0, 93134.0, 498.0, 99525.0
-1.0, -0.968765758174, 2.27083844278, 0.0, -1.0, 2.9386159053, 3.0, -0.566739961064, 2.0, 0.408297884224, -0.73999223977, 2.0, 2.09899778493, 1.0, 2.99556480692, 1.0, -1.0, 0.122414512407, -0.493555213736, 2.05414591458, -0.213325105727, 0.369048193432, -1.0, 0.0, -0.779827968815, 0.0, 0.0, 1.44570538348, -1.0, 3.0, -0.869112695938, -0.649222611428, 1.0, 0.182568163664, 1.06227030667, 1.0, -1.0, -1.0, 2.25408304653, 2.0, -0.12297581782, 1.0, 0.0364071612306, 2.0, 0.52805314464, 0.605287531279, 3.0, 0.0, -0.990374832175, 0.0, 93090.0, 507.0, 99532.0
2.49956577269, -0.70979897035, -0.588760245207, 0.94654580075, 2.9798587304, 2.93172380823, -1.0, -0.899613515599, 0.838373167376, 2.36443594793, -1.0, 1.46823209053, -0.63051474552, 2.8095550019, 2.0, 2.1753226373, 2.41757868173, -1.0, -0.246405988944, 2.0, -0.637478759837, 2.852946354, 0.975784969313, 0.0, -0.648388980804, -0.613478287247, 2.92371177808, -0.619967065912, -0.510764981215, 2.24671484984, 1.85725898885, 0.0, -1.0, 1.0, -0.281450640895, 0.358888574273, -1.0, -1.0, -1.0, 0.441177999174, 2.75114702, 2.08615323976, 2.0, -0.976904067419, 2.0, 0.257087588809, 0.0, -0.0578694128676, -1.0, 0.0, 94128.0, 443.0, 99574.0
0.685019012848, -1.0, 0.781566776943, -0.132784137777, 0.9441748178, 0.285079718455, 0.0, -0.0515965197898, 1.0, 1.0, 2.31550156316, 1.0, 1.0, 1.0, 1.56570925943, -1.0, -0.592532649581, -0.281923409296, 2.0, -0.314303789956, 1.80929056534, 0.832590007523, 1.03458460702, 0.368587334467, -1.0, -0.398061892947, 0.0, -1.0, -1.0, -0.827759050507, -0.774629659999, 2.56895893287, 0.620180632811, 0.0, -0.061152534933, -0.454480613013, -1.0, 2.0, 3.0, 1.0, -1.0, 1.09918414975, -0.879769019235, 2.43003364028, 1.0, 0.0, -0.893628690212, 1.0, -1.0, 0.0, 92532.0, 536.0, 99519.0
-1.0, -0.815968415777, -0.282809273664, 1.58650406442, 2.0, 1.68905360133, -1.0, 1.0, 0.557447981835, -0.334108259331, 2.44397828478, 0.996316279983, 1.0, -0.545258358664, 2.18473953472, 1.57724878536, -0.0738522305363, -0.101081452904, -1.0, -0.54430671408, -0.644145174629, -0.701091712523, -0.843507266928, 1.56684573365, -0.527249020894, -0.956793461469, 2.6348276339, -0.728553796491, -0.755122868409, 3.0, 1.0, 2.0, 1.0, 0.0, 3.0, 1.67955199049, -0.534916264777, -0.856896444159, -0.675602994092, 0.0, -0.573925747758, 0.0, 3.0, -0.542645599638, -0.0181589154633, 2.66196901367, 2.221098542, 3.0, -0.652984937444, -0.450790912329, 94407.0, 427.0, 99582.0
0.187594730191, -0.831993162895, 1.32310747447, 1.0, 0.935645785921, 1.04023923102, -1.0, 2.81687357442, 0.606179995962, -0.0263201199457, 2.78053653362, 2.39683844818, -0.712867980345, 0.117642927358, 2.0, 2.90074472843, 2.60889570043, -1.0, 2.59640203011, -0.306617235961, -1.0, 2.82420230866, -0.866333018666, 0.91402498, -1.0, -0.587943705659, 2.0, -0.619967065912, -0.610929937536, 2.62288765892, 0.74183311993, 0.0, 1.16096648721, 0.228087275543, 0.646234785802, 2.2630682871, -1.0, 2.91755385164, -1.0, 1.0, 2.98977372662, 0.0, 1.1674422389, 0.478738977992, 2.0, -0.833514714431, -0.308996775462, 1.92071285959, 0.495473993722, 0.0, 93216.0, 516.0, 99509.0
