3.33390979851, 1.1596146065, 1.03352124515, 1.07210852563, 2.32041068898, 0.895806887719, 1.55896123791, 1.14723019646, 0.914623403513, 3.55156969821, 4.33907346561, 1.19480132941, 1.47661092845, 0.829134878622, 0.8797556029, 1.40099937931, 1.00294101064, 1.05792345724, 8.40666804116, 0.943550411528, 0.969443320456, 150.099905424, 0.878864880353, 5.61813201977, 1.12357935248, 5.40805125558, 1.03975602714, 1631.20961533, 37.5109775318, 5901.54700636, 1.07238605898
5.35096482634, 1.14385298409, 1.11089559537, 0.896930334014, 2.02136258737, 0.915231129085, 1.10270273874, 1.25579338024, 0.901849564596, 1.80099777669, 5.9600141311, 1.10850661119, 2.55412058891, 0.939944226222, 0.932791647616, 1.02787594204, 1.07398472415, 1.04489219429, 6.22368409134, 1.11235471486, 0.991679684335, 40.1010782855, 1.07587444797, 4.49138859851, 1.01621032676, 2.23801309418, 1.19758441699, 1019.72043697, 39.2179993889, 6006.66452749, 0.536193029491
3.39191414907, 1.31887925722, 1.27390365864, 1.01059549438, 2.54882733015, 1.03456909368, 1.67389298132, 0.970732901717, 1.08066179697, 2.69544425475, 4.01232548565, 0.922146246566, 3.34339665675, 1.0100424911, 1.00103427355, 1.43955358804, 1.0518670007, 0.903897485922, 8.20754858738, 1.00800538087, 0.888863897103, 59.1231706776, 0.842766168588, 5.42339669552, 1.13057413988, 4.82999626752, 0.949093858527, 1842.71569558, 37.0507891711, 18922.3518902, 0.268096514745
2.62240686507, 1.33119051807, 1.47144464377, 1.02481375533, 2.12494997243, 1.07430786577, 1.6705534917, 1.23452756375, 1.02225579962, 4.11838123574, 2.15473142711, 1.03241062129, 2.60635749309, 0.961186122732, 0.95889953399, 1.05729598824, 1.07181202393, 0.872667256603, 8.66426961209, 1.13070142172, 0.853816755341, 276.098292212, 0.868372851247, 1.59005966175, 1.06793159251, 3.22520766576, 1.00616722613, 1870.88689245, 48.0316397147, 13493.6473548, 0.0
5.77110358173, 1.30058706188, 0.898802894556, 1.00109431969, 1.8925991341, 1.07562225128, 4.55285695713, 1.15127816161, 1.03038640745, 2.41066812209, 1.60213298292, 1.104091559, 3.33294451053, 0.868103556622, 0.924982045708, 1.62662515216, 1.13235168749, 1.13242613745, 9.21940228736, 1.07055225545, 0.895338928073, 246.662101822, 0.947261205243, 4.17787063593, 0.998158734121, 3.08814082531, 1.15755989024, 2869.90687444, 43.609451984, 73416.01039, 2.14477211796
5.65795545492, 1.26379425135, 0.883433814116, 1.04851905102, 2.35841691022, 0.759768192382, 3.26824712467, 1.09339991315, 0.903948016311, 3.91957961684, 6.84905413386, 1.01298351042, 2.94545469673, 1.11251939908, 1.07261656882, 1.1625704981, 1.03969189001, 1.176731911, 3.65079733486, 1.07130963116, 0.955361444078, 294.734554717, 1.10442670597, 4.14977550145, 1.23075890318, 2.47212220217, 0.964305822335, 3820.84605108, 38.9349730003, 28598.9416646, 3.75335120643
3.8405316589, 1.30027474621, 0.734178301207, 0.900671363037, 2.72384463541, 1.03711220558, 2.53549887026, 1.11520237406, 0.958088412757, 1.5647885381, 7.72695063986, 0.852261318753, 2.8898803333, 1.05538781825, 1.00950410407, 1.10335791798, 1.00335637474, 1.06179357902, 9.65377517813, 0.942020147376, 0.881833941685, 161.236637152, 0.859660910436, 1.29254239838, 1.21552610981, 4.12255255996, 1.09935042203, 1104.52873379, 40.1316013748, 2906.07182051, 1.07238605898
5.08347523216, 1.05425459439, 0.908593895292, 0.986456301854, 1.90524362743, 0.906661933506, 2.02254259948, 0.962640772338, 1.06353329332, 4.3443732526, 7.07450996955, 0.937351602912, 2.30677903313, 0.972631176098, 1.00645640446, 1.39679891118, 1.01695215231, 1.15549995642, 7.29278023688, 0.957917232721, 0.891574022359, 53.1026750575, 1.13537340798, 4.91401937083, 1.22852865428, 3.49839602655, 1.19158884275, 3914.16248012, 47.0852255725, 64570.9891237, 5.36193029491
4.94578825859, 1.09256369115, 1.32366709193, 1.11979432749, 1.4800591253, 0.877943866356, 3.42033225337, 1.20331418287, 0.927794025381, 1.92063244954, 5.65050158899, 1.11419703789, 3.56270142724, 0.868922376605, 1.0498715239, 1.06873584877, 1.06184947178, 1.21411171192, 5.30018186192, 0.936613118885, 0.89000384793, 170.464458692, 0.902610789618, 2.33359039281, 1.20892606729, 2.90687545266, 1.28674238079, 3030.33341307, 29.203218596, 11109.2823882, 4.55764075067
4.05804690112, 1.08233944073, 1.50654883709, 0.819647446579, 1.53265990924, 0.901759249212, 2.60447880222, 1.22652790302, 0.956829294425, 1.81091528182, 2.86914661329, 0.849791976621, 2.44347186413, 0.971826466514, 0.811523101098, 1.57798776873, 1.00806206992, 1.05087222879, 9.67018877449, 0.955176843633, 0.938897322472, 281.805728418, 0.969187170893, 5.18210016034, 1.19613285243, 2.58051937937, 1.22149249199, 3734.01657257, 45.8119260989, 15824.5953047, 0.0
5.88929639878, 1.26591198715, 1.36735953206, 0.877144699951, 2.36707575699, 0.777658172609, 3.1491545494, 1.1616837751, 1.12238858708, 3.3197886928, 1.76731122324, 0.88132322041, 2.01270337545, 0.895772909636, 0.945164784748, 1.26268009177, 1.01275076736, 0.991662368266, 8.85091169611, 0.923352850988, 0.905929329412, 294.636732738, 0.935828036503, 4.98399227756, 1.18975752368, 1.71717065955, 0.902610091849, 607.138002812, 20.6849617529, 2647.04535351, 0.536193029491
4.49203410117, 1.41364170628, 0.831729306376, 0.959091575882, 2.33094910592, 1.05577061717, 3.02181888654, 0.951060230738, 0.941539749642, 1.79419794562, 1.68234461387, 0.965451418618, 4.46711460877, 0.920458852415, 0.899815704635, 1.50583368907, 1.13776661203, 1.12233753528, 9.78072954503, 0.957686522034, 0.999440110586, 206.947332248, 0.880569555093, 3.96870749982, 1.23252733118, 4.07886525382, 0.945606132436, 197.458862301, 12.5315878929, 1452.15930933, 2.68096514745
2.06355795337, 1.40651572783, 0.800556085252, 0.859331495012, 2.45795649132, 0.96798506905, 3.07921023492, 1.12101271476, 0.933196725326, 3.14989487576, 2.63208071165, 0.937213602064, 1.60621059782, 0.951584833082, 0.887399080793, 1.12423306626, 1.06061512496, 1.21720886256, 6.21607980307, 1.00007060013, 0.922834269592, 229.055502547, 1.06772708954, 1.04957284371, 1.19910987376, 2.74241910581, 1.07838725577, 1485.9192049, 47.9677782532, 7996.90304317, 1.87667560322
2.48573656072, 1.01205406906, 1.08838569257, 1.06897671384, 2.44502973972, 0.826371388556, 2.19740216453, 1.1100393082, 0.974950460636, 1.98157320291, 3.12094333224, 1.07717816905, 2.0733248764, 0.894268993542, 1.08291476103, 1.01908200357, 1.06915062179, 1.0913529344, 6.51808435951, 0.989846334055, 0.918178329679, 296.349333212, 1.14669584138, 1.83991116963, 1.20866843028, 1.26394831494, 1.26590881078, 416.002143984, 19.339935945, 1600.10747601, 2.68096514745
4.68379602707, 1.3150763135, 0.998462191336, 1.02069877322, 4.17171076393, 0.807654313982, 4.10608427525, 1.0568073696, 0.936004677234, 2.32332838404, 2.24962232676, 0.900932079291, 2.23799787138, 0.848977230992, 0.956811190534, 1.46830623254, 1.15159029443, 1.21049255229, 5.77017405535, 1.0164303266, 0.973916367285, 383.74888818, 1.08697859535, 5.15592649962, 1.1550311604, 4.37987092644, 0.871652754441, 3021.53699393, 33.2876042369, 24370.1500994, 1.07238605898
5.25522934323, 1.0187231571, 0.983333848376, 1.1053668334, 2.12714342936, 0.906674123597, 4.93665643485, 0.968308211663, 0.943752879978, 1.49927242935, 5.01847922481, 0.877562602005, 1.55339467653, 0.924775696621, 0.983404445633, 1.01677453849, 1.01955134686, 1.21587481148, 5.76586236456, 1.01291148137, 0.957299469069, 238.152956417, 1.17983006915, 4.9365922, 1.22586890594, 2.52014192887, 0.949155867176, 2139.13205822, 38.8031359829, 8089.3349081, 1.60857908847
5.77704806571, 1.36073607052, 1.1385171937, 0.93796040409, 1.71693609252, 0.918291028197, 3.00639658422, 1.22498110574, 0.948682497725, 3.21576268589, 5.80837499679, 0.997961665988, 2.13451150094, 0.857967775764, 0.881952974607, 1.34311585034, 1.07679199212, 1.13600115112, 3.345193142, 0.971362428882, 0.836576774313, 235.007482387, 1.16499309089, 5.68171192689, 1.10941179051, 1.14227461728, 1.22181188325, 828.381722688, 41.8631307844, 11347.800169, 4.02144772118
5.0992973207, 1.30683950476, 0.92354534617, 1.01617664879, 2.19292941408, 1.03227324627, 3.47166226539, 1.10061232173, 1.02575211783, 1.66010118508, 4.08134205613, 0.973162322409, 2.94799206293, 0.815126670687, 0.835594465289, 1.1407565531, 1.08780458379, 1.0967641865, 5.3615464701, 0.999506946488, 0.994324345587, 307.729646228, 1.14194709225, 5.32501961131, 1.2117185772, 1.91985562373, 1.20164173891, 5615.35308059, 38.0713756633, 55179.1207286, 5.36193029491
5.13888601112, 1.15092850867, 1.03435934271, 0.910954697491, 2.76058703725, 1.15555756237, 2.28803804376, 1.07909779124, 0.968971770157, 2.8132565734, 4.61415658844, 1.01877866177, 3.02760798723, 0.983123774078, 0.964118102077, 1.04766219964, 1.11554226408, 1.08456290418, 9.15074976623, 1.09295343182, 0.816372265235, 215.745618983, 1.1641556078, 4.70924787371, 1.03917045138, 3.09860626242, 1.01087372782, 351.064922015, 21.1382241607, 3663.49113566, 1.60857908847
5.2353301232, 1.20803292719, 0.995845383726, 1.21949876432, 1.58904183524, 1.07597005558, 3.2411281864, 1.20107988485, 0.955119054759, 1.76173333122, 2.41883442613, 0.847485831838, 2.38781368869, 0.86448919426, 1.01275138647, 1.12541211265, 1.16829406002, 1.12538028629, 5.3370194764, 0.974810046434, 0.818549144867, 322.254114657, 0.859624115723, 2.9042100119, 1.18832700183, 4.15195916085, 1.02681837818, 1719.76251851, 28.7381468771, 31013.7663817, 2.14477211796
2.65975345232, 1.37519147703, 1.33531843128, 0.922818273656, 2.53401519586, 0.920704498185, 2.73830967949, 1.02872706208, 1.12380260991, 2.11434897945, 2.93567377458, 1.02429026232, 1.98234501366, 0.922601546176, 0.815585289489, 1.02086137697, 1.1648726585, 1.05764825565, 9.6530463045, 0.953594250935, 0.912978138338, 21.7510917863, 0.914243417954, 1.59897071713, 1.14174747409, 1.38507307894, 1.13396986792, 2193.15340004, 52.8214777403, 14776.8523398, 1.34048257373
5.33314800565, 1.04711010008, 1.01779414962, 1.08473702764, 1.64448600536, 1.05542112106, 5.68139589051, 1.05952823854, 0.91549014138, 6.13242725484, 5.6483738075, 1.09927224883, 3.49560574126, 1.23533551457, 0.962005688936, 1.411767576, 1.01063200933, 1.20354488873, 6.81075518227, 1.18721593066, 0.768115950746, 206.349418322, 1.14215355694, 3.38653220968, 1.21035879005, 2.89079080137, 1.07446765482, 2522.42117655, 53.3392287995, 11914.5971572, 2.9490616622
5.71024298591, 1.21151818368, 1.40529765207, 0.932582220405, 2.94408580687, 1.00615931035, 1.77768717914, 1.10044517351, 0.966171820307, 3.57364382437, 3.66685022185, 0.948213102707, 1.12334091416, 1.19248981197, 0.978963339291, 1.09917612613, 1.03689247846, 1.07597243161, 5.29125016874, 1.05986497222, 0.891021985961, 278.890383752, 0.85120106507, 3.81949742211, 1.15233767007, 1.2698780994, 1.22181927089, 4588.91675534, 69.0001412147, 53415.3472188, 2.14477211796
4.17667741514, 1.32236468116, 0.83107549149, 0.881077775577, 2.25065679381, 1.16133824281, 1.97100922832, 1.22154227258, 1.13972309666, 5.27358274467, 4.72263783942, 0.861060201743, 1.0139404947, 1.14419214872, 0.90728584946, 1.02350639343, 1.14038116878, 1.22361892768, 8.26327267641, 1.07953726171, 0.930721578659, 355.082422639, 1.13776924568, 5.07651872121, 1.05230262272, 2.74555230454, 1.16790269422, 2372.43516216, 33.4065823706, 10378.1318792, 1.07238605898
4.22376688041, 1.12610357613, 0.878414004168, 0.816369018928, 3.37565645072, 1.15935799512, 3.91854395224, 1.12803700953, 1.06303311721, 2.85027961713, 1.58595939301, 1.1301749983, 2.17105323126, 0.810205361821, 0.869014810563, 1.42969249302, 1.14958588302, 1.191198918, 8.29432769511, 0.971809442537, 0.77760107116, 122.628289198, 1.18046653079, 1.46503612877, 1.16591504146, 1.48049266605, 1.02051705826, 1564.68925079, 36.1175712781, 18502.633, 1.60857908847
5.29071620171, 1.13982253518, 0.858169878463, 1.19655946949, 4.62092395728, 1.161346598, 4.14895757507, 1.19987810669, 0.901757233513, 4.95113210684, 2.79913644251, 0.878343229097, 2.17247079124, 1.01856133928, 0.94285692525, 1.23325090526, 1.02708223135, 1.02786406848, 9.11705635705, 1.01573795877, 0.910889618248, 237.584039512, 1.13146059884, 2.34437312063, 1.11057507989, 1.03725039886, 1.27447233061, 802.254649983, 40.1692188932, 45697.7044629, 1.87667560322
3.36752493683, 1.34445005401, 1.20326492157, 1.0313801287, 4.73139504312, 0.749562058029, 3.36524328093, 0.928545083262, 1.01875563624, 2.25139152326, 2.13449853204, 0.868466628502, 1.90794471292, 0.89877765818, 0.864796199106, 1.53615354579, 1.05767972506, 0.989514877576, 4.12196736789, 1.00364816406, 0.826262069577, 411.885052832, 1.16443533527, 5.60307763146, 1.19546380657, 4.51872832018, 0.901547183925, 3539.33701344, 37.4743295818, 19046.3692527, 4.28954423592
5.78606732801, 1.1963706197, 1.37130629516, 0.906742739669, 4.2745717577, 0.81170047049, 3.10681919533, 1.17572240417, 0.968444571595, 4.05889782515, 5.93547199838, 0.997008926727, 1.11495810974, 0.904252860993, 1.03508939331, 1.14114108943, 1.12417842002, 1.20831624601, 7.02656109805, 0.952463954201, 0.805508276318, 412.03353851, 1.02111341312, 2.05445483131, 1.17843337927, 1.69184436511, 1.29664684483, 36.2625996425, 11.0158694056, 161.178488477, 3.21715817694
4.81586867051, 1.31696072315, 1.25996490629, 0.855521114532, 1.79665286081, 0.862262512642, 4.11360404606, 1.14351977538, 1.11582672161, 5.40271751704, 3.02707205053, 0.828556084443, 2.9334187391, 1.08843646425, 1.07511026403, 1.56876299906, 1.12160666471, 1.06087194384, 5.72150359129, 1.13114565619, 0.848591978074, 132.666119839, 1.15988497004, 5.2013118881, 1.23280169872, 3.87802281297, 0.961140953672, 2721.31441711, 28.9892789586, 8984.2632532, 3.75335120643
4.47821990908, 1.28654037082, 1.39933206042, 1.10126628139, 5.45609879783, 0.797953508525, 5.50737201968, 1.25063771691, 0.980851903449, 2.90667479141, 2.7680953025, 0.882845278662, 1.94020716875, 0.978925185229, 1.0510376873, 1.23423945872, 1.036390728, 1.09635392073, 8.70853122697, 1.12932014231, 0.766805239558, 352.052710642, 1.02385326049, 3.79202530852, 1.14839194787, 4.9929972691, 0.987662592699, 1885.79778386, 36.1042305064, 19313.3690349, 0.0
4.18147366805, 1.11213498811, 1.28592816578, 1.02082395573, 2.45725953652, 0.907534515872, 5.34613060862, 1.10276331339, 0.927911570396, 1.80520708962, 4.57378468923, 0.912178485, 1.63793155937, 1.26784625303, 0.901078780465, 1.23344955384, 1.11369282231, 0.875202919196, 4.23614017571, 1.15966323895, 0.839004611536, 222.768527114, 1.15439507247, 4.0290403037, 1.21399212406, 1.75619973671, 0.910021882855, 1021.18717341, 23.3729446448, 53027.2462467, 10.7238605898
3.83880027279, 1.16568418621, 1.10243704739, 1.04083285454, 3.22507655114, 1.18413270252, 4.06705181248, 1.08188915105, 0.995036271774, 3.13742536671, 5.64549067884, 0.981904260912, 3.42071145003, 0.92526530958, 0.862610744303, 1.26108847463, 1.16343020395, 1.21196656741, 4.94587692558, 1.06443862569, 0.839380699204, 331.980343743, 1.07164356357, 4.70086066644, 1.14566413971, 1.86267967337, 1.05988329285, 53.8472605602, 12.3260884048, 185.180900166, 0.0
4.60906776614, 1.28323393983, 0.878863487049, 1.06101859465, 3.20685608081, 0.806120815326, 4.8065708944, 1.21314776836, 1.02423381489, 2.58958504231, 2.2712304919, 1.04955830123, 2.1303749873, 1.01962325536, 0.785569280493, 1.28271236746, 1.03215635319, 1.22927989102, 6.97887894165, 1.06216416927, 0.771982771272, 128.429279292, 1.03736351132, 1.05990936832, 1.20702995482, 1.50343498393, 1.16421010982, 10571.8228685, 45.449699129, 108216.079302, 5.8981233244
5.80716999292, 1.31502602302, 0.968375424913, 0.915513717514, 5.37812066698, 1.04770937582, 1.74660022627, 0.922488412826, 0.946445353054, 5.32502359702, 3.21201078961, 0.840260251814, 4.84303731605, 1.26756585861, 0.843316171562, 1.28954675655, 1.10314648026, 1.20764906817, 7.52812024077, 1.05616075255, 0.827875330834, 312.753518608, 0.9396120492, 5.73012472424, 1.1698501992, 4.9267574648, 0.932132578902, 1022.13113404, 41.946808358, 6034.97159946, 1.07238605898
5.20339047746, 1.24583081987, 1.48446279138, 1.1377924407, 5.63775397796, 1.00498585394, 1.6160694827, 1.05287307513, 1.03969995967, 1.48959478886, 1.69764654976, 0.831954542186, 4.75454033455, 1.19094499451, 0.792468000999, 1.21011698946, 1.07963366823, 1.21656146603, 7.41836437015, 1.01220845651, 0.784932847205, 200.601472157, 1.09053666237, 3.83314009721, 1.23851711858, 4.01518954061, 1.26643158137, 5309.94048469, 51.8335810234, 36032.6534732, 1.34048257373
