0.134941198474, 0.842603969721, 2.75478605404, 0.844425647316, 80.9271493238, 1.49282451725, 0.343751309637, 4.729083217, 16.1334187703, 81.0557088745, 0.0149002652795, 0.3
0.119504338953, 0.824809439909, 2.23515292021, 0.637172156311, 86.6088839708, 5.81175151808, 0.656785932605, 4.89022586597, 15.0815550865, 50.1079461147, 0.0159666996293, 0.0
0.134941198474, 1.03733738015, 2.1473366025, 0.809140937676, 94.1898346128, 1.09585813054, 0.848993212459, 2.54392859098, 16.3436521031, 141.530773011, 0.00312362433843, 0.0
0.174757875802, 1.03733738015, 2.1473366025, 0.809140937676, 94.1898346128, 1.09585813054, 0.848993212459, 2.54392859098, 16.3436521031, 159.410325453, 0.0, 0.0
0.161090340643, 0.957235430623, 2.11914890191, 0.787436049322, 80.2414314494, 1.71966447622, 0.378972295481, 2.38125114355, 10.1339743259, 104.356438748, 0.00494665482877, 0.0
0.103991585561, 1.0083204526, 2.04756561388, 0.856777244552, 96.9786385454, 1.34916200495, 0.452675634495, 2.72333696946, 15.0583741348, 94.2593060054, 0.0166862224303, 0.423076923077
0.179224862842, 0.901575237889, 2.11257195206, 0.648702763512, 80.9271493238, 9.76153960578, 0.237279769846, 4.19484385471, 11.5444230425, 93.2358494079, 0.110803451948, 0.0
0.179224862842, 0.957235430623, 2.13537648144, 0.844205557544, 86.0391768275, 3.67045595629, 0.378972295481, 2.38125114355, 10.2563740327, 62.7899038701, 0.0176569109891, 0.230769230769
0.167963349174, 0.988601402302, 2.36725315049, 0.759859690449, 84.5663513624, 9.51423199223, 0.482312423132, 2.27256185678, 14.9717543054, 65.261772272, 0.123925382136, 0.181818181818
0.118305598027, 1.10109457706, 2.08998133019, 0.763649087682, 86.0391768275, 3.67045595629, 0.965475252107, 2.38125114355, 19.8776368476, 100.388943577, 0.0231689498709, 0.157894736842
0.119504338953, 1.08011202192, 2.23515292021, 0.648702763512, 89.4804014798, 9.89834390222, 0.38467178475, 4.97078277148, 10.9602340924, 94.9438511673, 0.0284624321885, 0.0
0.101285251077, 1.08541642013, 2.39339197471, 0.683066519932, 85.0188791478, 1.80599738981, 0.656785932605, 0.66112829964, 15.0815550865, 153.861640124, 0.00398135115621, 0.142857142857
0.182321725253, 0.838953429631, 7.42250101907, 0.650197001863, 96.9786385454, 1.62382236607, 0.447284015553, 0.52003761215, 17.0618416802, 433.400887394, 0.00134814872386, 0.0
0.167963349174, 0.988601402302, 4.92232689671, 0.759859690449, 90.3266923315, 2.18691409048, 0.482312423132, 2.27256185678, 14.9717543054, 372.447369062, 0.00245677666199, 0.0
0.174757875802, 1.03733738015, 2.1473366025, 0.809140937676, 94.1898346128, 1.09585813054, 0.848993212459, 2.54392859098, 16.3436521031, 183.124258165, 0.00396421953975, 0.0
0.156813874608, 1.23281506782, 2.57918184969, 0.921050686406, 97.8816829388, 1.80709534577, 0.184688051608, 0.739918281003, 10.2538917024, 162.187826405, 0.00408651288642, 0.0
0.119504338953, 0.824809439909, 2.23515292021, 0.637172156311, 98.7957065001, 1.02734177356, 0.848993212459, 4.89022586597, 15.0815550865, 116.516322524, 0.0060198036862, 0.0
0.178972993795, 1.23281506782, 2.22492642608, 0.941696946735, 93.746246079, 1.80709534577, 0.325397961893, 3.4695085876, 13.618402745, 106.636570511, 0.00765696827889, 0.0
0.135304320697, 0.9232442893, 2.75478605404, 0.906203203575, 85.6511834405, 1.49282451725, 0.50542025929, 4.3425445061, 10.1339743259, 160.903160082, 0.00502972800428, 0.0
0.159613663458, 0.821259163521, 2.57918184969, 0.801315320262, 94.4140640505, 1.80709534577, 0.372089100682, 0.900678043713, 11.5444230425, 104.710822501, 0.0137356311763, 0.1
0.134941198474, 0.953206958233, 2.13537648144, 0.768677803921, 84.7598437823, 3.67045595629, 0.965475252107, 2.38125114355, 13.1367180449, 89.7844089985, 0.0397999119389, 0.45
0.153894545835, 0.958098513563, 2.28281375577, 0.78198383542, 83.8537849956, 5.41424577748, 0.917073823949, 2.05084848144, 11.3990750232, 91.1198240422, 0.118281723515, 0.416666666667
0.179372830337, 1.06049871313, 2.11257195206, 0.943754504567, 80.9271493238, 5.32538125653, 0.476158489274, 1.30290761858, 19.1227002776, 92.0812652041, 0.040094107921, 0.230769230769
0.118305598027, 0.953206958233, 2.13537648144, 0.763649087682, 86.0391768275, 3.67045595629, 0.965475252107, 2.38125114355, 13.1367180449, 99.4767982108, 0.0331999846403, 0.0
0.134941198474, 0.953206958233, 2.13537648144, 0.763649087682, 86.0391768275, 3.67045595629, 0.965475252107, 2.38125114355, 13.1367180449, 103.720824291, 0.0289800486846, 0.0
0.134941198474, 0.842603969721, 2.75478605404, 0.844425647316, 80.9271493238, 1.31239844211, 0.343751309637, 3.12861651363, 16.1334187703, 96.2286987131, 0.0321046051246, 0.5
0.179224862842, 0.901575237889, 2.40728589057, 0.648702763512, 99.4417887982, 9.76153960578, 0.443531241225, 4.19484385471, 11.5444230425, 95.0584834674, 0.0910833819371, 0.0
0.159613663458, 0.821259163521, 2.57918184969, 0.801315320262, 94.4140640505, 1.80709534577, 0.372089100682, 0.900678043713, 10.673470812, 98.3521739149, 0.0390445511165, 0.333333333333
0.179224862842, 0.901575237889, 2.11257195206, 0.648702763512, 80.9271493238, 9.76153960578, 0.443531241225, 4.19484385471, 11.5444230425, 96.1494697019, 0.0896122602384, 0.111111111111
0.134941198474, 0.9232442893, 2.75478605404, 0.889003056889, 80.9271493238, 4.6006467441, 0.343751309637, 2.92285811673, 11.5442591494, 101.695089795, 0.0299614961253, 0.2
0.161090340643, 0.957235430623, 4.41979127946, 0.763649087682, 86.0391768275, 1.02323208126, 0.399711144874, 2.38125114355, 19.4840597449, 267.44673759, 0.00417498112914, 0.0
0.101285251077, 1.08541642013, 2.54361116379, 0.683066519932, 86.9690761008, 1.80599738981, 0.656785932605, 0.357625921933, 15.0583741348, 147.250981946, 0.0061743783615, 0.0
0.134762203515, 0.958098513563, 2.28281375577, 0.78198383542, 83.8537849956, 3.67045595629, 0.917073823949, 2.05084848144, 11.3990750232, 107.914458277, 0.0288007300665, 0.0666666666667
0.17165798182, 0.957235430623, 2.11914890191, 0.787436049322, 80.2414314494, 1.71966447622, 0.378972295481, 2.54343501257, 10.1339743259, 112.383857114, 0.0208369603382, 0.0
0.161090340643, 0.957235430623, 2.11914890191, 0.787436049322, 80.2414314494, 1.71966447622, 0.378972295481, 2.38125114355, 10.1339743259, 141.767237545, 0.00927180684685, 0.0
0.174757875802, 1.03733738015, 2.1473366025, 0.809140937676, 94.1898346128, 1.09585813054, 0.848993212459, 4.58457393139, 16.3436521031, 128.318724786, 0.0107534712749, 0.0
0.134941198474, 0.842603969721, 2.38598483774, 0.844425647316, 80.9271493238, 1.62382236607, 0.343751309637, 4.729083217, 16.1334187703, 125.335081155, 0.0164413936008, 0.037037037037
0.161090340643, 0.876276075515, 2.13537648144, 0.854375199465, 86.0391768275, 3.67045595629, 0.965475252107, 0.585375508964, 19.4840597449, 111.147556261, 0.023498551596, 0.0
0.103991585561, 1.0083204526, 2.54361116379, 0.729617347919, 96.9786385454, 1.62382236607, 0.452675634495, 3.4695085876, 15.0583741348, 135.386493142, 0.00993781572627, 0.0
0.103991585561, 0.922751478677, 2.22492642608, 0.729617347919, 99.9862454173, 1.20897602997, 0.325397961893, 3.4695085876, 15.0583741348, 122.375554964, 0.0129298614716, 0.380952380952
0.103991585561, 0.922751478677, 2.54361116379, 0.729617347919, 96.9786385454, 1.49282451725, 0.452675634495, 3.4695085876, 15.0583741348, 144.134952702, 0.00921015526688, 0.153846153846
0.174757875802, 1.03733738015, 2.57462463064, 0.791081821664, 94.1898346128, 1.09585813054, 0.848993212459, 4.58457393139, 19.4840597449, 194.027097587, 0.00509399457951, 0.0
0.101285251077, 1.08541642013, 2.63704237864, 0.750248985849, 86.9690761008, 1.80599738981, 0.553504205243, 0.357625921933, 10.9602340924, 122.453756341, 0.018005756814, 0.3
0.135304320697, 1.03733738015, 2.08173874687, 0.729617347919, 98.0766790017, 1.49282451725, 0.732906878868, 3.4695085876, 18.1189523869, 109.039405442, 0.0233631019728, 0.571428571429
0.103991585561, 1.0083204526, 2.54361116379, 0.729617347919, 96.9786385454, 1.62382236607, 0.452675634495, 3.4695085876, 15.0583741348, 107.14504314, 0.0198528366443, 0.583333333333
0.103991585561, 1.0083204526, 2.08173874687, 0.782616656081, 98.0766790017, 3.81748638582, 0.887980304823, 2.05084848144, 18.6831245754, 98.9322304568, 0.0439067035804, 0.3
0.109422716713, 0.953206958233, 2.13537648144, 0.808086970935, 84.7598437823, 3.67045595629, 0.476158489274, 2.38125114355, 13.1367180449, 92.8132806273, 0.0428245773162, 0.333333333333
0.101285251077, 1.08541642013, 2.13537648144, 0.683066519932, 85.0188791478, 5.22734432155, 0.656785932605, 0.66112829964, 15.0815550865, 102.852240967, 0.0575947575016, 0.0
0.118305598027, 0.957235430623, 2.13537648144, 0.763649087682, 86.0391768275, 3.67045595629, 0.965475252107, 2.38125114355, 19.8776368476, 106.642879791, 0.0302747530352, 0.0
0.179224862842, 0.938514909858, 2.40728589057, 0.648702763512, 99.4417887982, 9.76153960578, 0.67721268914, 4.57451045171, 11.5444230425, 100.844529245, 0.17847817271, 0.235294117647
0.103991585561, 1.0083204526, 2.08173874687, 0.683066519932, 98.0766790017, 3.81748638582, 0.887980304823, 3.4695085876, 18.6831245754, 101.933864345, 0.0312649098087, 0.357142857143
0.114207810719, 1.11988063777, 5.29933666578, 0.733943633438, 89.9826109571, 1.94051105554, 0.707612573812, 1.97586960704, 18.6883286115, 385.817931219, 0.00443167534601, 0.461538461538
0.180587512678, 1.12845405164, 2.02582741236, 0.842902172227, 82.1975429023, 2.18691409048, 0.476158489274, 1.30290761858, 14.9717543054, 147.783198602, 0.00767801662619, 0.0
0.123816913066, 0.957235430623, 3.20090109286, 0.759859690449, 83.8537849956, 3.90255256634, 0.77350693969, 1.52252258486, 14.9717543054, 189.881784711, 0.00652925668539, 0.0
0.143262918995, 0.826029310773, 3.31286324278, 0.637172156311, 86.6088839708, 5.81175151808, 0.553504205243, 4.89022586597, 10.9602340924, 185.688893057, 0.00764064328597, 0.0
0.134941198474, 0.842603969721, 2.38598483774, 0.844425647316, 80.9271493238, 1.62382236607, 0.343751309637, 4.729083217, 16.1334187703, 124.711695838, 0.0216694595938, 0.0833333333333
0.166868517511, 0.958098513563, 4.81865681534, 0.759859690449, 83.8537849956, 3.90255256634, 0.742302216417, 1.52252258486, 14.9717543054, 124.185008404, 0.0219018906055, 0.0
0.103991585561, 0.922751478677, 2.54361116379, 0.729617347919, 96.9786385454, 1.62382236607, 0.452675634495, 3.4695085876, 15.0583741348, 143.394500059, 0.00975148689893, 0.0
0.174757875802, 1.03733738015, 2.1473366025, 0.809140937676, 94.1898346128, 1.09585813054, 0.848993212459, 2.54392859098, 16.3436521031, 132.496893883, 0.0129071839012, 0.176470588235
0.174757875802, 1.03733738015, 2.1473366025, 0.809140937676, 95.6312505716, 1.09585813054, 0.848993212459, 4.58457393139, 16.3436521031, 127.352601601, 0.0179087532172, 0.181818181818
0.110023445563, 0.957235430623, 2.13537648144, 0.763649087682, 96.191023795, 3.67045595629, 0.378972295481, 4.81644169082, 19.4840597449, 112.197051636, 0.0270138118259, 0.363636363636
0.103991585561, 0.9229775061, 3.81482174497, 0.794172097701, 87.1015833946, 5.32737262612, 0.333413509972, 4.43559338064, 19.9454085388, 139.384121372, 0.0198670785803, 0.0
0.103991585561, 1.0083204526, 2.54361116379, 0.856777244552, 96.9786385454, 1.62382236607, 0.452675634495, 3.4695085876, 15.0583741348, 130.913133695, 0.0139430498087, 0.483870967742
0.126560830332, 1.02208896968, 7.42250101907, 0.941718729963, 86.7796583388, 1.62382236607, 1.30336545973, 3.68268297359, 16.7011749196, 598.280353434, 0.0054747706606, 0.0
0.135304320697, 0.923102127563, 5.12140631664, 0.844425647316, 91.2019449866, 1.49282451725, 0.707612573812, 4.729083217, 10.1339743259, 307.790021393, 0.00621971434869, 0.0
0.101285251077, 1.08541642013, 2.63704237864, 0.683066519932, 86.9690761008, 1.80599738981, 0.656785932605, 0.357625921933, 15.0815550865, 125.389516312, 0.0211634760703, 0.454545454545
0.118305598027, 0.953206958233, 2.27964445075, 0.648702763512, 99.4417887982, 9.76153960578, 0.443531241225, 4.19484385471, 13.1367180449, 96.4593993469, 0.0822524182502, 0.428571428571
0.119504338953, 1.08011202192, 2.23515292021, 0.637172156311, 86.6088839708, 5.81175151808, 0.553504205243, 4.89022586597, 10.9602340924, 94.8079063633, 0.0859150421389, 0.571428571429
0.182321725253, 0.938514909858, 2.17889982185, 0.650197001863, 94.8969882522, 3.67045595629, 0.67721268914, 0.197049369772, 13.3017860469, 96.6997770119, 0.0756039423536, 0.333333333333
0.168682504178, 1.06049871313, 2.11257195206, 0.842902172227, 82.1975429023, 5.32538125653, 0.476158489274, 1.30290761858, 19.1227002776, 119.937782409, 0.0535399899101, 0.0
0.17165798182, 0.957235430623, 2.11914890191, 0.787436049322, 80.2414314494, 1.71966447622, 0.458826015885, 2.54343501257, 10.1339743259, 115.112954971, 0.0405292317741, 0.181818181818
0.186138605719, 1.14338768091, 2.13537648144, 0.827261887249, 86.0391768275, 3.67045595629, 0.378972295481, 2.38125114355, 19.4840597449, 110.502059489, 0.0887175263437, 0.111111111111
0.179224862842, 0.938514909858, 3.31286324278, 0.637172156311, 86.6088839708, 7.12370695805, 0.553504205243, 4.89022586597, 10.9602340924, 115.109585087, 0.123201806008, 0.0
0.136974904621, 0.826029310773, 2.11914890191, 0.684006565811, 81.5751701223, 7.26462544552, 0.0895084677813, 4.21595280644, 19.6191807931, 109.890064129, 0.0698079770498, 0.166666666667
0.119504338953, 1.08011202192, 2.23515292021, 0.648702763512, 86.6088839708, 5.81175151808, 0.443531241225, 4.89022586597, 10.9602340924, 123.818527553, 0.0355577804552, 0.0
0.155309726928, 0.938514909858, 2.38054022644, 0.648702763512, 99.4417887982, 5.81175151808, 0.553504205243, 4.19484385471, 13.5220076194, 117.215600991, 0.072112102643, 0.0
0.123816913066, 1.10109457706, 3.20090109286, 0.759859690449, 83.8537849956, 3.90255256634, 0.742302216417, 1.52252258486, 14.9717543054, 116.473778498, 0.0395635822526, 0.142857142857
0.118305598027, 0.957235430623, 2.13537648144, 0.763649087682, 86.0391768275, 3.67045595629, 0.965475252107, 2.38125114355, 19.8776368476, 112.02372975, 0.0604459279352, 0.521739130435
0.17379519868, 1.10109457706, 2.60085070905, 0.650197001863, 94.4140640505, 4.93683507641, 0.447284015553, 0.305386251011, 11.821898435, 107.700787795, 0.0643348207116, 0.375
0.103991585561, 0.922751478677, 2.54361116379, 0.729617347919, 96.9786385454, 1.49282451725, 0.452675634495, 3.4695085876, 15.0583741348, 160.684718801, 0.00792679748272, 0.1
0.130378824658, 0.91190925983, 2.19495724254, 0.906073962724, 91.688757828, 3.11440903425, 1.08202186094, 2.92285811673, 16.1975775858, 168.129350872, 0.00914306748863, 0.0
0.167963349174, 0.988601402302, 3.20090109286, 0.816412990796, 88.4222485263, 2.18691409048, 0.482312423132, 2.27256185678, 11.821898435, 164.816973669, 0.00937423996381, 0.0
0.19913450724, 1.03733738015, 2.15590392443, 0.809140937676, 94.1898346128, 1.09585813054, 0.848993212459, 2.54392859098, 16.3436521031, 169.330382941, 0.00896190286955, 0.0
0.135304320697, 0.923102127563, 4.24508860845, 0.844425647316, 91.2019449866, 1.49282451725, 0.707612573812, 4.58457393139, 19.4840597449, 213.58603006, 0.00678087810782, 0.0
0.174757875802, 1.03733738015, 2.57462463064, 0.809140937676, 94.1898346128, 1.09585813054, 0.848993212459, 2.54392859098, 16.3436521031, 199.927347245, 0.00796230470792, 0.0
0.182321725253, 0.896005942256, 2.60085070905, 0.650197001863, 94.4140640505, 4.93683507641, 0.447284015553, 0.52003761215, 17.0618416802, 127.261561433, 0.0292738337517, 0.0
0.134941198474, 0.822100487265, 2.13537648144, 0.844425647316, 98.1699284481, 2.49615849913, 0.343751309637, 3.12861651363, 16.1334187703, 124.341171956, 0.0243104172736, 0.222222222222
0.126560830332, 0.826029310773, 3.31286324278, 0.637172156311, 86.7796583388, 5.81175151808, 0.553504205243, 4.89022586597, 10.9602340924, 126.877769088, 0.0301662239048, 0.1
0.167963349174, 0.988601402302, 3.20090109286, 0.826664660662, 88.4222485263, 2.18691409048, 0.482312423132, 2.27256185678, 11.821898435, 147.183716661, 0.0112583117369, 0.0
0.167963349174, 1.10109457706, 3.20090109286, 0.854375199465, 97.6726234293, 2.18691409048, 0.38467178475, 0.585375508964, 11.821898435, 136.727188258, 0.0236649232159, 0.25
0.134941198474, 0.842603969721, 2.38598483774, 0.833026918519, 80.9271493238, 1.03190812795, 0.343751309637, 4.729083217, 16.1334187703, 131.43040425, 0.0238064055239, 0.434782608696
0.19913450724, 1.03733738015, 2.15590392443, 0.763649087682, 94.1898346128, 1.09585813054, 0.848993212459, 2.54392859098, 16.3436521031, 122.820228416, 0.0310728935637, 0.486486486486
0.161090340643, 0.957235430623, 2.13537648144, 0.763649087682, 86.0391768275, 3.67045595629, 0.378972295481, 2.38125114355, 19.4840597449, 113.613130928, 0.0339322839563, 0.375
0.168682504178, 1.06049871313, 2.02582741236, 0.842902172227, 82.1975429023, 2.18691409048, 0.476158489274, 1.30290761858, 14.9717543054, 116.272240999, 0.0273304308993, 0.5
0.178972993795, 1.03733738015, 2.1473366025, 0.809140937676, 94.1898346128, 1.09585813054, 0.848993212459, 2.54392859098, 16.3436521031, 145.397547032, 0.0232291364844, 0.352941176471
0.174757875802, 1.03733738015, 2.1473366025, 0.809140937676, 94.1898346128, 1.09585813054, 0.848993212459, 2.54392859098, 18.1189523869, 139.41660712, 0.0227070688079, 0.416666666667
0.101285251077, 1.08541642013, 5.41983738801, 0.683066519932, 86.9690761008, 1.80599738981, 0.707612573812, 0.369473888878, 15.0815550865, 340.606839007, 0.00622901245804, 0.0
0.101285251077, 1.08541642013, 5.41983738801, 0.683066519932, 86.9690761008, 1.80599738981, 0.656785932605, 0.369473888878, 15.0815550865, 314.315151305, 0.00645252954223, 0.0
0.179224862842, 0.938514909858, 2.40728589057, 0.648702763512, 99.4417887982, 9.76153960578, 0.67721268914, 4.19484385471, 11.5444230425, 96.7257144805, 0.178749989074, 0.4375
0.135304320697, 0.9232442893, 2.75478605404, 0.844425647316, 91.2019449866, 1.49282451725, 0.50542025929, 4.729083217, 10.1339743259, 146.312650632, 0.0229469594713, 0.588235294118
