1.0, -1.0, 0.0, 2.0, 0.0, 0.0, -1.0, 0.0, -1.0, -1.0, 1.0, -0.604908167177, 2.0, 1.0, 1.0, 3.0, 1.06114440541, 2.0, -1.0, 0.0, -1.0, 1.0, 1.0, 0.0, 1.0, 1.0, 2.313848933, 3.0, -0.0539219393728, 3.0, 3.0, 0.0, 0.0, -0.121152515492, -0.1236238193, 0.0, -1.0, -1.0, -1.0, 1.78741268499, 0.0, 3.0, 3.0, 0.0, 2.0, 2.0, 1.0560169647, -1.0, 2.9711988241, 2.0, 95754.0, 534.0, 99485.0
1.0, -1.0, 0.0, 2.0, 0.0, 0.0, -1.0, 0.0, 0.126901533282, -1.0, 1.0, 0.0, 2.0, 1.0, 1.0, 1.0, 0.0, 0.896884675038, -1.0, 0.0, -1.0, 1.0, 1.0, 2.0, 1.0, 1.0, 2.0, 3.0, 2.0, 3.0, 3.0, 0.0, 0.0, -1.0, 3.0, 0.0, 1.26318841296, -1.0, -0.286375840759, 0.0, 2.0, 3.0, 3.0, 0.0, 1.0, -1.0, 0.0, -1.0, 1.0, 2.0, 95439.0, 565.0, 99466.0
1.54440237114, -1.0, 1.0, 2.0, 1.0, 2.0, 1.0, 2.0, 2.52257467821, 1.38874195417, -1.0, 1.63468131144, 0.978850172135, 2.78648476331, -1.0, 2.0, 0.324869549263, 2.28635420595, 2.0, 2.0, 0.0, -1.0, -1.0, 0.0, 3.0, 0.0, 0.420622300159, -1.0, 3.0, -1.0, -0.312479421103, 3.0, 0.0, 1.2938451491, 1.0, -1.0, 2.0, 0.592629188615, -0.669669945149, 2.67000876642, 3.0, 3.0, 3.0, 2.27915457894, 3.0, 2.0, 1.79490874617, 1.0, 1.0, 1.0, 96015.0, 562.0, 99452.0
1.0, -1.0, 2.0, 0.0, 0.310084450191, 3.0, 2.0, 2.08183460554, 2.30291479983, 2.0, -1.0, 0.0, -0.747909297673, -0.0904240584936, 3.0, 1.0, -1.0, 0.545609955282, -1.0, 3.0, 0.0787409747265, -0.956249230625, 1.0, 3.0, -1.0, 0.0, 3.0, 3.0, 2.0, 2.0, 1.0, 1.0, -1.0, 2.0, 0.0, -1.0, -0.422931006673, -1.0, 0.0973950562761, 2.0, -1.0, 0.0, 3.0, 0.0, 0.0, 0.0, 0.0, 1.0, 1.0, -1.0, 95800.0, 531.0, 99488.0
-1.0, 0.0, 3.0, -0.874264609092, 0.0, 0.0, -1.0, 2.0, 1.0, -1.0, 0.0, -0.80010021579, -1.0, 2.0, 2.95813643607, -1.0, 0.0, 2.0, 3.0, 0.0, -1.0, 2.0, 3.0, 2.81177359564, 0.0, 0.377155164248, 1.0, -1.0, 0.0, -1.0, -1.0, -1.0, 3.0, 1.0, 1.0, 2.0, 0.0, 1.0, -1.0, 1.0, 1.0, 3.0, -1.0, 0.509136942596, 1.0, 2.0, -1.0, -1.0, -1.0, -1.0, 96759.0, 450.0, 99592.0
3.0, -1.0, 1.0, 2.0, -0.969815225905, -1.0, 2.12332766935, 0.0, 3.0, 2.0, 2.0, 1.0, 0.0, 0.0, -1.0, 1.0, 0.0, 2.78343672235, -1.0, -1.0, -1.0, -1.0, 0.0, 2.0, 1.0, 2.96928145063, 2.0, -0.404968277981, 1.0, -1.0, 3.0, -1.0, -0.218012393251, 2.0, 1.61553965143, 2.39055086357, 1.0, 2.73137553733, -1.0, 2.0, 0.455075991071, 0.0, 0.0844709115754, -0.253259652093, 3.0, 1.0, 2.0, 1.0, -1.0, 1.0, 95909.0, 527.0, 99479.0
3.0, -1.0, 1.0, 2.0, 0.136794309898, -1.0, 2.12332766935, 0.883279640434, 1.27560803852, 2.0, 2.0, 1.0, 0.0, 0.0, -1.0, 1.0, 0.0, 2.78343672235, -1.0, -1.0, -1.0, -1.0, 0.0, 2.0, 1.0, 2.96928145063, 2.0, -0.404968277981, 1.0, -1.0, 3.0, -1.0, -0.218012393251, 2.0, 1.61553965143, 2.39055086357, 1.0, 2.73137553733, -1.0, 2.0, 0.455075991071, 0.0, 0.0844709115754, -0.253259652093, 3.0, 1.0, 2.0, 1.0, -1.0, 1.0, 95758.0, 537.0, 99467.0
0.0, -1.0, 0.0, -1.0, 2.0, 2.0, 1.0, 2.0, 2.0, 3.0, 0.0, 2.0, 3.0, 3.0, -1.0, 0.0, 0.404345829124, 1.0, -1.0, -0.0766874813449, -1.0, -1.0, -1.0, 3.0, 1.0, -1.0, 1.0, -1.0, 2.45721452854, 1.0, 1.0, -1.0, 1.19222969133, -0.204091448927, 1.0, -1.0, -1.0, -0.421483032489, 3.0, 0.0, 0.0, -1.0, -1.0, 0.0, 1.0, -0.0643694039878, 2.0, 1.0, 1.0, 2.0, 95988.0, 503.0, 99526.0
0.0, 2.3484638026, 2.0, 0.0, 1.01113433606, 1.01491327286, 3.0, 0.0, 0.315508556161, 1.91744790378, 2.0, 2.0, 1.0, -1.0, 2.0, 3.0, 3.0, -1.0, 1.0, 1.0, 1.0, -1.0, -1.0, 0.0, 3.0, 1.56718430411, 2.79674010591, 2.27664797559, 3.0, -1.0, 2.0, 1.0, 2.0, 2.0, 2.67927818535, 2.0, -1.0, 0.0, -1.0, 1.47427708993, 0.0, -0.814115513087, 1.0, 1.0, -1.0, -1.0, 0.594524159443, 2.36361638575, -1.0, -0.290971753233, 95987.0, 536.0, 99478.0
3.0, 0.0, 0.0, 2.0, -1.0, 2.0, -1.0, 3.0, 1.0, 0.0, 3.0, 1.0, 2.0, 0.0, 0.0, 2.0, 1.0, 1.0, -1.0, 0.0, 1.0, -1.0, -1.0, -0.328099785293, 2.05350269636, 2.0, 3.0, 3.0, 2.0, 3.0, 3.0, -1.0, 0.0, 0.0, 2.0, 1.16300293077, 2.26302731409, -0.0200962053154, 2.0, 1.0, -1.0, 0.0, 1.0, 2.0, 1.0, 0.723517510956, 2.0, 3.0, -1.0, 1.0, 95611.0, 588.0, 99439.0
3.0, -1.0, 1.0, 0.261311012936, 2.67078081159, -1.0, -1.0, 0.0, 1.04365160404, 2.0, 2.0, 1.0, 0.0, 0.0, -1.0, 1.0, 0.0, 2.62498130122, -1.0, 0.686240912455, -1.0, -1.0, 0.972672275804, 2.0, 1.0, 2.29348056143, 2.42514098138, 0.0562121381711, 1.26010558273, 0.0253820668662, 1.52037950692, -1.0, -1.0, 2.0, 0.0, 0.0, 1.0, 2.0, -1.0, 2.0, 1.0, 2.0, 0.394861274936, -1.0, 3.0, 1.10297508525, 2.0, 1.0, -1.0, 1.0, 95760.0, 534.0, 99480.0
0.452560100753, -1.0, -0.885660291839, 2.0, 0.0, 0.0, -1.0, 0.0, -1.0, -1.0, 1.0, 0.0, 2.0, 1.0, 1.0, 1.0, 0.687905251912, 2.25068976249, -1.0, 0.0, -1.0, 1.0, 0.412497992458, 2.0, -0.330184413273, 1.0, 2.56017077586, 3.0, 0.329835967173, 3.0, 3.0, 0.0, 0.0, -1.0, 3.0, 0.0, -1.0, -1.0, -1.0, 0.0, -1.0, 3.0, 3.0, 1.48628851492, 2.0, 2.39463287615, 0.874722237474, -1.0, 0.23618126198, 2.58298072263, 95970.0, 510.0, 99517.0
3.0, 0.0, 0.0, 2.0, -1.0, 2.0, -1.0, 3.0, 1.0, 0.0, 3.0, 1.0, 2.0, 0.0, 0.0, 2.0, 1.0, 1.0, 0.76068707335, 0.0, 1.0, -1.0, -1.0, -0.328099785293, 2.05350269636, 1.0, 3.0, 3.0, 0.854873295456, 3.0, 3.0, 1.54716634271, 0.0, 0.0, 2.0, 1.16300293077, 2.26302731409, -0.0200962053154, 2.0480072376, 1.0, -1.0, 0.0, 1.0, 2.0, 1.0, 0.723517510956, 2.0, 3.0, 2.21482039732, 1.0, 95296.0, 634.0, 99407.0
1.54440237114, -1.0, 1.0, 2.0, 1.0, 2.0, 1.0, 2.0, 2.52257467821, 1.0, -1.0, 1.63468131144, 0.978850172135, 2.78648476331, -1.0, 2.0, 0.324869549263, 1.16427050777, 2.0, 2.0, 0.0, -1.0, -1.0, 1.0, 3.0, 0.0, 0.420622300159, -1.0, 3.0, -1.0, -0.312479421103, 3.0, 0.0, 3.0, 1.0, -1.0, 2.0, -0.659956186941, -0.669669945149, 2.67000876642, 3.0, 3.0, 3.0, 2.27915457894, 3.0, 2.0, 2.0, 1.0, 1.0, 1.0, 96154.0, 544.0, 99464.0
0.0, -1.0, 1.0, 1.0, 0.0, -1.0, 3.0, 2.96442163363, 2.0, 3.0, 3.0, -1.0, -1.0, -1.0, 2.0, 2.0, 0.0, 2.0, 2.0, 2.0, -1.0, 1.0, 3.0, 1.23157029132, 1.0, -1.0, -1.0, -0.0686523312822, 1.0, -1.0, 2.0, 0.0, 0.0, 3.0, 0.0, 1.0, -1.0, 3.0, 1.0, -1.0, 0.0, 1.0, 0.0, 2.0, 1.0, -1.0, 2.0, 0.0, -1.0, 2.0, 96073.0, 512.0, 99503.0
0.0, -1.0, 1.0, 1.0, 0.0, -1.0, 3.0, 2.96442163363, 2.0, 3.0, 3.0, -1.0, -1.0, -1.0, 2.0, 2.0, 0.0, 2.0, 2.0, 2.0, -1.0, 1.0, 3.0, 1.23157029132, 1.0, -1.0, -1.0, -0.0686523312822, 1.0, -1.0, 2.0, 0.0, 0.0, 3.0, -0.456645968862, 1.0, -1.0, 3.0, 1.0, -1.0, 0.0, 1.0, 0.0, 2.0, 1.0, -1.0, 2.0, 0.0, -1.0, 2.0, 96073.0, 512.0, 99503.0
3.0, -1.0, 1.0, 2.0, -0.969815225905, -1.0, -1.0, 0.0, 2.67790989116, 2.0, 2.0, 1.0, 0.0, 0.0, -1.0, 1.12452794488, 0.0, 2.0, -1.0, -1.0, -1.0, -1.0, 0.0, 2.0, 1.0, 2.97915344937, -1.0, 2.48446178084, 1.0, 0.869949621017, 3.0, -1.0, -1.0, 1.43961796553, 1.61553965143, 2.1133826649, 1.0, 1.45429017189, 0.372189488775, 2.0, 0.57740605139, 0.0, 1.0, -1.0, 3.0, 1.0, 0.16820760651, 1.0, -1.0, 1.0, 96054.0, 509.0, 99505.0
2.0, -1.0, 0.0, -1.0, 1.0, 3.0, -1.0, 1.36412103981, -0.460363341738, 2.0, -1.0, 2.0, 0.0, 0.0, 0.0, 3.0, 3.0, 2.0, 1.0, -1.0, 3.0, 0.0, -1.0, 1.0, 1.0, 3.0, 0.0, 0.23999978295, 2.0, 1.0, 0.0, 0.0, 1.0, 1.0, 1.0, -1.0, 3.0, 3.0, 0.0, 3.0, 0.0, 2.0, 2.0, 2.0, 1.18638190936, 1.0, 3.0, 1.0, -1.0, 1.0, 95637.0, 585.0, 99439.0
3.0, -1.0, 1.0, 0.0, 2.0, -1.0, -1.0, 0.0, 1.84245905044, 2.0, 2.0, 1.0, 0.0, 0.0, -1.0, 1.0, 0.0, 2.0, -1.0, -1.0, -1.0, -1.0, 0.972672275804, 2.0, 1.0, 3.0, -1.0, 2.0, 1.0, 0.0253820668662, 1.52037950692, -1.0, -1.0, 2.0, 0.0, 0.0, 1.0, 2.0, -1.0, 2.0, 1.0, 3.0, 0.55591053405, -1.0, 3.0, 1.0, 2.0, 1.0, -1.0, 1.0, 96099.0, 506.0, 99503.0
0.763403915528, -1.0, 0.0, 1.0, -1.0, 2.0, -1.0, 0.360140900363, -1.0, 1.0, 1.0, 3.0, 1.0, 1.87231479208, 2.0, 1.0, 0.0, 0.0, 3.0, -1.0, -0.0609404153575, 0.0, 1.0, -1.0, 0.0, 2.0, 2.0, -0.397033597017, -0.186511174903, 3.0, -1.0, 2.37688725877, 0.0, 2.0, 1.0, -0.752593242582, 2.0, -1.0, 0.944451448485, 1.8977633465, 2.42028610606, -1.0, 0.0, 3.0, 0.0, 2.0, -1.0, 0.0, -1.0, -1.0, 95796.0, 524.0, 99503.0
1.0, -1.0, 2.0, 0.0, 1.0, 2.77307262799, 2.0, 1.0, 2.0, 2.50648197433, -1.0, 1.06739368645, -1.0, 1.0, 3.0, 1.0, -1.0, -1.0, 1.0, 3.0, -1.0, -1.0, 1.0, 3.0, 0.952678069816, 0.0, 1.92740764024, 3.0, 2.0, 2.0, 1.0, 0.090116754615, -1.0, 2.63464187036, 0.0, -1.0, 2.28777249639, -1.0, -1.0, 2.0, -1.0, 0.0, 0.55591053405, 0.0, 0.0, 0.0, 0.0, 1.0, 1.0, -1.0, 96015.0, 518.0, 99503.0
1.54440237114, -1.0, 1.0, 2.0, 1.0, 2.0, 1.0, 2.0, 2.52257467821, 1.0, -1.0, 1.63468131144, 0.978850172135, 2.78648476331, 0.0, 2.0, 0.324869549263, 1.16427050777, 2.2769731432, 2.61950281438, 0.0, -1.0, -0.424813906543, 1.0, 3.0, 0.0, 0.420622300159, -1.0, 3.0, -1.0, -0.312479421103, 3.0, 0.0, 3.0, 1.0, -1.0, 2.0, -0.659956186941, -0.669669945149, 2.67000876642, 3.0, 3.0, 3.0, 0.983461676911, 3.0, 2.0, 2.39760996669, 1.0, 1.0, 1.19296968221, 95876.0, 575.0, 99437.0
3.0, 0.0, 0.0, 2.0, -1.0, 2.0, -1.0, 3.0, 1.0, 0.0, 3.0, 1.0, 2.0, 0.0, 0.0, 2.0, 1.0, 1.0, 0.688257274842, 1.34277433307, -0.203844739274, -1.0, -1.0, 2.0, 1.0, 2.0, 1.24295706736, 3.0, 2.0, -0.170434606599, 3.0, -1.0, 0.0, 0.0, 2.0, 1.0, 1.64842590973, 0.342180224137, 1.57111115008, 2.6548279013, -1.0, 0.0, 2.0, 2.0, 1.0, -0.541964867503, 2.0, 3.0, -1.0, 1.0, 95656.0, 589.0, 99434.0
0.0, 0.0, -1.0, -0.435921347722, 1.0, -1.0, -0.612005807044, 2.0, 3.0, 3.0, 2.90812930414, -0.186291030973, 2.0, 2.0, -1.0, 3.0, 1.0, 2.0, 2.0, -1.0, 3.0, 2.0, 2.0, 1.0, 3.0, 0.0, 1.0, 3.0, 0.0, 0.0, -0.353468756765, 2.0, 1.0, 0.0, 3.0, 0.0, 1.0, -1.0, -1.0, 2.0, 3.0, -1.0, 1.0, 0.0, 0.0, 1.0, 2.0, -1.0, -1.0, 1.0, 95781.0, 560.0, 99465.0
1.0, -1.0, 0.0, 2.0, -0.644215221765, 0.0, -1.0, 0.0, -1.0, -1.0, 1.0, -0.604908167177, 2.0, 1.0, 1.0, 3.0, 1.06114440541, 2.0, -1.0, 0.0, -1.0, 1.0, 1.0, 0.0, 1.0, 1.0, 2.313848933, 3.0, -0.0539219393728, 3.0, 3.0, 0.0, 0.0, -0.121152515492, -0.284675735881, 0.0, -1.0, -1.0, -1.0, 1.78741268499, 0.0, 3.0, 3.0, 0.0, 2.0, 2.0, 1.0560169647, -1.0, 2.9711988241, 2.0, 95871.0, 524.0, 99497.0
3.0, -1.0, -1.0, 0.0, 2.0, -1.0, 3.0, -1.0, 1.84424520729, 3.0, 2.0, -0.125628323419, -1.0, -0.942600740302, -1.0, 3.0, 0.0, 3.0, 2.0, -1.0, -1.0, -0.911952128143, 1.07673279488, 1.0, 2.0, 3.0, 1.0, 3.0, 2.0, 2.59977993797, 2.0, -1.0, 2.0, 1.0, -0.161362447145, 2.0, 1.0, -1.0, 2.0, 0.0, -1.0, 2.0, 1.66011652021, 0.0, 1.0, 0.0, 3.0, -1.0, -1.0, -0.537674654597, 96671.0, 469.0, 99536.0
3.0, 0.0, 0.808496663073, 2.0, -1.0, 2.0, -1.0, 3.0, 1.0, 0.0, 3.0, 1.0, 2.0, 0.0, 0.0, -0.0806424206299, 0.0, 1.0, -1.0, -0.584322516436, 1.0, -1.0, -1.0, 2.0, 1.0, 2.0, 3.0, 3.0, 2.0, 3.0, 3.0, -1.0, 0.0, 0.0, 2.0, 1.0, 3.0, -0.809376308537, 1.85767245264, 1.0, -1.0, 0.0, 1.0, 2.0, 1.0, 0.0, 2.63698933234, 3.0, -1.0, 0.405177867029, 95864.0, 557.0, 99464.0
0.0, -1.0, 2.0, -1.0, 2.0, -1.0, 1.0, 1.0, -1.0, -1.0, -0.787395814037, -1.0, -1.0, -0.683556251661, -1.0, 1.0, 0.0761774955817, 1.0, 3.0, 0.0, 2.0, 0.0, 2.0, 2.0, -1.0, -1.0, 2.0, 0.0, -1.0, 1.0, 1.0, -1.0, 1.0, 2.48562710042, 1.45559613443, 1.0, 3.0, 3.0, 0.0, 3.0, 1.0, -1.0, -1.0, 1.89427947934, 1.0, 0.0, 2.0, -1.0, 3.0, 1.0, 96576.0, 465.0, 99562.0
0.0, -1.0, 2.0, -0.193370501863, 2.0, -1.0, -0.802695181248, 0.423151576755, -0.950375951714, -1.0, -0.719422453677, -1.0, -1.0, -0.962395116512, -1.0, 1.0, 0.0761774955817, 2.26683919838, 3.0, 1.75789651433, 2.0, 0.0, 2.0, 0.773438598211, -1.0, -0.783334549398, 2.0, 0.0, -1.0, 2.41264031877, 2.28589543843, -1.0, 2.64338065488, 2.48562710042, 1.45559613443, 1.0, 3.0, 3.0, -0.484604168068, 3.0, 1.0, -1.0, -1.0, -0.89533758409, 1.0, 0.0, 2.0, -1.0, 3.0, 1.0, 96710.0, 456.0, 99570.0
3.0, -1.0, 1.0, 0.0, 2.67078081159, -1.0, -1.0, 0.0, 1.04365160404, 2.0, 2.0, 1.0, 0.0, 0.0, -1.0, 1.0, 0.0, 2.62498130122, -1.0, 0.686240912455, -1.0, -1.0, 0.972672275804, 2.0, 1.0, 3.0, -1.0, 0.0562121381711, 1.0, 0.0253820668662, 1.52037950692, -1.0, -1.0, 2.0, 0.0, 0.0, 1.0, 2.0, -1.0, 2.0, 1.0, 3.0, 0.55591053405, -1.0, 3.0, 1.10297508525, 2.0, 1.0, -1.0, 1.0, 95923.0, 519.0, 99490.0
0.0, -1.0, 1.0, 1.0, 0.0, -1.0, 3.0, 2.96442163363, 2.0, 3.0, 2.0, -1.0, -1.0, -1.0, 2.0, 2.0, 0.0, 2.0, 2.0, 2.0, -0.940142718878, 1.0, 3.0, 1.23157029132, 1.0, -1.0, -1.0, -0.0686523312822, 1.0, -1.0, 2.0, 0.0, 0.0, 3.0, 0.487109012733, 1.0, -1.0, 3.0, 1.0, -1.0, -1.0, -1.0, 0.0, 2.0, 1.0, -1.0, 2.0, 0.0, -1.0, 2.0, 96292.0, 483.0, 99524.0
0.0, -1.0, 0.0, 0.0, 1.99133140792, 1.0, 3.0, 2.0, -0.253715125324, 1.07596990676, 0.0, 3.0, 0.656933001833, 2.06000142953, 0.0, 2.0, 1.0, 1.0, 0.0, 0.0, -1.0, 2.0, 0.0, -0.396673382117, -0.762881135333, 2.0, 3.0, 2.0, 1.0, -0.370381424534, 2.0, 1.0, 2.83349882518, 0.0, 1.812495211, -1.0, -1.0, 2.0, -1.0, 2.17381351647, 2.0, 0.0, 1.0, 0.103611423836, 1.0, 1.70716244354, 1.6330932146, 1.0, -1.0, -1.0, 95225.0, 590.0, 99429.0
0.0, -1.0, 0.988989735939, -0.600635452071, 0.0, -1.0, 3.0, 2.97817405619, 2.94098809399, 3.0, 2.05923317921, -1.0, -1.0, -1.0, 2.0, 2.013332957, 0.0, 2.0, 2.0, 2.0, -0.940142718878, 1.0, 3.0, 0.580301259492, 1.0, -1.0, -1.0, 1.42372313135, 0.886782633481, -1.0, 2.0, 0.0, 0.0, 3.0, 1.69148627793, 0.869918161816, -1.0, 3.0, 1.0, -1.0, -0.807985721129, -1.0, 0.0, 2.0, 1.0, -1.0, 2.0, 0.0, -1.0, 2.0, 96544.0, 470.0, 99539.0
0.235032114739, 3.0, 1.0, 0.0, 1.0, 3.0, 1.0, 2.0, -1.0, 1.0, 2.0, 2.0, 0.0, 0.0, 2.0, 1.0, 1.0, 3.0, -1.0, 0.0, 2.0, 0.0, 1.0, 2.0, 1.47792936643, 0.0, 1.0, 0.0, -1.0, 0.0, 2.0, 3.0, 1.0, 0.0, 3.0, 0.0, -1.0, -1.0, 1.0, 3.0, -1.0, -1.0, 0.209620340718, 1.0, 2.89508372591, 0.0405679751615, -0.262762237495, 3.0, -1.0, 2.0, 95421.0, 580.0, 99446.0
3.0, -1.0, 1.0, 2.0, 2.0, -1.0, -1.0, 0.0, 3.0, 2.0, 2.0, 1.0, 0.0, 0.0, -1.0, 1.0, 0.0, 2.0, -1.0, -1.0, -1.0, -1.0, 0.0, 2.0, 1.0, 3.0, 1.20260124147, 2.0, 1.0, -1.0, 3.0, -1.0, -1.0, 0.437466629789, 0.0, 0.0, 1.0, 2.0, -1.0, 2.0, 1.0, 0.0, 1.0, -1.0, 3.0, 1.19254735443, 1.08531031734, 1.0, -1.0, 1.0, 96073.0, 504.0, 99505.0
3.0, -1.0, 1.0, 0.943999817028, 2.0, -1.0, -1.0, 0.0, 1.84245905044, 2.0, 2.0, 1.0, 0.0, 0.0, -1.0, 0.929153759042, 0.0, 2.0, -1.0, -0.517554172997, -1.0, -1.0, 0.0, 2.0, 1.0, 3.0, -1.0, 2.0, 1.0, -1.0, 1.52037950692, -1.0, -1.0, 2.0, 0.0, 0.0, 1.0, 2.0, -1.0, 2.0, 1.0, -0.997892530105, 0.55591053405, 0.0433249785685, 3.0, 1.0, 2.0, 1.0, -1.0, 1.0, 96091.0, 485.0, 99507.0
2.0, 2.0, 2.0, 3.0, 2.0, -1.0, 0.0, 3.0, 0.0, 3.0, 0.0, 0.0, 2.0, 1.0, 0.904572111692, 0.236815131123, -1.0, 2.0, 1.0, -1.0, 0.0, 1.0, 2.0, 1.0, 3.0, 1.0, 2.0, 3.0, 0.0, -1.0, 3.0, 3.0, 2.0, 2.03223419515, -1.0, 1.0, -1.0, 1.0, 0.0, 1.0, 0.0, -1.0, 0.0, 0.0, 0.0, 1.0, 3.0, -1.0, -1.0, -1.0, 95821.0, 559.0, 99466.0
2.0, 2.0, 2.0, 3.0, 2.0, -1.0, 0.0, 3.0, 0.0, 3.0, 0.0, 0.0, 2.0, 1.0, 0.904572111692, 0.236815131123, -1.0, 2.0, 1.0, -1.0, 0.0, 0.861656369855, 2.0, 1.0, 3.0, 1.0, 2.0, 3.0, 0.0, -1.0, 3.0, 3.0, 2.0, 2.03223419515, -1.0, 1.0, -1.0, 1.0, 0.0, 1.0, 0.0, -1.0, 0.0, 0.0, 0.0, 1.0, 3.0, -1.0, -1.0, -1.0, 95821.0, 559.0, 99466.0
3.0, 0.337356873506, 2.82693944563, 2.0, -0.709063609489, 2.0, 1.17989388073, 3.0, 1.0, -0.0694551016492, 3.0, 1.0, 2.0, 0.0, 1.0, 2.0, 1.0, 1.0, -1.0, 0.34514879821, 1.0, -1.0, -1.0, 2.0, 1.0, 2.0, 3.0, 0.679923176013, 2.0, 3.0, 3.0, -1.0, 0.0, 0.0, 2.0, 1.0, 3.0, -0.579606702618, 1.57111115008, 1.0, -1.0, 0.0, 1.0, 2.0, 1.0, 0.0, 2.0, 3.0, -1.0, 1.0, 95740.0, 582.0, 99444.0
-0.121218510515, -1.0, 0.0, 2.0, 0.0, 0.0, -1.0, 0.0, -1.0, -1.0, 1.0, 0.0, 2.0, 1.0, 1.0, 1.0, 0.0, 0.955312343734, -1.0, 0.0, -1.0, 1.0, 1.0, 2.0, 1.0, 1.0, 2.0, 3.0, 2.0, 3.0, 3.0, 0.0, 0.0, -1.0, 3.0, 0.0, -1.0, -1.0, -1.0, 0.0, 0.285493659351, 1.78276220887, 3.0, -0.73965029163, 2.0, 2.39463287615, 0.874722237474, -1.0, 0.23618126198, 1.19759181406, 95764.0, 528.0, 99503.0
-1.0, -1.0, 0.0, 1.0, -1.0, 2.0, -1.0, 0.360140900363, -1.0, 1.0, 1.0, 3.0, 1.0, 1.87231479208, 2.0, 1.0, 0.0, 0.0, 3.0, -1.0, -0.0609404153575, 0.0, 1.0, -1.0, 0.0, 2.0, 2.0, 2.0, -0.186511174903, 3.0, -1.0, 0.0888123594203, 0.0, 2.0, 1.0, -0.752593242582, 2.0, -1.0, 0.0, 1.8977633465, 2.42028610606, -1.0, 0.0, 3.0, 0.0, 2.0, -1.0, 0.0, -1.0, -1.0, 95990.0, 507.0, 99520.0
0.0, -1.0, 1.0, 1.0, 0.0, -1.0, 3.0, 2.96442163363, 2.0, 3.0, 2.05923317921, -1.0, -1.0, -1.0, 2.0, 2.0, 0.0, 2.0, 2.0, 2.0, -0.940142718878, 1.0, 0.198876742616, 1.23157029132, 1.0, 1.369173298, -1.0, -0.0686523312822, 1.0, -1.0, 2.0, 0.26768764549, 0.392294921235, 3.0, 1.69148627793, 1.0, -1.0, 3.0, 1.0, -1.0, 0.0, -1.0, 0.0, 2.0, -1.0, -1.0, 2.23760037427, 0.0, 3.0, 2.0, 96023.0, 514.0, 99499.0
0.0, -1.0, 0.0, 0.0, 1.0, -1.0, -1.0, 3.0, 2.04445158864, 0.0, 1.0, 2.0, 2.0, 1.0, 2.0, 0.0, 3.0, 2.0, 0.0, 1.0, 0.0, -1.0, 1.30451864921, -1.0, 2.0, -0.946724826705, 3.0, 1.0, 2.0, -1.0, 1.0, 0.0, 2.0, -1.0, 3.0, 1.0, 2.0, 2.0, 0.0, 0.0, 1.0, -1.0, -1.0, 0.984582531496, 1.0, 0.120692549678, 0.0, -1.0, 3.0, 0.0, 95662.0, 550.0, 99486.0
-0.121218510515, -1.0, 0.0, 2.0, -0.282777060088, 0.0, -1.0, 0.0, 3.0, -0.964167149879, 2.0, 0.0, 0.0, 1.0, -0.761067197947, 1.0, 0.0, 0.955312343734, -1.0, 0.0, -1.0, 1.0, 0.0, 2.0, 0.30886552627, 1.0, 2.0, 3.0, 2.26185421807, -1.0, 3.0, 0.0, 0.0, -1.0, 3.0, 0.0, -1.0, -1.0, -1.0, 0.0, 0.862983302712, 3.0, 3.0, -0.73965029163, 2.34204079764, 2.39463287615, 1.13941449354, -1.0, 0.23618126198, 2.36371054915, 95817.0, 516.0, 99511.0
2.0, -1.0, 1.35212293916, -1.0, 1.0, 3.0, -1.0, 1.0, 0.43843446201, 2.0, -1.0, 2.72516234661, 0.0, 0.0, -1.0, 2.0, 3.0, 2.0, 1.0, -1.0, 3.0, 0.0, -1.0, 1.0, 1.0, 3.0, 0.0, 0.23999978295, 2.0, -0.290801231729, 0.0, -0.226904941789, 1.42164782793, 1.0, 1.0, -1.0, 3.0, 3.0, 0.0, 3.0, -0.730383908786, 3.0, 1.46487751259, 2.0, 2.09179714034, 1.0, 3.0, 1.0, -1.0, 1.0, 95914.0, 558.0, 99462.0
-1.0, -1.0, -1.0, -1.0, 0.0, 1.0, 1.0, 0.0, 0.0, -1.0, 0.0, 0.0, 2.0, 2.10827212859, 3.0, 2.0, 2.0, 1.0, 1.0, 1.0, -1.0, -1.0, -1.0, 2.0, -1.0, 3.0, 3.0, 0.0, -1.0, 0.0, -1.0, 2.0, 1.0, 3.0, -1.0, -1.0, 0.0, 3.0, 2.0, 2.0, -1.0, 1.0, 1.50810033682, 3.0, 1.13971128569, 3.0, 2.0, 1.1405707683, -1.0, 2.0, 96543.0, 471.0, 99542.0
0.452560100753, -1.0, -0.885660291839, 2.0, 0.0, 0.0, -1.0, 0.0, -1.0, -1.0, 1.0, 0.0, 2.0, 1.0, 1.0, 1.0, 0.687905251912, 2.05302155198, -1.0, 0.0, -1.0, 1.0, 0.242123102216, 2.0, -0.330184413273, 1.0, 2.56017077586, 3.0, 0.329835967173, 3.0, 3.0, 0.0, 0.0, -1.0, 3.0, 0.0, -1.0, -1.0, -1.0, 0.0, 0.0963085806713, 3.0, 3.0, 1.48628851492, 2.0, 2.39463287615, 0.874722237474, -1.0, 0.23618126198, 2.0, 95795.0, 525.0, 99504.0
0.0, -1.0, -0.0570131630438, 2.0, -1.0, 2.0, 1.0, 2.0, 2.52257467821, 1.0, -1.0, 1.63468131144, 3.0, 2.62023131587, -1.0, 2.0, 0.324869549263, 1.16427050777, 0.393059532832, 2.0, 0.0, -1.0, -1.0, 1.0, 3.0, 0.0, 1.0, -1.0, 3.0, -1.0, -0.312479421103, 3.0, 0.0, 3.0, 1.0, -1.0, 2.0, -0.727000154759, -0.669669945149, 2.67000876642, 3.0, 3.0, 3.0, 2.27915457894, 3.0, 2.0, 2.0, 1.0, 1.0, -0.119083849636, 96118.0, 534.0, 99476.0
3.0, 0.0, 0.0, 2.0, -1.0, 2.0, 0.406485215846, 2.80653905207, 1.0, 0.0, 3.0, 1.0, 2.0, 0.0, 0.0, 2.0, 1.0, 1.0, -1.0, 1.34277433307, 1.0, -1.0, -1.0, 2.0, 1.0, 2.0, 1.58792690523, 3.0, 1.40402460474, -0.170434606599, 3.0, -1.0, 0.0, 0.0, 2.0, 1.0, 1.64842590973, 0.342180224137, 1.57111115008, 1.0, -1.0, 0.0, 1.0, 2.0, -0.250185078913, -0.541964867503, 2.0, 0.813632257054, -1.0, 1.0, 95508.0, 584.0, 99443.0
-0.121218510515, -1.0, 0.0, 2.0, 0.0, 0.0, -1.0, 0.0, 3.0, -1.0, 2.0, 0.0, 0.0, 1.0, 1.0, 1.0, 0.0, 0.955312343734, -1.0, 0.0, -1.0, 1.0, 0.0, 2.0, 0.30886552627, 1.0, 2.0, 3.0, 2.0, 3.0, 3.0, 0.0, 0.0, -1.0, 3.0, 0.0, -1.0, -1.0, -1.0, 0.0, 0.137921164241, 3.0, 3.0, -0.73965029163, 2.34204079764, 2.39463287615, 0.874722237474, -1.0, 0.23618126198, 2.0, 95653.0, 545.0, 99489.0
2.0, -1.0, 0.0, -1.0, 1.0, 3.0, -1.0, 1.0, 0.0, 2.0, -1.0, 2.0, 0.0, 0.0, 0.0, 2.0, 3.0, 2.0, 1.0, -1.0, 2.16142145371, 0.0, -1.0, 1.0, 0.328364731038, 3.0, 0.0, 0.23999978295, 2.5944903005, -0.876520377402, 0.0, 0.0, 0.61494339029, 1.0, 1.0, -1.0, 3.0, 3.0, 0.0, 3.0, 0.0, 2.0, 2.0, 2.0, 2.09179714034, 1.0, 3.0, 1.0, -1.0, 1.0, 95721.0, 568.0, 99451.0
3.0, 0.0, 0.0, 2.0, -1.0, 2.0, -1.0, 3.0, 1.0, 0.0, 3.0, 1.0, 2.0, 0.0, 0.0, 2.0, 1.0, 1.0, -1.0, 1.34277433307, 1.0, -1.0, -1.0, 2.0, 1.0, 2.0, 1.24295706736, 3.0, 2.0, -0.170434606599, 3.0, -1.0, 0.0, 0.0, 2.0, 1.0, 1.64842590973, 0.342180224137, 1.57111115008, 1.0, -1.0, 0.0, 1.0, 2.0, -0.250185078913, -0.541964867503, 2.0, 0.813632257054, -1.0, 1.0, 95580.0, 572.0, 99450.0
1.0, -1.0, 0.0, 2.0, 0.0, 0.0, -1.0, 0.0, -1.0, -1.0, 1.0, -0.604908167177, 2.0, 1.0, 1.0, 3.0, 0.0, 2.0, -1.0, 0.0, -1.0, 1.0, 1.0, 0.0, 1.0, 1.0, 2.0, 3.0, -0.0539219393728, 3.0, 3.0, 0.0, 0.0, -1.0, 1.5005437755, 0.0, -1.0, -1.0, -1.0, 1.78741268499, 0.0, 3.0, 3.0, 0.0, 2.0, 2.0, 0.0, -1.0, 2.9711988241, 2.0, 95859.0, 524.0, 99498.0
-1.0, 0.0, 1.0, 1.40464119433, -1.0, -1.0, -1.0, 2.32425960794, -1.0, 1.0, 0.0, -0.927997558596, -1.0, 1.0, 2.0, -1.0, -1.0, 0.0, 1.0, 0.115093543046, 2.0, 2.0, -1.0, 2.0, -1.0, 0.0, 3.0, 1.0, 2.0, -1.0, 1.0, -1.0, 0.0, 1.0, 1.92826963375, 3.0, 2.0, 1.84747758193, 0.0, -1.0, 3.0, -0.111655786197, 1.36128132485, 0.651666591891, -1.0, 0.804837101747, 2.04136793061, -1.0, -0.406710680112, 0.0, 96332.0, 481.0, 99559.0
3.0, 0.0, 0.0, 2.0, 1.97475601489, 2.0, -0.578511764896, 3.0, 1.0, 0.0, 3.0, 1.0, 2.0, -0.797840804256, 0.0, 2.0, 1.0, 1.0, -1.0, 0.0, 1.0, -1.0, 2.01757790715, 2.0, 1.0, 2.32244862878, 3.0, 3.0, 2.0, 3.0, 3.0, -1.0, 0.0, 0.0, 2.0, 1.0, 3.0, 0.0, 2.37311618753, 1.0, -1.0, 0.0, 1.0, 2.0, 1.0, 0.0, 2.0, 3.0, -1.0, 1.0, 95627.0, 600.0, 99422.0
1.02355239003, -1.0, -1.0, 3.0, -1.0, 3.0, -1.0, 1.0, 2.0, 0.915970552227, 0.0, 3.0, 2.0, 2.0, 3.0, 0.0, 2.07026507695, 3.0, 1.0, 0.0, 1.0, -1.0, 0.0192059355305, -1.0, 2.0, 0.0, 2.0, 3.0, 0.0577253476779, 1.0, 2.0, 0.0, 0.0, 2.0, -1.0, -1.0, 3.0, 2.0, 3.0, 0.0, 3.0, 0.0, 2.0, 2.0, 1.0, 1.0, 0.0, 2.0, -0.883529291727, 0.0, 95678.0, 579.0, 99447.0
-0.121218510515, -1.0, 0.0, 0.0, 0.0, 0.0, -1.0, 0.0, -1.0, -1.0, 1.0, 1.61528279769, 2.0, 1.0, 1.0, 0.231419857736, 0.0, 1.38834358719, -1.0, 0.0, -1.0, 1.0, 1.15264749111, 2.0, 1.0, 1.0, 2.31801071949, 3.0, 2.0, 1.23314734443, 3.0, 0.0, 0.0, 1.0, 3.0, 0.0, -1.0, 0.356734257775, -0.987047230884, 0.0, 0.137921164241, 2.11887445828, 3.0, 1.49954081163, 2.0, 2.39463287615, 0.874722237474, -1.0, 0.23618126198, 2.0, 95335.0, 566.0, 99462.0
3.0, -1.0, 1.0, 2.0, -0.075129723156, -1.0, -1.0, 0.0, -1.0, 2.0, 1.0, 1.0, 2.0, 0.0, 0.976407940278, 1.0, 0.0, 2.0, -1.0, -1.0, -1.0, -1.0, 1.0, 2.0, 1.0, 2.96928145063, -1.0, 2.0, 1.0, -1.0, -0.76280112584, 1.03032685609, -1.0, 2.0, 1.61553965143, 1.6274809909, 1.0, 2.0, -1.0, 2.0, 1.0, 1.14038891501, 1.0, -1.0, 3.0, 1.0, 2.0, 1.0, -1.0, 1.0, 96348.0, 478.0, 99526.0
3.0, -1.0, 1.0, 2.0, -0.075129723156, -1.0, -1.0, 0.0, -1.0, 2.0, 1.0, 1.0, 2.0, 0.0, 0.976407940278, 1.0, 0.0, 2.0, -1.0, -1.0, -1.0, -1.0, 1.0, 2.0, 1.0, 2.96928145063, -1.0, 2.0, 1.0, -1.0, -0.76280112584, 1.03032685609, -1.0, 2.0, 1.61553965143, 1.6274809909, 1.0, 2.0, -1.0, 2.0, 1.0, 1.14038891501, 1.0, -1.0, 3.0, 1.0, 2.0, 1.0, -1.0, 1.0, 96348.0, 478.0, 99526.0
1.02355239003, -1.0, -1.0, 3.0, 0.424271078771, 3.0, -1.0, 1.0, 2.0, 0.915970552227, 0.0, 3.0, 2.0, 2.0, 3.0, 0.0, 2.07026507695, 3.0, 1.67423339752, 0.0, 1.0, -1.0, 0.0192059355305, 0.132353752442, 2.0, 0.0, 2.0, 3.0, 0.0577253476779, 1.0, 2.0, 0.0, 0.0, 2.0, -1.0, -1.0, 3.0, 2.0, 3.0, 0.0, 3.0, 0.0, 2.0, 2.0, 1.0, 1.0, 0.0, 2.0, -0.883529291727, 0.0, 95417.0, 601.0, 99420.0
3.0, 0.0, 0.0, 2.0, 0.801899346144, 2.0, -0.365028687335, 3.0, 1.0, 0.0, 3.0, 1.0, 2.0, 0.0, -0.905088490894, 2.0, 1.0, 1.0, 0.76068707335, 0.0, 1.08037088661, -1.0, -1.0, -0.328099785293, 2.05350269636, 1.0, 3.0, 2.01404692733, 0.854873295456, 3.0, 3.0, 1.54716634271, 0.0, 0.0, 2.0, 1.16300293077, 2.26302731409, -0.0200962053154, 2.53027837667, 1.0, -1.0, 0.0, 1.0, 2.0, 2.68217251781, 0.723517510956, 2.0, 3.0, 2.21482039732, 1.0, 95305.0, 644.0, 99398.0
-0.0585037198365, -1.0, 2.0, -1.0, 2.0, -1.0, -0.943408652073, 1.0, -1.0, -1.0, -0.719422453677, -1.0, -1.0, -0.683556251661, -1.0, 1.0, 0.0761774955817, 1.0, 3.0, 1.75789651433, 2.0, 0.0, 2.0, 2.0, -1.0, -1.0, 2.0, 0.0, -0.100576943824, 1.0, 1.0, -1.0, 1.0, 2.48562710042, 1.45559613443, 1.0, 3.0, 3.0, 0.0, 3.0, 1.80576528178, -1.0, -1.0, 2.41676344905, 1.0, 1.28074549958, 2.0, -1.0, 3.0, 1.0, 96580.0, 469.0, 99555.0
0.235032114739, 3.0, 1.0, -0.0294209190803, 1.0, 3.0, 1.0, 2.68410029639, -1.0, 1.0, 2.05923317921, 2.0, 0.0, 0.0, 2.0, 1.0, 1.0, 3.0, -1.0, 0.160531333809, 2.0, 0.0, 1.0, 2.0, 2.0, 0.0, 0.886937376326, 0.0, -1.0, 0.0, 2.0, 3.0, -0.718480226143, 0.0, 3.0, -0.76855633864, -1.0, -1.0, 1.0, 3.0, 0.0, -1.0, 0.209620340718, 1.0, 2.89508372591, 2.0, -0.262762237495, 3.0, -1.0, 2.0, 95579.0, 571.0, 99457.0
0.235032114739, 3.0, 0.919448848834, 0.0, 1.0, 3.0, -1.0, 2.0, 0.936999023117, 1.0, 2.0, 2.0, 0.0, 0.0, 2.0, 1.0, -0.2465045904, 1.279841777, -1.0, 0.0, 2.59271777302, 0.0, 0.21406488583, 2.0, 2.0, 0.0, 1.0, -0.535884755498, -1.0, 0.0, 2.0, 3.0, 2.16787876267, 0.383820171175, 3.0, 0.0, -1.0, -1.0, 1.0, 3.0, -1.0, -1.0, 1.0, 1.0, 2.89508372591, 2.0, -0.262762237495, 3.0, -1.0, 2.0, 95573.0, 566.0, 99458.0
0.0, -1.0, 2.0, 0.0, 1.0, 3.0, 2.0, 1.0, 2.0, 2.0, -1.0, 0.0, -1.0, 1.12249533131, 3.0, 1.38196965065, -0.453069922966, -1.0, 0.960234394176, 3.0, -1.0, -1.0, 1.0, 3.0, -1.0, 0.0, 3.0, 3.0, 2.0, 2.0, 1.0, 1.0, 0.720408616672, 2.0, 0.0, -1.0, 3.0, -1.0, -1.0, 2.0, -1.0, 0.0, 3.0, 0.0, 0.0, 0.0, 0.0, 1.0, 1.0, -1.0, 95816.0, 530.0, 99481.0
3.0, -1.0, 1.0, 1.05270411856, -0.978587838835, -1.0, -1.0, 0.0, 2.67790989116, 2.0, 2.0, 1.0, 0.0, 0.0, -1.0, 1.12452794488, 0.0, 0.193441457694, -1.0, -1.0, -1.0, 0.693681740591, 0.0, 0.990869580894, 1.0, 2.98943276224, -1.0, 1.0, 1.31133002519, 0.869949621017, 3.0, -1.0, -1.0, 1.43961796553, 1.61553965143, 2.1133826649, 1.0, 1.45429017189, 0.372189488775, 2.0, 0.57740605139, 0.0, 1.0, -1.0, 3.0, 1.0, 0.133541315541, 1.0, -1.0, 1.0, 95816.0, 528.0, 99499.0
-1.0, 0.0, 1.0, -1.0, -1.0, -1.0, -1.0, 2.0, -1.0, 1.0, 0.0, 0.0, -1.0, 1.0, 2.0, -1.0, -1.0, 0.286099575653, 1.0, 0.115093543046, 2.0, 2.0, -1.0, 1.31637661605, -1.0, 0.0, 3.0, 1.0, 2.0, -1.0, 1.0, -1.0, 0.0, 1.0, 0.0, 3.0, 2.0, 1.0, -0.484604168068, -1.0, 3.0, 0.0, 2.0, 1.0, -1.0, 2.0, 2.0, -1.0, -0.14696599085, 0.0, 96291.0, 482.0, 99563.0
0.452560100753, -1.0, -0.885660291839, 2.0, 0.0, 0.0, -1.0, 0.0, -1.0, -1.0, 1.0, 0.0, 2.0, 1.0, 1.0, 1.0, 0.687905251912, 2.05302155198, -1.0, 0.0, -1.0, 1.0, 0.242123102216, 2.0, 1.0, 1.0, 2.56017077586, 3.0, 0.329835967173, 3.0, 3.0, 0.0, 0.0, -1.0, 3.0, 0.0, -1.0, -1.0, -1.0, 0.0, 0.137921164241, 3.0, 3.0, -0.73965029163, 2.0, 2.39463287615, 0.874722237474, -1.0, 0.23618126198, 2.0, 95956.0, 515.0, 99520.0
0.235032114739, 3.0, 0.919448848834, 0.0, 1.0, 3.0, 1.0, 2.0, 0.936999023117, 1.0, 2.0, 2.0, 0.0, 0.0, 2.0, 1.0, -0.2465045904, 0.615752927551, -1.0, 0.0, 2.59271777302, 0.0, 1.0, 2.0, 2.0, 0.0, 1.0, -0.535884755498, -1.0, 0.0, 2.0, 3.0, 1.39015253011, 0.0, 3.0, 0.0, -1.0, -1.0, 1.0, 3.0, -1.0, -1.0, 1.0, 1.0, 2.89508372591, 2.0, -0.262762237495, 3.0, -1.0, 2.0, 95532.0, 578.0, 99451.0
0.0, -1.0, -0.0570131630438, 0.780351203318, -1.0, 2.0, 0.539820758003, 2.0, 2.52257467821, 1.0, -1.0, 0.0, 3.0, 2.62023131587, 0.0253829988683, 2.0, 0.324869549263, 1.16427050777, 0.393059532832, 2.0, 0.0, -1.0, -1.0, 1.0, 3.0, 0.0, 1.0, -1.0, 3.0, -1.0, -0.312479421103, 3.0, 0.720094587317, 3.0, 1.0, -1.0, 2.50520479329, -0.727000154759, -0.669669945149, 2.67000876642, 3.0, 3.0, 0.63706282297, 0.783160722274, 2.0, 2.12755999783, 2.21131948323, 1.76182176501, 1.0, -0.119083849636, 95847.0, 546.0, 99466.0
0.0, -1.0, -0.0570131630438, 0.780351203318, -1.0, 2.0, 0.539820758003, 2.0, 2.52257467821, 1.0, -1.0, 0.0, 3.0, 2.62023131587, 0.0253829988683, 2.0, 0.324869549263, 1.16427050777, 0.393059532832, 2.0, 0.0, -1.0, -1.0, 1.0, 3.0, 0.0, 1.0, -1.0, 3.0, -1.0, -0.312479421103, 3.0, 0.720094587317, 3.0, 1.0, -1.0, 2.50520479329, -0.727000154759, -0.669669945149, 2.67000876642, 3.0, 3.0, 0.63706282297, 0.783160722274, 2.0, 2.12755999783, 2.38357308756, 1.76182176501, 1.0, -0.119083849636, 95847.0, 546.0, 99466.0
0.104126239268, 3.0, 1.45206740016, 0.0, 1.01113433606, 1.01491327286, 3.0, 0.0, -0.282210207119, 0.732974831114, 2.0, 2.0, 1.0, -1.0, 2.0, 3.0, 3.0, -1.0, 1.0, 1.0, 1.0, -1.0, -1.0, 0.0, 3.0, 1.56718430411, 2.0, 2.0, 3.0, -1.0, 2.0, 1.0, 2.74407507165, 2.0, 2.76501979671, 2.0, -1.0, 0.0, -1.0, 1.47427708993, 0.0, -0.0225825663934, 1.0, 1.0, 2.17672310925, -1.0, 1.13941449354, 2.36361638575, -1.0, -0.290971753233, 95748.0, 563.0, 99455.0
0.452560100753, -1.0, 0.97790000349, 2.0, 0.0, 0.480950114198, -1.0, 0.0, 2.04445158864, -1.0, 1.0, 0.0, 2.0, 1.0, 1.0, 1.0, -0.339148725756, 2.05302155198, -1.0, 0.0, -1.0, 1.0, 0.242123102216, 1.95226884517, -0.330184413273, 1.0, 2.56017077586, 3.0, 0.329835967173, 3.0, 3.0, 0.0, 0.0, -1.0, 3.0, 0.0, -1.0, -1.0, -1.0, 0.0, 0.0963085806713, 3.0, 3.0, 1.48628851492, 2.0, 2.39463287615, 0.874722237474, -1.0, 0.23618126198, 2.0, 95543.0, 555.0, 99473.0
-1.0, 0.0, 3.0, -0.874264609092, 0.0, 0.0, -1.0, 2.0, 1.0, -1.0, 0.0, -0.80010021579, -1.0, 2.0, 2.95813643607, -1.0, 0.0, 2.0, 3.0, 0.0, -1.0, 2.0, 0.198876742616, 2.81177359564, 0.0, -0.0731424892443, 1.0, -1.0, 0.0, -1.0, -1.0, -1.0, 3.0, 1.0, 1.0, 2.0, 0.0, 1.0, -1.0, 1.0, 1.0, 3.0, -1.0, 0.509136942596, -1.0, 2.0, -1.0, -1.0, 3.0, -1.0, 96749.0, 456.0, 99598.0
0.0, 0.0, -1.0, 0.0, 1.0, -1.0, 1.0, 2.0, 1.25707583015, 3.0, 3.0, 0.0, 2.98473836471, 2.0, 1.06008986454, 3.0, 1.0, 2.0, 2.0, -0.459060400566, 1.89067560179, 0.990656880331, 2.0, 0.212029284759, 3.0, 0.0, 0.876163759646, 2.48446178084, 0.0, 0.0, 1.0, 2.0, 1.0, 0.0, 3.0, 0.0, 1.0, -1.0, -0.267755385146, 1.43087064838, 3.0, -1.0, 0.935455334105, 0.0, 0.0, 1.0, 2.0, -1.0, -1.0, -0.909148764244, 95290.0, 598.0, 99434.0
3.0, 0.0, -0.00619382673927, 2.0, 1.97475601489, 2.0, -0.927537386721, 3.0, 1.0, 0.0, 3.0, 1.0, 2.0, -0.797840804256, 0.0, 2.0, 1.62837920027, 1.0, -1.0, 0.0, 0.237123490853, -1.0, 2.01757790715, 2.0, 1.0, 2.32244862878, 2.66010211113, 1.56636702519, 2.0, 3.0, 3.0, -1.0, 0.0, 0.0, 2.0, 2.79408134405, 3.0, 0.0, 2.81374969576, 1.0, -1.0, 0.0, 1.0, 2.0, 1.0, 0.0, 2.0, 3.0, -1.0, 1.0, 95660.0, 600.0, 99422.0
2.42083361585, 2.49190433687, -1.0, 1.66599969912, 0.0, 2.0, 0.953244106935, 1.0, 1.0, 2.6307474935, 2.0, -1.0, 1.0, -1.0, 1.74473430565, 0.0, 0.27339432884, -0.374328272096, 2.0, -1.0, -1.0, -0.485047724052, 1.0, 3.0, 2.0, 0.0, 0.0, 0.362943851607, 3.0, 2.0, 1.0, 0.0, 0.604100651782, 2.0, 0.0, 2.29949566398, -1.0, 0.0, 0.0, 1.0, 2.91417846407, 3.0, 1.61359630633, 1.0, 0.0, 3.0, 1.5215464793, 1.20454802004, 2.0, 3.0, 95435.0, 622.0, 99426.0
-1.0, 0.0, 3.0, -0.874264609092, 0.0, 0.0, -1.0, 2.0, 1.25934563458, -1.0, 0.0, -0.80010021579, -1.0, 2.0, 2.95813643607, -1.0, 0.0, 2.0, 3.0, 0.0, -1.0, 2.0, 0.198876742616, 2.81177359564, 0.0, -0.0731424892443, 0.593438308176, -1.0, 0.0, -1.0, -1.0, -1.0, 2.61189766058, 1.0, 1.0, 2.0, 0.0, 1.0, -1.0, 1.0, 1.0, 3.0, -1.0, 0.509136942596, -1.0, 2.0, -1.0, 1.23505040342, 3.0, -1.0, 96604.0, 475.0, 99581.0
1.0, -0.687403716091, 2.0, 0.0, 1.0, 1.59322947549, 0.521161052578, 1.0, 2.0, 0.90466695246, 0.624579436586, 0.0, -1.0, 1.0, 3.0, 1.45607971351, -1.0, -1.0, -1.0, 3.0, -1.0, -1.0, -0.562704497596, 3.0, -1.0, 0.0, 3.0, 3.0, -0.393813887562, 2.0, -0.043376861441, 1.0, -1.0, 2.0, 0.0, -1.0, 0.0, -1.0, -1.0, 2.0, -1.0, 0.0, 3.0, 0.0, 0.0, 1.96409937716, 0.732366558023, 1.0, 1.0, -1.0, 96235.0, 485.0, 99538.0
3.0, 0.0, 0.0, 2.0, -1.0, 2.0, -1.0, 3.0, 1.0, 0.0, 3.0, 1.0, 2.0, 0.0, 0.0, 2.74428346696, 0.0, 1.0, -1.0, 0.0, 1.0, -1.0, -1.0, 2.0, 1.0, 2.0, 3.0, 3.0, 2.0, 3.0, 3.0, -1.0, 0.0, 0.0, 2.00661561388, 1.0, 3.0, 0.0, 2.0, 1.0, 2.42028610606, 0.0, 1.0, 2.0, 1.0, 0.0, 2.0, 3.0, -1.0, 1.0, 95547.0, 603.0, 99426.0
-1.0, 0.0, 1.0, -1.0, -1.0, -1.0, -1.0, 2.01963695199, -1.0, 1.0, 0.0, 0.0, -1.0, 1.0, 2.0, -1.0, -1.0, 0.0, 1.0, 0.640009702862, 2.0, 2.0, -1.0, 2.0, -1.0, 0.0, 3.0, 1.0, 2.0, -1.0, 0.686979720464, -1.0, -0.472088746521, 1.0, 0.0, 1.04987583946, 2.0, 1.0, 0.0, -1.0, 3.0, 0.0, 2.0, 1.0, -1.0, 2.0, 2.0, -1.0, -0.14696599085, 0.0, 96321.0, 482.0, 99563.0
-1.0, 0.0, 1.0, 1.40464119433, -1.0, -1.0, -1.0, 2.32425960794, -1.0, 1.0, 0.0, -0.927997558596, -1.0, 1.0, 2.0, -1.0, -1.0, 0.0, 1.0, 0.115093543046, 2.0, 2.0, -1.0, 2.0, -1.0, 0.0, 3.0, 1.0, 2.0, -1.0, 1.0, -1.0, 0.0, 1.0, 0.0, 3.0, 2.0, 1.84747758193, 0.0, -1.0, 3.0, -0.111655786197, 2.0, 0.651666591891, -1.0, 2.0, 2.0, -1.0, -0.14696599085, 0.0, 96355.0, 481.0, 99559.0
0.0, -1.0, 2.0, -1.0, 2.0, -1.0, 1.0, 1.0, -1.0, -1.0, -0.719422453677, -1.0, -1.0, -0.683556251661, -1.0, 1.0, 0.0761774955817, 1.0, 3.0, 1.75789651433, 2.0, 0.0, 2.0, 2.0, -1.0, -1.0, 2.0, 0.0, -1.0, 1.0, 1.0, -1.0, 1.0, 2.48562710042, 1.45559613443, 1.0, 3.0, 3.0, 0.0, 3.0, 1.0, -1.0, -1.0, 1.89427947934, 1.0, 0.0, 2.0, -1.0, 3.0, 1.0, 96640.0, 465.0, 99562.0
3.0, -1.0, 1.29603378275, 2.73385846349, -0.978433946406, 2.0, -1.0, 0.0, 3.0, 2.0, 2.37626983413, 1.0, 0.0, -0.759765632828, -1.0, 1.0, 0.0, 0.0390364456721, -1.0, -1.0, -1.0, -1.0, 0.0, 2.0, 1.0, 2.96928145063, -1.0, 2.0, 1.0, -1.0, 3.0, -1.0, -1.0, 2.0, 1.61553965143, 1.6274809909, 1.0, 2.0, -1.0, 2.0, 2.01229751212, 0.0, 1.0, -1.0, 3.0, 1.0, 2.0, 1.0, -1.0, 1.0, 96473.0, 478.0, 99529.0
-1.0, 0.0, 0.0, 2.0, -1.0, 2.0, -1.0, 0.805309319931, 1.0, 0.0, 3.0, 1.0, 2.0, 0.0, 2.0, 2.0, 1.0, 1.0, -1.0, 0.0, 1.0, -1.0, 1.07488352775, -0.328099785293, 2.05350269636, 2.0, 3.0, 3.0, 2.0, 3.0, 3.0, -1.0, 0.0, 0.0, 0.0, 1.16300293077, 2.0, -0.0200962053154, 2.0, 1.0, -0.486392154567, 0.0, 0.852125031262, 2.0, -0.99141817667, 0.723517510956, 2.0, 3.0, -1.0, 1.0, 95485.0, 592.0, 99441.0
3.0, 0.0, 0.0, 2.0, -1.0, 2.0, -1.0, 3.0, 1.0, 0.0, 3.0, 1.0, 2.0, 0.0, 0.0, 2.0, 1.0, 1.0, -1.0, 1.34277433307, 1.0, -1.0, -1.0, 2.0, 1.0, 2.0, 1.24295706736, 3.0, 2.0, -0.170434606599, 3.0, -1.0, 0.0, 0.0, 2.0, 1.0, 1.64842590973, 0.342180224137, 1.57111115008, 1.0, -1.0, 0.0, 1.0, 2.0, 1.0, -0.541964867503, 2.0, 3.0, -1.0, 1.0, 95689.0, 572.0, 99450.0
-1.0, -1.0, 0.0, 1.0, 3.0, 2.0, -1.0, 1.0, -1.0, 1.0, 1.0, 3.0, 1.0, 2.0, 2.0, 1.0, 0.0, 0.0, 3.0, -1.0, -0.0609404153575, 0.0, 1.0, -1.0, 0.0, 2.0, 2.0, 2.0, -0.186511174903, 3.0, -1.0, 0.0888123594203, 0.0, 2.0, 1.0, 1.0, 2.0, -1.0, 0.0, 1.8977633465, 2.42028610606, -1.0, 0.0, 3.0, 0.0, 2.0, -1.0, 0.0, -1.0, -1.0, 95901.0, 530.0, 99499.0
2.0, -1.0, 0.0, -1.0, 1.0, 3.0, -1.0, 1.0, 0.0, 2.0, -1.0, 2.0, 0.0, 0.0, 0.0, 2.0, 3.0, 2.0, 1.0, -1.0, 3.0, 0.0, -1.0, 1.0, 1.0, 3.0, 0.0, 0.23999978295, 2.0, 1.0, 0.0, 0.0, 1.0, 1.0, 1.0, -1.0, 3.0, 3.0, 0.0, 3.0, 0.0, 2.0, 2.0, 2.0, 2.09179714034, 1.0, 3.0, 1.0, -1.0, 1.0, 95640.0, 585.0, 99439.0
0.452560100753, -1.0, -0.885660291839, 2.35540120246, 0.0, 0.0, 1.82196126875, 2.69940636099, -1.0, -1.0, -0.609379165661, 0.0, 2.0, 1.0, 1.0, 1.0, 0.687905251912, 2.05302155198, -1.0, 0.0, -1.0, 1.0, 0.242123102216, 2.0, 1.0, 1.0, 2.56017077586, 3.0, 1.03344112366, 3.0, 3.0, 0.0, 0.0, 1.77640746441, 3.0, 0.0, -1.0, -1.0, -1.0, 0.0, 0.137921164241, 3.0, 3.0, -0.73965029163, 2.0, 2.39463287615, 0.874722237474, -1.0, 0.23618126198, 2.0, 96028.0, 521.0, 99508.0
0.235032114739, 3.0, 0.919448848834, 0.0, 1.0, 3.0, 0.343982045084, 2.0, -1.0, 1.0, 2.0, 2.0, 0.0, 0.0, 2.0, 1.0, 0.0974484336485, 3.0, -1.0, 0.0, 2.0, 0.0, 1.0, 2.0, 2.0, 0.0, 1.0, 0.0, -0.638409449085, 0.0, 2.0, 3.0, 1.0, 0.0, 3.0, 0.0, -1.0, -1.0, 1.0, 3.0, -1.0, -1.0, 1.0, 1.0, 2.89508372591, 2.0, -0.262762237495, 3.0, -1.0, 2.0, 95495.0, 580.0, 99446.0
3.0, -1.0, 1.0, 2.0, -0.969815225905, -1.0, -1.0, 0.0, 3.0, 2.0, 2.0, 1.0, 0.0, 0.0, -1.0, 1.0, 0.0, 2.0, -1.0, -1.0, -1.0, -1.0, 0.0, 2.0, 1.0, 2.96928145063, -1.0, 2.0, 1.0, -1.0, 3.0, -1.0, -1.0, 2.0, 1.61553965143, 1.6274809909, 1.0, 2.0, -1.0, 2.0, 1.0, 0.0, 1.0, -1.0, 3.0, 1.0, 2.0, 1.0, -1.0, 1.0, 96409.0, 479.0, 99527.0
0.0, -1.0, 0.0, 0.409445407495, 2.0, 2.0, 0.0, 1.02812778271, 2.0, 3.0, 0.0, 2.0, 3.0, 0.296936579509, -1.0, 0.0, 0.0, 1.0, -1.0, 1.0, -1.0, -1.0, -1.0, 3.0, 1.0, -1.0, 1.0, -1.0, 0.882497732113, 1.0, 1.0, 0.0, 2.0, 2.0, 1.0, -1.0, -1.0, 1.0, 3.0, 0.0, 2.17754475784, -1.0, -1.0, -1.0, 1.0, 0.314741059699, 2.36774803, 1.0, 1.0, 2.0, 95945.0, 516.0, 99520.0
2.0, -1.0, 0.0, -1.0, 1.0, 3.0, -1.0, 1.0, 0.0, 2.0, -1.0, 2.0, 0.0, 0.0, 0.0, 2.0, 3.0, 2.0, 1.0, -1.0, 3.0, 0.0, -1.0, 3.0, 1.82102930654, -0.272133981244, 2.53206752998, 2.0, 2.0, 0.5725103103, 0.0, 0.0, 1.0, 1.0, 1.0, 2.46017860247, 3.0, 3.0, 0.0, 1.04834682584, 0.0, 2.0, 2.0, 2.0, 2.47524695824, 1.0, 3.0, 1.0, -1.0, 1.0, 95633.0, 598.0, 99430.0
3.0, 0.337356873506, 0.0, 2.0, -1.0, 2.0, 1.17989388073, 3.0, 1.0, 0.0, 3.0, 1.0, 2.0, 0.0, 0.0, 2.0, 1.0, 1.0, -1.0, -0.584322516436, 1.0, -1.0, -1.0, 2.0, 1.0, 2.0, 3.0, 0.679923176013, 2.0, 3.0, 3.0, -1.0, 0.0, 0.0, 2.0, 1.0, 3.0, -0.579606702618, 1.57111115008, 1.0, -1.0, 0.0, 1.0, 2.0, 1.0, 0.0, 2.0, 3.0, -1.0, 1.0, 95784.0, 569.0, 99457.0
1.0, -1.0, 2.0, 0.0, 0.310084450191, 3.0, 2.0, 1.0, 2.30291479983, 2.0, -1.0, 0.0, -1.0, 1.0, 3.0, 1.0, -1.0, -1.0, -1.0, 3.0, -1.0, -1.0, 1.0, 3.0, -1.0, 0.0, 3.0, 3.0, 2.0, 2.0, 1.0, 1.0, -1.0, 2.0, 0.0, -1.0, -0.422931006673, -1.0, -1.0, 2.0, -1.0, 0.0, 3.0, 0.0, 0.0, 0.0, 0.0, 1.0, 1.0, -1.0, 96215.0, 488.0, 99529.0
1.02355239003, -1.0, -1.0, 3.0, -1.0, 3.0, -1.0, 1.0, 2.0, 0.915970552227, 0.0, 3.0, 2.0, 2.0, 3.0, 0.0, 2.07026507695, 3.0, 1.67423339752, 0.0, 1.0, -1.0, 0.0192059355305, -1.0, 2.0, 0.0, 2.0, 3.0, 0.0577253476779, 1.0, 2.0, 0.0, 0.0, 2.0, -1.0, -1.0, 3.0, 2.0, 3.0, 0.0, 3.0, 0.0, 2.0, 2.0, 1.0, 1.0, 0.0, 2.0, -0.883529291727, 0.0, 95710.0, 579.0, 99447.0
0.0, -1.0, 2.0, -0.193370501863, 2.0, -1.0, 1.0, 1.0, -1.0, -1.0, -0.719422453677, -1.0, -1.0, -0.683556251661, -1.0, 1.0, 0.0761774955817, 1.0, 3.0, 1.75789651433, 2.0, 0.0, 2.0, 0.773438598211, -1.0, -1.0, 2.0, 0.0, -1.0, 1.0, 2.28589543843, -1.0, 2.64338065488, 2.48562710042, 1.45559613443, 1.0, 3.0, 3.0, -0.484604168068, 3.0, 1.0, -1.0, -1.0, -0.89533758409, 1.0, 0.0, 2.0, -1.0, 3.0, 1.0, 96626.0, 468.0, 99563.0
0.0, -1.0, 1.0, 0.578559138327, 0.0, -0.842374848327, 3.0, 2.96442163363, 2.0, 3.0, 2.0, -1.0, -1.0, 0.579770716701, 2.0, 2.0, 0.0, 2.0, 2.0, -0.0518095047087, -0.940142718878, 1.0, 3.0, 1.23157029132, 1.0, -1.0, -1.0, -0.0686523312822, 1.0, -1.0, 2.0, 0.0, 0.0, 3.0, 0.487109012733, 1.0, -1.0, 3.0, 1.0, -1.0, -1.0, -1.0, 0.0, 2.0, 1.0, -1.0, 2.0, 0.0, -1.0, 2.0, 96108.0, 500.0, 99512.0
3.0, -1.0, 1.0, 2.0, -0.969815225905, -1.0, -1.0, 0.0, 2.67790989116, 2.0, 2.0, 1.0, 0.0, 0.0, -1.0, 1.0, 0.0, 2.0, -1.0, -1.0, -1.0, -1.0, 0.0, 2.0, 1.0, 2.96928145063, -1.0, 2.48446178084, 1.0, 0.869949621017, 3.0, -1.0, -1.0, 1.43961796553, 1.61553965143, 2.1133826649, 1.0, 1.45429017189, -1.0, 2.0, 0.57740605139, 0.0, 1.0, -1.0, 3.0, 1.0, 0.16820760651, 1.0, -1.0, 1.0, 96175.0, 496.0, 99515.0
0.452560100753, -1.0, -0.885660291839, 2.82336496935, 0.0, 0.0, -1.0, 0.0, -1.0, -1.0, 1.0, 0.0, 2.0, 1.0, 1.0, 1.0, 0.687905251912, 2.25068976249, -1.0, 0.0, -1.0, 1.0, 0.246606301659, 2.0, -0.330184413273, 1.0, 2.56017077586, 3.0, 0.329835967173, 3.0, 3.0, 0.0, 0.0, -1.0, 3.0, 0.0, -1.0, -1.0, -1.0, 0.0, -1.0, 3.0, 3.0, 1.48628851492, 2.0, 2.39463287615, 0.874722237474, -1.0, 0.23618126198, 2.58298072263, 96004.0, 510.0, 99517.0
