0.614244109175, 1.01414997885, 2.51151431527, 0.322476826289, 35.9503440452, 46.2723857559, 3.65109105852, 1.09197295417, 21.573579799, 432.909881899, 0.437627526258, 0.575102880658
0.675319769994, 0.897010121581, 2.69959425009, 0.367527213085, 10.6834447968, 48.3156017248, 2.69002453963, 2.5807195589, 20.1440945648, 250.882821237, 0.58031629013, 0.00854700854701
0.611180668826, 0.834401288622, 4.35832888672, 0.272710785429, 40.0442182983, 40.9740491428, 2.49907151167, 4.45421535189, 29.4443241747, 405.41459318, 0.553401402071, 0.0138888888889
0.53417811653, 0.846018962336, 4.77434799477, 0.434949764727, 19.361166323, 41.9868496583, 2.32192148071, 1.84040152695, 24.3206628095, 424.637295373, 0.485301794241, 0.0
0.592636396647, 1.0329280717, 4.26784712157, 0.400383898123, 24.89384255, 40.6831349143, 2.32265228991, 1.37536179764, 26.913161544, 562.520408465, 0.418279522144, 0.463519313305
0.53417811653, 0.846018962336, 3.13366491804, 0.434949764727, 19.361166323, 41.9868496583, 3.10048276978, 1.84040152695, 23.3173653791, 430.570233523, 0.463618030671, 0.404591104735
0.535562248087, 0.872330603282, 4.05381252693, 0.326909359674, 28.5330770516, 42.2144816681, 3.74912794593, 1.70128620238, 37.0798267986, 621.050917743, 0.404770968387, 0.554858934169
0.520493672131, 0.877478595725, 2.85281507818, 0.425527667457, 21.2369740595, 45.8568576241, 3.58063221938, 1.40854517924, 36.2978424001, 516.138081154, 0.422788033882, 0.557339449541
0.56993221195, 1.01414997885, 2.51151431527, 0.24635940532, 47.9104427246, 46.2723857559, 2.32192148071, 1.09197295417, 24.3206628095, 327.64234607, 0.476055326196, 0.280303030303
0.53417811653, 0.846018962336, 2.5146895848, 0.294925681394, 19.361166323, 41.9868496583, 2.48718228808, 1.84040152695, 23.3173653791, 221.079902688, 0.496556183289, 0.461267605634
0.757377697008, 0.852558215427, 2.61989333194, 0.47366705847, 5.18850113719, 41.3664317599, 3.29817091299, 1.64367926098, 31.4573873603, 431.308312189, 0.439852854131, 0.600561272217
0.614244109175, 1.13230864015, 2.51151431527, 0.322476826289, 35.9503440452, 46.2723857559, 2.32192148071, 1.09197295417, 21.9074327441, 390.510365828, 0.573639511598, 0.0
0.614244109175, 1.13230864015, 2.51151431527, 0.397473535016, 33.4104183914, 46.2723857559, 2.32192148071, 1.09197295417, 24.6534168047, 395.632901058, 0.420938163004, 0.63670411985
0.544099447496, 0.989347887654, 6.9675774074, 0.255606805908, 19.4015364556, 44.4040862546, 2.12737172006, 1.80116658551, 27.7002976154, 911.394366086, 0.419305697317, 0.420212765957
0.685611396762, 1.05407856523, 2.22919615125, 0.433819048629, 8.28743844234, 48.3156017248, 2.9334408793, 0.603310950834, 24.89933946, 260.335513424, 0.575040223817, 0.0
0.53417811653, 0.846018962336, 2.5146895848, 0.498101221746, 19.361166323, 41.9868496583, 2.84717959694, 1.84040152695, 23.3173653791, 243.327127538, 0.441192877772, 0.440559440559
0.53417811653, 0.846018962336, 2.5146895848, 0.294925681394, 19.361166323, 41.9868496583, 2.48718228808, 1.84040152695, 23.3173653791, 250.287209214, 0.50918500024, 0.310526315789
0.535562248087, 0.872330603282, 2.22919615125, 0.326909359674, 28.5330770516, 42.2144816681, 3.74912794593, 1.37477564365, 37.0798267986, 419.698100543, 0.410130269102, 0.64
0.686131106622, 0.844633866712, 2.85281507818, 0.404515148598, 1.47702498005, 43.3440752841, 2.72867007098, 3.1987247992, 33.4885801017, 291.530078505, 0.496340023452, 0.0188679245283
0.834229740676, 1.00831936276, 2.21832830379, 0.249533314974, 31.9309628998, 49.2861179496, 2.73469024109, 1.81447805593, 42.6553573242, 363.223726769, 0.433914786327, 0.668918918919
0.53417811653, 0.846018962336, 2.5146895848, 0.434949764727, 19.361166323, 41.9868496583, 2.84717959694, 1.84040152695, 23.3173653791, 270.737771773, 0.473684212895, 0.331730769231
0.535562248087, 0.872330603282, 4.05381252693, 0.434949764727, 19.361166323, 42.2144816681, 3.74912794593, 1.70128620238, 37.0798267986, 581.68515317, 0.446942726467, 0.183752417795
0.851882187911, 0.84259704993, 3.3848839469, 0.282492320477, 38.4497684643, 46.2263506438, 2.90362419827, 1.79915479603, 39.6852158765, 437.509978442, 0.440527790703, 0.59872611465
0.685611396762, 1.05407856523, 2.22919615125, 0.433819048629, 8.28743844234, 48.3156017248, 2.9334408793, 0.603310950834, 24.89933946, 256.336717058, 0.61395080823, 0.127659574468
0.555095438553, 1.00245243389, 3.0501005725, 0.419030397947, 20.3040309311, 42.8620636696, 3.25044933265, 2.44528432328, 42.7080192551, 635.078531654, 0.496389672249, 0.00833333333333
0.532515857955, 0.991386713593, 6.7242099098, 0.498101221746, 30.696276756, 41.0746662865, 2.35223852014, 4.8414658266, 23.9763507297, 748.976663683, 0.49083742695, 0.00925925925926
0.598728802591, 1.04242785857, 4.28749516451, 0.375696599521, 37.5415664492, 49.3282129164, 2.56826773289, 3.6824143821, 29.4443241747, 632.073856433, 0.53577542825, 0.0
0.544207328118, 1.01464289756, 5.77867865398, 0.480840283247, 23.7961452797, 41.068236181, 2.719315552, 0.639374818999, 35.1525187678, 800.258774526, 0.50125249567, 0.0
0.624223468711, 1.11385956849, 2.5806795694, 0.454233111281, 39.128926234, 42.1484867823, 3.85576841929, 1.60721381014, 24.5701017217, 463.077189402, 0.552807802446, 0.0
0.608718031282, 1.00831936276, 3.38477652668, 0.381527926051, 4.4184182547, 41.4478250283, 3.15532036062, 4.03753448403, 27.4592271252, 538.026953146, 0.534662586192, 0.00859598853868
0.555095438553, 1.00245243389, 3.66834759745, 0.419030397947, 20.3040309311, 42.8620636696, 3.25044933265, 2.44528432328, 42.7080192551, 694.861404607, 0.512034687992, 0.00802139037433
0.558940774349, 0.868932163214, 3.00764683252, 0.446733843467, 30.8424763213, 48.0462642577, 3.41865305633, 0.76725242975, 42.4898146463, 555.600868305, 0.53279039837, 0.0107142857143
0.731410807218, 1.17817085684, 4.40285760316, 0.294925681394, 9.65648298166, 42.1034947017, 2.58496518817, 1.43491061857, 20.3828596785, 845.798498245, 0.432779821452, 0.535087719298
0.616090802663, 1.09499396566, 3.13366491804, 0.364974826502, 30.2641917335, 48.1050528484, 2.30461271954, 1.41436864859, 43.086053484, 581.629901547, 0.467188322026, 0.429292929293
0.544099447496, 0.989347887654, 6.9675774074, 0.255606805908, 19.4015364556, 42.8002262091, 2.12737172006, 1.80116658551, 27.7002976154, 855.07001193, 0.419306908051, 0.612535612536
0.544099447496, 0.989347887654, 6.9675774074, 0.255606805908, 19.4015364556, 44.4040862546, 2.12737172006, 1.80116658551, 26.9334228353, 1005.70634686, 0.418332651345, 0.573033707865
0.560530746836, 1.10257223824, 5.96540226244, 0.396893301172, 24.89384255, 41.0707783829, 2.32192148071, 1.37536179764, 26.913161544, 1174.7821541, 0.405183508528, 0.609318996416
0.53417811653, 0.846018962336, 4.77434799477, 0.434949764727, 19.361166323, 41.9868496583, 3.10048276978, 1.84040152695, 23.3173653791, 602.762403973, 0.438793674596, 0.579185520362
0.535562248087, 0.872330603282, 4.05381252693, 0.326909359674, 37.5415664492, 42.2144816681, 3.74912794593, 1.70128620238, 37.0798267986, 601.410583355, 0.429534548098, 0.623427672956
0.53417811653, 0.84259704993, 2.7670980192, 0.282492320477, 38.4497684643, 46.2263506438, 2.90362419827, 1.79915479603, 40.6917603939, 355.61217237, 0.477432750185, 0.302197802198
0.560530746836, 1.0329280717, 5.96540226244, 0.396893301172, 24.89384255, 41.0707783829, 3.65109105852, 1.37536179764, 32.3581735379, 1082.92110424, 0.432338859386, 0.56186984418
0.693604864214, 0.897010121581, 2.69959425009, 0.367527213085, 10.6834447968, 48.3156017248, 2.69002453963, 2.5807195589, 20.1440945648, 302.067321836, 0.616182488188, 0.0
0.685611396762, 0.877478595725, 2.61989333194, 0.433819048629, 8.76334315447, 42.6752691062, 2.9334408793, 4.60888837987, 25.0036218636, 262.448041145, 0.590200670406, 0.015873015873
0.781539144662, 0.868932163214, 3.00764683252, 0.446733843467, 30.8424763213, 49.4102642001, 2.49188367904, 3.87537385103, 42.4898146463, 440.734739119, 0.578653058837, 0.0
0.535562248087, 0.872330603282, 2.22919615125, 0.326909359674, 28.5330770516, 40.9069218236, 3.74912794593, 1.37477564365, 37.0798267986, 351.335393716, 0.44682498755, 0.45717884131
0.614244109175, 1.01414997885, 2.51151431527, 0.322476826289, 35.9503440452, 46.2723857559, 2.32192148071, 1.09197295417, 24.3206628095, 370.823801956, 0.44458688566, 0.47577092511
0.779439666246, 0.844633866712, 5.43073826454, 0.425527667457, 41.686634183, 45.8568576241, 2.21449166382, 1.44994314107, 33.4885801017, 588.646677173, 0.441462142494, 0.497674418605
0.834229740676, 1.00831936276, 2.21832830379, 0.249533314974, 31.9309628998, 49.2861179496, 2.73469024109, 1.81447805593, 25.2444455219, 254.044608068, 0.558376994501, 0.339534883721
0.53417811653, 0.992239383353, 2.7670980192, 0.282492320477, 38.4497684643, 46.2263506438, 3.58275449869, 1.79915479603, 40.6917603939, 518.039090317, 0.424219905678, 0.666920731707
0.535562248087, 1.13230864015, 2.51151431527, 0.397473535016, 33.4104183914, 42.2144816681, 2.32192148071, 1.09197295417, 24.6534168047, 341.982004174, 0.524140078315, 0.102362204724
0.559572727198, 0.865719370698, 4.81461719054, 0.465110593809, 44.5682122454, 42.704891631, 2.84717959694, 3.00643423391, 28.3594297722, 481.895307381, 0.500162057984, 0.0709677419355
0.513204257547, 1.1534269256, 2.85281507818, 0.276625492313, 19.1331906489, 44.7918893032, 2.74147764234, 1.44994314107, 33.4885801017, 467.534672159, 0.499395249525, 0.148760330579
0.686131106622, 0.854267283488, 4.05771399008, 0.227067119055, 33.25623266, 41.5448406192, 2.72867007098, 3.1987247992, 36.8410819184, 461.507390646, 0.503472541446, 0.0504201680672
0.55354138982, 0.865719370698, 2.5146895848, 0.40669287486, 15.6994584189, 40.0607226445, 3.83425089784, 4.59474358248, 28.3594297722, 382.516764313, 0.504424098985, 0.0252100840336
0.693604864214, 0.897010121581, 2.61989333194, 0.367527213085, 10.6834447968, 42.6752691062, 2.32923702093, 2.5807195589, 20.4766824842, 301.541434376, 0.52314283416, 0.153284671533
0.757377697008, 0.852558215427, 2.70609782535, 0.47366705847, 5.18850113719, 41.3664317599, 2.83880909122, 2.14500673769, 31.4573873603, 305.491017879, 0.570587021404, 0.120567375887
0.685611396762, 0.877478595725, 2.69959425009, 0.433819048629, 8.76334315447, 48.3156017248, 2.9334408793, 4.60888837987, 25.0036218636, 312.472414515, 0.581805088569, 0.0825688073394
0.693604864214, 0.897010121581, 2.61989333194, 0.367527213085, 10.6834447968, 42.6752691062, 2.69002453963, 2.5807195589, 20.1440945648, 338.923973875, 0.578577238355, 0.030612244898
0.685611396762, 0.877478595725, 2.61989333194, 0.433819048629, 8.76334315447, 41.6219307455, 2.9334408793, 4.60888837987, 25.0036218636, 301.50161757, 0.589026158546, 0.0379746835443
0.693604864214, 0.897010121581, 2.61989333194, 0.367527213085, 10.6834447968, 42.6752691062, 2.69002453963, 2.5807195589, 20.4766824842, 321.668719107, 0.584725678422, 0.0606060606061
0.55354138982, 0.966811037917, 2.5146895848, 0.40669287486, 7.35275577794, 40.0607226445, 2.84717959694, 4.59474358248, 28.3594297722, 298.775474915, 0.554280428862, 0.354166666667
0.632341651435, 0.853912981136, 3.38477652668, 0.381527926051, 2.89318963781, 41.0980625848, 2.16403112957, 3.65680230341, 23.4929783171, 298.627578219, 0.54140346365, 0.359322033898
0.834229740676, 1.00831936276, 2.21832830379, 0.249533314974, 31.9309628998, 49.2861179496, 2.73469024109, 1.81447805593, 25.2444455219, 301.993675623, 0.500136029898, 0.432038834951
0.834229740676, 0.913695539702, 2.21832830379, 0.249533314974, 31.9309628998, 49.2861179496, 2.73469024109, 1.2287066158, 25.2444455219, 314.758201519, 0.49643585879, 0.545871559633
0.614244109175, 1.01414997885, 2.51151431527, 0.322476826289, 35.9503440452, 46.2723857559, 2.32192148071, 1.09197295417, 24.3206628095, 334.699737088, 0.485479418084, 0.652519893899
0.779439666246, 0.844633866712, 2.85281507818, 0.404515148598, 1.47702498005, 45.8078278173, 2.21449166382, 1.44994314107, 33.4885801017, 386.744395619, 0.475310384851, 0.43654822335
0.693604864214, 0.897010121581, 2.69959425009, 0.367527213085, 10.6834447968, 48.3156017248, 2.69002453963, 2.5807195589, 20.1440945648, 282.971754322, 0.540656741137, 0.461773700306
0.560530746836, 1.11887847146, 4.51680761933, 0.22066987882, 29.9004681423, 43.2863929931, 3.44705758828, 1.72169034311, 41.7028509973, 1045.85834999, 0.466362816439, 0.253493013972
0.797489522377, 0.992685352144, 4.97793484309, 0.231761873912, 31.9309628998, 40.479438483, 2.73469024109, 1.53751730177, 33.8230680048, 698.418751802, 0.489927054742, 0.261261261261
0.532515857955, 0.865719370698, 6.33270394831, 0.260752884609, 30.696276756, 41.0746662865, 2.35223852014, 4.8414658266, 23.147421132, 682.587934323, 0.49426981681, 0.239130434783
0.664790301562, 0.989347887654, 7.24480005618, 0.400383898123, 30.872287571, 40.7047354341, 2.32265228991, 1.97288126733, 38.0838768869, 1036.60058829, 0.468867968299, 0.32
0.898784834095, 1.05322272527, 4.53747309738, 0.494096204544, 44.7194602849, 41.6647009852, 2.90362419827, 2.34544092847, 32.0532550212, 902.601237688, 0.470647990831, 0.296296296296
0.519569416784, 0.868719882541, 7.65614041874, 0.421308199945, 35.2637636003, 43.107761812, 3.52204346461, 1.56414370539, 26.717451297, 1111.27162961, 0.453089410377, 0.248243559719
0.797489522377, 0.992685352144, 3.52027764992, 0.231761873912, 42.6672905777, 40.479438483, 3.58012921718, 1.53751730177, 33.8230680048, 635.906945998, 0.454852206129, 0.3988005997
0.710181976325, 0.92063264538, 6.09797817386, 0.297604339338, 2.89318963781, 44.2121611277, 2.9203626668, 0.76725242975, 43.7711119186, 720.141821241, 0.566628208309, 0.0
0.796244259938, 1.11887847146, 4.51680761933, 0.483239887058, 27.5343123631, 43.2863929931, 3.44705758828, 1.72169034311, 41.7028509973, 1038.69834993, 0.419707220968, 0.635696821516
0.834753910845, 0.852811772513, 2.44886044897, 0.431772422822, 26.5374630828, 42.3906879673, 2.46018499235, 4.94991090554, 39.5483611768, 352.274010439, 0.621517904515, 0.0
0.598728802591, 0.852558215427, 2.21832830379, 0.447073454893, 37.5415664492, 49.3282129164, 2.73469024109, 3.6824143821, 21.0783035679, 268.030286289, 0.602263865251, 0.0208333333333
0.797489522377, 0.992685352144, 4.97793484309, 0.231761873912, 31.9309628998, 40.8746906883, 2.73469024109, 1.53751730177, 33.8230680048, 669.507651981, 0.439228126012, 0.677002583979
0.664790301562, 1.25149733557, 7.24480005618, 0.454233111281, 39.128926234, 40.91643949, 2.32265228991, 1.60721381014, 33.8928990188, 2136.83469445, 0.453671015014, 0.433734939759
0.513204257547, 1.21840544565, 7.83550456456, 0.276625492313, 19.1331906489, 44.7918893032, 2.74147764234, 4.87394696683, 29.745730883, 1763.08583736, 0.499026116308, 0.0520833333333
0.519569416784, 0.880095404445, 7.65614041874, 0.421308199945, 35.2637636003, 43.107761812, 3.52204346461, 1.56414370539, 26.717451297, 1167.24350867, 0.454780606223, 0.406028368794
0.513204257547, 1.21840544565, 7.83550456456, 0.276625492313, 19.1331906489, 44.7918893032, 2.74147764234, 4.87394696683, 29.745730883, 2019.59492082, 0.493769599115, 0.0353982300885
0.797489522377, 1.12307820552, 3.52027764992, 0.368417767972, 30.872287571, 40.479438483, 3.58012921718, 1.37536179764, 33.8230680048, 732.090468681, 0.494260989627, 0.284228769497
0.616090802663, 1.17855052716, 4.77434799477, 0.364974826502, 30.2641917335, 45.5720564775, 2.85857933332, 1.41436864859, 43.086053484, 946.380371915, 0.474747911448, 0.347826086957
0.757377697008, 0.852558215427, 2.70609782535, 0.47366705847, 5.18850113719, 41.3664317599, 3.29817091299, 2.14500673769, 31.4573873603, 415.005745767, 0.533245105706, 0.104651162791
0.693604864214, 0.897010121581, 2.70609782535, 0.367527213085, 10.6834447968, 42.6752691062, 2.69002453963, 2.5807195589, 20.4766824842, 319.293508633, 0.54441865504, 0.388625592417
0.579989432151, 0.991386713593, 6.7242099098, 0.498101221746, 18.0789856012, 41.0746662865, 2.35223852014, 4.8414658266, 23.9763507297, 904.2746172, 0.504596812543, 0.0775862068966
0.560530746836, 0.833422694059, 5.96540226244, 0.396893301172, 24.89384255, 40.7180596227, 3.65109105852, 1.53751730177, 31.8679232475, 830.460233454, 0.460145895331, 0.436390532544
0.55354138982, 0.865719370698, 2.5146895848, 0.40669287486, 15.6994584189, 40.0607226445, 2.84717959694, 4.59474358248, 28.3594297722, 281.578351264, 0.594907862942, 0.287735849057
0.55354138982, 0.966811037917, 2.5146895848, 0.40669287486, 15.6994584189, 40.0607226445, 2.84717959694, 4.59474358248, 28.3594297722, 399.018767848, 0.513503061571, 0.214876033058
0.560530746836, 1.0503317753, 5.96540226244, 0.396893301172, 24.89384255, 41.0707783829, 3.65109105852, 1.37536179764, 31.8679232475, 1160.05783433, 0.444652248902, 0.560204081633
0.658510391117, 1.1807512924, 2.21832830379, 0.447073454893, 37.5415664492, 44.4040862546, 2.73469024109, 3.6824143821, 20.0957675327, 326.271686377, 0.574518571195, 0.164473684211
0.641967658027, 1.00245243389, 2.09878723444, 0.326909359674, 28.5330770516, 40.9069218236, 3.74912794593, 1.37477564365, 37.0798267986, 416.612420298, 0.477766540194, 0.307101727447
0.777100796607, 1.04540147803, 5.23358460355, 0.481721452447, 0.697096054917, 45.0788219685, 3.55883611533, 1.14442416791, 33.5133957872, 945.177399235, 0.47138004119, 0.37845705968
0.693604864214, 0.880843901786, 2.29685838181, 0.367527213085, 10.6834447968, 43.7171734966, 2.32923702093, 2.5807195589, 20.4766824842, 275.102316006, 0.58180074458, 0.386243386243
0.632341651435, 0.913695539702, 3.38477652668, 0.381527926051, 4.4184182547, 41.4478250283, 3.15532036062, 3.65680230341, 27.4592271252, 549.78739303, 0.552245620587, 0.0222222222222
0.757377697008, 0.852558215427, 2.70609782535, 0.47366705847, 5.18850113719, 41.3664317599, 3.29817091299, 2.14500673769, 31.4573873603, 399.400192092, 0.572512900017, 0.150826446281
0.616090802663, 1.00831936276, 2.21832830379, 0.249533314974, 42.6672905777, 49.2861179496, 3.69900853975, 1.81447805593, 42.6553573242, 427.235663323, 0.509560246621, 0.199115044248
0.544099447496, 0.989347887654, 6.9675774074, 0.255606805908, 35.9503440452, 44.4040862546, 2.12737172006, 1.80116658551, 27.7002976154, 855.257497812, 0.429073185073, 0.65
