2.0, 0.0, 2.0, 3.0, 1.0, 2.0, -1.0, -1.0, 2.0, -0.985117056283, 2.60816770156, 2.0, -1.0, -0.261738964503, 1.7239209615, -1.0, 2.0, 1.0, -1.0, 0.0, 3.0, -1.0, 2.0, 1.0, -1.0, -1.0, -1.0, -1.0, 3.0, 2.0, -1.0, 2.0, 2.0, -1.0, 2.67080029789, -1.0, 2.0, -1.0, -0.292709387489, 1.0, -1.0, -1.0, -1.0, 3.0, 3.0, 3.0, 1.0, 3.0, 3.0, 2.0, 96632.0, 485.0, 99582.0
2.0, 0.869387184964, 0.0, 1.0, -0.332133462419, 0.0, -0.258289976046, 0.0, 0.0, -1.0, 2.93369642703, 1.0, 1.0, -0.073697188941, 3.0, 2.0, 0.0723004845204, 1.0, 1.0, 1.0, 3.0, 0.0, 1.0, 0.0, -1.0, 0.0, 1.0, 1.0, 2.0, 1.29414960294, 0.791331245745, -0.434056348033, -1.0, 1.81666974317, 0.0, 3.0, -1.0, 2.0, 2.0, 2.0, 2.0, 0.0, -1.0, 1.05810445325, 2.61939687574, -0.418820766879, 0.0, 1.0, 2.0, 0.379251812474, 93609.0, 695.0, 99400.0
0.0, 1.13111203872, 2.0, 1.0, 1.0, 1.0, 1.0, 1.0, 2.10851061431, 1.0, 2.0, 0.0, -0.292413542103, 3.0, -1.0, 2.0, 3.0, 0.419051146569, 0.0, 2.0, 3.0, 2.0, 2.0, 0.0, 0.0, -1.0, 1.89920688415, 1.0, -0.208603939379, 1.0, 1.0, 1.0, 3.0, -0.489711342685, 0.0, 0.859100030261, 0.0, 1.0166633755, 1.0, 1.74096725886, 0.0, 2.99040657781, 1.34261057898, 3.0, 0.0, 2.0, 1.85515608125, 0.204197936503, 1.62566266059, 1.63735242859, 93639.0, 740.0, 99362.0
2.0, -0.780480879895, 2.0, 3.0, 0.650858075608, 2.0, -1.0, -1.0, 2.0, -0.982462617004, 1.0, 0.0, -1.0, -1.0, 0.0, 0.960383359807, 1.37539895576, 1.0, -1.0, 0.0, 3.0, -1.0, 2.0, 2.56778826919, -0.345386620345, 2.97693332918, -1.0, -1.0, 3.0, -0.59467574442, -1.0, 2.0, 2.0, -1.0, 2.0, -1.0, 2.0, -1.0, 0.0, 1.0, 3.0, -1.0, -1.0, 3.0, 3.0, 0.0314985437619, 1.0, 3.0, 3.0, 0.0, 96249.0, 490.0, 99564.0
0.673632832337, -1.0, 2.34672859678, 2.0, 2.0, 2.70290098098, -1.0, 0.575041863779, -1.0, 1.0, -1.0, 3.0, -0.996425689825, 3.0, 0.955440616645, 1.0, 1.0, 1.29392515032, 3.0, 0.0, -1.0, 2.78397382789, -0.301736028913, 3.0, -1.0, 1.0, 3.0, -1.0, 3.0, 2.84772801967, -0.653091579054, -1.0, 0.0, 0.0, 2.6929682775, 2.0, -1.0, 0.0, 2.0, 0.0, 0.404447354012, -1.0, -0.59660878626, 0.0, -1.0, -1.0, 2.0, 3.0, -1.0, 2.6087599053, 96018.0, 506.0, 99551.0
2.0, 0.0, 2.0, 3.0, 1.0, 2.0, -1.0, -1.0, 2.0, -0.985117056283, 2.60816770156, 2.0, -1.0, -0.261738964503, 1.7239209615, -1.0, 2.0, 1.0, 1.10325034606, 0.0, 3.0, -1.0, -0.526222703976, 1.0, 0.864725113516, -1.0, -1.0, -1.0, 3.0, 2.0, -1.0, 0.0, 2.0, -1.0, 2.67080029789, -1.0, 2.79135985508, -1.0, 0.507541468162, 1.0, -1.0, -1.0, -1.0, 3.0, 3.0, 3.0, 1.0, 3.0, 3.0, 2.0, 96430.0, 497.0, 99563.0
1.0, -1.0, 2.34672859678, 2.0, 1.3739532921, 2.70290098098, -1.0, 0.575041863779, -1.0, 1.0, -1.0, 3.0, -0.97023674648, 3.0, 0.955440616645, 1.0, 1.0, 1.29392515032, 3.0, 0.0, -1.0, 2.78397382789, -0.301736028913, 3.0, -1.0, 1.0, 0.17800931114, -1.0, 3.0, 2.84772801967, -0.653091579054, -1.0, 0.0, 0.0, 2.6929682775, 2.0, -1.0, 0.0, 2.0, 0.0, 0.404447354012, -1.0, 3.0, 0.0, -1.0, -1.0, 2.0, 3.0, -1.0, 0.487398666011, 95747.0, 520.0, 99541.0
1.85516477662, 2.0, 2.0, -1.0, 2.0, -1.0, 0.172736061443, 2.0, 3.0, -0.571965511829, -0.587221594374, 0.141272786707, -1.0, 2.93426561294, -1.0, 0.0, 2.21234445369, 1.0, -0.518520344638, 2.0, -0.701936152273, 3.0, 3.0, -0.112479517448, -1.0, 2.0, 1.0, 2.0, 2.79102831861, 0.0667203404668, 0.109324607309, 1.9901095243, 1.2505050977, -0.792171583064, 0.0, 0.0, -0.747980775795, 0.157300972698, 1.0, -1.0, 3.0, 2.16360055593, 3.0, 0.0, -1.0, 1.0, -1.0, 1.02903051577, -1.0, -0.938314521007, 95635.0, 514.0, 99546.0
0.0, 1.0, 2.0, 1.0, 1.0, 1.0, 1.0, 1.0, 1.0, 1.0, -0.697010581404, 0.0, -0.292413542103, 3.0, -1.0, 2.0, 3.0, 2.0, 0.0, 0.0, 3.0, 2.91348549822, 2.0, 0.0, 0.0, -1.0, 2.30409038261, 1.0, 0.0, 0.0, 1.0, 1.0, 3.0, -0.489711342685, 0.0, 2.0, 1.35533106667, 1.60762076416, 1.0, 1.0, 2.05993158773, 2.99040657781, 0.0, 3.0, 0.0, 2.0, 1.85515608125, 0.204197936503, 1.62566266059, 0.487398666011, 93810.0, 724.0, 99370.0
1.0, -1.0, 1.0, 2.0, 2.0, 2.0, -1.0, 0.399818222799, -1.0, 1.0, -1.0, 3.0, -0.97023674648, 3.0, 0.0, 1.0, 1.0, 1.29392515032, 3.0, 0.0, -1.0, 3.0, -0.301736028913, 3.0, -1.0, 1.0, 2.0, -1.0, 3.0, 2.84772801967, 1.0, -1.0, 0.0, 0.0, 2.6929682775, 2.0, -1.0, 0.0, 2.0, 0.0, 0.404447354012, -1.0, 3.0, 0.0, -1.0, -1.0, 2.0, 3.0, -1.0, 0.487398666011, 95535.0, 531.0, 99526.0
1.22026996779, 2.0, 2.0, 3.0, 0.284106102297, -0.0874259960614, 2.85143251699, 2.0, 3.0, 1.0, -1.0, 0.141272786707, -1.0, 3.0, -1.0, 0.0, 3.0, 1.0, 1.24769085696, 2.0, -1.0, 0.0, 3.0, -0.112479517448, -1.0, -0.60872931203, 1.0, -1.0, 2.78694171651, 1.0, 1.0, 3.0, 2.0, 1.0, 0.0, 0.0, 0.0, 1.05406673442, 0.585108982013, -1.0, 3.0, -0.795384302532, 3.0, 0.0, -1.0, 0.8235716875, -1.0, -0.580566729825, -1.0, -0.814912894905, 95417.0, 536.0, 99521.0
2.0, 3.0, 0.0, 0.361891888031, 0.0, 0.0, 0.0, 2.0, 1.0, 0.0, 0.685504166506, 1.0, 0.429111194763, 2.21855712603, 2.02625248698, 3.0, 2.0, 1.0, 3.0, 0.0, 1.0, 2.0, 0.0, 3.0, 3.0, 3.0, 0.861591256434, 1.00778083344, 3.0, 1.0, 1.0, 0.0, 0.287156315965, 0.0, 2.0, -1.0, 0.0, 0.0, 1.0, 1.0, 1.0, 2.0, -1.0, 3.0, 3.0, 2.94401731975, 3.0, 3.0, 0.120334605063, 0.0, 93891.0, 737.0, 99364.0
0.0, 2.0, 1.80787010024, -0.350500266276, -0.423836426806, 0.0, 1.0, -1.0, 1.0, -0.103585923686, 2.0, 0.0, -1.0, 1.0, -1.0, 0.0, -1.0, 1.0, -1.0, 1.0, 2.44660841479, 2.01213378791, 1.0, 2.0, -1.0, 3.0, 0.249105704051, 0.0, 2.0, -0.7386193051, 1.0, 2.0, 2.0, 1.0, 3.0, -1.0, -0.109662408181, 2.0, 0.0, 0.99922556736, 2.0, 2.0, 0.0, 1.0, -0.888421130495, 3.0, 2.0, 1.0, 0.0, 1.0, 94366.0, 622.0, 99439.0
1.0, -1.0, -1.0, 1.97599105154, 1.0, 2.0, 0.0, 0.0, 1.0, -1.0, 0.0, 0.0, -1.0, 1.0, 2.0, -1.0, 2.53203722407, -1.0, 2.0, 1.0, -0.195702287588, -1.0, 1.0, 2.0, -1.0, 0.0, 0.0, 0.0, -0.134649116059, -1.0, 0.0, 2.0, 1.0, 1.0, -1.0, 2.0, 0.0, -1.0, 1.0, 2.10112596574, 0.0, 1.58627009376, 2.0, 0.0, 0.0, 1.0, 2.0, 1.1451909914, -1.0, 2.0, 94783.0, 576.0, 99506.0
2.9441962914, -1.0, -1.0, -1.0, -0.246826217548, 2.0, 0.0, -0.58220886183, 1.0, -1.0, 0.0, 0.0, -1.0, 1.0, 2.0, -1.0, 1.63130673651, -1.0, 2.0, 1.0, 2.0, 0.269043588695, 1.0, 2.0, -1.0, 0.0, 1.33955329028, -0.725695322695, 1.0, -0.509900669047, 0.0, 2.0, 0.197994524648, 1.0, -1.0, 2.0, 2.46451645427, -1.0, 0.932555162567, 2.0, 0.0, 2.0, 2.75341991238, 0.0, 0.0, 1.0, 0.955948821318, 2.0, -1.0, 1.46298294096, 95208.0, 545.0, 99529.0
-0.186259748512, 0.0, 2.94956338144, 2.0, 2.48710136411, -0.431573282245, 0.0, 0.0, -0.330093012767, -1.0, -1.0, 1.0, 2.48167994623, 2.78276574791, 0.0, 2.90927230914, 2.0, 0.0, 0.0, 0.0, 2.0, 1.0, 2.0, -1.0, 2.0, -1.0, -1.0, 2.80943142451, 1.0, -1.0, 1.0, -0.0220361185242, 0.0, 3.0, 1.0, 1.0, -1.0, 1.30655539822, 3.0, -1.0, 1.0, 0.271830854406, -0.832907838704, 2.0, 0.0, 1.0, 1.0, 1.16348579445, 3.0, 1.0, 94107.0, 629.0, 99431.0
1.44355879904, 1.97578778305, 2.0, 3.0, 0.284106102297, -0.817861077201, 2.85143251699, 2.0, 3.0, 0.0160326158801, -0.975023372351, 0.141272786707, -1.0, 1.66877600618, -0.658091984583, 0.0, 0.0, 1.0, 1.24769085696, 2.0, 0.0, 1.73410442238, 3.0, -0.112479517448, -1.0, -0.791826367062, 1.0, -1.0, 2.0, 2.87596410881, 1.0, -0.223265595048, 2.0, 1.0, 0.0, 0.0, 0.785838774735, -1.0, 1.0, -1.0, 3.0, 0.148439471747, 3.0, 0.0, -1.0, 1.0, -1.0, 1.87820416649, -1.0, -0.466836097606, 94915.0, 570.0, 99484.0
1.71157941993, 2.0, 2.0, 0.0, 1.05154258039, 0.0, 1.51666548008, -1.0, 1.0, -0.343748117915, 2.0, 0.0, -0.713674843395, 1.0, -1.0, -0.117296509812, -1.0, 1.0, 0.722501898444, 1.0, 2.0, 2.06084704398, 0.650402675733, 2.0, -1.0, 3.0, 0.793420389042, 0.0, 2.26434119205, 0.0, 1.0, 2.0, 2.0, 1.0, 3.0, -1.0, 1.0, 2.0, 0.0, 0.0, 2.0, 0.838511436689, 0.0, 1.0, -1.0, 3.0, 1.49798160694, -0.223356088442, -0.6391828553, 1.0, 94309.0, 635.0, 99427.0
1.44355879904, 2.0, 2.0, 3.0, 0.284106102297, -0.0874259960614, 2.85143251699, 2.0, 3.0, 1.0, 0.0, 0.141272786707, -1.0, 1.66877600618, -1.0, 0.0, 0.0, 1.0, 1.24769085696, 2.0, -1.0, 0.0, 3.0, -0.112479517448, -1.0, -0.60872931203, 1.0, -1.0, 2.78694171651, 1.0, 1.0, 3.0, 2.0, 1.0, 0.0, 0.0, 0.0, 2.93292412962, 0.585108982013, -1.0, 3.0, -0.795384302532, 3.0, 0.0, -1.0, 1.0, -1.0, 0.203754217094, -1.0, -0.814912894905, 95043.0, 563.0, 99496.0
2.9441962914, -1.0, -1.0, -1.0, 0.907715092749, 2.0, 0.0, -0.58220886183, 1.0, -1.0, 0.0, 0.0, -1.0, 1.67072024362, -1.0, -1.0, 1.63130673651, -1.0, 2.0, 1.0, 2.0, 0.269043588695, 1.0, 2.0, -1.0, 0.0, 1.33955329028, -0.725695322695, 1.0, -0.509900669047, 0.0, 2.0, 0.197994524648, 1.0, -1.0, 2.0, -0.031683649472, -1.0, 0.932555162567, 2.0, 0.0, 2.0, 2.0, 0.0, 0.0, 1.0, -0.901387866321, 2.0, -1.0, 2.0, 95468.0, 515.0, 99555.0
1.41443007412, -1.0, -1.0, 2.0, 0.203928396431, -0.244061917718, 0.0671146933333, 0.0, 1.0, -1.0, 0.0, 0.723274990255, -1.0, 2.97056258104, 1.58070044549, -1.0, 2.64977550345, -1.0, 2.0, 1.0, 2.0, -1.0, 1.0, 2.0, -1.0, 0.292897041899, 0.0, 0.0, -0.764617118493, -1.0, 0.0, 2.0, -0.882844646815, 1.0, -1.0, 0.0456796877877, -0.255348014031, -1.0, 1.0, 1.0, 0.0, 2.49985508977, 2.0, 0.0, 0.0, -0.546758374518, 2.80783055573, 2.0, -1.0, -0.924693780547, 95336.0, 518.0, 99553.0
1.23120082522, 0.0, 0.0, 2.33185299397, 3.0, 0.0429554830389, 0.0, 0.0, 1.0, -1.0, -0.499088962148, 1.0, 2.0, 2.0, 0.0, 2.0, 2.0, 0.0, 0.0, 0.0, 2.55279128221, 0.896892083377, 2.0, -1.0, 2.0, -1.0, -1.0, 2.0, 2.86067069978, 0.0, 1.0, 1.78938751758, 0.0, 0.844520667948, 1.0, 0.771526648986, 1.72788007796, 2.0, 3.0, -1.0, -0.012762326974, 2.81786838279, 0.0, 2.0, 0.0, 0.968873593796, 1.0, 0.0, 3.0, 1.0, 93783.0, 691.0, 99396.0
-0.139956075614, 0.408727676251, -0.359130577039, 1.0, 1.47832151595, 1.0, -1.0, -0.827763991194, -1.0, 2.0, -1.0, 1.0, 0.0, 1.0, 0.0, 1.0, 2.0, -1.0, 0.0, 2.0, 1.0, 0.251307782933, 2.0, 0.404478066971, 3.0, 0.0, 2.65025305891, 2.13474143797, -1.0, 3.0, 1.0, 0.0, 0.0, -0.600017113973, 0.0, -1.0, 0.0, 2.0, 0.0, 2.0, 1.0, 3.0, 1.0, 2.0, 0.319287177234, 3.0, -1.0, 1.0, -1.0, -0.79256409245, 94520.0, 589.0, 99479.0
1.71157941993, 2.0, 2.0, 0.0, 1.05154258039, 0.0, 1.0, -1.0, 1.0, -0.343748117915, 2.57463830515, -0.926542226912, -0.713674843395, 1.0, -1.0, 0.0, -1.0, 1.0, 2.0, 0.59069439964, 2.0, 2.06084704398, 2.18331371889, 2.35595636434, -1.0, 3.0, 1.0, 0.0, 2.26434119205, -0.5947133559, 1.0, 2.37407361604, 2.0, 1.0, 3.0, 0.781377319757, 1.64569749776, 2.0, 0.0, 1.25525928487, 1.37949640502, 2.0, 0.0, 1.0, -1.0, 3.0, 1.49798160694, 1.0, -0.6391828553, 1.0, 94629.0, 614.0, 99439.0
2.27191364803, 2.0, 2.0, 3.0, 1.0, -1.0, 1.0, 2.0, 3.0, -1.0, 0.0444489417476, 0.141272786707, -1.0, 1.90053994205, -1.0, 0.0, 3.0, 1.0, -1.0, 2.0, -0.701936152273, 0.0, 3.0, -0.112479517448, -1.0, -1.0, 1.0, 2.0, -0.552647982473, 0.0667203404668, 1.0, 3.0, 2.0, 1.0, 0.0, 0.0, 0.0, 1.0, 1.0, -1.0, 3.0, 0.412473243264, 3.0, 0.0, -1.0, 1.0, -1.0, 1.0, -1.0, 0.0, 95101.0, 559.0, 99503.0
1.0, 2.77602829122, 0.0, 0.0, 2.27502201787, 0.0, 1.0, 1.0, 1.0, 2.59900102315, 3.0, 2.0, 0.0, 1.47759427225, 0.0, 2.33532272731, -0.585984943895, 0.0, 3.0, 1.0, 2.66860979077, 1.10295737503, 0.0, 2.0, -1.0, 2.0, 1.82404061475, -1.0, 2.02361117992, 2.25110826078, 0.136633518582, 1.0, 1.61170196676, -0.448115743472, 2.0, 2.0, 0.658097732311, 1.0, 2.0, 2.0, 0.0, 2.0, 1.0, -1.0, -1.0, 1.0, -1.0, 2.0, -1.0, 0.0, 94276.0, 644.0, 99429.0
-1.0, 2.0, 0.0, 0.195379611587, 1.0, 3.0, 1.0, 1.0, 0.0, 2.84894768511, -1.0, -1.0, 1.0, 2.45299760055, 1.0, 0.0, -1.0, -1.0, 0.30659133273, 0.0, 0.0, 0.0, -1.0, 2.0, 1.0, 2.0, 1.0, 2.0, 2.0, 3.0, -0.759889272344, -1.0, 1.0, 2.0, 0.0, -1.0, 2.0, -1.0, 1.0, 1.0, 1.0, 0.0, -1.0, 3.0, -0.660456428636, 2.0, 2.0, 1.0, 3.0, -0.998574687512, 95006.0, 566.0, 99513.0
2.0, 2.0, 2.0, 2.0, 0.0, 2.0, 1.0, -1.0, 2.0, 3.0, 1.0, 1.0, 1.0, 1.0, 0.0, 2.63451730886, 2.31420388874, 3.0, 0.284496077491, 3.0, 1.0, -0.802175974219, 0.0, 1.0, 1.0, 0.0, 0.540789200914, 0.0, -0.755440601966, -1.0, 0.0, 2.0, -0.560948210248, -1.0, 2.03381890958, 3.0, 2.34925659005, 0.0, 0.0, 1.0, 2.0, -1.0, 0.0, 2.29013633255, 2.0, 2.0, -0.385308498428, 2.83365155913, 3.0, 1.0, 94688.0, 658.0, 99416.0
1.21787676575, 2.0, 0.0, 0.195379611587, 2.18358783125, 3.0, 1.0, 1.0, 0.0, 0.830990603082, -1.0, -1.0, 1.0, 2.0, 2.10435113646, 0.0, -1.0, -0.642910072517, 0.30659133273, 0.0, -0.30666694852, 0.0, -1.0, 2.0, 1.20147502292, 2.08786591453, 1.49296467949, 2.0, 2.0, 1.27819749299, -0.759889272344, 1.17582599297, 1.0, 2.0, 0.0, -1.0, 0.382310850697, -1.0, 0.250645173389, 1.0, 1.0, 0.0, -1.0, 3.0, -1.0, -0.159699399456, 2.0, 0.598689786171, 3.0, -0.76835781867, 94461.0, 595.0, 99477.0
0.0, 2.0, 1.80787010024, -0.350500266276, -0.423836426806, 0.0, -0.621778327094, 0.0, -1.0, -0.103585923686, 2.0, 0.0, -1.0, 1.0, -1.0, 0.0, -1.0, 1.0, -1.0, 1.0, 2.44660841479, 2.01213378791, 1.0, 2.0, -1.0, 3.0, 1.0, 0.0, 2.0, -0.7386193051, 1.0, 2.0, 2.37553090121, -0.600017113973, 3.0, -1.0, 1.0, 2.0, 0.843415799245, 0.582687641136, 2.0, 2.0, 0.0, 1.0, -0.888421130495, 0.122345089498, 2.0, 1.0, 0.0, 1.0, 94584.0, 593.0, 99466.0
0.0, -0.757585103274, 2.0, 1.0, 1.0, 1.0, 1.0, 1.0, 2.10851061431, 1.0, 1.70057162692, 0.46747629359, -0.292413542103, 3.0, -1.0, 2.0, 3.0, 0.419051146569, 0.0, 2.0, 3.0, 2.0, 2.0, 0.0, 0.0, -1.0, 2.30409038261, 1.0, 0.0, 0.0, 1.0, 1.0, 3.0, -0.489711342685, 0.0, 2.0, 0.0, 1.0166633755, 1.0, 1.74096725886, 0.0, 2.99040657781, 1.34261057898, 1.0, 0.0, 2.0, 1.85515608125, 0.204197936503, 1.62566266059, 2.0, 93696.0, 722.0, 99375.0
2.0, 3.0, 0.0, 1.0, 0.0, 0.0, 0.0, 2.0, 1.0, 0.0, 2.0, 1.24526439152, -0.700213927801, 3.0, 2.18473170557, 1.0, 2.0, 1.0, -0.483756775228, 0.0, 0.0, 2.0, 0.0, 3.0, 3.0, 3.0, 2.0, 2.0, 3.0, 2.51559887695, 1.0, 0.0, 0.0, 0.0, 2.0, -1.0, 1.46869540383, 0.0, 1.0, 1.0, 1.0, 2.0, -1.0, 3.0, 3.0, 2.0, 3.0, 3.0, 1.0, 0.0, 94067.0, 718.0, 99377.0
2.28822645309, 2.0, 2.0, 0.0, 1.15284247071, 0.0, 1.0, -1.0, 1.0, 1.87669223646, 2.0, -0.926542226912, -0.87831154572, 1.0, -1.0, 0.0, -1.0, 1.0, 0.722501898444, 0.59069439964, 2.0, 2.06084704398, 0.650402675733, 2.35595636434, -1.0, 3.0, 1.0, 0.0, 2.26434119205, 0.0, 1.0, 2.37407361604, 2.0, 1.0, 3.0, 0.0456796877877, 1.0, 2.0, 0.0, 1.25525928487, 1.37949640502, 2.0, 0.0, 1.0, 2.0, 3.0, -0.443098208785, 1.0, -0.6391828553, 1.0, 94306.0, 651.0, 99422.0
1.0, -1.0, 0.0951450982534, 1.97599105154, 1.0, 2.0, -0.324188918302, 0.0, 0.0591180533222, -1.0, 0.0, 0.0, -1.0, 1.0, 2.0, -1.0, 2.53203722407, -1.0, 2.0, 1.0, -0.195702287588, -1.0, 1.0, 2.0, -1.0, 0.0, 0.0, 0.0, -0.583544025524, -1.0, -0.76244734547, 2.0, -0.908096841976, 1.0, -1.0, 2.0, 0.0, -1.0, 1.0, 2.10112596574, 0.0, 1.58627009376, 2.0, 0.0, 0.0, 1.0, 2.0, 1.1451909914, -1.0, 2.0, 94968.0, 554.0, 99522.0
1.71157941993, 2.0, 2.0, 0.0, 1.05154258039, 0.0, -0.204225823323, -1.0, 1.0, -0.343748117915, 2.0, -0.926542226912, -0.713674843395, 1.0, -1.0, 0.0, -1.0, 1.0, 0.722501898444, 0.59069439964, 2.0, 2.06084704398, 0.650402675733, 2.35595636434, -1.0, 3.0, 1.0, 2.05796411556, 2.26434119205, 0.0, 1.0, 2.37407361604, 2.0, 1.0, 3.0, 0.781377319757, 1.0, 2.0, 0.0, -1.0, 1.37949640502, 2.78435570181, 0.879507238614, 1.0, -1.0, 3.0, 1.49798160694, 1.0, -0.6391828553, 1.0, 94606.0, 617.0, 99443.0
1.15816548597, 1.08507789357, 0.485433591369, 0.448603430158, 0.563082073602, 2.32167389076, 2.30512130191, 1.70032182501, 1.71858152021, 2.12069645343, -1.0, 0.0, 0.0, 1.90734620967, 3.0, 0.960383359807, 2.03421359072, -0.102302154656, 0.0, 2.0, 0.844810350927, 0.0, 2.0, 2.56778826919, 3.0, 0.501239019209, 0.0, 2.0, -1.0, 3.0, 1.0, 0.677016385848, -0.329806114195, 0.0, 0.0, -0.608488562879, 0.0, 2.0, 2.33622247885, -0.837651995483, 1.81977179918, 1.63096198631, 1.0, 1.77172885164, -1.0, 3.0, -1.0, 1.0, -1.0, 0.0, 94138.0, 652.0, 99418.0
1.44355879904, 2.0, 2.0, 3.0, 0.284106102297, -0.756429742183, 2.85143251699, 2.0, 3.0, 0.0160326158801, 0.0, 0.141272786707, -1.0, 1.66877600618, -1.0, 0.0, 0.0, 1.0, 1.24769085696, 2.0, 0.0, 0.0, 3.0, -0.112479517448, -1.0, -0.60872931203, 1.0, -1.0, 2.0, 1.0, 1.0, -0.223265595048, 2.0, 1.0, 0.0, 0.0, 0.785838774735, -0.137239313114, 1.0, -1.0, 3.0, -0.394836585064, 3.0, 0.0, -1.0, 1.0, -1.0, 1.0, -1.0, -0.466836097606, 94469.0, 599.0, 99464.0
0.0, 2.0, 1.80787010024, -0.350500266276, -0.719648405727, 0.0, 1.0, -1.0, -1.0, -0.103585923686, 2.0, 0.0, -1.0, 1.0, -1.0, 0.0, -1.0, 1.0, -1.0, 1.0, 2.44660841479, 2.01213378791, 1.0, 2.0, -1.0, 3.0, 1.0, 0.0, 2.0, -0.7386193051, 1.0, 2.0, 2.0, -0.60334809104, 3.0, -1.0, 1.0, 2.0, 0.843415799245, 0.247426132857, 2.0, 2.0, 0.0, 1.86565189674, -0.888421130495, 3.0, 2.0, 1.0, 0.0, 1.0, 94861.0, 583.0, 99471.0
2.0, 1.78083827893, 0.0, 1.0, -0.332133462419, -0.246067777961, 1.36992424061, 0.0, 0.0, -1.0, 2.93369642703, 2.0665002605, 1.0, 1.0, 3.0, 2.0, 2.86165667937, 1.52416538617, 1.0, 1.0, 3.0, 0.0, 1.0, 0.0, -1.0, 0.0, 1.0, 1.0, 2.0, -0.893096728954, -0.448618306157, 0.386214734303, -1.0, 1.81666974317, 0.0, 3.0, -1.0, 2.0, 1.33407614368, 2.0, 2.0, 0.0, -1.0, 1.05810445325, 2.61939687574, -0.399920333935, 0.0, 0.937243648332, 2.0, 0.379251812474, 93862.0, 676.0, 99406.0
-0.124104068674, 0.0, 0.0, 2.10963884611, 2.59736382399, 0.0, 0.0, -1.0, 3.0, 0.0, 0.894335032649, 1.0, 2.0, 0.0, 0.817101678712, 1.0, 1.0, 2.0, 3.0, 2.0, 2.34907183399, 3.0, 1.0, 0.0, 1.15205927764, -0.26404883901, 0.831581003618, 2.50292237181, 3.0, 2.0, 1.15921674172, 1.0, 1.0, 1.0, 0.0, 2.0, 0.987856688806, 2.0, 1.0, 0.00715136717405, 1.0, 2.0, 2.0, 2.78896901541, -0.712014459156, 0.0, 1.23373560871, -0.071057376947, 1.00327928313, -0.704982711715, 93888.0, 714.0, 99381.0
2.9441962914, -1.0, -1.0, -1.0, 0.907715092749, 2.0, 0.0, -0.58220886183, 1.0, -1.0, 0.0, 0.0, -1.0, 1.0, 2.0, -1.0, 1.63130673651, -1.0, 2.0, 1.0, 2.0, 0.269043588695, 1.0, 2.0, -1.0, 0.0, 1.33955329028, -0.725695322695, 1.0, -0.509900669047, 0.0, 2.0, 0.197994524648, 1.0, -1.0, 2.0, -0.031683649472, -1.0, 0.932555162567, 2.0, 0.0, 2.0, 2.0, 0.0, 0.0, 1.0, -0.792958150245, 2.0, -1.0, 2.0, 95344.0, 526.0, 99545.0
0.658982441126, 0.0, 0.0, 2.0, 3.0, -1.0, 0.0, 0.0, 1.0, -1.0, -1.0, 1.0, 2.0, 2.0, 0.0, 2.0, 2.0, 0.0, 0.0, 0.0, 2.0, 0.896892083377, 2.0, -1.0, 2.0, -1.0, -1.0, 2.0, 1.0, 0.0, 1.0, 1.0, 0.0, 1.18712942418, 1.0, 0.771526648986, -1.0, 2.0, 3.0, -1.0, -0.012762326974, 2.81786838279, 0.0, 2.0, 0.0, 0.968873593796, 1.0, 0.0, 3.0, 1.0, 94036.0, 645.0, 99429.0
2.0, -0.0888359911468, 0.0, 1.0, -0.332133462419, -0.246067777961, 1.36992424061, 0.0, 0.0, -1.0, 2.93369642703, 2.0665002605, 1.0, 1.0, 3.0, 2.0, 2.86165667937, 1.52416538617, 1.0, 1.0, 3.0, 0.0, 2.56550499928, 0.0, -1.0, 0.0, 1.0, 1.0, -0.743334491939, -0.893096728954, 0.13982231475, 0.386214734303, -1.0, 1.81666974317, 0.0, 3.0, -1.0, 2.0, 1.33407614368, 1.0, 2.0, 0.0, -1.0, 1.05810445325, 2.61939687574, 0.845545040081, 0.0, 0.937243648332, 2.0, 0.379251812474, 93925.0, 665.0, 99413.0
0.0, 3.0, 2.0, 2.82523018158, -1.0, 1.27117094356, 2.0, 1.0, 0.0, 2.39012178948, 3.0, 2.0, 0.0, 1.2087144465, 1.0, 1.0043005841, 0.0, 0.474490874564, 2.0, 0.0, 1.98889116145, 2.0, 1.0, 1.0, -1.0, 2.0, 1.0, 3.0, 1.0, 1.0, 2.0, 2.0, 3.0, 1.0, 0.0, 0.0, 0.309272436582, 0.0, 1.0, -0.0729402781198, 0.382461535843, 1.0, 0.0, 2.0, 3.0, -0.300918057665, -0.690616883391, 2.0, 0.0, 0.0, 93697.0, 721.0, 99383.0
0.384204146422, 3.0, 0.0, 2.27454482113, 0.635128301154, 1.0, 2.99041065354, 2.0, 1.0, 0.0, -1.0, 0.0, 0.0, 3.0, 0.0, 1.0, -1.0, 3.0, 2.0, 0.0, 3.0, 0.0, 2.0, 1.0, 0.0, -1.0, 3.0, 0.0, -1.0, 2.0, 0.0, 1.0, 1.0, 1.0, -0.149317236923, 3.0, 1.0, 1.0, 1.0, 1.06347700962, -1.0, -1.0, 1.0, 2.0, 3.0, 3.0, 2.0, 0.0, 0.0, 0.0, 94167.0, 669.0, 99407.0
-0.24181135028, 2.0, 2.0, 0.0, 1.15284247071, 0.0, 1.0, 1.30442100795, 1.0, 1.87669223646, 2.0, -0.926542226912, -0.87831154572, 1.0, -1.0, 0.0, -1.0, 1.0, 0.722501898444, 0.59069439964, 2.0, 2.06084704398, 0.650402675733, 2.35595636434, -1.0, 3.0, 1.0, 0.42956213694, 2.26434119205, 0.0, 1.0, 2.37407361604, 2.0, 1.0, 3.0, 0.0456796877877, 1.0, 2.0, 0.0, 1.34118653348, 2.61167627651, 2.0, 0.0, 1.0, 2.81148098164, 3.0, -0.443098208785, 1.0, -0.6391828553, 1.0, 94205.0, 668.0, 99412.0
2.12859287586, 1.08507789357, 1.0, 0.0, 1.0, -0.3460468274, -1.0, 1.0, -1.0, 2.12069645343, -1.0, 1.58780778866, 0.0, 1.90734620967, 3.0, 1.0, 2.56182745292, 0.721196904222, 0.0, 2.0, 0.837710022043, 0.0, 2.0, 0.0, 3.0, 0.531914671091, 0.0, 2.0, -1.0, 3.0, 0.0, 0.0, 0.0, 0.0, 0.0, -0.608488562879, 0.0, 2.0, 2.00856124042, 2.0, 0.0, 1.40131190105, 1.0, 1.25163602162, 0.0, 3.0, -1.0, 1.0, -1.0, 0.0, 93949.0, 655.0, 99424.0
1.44355879904, 2.0, 2.0, 3.0, 0.284106102297, -0.817861077201, 2.85143251699, 2.0, 3.0, 0.0160326158801, -0.975023372351, 0.141272786707, -1.0, 1.66877600618, -1.0, 0.0, 0.0, 1.0, 1.24769085696, 2.0, 0.0, 2.3720198316, 3.0, -0.112479517448, -1.0, -0.791826367062, 1.0, -1.0, 2.0, 1.0, 1.0, -0.223265595048, 2.0, 1.0, 0.0, 0.0, 0.785838774735, -0.137239313114, 1.0, -1.0, 3.0, -0.394836585064, 3.0, 0.0, -1.0, 1.0, -1.0, 1.87820416649, -1.0, -0.466836097606, 94711.0, 583.0, 99472.0
1.0, -1.0, -1.0, 2.0, 0.203928396431, -0.244061917718, 0.0, 0.0, 1.0, -1.0, 0.0, 0.102768285404, -1.0, 1.0, 1.46095121652, -1.0, 2.0, -1.0, 2.0, 1.0, 2.0, -1.0, 1.0, 2.0, -1.0, 0.0, 0.0, 0.0, -0.413690809535, -1.0, 0.0, 2.0, -0.882844646815, 1.0, -1.0, 2.0, -0.255348014031, -1.0, 1.0, 1.0, 0.0, 2.49985508977, 2.0, 0.0, 0.0, 0.791110030427, 2.80783055573, 2.0, -1.0, -0.924693780547, 94990.0, 546.0, 99533.0
1.26478830552, 1.97578778305, 2.0, 3.0, 0.284106102297, -0.817861077201, 2.28471517622, 2.49938501652, 3.0, 0.0160326158801, -0.980216902756, 0.141272786707, -1.0, 1.66877600618, -0.658091984583, 0.0, 0.0, 1.0, 1.24769085696, 2.0, 1.93253421756, 1.73410442238, 3.0, -0.112479517448, -1.0, -0.791826367062, 1.0, -1.0, 2.0, 2.87596410881, 1.83584335846, -0.223265595048, 2.0, 1.0, 0.0, 0.0, 0.785838774735, -1.0, 1.0, -1.0, 3.0, 0.148439471747, 3.0, 0.0, -1.0, 1.0, -1.0, 1.87820416649, -1.0, -0.96458254011, 95168.0, 553.0, 99500.0
2.62170994147, 3.0, 0.0, 1.0, 0.0, 0.0, 0.0, -0.123811514037, 1.0, 0.0, 2.05544276012, 1.0, 1.53974526503, 1.59739538059, 2.02625248698, 3.0, -0.806734331356, 1.0, 3.0, 0.0, 0.0, 0.173835315393, 0.0, 1.95528365295, 3.0, 3.0, 0.861591256434, 2.80138636856, 3.0, 0.74776460767, 1.0, 0.0, 0.287156315965, 0.0, 2.0, -1.0, 0.0, 0.0, 1.0, 1.0, 1.0, 2.0, -1.0, 1.0, 3.0, 2.9133383775, 3.0, 1.50577276747, 0.661748130047, 0.0, 93859.0, 719.0, 99369.0
2.0, 2.0, 2.0, 2.0, 0.0, 2.0, 1.0, -1.0, 2.0, 3.0, 1.0, 1.0, 1.0, 1.0, 0.0, 2.0, 2.0, 3.0, 1.0, 3.0, 1.0, -0.802175974219, 0.0, 1.0, 1.0, 0.0, 2.0, 0.0, -0.755440601966, -1.0, 1.0, 2.0, 0.0, -1.0, 2.03381890958, 3.0, 0.0, 0.0, 0.0, 1.0, 2.0, -1.0, 0.0, 2.29013633255, 2.0, 2.0, 0.0, 2.83365155913, 3.0, 1.0, 94563.0, 671.0, 99405.0
-1.0, 0.0, 0.0, 2.0, 1.47832151595, 0.0, 0.0, -1.0, 3.0, 0.0, 0.894335032649, 1.0, 2.0, 0.0, 0.0, 1.0, 1.0, 2.0, 3.0, 2.0, 2.34907183399, 0.0, 1.0, 0.0, 1.15205927764, 2.0, 0.831581003618, 0.626809558983, 3.0, 2.0, 1.15921674172, 1.0, 1.0, 1.0, 0.0, 2.0, 0.0, 2.0, 1.0, -1.0, 1.0, 2.0, 2.0, 2.0, -0.712014459156, 0.0, 1.51010532009, -0.071057376947, -1.0, 1.4465104836, 93997.0, 682.0, 99405.0
2.0, 3.0, 0.0, -0.210735413753, 0.0, 0.0, 0.0, 2.0, 2.0, 0.0, 2.0, 1.0, 0.429111194763, 3.0, 2.02625248698, 3.0, -0.806734331356, 1.0, 3.0, 0.0, 0.703050237404, 2.0, -0.745521633593, 3.0, 3.0, 3.0, 0.861591256434, 2.0, 3.0, 1.91034465447, 1.0, 0.0, 0.287156315965, 0.0, 2.0, -1.0, 0.0, 0.0, 1.0, 1.0, 1.0, 2.0, -1.0, 3.0, 3.0, 2.42438923778, 3.0, 3.0, 0.661748130047, 0.0, 94227.0, 704.0, 99380.0
1.0, -1.0, -1.0, 1.25569089209, 1.0, 1.57501799506, 0.0, 0.0, 1.0, -1.0, 0.0625227464625, 0.0, -1.0, 1.0, 2.0, -1.0, 2.53203722407, -1.0, 2.0, 1.0, -0.195702287588, -1.0, 1.0, 2.0, -1.0, -0.593487585908, 2.65025305891, 0.0, -0.134649116059, -1.0, 1.36718089623, 2.0, 1.0, 1.0, -1.0, -0.658097942271, 0.389144214014, -1.0, 1.0, 2.10112596574, 0.486472734028, 1.58627009376, 2.0, 0.0, 0.0, 1.48772020887, -1.0, 1.1451909914, -1.0, -0.220394846912, 95135.0, 527.0, 99540.0
2.0, 0.869387184964, 0.0, 1.0, -0.332133462419, 0.0, -0.258289976046, 0.0, 0.127529256471, -1.0, 2.93369642703, 1.0, 1.0, -0.073697188941, 3.0, 2.0, 0.0723004845204, 1.0, 1.0, 1.59706560033, 3.0, 0.0, 1.0, 0.0, -1.0, 0.0, 1.0, 1.0, 2.0, 1.29414960294, 0.791331245745, -0.434056348033, -1.0, 1.81666974317, 0.0, 0.940527588749, -1.0, 2.0, 1.92140010835, -1.0, 2.0, -0.606006658769, -1.0, 1.05810445325, 2.77163500909, -0.418820766879, 0.0, 1.0, 2.0, 0.379251812474, 93882.0, 661.0, 99424.0
1.0, -1.0, -1.0, -1.0, 0.269991632808, 2.92557017174, 0.0, -0.980454056301, 1.0, -1.0, -0.985586714925, 0.0, -1.0, 0.536762912473, 1.83467382258, -1.0, 2.0, -1.0, 2.0, 0.485212378474, 2.0, 1.69246517549, 1.0, 2.0, -0.56531644182, 0.0, 1.33955329028, -0.725695322695, 2.09834517185, -0.509900669047, 0.0, 2.0, 2.13578603351, 1.0, -1.0, 1.0, 0.0, -1.0, 2.19389109268, 2.0, 0.0, 2.0, 2.0, 0.0, 0.0, 1.0, 2.65556412759, 2.63588226047, -1.0, 2.2219111759, 95463.0, 529.0, 99537.0
1.0, -1.0, -1.0, -1.0, 0.269991632808, 2.0, 0.0, 1.09818002641, 1.0, -1.0, -0.985586714925, 0.0, -1.0, 0.536762912473, 1.83467382258, -1.0, 2.0, -1.0, 2.0, 0.485212378474, 2.0, 1.69246517549, 1.0, 2.0, -0.56531644182, 0.0, 1.33955329028, -0.725695322695, 2.01206859392, -0.509900669047, 0.0, 2.0, 2.13578603351, 1.0, -1.0, 1.0, 0.0, -1.0, 2.19389109268, -1.0, 0.0, 2.0, 2.0, 0.0, 0.0, 1.0, 2.65556412759, 2.63588226047, -1.0, 2.2219111759, 95351.0, 530.0, 99537.0
1.0, -1.0, -1.0, -1.0, 2.82131230983, 2.73270930333, 0.0, 0.0, 2.52687930702, -1.0, -0.807637559734, 0.0, -1.0, -1.0, 2.0, -1.0, 2.24419951244, -1.0, 2.0, 1.0, 2.0, 2.0, 1.0, 2.0, -1.0, 0.0, -0.31125147558, 0.0, 1.0, -1.0, 0.0, 2.0, 1.0, 1.0, -0.233893740237, 2.99859178075, 0.0, -1.0, -0.0952466403105, 2.0, 0.0, -0.187564405125, 2.0, 0.0, 0.0, 1.12337686427, 2.0, 2.0, -1.0, 2.0, 95047.0, 561.0, 99517.0
1.71157941993, 2.0, 2.0, 0.0, 1.05154258039, 0.0, 1.51666548008, -0.696009548931, 1.0, -0.343748117915, 2.0, 0.0, -0.713674843395, 1.0, -1.0, -0.372201917779, 1.53475107406, 1.0, 0.722501898444, -0.60689377361, 2.0, 2.06084704398, -0.76589478254, 2.0, -1.0, 1.0, 0.793420389042, -0.0234959859899, 2.26434119205, 0.0, 1.0, 2.0, 2.0, 1.0, 3.0, -1.0, 1.0, 2.0, 0.558437905929, 0.0, 2.0, 0.838511436689, 0.0, 1.0, -1.0, 3.0, 1.49798160694, -0.34716790154, -0.6391828553, 1.0, 94545.0, 620.0, 99447.0
1.94230589663, 2.0, 2.0, 3.0, 0.284106102297, -0.817861077201, 2.85143251699, 2.0, -0.596075053148, 0.0160326158801, -0.975023372351, 2.71811170129, -0.81171182947, 1.66877600618, -1.0, 0.0, 0.0, 1.0, 1.24769085696, 2.0, 0.0, 2.3720198316, 3.0, -0.112479517448, -1.0, -0.996766951072, 1.0, -1.0, 2.0, 1.0, 1.0, -0.223265595048, 0.470056124543, 1.0, 0.0, 0.0, 0.785838774735, -0.137239313114, 2.0, -1.0, 3.0, -0.394836585064, 3.0, 0.0, -1.0, 1.0, -1.0, 1.87820416649, -1.0, 1.91164802129, 95015.0, 571.0, 99483.0
1.15816548597, 1.08507789357, 1.0, 0.448603430158, 1.0, 2.32167389076, 2.30512130191, 1.70032182501, 1.71858152021, 2.12069645343, -1.0, 0.0, 0.0, 1.90734620967, 3.0, 0.960383359807, 2.03421359072, -0.102302154656, 0.0, 2.0, 0.844810350927, 0.0, 2.0, 2.56778826919, 3.0, 0.501239019209, 0.0, 2.0, -1.0, 3.0, 1.0, 0.677016385848, -0.329806114195, 0.0, 0.0, -0.608488562879, 0.0, 2.0, 2.00856124042, 2.0, 1.81977179918, 1.40131190105, 1.0, 1.77172885164, 0.0, 3.0, -1.0, 1.0, -1.0, 0.0, 93912.0, 686.0, 99397.0
1.0, -1.0, -1.0, 1.25569089209, 1.0, 1.57501799506, 0.0, 0.0, 1.0, -1.0, 0.0625227464625, 0.0, -1.0, 1.0, 2.0, -1.0, 2.53203722407, -1.0, 2.0, 1.0, -0.195702287588, -1.0, 1.0, 2.0, -1.0, 0.0, 0.0, 0.0, -0.134649116059, -1.0, 0.0, 2.0, 1.0, 1.0, -1.0, -0.658097942271, -0.791230882096, -1.0, 1.0, 2.10112596574, 0.0, 1.58627009376, 2.0, 0.0, 0.0, 1.48772020887, 1.13856490075, 1.1451909914, -1.0, -0.220394846912, 94859.0, 548.0, 99527.0
0.0, 2.05516932812, 0.0, 1.48628758813, 1.58520298995, 1.0, 1.0, 1.0, 1.0, -0.274843681025, 2.0, 0.0, -0.862056916077, 3.0, -1.0, 2.0, 3.0, 0.817317905533, 0.548936212975, 2.0, 3.0, 2.17537016039, 2.0, 0.0, 0.0, -1.0, 3.0, 1.0, 0.0, 0.0, 1.0, 1.0, 3.0, -0.489711342685, 0.0, 2.0, 0.0, 1.0166633755, 1.0, 2.0, 0.0, 2.99040657781, 0.0, 3.0, 0.0, 2.0, 1.85515608125, 2.54406110236, -1.0, 2.0, 94150.0, 702.0, 99387.0
0.0, 2.0, 1.80787010024, -0.350500266276, -0.111798127317, 0.0, 1.0, -1.0, 1.0, -0.103585923686, 2.44232962385, 0.0, -1.0, 1.0, -1.0, 0.0, -1.0, 1.0, -1.0, 1.0, -0.772005648973, 2.01213378791, 1.0, 2.0, -1.0, 3.0, 1.0, 0.0, 2.0, -0.7386193051, 1.0, 2.0, 2.0, 1.0, 3.0, -1.0, 1.0, 2.0, 0.0, 0.99922556736, 2.0, 2.0, 0.0, -0.653321387267, -0.0369232680647, 3.0, 2.0, 1.0, 0.0, 2.04056465822, 94597.0, 607.0, 99459.0
0.0, 1.0, 2.0, 1.0, 1.0, 1.0, 1.0, 1.0, 1.0, 1.0, 2.0, 0.0, 0.0, 3.0, -1.0, -0.0451836729454, 3.0, 2.0, 0.0, 0.687711114093, 3.0, 2.0, 2.0, 0.0, -0.110432498908, 1.18523899999, 1.30541252642, -1.0, -0.34846348624, 3.0, 1.0, 1.0, 3.0, -1.0, 0.0, 2.37214842642, 0.0, 1.0, 1.0, 1.0, 0.0, 2.73011746801, -0.170969177673, 1.73647981145, 0.0, 2.46480546357, 3.0, 2.0, -1.0, 2.0, 93870.0, 702.0, 99390.0
2.40665248819, 1.0, 0.0, 1.0, 1.0, 1.0, 1.0, 1.0, 1.0, 1.0, -0.697010581404, 0.0, -0.292413542103, 3.0, -1.0, 2.0, 3.0, 2.0, 0.0979680771736, 0.0, 3.0, 2.91348549822, 2.0, 0.0, 0.0, -1.0, 2.30409038261, 1.0, 0.0, 0.0, 1.0, 1.0, 3.0, -0.489711342685, 0.0, 2.0, 1.35533106667, 1.60762076416, 1.0, -1.0, 2.05993158773, 2.99330855544, 0.0, 3.0, 0.0, 2.0, 1.85515608125, 0.204197936503, 1.62566266059, 0.487398666011, 93939.0, 708.0, 99380.0
1.0, 2.83273981194, 1.93602652839, 0.0, 0.0, 2.0, 0.147643469546, -1.0, 1.02262798965, 2.0, 0.856950941303, 1.0, 1.0, 2.66432977509, 1.0, 3.0, 1.0, 3.0, 2.0, 3.0, 3.0, 0.0, 1.0, -1.0, 0.0, -1.0, -1.0, -1.0, -0.575540981595, 1.0, 2.0, -0.355203934036, 2.0, 1.0, 1.56309365409, 2.0, 0.0, -1.0, 2.0, -0.866857376355, 0.0, 3.0, -0.152418706285, 2.0, -1.0, 2.0, -0.53301737952, 0.430728299739, 0.0, 2.0, 94875.0, 611.0, 99454.0
0.662374101772, 2.83273981194, 1.93602652839, 0.0, 0.0, 2.0, 0.147643469546, -1.0, 1.02262798965, -0.542002556324, -0.701292149018, 1.0, 1.0, 2.66432977509, 1.0, 0.358335615286, 1.0, 3.0, 2.0, 3.0, 3.0, 0.0, 1.0, -1.0, 0.0, -1.0, -1.0, -1.0, -0.575540981595, 1.0, 2.0, -0.355203934036, 2.0, 1.0, 1.0302503836, 2.0, 0.0, -1.0, 2.0, -0.866857376355, 0.0, 3.0, -0.152418706285, 2.28293598675, -1.0, 2.0, -0.53301737952, 0.430728299739, 3.0, 2.0, 94896.0, 578.0, 99474.0
3.0, -1.0, 2.20490152324, 0.0, -0.476346531082, 0.0, 2.0, 2.10805641163, 2.0, 0.503530752035, 3.0, -1.0, 1.0, 0.0, 2.9953976564, 1.0, 2.0, 2.0, 1.0, 2.0, 0.0, 0.0, 3.0, -1.0, 1.0, 0.0, 0.0, 2.0, 2.0, 2.0, 0.0, 1.0, 0.0, 2.0, 0.0, 0.0, -1.0, 0.0, 2.0, 1.0, 1.0, 2.0, 3.0, 1.13340733813, 3.0, 0.0, 1.0, 2.0, 1.0, 0.0, 93831.0, 707.0, 99393.0
0.0, 1.0, 2.0, 1.0, 1.0, 1.0, 1.0, 1.0, 1.0, 1.0, 2.0, 0.0, 0.0, 1.0, -1.0, 2.0, 3.0, 2.0, -0.468351056838, 2.0, 3.0, 2.0, 2.0, 0.0, 2.76149780779, -1.0, 1.12803572738, 1.0, 0.0, 0.0, 1.0, 1.0, 3.0, -1.0, 0.0, 2.0, 0.0, 1.0, 1.0, 1.0, 0.0, 3.0, 0.0, 3.0, 0.0, 2.0, 1.53823002682, 2.0, -1.0, 2.0, 93904.0, 706.0, 99384.0
2.27191364803, 2.0, 2.0, 3.0, 1.0, -1.0, 1.0, 2.0, 3.0, -1.0, 0.0444489417476, 0.141272786707, -1.0, 1.90053994205, -1.0, 0.0, 3.0, 1.0, -1.0, 2.0, -0.701936152273, 0.0, 3.0, -0.112479517448, -1.0, -1.0, 1.0, 2.0, -0.552647982473, 0.0667203404668, 1.0, 3.0, -0.988132648236, 1.0, 0.0, 0.0, 0.0, 1.0, 1.0, -1.0, 3.0, 0.412473243264, 3.0, 0.0, -1.0, 1.0, -1.0, 1.0, -1.0, 0.0, 95187.0, 546.0, 99514.0
3.0, 0.408727676251, -0.359130577039, 1.0, 1.47832151595, 1.0, -1.0, -0.827763991194, -1.0, 2.0, -1.0, 1.0, 0.0, 1.0, 0.0, 1.0, 2.0, -1.0, 0.0, 2.0, 1.0, 0.0, 2.0, 1.70142490308, 3.0, 0.0, 2.65025305891, 2.0, -1.0, 3.0, 1.0, 0.0, 0.0, -0.600017113973, 0.0, -1.0, 0.0, 2.0, 0.0, 2.0, 1.0, 3.0, 1.0, 2.0, 0.319287177234, 3.0, -1.0, 1.0, -1.0, 0.0, 94547.0, 606.0, 99463.0
1.0, -1.0, -1.0, -1.0, 1.0, 2.0, 0.0, 0.0, 1.0, -1.0, 0.0, 0.0, -1.0, 1.0, 2.0, -1.0, 2.0, -1.0, 2.0, 1.0, 2.0, 0.842388686579, 1.0, 2.0, -1.0, 0.0, 1.33955329028, 0.0, 1.0, -1.0, 0.0, 2.0, 0.197994524648, 1.0, -1.0, 2.0, 0.0, -1.0, 1.0, 2.0, 0.0, 2.0, 2.0, 0.0, 0.0, 1.0, 2.0, 2.0, -1.0, 2.0, 94849.0, 581.0, 99505.0
-1.0, -0.185125498731, 0.0, 2.0, 0.313126015946, -1.0, 2.05747468486, 0.138616953017, 1.44229252112, -1.0, -1.0, 1.0, 1.0, 2.0, 0.43141839757, 2.23998916551, -0.525648562584, 1.76684062076, 2.8222199195, -0.168013276229, 2.0, 1.0, 2.0, -1.0, 2.21487165251, -1.0, -1.0, 2.0, 1.80140695798, 0.0, 1.45372639653, 1.0, 0.0, 3.0, 1.0, 1.0, -1.0, 1.0, 3.0, -1.0, 1.0, 3.0, -0.257853171833, 2.86207333114, -0.058836241571, 1.0, 1.0, -0.241536930173, 3.0, 0.0, 94574.0, 613.0, 99452.0
2.0, 3.0, 0.0, -0.210735413753, 0.0, -0.80108895777, 0.0, 2.0, 2.0, 0.0, 2.0, 1.0, -0.515031961975, 3.0, 2.02625248698, 3.0, -0.806734331356, 1.0, 3.0, 0.0, 0.49970661048, 2.0, -0.745521633593, 3.0, 3.0, 3.0, 0.861591256434, 2.0, 3.0, 1.91034465447, 1.0, 0.0, 0.287156315965, 0.0, 2.0, 1.0, 0.0, 0.0, 1.0, 1.0, 1.0, 2.0, -1.0, 3.0, 3.0, 2.42438923778, 3.0, 3.0, 0.661748130047, 0.0, 94504.0, 683.0, 99397.0
0.0, -1.0, 1.0, -1.0, -1.0, 0.0, 2.0, 2.0, -1.0, 2.0, 0.0, 2.0, -1.0, 0.0, 2.0, 2.0, 1.0, 2.0, 3.0, -0.657062469301, 1.50210855539, -1.0, 1.0, -0.814395871333, 0.824566119671, -1.0, 0.0, -1.0, 2.0, 0.379131399929, 2.0858817032, 0.0, -0.658736950317, 0.0, 0.452561063112, 3.0, -1.0, 0.0, 0.0, 1.74328568461, 0.0, 0.0, 1.73746823973, 1.0, 0.824542004482, -1.0, 3.0, 1.0, 3.0, -0.461459112914, 94899.0, 574.0, 99499.0
-0.124104068674, 0.0, 0.0, 2.10963884611, 2.59736382399, 0.0, 0.0, -1.0, 3.0, 0.0, 0.894335032649, 1.0, 2.0, 0.0, 0.817101678712, 1.0, 1.0, 2.0, 3.0, 2.0, 2.34907183399, 3.0, 1.0, 0.0, 1.15205927764, 2.0, 0.831581003618, 2.50292237181, 3.0, 2.0, 1.15921674172, 1.0, 1.0, 1.0, 0.0, 2.0, 0.987856688806, 2.0, 1.0, -1.0, 1.0, 2.0, 2.0, 2.78896901541, -0.712014459156, 0.0, 1.51010532009, -0.071057376947, 1.00327928313, -0.704982711715, 94097.0, 698.0, 99391.0
-1.0, 0.0, 0.0, 2.0, 1.0, -0.431573282245, 0.0, 0.0, 1.0, -1.0, -1.0, 1.0, 2.0, 2.78276574791, 0.0, 2.0, 2.0, 0.0, 0.0, 0.0, 2.0, 1.0, 2.0, -1.0, 2.0, -1.0, -1.0, 2.80943142451, 1.0, -1.0, 1.0, -0.0220361185242, 0.0, 3.0, 1.0, 1.0, -1.0, 1.30655539822, 3.0, -1.0, 1.0, 0.271830854406, -0.832907838704, 2.0, 0.0, 1.0, 1.0, 1.16348579445, 3.0, 1.0, 94214.0, 615.0, 99449.0
2.12859287586, 0.293695701287, 1.0, -0.896643429349, 1.88361250326, 1.0, -1.0, 2.7375496669, -1.0, 2.12069645343, -1.0, 2.0, -0.194518803573, 1.0, 0.0, 0.286055911781, 2.56182745292, 0.721196904222, 0.0, 2.0, 0.837710022043, 0.0, 2.0, 0.0, 3.0, 0.501239019209, 0.0, 2.0, -1.0, 0.704912507348, 1.0, 0.0, -0.667088525349, -0.335183484083, -0.0483554188085, -0.608488562879, 0.0, 2.0, -0.48447486862, 0.856530003289, 1.0, 0.0857778992534, 1.0, 0.45390052556, 0.0, 3.0, -1.0, 1.0, -1.0, 1.08803937501, 94103.0, 632.0, 99448.0
-1.0, 0.0, 0.0, 1.22092705113, 3.0, -1.0, 0.127013288583, 0.0, 1.0, -1.0, -1.0, 1.0, 2.0, 2.78276574791, 0.0, 2.83029726476, 2.0, 0.0, 0.0, 0.0, 2.0, 1.0, -0.414831994796, -1.0, 2.0, -1.0, -1.0, 2.80943142451, 1.0, -1.0, 1.0, -0.0220361185242, 0.0, 3.0, 1.0, 0.108897686982, -1.0, 0.641778932188, 3.0, -1.0, 1.0, 3.0, -0.832907838704, 2.0, 0.0, 1.0, 1.0, 1.16348579445, 3.0, 1.0, 94554.0, 598.0, 99463.0
-1.0, 0.0, 0.0, 2.0, 2.0, 0.327250332338, 0.0, -1.0, 3.0, 0.0, 1.0, 1.0, 2.0, 0.0, 0.0, 1.0, 1.0, 2.0, 0.0, 2.0, 2.0, 3.0, 1.0, 0.0, 0.246005460104, 2.0, 3.0, 1.0, 3.0, -0.468664556104, 0.0, 1.0, 0.0449418728015, 1.0, 0.0, 2.0, 1.61389175424, 2.0, 1.0, 2.0, 1.0, 2.0, 2.0, 2.0, -1.0, 0.0, 2.0, 3.0, -1.0, 1.0, 94094.0, 698.0, 99395.0
0.0, 2.0, 1.80787010024, -0.350500266276, -0.423836426806, 0.0, 1.0, -1.0, -1.0, -0.103585923686, 2.0, 0.0, -1.0, 1.0, -1.0, 0.0, -1.0, 1.0, -1.0, 1.0, 2.44660841479, 2.01213378791, 1.0, 2.0, -1.0, 3.0, 1.0, 0.0, 2.0, -0.7386193051, 1.0, 2.0, 2.0, -0.600017113973, 3.0, -1.0, 1.0, 2.0, 0.843415799245, 0.99922556736, 2.0, 2.0, 0.0, 1.0, -0.888421130495, 3.0, 2.0, 1.0, 0.0, 1.0, 94694.0, 595.0, 99460.0
1.0, -0.185125498731, 3.0, 2.10550835303, 1.0, 3.0, 0.0, -1.0, 1.0, 1.0, 1.0, 1.0, 2.0, 2.0, -0.729724952292, 2.0, -0.8436277185, 0.0, 2.0, 1.0, 1.41668688027, 0.955805084528, 1.20198930995, 0.0, 3.0, 3.0, -1.0, -1.0, 3.0, 3.0, 0.341041936207, 1.0, 2.0, 2.3972941944, 0.55976249123, -1.0, 3.0, 1.54938742179, 1.90016170686, -1.0, 1.0, 1.0, 1.0, 1.52866127676, -1.0, 1.19687018958, 3.0, -1.0, -1.0, 3.0, 95026.0, 606.0, 99456.0
1.44355879904, 2.0, 2.0, 3.0, 0.284106102297, -0.756429742183, 2.85143251699, 2.0, 3.0, 0.0160326158801, 0.0, 0.141272786707, -1.0, 1.85906097286, -1.0, 0.0, 0.0, 1.0, 1.0, 2.0, 0.0, 0.0, 3.0, -0.112479517448, -1.0, -0.60872931203, 1.0, -1.0, 2.0, 1.0, 1.0, 0.386214734303, 2.0, 1.0, 0.0, 0.0, 0.785838774735, -0.137239313114, 1.0, -1.0, 3.0, -0.394836585064, 3.0, 0.0, -1.0, 1.0, 0.0, 1.0, -1.0, -0.466836097606, 94290.0, 618.0, 99448.0
2.12859287586, 0.0, 1.0, -0.896643429349, 2.27502201787, 1.0, -1.0, 2.7375496669, -1.0, 2.12069645343, -1.0, 2.0, -0.194518803573, 1.0, 0.0, 1.0, 2.56182745292, 0.721196904222, 0.0, 2.0, 0.837710022043, 0.0, 2.0, -0.601638838961, 3.0, 0.501239019209, 0.0, 2.0, -1.0, 0.704912507348, 1.0, 0.0, -0.667088525349, 0.0, -0.0483554188085, -0.608488562879, 0.0, 2.0, -0.48447486862, 0.856530003289, 1.0, 0.0857778992534, 1.0, 0.45390052556, 0.0, 3.0, -1.0, 1.0, -1.0, 1.08803937501, 94212.0, 621.0, 99457.0
1.0, -1.0, -1.0, -1.0, 0.907715092749, 2.0, 0.0, 0.0, 1.0, -1.0, 0.0, 0.0, -1.0, 1.0, 2.0, -1.0, 2.0, -1.0, 2.0, 1.0, 2.0, 0.269043588695, 1.0, 2.0, -1.0, 0.0, 1.33955329028, -0.725695322695, 1.0, -0.509900669047, 0.0, 2.0, 0.197994524648, 1.0, -1.0, 2.0, 0.0, -1.0, 1.0, 2.0, 0.0, 2.0, 2.0, 0.0, 0.0, 1.0, 2.0, 2.0, -1.0, 2.0, 94948.0, 562.0, 99519.0
1.0, -1.0, -1.0, -1.0, 0.907715092749, 2.0, 0.0, 0.0, 1.0, -1.0, 0.0, 0.0, -1.0, 1.0, 2.0, -1.0, 2.0, -1.0, 2.0, 1.0, -0.229412022549, 0.269043588695, 1.0, 2.0, -1.0, 0.0, 2.66436783098, -0.725695322695, 1.0, -0.509900669047, 0.0, 2.0, 0.197994524648, 1.0, -1.0, 2.0, 0.0, -1.0, 1.0, -0.964981069282, 0.0, 2.0, 2.0, 0.0, 0.0, 1.0, 2.0, 2.0, -1.0, 2.0, 94997.0, 546.0, 99529.0
1.0, -1.0, -1.0, -1.0, 2.82131230983, 2.73270930333, 0.0, 0.0, 0.631419928721, -1.0, -0.807637559734, 0.0, -1.0, -1.0, 2.0, -1.0, 2.24419951244, -1.0, 2.0, 1.0, 2.0, 2.0, 1.0, 2.0, -1.0, 0.0, -0.31125147558, 0.0, 1.0, -1.0, 0.0, 2.0, 1.0, 1.0, -0.233893740237, 2.0, 0.0, -1.0, 2.0, 2.0, 0.0, -0.405875904235, 2.0, 0.0, 0.0, 1.12337686427, 2.0, 2.0, 0.418266189542, 2.0, 94881.0, 580.0, 99505.0
1.21787676575, 2.0, -0.0607578674699, 0.195379611587, 2.18358783125, 3.0, 1.0, 1.0, 0.0, 0.830990603082, -1.0, 1.31216714082, 1.0, 2.0, 2.10435113646, 0.0, -1.0, -0.642910072517, 0.30659133273, 0.0, -0.30666694852, 0.0, -1.0, 2.0, 1.20147502292, 2.08786591453, 1.49296467949, 2.0, 2.21261655412, 1.27819749299, -0.759889272344, 1.17582599297, 1.0, 2.0, 0.0, -1.0, 0.382310850697, -1.0, 0.250645173389, 1.0, 1.0, 0.0, -1.0, 3.0, -1.0, -0.159699399456, 0.243403367325, 0.598689786171, 3.0, -0.76835781867, 94219.0, 612.0, 99461.0
2.0, 2.0, 2.0, 2.0, 0.0, 2.0, 1.0, -1.0, 2.0, 3.0, 1.0, 1.0, 1.0, 1.0, 0.0, 2.0, 2.0, 3.0, 1.0, 1.13209927791, 1.0, -0.802175974219, 0.0, 1.0, 1.0, 0.0, 2.0, 0.0, 3.0, -1.0, 1.0, 2.0, 0.867440420808, -1.0, 2.03381890958, 3.0, -0.442503370084, 0.0, 0.0, 1.0, 1.78493111557, -1.0, 0.0, 2.29013633255, 2.0, 2.0, 0.0, 2.83365155913, 3.0, 1.0, 94469.0, 682.0, 99398.0
1.0, -1.0, -1.0, 2.0, 1.0, -0.0974194279703, 0.0, 0.0, 1.0, -1.0, 0.0, 0.102768285404, -1.0, 1.0, 1.46095121652, -1.0, 2.0, -1.0, 2.0, 1.0, 2.0, -1.0, 1.0, 2.0, -1.0, 0.0, 0.0, 0.0, -0.413690809535, -1.0, 0.0, 2.0, -0.882844646815, 1.0, -1.0, 2.0, 0.0, -1.0, 1.0, 2.0, 0.0, 2.461432434, 2.0, 0.0, 0.0, 0.791110030427, 2.80783055573, 2.0, -1.0, 2.0, 94951.0, 563.0, 99517.0
1.85516477662, 2.0, 2.0, -1.0, 1.47832151595, -1.0, 0.172736061443, 2.0, 3.0, -0.571965511829, -0.587221594374, 0.141272786707, -1.0, 2.93426561294, -1.0, 0.0, 2.21234445369, 1.0, -0.518520344638, 2.0, -0.701936152273, 0.0, 3.0, -0.112479517448, -1.0, 2.0, 1.0, 2.0, 2.79102831861, 0.0667203404668, 0.109324607309, 1.9901095243, 2.0, 1.0, 0.0, 0.0, -0.747980775795, 0.399122745778, 1.0, -1.0, 3.0, 0.293870726866, 3.0, 0.0, -1.0, 1.0, -1.0, 1.02903051577, -1.0, 0.0, 95156.0, 546.0, 99520.0
-1.0, 0.0, 0.0, 2.0, 3.0, -1.0, 0.0, 0.0, 1.0, -1.0, -1.0, 1.0, 2.0, 2.78276574791, 0.0, 2.0, 2.0, 0.0, 0.0, 0.0, 2.0, 1.0, 2.0, -1.0, 2.0, -1.0, -1.0, 2.0, 1.0, -1.0, 1.0, -0.0220361185242, 0.0, 3.0, 1.0, 1.0, -1.0, 2.0, 3.0, -1.0, 1.0, 3.0, 0.0, 2.0, 0.0, 1.0, 1.0, 1.16348579445, 3.0, 1.0, 94518.0, 612.0, 99453.0
1.0, -1.0, -1.0, -1.0, 2.82131230983, 2.73270930333, -0.176221061245, 0.0, 0.631419928721, -1.0, -0.807637559734, 0.0, -1.0, -1.0, 2.0, 1.06662477571, 2.24419951244, -1.0, 2.0, -0.817782012748, 2.0, 1.24378613308, 1.0, 2.0, -1.0, 0.0, -0.31125147558, 0.0, 1.0, -1.0, 1.0, 2.0, 0.289160992043, 1.0, -0.233893740237, 2.0, 0.0, -1.0, 2.0, 2.0, 0.0, 2.0, 2.0, 0.0, 0.0, 1.12337686427, 2.0, 2.0, 0.418266189542, 2.0, 94896.0, 574.0, 99503.0
1.0, -1.0, -1.0, -1.0, 2.82131230983, 2.73270930333, -0.176221061245, 0.0, 0.631419928721, -1.0, -0.807637559734, 0.0, -1.0, -1.0, 2.0, 1.06662477571, 2.24419951244, -1.0, 2.0, 1.0, 2.0, 1.24378613308, 1.0, 2.0, -1.0, 0.0, -0.31125147558, 0.0, 1.0, -1.0, -0.630001169222, 2.0, 2.89884771598, 1.0, -0.233893740237, 2.0, 0.0, -1.0, 2.0, 2.0, 0.0, -0.405875904235, 2.0, 0.0, 0.0, 1.12337686427, 2.0, 2.0, 0.418266189542, 2.0, 94892.0, 581.0, 99504.0
1.0, 3.0, 1.18807401568, 0.0, 2.0, 2.0, 3.0, 0.364848927493, -1.0, 3.0, -1.0, 0.0, 3.0, 2.0, -0.975609858825, 1.0, -1.0, -0.279889205269, 0.69971414834, 1.59924344721, 1.0, 0.0, 0.0, 1.0, 2.0, -0.480097743292, 1.0, 0.114120542292, -1.0, 1.47573829204, 1.74374906864, 0.460858900379, 1.0, 2.54820354477, -0.285856829229, 0.0, -0.42720421933, -0.297877059308, 2.0, 2.0, 2.0, 1.89051902818, 3.0, -1.0, 0.0, 3.0, 2.0, 2.0, 1.17282635412, 2.17670048708, 94161.0, 683.0, 99400.0
2.62170994147, 2.98382210556, 0.0, 1.0, 0.0, 0.0, 0.0, -0.123811514037, -1.0, 0.0, 2.05544276012, 1.0, 1.53974526503, 1.59739538059, 2.02625248698, 3.0, -0.806734331356, 1.0, 3.0, 0.0, 0.0, 0.173835315393, 0.0, 2.95092354754, 3.0, 3.0, 0.861591256434, 2.80138636856, 3.0, 0.74776460767, 1.0, 0.0, 0.287156315965, 0.0, 1.02458960739, -1.0, 0.0, 0.0, 1.91858270614, 1.0, 1.0, 2.0, -1.0, 1.0, 3.0, 2.9133383775, 3.0, 1.50577276747, 0.661748130047, 0.0, 94012.0, 707.0, 99380.0
1.0, -1.0, 0.168071525437, -1.0, 1.0, 1.0, 2.0, 3.0, 3.0, 1.0, 0.0, 2.8918728228, 3.0, 0.0, 3.0, 0.134111787631, 1.0, 3.0, 0.0, 2.0, 0.0, 1.0, 2.0, 2.0, -1.0, -1.0, 2.0, 1.0, 3.0, -1.0, 0.0, 2.0, 2.0, 0.0, 0.0, 0.0, 2.0, 2.29955036342, 0.0, 0.0, 1.0, 1.0, 1.0, 2.0, 2.0, 1.0, -1.0, 0.25969277673, 1.0, 2.0, 94155.0, 671.0, 99412.0
-1.0, 2.0, 0.0, 0.195379611587, 1.0, 3.0, 1.0, 1.0, 0.0, 2.84894768511, -1.0, -1.0, 1.0, 2.45299760055, 1.0, 0.0, -1.0, -1.0, 0.30659133273, 0.0, 0.0, 0.0, -1.0, 2.0, 1.13007990649, 2.0, 1.0, 2.0, 2.0, -1.0, -0.759889272344, -1.0, 1.0, 2.0, 0.0, -1.0, 2.0, -1.0, 1.0, 1.0, 1.0, 0.0, -1.0, 3.0, -0.660456428636, 1.35277687597, 2.0, 1.0, 3.0, -0.998574687512, 95012.0, 547.0, 99519.0
