-1.0, -1.0, 0.0, -1.0, 0.0, -1.0, 0.0371155180078, 0.108718338515, -1.0, -1.0, 0.187824441664, 3.0, -0.803700029758, 0.0, 0.400060811929, -1.0, 2.0, 2.11026000909, 2.0, 2.0, 0.664996371961, 2.90132334796, -0.809472674134, -1.0, -0.916013435116, 2.0, 2.68330935042, -1.0, 3.0, -1.0, -0.314789994558, 3.0, 2.0, 0.989011004441, -0.946344736114, 2.0, 2.0, 0.0, 1.0, -0.207262793602, 2.0, -0.539191643824, 1.0, 2.04689306143, -1.0, -0.87615413205, 2.18469011829, 1.0, 1.0, -0.878857123688, 98310.0, 456.0, 99586.0
-1.0, -1.0, 0.0, -1.0, 0.229411584172, -1.0, 2.15686966753, 2.75782029326, 0.49703592756, -1.0, 2.0, -0.685942459882, 0.0, -0.215747951134, 2.39214317798, -1.0, -1.0, 2.93804190048, -0.260451820314, 2.0, 1.69183909755, 1.74041313733, -0.809472674134, -1.0, -1.0, 1.03305696634, 3.0, -1.0, 3.0, -1.0, 3.0, 3.0, -0.384380720242, 2.39573053958, -1.0, 1.0, 2.0, -0.222936326901, 0.614924822858, 2.58150472308, -0.766017395962, -0.843295684179, 2.24281299632, 0.249910046312, -1.0, -0.87615413205, -0.276049693204, -0.980939743099, 0.401369253549, 0.0, 98305.0, 438.0, 99601.0
0.835508526133, 0.0123944288486, 1.19363735928, 3.0, 1.38772130964, 3.0, -1.0, -1.0, 2.0, 2.50816761059, 0.0, 0.169123925057, 0.0, -1.0, 0.0, -0.476570708908, 0.0, 2.0, 2.99038111156, 0.0, 0.0, 1.84577952392, 1.67653412601, 1.1863084192, 0.0, -0.497531193666, 1.0, -0.189474740905, 0.521452524019, 2.0, 1.9695990391, 2.0, 0.0, -0.186733989338, 1.5651003048, -0.133552164472, 1.12523205713, 0.0, 0.0982737003974, -0.451608306039, 1.0, 3.0, -0.104765905496, 2.28733367399, 2.96823582854, 2.26560214566, 3.0, 0.0, 1.0, 0.531563230438, 97361.0, 705.0, 99400.0
0.33227437453, 0.0123944288486, 1.19363735928, 3.0, 1.38772130964, 3.0, 0.747776013065, -0.188439699189, 2.0, 2.50816761059, 0.0, 3.0, 0.0, -1.0, 0.0, 1.78620270545, 0.0, -0.0185773597788, 2.0, 0.0, 0.0, 2.75884487281, 1.0, 3.0, 0.0, 2.0, 1.0, -0.189474740905, 1.0, 2.0, 3.0, 2.0, -0.384380720242, 2.39573053958, -1.0, 2.0, 1.12523205713, 0.0, -1.0, 0.0, 1.0, 3.0, 1.0, 2.0, 2.96823582854, 0.134083550323, 3.0, 0.0, 1.0, -0.255166605539, 97374.0, 699.0, 99397.0
1.65744328749, -1.0, 0.10291360274, 1.0, 0.346457112763, 1.0, 0.0, -0.633503620493, -1.0, 1.51917893651, 1.0, 2.0, 2.73212427979, 1.0, 0.0, 3.0, 0.0, 2.82903848644, 1.54178563074, 0.569831475395, 1.33508536378, 1.37313319729, 2.0, 0.940208533303, 1.96927384043, -0.0234213450335, -0.0412445879671, -0.403728920042, 0.696685109149, 1.35301156411, -1.0, 2.55396936259, 0.0, 0.0, -0.219267393272, 0.0, -0.37084423638, 0.742566958604, 1.62597846996, 0.0, 2.0, 0.0, 1.11512497099, -0.394243206359, 0.0, 2.0, 0.0, -0.308906491049, 1.4398959677, -0.262983720415, 97263.0, 676.0, 99409.0
2.0, 2.92688655432, 0.0, 1.19971984387, -0.608112144705, -0.853948627652, -0.0225998196263, -1.0, -1.0, -1.0, 2.36922783266, 0.0, 0.0, 2.32947745916, 1.58426320705, 1.0, 0.0, -1.0, 0.0, -0.949203391833, -0.526994380941, 0.0, 3.0, 1.0, 2.0, 2.0, -1.0, -0.189474740905, -1.0, -0.696787943215, -0.923568577598, -1.0, 3.0, -0.761496667422, 0.109716237136, 2.0, 2.05275438041, 0.0, 2.0, 2.0, -0.474024738955, -1.0, -1.0, -1.0, 1.37235483775, -1.0, 0.0, 0.0, 3.0, -0.255166605539, 98180.0, 451.0, 99590.0
1.67312492694, -0.929664009567, -0.316451737047, 2.36264390418, 2.13837221544, 1.0, -0.153395134882, -0.694920814718, -1.0, -1.0, 1.4088857538, -0.685942459882, 0.760398072984, -0.407358215787, -1.0, 1.06106463058, 2.40798224731, 1.83519739906, 0.0, 2.03117130279, 2.72385748604, 0.0, 2.0, -0.980985938471, -0.00546042220083, 2.0, 1.0, -1.0, 2.33878371733, -0.704197927759, -1.0, 2.4407085914, -0.8413286388, -0.492849973328, -1.0, -0.690236423658, 2.1963514447, 0.927763981591, -0.885476650871, 0.0, -0.766017395962, 2.20244174273, 2.24281299632, 0.249910046312, 0.0812500711042, 1.0, 3.0, -1.0, 0.562667514969, -1.0, 98102.0, 477.0, 99556.0
0.44004640569, -0.550034950135, -0.190042163831, 2.05301921915, 2.0, -0.879531783945, -0.0823149152783, -1.0, 0.0, -1.0, 3.0, -0.113685135955, 1.18320420661, 1.78781200754, 0.0, 1.43379672241, 0.502587032561, -1.0, -0.25898559521, 0.569831475395, -1.0, -0.0660749788984, 3.0, -0.716198837242, -1.0, 2.0, -1.0, 0.255152921048, -1.0, 0.85737926428, -1.0, -1.0, 3.0, -1.0, -0.377525930772, 2.0, 2.40770948183, 0.49925104149, 1.32419977065, -1.0, 0.123279032867, -0.666647621278, -0.299276604942, -0.45939049784, 1.37235483775, 0.688208682661, 0.0, 0.0, 1.0, -0.796332698541, 97959.0, 492.0, 99569.0
2.0, 2.92688655432, 0.0, 1.19971984387, -0.608112144705, -0.853948627652, -0.0225998196263, -1.0, -1.0, -1.0, 2.36922783266, 0.0, 1.0, 2.32947745916, 1.0, 1.0, 0.0, -1.0, 0.0, -0.949203391833, 0.497401707893, 0.0, 3.0, 1.0, 2.0, 2.0, -1.0, 2.38006011339, -1.0, -0.696787943215, -0.923568577598, -1.0, 3.0, -0.761496667422, 0.109716237136, 2.0, 2.05275438041, 0.0, 2.0, 2.0, -0.474024738955, -1.0, -1.0, -1.0, 1.37235483775, -1.0, 0.0, 0.0, 3.0, -0.255166605539, 98133.0, 468.0, 99577.0
1.10938013978, -1.0, -0.475186063069, 1.0, 1.0, 1.80194501517, 0.0, 0.0, -1.0, 0.893767555405, 0.344886301614, 2.0, 2.0, 1.0, 0.0, 3.0, 0.0, 1.77438045414, 2.11504759347, 1.0, 1.0, -1.0, 2.26783799018, -0.00585282866312, 2.24404194471, 0.0, 1.0, 0.435366011906, 0.802712769528, 2.0, 0.11752895504, 2.0, 0.0, -1.0, -1.0, 0.195033020298, 1.164867091, -0.0703622554642, 1.44221081864, 2.91357187201, 2.0, 2.11282589355, 1.0, -0.394243206359, 0.0, 2.0, 0.0, 0.0103544426243, 0.0705556220796, -1.0, 97330.0, 644.0, 99445.0
2.0, 2.0, 0.0, 0.92089246888, 2.0, -0.363339850008, 0.0, -1.0, -1.0, -1.0, 3.0, 0.0, 1.0, 2.32947745916, 1.0, 1.0, 0.0, 1.34696754882, 0.0, 2.20425013486, -1.0, 0.0, 3.0, 1.0, 2.0, -0.531608859474, -1.0, 2.38006011339, -1.0, -0.696787943215, -0.927528338702, -1.0, 3.0, -1.0, -0.648211730125, 2.0, 1.0, 0.0, 1.46605472116, 2.0, -0.474024738955, -1.0, -1.0, 0.0211268583125, 1.37235483775, -1.0, 0.0, 0.0, 2.39180791744, 0.0, 97969.0, 496.0, 99543.0
2.53724042555, -0.645327770374, -0.316451737047, 2.97703142148, -0.536804693699, 1.60921190102, 0.0789911803594, -1.0, -1.0, -1.0, 1.4088857538, 0.0, -0.2353916434, 0.574541305719, -1.0, 2.0, 2.40798224731, 1.83519739906, 0.0, 2.03117130279, 2.72385748604, 0.0, 2.0, -0.969711364215, -0.00546042220083, 2.0, 2.97117983731, -1.0, 2.72713328736, -0.704197927759, 3.0, 2.0, 0.0770617551121, -0.492849973328, -0.952217939862, -0.690236423658, 2.1963514447, 1.80718075015, -0.885476650871, 0.0, 1.0, 2.20244174273, 0.0, 0.559983674161, 1.0, 1.0, 2.32189957095, -1.0, 1.0, -1.0, 98068.0, 521.0, 99524.0
0.835508526133, 0.0123944288486, 1.19363735928, 3.0, 1.38772130964, 3.0, -1.0, -1.0, 2.0, 2.50816761059, 0.0, 0.169123925057, 0.0, -1.0, 0.0, 1.78620270545, 0.0, 2.0, 2.99038111156, 0.0, 0.0, 2.06504577492, 1.67653412601, 1.1863084192, 0.0, -0.497531193666, 1.0, -0.189474740905, 0.521452524019, 2.0, 1.9695990391, 2.0, 0.0, -0.186733989338, -1.0, -0.133552164472, 1.12523205713, 0.0, 0.0982737003974, 0.0, 1.0, 3.0, -0.00167492852321, 2.28733367399, 2.96823582854, 2.26560214566, 3.0, 0.0, 1.0, 0.0, 97387.0, 687.0, 99408.0
2.0, -0.645327770374, -0.316451737047, 2.97703142148, -0.536804693699, 1.60921190102, 0.0789911803594, -1.0, -1.0, -1.0, 1.4088857538, -0.533875164163, 3.0, 0.574541305719, -1.0, 2.0, 2.40798224731, 0.675517363202, 0.0, 3.0, 0.0743033678656, 0.0, 2.0, -0.969711364215, -0.00546042220083, 2.0, 0.798371522838, -1.0, 2.60210144336, -0.612376186399, 3.0, 2.0, 0.243275825758, -0.0819857184675, -0.952217939862, -0.690236423658, 1.21870204132, 2.0, -0.885476650871, 0.0, 1.0, 2.20244174273, 0.596779666293, 0.559983674161, 1.0, -0.567472987825, 3.0, -1.0, 1.0, -0.417862485346, 98108.0, 503.0, 99532.0
-1.0, -1.0, 0.0, -1.0, -0.26276440062, -1.0, 2.33550914808, 2.0, -0.731101476316, -1.0, 2.0, 3.0, 0.0, -0.215747951134, 1.0, -1.0, -1.0, 2.93804190048, -0.260451820314, 2.41626166675, 0.927707134322, 1.74041313733, -0.809472674134, -1.0, -1.0, 1.03305696634, 3.0, -0.693751866042, 0.349135715848, -0.659395209238, 0.466748930995, 3.0, 2.0, 3.0, -1.0, 1.0, 2.0, -0.222936326901, 0.465701764763, 2.58150472308, 1.77543997869, -0.843295684179, 0.0, -0.98183635051, 0.838289465018, -0.87615413205, -0.41406663205, 1.0, 0.401369253549, 0.0, 98175.0, 461.0, 99573.0
-0.426938137925, 0.0123944288486, 1.19363735928, 3.0, 2.56144898363, 3.0, 0.747776013065, -1.0, 2.0, 2.50816761059, 0.0, 1.19115015032, 0.0, -1.0, 0.823862481373, 1.78620270545, 0.0, 1.80725806492, -0.25898559521, 0.0, 0.0, 2.75884487281, 1.0, 3.0, 0.0, -0.497531193666, 1.0, -0.189474740905, 1.0, 2.0, 3.0, 2.0, 0.866507638443, 2.08251147161, -1.0, 2.0, 1.12523205713, 0.997566266597, -1.0, 0.0, 1.0, 3.0, 2.15289058168, 1.38224784868, 2.0, 0.0, 3.0, 0.0, 1.0, 0.0, 97423.0, 686.0, 99405.0
0.835508526133, -0.903380401479, 1.19363735928, 3.0, 1.38772130964, 2.25111166827, 0.747776013065, -1.0, 2.0, 2.50816761059, 0.0, 2.59596782783, 0.394078273562, -1.0, 0.823862481373, 1.78620270545, 1.43094198533, 2.88679525275, 2.0, 0.0683894633727, 0.0, 1.14992245113, 2.26783799018, 3.0, -0.970930366199, -0.497531193666, 1.0, 0.917189481101, 0.887565717604, 2.0, -0.939496366915, 2.0, -0.384380720242, 3.0, -1.0, 2.0, 1.12523205713, 0.0, -1.0, 0.0950299016974, 1.0, 3.0, 2.84458911347, -0.394243206359, 2.0, 0.0, 3.0, 0.0, 1.43450720461, 0.0, 97647.0, 633.0, 99437.0
0.0, -1.0, 2.0, 2.19842141969, 0.579429965402, 1.33577421811, 0.0, 0.0, -1.0, 1.0, 1.0, 2.03829501303, -0.659973592612, 0.260740366159, 0.0, 0.739252787456, -0.950762405377, 1.44932108376, 2.61326516166, 0.324421731899, -0.854158648821, -1.0, 2.0, 2.0, 2.24404194471, 0.0, -0.698487437255, -0.950547101943, 0.738114074122, 2.0, -1.0, -1.0, 0.0770617551121, -1.0, -0.974851656516, 0.0, 1.164867091, 0.0, 0.729526148322, 0.0, 1.0, 1.99510017601, 1.0, -0.394243206359, 0.0, 2.60021111738, 0.0, -1.0, 2.0, -1.0, 97943.0, 512.0, 99553.0
1.09782455077, -0.645327770374, -0.316451737047, 3.0, 0.933771875051, 0.0731583367094, 0.0789911803594, -1.0, -1.0, -1.0, 1.4088857538, 0.0, 1.30538518748, 1.0, -1.0, 2.0, 0.0, 0.675517363202, -0.548380037276, 3.0, 2.72385748604, 1.34800312028, 2.0, -0.969711364215, -0.00546042220083, 2.0, 0.798371522838, -0.340641067645, 2.94644674786, -0.612376186399, 3.0, 2.0, 0.0770617551121, -0.983426469096, -0.952217939862, -0.133552164472, 1.21870204132, 2.0, -0.885476650871, 0.970699094667, 1.68594547495, 2.20244174273, 0.0122966203255, -0.0342121751917, 1.0, 1.0, 3.0, -1.0, 1.0, -0.764979150437, 97893.0, 529.0, 99514.0
2.0, -0.645327770374, -0.316451737047, 2.97703142148, -0.536804693699, 1.60921190102, 0.0789911803594, -1.0, -1.0, -1.0, 1.4088857538, 0.0, 1.30538518748, 1.0, -1.0, 2.0, 2.40798224731, 0.675517363202, -0.548380037276, 3.0, 2.72385748604, 1.34800312028, -0.0378185964222, -0.969711364215, -0.00546042220083, 2.0, 0.798371522838, -1.0, 2.60210144336, -0.612376186399, 3.0, 2.0, 0.0770617551121, -0.983426469096, -0.952217939862, -0.133552164472, 1.21870204132, 2.0, -0.885476650871, 0.0642061128815, 1.0, 2.20244174273, 0.0, -0.0342121751917, 1.0, 1.0, 3.0, -1.0, 1.0, -0.417862485346, 98036.0, 509.0, 99525.0
2.0, 2.0, 0.0, 0.121853613688, 0.280524111021, 2.53025114462, -0.795103584869, 0.38052840206, -1.0, 1.11409279503, 2.8495240366, 0.0, 0.921086379229, 2.32947745916, 1.0, 1.0, 0.0, -1.0, 0.0, 2.20425013486, -1.0, 0.0, 3.0, 1.0, 1.20069907966, 2.0, -1.0, 2.38006011339, -1.0, -0.696787943215, -0.923568577598, -1.0, 3.0, -1.0, 0.109716237136, 2.0, 0.676715825531, 0.0, -0.885476650871, 2.0, -0.474024738955, -1.0, -1.0, -1.0, 0.534527580946, -1.0, 0.0, 0.0, 3.0, 0.08080248628, 97992.0, 508.0, 99539.0
1.74427442903, -0.666661713105, -0.316451737047, 2.29691795685, 0.0, 2.0, 1.0, 2.94213755665, -1.0, 1.24129736417, 0.181001461873, 0.0, 3.0, -0.981010157356, -1.0, 2.0, 1.0, 3.0, 2.0, 3.0, 0.483669079518, 0.0, 2.0, 2.0, -0.00546042220083, -0.840091782481, 2.01873750923, 1.0108518091, 0.860305579753, -0.612376186399, 3.0, -0.17423234572, 2.62204880303, -0.492849973328, -0.952217939862, -0.424727892391, 1.0, 0.0, -1.0, 2.0, -0.692235643078, 0.389423981902, 0.0, 0.869433579978, 1.0, 0.935411520728, 3.0, -1.0, 1.0, 1.98984599097, 97710.0, 587.0, 99466.0
1.10938013978, -1.0, -0.475186063069, 0.432422190261, 1.0, 1.80194501517, 0.0, 0.0, -1.0, 0.893767555405, 0.344886301614, 2.0, 2.0, 1.0, 0.0, 3.0, 0.0, 1.77438045414, 2.11504759347, -0.360185425077, 1.0, -1.0, 2.26783799018, 1.55212746569, 2.24404194471, 0.0690415563798, 1.0, 2.45377061724, 0.802712769528, 2.0, -1.0, 2.0, 0.0, -1.0, -1.0, 0.195033020298, 0.411797199933, -0.0703622554642, 1.44221081864, 0.0, 2.0, 2.11282589355, 1.0, -0.394243206359, 0.0, 2.01648252528, 0.0, 0.0103544426243, 0.0705556220796, -1.0, 97335.0, 626.0, 99452.0
1.10938013978, -1.0, 0.751861624264, 2.5925066753, 0.346457112763, 1.0, 0.0, -1.0, -1.0, 1.36411750716, 1.0, 2.1888831881, 1.12470664375, 1.0, 0.0, 3.0, 0.0, 1.77438045414, 2.82233516332, 0.569831475395, -0.629601590567, -1.0, 0.106592059967, 0.940208533303, 0.492232942122, 2.31479142046, 0.43683564356, -0.921549296557, 0.810818494953, 2.0, -1.0, 2.0, 1.09125592501, -1.0, -1.0, 1.2783749831, 1.0, 1.48405987722, 1.44221081864, 0.0, 2.0, 1.11191227346, -0.999365564844, -0.907183678206, 0.0, 2.0, -0.0260478111524, -1.0, -0.00826499760927, -0.307207852196, 97769.0, 542.0, 99510.0
1.0, 2.0, 0.820167311008, 3.0, 1.0, 3.0, 1.53189451306, -1.0, 2.0, 0.77586617895, 0.834254848404, 0.828864906791, 0.0, -1.0, 0.0, 3.0, 0.0, 1.90901395534, 2.11504759347, 0.133889538859, 1.0, 2.0, 1.4444163105, 2.55187815459, 0.0, 2.58681851717, 2.0, 1.0, 1.59402100844, -0.66784816285, 3.0, 2.0, 0.0, 1.0, -1.0, 0.0, 1.0, 0.0, -0.857771427445, 0.0, 1.0, 2.77307731385, 0.269776269192, 1.36094163464, 2.0, 0.0, 0.0, 1.51421534444, 1.72086856708, 0.0, 97427.0, 668.0, 99412.0
-1.0, -1.0, 0.0, -1.0, -0.409961777848, -1.0, 2.0, 0.38052840206, -0.567969070962, -1.0, 0.0730507956805, 3.0, 0.0, -0.617540011367, 1.0, 2.92090316404, 2.7469297491, 2.88679525275, 2.0, 2.0, 0.664996371961, 1.0, 1.28127261783, -1.0, -1.0, 0.558154127885, 3.0, 0.24555319388, 3.0, -1.0, 3.0, 3.0, -0.0664375619556, 2.09465994078, -1.0, 1.0, 2.0, 0.742566958604, 1.0, 2.69331604652, 2.0, 0.861027939631, 1.83776781651, 1.0, 0.368038109415, -0.688707911732, 0.911778796384, 1.0, 0.0, 0.0, 97936.0, 543.0, 99501.0
2.0, 2.0, 0.0, 0.92089246888, 0.360157064698, 0.0731583367094, 0.0, -1.0, -1.0, -1.0, 3.0, 0.0, 1.0, 2.32947745916, 1.0, 1.0, 0.0, -1.0, 0.0, 1.43349285636, -1.0, 0.0, 3.0, 1.0, 2.0, -0.531608859474, -1.0, 2.38006011339, -1.0, -0.696787943215, -0.918023492035, -1.0, 3.0, -1.0, 0.109716237136, 2.0, 1.0, 0.0, 2.0, 2.0, -0.474024738955, -1.0, -1.0, -1.0, 1.37235483775, -1.0, 1.67130186202, 0.0, 3.0, -0.902240887883, 98152.0, 473.0, 99574.0
1.00950703161, -0.898526205081, 2.0, 1.0, 0.346457112763, 1.0, 0.0, -0.585938726466, -1.0, -1.0, 1.0, 1.53262558126, 2.82545682524, 1.0, 0.0, 1.77834242454, -0.363178015271, 1.77438045414, 0.551853781792, 0.569831475395, 1.0, -0.882329277285, 2.0, 0.940208533303, 2.24404194471, 0.949018902713, 1.0, -0.921549296557, -1.0, 0.40684841999, -1.0, 2.0, -0.179516204067, -1.0, -1.0, -0.371637286496, 1.164867091, 0.512780583635, 1.44221081864, 0.0, -0.599165518506, 0.0, -0.154187782976, -0.394243206359, 0.0, -0.583284042659, 0.0, -1.0, 2.0, -0.228024478972, 97751.0, 532.0, 99515.0
1.65744328749, -1.0, 0.10291360274, 1.28874099255, 0.346457112763, 1.0, 0.0, -0.633503620493, -1.0, 1.51917893651, 1.0, 2.0, 2.73212427979, 1.0, 0.0, 3.0, 0.0, 2.82903848644, -0.680667394291, 0.569831475395, 1.33508536378, 1.37313319729, 2.0, 0.940208533303, 2.24404194471, -0.0234213450335, -0.0412445879671, -0.403728920042, 2.265225842, 1.35301156411, -1.0, 2.55396936259, 0.0, 0.0, -0.219267393272, 0.0, -0.37084423638, 0.742566958604, 1.44221081864, 0.0, 2.0, 0.0, 1.11512497099, -0.394243206359, 0.0, 2.0, 0.0, -0.308906491049, 2.0, -0.290855690182, 97356.0, 658.0, 99427.0
2.54390863652, -0.609117241396, 0.10291360274, 1.0, 0.346457112763, 1.0, 0.0, -0.633503620493, -1.0, 1.51917893651, 1.0, 2.0, 2.73212427979, 1.0, 0.0, 3.0, 0.0, 1.77438045414, 2.76378594126, 0.569831475395, 1.33508536378, -1.0, 2.0, 0.940208533303, 2.31771986063, 0.0, 1.0, 1.0, 0.774933371686, 2.0, -1.0, 2.55396936259, 0.0, 0.911366335573, -1.0, 1.1975535687, -0.403667787012, 0.742566958604, -0.714057293839, 0.0, -0.375807989677, 0.0, 1.0, -0.394243206359, 0.0, 2.0, 0.0, 1.0, 2.0, 0.685239964716, 97475.0, 634.0, 99434.0
1.67312492694, -0.645327770374, -0.316451737047, 2.97703142148, -0.967914509362, 1.0, 2.57062308337, -0.694920814718, -1.0, -1.0, 1.4088857538, -0.685942459882, -0.2353916434, -0.407358215787, -1.0, 2.0, 2.40798224731, 1.83519739906, 0.0, 2.03117130279, 2.72385748604, 0.0, 2.0, -0.969711364215, 1.88782548358, 2.0, 2.97117983731, -1.0, 2.72713328736, -0.704197927759, 3.0, 2.0, 1.60355009296, -0.492849973328, -1.0, -0.690236423658, 2.1963514447, 0.927763981591, -0.885476650871, 0.0, 1.0, 2.22686219988, 0.0, 0.559983674161, 1.0, 0.510305781429, 3.0, -1.0, 1.0, 0.0, 98161.0, 519.0, 99521.0
0.835508526133, -0.903380401479, 1.19363735928, 3.0, 1.38772130964, 2.25111166827, 0.747776013065, -1.0, 2.0, 2.50816761059, 0.0, 2.59596782783, 0.394078273562, -1.0, 0.823862481373, 1.78620270545, 1.31943992367, 2.88679525275, 2.0, 0.0683894633727, 0.0, 2.75884487281, 1.0, 3.0, 0.0, -0.497531193666, 1.0, 0.917189481101, 1.0, 2.0, -0.939496366915, 2.0, -0.384380720242, 3.0, -1.0, 2.0, 1.12523205713, 0.0, -1.0, 0.0, 1.0, 3.0, 2.84458911347, 2.0, 2.0, 0.0, 3.0, 0.0, 1.43450720461, 0.0, 97586.0, 649.0, 99422.0
1.0, 2.0, 1.0, 3.0, 1.0, 3.0, 1.53189451306, -1.0, 2.0, -1.0, 0.834254848404, 0.828864906791, 0.0, -1.0, 0.0, -1.0, 0.0, 2.0, 2.0, 0.0, 0.0, 2.0, 1.0, 3.0, 0.627151816756, 1.0, 1.0, 1.0, 1.33509811617, 2.0, -1.0, 0.723730245897, 0.0, 0.508528749691, -1.0, 2.0, 1.0, 0.0, 2.0, 0.0, 1.0, 2.49591246853, 2.0, 2.0, 2.0, 0.0, 3.0, -0.869163910709, 1.0, 0.0, 97634.0, 628.0, 99439.0
-0.960455173243, -1.0, 2.0, 1.0, 0.346457112763, 2.47822721594, 0.0, -0.338703931087, -1.0, 1.33642913454, 1.0, 2.0, 2.73212427979, -0.813001476509, 0.0, 1.96719973713, 0.0, 1.77438045414, -0.281710718085, 0.569831475395, 0.16338693056, -1.0, 2.0, 2.5042431403, 0.916105450531, 0.0, -0.262801179093, 0.932522809896, -0.395022533993, 2.0, -1.0, 2.0, 0.0, -0.202118624091, -1.0, 0.0, 1.164867091, 0.512780583635, 1.44221081864, -0.138919788979, 2.0, 0.0, -0.757027286513, 1.03499970608, 0.331317992711, 2.49496595321, 0.0, 1.03706367879, 2.0, 0.685239964716, 97400.0, 610.0, 99458.0
1.0, 2.0, 1.0, 3.0, 1.0, 3.0, 1.53189451306, -1.0, 2.0, -0.288321293084, 0.834254848404, 0.828864906791, 0.0, -1.0, 0.452089158535, -1.0, 0.0, 2.0, 2.0, 0.0, 0.0, 2.0, 1.0, 1.08048773563, 0.644812866118, 1.0, 1.0, 1.0, 1.33509811617, 2.0, 3.0, -0.117741472371, 0.0, 1.0, -1.0, 2.0, 1.0, 0.0, 2.0, 0.0, 1.0, 2.49591246853, 2.0, 2.0, 0.282038114249, 0.0, 3.0, -0.869163910709, 1.95238499554, 0.0, 97464.0, 665.0, 99420.0
2.0, 2.0, 0.0, 0.92089246888, 2.0, -0.363339850008, 0.0, -1.0, -1.0, -1.0, 3.0, 0.0, 1.0, 2.32947745916, 1.0, 1.0, 0.0, 1.34696754882, 0.0, 2.25882991716, -1.0, 0.0, 3.0, 1.0, 2.0, -0.531608859474, -1.0, 2.38006011339, -1.0, -0.696787943215, -0.953113372867, -1.0, 3.0, -1.0, -0.648211730125, 2.0, 1.0, 0.0, -0.637420044576, 2.0, -0.474024738955, -1.0, -1.0, 0.0211268583125, 1.37235483775, -1.0, 0.0, 0.0, 2.39180791744, 0.0, 97993.0, 485.0, 99547.0
2.0, 0.586035179267, -0.400013429565, 2.97703142148, -0.536804693699, 1.60921190102, 0.0789911803594, -1.0, -1.0, -1.0, 1.4088857538, 0.0, 3.0, 0.574541305719, -1.0, 2.0, 0.0, 0.367662282593, 0.0, 3.0, 1.99347961476, 0.0, 2.0, -0.978525256431, -0.00546042220083, 2.0, 0.798371522838, -1.0, 2.14570933276, -0.612376186399, 3.0, 2.10531691016, 0.0770617551121, -0.0819857184675, -0.964899378725, -0.690236423658, 1.21870204132, 2.0, -0.885476650871, 0.0, -0.275479718362, 2.20244174273, 0.0, 0.559983674161, 0.160046744296, 1.0, 3.0, -1.0, 2.31922084083, -0.417862485346, 97892.0, 553.0, 99498.0
0.0, -1.0, 2.0, 1.0, 2.73176914651, 1.0, 0.0, 0.0, -1.0, 1.0, 1.0, 2.0, -0.329431992545, 0.260740366159, 0.0, 0.739252787456, -0.412250190373, 1.77438045414, 2.0, 1.0, -0.854158648821, -1.0, 2.0, 2.0, 2.24404194471, 0.0, -0.698487437255, -0.950547101943, 0.738114074122, 2.0, -1.0, -1.0, -0.8413286388, -1.0, -1.0, 0.0, 1.164867091, 0.0, 0.729526148322, 0.0, 1.0, 0.0, 1.0, -0.394243206359, 0.0, 2.49496595321, 0.0, -1.0, 2.0, -1.0, 97781.0, 528.0, 99534.0
0.44004640569, -0.550034950135, -0.190042163831, 2.0, 2.0, -0.879531783945, -0.0823149152783, -1.0, 0.0, -1.0, 3.0, -0.113685135955, -0.0998494866286, 1.78781200754, 0.0, 1.43379672241, 0.0, -1.0, -0.25898559521, 0.569831475395, -1.0, 0.0, 3.0, -0.716198837242, 0.92623907853, 2.0, -1.0, 0.255152921048, -1.0, 0.413153999269, -1.0, -1.0, 3.0, -1.0, -0.377525930772, 2.0, 2.40770948183, 2.75932881225, 2.70537715393, -1.0, 0.123279032867, -0.666647621278, -0.299276604942, -0.45939049784, 1.37235483775, 0.688208682661, 0.0, 0.0, 1.0, 0.0, 97812.0, 521.0, 99538.0
2.0, 2.92688655432, -0.181872290462, 1.19971984387, -0.608112144705, -0.853948627652, -0.0225998196263, -1.0, -1.0, -1.0, 2.36922783266, 0.0, 0.670985176699, 2.96862050158, 1.58426320705, 1.0, 0.0, -1.0, 0.0, -0.949203391833, -0.526994380941, 0.0, 3.0, 1.0, 2.0, 0.124836101016, -1.0, -0.189474740905, -1.0, -0.696787943215, -0.923568577598, -1.0, 3.0, -0.761496667422, 0.109716237136, 2.0, 2.05275438041, 0.0, 2.0, 2.0, -0.474024738955, -1.0, 0.558281174775, -1.0, 1.37235483775, -1.0, 0.0, 0.0, 3.0, -0.255166605539, 98139.0, 469.0, 99576.0
2.0, -0.913371284021, -0.316451737047, 2.97703142148, -0.536804693699, 1.60921190102, 0.0789911803594, 1.49193884176, -0.818977215657, -1.0, 1.4088857538, 0.0, 3.0, 0.574541305719, -1.0, 2.0, 1.93287479553, 0.675517363202, 0.0, 3.0, 2.72385748604, 0.0, 2.0, -0.969711364215, -0.00546042220083, 2.0, 2.15863688675, -1.0, 2.60210144336, -0.612376186399, 3.0, 2.0, 0.0770617551121, -0.0819857184675, -0.952217939862, -0.690236423658, 1.21870204132, 2.0, -0.885476650871, 0.0, 1.0, 2.20244174273, 0.0, 0.559983674161, 1.0, 1.0, 3.0, -1.0, 1.0, -0.417862485346, 98003.0, 547.0, 99500.0
1.0, 1.18870048058, 0.820167311008, 3.0, 0.922184836024, 3.0, 1.53189451306, -1.0, 2.0, -1.0, 0.834254848404, 0.828864906791, 0.00415956831893, -1.0, 0.0, -1.0, 0.0, 2.0, 2.0, 0.0, 0.0, 2.0, 1.0, 1.11437800608, 0.0, 1.0, 2.0, 0.0940756191256, 1.59402100844, 2.0, 3.0, 2.0, 0.0, 1.0, -1.0, 0.0, 1.0, 0.0, 2.0, 0.0, 1.0, 2.91638523511, 2.0, 2.0, 2.0, 0.0, -0.142113950283, 1.51421534444, 1.0, 0.0, 97447.0, 661.0, 99422.0
-1.0, -1.0, 0.0, -0.468493233391, 0.990884541456, -1.0, 2.0, 0.38052840206, -0.567969070962, -1.0, 0.0730507956805, 2.00782798877, 0.0, -0.617540011367, 1.0, 1.94167513117, 0.775883213698, 2.88679525275, 2.0, 2.0, 0.664996371961, 2.04850687647, 1.28127261783, -1.0, -1.0, 1.47420659475, 3.0, 0.24555319388, 3.0, -1.0, 3.0, 0.290345365919, 0.533837131496, 2.09465994078, -1.0, 1.0, 2.0, 0.742566958604, 1.0, 2.29550036489, 2.0, 0.861027939631, -0.76676857965, 1.30008930517, 0.76760802685, -0.688707911732, 0.911778796384, 1.0, 0.0, 0.0, 97854.0, 540.0, 99504.0
1.0, -0.898526205081, 1.0, 3.0, 1.0, 3.0, 1.53189451306, -1.0, 2.0, -1.0, 0.834254848404, 0.828864906791, 0.0, -1.0, 0.0, -1.0, 0.0, 2.31263396462, 2.0, 0.0, 0.0, 2.0, 1.0, 3.0, 0.627151816756, 1.0, 1.0, 1.0, 1.33509811617, 2.0, -1.0, 0.723730245897, 0.0, 0.508528749691, -1.0, 2.0, 1.0, 0.499152566484, 2.0, 0.0, 1.0, 2.49591246853, 2.0, 2.0, 2.0, 0.0, 3.0, -0.910346913135, 0.596280235075, 1.97842821165, 97681.0, 609.0, 99449.0
0.835508526133, -1.0, 1.19363735928, 3.0, 1.38772130964, 2.25111166827, 0.747776013065, -1.0, 2.39691680159, 2.50816761059, 0.0, 1.47350286246, 0.394078273562, -1.0, 1.13786333939, 1.78620270545, 0.0, 2.88679525275, 1.1346772153, 0.0, 0.0, 2.75884487281, 1.0, 3.0, 0.0, -0.497531193666, 1.0, 0.917189481101, 1.0, 2.0, 3.0, 2.0, -0.384380720242, 3.0, -1.0, 2.0, 1.12523205713, 0.0, -1.0, 0.0, 1.0, 3.0, 2.15289058168, 2.0, 2.0, -0.0514091082869, 3.0, 0.0, 1.43450720461, 0.0, 97493.0, 667.0, 99415.0
3.0, -1.0, 0.489062497065, 0.799795647357, 1.0, 1.0, 2.24921564883, 0.0, -1.0, 1.13619976721, 1.19201512154, 2.16500805172, 2.26390572577, -0.856469019928, 1.83714543001, 2.91494003703, 0.0, 2.0, 1.40891185027, 0.61963124011, -0.38134965005, -0.254398223006, 2.0, 2.0, -0.983995734844, 0.20416230832, 1.06555198634, 2.52917182215, -1.0, 2.0, -1.0, 0.976757262276, 1.37638624239, -1.0, -1.0, 1.0, -0.124566425254, 0.107130542307, -0.486077093001, 0.444652856439, 2.11225024937, 0.0, 1.0, 0.0, -0.313629050566, -0.261166911569, 0.485175456839, -1.0, 2.0, -0.123016263447, 97602.0, 590.0, 99470.0
-1.0, -1.0, 0.0, 1.0, 0.990884541456, -0.253123064682, 2.0, 0.247376137426, -0.790002976181, -1.0, 0.0730507956805, 3.0, -0.252222946292, -0.617540011367, 1.0, 2.92090316404, 2.7469297491, 1.77438045414, 2.73676212616, 2.47216648928, 2.1723161709, 1.0, -0.664274344338, -1.0, 0.92623907853, 0.558154127885, 3.0, 0.24555319388, 3.0, -1.0, 3.0, 3.0, -0.0664375619556, 2.09465994078, -1.0, 1.0, 2.00422357266, 2.75932881225, 1.0, 2.37756846718, 2.0, 0.861027939631, 1.0, 2.31691457486, 0.76760802685, -0.688707911732, 0.911778796384, 1.0, 0.0, 0.0, 97878.0, 571.0, 99476.0
1.10938013978, -1.0, 2.0, 1.0, 1.2259183031, 0.15500317403, 0.0, 0.0, -1.0, 1.0, 1.0, 2.0, 2.59496912358, 1.00737485881, 0.0, 0.802863164699, 0.0, 1.77438045414, 2.58308387806, 0.720918052386, 1.33410379137, -1.0, 1.0, 2.84180506392, 2.46941339298, 0.0, 0.815282674155, 0.211381034782, 0.0504377318143, 2.0, -1.0, 0.290345365919, -0.331435846623, -1.0, -1.0, 0.195033020298, -0.301025403495, 2.0, -0.638298984314, 0.0, 2.0, 0.0, 1.0, 2.0, 0.0, 1.66413603744, 0.0, 0.0103544426243, 2.0, -1.0, 97463.0, 615.0, 99456.0
1.10938013978, -0.905088918041, 0.751861624264, 2.5925066753, 0.346457112763, 1.0, 0.338038249577, -0.606731103197, -1.0, 1.36411750716, 0.289888210197, 2.0, 2.95763766578, 1.0, 0.0, 3.0, 0.0, 1.77438045414, 2.82233516332, 0.569831475395, -0.629601590567, -1.0, 0.106592059967, 0.940208533303, 0.492232942122, 2.31479142046, 1.26473442359, -0.921549296557, 0.810818494953, 2.0, -1.0, 2.0, 0.0, -1.0, -1.0, 1.2783749831, 1.164867091, 1.1544115756, 1.44221081864, 0.0, 2.0, 1.11191227346, -0.999365564844, -0.394243206359, 0.0, 2.0, 0.44533619938, -1.0, -0.00826499760927, 0.72715245378, 97698.0, 560.0, 99494.0
-1.0, -1.0, 0.0, -1.0, 0.990884541456, -1.0, 2.0, 0.38052840206, -0.567969070962, -1.0, 0.0730507956805, 3.0, 0.0, -0.617540011367, 1.0, 2.92090316404, 2.7469297491, 2.88679525275, 2.0, 2.0, 0.664996371961, 1.0, 1.28127261783, -1.0, -1.0, 1.47420659475, 3.0, 0.24555319388, 3.0, -1.0, 3.0, 3.0, 0.533837131496, 2.09465994078, -1.0, 1.0, 2.0, 0.742566958604, 1.0, 2.29550036489, 2.0, 0.861027939631, -0.76676857965, 1.30008930517, 0.76760802685, -0.688707911732, 0.911778796384, 1.0, 0.0, 0.0, 98025.0, 525.0, 99515.0
-0.348042669616, -1.0, 2.0, -0.972956370554, 0.346457112763, 1.0, 0.0, -0.585938726466, -1.0, 1.0, 1.0, 2.0, 2.82545682524, 1.0, 0.0, 3.0, -0.363178015271, 2.99287031072, 2.95076073599, 0.569831475395, 1.14113055595, -0.882329277285, 2.0, 0.962100980264, 2.24404194471, 0.0, 1.0, -0.921549296557, 1.08192146766, 2.0, -1.0, 2.0, -0.179516204067, -1.0, -1.0, 0.0, 1.164867091, 0.512780583635, 1.44221081864, 0.0, 0.0618068836655, 0.0, 1.0, -0.394243206359, 0.0, 2.0, 0.0, -1.0, 2.0, 0.685239964716, 97671.0, 580.0, 99478.0
2.0, 2.0, 0.0, 0.92089246888, 2.0, -0.363339850008, 0.0, -1.0, -1.0, -1.0, 3.0, 0.137222930143, 1.0, 2.45835992698, 1.0, 1.0, 0.0, 1.34696754882, 0.0, 2.20425013486, -1.0, 0.0, 1.84129466225, 1.0, -0.0841064358534, -0.242935513908, 1.21947132499, 2.38006011339, -1.0, -0.79018585646, -0.927528338702, -1.0, 3.0, -1.0, -0.91650785806, 2.0, 1.0, 0.0, 1.46605472116, 0.601301558896, -0.474024738955, -1.0, -1.0, 0.0211268583125, 1.37235483775, -1.0, 0.0, 0.0, 2.39180791744, -0.299570249897, 97799.0, 524.0, 99518.0
1.00950703161, -0.898526205081, 2.0, 1.0, 0.346457112763, 1.0, 0.0, -0.585938726466, -1.0, 2.91796197281, 1.0, 2.0, 2.65621837978, 1.0, 1.14244336896, 1.77834242454, -0.363178015271, 2.99287031072, 2.76378594126, 0.569831475395, 1.0, -0.889126593356, 2.0, 0.940208533303, 0.843789042907, 0.949018902713, 1.0, -0.921549296557, -1.0, 0.348695636433, -1.0, 2.0, -0.179516204067, -1.0, -1.0, 0.0, 1.164867091, 0.512780583635, 1.44221081864, 0.0, 0.0550711059568, 0.0, -0.154187782976, -0.394243206359, 0.0, -0.583284042659, 0.0, -1.0, 2.0, -0.228024478972, 97735.0, 565.0, 99492.0
1.0, 2.0, 0.820167311008, 3.0, 1.0, 3.0, 1.53189451306, -1.0, 2.0, -1.0, 1.5345261354, 0.828864906791, 0.0, -1.0, -0.526336331806, -1.0, 0.0, 2.0, 2.0, 0.0, 0.0, 2.0, 1.4444163105, 2.98316889978, 0.0, 1.0, 2.0, 1.0, 1.59402100844, -0.66784816285, 3.0, 2.0, 0.0, 1.0, -1.0, 0.0, 1.0, 0.0, 2.0, 0.0, 0.133541869838, 2.77307731385, 0.654856731029, 2.0, 2.0, 0.0, 0.0, 1.51421534444, 1.72086856708, 0.0, 97612.0, 627.0, 99443.0
1.00950703161, -0.898526205081, 2.33690000623, 1.0, 1.0, 1.0, 0.0, -0.585938726466, -1.0, -1.0, 1.0, 2.0, 2.82545682524, 1.0, 0.0, 1.77834242454, -0.365974018366, 2.99287031072, 0.551853781792, 0.569831475395, -0.670902595942, -0.882329277285, 2.0, 0.940208533303, 2.24404194471, 0.949018902713, 1.0, -0.921549296557, -1.0, 0.40684841999, -1.0, 2.0, -0.179516204067, -1.0, -1.0, 0.0, 1.164867091, 0.512780583635, 1.44221081864, 2.83478925358, 0.0618068836655, 0.0, -0.154187782976, -0.394243206359, 0.0, -0.583284042659, 0.0, -1.0, 2.0, -0.228024478972, 97843.0, 529.0, 99517.0
-1.0, -1.0, 0.0, 1.0, 0.990884541456, -0.253123064682, 2.0, 0.38052840206, -0.790002976181, -1.0, 0.0730507956805, 3.0, -0.252222946292, -0.617540011367, 1.0, 2.92090316404, 2.7469297491, 1.77438045414, 2.73676212616, 2.0, 2.1723161709, 1.0, 1.28127261783, -1.0, 0.92623907853, 0.558154127885, 3.0, 0.24555319388, 3.0, -1.0, 3.0, 3.0, -0.0664375619556, 2.09465994078, -1.0, 1.0, 2.0, 2.75932881225, 1.0, 2.37756846718, 2.0, 0.861027939631, 1.0, 1.0, 0.76760802685, -0.688707911732, 0.911778796384, 1.0, 0.0, 0.0, 97820.0, 588.0, 99463.0
2.0, 2.0, 0.0, 0.92089246888, 2.0, -0.363339850008, 0.0, -1.0, -1.0, -1.0, 3.0, 0.0, 1.0, 2.32947745916, 1.0, 1.0, 0.0, 1.34696754882, 0.0, 2.25882991716, -1.0, 0.0, 3.0, 1.0, 2.0, -0.531608859474, -1.0, 2.38006011339, -1.0, -0.696787943215, -0.953113372867, -1.0, 3.0, -1.0, -0.648211730125, 2.0, 1.0, 0.0, -0.637420044576, 2.0, -0.474024738955, -1.0, -1.0, 0.0211268583125, 1.37235483775, -1.0, 0.0, 0.0, 2.39180791744, 0.0, 97993.0, 485.0, 99547.0
2.0, -1.0, -0.316451737047, 2.97703142148, -0.694185290809, 1.60921190102, 0.0789911803594, -1.0, -1.0, -1.0, 1.4088857538, 0.0, 1.30538518748, 1.0, -1.0, 2.0, 2.40798224731, 0.675517363202, 2.21149759315, 3.0, 2.72385748604, 1.34800312028, -0.0378185964222, -0.969711364215, -0.00546042220083, 2.0, 0.798371522838, -1.0, 2.60210144336, -0.612376186399, 3.0, 2.0, 0.0770617551121, -0.99746860477, -0.952217939862, -0.133552164472, 1.21870204132, 2.0, -0.885476650871, 0.0642061128815, 1.0, 2.20244174273, 0.0, -0.0342121751917, 1.0, 1.0, 3.0, -1.0, 1.0, -0.417862485346, 97967.0, 527.0, 99507.0
1.0, 2.0, 0.820167311008, 3.0, 1.0, 3.0, 1.53189451306, -1.0, 2.0, -1.0, 0.834254848404, 0.828864906791, 0.0, -1.0, 0.0, -1.0, 0.0, 2.0, 2.0, 0.0, 0.0, 2.0, 1.4444163105, 2.55187815459, 0.0, 1.0, 2.0, 1.0, 1.59402100844, -0.66784816285, 3.0, 2.0, 0.0, 1.0, -1.0, 0.0, 1.0, 0.0, 2.0, 0.0, 1.0, 2.77307731385, 0.269776269192, 1.36094163464, 2.0, 0.0, 0.0, 1.51421534444, 1.72086856708, 0.0, 97473.0, 643.0, 99429.0
2.0, 2.0, -0.295467987361, 0.92089246888, 2.49999429709, -0.363339850008, 0.0, -1.0, -1.0, -1.0, 3.0, 0.0, 1.0, 2.32947745916, 1.0, 1.0, 0.0, 1.34696754882, 0.0, 2.20425013486, -1.0, 1.35261388841, 2.30414659293, 1.0, 2.0, -0.531608859474, -1.0, 2.38006011339, -1.0, -0.696787943215, -0.927528338702, 2.0, 3.0, -1.0, -0.648211730125, 2.0, 1.0, 0.0, 1.76656979746, 2.0, -0.474024738955, -1.0, -1.0, 0.0211268583125, 1.37235483775, -1.0, 0.0, 0.0, 2.39180791744, 0.0, 97941.0, 515.0, 99527.0
0.0, -1.0, 2.0, 1.0, 1.0, 1.0, 0.0, 0.0, -1.0, 1.0, 1.0, 2.0, 0.760398072984, 1.0, 0.0, 3.0, -0.293282911569, 1.77438045414, 0.0, 1.0, 1.0, -0.726572999435, 0.834042521026, 2.0, -0.170834627319, 0.0, 1.0, -0.921549296557, -1.0, 2.0, -1.0, 2.0, 0.0, -1.0, -1.0, 0.0, 1.2530251989, 0.0, 0.729526148322, 0.0, 2.0, 2.0, 1.0, -0.394243206359, 0.0, 2.77076883128, 3.0, -1.0, 2.0, -0.470114267542, 97538.0, 594.0, 99473.0
1.0, 0.0123944288486, 1.0, 1.0, 2.65139040968, 3.0, 0.501825528238, -0.295703057029, 2.36188263105, -1.0, -0.398927035234, 2.0, 0.0, -1.0, -0.360727702346, 0.0135137115887, 0.0, 2.0, -0.417293763587, 0.0, 0.0, 1.71817418196, 1.7282489992, 1.95098333404, 0.0, 0.764988581119, 0.167436150398, 0.128848416536, 1.0, 2.0, 1.69579167312, 2.48458975041, -0.851297540038, 2.0, -1.0, 2.0, 0.287786388491, 0.0, -1.0, 1.98011612963, 1.0, 3.0, 2.0, 2.0, 2.07436705905, 2.0, 3.0, 0.0, 0.0705556220796, 0.125613059891, 97435.0, 666.0, 99424.0
1.0, 0.0123944288486, 1.0, 1.0, 1.38772130964, 3.0, 0.501825528238, -0.295703057029, 2.0, -1.0, -0.398927035234, 2.0, -0.218343514057, 1.07883432693, -0.360727702346, 0.0135137115887, 0.0, 2.0, -0.417293763587, -0.214839438766, 0.0, 1.71817418196, 1.7282489992, 1.95098333404, 0.0, 0.764988581119, 0.167436150398, 0.128848416536, 0.305744466479, 2.0, 0.792658939489, 2.0, -0.851297540038, 2.0, -1.0, 2.0, 0.287786388491, 0.0, -1.0, -0.521385488074, 1.0, 3.0, -0.721403023791, 2.0, 2.0, 2.0, 3.0, 0.0, 0.0705556220796, 0.125613059891, 97419.0, 651.0, 99444.0
0.132283042641, -1.0, 2.0, 1.0, -0.753303231372, -0.883338744794, 0.0, 0.0, -1.0, 1.0, 0.0146725386864, 2.0, 2.45675735062, 1.00737485881, 0.0, 0.444616898632, 0.0, 1.77438045414, 1.98444659601, 0.720918052386, -0.629617777491, -1.0, 2.26783799018, 2.84180506392, 2.24404194471, -0.333962087709, 0.0315177309021, -0.963890850731, 0.0504377318143, 2.81243024638, -1.0, 2.0, -0.331435846623, -1.0, -1.0, -0.175555777784, 1.164867091, 0.0, -0.638298984314, 0.0950299016974, 2.27465529003, 0.0, 1.0, -0.394243206359, 0.0, 1.14251357827, 0.0, -0.714532641365, 2.0, -0.470709794753, 97622.0, 549.0, 99502.0
2.92150094337, -1.0, 0.10291360274, 1.0, 0.346457112763, 1.0, 0.0, -0.633503620493, -1.0, 1.51917893651, 1.0, 2.0, 2.12718628673, 1.0, 0.0, 3.0, 0.0, 1.77438045414, 2.76378594126, 0.569831475395, 1.33508536378, 1.37313319729, 2.0, 0.940208533303, 2.24404194471, 0.0, 1.0, 1.0, 2.265225842, 2.0, -1.0, 2.55396936259, 0.0, -1.0, -1.0, 0.0, 0.572535679443, 0.742566958604, 1.44221081864, -0.177691071339, 2.0, 0.0, 1.80869059565, -0.394243206359, 0.0, 1.84889285072, 0.0, 1.0, 2.0, -0.0666160740214, 97494.0, 639.0, 99431.0
1.10938013978, -1.0, 2.0, 1.0, -0.753303231372, 0.15500317403, 0.0, 0.0, -1.0, 1.0, 1.0, 2.0, 2.45675735062, 1.00737485881, 0.0, 2.0, 0.0, 1.77438045414, 2.58308387806, 0.720918052386, 1.0, -1.0, 2.26783799018, 2.84180506392, 2.46941339298, 0.0, 0.815282674155, -0.94198953084, 0.0504377318143, 2.0, -1.0, 0.290345365919, -0.331435846623, -1.0, -1.0, 0.195033020298, -0.301025403495, 2.0, -0.638298984314, 0.0950299016974, 2.0, 0.0, 1.0, -0.394243206359, 0.0, 1.66413603744, 0.0, 0.0103544426243, 2.0, -1.0, 97564.0, 582.0, 99483.0
1.10938013978, -1.0, 1.723115965, 1.0, -0.753303231372, 0.15500317403, 0.0, -0.548263001236, -1.0, 1.0, 1.0, 0.212868868331, 2.45675735062, 1.00737485881, 0.0, 2.0, 0.0, 1.77438045414, 2.58308387806, 0.720918052386, 1.0, -1.0, 2.26783799018, 2.84180506392, 2.46941339298, 0.0, 0.815282674155, -0.94198953084, 0.0504377318143, 2.0, -1.0, 0.290345365919, -0.331435846623, -1.0, -1.0, 0.195033020298, -0.301025403495, 2.0, -0.638298984314, 0.0950299016974, 2.0, 0.0, 1.0, -0.394243206359, 0.0, 0.329822890065, 0.0, 0.0103544426243, 2.0, -1.0, 97573.0, 569.0, 99491.0
0.00160609091237, 0.0123944288486, 1.0, 3.0, 1.38772130964, 3.0, -1.0, -0.295703057029, 0.515975421526, -1.0, -0.398927035234, 2.0, 0.0, -1.0, -0.360727702346, 0.0135137115887, 0.0, 2.0, 1.84086087105, 0.0, 0.0, 1.0, 1.7282489992, 1.95098333404, 0.0, 1.0, 0.167436150398, 0.158252595776, 1.0, 2.0, 1.58185649074, 2.0, -0.851297540038, 2.26734707394, -1.0, 2.0, 0.287786388491, 0.0, -1.0, -0.210901180085, 1.0, 3.0, 2.0, 2.0, 2.0, 0.00520994409901, 0.0, 1.91716798675, 0.0705556220796, 0.125613059891, 97426.0, 656.0, 99431.0
1.10938013978, -1.0, 1.09814472633, 0.432422190261, 1.58056241844, 1.80194501517, 0.0, 0.0, -1.0, -0.914224523181, 0.344886301614, 2.0, 2.0, 1.0, 0.0, 3.0, 0.0, 1.77438045414, 2.11504759347, 0.186555613068, 1.0, -1.0, 2.26783799018, 1.55840583572, 2.24404194471, 0.0690415563798, 1.0, 1.78662911899, 0.802712769528, 2.0, -1.0, 2.0, 0.0, -1.0, -1.0, 0.195033020298, 0.411797199933, -0.0703622554642, 1.44221081864, 0.0, 2.0, 2.11282589355, 1.0, -0.394243206359, 0.0, 2.01648252528, 0.0, 0.0103544426243, 0.0705556220796, -1.0, 97450.0, 607.0, 99464.0
1.0, 0.0123944288486, 1.0, 1.0, 1.38772130964, 3.0, 0.501825528238, -0.295703057029, 2.0, -1.0, -0.398927035234, 2.0, 0.0, -1.0, -0.360727702346, 0.0135137115887, 0.0, 2.0, -0.417293763587, 0.0, 0.0, 1.71817418196, 1.7282489992, 1.95098333404, 0.0, 0.764988581119, 0.167436150398, 0.128848416536, 1.0, 2.0, 1.69579167312, 2.0, -0.851297540038, 2.0, -1.0, 2.0, 0.287786388491, 0.0, -1.0, -0.521385488074, 1.0, 3.0, 2.0, 2.0, 2.0, 2.0, 3.0, 0.0, 0.0705556220796, 0.125613059891, 97429.0, 652.0, 99438.0
0.0, -1.0, 2.11048672378, 1.0, 2.97813984301, 1.0, 0.0, 1.33879641311, -1.0, 1.0, 1.0, 2.0, -0.329431992545, 0.260740366159, 0.0, 0.739252787456, -0.412250190373, 1.77438045414, 0.0, 0.569831475395, -0.854158648821, 1.33621996953, 2.38000698796, 2.0, 2.24404194471, 0.0, -0.698487437255, -0.950547101943, 0.738114074122, 2.0, -1.0, -1.0, 0.0, -1.0, -1.0, 0.0, 1.164867091, 0.0, 0.729526148322, 0.0, 1.0, 0.0, 1.0, -0.394243206359, 0.0, 2.49496595321, 0.0, -1.0, 2.0, -1.0, 97619.0, 555.0, 99506.0
-0.348042669616, -1.0, 2.0, -0.972956370554, 0.346457112763, 1.0, 0.0, -0.585938726466, -1.0, 1.0, 1.0, 0.870241742127, 2.82545682524, 1.0, -0.0108768650699, 3.0, -0.363178015271, 2.99287031072, 2.95076073599, 0.569831475395, 1.14113055595, -0.909979435006, -0.234389634467, 0.962100980264, 2.24404194471, -0.562019913913, 1.0, -0.921549296557, 1.1612458207, 2.0, -1.0, 2.0, -0.179516204067, -1.0, -1.0, -0.4858900186, 1.164867091, -0.168023962078, 1.44221081864, 0.0, 0.0618068836655, 0.0, 1.0, -0.394243206359, 0.0, 2.0, 0.0, -1.0, 2.0, 0.685239964716, 97674.0, 569.0, 99488.0
-0.283264077575, -1.0, 1.62429047063, 1.0, 2.01325977604, 1.0, 0.0, 0.0, -1.0, 1.0, 1.0, 0.212868868331, 0.760398072984, 1.0, 0.0, 3.0, -0.293282911569, 1.77438045414, 0.0, 1.0, 1.0, -0.726572999435, 0.834042521026, 2.53919709094, -0.170834627319, -0.0608826027453, 1.0, -0.921549296557, 1.59134494343, 2.0, -1.0, 2.0, 0.0, -1.0, -1.0, 0.0, 1.2530251989, -0.229980624534, 1.52164985122, -0.0417177477425, 2.0, 2.0, 1.0, -0.394243206359, 0.0, 2.77076883128, 3.0, -1.0, 2.00997083698, 1.14056325681, 97523.0, 608.0, 99459.0
1.00950703161, -0.898526205081, 2.0, 1.0, 0.346457112763, 1.0, 0.0, -0.585938726466, -1.0, -1.0, 1.0, 2.0, 2.82545682524, 1.0, 0.0, 1.77834242454, -0.363178015271, 2.99287031072, 0.551853781792, 0.569831475395, 1.0, -0.882329277285, 2.0, 0.940208533303, 2.24404194471, 0.949018902713, 1.0, -0.921549296557, -1.0, 0.40684841999, -1.0, 2.0, -0.179516204067, -1.0, -1.0, 0.0, 1.164867091, 0.512780583635, 1.44221081864, 0.0, 0.0618068836655, 0.0, -0.154187782976, -0.394243206359, 0.0, -0.583284042659, 0.0, -1.0, 2.0, -0.228024478972, 97729.0, 546.0, 99504.0
0.0, -1.0, 1.62429047063, 1.48106549485, 2.01325977604, 1.0, 0.0, 0.0, -1.0, 0.293093420141, 1.0, 1.44711304616, 0.760398072984, 1.0, -0.472762195691, 3.0, -0.293282911569, 1.77438045414, 0.0, 1.0, -0.684268619357, 1.70836538265, 0.834042521026, 2.0, -0.170834627319, -0.0608826027453, 1.0, 0.346092396495, 1.59134494343, 2.0, -1.0, 2.0, 0.0, -1.0, -1.0, 0.0, 1.2530251989, 0.679516629561, 2.35009633084, -0.320900527414, 2.0, 2.0, 1.0, 1.61694770072, 0.0, 2.77076883128, 3.0, -1.0, 2.0, -0.284268882326, 97512.0, 620.0, 99446.0
1.10938013978, -1.0, 2.0, 1.0, 1.2259183031, 0.15500317403, 0.0, 0.0, -1.0, 1.0, 1.0, 2.0, 2.45675735062, 1.00737485881, 0.0, 0.802863164699, 0.0, 1.77438045414, 2.58308387806, 0.720918052386, 1.33410379137, -1.0, 2.26783799018, 2.84180506392, 2.46941339298, 0.0, 0.815282674155, -0.94198953084, 0.0504377318143, 2.0, -1.0, 0.290345365919, -0.331435846623, -1.0, -1.0, 0.195033020298, -0.301025403495, 2.0, -0.638298984314, 0.0950299016974, 2.0, 0.0, 1.0, -0.394243206359, 0.0, 1.66413603744, 0.0, 0.0103544426243, 2.0, -1.0, 97486.0, 599.0, 99469.0
0.496003088997, -1.0, 2.0, 2.19842141969, 0.579429965402, 1.60921190102, 0.0, 0.0, -1.0, 1.0, 1.0, 2.03829501303, -0.329431992545, 0.260740366159, 0.0, 0.664533467991, -0.412250190373, 1.44932108376, 2.61326516166, 0.324421731899, -0.854158648821, -1.0, 2.0, 2.0, 2.24404194471, -0.529294174595, -0.698487437255, -0.995086342972, 0.738114074122, 2.0, -1.0, -1.0, 0.0770617551121, -1.0, -0.974851656516, 0.0, 1.164867091, 0.0, 0.729526148322, 0.0, 1.0, 1.99510017601, 1.0, -0.394243206359, 0.0, 2.49496595321, 0.0, -1.0, 2.0, -1.0, 97735.0, 531.0, 99529.0
1.10938013978, -1.0, 2.0, 2.09830869111, 0.346457112763, 1.0, 0.0, 1.87822225171, -1.0, 1.36411750716, 1.0, 2.0, 2.73212427979, 1.0, 0.0, 3.0, 0.0, 1.77438045414, 2.82233516332, 0.569831475395, -0.629601590567, -1.0, 0.106592059967, 0.940208533303, 2.51487529605, 0.0, -0.82433284052, -0.999143243304, 0.810818494953, 2.0, -1.0, 2.26725803965, 0.0, -1.0, -1.0, 1.2783749831, 1.164867091, 1.1544115756, 1.44221081864, 0.0, 2.0, 1.11191227346, -0.980734253387, -0.394243206359, 0.0, 2.0, 2.48069150007, -1.0, 2.0, -0.470114267542, 97860.0, 556.0, 99501.0
0.0, -1.0, 2.0, 1.0, 2.73176914651, 1.0, 0.0, 0.0, -1.0, 0.121249774082, 1.0, 2.0, -0.329431992545, 0.260740366159, 0.0, 1.07050677978, -0.412250190373, 1.77438045414, 2.0, 1.0, -0.854158648821, -1.0, 2.0, 2.0, 2.24404194471, -0.338588347723, -0.698487437255, -0.950547101943, 0.738114074122, 2.0, -1.0, -1.0, -0.8413286388, -1.0, -1.0, 0.0, 1.164867091, 0.0, 0.729526148322, 0.0, -0.531940936779, 0.0, 1.0, -0.394243206359, 0.0, 2.49496595321, 0.0, -1.0, 2.0, -1.0, 97785.0, 514.0, 99545.0
1.0, 2.0, 1.0, 3.0, -0.497972913893, 3.0, 1.53189451306, -1.0, 2.0, -1.0, 0.834254848404, 0.828864906791, 0.0, -1.0, 0.0, -1.0, 0.0, -0.722608693706, 2.0, 0.0, 0.0, 2.0, 1.0, 3.0, 0.627151816756, 1.0, 1.0, 1.0, 1.33509811617, 2.0, -1.0, 1.11533596779, -0.752896207749, 0.508528749691, -1.0, 0.0, 1.0, 0.0, 2.88657898775, 0.0, 1.0, 2.72346874078, 2.0, 2.90699814127, 2.0, 0.0, 3.0, -1.0, 1.0, 0.0, 97725.0, 604.0, 99461.0
1.10938013978, -1.0, 2.0, 1.0, -0.753303231372, -0.883338744794, 0.0, 0.0, -1.0, 1.0, 1.0, 2.0, 2.45675735062, 1.00737485881, 0.0, 2.03612779587, 0.0, 1.77438045414, 2.58308387806, 0.720918052386, 1.0, -1.0, 2.26783799018, 2.84180506392, 2.24404194471, 0.0, 0.0315177309021, -0.975169186718, 0.0504377318143, 2.81243024638, -1.0, 2.0, -0.331435846623, -1.0, -1.0, -0.175555777784, 1.164867091, 0.0, -0.638298984314, 0.0950299016974, 2.27465529003, 0.0, 1.0, -0.394243206359, 0.0, 1.66413603744, 0.0, 0.0103544426243, 0.927216032683, 2.4416469487, 97575.0, 581.0, 99479.0
1.0, 0.0123944288486, 1.0, 3.0, 1.38772130964, 3.0, -1.0, -1.0, 2.0, -1.0, 0.0, 2.0, 0.0, -1.0, -0.360727702346, 1.78620270545, 0.0, 2.0, 2.0, 0.0, 0.0, 1.0, 1.0, 3.0, 0.0, 1.0, 0.167436150398, -0.189474740905, 1.0, 2.0, 1.58185649074, 2.0, 0.0, 2.0, -1.0, 2.0, 1.12523205713, 0.0, -1.0, -0.210901180085, 1.0, 3.0, 2.0, 2.0, 2.0, 0.0, 3.0, 0.0, 1.0, -0.412452774557, 97500.0, 657.0, 99424.0
0.706533515595, 0.734129929092, 2.0, 1.0, 1.0, 1.0, 0.0, 0.0, -1.0, -0.0871759250523, 1.0, 2.48337483909, 0.280135772066, 1.0, 1.3640846531, 3.0, 0.0, 0.524156110292, 2.11504759347, 1.0, 1.02496973445, -1.0, 2.26783799018, 2.0, 0.0, 0.217676593726, 1.17851195132, -0.139825994885, -1.0, 2.0, -1.0, 2.0, 0.0, -1.0, -1.0, 0.195033020298, 1.164867091, 0.0, 2.12003646467, -0.744038546391, 2.71706299733, 0.0, -0.633187201226, -0.394243206359, 0.0, 2.0, 0.49918954268, 0.0103544426243, 2.0, -1.0, 97458.0, 599.0, 99484.0
0.132283042641, -1.0, 2.35825340381, 1.0, -0.753303231372, -0.883338744794, 0.0, 0.0, -1.0, 1.0, 0.0146725386864, 2.0, 2.45675735062, 1.00737485881, 0.0, 0.444616898632, 0.0, 1.0677487579, 1.98444659601, 0.720918052386, -0.629617777491, -1.0, 2.26783799018, 2.84180506392, 2.97764803179, -0.333962087709, 0.0315177309021, -0.963890850731, 0.0504377318143, 2.5603437383, -0.122064170872, 2.0, -0.331435846623, -1.0, -1.0, -0.175555777784, 1.164867091, 0.0, -0.638298984314, 0.0950299016974, 2.27465529003, 0.0, 1.0, -0.394243206359, 0.0, 1.14251357827, 0.0, -0.714532641365, 2.0, -0.470709794753, 97604.0, 567.0, 99495.0
-0.283264077575, -1.0, 1.62429047063, 1.0, 2.01325977604, 1.0, 0.0, 0.0, -1.0, 1.0, 1.0, 0.212868868331, 0.760398072984, 1.0, 0.0, 3.0, -0.293282911569, 1.77438045414, 0.0, 1.0, 1.0, -0.726572999435, 0.834042521026, 2.53919709094, -0.170834627319, -0.0608826027453, 1.0, -0.921549296557, 1.59134494343, 2.0, -1.0, 2.0, 0.0, -1.0, -1.0, 0.0, 1.2530251989, -0.229980624534, -1.0, 0.0, 2.0, 2.0, 1.0, -0.394243206359, 0.0, 2.77076883128, 3.0, -1.0, 2.0, -0.470114267542, 97529.0, 597.0, 99463.0
1.0, 3.0, 2.0, -1.0, 2.0, -0.993651811523, -0.00799166894548, 2.63521452894, -1.0, -1.0, -0.460638322819, 2.0, 0.807420124899, 3.0, 2.94788104801, 0.0, 3.0, 1.34522691339, 0.0, 0.0, 2.82028110944, 0.261765407889, -1.0, -1.0, 2.0, -0.14825471778, 1.0, 0.473027192927, 3.0, -0.764346450634, -0.124121972124, 2.37757994984, -0.566742675174, -1.0, -0.766850111391, 0.647648493243, 2.0, 1.10491666736, 0.107265156577, 2.84695646433, -0.471355773387, 0.734441573574, 1.0, 1.49105090578, 3.0, 2.84425902988, 1.0, -0.695333186664, 0.0, -0.410421239707, 97995.0, 559.0, 99495.0
0.874957600008, -1.0, 0.0, -1.0, 2.15459828586, -1.0, 2.0, 0.38052840206, -0.567969070962, -1.0, 0.556101677304, 1.60934164278, 0.0, 0.0, 1.0, 2.6062830082, 1.47468219088, 2.97309690521, -0.202755421622, 2.0, 0.609936243881, 1.0, 1.0, 0.216635983735, -1.0, 0.77925007741, 3.0, 0.24555319388, 3.0, -1.0, 3.0, 3.0, -0.0664375619556, 2.0, -1.0, 1.0, 2.0, 0.742566958604, 1.0, 1.98011612963, -0.631135194536, 0.861027939631, 1.0, 0.0590483534375, 0.76760802685, -0.688707911732, 0.0, 0.0942146523007, 0.0, 0.234144293399, 97693.0, 577.0, 99481.0
1.0, -0.898526205081, 1.0, 3.0, 1.0, 2.57930885928, 1.53189451306, -1.0, 2.0, -1.0, 0.834254848404, 0.828864906791, -0.25877797199, -1.0, 0.0, -1.0, -0.730882825261, 2.31263396462, 2.90869292732, 0.0, 0.0, 2.0, 1.0, 2.11110749662, 0.627151816756, 1.0, 1.0, 1.0, 1.33509811617, 2.0, -1.0, 0.723730245897, 0.652660380699, -1.0, -1.0, 2.0, 1.0, 0.499152566484, 2.0, 0.0, 1.0, 2.49591246853, 2.0, 2.0, 0.460140942726, 0.0, 3.0, -0.910346913135, 0.596280235075, 1.97842821165, 97869.0, 572.0, 99482.0
0.0, -1.0, 2.0, 1.0, 0.924237332979, 1.0, 0.0, 0.0, -1.0, 1.0, 1.0, 2.0, 0.760398072984, 1.0, 0.0, 1.31391435438, -0.141308927141, 1.77438045414, 0.0, 0.454788397295, 1.0, 2.08358724766, 0.613476039078, 2.0, -0.355818468617, 0.0, 1.0, -0.921549296557, -1.0, 2.0, -1.0, 2.90469292402, -0.0523984557634, -1.0, -1.0, 0.0, 1.164867091, 0.0, 1.5442897416, 0.0, 2.0, 2.0, 1.0, -0.394243206359, -0.752604649062, -0.166872371081, 0.575179912199, -1.0, 2.0, 0.685239964716, 97533.0, 591.0, 99477.0
1.10938013978, -1.0, 2.0, 1.38400623416, -0.753303231372, 0.15500317403, 0.0, -0.606731103197, -1.0, 1.94660202243, 1.0, 2.0, 2.0, 2.0641481089, 0.0, 1.05193053612, 0.0, 1.77438045414, 2.54874838334, 0.0481405195742, 0.25668945342, -1.0, 2.26783799018, 2.0, 2.91346657723, 0.0, 1.07040237949, -0.921549296557, 2.03270842823, 1.91453085828, -1.0, 2.0, -0.331435846623, 0.0340474645644, -1.0, 0.195033020298, 1.164867091, 0.0, -0.522900893277, 0.0, 2.0, 0.0, 1.0, 1.74428353132, 0.0, 1.66413603744, 0.0, -1.0, 2.0, -1.0, 97722.0, 573.0, 99487.0
2.54390863652, -0.609117241396, 0.10291360274, 1.0, 0.346457112763, 1.0, 0.0, -0.633503620493, -1.0, 1.51917893651, 1.0, 2.0, 2.73212427979, 1.0, 0.0, 3.0, 0.0, 1.77438045414, 2.76378594126, 0.569831475395, 1.33508536378, -1.0, 2.0, 0.940208533303, 2.31771986063, 0.0, 1.0, 1.0, 0.774933371686, 2.0, -1.0, 2.55396936259, 0.0, 0.911366335573, -1.0, 1.1980713954, -0.403667787012, 0.742566958604, -0.714057293839, 0.0, -0.375807989677, -0.793955248104, 1.0, -0.394243206359, -0.0793173744239, 1.18798969502, 0.0, 1.0, 2.0, 0.685239964716, 97492.0, 621.0, 99444.0
0.0, -1.0, 1.62429047063, 1.0, 2.01325977604, 1.0, 0.0, 0.0, -1.0, 1.01430195261, 1.0, 1.44711304616, 0.760398072984, 1.0, -0.472762195691, 3.0, -0.293282911569, 1.77438045414, 0.0, 1.0, -0.684268619357, -0.726572999435, 0.834042521026, 2.0, -0.170834627319, -0.0608826027453, 1.0, 0.346092396495, 1.59134494343, 2.0, -1.0, 2.0, 0.0, -1.0, -1.0, 0.0, 1.2530251989, 0.679516629561, 2.35009633084, -0.320900527414, 2.0, 2.0, 1.0, 1.61694770072, 0.0, 2.77076883128, 3.0, -1.0, 2.0, -0.0666160740214, 97554.0, 607.0, 99459.0
-0.30477525971, -1.0, -0.490220794172, 2.29691795685, 0.0, 2.0, 1.0, 2.91544531789, -1.0, 0.42224007113, -1.0, 0.0, 2.0, -0.983637094767, -1.0, 2.0, 1.0, 3.0, 2.75024595125, 1.27702846696, 1.0, 0.0, 2.0, 2.0, -0.00546042220083, 2.0, 2.0, 2.78877879574, 0.860305579753, -0.612376186399, 3.0, 2.0, 2.62204880303, -0.492849973328, -0.952217939862, -0.424727892391, 2.04907536696, 2.24446646123, -1.0, 2.0, 1.0, 0.0, 0.0, 0.869433579978, 1.0, 0.935411520728, 0.0, -1.0, 1.0, -0.461673940586, 97734.0, 601.0, 99461.0
1.0, 2.0, 1.0, 3.0, -0.497972913893, 3.0, 1.53189451306, -1.0, 2.0, -1.0, 0.834254848404, 0.828864906791, 0.0, -1.0, 0.0, -1.0, 0.0, -0.722608693706, 2.0, 0.0, 0.0, 2.0, 1.0, 3.0, 0.627151816756, 1.0, 1.0, 1.0, 1.33509811617, 2.0, -1.0, 0.723730245897, 0.0, 0.508528749691, -1.0, 2.0, 1.0, 0.0, 2.88657898775, 0.0, 1.0, 2.72346874078, 2.0, 2.90699814127, 2.0, 0.0, 3.0, -0.869163910709, 1.0, 0.0, 97678.0, 618.0, 99446.0
0.0, -1.0, 1.62429047063, 1.0, -0.00561732652208, -0.213622249957, 0.0, -1.0, -1.0, 1.01430195261, 1.30498281088, 1.44711304616, 0.760398072984, 1.0, -0.472762195691, 3.0, 0.910635527353, 1.77438045414, 2.84571314374, 1.0, -0.684268619357, 0.666352043981, 0.651438105967, 2.0, -0.170834627319, -0.0608826027453, 1.65594249279, 0.346092396495, 1.59134494343, 2.0, -1.0, 2.0, 0.0, -1.0, -1.0, 0.0, 1.2530251989, 0.478138546198, 2.35009633084, 0.266808225344, 2.0, 2.0, 1.0, 1.61694770072, 0.0, 0.455556896961, 3.0, -1.0, -0.423234946847, -0.0666160740214, 97561.0, 607.0, 99454.0
0.0, -1.0, 2.0, 1.0, 2.97813984301, 1.0, 0.0, 0.0, -1.0, 1.0, 1.0, 2.96342385816, -0.329431992545, 0.260740366159, 0.0, 0.739252787456, -0.412250190373, 1.77438045414, 2.0, 0.90960863941, -0.854158648821, 1.33621996953, 2.0, 2.30794977398, 2.24404194471, 0.0, -0.698487437255, -0.950547101943, 0.738114074122, 2.0, -1.0, -1.0, 0.0, -1.0, -1.0, 0.0, 1.164867091, 0.0, 1.79679387589, -0.852008228309, 1.0, 0.0, 1.0, -0.394243206359, 0.678370469302, 2.49496595321, 0.0, -1.0, 2.0, -1.0, 97741.0, 541.0, 99520.0
0.608913507496, -0.898526205081, 1.0, 3.0, 1.0, 3.0, 1.53189451306, -1.0, 2.0, -1.0, 0.834254848404, 0.828864906791, 0.0, -1.0, 0.0, -1.0, 1.97231442192, 2.31263396462, 2.0, 0.0, 0.0, 2.0, 2.58739045342, 3.0, 0.627151816756, 1.0, 1.45671039174, 1.0, 1.33509811617, 2.0, -1.0, 0.723730245897, 0.0, 0.508528749691, -1.0, 2.0, 1.0, 0.499152566484, -0.195133229604, -0.87219255185, 1.0, 2.49591246853, 2.0, 2.0, 2.0, 0.0, 3.0, -0.910346913135, 0.596280235075, 1.97842821165, 97789.0, 595.0, 99463.0
0.0, -1.0, 2.0, 2.19842141969, 0.579429965402, 1.60921190102, 0.0, 0.0, -1.0, 1.0, 1.0, 2.03829501303, -0.329431992545, 0.260740366159, 0.0, 0.739252787456, -0.412250190373, 1.44932108376, 2.61326516166, 0.324421731899, -0.854158648821, -1.0, 2.0, 2.0, 2.24404194471, 0.0, -0.698487437255, -0.950547101943, 0.738114074122, 2.0, -1.0, -1.0, 0.0770617551121, -1.0, -0.974851656516, 0.0, 1.164867091, 0.0, 0.729526148322, 0.0, 1.0, 1.99510017601, 1.0, -0.394243206359, 0.0, 2.49496595321, 0.0, -1.0, 2.0, -1.0, 97691.0, 542.0, 99519.0
0.0, -1.0, 1.62429047063, 1.48106549485, 2.01325977604, 0.48339595783, 0.0, 0.0, -1.0, 0.293093420141, 1.0, 1.44711304616, 0.760398072984, 1.0, -0.472762195691, 3.0, -0.293282911569, 1.77438045414, 0.0, 1.0, -0.684268619357, 1.70836538265, 0.834042521026, 2.0, -0.170834627319, -0.0608826027453, 1.0, 0.346092396495, 1.59134494343, 2.0, -1.0, 2.0, 0.0, -1.0, -1.0, 0.0, 1.2530251989, 0.679516629561, 2.35009633084, 0.274211506353, 2.0, 2.0, 1.0, -0.849072861223, -0.329560019867, 2.77076883128, 3.0, -1.0, 2.0, -0.284268882326, 97562.0, 602.0, 99462.0
0.0, -1.0, 2.62761801199, 1.0, 1.0, 1.0, 0.18847597979, 0.0, -1.0, 2.64399256344, 1.0, 2.0, 1.46790758048, 1.0, 0.600815893607, 1.31391435438, -0.141308927141, 1.77438045414, 2.01317094449, -0.459088161878, 1.0, 1.18818817554, 1.39153957127, -0.969711364215, -0.355818468617, 0.0, -0.149086426479, -0.921549296557, -1.0, 2.0, -1.0, 2.0, -0.0523984557634, -1.0, -1.0, 0.0, 1.164867091, -0.0703622554642, 1.5442897416, 0.0, 2.03458939451, -0.881820105439, 1.0, -0.394243206359, -0.752604649062, 2.28880855919, 0.575179912199, -1.0, 2.0, -0.470114267542, 97695.0, 560.0, 99496.0
