3.58495184092, 1.2945311925, 1.71549111407, 1.00000070537, 6.70680746067, 1.1375093569, 5.94780094709, 1.2600006964, 1.00000029193, 5.74921531363, 4.05222578549, 1.00569426369, 1.09658032722, 1.07664558521, 1.00116042473, 1.25479906596, 1.02575755623, 1.0849437567, 7.12247827792, 1.00000046218, 1.00000050939, 112.289429295, 0.981011719489, 4.68984446109, 0.979706709582, 4.17477333875, 0.870000703292, 34.7616820508, 10.7882039424, 66.98605446, 0.268096514745
5.16910503287, 1.40400556175, 1.52476369541, 1.00000020396, 5.61592295456, 1.11739752267, 4.29213220122, 1.26000035012, 1.00000017525, 5.4493942184, 5.11408598139, 1.0264214884, 3.61134796265, 1.04266631435, 1.046821233, 1.47036686335, 1.07777895051, 1.04263949408, 8.77571042689, 1.00000068099, 1.00000015559, 77.4727397442, 0.948508226227, 1.11332400087, 1.01468075439, 3.80894186394, 0.870000501748, 6.94109174471, 5.62629335841, 76.3124308574, 2.41286863271
4.15224816679, 1.26632034467, 1.49922229684, 1.000000059, 6.76118854598, 1.08378479355, 1.93163638351, 1.26000053604, 1.00000043121, 5.04841740824, 5.03274065873, 1.06533923567, 3.29434398049, 1.11931972705, 1.06081551522, 1.06550517846, 1.05415967769, 0.990126136345, 7.7099770467, 1.00000084757, 1.0000000039, 119.037434697, 0.937660511355, 2.98361207451, 0.954057423703, 3.89321568101, 0.870000755767, 21.0176635318, 9.34552127336, 19.791988627, 0.804289544236
5.01436866227, 1.00631614813, 1.73580628351, 1.00000039225, 6.66044911184, 1.1092958981, 5.14782166609, 1.26000056683, 1.00000011918, 5.43045496402, 3.47556750759, 1.04989700855, 1.86953076769, 1.00687442132, 1.04314537296, 1.17369677508, 1.07241774118, 1.09080080151, 9.17614482721, 1.00000041669, 1.00000047689, 121.826070174, 0.989925157155, 5.65609776188, 0.975395660685, 4.27120882116, 0.870000430952, 16.9528113096, 6.11764495864, 25.0670928297, 2.14477211796
5.70039522538, 1.05536780668, 1.52879379474, 1.00000086208, 5.9809787499, 1.02926051452, 5.40652353626, 1.26000063077, 1.00000012456, 4.97937003496, 3.2721154479, 1.08139888562, 3.2100935506, 1.03635576711, 1.05899799897, 1.11119228872, 1.0601110851, 1.06716040392, 6.06954868171, 1.00000049642, 1.000000081, 116.340731537, 0.916805010087, 1.18352857445, 1.00225332533, 3.5358012261, 0.870000576061, 83.2398148388, 14.386995642, 172.114991136, 0.0
4.15224816679, 1.22393973062, 1.49922229684, 1.000000059, 6.72502507369, 1.08378479355, 1.40778088289, 1.26000053604, 1.00000043121, 5.04841740824, 5.03274065873, 1.06533923567, 2.05664733067, 1.10921698187, 1.06081551522, 1.06550517846, 1.05415967769, 0.990126136345, 7.7099770467, 1.00000084757, 1.0000000039, 119.037434697, 0.937660511355, 2.98361207451, 0.954057423703, 4.23672242612, 0.870000623252, 61.3692363285, 17.7687038229, 113.080415688, 0.0
3.63332198595, 1.25347082681, 1.44432422189, 1.00000043577, 6.09047978437, 1.09807643725, 5.47333854514, 1.26000099866, 1.000000694, 5.4592414415, 3.12719697967, 1.03750727681, 4.01850369641, 1.08533492013, 1.01418347544, 1.56525124837, 1.14334978342, 0.920638982675, 9.2324979916, 1.0000009883, 1.0000004945, 91.5704229193, 1.04721864126, 1.86035306853, 1.00431960587, 4.3261700533, 0.870000493654, 10.5923190223, 10.4618167865, 23.9581119983, 2.68096514745
5.52576607721, 1.1080511803, 1.58578510552, 1.00000081095, 4.54651721147, 1.03041353775, 5.94151727447, 1.26000099677, 1.00000046675, 5.00912847087, 3.62744722908, 1.07169987546, 1.79409126654, 1.01613603258, 1.06947905297, 1.07769913252, 1.02401058425, 1.09883067085, 8.41534479216, 1.00000045329, 1.00000029072, 104.171904778, 0.940063953271, 3.30432582655, 0.966315610503, 3.52422480502, 0.870000434522, 39.3126848473, 8.92599209987, 35.1909738602, 0.536193029491
1.42055320216, 1.01700458499, 1.42922374943, 1.00000042226, 5.44695081454, 1.1806459463, 2.91051727663, 1.26000001461, 1.00000094515, 5.07581034938, 3.7018681269, 1.00051819821, 3.04854331922, 1.06264259021, 1.02262567851, 1.36556265339, 1.13575328158, 1.05490875961, 6.40177302831, 1.00000039956, 1.00000051281, 76.5823907916, 1.04978483288, 1.50793505631, 0.975443149727, 3.30775858779, 0.870000036541, 12.3930629409, 6.56256608107, 29.6827909049, 2.14477211796
5.52806501177, 1.04242472085, 1.64927726089, 1.0000002783, 6.09047978437, 1.06070780259, 3.19621601934, 1.26000016316, 1.00000008549, 5.13238730811, 7.07546125771, 1.04363695354, 3.76820019866, 1.0171990652, 1.04346070554, 1.03130582233, 1.03466089324, 0.952457188582, 8.95654882989, 1.00000060937, 1.00000055086, 95.3002620579, 0.936676614238, 3.39132003442, 0.993093730396, 3.76398662819, 0.870000196946, 31.8859502201, 8.90487571762, 307.707479535, 1.60857908847
3.31387222169, 1.04542291521, 1.63535937343, 1.00000042093, 5.07848758894, 1.12920795687, 5.97493961146, 1.2600006897, 1.00000006816, 5.43870335197, 3.56732175741, 1.08331532565, 4.03075214183, 1.0171990652, 1.02742123234, 1.51399409562, 1.12662964797, 0.91399892521, 8.99100971631, 1.0000008586, 1.00000055086, 116.91752788, 0.952364202438, 3.38425515531, 1.00118382877, 4.21628028587, 0.87000076228, 80.7971911184, 14.1840306476, 182.013346739, 0.0
2.20660714055, 1.22393973062, 1.49922229684, 1.000000059, 6.69801667512, 1.08378479355, 1.40778088289, 1.26000053604, 1.00000043121, 4.98957530477, 5.03274065873, 1.06533923567, 1.3241950656, 1.10921698187, 1.06499151296, 1.0905178764, 1.09815767498, 0.925798633839, 5.76466788614, 1.00000020144, 1.0000000039, 119.037434697, 1.08772741314, 2.98361207451, 0.954057423703, 3.89321568101, 0.87000041868, 21.132561653, 9.38640816404, 135.841586303, 1.87667560322
5.13965228508, 1.31973297541, 1.68917302608, 1.00000014485, 4.47373071641, 1.05340545387, 5.96382839194, 1.26000031438, 1.0000001374, 6.18208443986, 4.78450885611, 1.00269282142, 1.54092526724, 1.02117024795, 1.08464556641, 1.25360536455, 1.0049895097, 1.09564871391, 7.3943474877, 1.00000051943, 1.00000083637, 95.3817114249, 0.993911306088, 1.32790336933, 0.96324589893, 3.68395111804, 0.870000295635, 87.8147980947, 19.2648375168, 103.930313207, 0.268096514745
2.20923237301, 1.39190222959, 1.73101704192, 1.00000032247, 6.04356254489, 1.17330009165, 2.74893083798, 1.2600008731, 1.00000087083, 5.44951141542, 4.37266932109, 1.08681113675, 1.04779338154, 1.05581925737, 1.02869733157, 1.57633939762, 1.07724798077, 0.935894288822, 5.76466788614, 1.00000006703, 1.0000000762, 99.7758699072, 0.921290558049, 4.15265505875, 0.994704368415, 4.08972919455, 0.870000337105, 18.3184853378, 12.8654769843, 210.015394399, 2.14477211796
2.20923237301, 1.3854862045, 1.57876381435, 1.00000032247, 6.04356254489, 1.12693552203, 2.74893083798, 1.2600008731, 1.00000073225, 5.44951141542, 4.37266932109, 1.08681113675, 1.49672685276, 1.05581925737, 1.02869733157, 1.53644829061, 1.07724798077, 0.935894288822, 5.2611942869, 1.00000006703, 1.0000000762, 99.7758699072, 0.921290558049, 4.68331900774, 0.994704368415, 4.08972919455, 0.870000337105, 48.3444111714, 8.61611750238, 1131.09744771, 4.82573726542
4.15224816679, 1.09134575155, 1.726759847, 1.00000042226, 5.48531269212, 1.1806459463, 2.21724914786, 1.26000027346, 1.00000076204, 5.07581034938, 5.47014817491, 1.01757547235, 3.04854331922, 1.06264259021, 1.02262567851, 1.32824778809, 1.13575328158, 1.06078137308, 6.40177302831, 1.00000039956, 1.00000011302, 76.5823907916, 0.937660511355, 1.50793505631, 0.966607882007, 3.57716422594, 0.870000103749, 29.1473773857, 7.25172501566, 188.842650832, 5.09383378016
5.26854518572, 1.10709438559, 1.62390080447, 1.00000085744, 4.38129837918, 1.06913361979, 5.58460071801, 1.26000093985, 1.00000043802, 5.54855621894, 6.83312389708, 1.05801282511, 3.55810892819, 1.04431838196, 1.08757310201, 1.19868185914, 1.07437644794, 0.993202431995, 4.8093644085, 1.00000031093, 1.00000004319, 77.7931642578, 1.06960462748, 3.98477567506, 1.05252668354, 3.76623909694, 0.870000404695, 39.3778402054, 8.04199828519, 152.168155397, 7.77479892761
5.98329804122, 1.03429147429, 1.60623034467, 1.00000078645, 4.97945211561, 1.13409217737, 5.66620019332, 1.2600006672, 1.00000025544, 5.94502595686, 3.3783681691, 1.02760515265, 2.2513406762, 1.07741263477, 1.05603305402, 1.17062482948, 1.0470002392, 1.09737999824, 4.13517745198, 1.0000006995, 1.00000068601, 123.87696988, 1.06893942471, 3.06277707014, 1.00669611586, 4.04044955399, 0.870000406626, 46.8210773965, 10.0069657399, 55.0621295158, 1.60857908847
2.20660714055, 1.09134575155, 1.42922374943, 1.00000042226, 4.95837622399, 1.1806459463, 2.91051727663, 1.26000027346, 1.00000043121, 5.04248513517, 5.47014817491, 1.06844275075, 2.16652853142, 1.05648982951, 1.08671563379, 1.20173084974, 1.13575328158, 1.05456091734, 6.40177302831, 1.00000039956, 1.00000003311, 95.3817114249, 0.974438979017, 1.50793505631, 0.966607882007, 3.30775858779, 0.870000890726, 58.6477775256, 10.1094089841, 216.415615915, 1.34048257373
3.31387222169, 1.04542291521, 1.63535937343, 1.00000052972, 5.07848758894, 1.12920795687, 5.97493961146, 1.2600006897, 1.00000006816, 5.43870335197, 3.56732175741, 1.07925270218, 4.03075214183, 1.0171990652, 1.02742123234, 1.51399409562, 1.12662964797, 0.91399892521, 8.99100971631, 1.0000008586, 1.00000055086, 82.2924981683, 0.952364202438, 3.38425515531, 1.00118382877, 4.21628028587, 0.87000076228, 47.8682887258, 9.89891269574, 102.948483764, 1.87667560322
4.15224816679, 1.26632034467, 1.73580628351, 1.000000059, 6.76118854598, 1.08378479355, 1.93163638351, 1.26000053604, 1.00000043121, 5.04841740824, 5.03274065873, 1.06533923567, 3.29434398049, 1.11931972705, 1.06081551522, 1.06550517846, 1.05415967769, 0.990126136345, 7.7099770467, 1.00000047529, 1.00000047689, 119.037434697, 0.937660511355, 2.98361207451, 0.954057423703, 3.89321568101, 0.870000755767, 37.9848664294, 11.2577274535, 141.888196402, 1.60857908847
5.16910503287, 1.06669722232, 1.55862535479, 1.00000089814, 4.4565315836, 1.17664240765, 4.68817093911, 1.26000069157, 1.00000019483, 6.06243111538, 7.30532347565, 1.0588538244, 3.61134796265, 1.0241430133, 1.04426297936, 1.19299202353, 1.00944438303, 1.10759137545, 4.10762283883, 1.00000069733, 1.00000088422, 107.433057795, 0.93958633752, 1.47000185882, 1.00875972474, 3.32480224895, 0.870000761253, 79.1693154967, 18.8520628807, 310.383983452, 0.268096514745
5.46776209904, 1.19601586946, 1.7134568775, 1.00000065938, 4.7339340613, 1.01456318919, 4.75938493445, 1.26000095592, 1.00000094031, 5.80476556543, 3.36014703538, 1.05567250216, 1.30427909951, 1.00616608241, 1.08204377523, 1.53243068669, 1.0601110851, 1.008937672, 9.49945454644, 1.00000035682, 1.00000000101, 105.577868007, 0.98840983477, 1.15395333301, 1.00431960587, 4.17183207578, 0.870000493654, 50.880686952, 17.3241516809, 142.52408906, 0.536193029491
3.93452709994, 1.14604834904, 1.38159680761, 1.00000086092, 4.56912872339, 1.06510140135, 1.66133318583, 1.26000079159, 1.00000002874, 5.0732703312, 6.0452455491, 1.0705752893, 2.16216179282, 1.02907830048, 1.08025715168, 1.2823135789, 1.11992592078, 1.10995819198, 3.17488794978, 1.00000015838, 1.00000097545, 79.7038158538, 0.937566247139, 4.66944387705, 0.978587136791, 3.80248041551, 0.8700007511, 25.5694870912, 9.72274677195, 45.2757777182, 4.28954423592
5.52806501177, 1.04242472085, 1.64927726089, 1.0000002783, 5.83595468573, 1.13290822282, 3.19621601934, 1.26000016316, 1.00000008549, 5.13238730811, 7.07546125771, 1.04363695354, 3.76820019866, 1.11622850506, 1.02200422917, 1.03130582233, 1.03466089324, 0.952457188582, 8.95654882989, 1.00000060937, 1.00000096773, 95.3002620579, 0.936676614238, 3.39132003442, 1.05621358202, 3.76398662819, 0.870000196946, 22.8029236966, 12.8712587993, 38.6968383074, 2.14477211796
5.46280883832, 1.05536780668, 1.52879379474, 1.00000086208, 5.9809787499, 1.02926051452, 5.40652353626, 1.26000063077, 1.00000080159, 4.96191987252, 3.2721154479, 1.09545443124, 3.92235390864, 1.06961347428, 1.05899799897, 1.03130582233, 1.0601110851, 1.06716040392, 6.1946630474, 1.00000049642, 1.00000037065, 116.340731537, 0.971662659658, 5.64891703776, 1.00225332533, 4.24569577722, 0.870000576061, 155.443583537, 14.1861836327, 423.792136429, 0.268096514745
3.61351836564, 1.25347082681, 1.44432422189, 1.00000043577, 6.09047978437, 1.09807643725, 5.47333854514, 1.26000099677, 1.000000694, 5.4592414415, 3.12719697967, 1.03750727681, 4.01850369641, 1.09021432564, 1.01418347544, 1.56525124837, 1.14334978342, 0.920638982675, 9.2324979916, 1.0000009369, 1.0000004945, 91.5704229193, 1.04721864126, 1.86035306853, 0.987650198833, 4.3261700533, 0.870000777644, 67.8383478003, 13.3900588596, 201.625118095, 1.07238605898
2.51957097819, 1.06294297784, 1.37599129641, 1.00000001522, 4.38752220455, 1.12184688205, 1.19027585866, 1.260000299, 1.0000005408, 5.63180166477, 5.0723350592, 1.06062748434, 1.86901577996, 1.00612765834, 1.04745182971, 1.61359672822, 1.06693630527, 1.10729479991, 3.01677373926, 1.00000092293, 1.00000023152, 103.084482078, 1.01616827963, 4.15065487505, 0.953905560785, 3.53778220409, 0.870000950448, 44.7270262726, 15.5989381085, 126.821242976, 0.804289544236
2.20660714055, 1.09134575155, 1.42922374943, 1.00000042226, 4.95837622399, 1.1806459463, 2.91051727663, 1.26000027346, 1.00000062575, 5.07581034938, 5.47014817491, 1.08947481394, 3.04854331922, 1.05648982951, 1.08671563379, 1.36556265339, 1.13575328158, 1.05456091734, 6.40177302831, 1.00000039956, 1.00000003311, 95.3817114249, 0.974438979017, 1.50793505631, 0.966607882007, 3.30775858779, 0.870000890726, 39.4543924582, 11.2026477843, 171.610359427, 1.34048257373
2.20660714055, 1.09134575155, 1.42922374943, 1.00000042226, 5.60177407987, 1.1806459463, 2.91051727663, 1.26000033007, 1.00000062575, 5.07581034938, 6.97160724126, 1.08947481394, 3.04854331922, 1.05648982951, 1.02262567851, 1.36556265339, 1.13575328158, 1.06078137308, 6.40177302831, 1.00000039956, 1.00000003311, 95.3817114249, 1.04978483288, 1.50793505631, 0.966607882007, 3.30775858779, 0.870000103749, 163.297004665, 14.1753392275, 547.667572807, 0.804289544236
3.82878680723, 1.25347082681, 1.44432422189, 1.00000043577, 6.09047978437, 1.09807643725, 5.47333854514, 1.26000090436, 1.000000694, 5.4592414415, 3.12719697967, 1.00479317338, 4.01901720799, 1.09021432564, 1.01418347544, 1.56525124837, 1.14334978342, 0.920638982675, 9.2324979916, 1.0000009369, 1.0000004945, 91.5704229193, 0.999858843983, 1.86035306853, 0.987650198833, 4.3261700533, 0.870000777644, 103.826998306, 12.4475702877, 1259.6847537, 0.804289544236
2.20923237301, 1.3854862045, 1.73101704192, 1.00000032247, 6.04356254489, 1.05288517979, 4.54707805282, 1.2600006184, 1.00000087083, 5.44951141542, 5.8205668717, 1.03956397222, 1.04779338154, 1.05581925737, 1.02099872086, 1.53644829061, 1.07724798077, 0.961920536873, 5.76466788614, 1.00000006703, 1.0000000762, 99.7758699072, 0.921290558049, 2.94123159215, 0.994704368415, 4.25706677669, 0.870000705786, 21.4036384146, 12.9449678952, 95.6374163731, 4.28954423592
4.01455088312, 1.30693807417, 1.46638513771, 1.0000009449, 5.83595468573, 1.09807643725, 2.63393495764, 1.26000027684, 1.00000005718, 5.4592414415, 6.36233991697, 1.00127973398, 1.72912109939, 1.11788711244, 1.08911793229, 1.1229972238, 1.03264437067, 0.99245228818, 3.67712684077, 1.00000029986, 1.00000087173, 105.775538252, 1.08854191537, 4.31481859258, 0.954437587002, 3.62814166727, 0.870000207348, 209.881289667, 18.9457363044, 310.414158662, 0.0
5.52806501177, 1.04242472085, 1.55742335229, 1.0000002783, 5.27311116815, 1.13290822282, 3.19621601934, 1.26000016316, 1.00000008549, 5.13238730811, 7.07546125771, 1.04363695354, 3.76820019866, 1.11622850506, 1.02200422917, 1.03130582233, 1.03466089324, 0.952457188582, 8.95654882989, 1.00000060937, 1.00000096773, 95.3002620579, 0.936676614238, 3.39132003442, 1.05621358202, 3.76398662819, 0.870000196946, 127.837954215, 22.9594709559, 621.545147158, 0.0
3.64087946552, 1.1644439314, 1.53519393465, 1.00000032209, 4.43785717025, 1.01408367586, 1.54645953132, 1.260000299, 1.0000005408, 5.73286048784, 7.59200489776, 1.06062748434, 1.72912109939, 1.07397588012, 1.08911793229, 1.36205276382, 1.06693630527, 1.10685288039, 3.01292317346, 1.00000092293, 1.00000042679, 103.084482078, 1.01616827963, 4.29213103501, 1.0257251171, 3.91441824822, 0.870000815201, 222.292199963, 18.941783574, 1264.86188676, 0.0
4.73752394955, 1.27433907771, 1.48882311278, 1.00000034849, 4.34778473688, 1.03965943407, 3.97473615704, 1.26000052594, 1.00000010089, 6.02606721057, 3.19867286001, 1.09878699122, 3.26849946715, 1.02983760485, 1.0009622708, 1.48938035842, 1.0429808505, 1.00930619178, 6.00202190945, 1.00000041386, 1.00000050001, 119.686291422, 0.936908394307, 3.59887589701, 1.03627772768, 4.19245654291, 0.870000211051, 24.825634868, 9.96340707455, 265.317809655, 2.68096514745
4.01455088312, 1.30693807417, 1.46638513771, 1.0000009449, 5.83595468573, 1.01311825979, 2.63393495764, 1.26000027684, 1.00000005718, 5.4982325249, 6.36233991697, 1.03190045312, 1.72912109939, 1.11846970945, 1.08911793229, 1.1229972238, 1.0072300832, 0.99245228818, 3.67712684077, 1.00000029986, 1.00000087173, 105.775538252, 1.08854191537, 4.58061585868, 1.02661353657, 3.62814166727, 0.870000207348, 146.816927187, 16.9987236201, 242.912907239, 0.268096514745
3.60039084461, 1.1644439314, 1.53519393465, 1.00000032209, 4.43785717025, 1.02591023271, 1.54645953132, 1.260000299, 1.0000005408, 5.73286048784, 5.0723350592, 1.06062748434, 1.27989311359, 1.00628254259, 1.01523831172, 1.36205276382, 1.06693630527, 1.10685288039, 3.01292317346, 1.00000092293, 1.00000023152, 103.084482078, 1.01616827963, 4.29213103501, 0.967314975545, 3.53778220409, 0.870000815201, 143.158304051, 17.689852075, 1161.01543963, 0.268096514745
5.99966545637, 1.26116665854, 1.67214676601, 1.00000079616, 5.62545362344, 1.00976599722, 3.42721918174, 1.26000062333, 1.00000088692, 5.54984339092, 3.47485631729, 1.05765281204, 2.01707757505, 1.10389335954, 1.05962280196, 1.51114544009, 1.03985751378, 1.08243487441, 9.22341744347, 1.00000016504, 1.00000079182, 81.8412699539, 0.969809339518, 3.41436714805, 0.96324589893, 3.74326731852, 0.87000069138, 74.2681752968, 13.4672464756, 316.017511024, 1.07238605898
5.52576607721, 1.1080511803, 1.58578510552, 1.0000003862, 4.54651721147, 1.03041353775, 5.77929286617, 1.26000007501, 1.00000036726, 5.30114617443, 4.28481603376, 1.07169987546, 1.79409126654, 1.01613603258, 1.06947905297, 1.07769913252, 1.02401058425, 1.08174070087, 6.7090366604, 1.00000045329, 1.00000011665, 104.171904778, 0.940063953271, 3.30432582655, 0.966315610503, 4.21628028587, 0.870000434522, 84.9403132639, 9.90639798396, 362.686213289, 1.87667560322
3.20066114994, 1.02701368216, 1.60573187159, 1.00000093648, 4.92799928587, 1.04940514024, 5.43471073869, 1.26000053299, 1.0000007888, 6.10757117728, 6.22766895654, 1.08206025309, 1.50715110905, 1.11783277469, 1.01004441161, 1.03814090514, 1.10016548124, 1.09855728952, 6.18270521497, 1.00000088707, 1.00000032391, 103.954201831, 1.07424069339, 2.64620679786, 0.965621478726, 4.31430058241, 0.870000907295, 47.926830503, 9.72942240402, 136.097088312, 2.14477211796
3.31387222169, 1.04542291521, 1.71706688546, 1.00000052972, 6.09047978437, 1.12920795687, 4.089755693, 1.26000047868, 1.00000006816, 5.43870335197, 5.84698116006, 1.07925270218, 3.10226066348, 1.0171990652, 1.03851358596, 1.36556265339, 1.12727386908, 0.994200661841, 8.99100971631, 1.00000068123, 1.00000055086, 82.2924981683, 0.952364202438, 2.4165169914, 0.955839704892, 4.21628028587, 0.870000668827, 175.48494012, 24.0771551201, 705.475250095, 0.0
5.71582433847, 1.22393973062, 1.50209239187, 1.000000059, 6.69801667512, 1.08378479355, 1.40778088289, 1.26000076243, 1.00000043121, 5.04841740824, 5.03274065873, 1.06533923567, 2.05664733067, 1.01200990537, 1.01371257966, 1.06550517846, 1.05415967769, 0.922335774092, 9.36599243508, 1.00000084757, 1.00000030451, 119.037434697, 0.937660511355, 2.98361207451, 0.950523801744, 3.89321568101, 0.870000755767, 183.760545869, 24.0590397377, 1097.64472843, 0.0
4.15224816679, 1.42309305333, 1.73580628351, 1.000000059, 6.76118854598, 1.08378479355, 1.93163638351, 1.26000053604, 1.00000043121, 5.04841740824, 5.03274065873, 1.06533923567, 3.29434398049, 1.11931972705, 1.06081551522, 1.06550517846, 1.05415967769, 0.990126136345, 4.99494576672, 1.00000047529, 1.00000047689, 119.037434697, 0.937660511355, 4.90669034181, 0.954057423703, 3.89321568101, 0.870000755767, 427.207930603, 21.8934635984, 813.065875286, 0.0
5.01436866227, 1.00631614813, 1.73580628351, 1.00000039225, 6.66044911184, 1.08987274848, 5.45837116173, 1.26000056683, 1.00000005534, 5.43045496402, 5.13950983851, 1.06498816059, 2.25153198321, 1.00687442132, 1.04314537296, 1.48995170676, 1.08694655136, 1.09080080151, 6.19470037469, 1.00000041669, 1.00000055661, 121.826070174, 0.989925157155, 5.60622895521, 0.975395660685, 3.70824220728, 0.870000611837, 219.248690411, 19.3478862154, 813.971135382, 0.0
3.20066114994, 1.02701368216, 1.42804310221, 1.00000098083, 4.92799928587, 1.04940514024, 5.43471073869, 1.26000053299, 1.0000007888, 6.10757117728, 6.22766895654, 1.08206025309, 1.50715110905, 1.11783277469, 1.01004441161, 1.0758032952, 1.10016548124, 1.09855728952, 6.18270521497, 1.00000088707, 1.00000032391, 103.954201831, 1.07424069339, 2.64620679786, 0.965621478726, 4.31430058241, 0.870000907295, 141.856246783, 14.3346854947, 444.922867225, 0.804289544236
4.15224816679, 1.22393973062, 1.49922229684, 1.000000059, 6.69801667512, 1.08378479355, 1.40778088289, 1.26000053604, 1.00000043121, 5.04841740824, 5.03274065873, 1.06533923567, 2.05664733067, 1.10921698187, 1.06081551522, 1.06550517846, 1.05415967769, 0.990126136345, 7.7099770467, 1.00000084757, 1.0000000039, 119.037434697, 0.937660511355, 2.98361207451, 0.954057423703, 3.89321568101, 0.870000755767, 26.7217035129, 14.6472416576, 135.864608325, 2.68096514745
3.20066114994, 1.02701368216, 1.60573187159, 1.00000093648, 4.92799928587, 1.04940514024, 5.43471073869, 1.26000053299, 1.0000007888, 5.97059338324, 6.22766895654, 1.08206025309, 1.50715110905, 1.11783277469, 1.01004441161, 1.03814090514, 1.10016548124, 1.09855728952, 5.49620375492, 1.00000088707, 1.00000032391, 103.954201831, 1.07424069339, 1.79786939244, 0.965621478726, 4.31430058241, 0.870000907295, 318.996670723, 21.4175896025, 998.355273463, 0.0
2.91067006995, 1.04531720975, 1.63136606564, 1.0000007071, 6.05723732058, 1.10575944987, 5.79485794765, 1.26000069922, 1.0000000814, 5.25029020223, 4.26751417649, 1.09250439169, 1.86901577996, 1.03699306836, 1.08671563379, 1.13368579381, 1.02121395321, 1.04617375727, 6.19470037469, 1.00000081762, 1.00000039591, 119.267680979, 0.936714844998, 3.92848591635, 0.969124882481, 3.81376468965, 0.870000976694, 281.674236974, 16.6941913091, 624.653342992, 0.536193029491
5.26854518572, 1.10709438559, 1.62390080447, 1.00000085744, 4.38129837918, 1.06913361979, 5.58460071801, 1.2600007351, 1.00000043802, 5.54855621894, 6.83312389708, 1.05801282511, 3.55810892819, 1.04431838196, 1.08757310201, 1.19868185914, 1.07437644794, 0.993202431995, 4.8093644085, 1.00000031093, 1.00000004319, 77.7931642578, 1.06960462748, 3.98477567506, 1.05252668354, 3.76623909694, 0.870000158081, 60.2411147932, 17.1140891005, 362.385203661, 1.34048257373
5.88974280235, 1.22393973062, 1.50209239187, 1.000000059, 6.69801667512, 1.08378479355, 1.40778088289, 1.26000076243, 1.00000043121, 5.04841740824, 5.03274065873, 1.06533923567, 2.05664733067, 1.01200990537, 1.01371257966, 1.06550517846, 1.05415967769, 0.922335774092, 9.36599243508, 1.00000084757, 1.00000030451, 119.037434697, 0.937660511355, 2.98361207451, 0.950523801744, 3.89321568101, 0.870000755767, 90.1206463506, 10.0798282152, 126.144020428, 5.63002680965
2.20660714055, 1.09134575155, 1.42922374943, 1.00000042226, 5.48531269212, 1.1806459463, 1.97479429071, 1.26000027346, 1.00000076204, 5.07581034938, 5.47014817491, 1.08947481394, 3.04854331922, 1.05648982951, 1.02262567851, 1.36556265339, 1.13575328158, 1.06078137308, 6.40177302831, 1.00000039956, 1.00000003311, 83.6156721644, 1.04978483288, 1.50793505631, 0.966607882007, 3.30775858779, 0.870000103749, 66.8437964331, 18.9354897793, 288.959785576, 0.804289544236
4.11480300053, 1.22393973062, 1.49922229684, 1.000000059, 6.72502507369, 1.08378479355, 1.40778088289, 1.2600001425, 1.00000043121, 5.04841740824, 5.03274065873, 1.06533923567, 2.05664733067, 1.10921698187, 1.06081551522, 1.06550517846, 1.05415967769, 0.990126136345, 7.7099770467, 1.00000084757, 1.0000000039, 119.037434697, 0.937660511355, 2.98361207451, 0.954057423703, 4.23672242612, 0.870000623252, 606.588817201, 35.8443594303, 791.873064803, 0.0
4.15224816679, 1.42309305333, 1.73580628351, 1.000000059, 6.76118854598, 1.08378479355, 1.93163638351, 1.26000092794, 1.00000062575, 5.04841740824, 4.6716608676, 1.06533923567, 3.29434398049, 1.11931972705, 1.06081551522, 1.06550517846, 1.05415967769, 0.990126136345, 9.61373893884, 1.00000047529, 1.00000047689, 119.037434697, 0.937660511355, 4.90669034181, 0.954057423703, 3.89321568101, 0.870000755767, 542.204821978, 20.440740629, 2519.29078784, 0.0
1.42055320216, 1.04542291521, 1.42922374943, 1.00000042226, 5.44695081454, 1.1806459463, 5.58460071801, 1.26000001461, 1.00000076204, 5.07581034938, 3.7018681269, 1.00030286866, 3.04854331922, 1.01273092626, 1.02026849814, 1.36556265339, 1.13575328158, 1.05490875961, 6.40177302831, 1.00000039956, 1.00000011302, 76.5823907916, 1.04978483288, 1.50793505631, 0.975443149727, 3.30775858779, 0.870000036541, 327.291218631, 16.8868060113, 2599.73989701, 0.536193029491
5.01436866227, 1.00631614813, 1.73580628351, 1.00000039225, 6.66044911184, 1.1092958981, 4.28710825204, 1.26000056683, 1.00000011918, 5.43045496402, 3.47556750759, 1.04989700855, 2.12200137798, 1.00687442132, 1.04314537296, 1.17369677508, 1.07241774118, 1.09080080151, 9.17614482721, 1.00000041669, 1.00000047689, 121.826070174, 0.989925157155, 5.65609776188, 0.975395660685, 4.27120882116, 0.870000368199, 133.277794062, 23.1184371644, 478.42930359, 0.268096514745
4.15224816679, 1.41742849254, 1.49922229684, 1.00000065938, 6.89203244077, 1.01006932499, 1.40778088289, 1.26000053604, 1.00000043121, 5.04841740824, 5.31345113537, 1.0274243931, 2.05664733067, 1.10921698187, 1.06902787819, 1.26525518893, 1.08407071541, 1.008937672, 7.7099770467, 1.00000084757, 1.0000000039, 119.037434697, 0.937660511355, 5.83449705863, 0.954057423703, 3.89321568101, 0.870000755767, 164.700958108, 17.1786971501, 1200.11957201, 0.536193029491
3.60039084461, 1.0012211775, 1.53519393465, 1.00000032209, 4.38584979833, 1.02591023271, 4.51161701953, 1.260000299, 1.0000005408, 5.07857624582, 5.0723350592, 1.06062748434, 1.27989311359, 1.00354353024, 1.06947905297, 1.36205276382, 1.06693630527, 1.10685288039, 3.01292317346, 1.00000029986, 1.00000023152, 108.894251958, 1.01616827963, 4.29213103501, 1.02661353657, 3.53778220409, 0.870000815201, 81.0386806862, 11.3168737653, 426.400882516, 1.60857908847
4.39506025291, 1.17110211271, 1.52541792737, 1.00000002461, 5.07125390428, 1.01617976988, 4.69458793379, 1.26000004827, 1.00000057777, 5.40601290156, 3.19599492539, 1.01138387718, 3.81177230144, 1.08035406939, 1.06053310775, 1.15943284766, 1.09900004447, 0.93205256258, 9.98099686938, 1.00000044864, 1.00000030451, 112.158935628, 0.972628404872, 5.67266680048, 1.01973544859, 4.01045372546, 0.870000561556, 298.816808216, 28.5591842514, 819.125177071, 0.0
3.61351836564, 1.25347082681, 1.60996609654, 1.00000043577, 6.09047978437, 1.01311825979, 5.15471150433, 1.26000099677, 1.000000694, 5.4982325249, 3.12719697967, 1.03750727681, 4.01850369641, 1.09984499789, 1.01418347544, 1.56525124837, 1.04172300233, 0.920638982675, 9.2324979916, 1.0000009369, 1.00000041694, 84.3432037681, 1.04721864126, 1.86035306853, 0.987650198833, 4.3261700533, 0.870000777644, 56.4960171388, 10.0719213113, 282.654721436, 2.9490616622
1.88528304063, 1.18316363836, 1.65003300787, 1.00000010588, 4.50229451748, 1.03074715473, 5.52365440074, 1.26000067772, 1.0000005892, 6.05692398414, 6.3620723538, 1.02737052821, 1.55230750019, 1.03151977849, 1.0708604119, 1.61331106109, 1.13379541015, 1.09105320362, 5.74350944852, 1.00000013521, 1.00000000004, 115.438143577, 0.927165758763, 1.94984375174, 0.993928868682, 4.10698388358, 0.870000315236, 209.584044052, 15.4634268737, 380.922655165, 1.07238605898
2.10659072597, 1.30558079616, 1.50868255334, 1.0000004987, 6.68992810867, 1.16152409188, 5.53651406479, 1.26000017372, 1.00000027071, 5.13682086579, 5.03821375123, 1.05473740854, 2.14643090031, 1.10020754229, 1.07714297294, 1.0286327353, 1.06812968378, 1.08865701639, 3.21922982669, 1.00000027175, 1.00000010248, 118.206751792, 0.936938598449, 4.41057758314, 0.954998708592, 4.32331692836, 0.870000641613, 645.330222689, 21.506942601, 3148.33510033, 0.0
4.32877618121, 1.2064573278, 1.55907676977, 1.00000014609, 4.24271906905, 1.0984687468, 4.01366208254, 1.26000062772, 1.00000075894, 4.9827922889, 4.26526733141, 1.05012748544, 2.1928035646, 1.03673978848, 1.07407938602, 1.09956233306, 1.00504012622, 1.01870612538, 3.47433047629, 1.00000070897, 1.00000040722, 85.1124182637, 1.02491428509, 2.18604934439, 0.978712195153, 4.23834387728, 0.870000587619, 709.853038828, 26.100850127, 877.977463849, 0.0
1.42055320216, 1.04542291521, 1.42922374943, 1.00000042226, 5.44695081454, 1.1806459463, 2.91051727663, 1.26000001461, 1.00000076204, 5.07581034938, 3.7018681269, 1.00051819821, 3.04854331922, 1.06264259021, 1.02262567851, 1.36556265339, 1.13575328158, 1.05490875961, 6.40177302831, 1.00000039956, 1.00000011302, 76.5823907916, 1.04978483288, 3.51815212598, 0.975443149727, 3.30775858779, 0.870000036541, 235.285161536, 26.625184618, 1174.56303276, 0.0
1.88528304063, 1.18316363836, 1.65003300787, 1.00000010588, 4.44579470366, 1.03074715473, 5.52365440074, 1.26000067772, 1.0000005892, 6.05692398414, 6.3620723538, 1.02737052821, 1.55230750019, 1.03151977849, 1.0708604119, 1.30178600986, 1.13379541015, 1.09105320362, 5.74350944852, 1.00000013521, 1.00000000004, 115.438143577, 0.927165758763, 1.94984375174, 0.993928868682, 4.10698388358, 0.870000315236, 136.977838696, 23.2882090977, 999.37862758, 0.268096514745
3.61351836564, 1.25347082681, 1.44432422189, 1.00000043577, 6.09047978437, 1.01311825979, 5.15471150433, 1.26000099677, 1.000000694, 5.4982325249, 3.12719697967, 1.03750727681, 4.01850369641, 1.09984499789, 1.01418347544, 1.56525124837, 1.04172300233, 0.920638982675, 9.2324979916, 1.0000009369, 1.0000004945, 84.3432037681, 1.04721864126, 1.86035306853, 0.987650198833, 4.3261700533, 0.870000777644, 159.70786457, 23.1001087513, 568.989819706, 0.268096514745
4.15224816679, 1.41742849254, 1.49922229684, 1.000000059, 6.89203244077, 1.04656065895, 5.14928593414, 1.26000053604, 1.00000043121, 4.9698552009, 5.31345113537, 1.06693007698, 2.05664733067, 1.10921698187, 1.06902787819, 1.26525518893, 1.08407071541, 0.990126136345, 7.7099770467, 1.00000084757, 1.00000082302, 119.037434697, 0.937660511355, 2.98361207451, 0.954057423703, 3.89321568101, 0.870000755767, 227.541154876, 25.9884131903, 1390.93627263, 0.0
5.7479907213, 1.41742849254, 1.49922229684, 1.000000059, 6.89203244077, 1.01006932499, 1.40778088289, 1.26000053604, 1.00000043121, 5.04841740824, 5.31345113537, 1.06693007698, 2.05664733067, 1.10921698187, 1.06902787819, 1.08225949265, 1.08407071541, 0.990126136345, 7.7099770467, 1.00000084757, 1.0000000039, 119.037434697, 0.937660511355, 2.98361207451, 0.954057423703, 3.89321568101, 0.870000755767, 193.833272954, 26.2025221956, 419.2136877, 0.536193029491
4.15224816679, 1.22393973062, 1.49922229684, 1.000000059, 6.69801667512, 1.08378479355, 1.40778088289, 1.26000076243, 1.00000043121, 5.04841740824, 5.03274065873, 1.06533923567, 2.05664733067, 1.10921698187, 1.06081551522, 1.06550517846, 1.05415967769, 0.990126136345, 9.36599243508, 1.00000084757, 1.00000030451, 119.037434697, 0.937660511355, 2.98361207451, 0.954057423703, 3.89321568101, 0.870000755767, 646.694587909, 22.2214325006, 4747.12704799, 0.0
5.52576607721, 1.1080511803, 1.58578510552, 1.0000003862, 4.54651721147, 1.03041353775, 5.93113047578, 1.26000007501, 1.00000046675, 5.35227657968, 4.28481603376, 1.07169987546, 1.79409126654, 1.01613603258, 1.06947905297, 1.07769913252, 1.02401058425, 1.08174070087, 8.41534479216, 1.00000045329, 1.00000011665, 104.171904778, 0.940063953271, 3.30432582655, 0.966315610503, 3.52422480502, 0.870000434522, 209.657191208, 13.0354663043, 436.665520767, 1.87667560322
5.13965228508, 1.31973297541, 1.65751196959, 1.00000014485, 4.47373071641, 1.05340545387, 5.96382839194, 1.26000031438, 1.0000001374, 6.18208443986, 4.78450885611, 1.00269282142, 1.87391942298, 1.02117024795, 1.08464556641, 1.25360536455, 1.0049895097, 1.09564871391, 4.17151138931, 1.00000080767, 1.00000083637, 95.3817114249, 0.993911306088, 1.32790336933, 0.96324589893, 3.68395111804, 0.870000622566, 145.065474593, 13.6655612902, 345.570117433, 1.87667560322
5.16910503287, 1.06669722232, 1.55862535479, 1.00000089814, 4.4565315836, 1.17664240765, 4.68817093911, 1.26000069157, 1.00000019483, 6.06243111538, 7.30532347565, 1.0588538244, 3.61134796265, 1.0241430133, 1.04426297936, 1.19299202353, 1.00944438303, 1.10759137545, 4.10762283883, 1.00000069733, 1.00000088422, 107.433057795, 0.93958633752, 1.47000185882, 1.00875972474, 3.32480224895, 0.870000761253, 231.009346631, 13.0999912749, 640.327966225, 1.87667560322
1.2227476913, 1.37648506498, 1.65003300787, 1.00000010588, 4.50229451748, 1.02653443909, 2.57150815245, 1.26000067772, 1.0000005892, 5.22700323993, 6.3620723538, 1.02737052821, 1.44259124923, 1.03151977849, 1.00971981632, 1.61331106109, 1.13379541015, 1.09105320362, 5.74350944852, 1.00000013521, 1.00000000004, 115.438143577, 0.927165758763, 1.94984375174, 0.993928868682, 4.10698388358, 0.870000315236, 537.553091729, 24.4109423841, 1750.89391066, 0.0
3.061237917, 1.30693807417, 1.46638513771, 1.0000009449, 5.83595468573, 1.01311825979, 3.9445099601, 1.26000027684, 1.00000005718, 5.4982325249, 5.03274065873, 1.06533923567, 2.05664733067, 1.11846970945, 1.08911793229, 1.1229972238, 1.0072300832, 1.06891150281, 3.42065595057, 1.00000029986, 1.00000087173, 105.775538252, 1.08854191537, 5.64501257035, 1.02661353657, 3.62814166727, 0.870000207348, 96.5549297072, 10.623823415, 416.552102244, 9.11528150134
4.01455088312, 1.30693807417, 1.46638513771, 1.0000009449, 5.83595468573, 1.09807643725, 2.63393495764, 1.26000027684, 1.00000005718, 5.4592414415, 6.36233991697, 1.00127973398, 1.72912109939, 1.11788711244, 1.08911793229, 1.07187047858, 1.03264437067, 0.99245228818, 3.67712684077, 1.00000029986, 1.00000087173, 105.775538252, 1.08854191537, 4.31481859258, 0.954437587002, 3.62814166727, 0.870000207348, 74.522890554, 13.8004052615, 182.733741931, 2.9490616622
3.061237917, 1.30693807417, 1.46638513771, 1.0000009449, 5.83595468573, 1.01311825979, 3.9445099601, 1.26000027684, 1.00000005718, 5.4982325249, 5.03274065873, 1.06533923567, 3.90467961518, 1.11846970945, 1.08911793229, 1.1229972238, 1.0072300832, 1.06891150281, 3.42065595057, 1.00000029986, 1.00000000101, 105.775538252, 1.08854191537, 5.64501257035, 1.02661353657, 3.62814166727, 0.870000207348, 67.5862100299, 11.3005565716, 226.042538171, 3.21715817694
4.15224816679, 1.20203993401, 1.49922229684, 1.00000049354, 6.76118854598, 1.08378479355, 1.93163638351, 1.26000053604, 1.00000043121, 5.04841740824, 5.03274065873, 1.06533923567, 3.29434398049, 1.11931972705, 1.06081551522, 1.06550517846, 1.05415967769, 0.990126136345, 7.7099770467, 1.00000086056, 1.0000000039, 119.037434697, 0.937660511355, 2.98361207451, 0.954057423703, 3.89321568101, 0.870000755767, 196.139292797, 13.2104046344, 203.090440063, 5.09383378016
5.01436866227, 1.00062963217, 1.73580628351, 1.00000039225, 6.69801667512, 1.0681637823, 2.53858786662, 1.26000056683, 1.00000011918, 5.43045496402, 3.47556750759, 1.00865190707, 3.51477794692, 1.00687442132, 1.08260404104, 1.26525518893, 1.07241774118, 1.09080080151, 6.23085932808, 1.00000028395, 1.00000069426, 104.454996996, 0.989925157155, 3.92848591635, 0.975395660685, 4.29618013418, 0.870000430952, 302.544459726, 29.5116251858, 1478.68248205, 0.0
4.73752394955, 1.27433907771, 1.48882311278, 1.00000034849, 5.4203633077, 1.01543442837, 4.33892741101, 1.26000052594, 1.00000012788, 6.02606721057, 5.26758669583, 1.09620672665, 3.26849946715, 1.02983760485, 1.04869691816, 1.50952267874, 1.0429808505, 1.00930619178, 6.9831772817, 1.00000041386, 1.00000050001, 119.686291422, 0.917158611328, 2.83647063539, 1.03627772768, 4.14116800033, 0.870000211051, 162.469729023, 22.9914166061, 916.306383621, 0.536193029491
3.31387222169, 1.04542291521, 1.71706688546, 1.00000052972, 6.09047978437, 1.12920795687, 5.97493961146, 1.26000047868, 1.00000006816, 5.43870335197, 5.55048838402, 1.07925270218, 3.10226066348, 1.0171990652, 1.03851358596, 1.57195816807, 1.12727386908, 0.994200661841, 8.99100971631, 1.00000068123, 1.00000055086, 82.2924981683, 0.952364202438, 2.61100138161, 0.955839704892, 4.21628028587, 0.87000076228, 150.860845033, 24.0563945424, 300.045343767, 0.804289544236
5.71582433847, 1.22393973062, 1.50209239187, 1.000000059, 6.69801667512, 1.08378479355, 1.40778088289, 1.26000076243, 1.00000043121, 5.27949174884, 5.03274065873, 1.06533923567, 2.05664733067, 1.01200990537, 1.01371257966, 1.06550517846, 1.05415967769, 0.922335774092, 9.36599243508, 1.00000068123, 1.00000030451, 119.037434697, 0.937660511355, 2.98361207451, 0.950523801744, 4.21628028587, 0.870000755767, 327.268780195, 27.4770235606, 2105.3539024, 0.0
3.60039084461, 1.1644439314, 1.53519393465, 1.0000000685, 4.43785717025, 1.04656065895, 1.54645953132, 1.260000299, 1.0000005408, 5.73286048784, 5.0723350592, 1.06062748434, 1.27989311359, 1.00628254259, 1.01523831172, 1.36205276382, 1.06693630527, 1.10685288039, 3.01292317346, 1.00000092293, 1.00000023152, 103.084482078, 1.01616827963, 4.29213103501, 0.967314975545, 3.53778220409, 0.870000544861, 445.476677586, 18.7088911921, 3315.03688148, 0.536193029491
2.91067006995, 1.04531720975, 1.63136606564, 1.0000007071, 4.97945211561, 1.10575944987, 3.91034106201, 1.26000069922, 1.00000049773, 5.25029020223, 4.26751417649, 1.06070118294, 1.86901577996, 1.02117024795, 1.08671563379, 1.07421320133, 1.02121395321, 1.04617375727, 6.19470037469, 1.00000093208, 1.00000039591, 103.954201831, 0.961757278948, 3.92848591635, 0.961859455512, 3.68395111804, 0.870000950448, 243.529103544, 26.6300009116, 678.433445591, 0.268096514745
4.15224816679, 1.41742849254, 1.49922229684, 1.000000059, 6.89203244077, 1.01006932499, 1.40778088289, 1.26000053604, 1.00000043121, 5.04841740824, 5.31345113537, 1.06693007698, 2.05664733067, 1.10921698187, 1.06902787819, 1.26525518893, 1.08407071541, 0.990126136345, 7.7099770467, 1.00000084757, 1.0000000039, 119.037434697, 0.937660511355, 2.98361207451, 0.954057423703, 3.89321568101, 0.870000755767, 103.984524012, 12.7576991247, 1051.78298139, 2.14477211796
2.91067006995, 1.04531720975, 1.63136606564, 1.0000007071, 4.97945211561, 1.10575944987, 3.91034106201, 1.26000069922, 1.00000049773, 5.25029020223, 4.26751417649, 1.06070118294, 1.86901577996, 1.03699306836, 1.08671563379, 1.07421320133, 1.02121395321, 1.04617375727, 6.19470037469, 1.00000093208, 1.00000039591, 103.954201831, 0.961757278948, 3.92848591635, 0.965621478726, 3.81376468965, 0.870000950448, 50.371139316, 17.4257668163, 174.945076359, 3.21715817694
4.81468717162, 1.11775352435, 1.52879379474, 1.00000086208, 5.9809787499, 1.02926051452, 5.40652353626, 1.26000063077, 1.00000080159, 4.97937003496, 3.2721154479, 1.09545443124, 3.2100935506, 1.03635576711, 1.05899799897, 1.11119228872, 1.0601110851, 1.06716040392, 5.87271952057, 1.00000049642, 1.00000037065, 116.340731537, 0.971662659658, 1.18352857445, 1.00225332533, 3.5358012261, 0.870000576061, 87.3324398557, 15.4358465385, 498.82826776, 1.60857908847
2.73968282032, 1.02701368216, 1.60573187159, 1.00000093648, 4.59726703918, 1.04940514024, 5.43471073869, 1.26000042257, 1.0000007888, 6.10757117728, 6.22766895654, 1.08206025309, 1.50715110905, 1.11783277469, 1.01004441161, 1.03814090514, 1.01200979811, 1.1034210778, 6.18270521497, 1.00000088707, 1.00000052569, 81.5551030657, 1.07424069339, 2.64620679786, 0.965621478726, 4.24469018562, 0.870000907295, 557.452689265, 25.1219879583, 4115.0956454, 0.0
5.99966545637, 1.26116665854, 1.67214676601, 1.00000079616, 5.62545362344, 1.00976599722, 1.93163638351, 1.26000062333, 1.00000088692, 5.54984339092, 3.47485631729, 1.07487843487, 3.57893604698, 1.10389335954, 1.05962280196, 1.51114544009, 1.03985751378, 1.08243487441, 9.22341744347, 1.00000016504, 1.00000081249, 81.8412699539, 0.969809339518, 3.41436714805, 0.96324589893, 3.74326731852, 0.87000069138, 617.262447265, 25.8995788682, 2599.39973767, 0.0
5.52576607721, 1.1080511803, 1.58578510552, 1.0000003862, 4.54651721147, 1.03041353775, 5.93113047578, 1.26000007501, 1.00000046675, 5.35227657968, 3.62744722908, 1.07169987546, 1.79409126654, 1.01613603258, 1.06947905297, 1.07769913252, 1.02401058425, 1.09883067085, 8.41534479216, 1.00000045329, 1.00000029072, 104.171904778, 0.940063953271, 3.30432582655, 0.966315610503, 3.52422480502, 0.870000434522, 145.586001043, 11.9011757515, 306.226787541, 5.09383378016
1.2227476913, 1.2064573278, 1.55907676977, 1.00000014609, 4.50229451748, 1.0984687468, 4.01366208254, 1.26000062772, 1.00000075894, 4.9827922889, 6.3620723538, 1.05012748544, 2.1928035646, 1.03673978848, 1.07407938602, 1.09956233306, 1.00361737191, 1.10293048913, 3.47433047629, 1.00000070897, 1.00000040722, 85.1124182637, 1.02491428509, 2.18604934439, 0.978712195153, 4.23834387728, 0.870000587619, 191.307522323, 17.6034466384, 548.545074082, 1.07238605898
4.73752394955, 1.27433907771, 1.48882311278, 1.00000034849, 4.34778473688, 1.03965943407, 3.97473615704, 1.26000052594, 1.00000010089, 6.02606721057, 3.19867286001, 1.09878699122, 3.26849946715, 1.02983760485, 1.04869691816, 1.48938035842, 1.0429808505, 1.00930619178, 3.96892983303, 1.00000041386, 1.00000050001, 119.686291422, 0.917158611328, 3.59887589701, 1.03627772768, 4.0110354502, 0.870000211051, 366.942629726, 31.5422592862, 1867.92418825, 0.0
4.32877618121, 1.21841885236, 1.55907676977, 1.00000014609, 4.24271906905, 1.0984687468, 4.01366208254, 1.26000062772, 1.00000075894, 4.9827922889, 4.26526733141, 1.05012748544, 2.1928035646, 1.03673978848, 1.00513290847, 1.09956233306, 1.00504012622, 1.01870612538, 3.47433047629, 1.00000070897, 1.00000040722, 85.1124182637, 1.02491428509, 2.18604934439, 0.978712195153, 4.23834387728, 0.870000315236, 181.684312292, 24.337175119, 1343.32469088, 0.268096514745
5.52576607721, 1.1080511803, 1.58578510552, 1.0000003862, 4.54651721147, 1.03041353775, 5.77929286617, 1.26000007501, 1.00000036726, 5.30114617443, 4.28481603376, 1.06533923567, 1.79409126654, 1.01613603258, 1.06947905297, 1.07769913252, 1.02401058425, 1.08174070087, 6.7090366604, 1.00000045329, 1.00000011665, 104.171904778, 0.940063953271, 3.30432582655, 0.966315610503, 4.21628028587, 0.870000434522, 295.276407036, 20.8597636928, 879.625760113, 0.536193029491
4.81468717162, 1.05536780668, 1.52879379474, 1.00000086208, 5.9809787499, 1.02926051452, 5.40652353626, 1.26000063077, 1.00000080159, 4.97937003496, 3.2721154479, 1.09545443124, 3.2100935506, 1.03635576711, 1.05899799897, 1.11119228872, 1.0601110851, 1.06716040392, 6.06954868171, 1.00000049642, 1.00000037065, 116.340731537, 0.971662659658, 1.18352857445, 1.00225332533, 3.5358012261, 0.870000576061, 253.037754283, 28.1615854503, 791.610916402, 0.268096514745
3.61351836564, 1.25347082681, 1.44432422189, 1.00000043577, 6.09047978437, 1.09807643725, 5.47333854514, 1.26000099677, 1.000000694, 5.4592414415, 3.12719697967, 1.03750727681, 4.01850369641, 1.09021432564, 1.01418347544, 1.56525124837, 1.14334978342, 0.920638982675, 9.05540053836, 1.0000009369, 1.0000004945, 91.5704229193, 1.04721864126, 1.86035306853, 0.987650198833, 4.3261700533, 0.870000777644, 62.3296994572, 13.0471626128, 601.410145226, 3.21715817694
5.52576607721, 1.1080511803, 1.58578510552, 1.0000003862, 4.54651721147, 1.03041353775, 5.93113047578, 1.26000007501, 1.00000046675, 5.30966656873, 3.62744722908, 1.07169987546, 1.79409126654, 1.01613603258, 1.06947905297, 1.07769913252, 1.02401058425, 1.09883067085, 8.41534479216, 1.00000045329, 1.00000011302, 104.171904778, 0.940063953271, 1.50793505631, 0.966315610503, 3.52422480502, 0.870000434522, 425.474487097, 19.2061833681, 1875.70571992, 0.536193029491
5.13965228508, 1.31973297541, 1.65751196959, 1.00000014485, 4.47373071641, 1.05340545387, 5.96382839194, 1.26000031438, 1.0000001374, 6.18208443986, 4.78450885611, 1.00269282142, 1.54092526724, 1.02117024795, 1.08464556641, 1.25360536455, 1.0049895097, 1.09564871391, 7.3943474877, 1.00000093696, 1.00000083637, 95.3817114249, 0.993911306088, 1.32790336933, 0.96324589893, 3.68395111804, 0.870000295635, 190.78317068, 24.8504547509, 297.23201466, 1.34048257373
3.58495184092, 1.2945311925, 1.71549111407, 1.00000070537, 6.70680746067, 1.1375093569, 5.94780094709, 1.26000035012, 1.00000029193, 5.74921531363, 4.05222578549, 1.00569426369, 1.09658032722, 1.07664558521, 1.00046493298, 1.25479906596, 1.02575755623, 1.0849437567, 7.61945386474, 1.00000068099, 1.0000006262, 112.289429295, 0.981011719489, 4.68984446109, 0.979706709582, 4.17477333875, 0.870000703292, 255.901321614, 16.7991819041, 1313.76786061, 1.34048257373
2.20923237301, 1.3854862045, 1.73101704192, 1.00000032247, 6.04356254489, 1.17330009165, 2.74893083798, 1.2600008731, 1.00000087083, 5.44951141542, 4.37266932109, 1.08681113675, 1.04779338154, 1.05581925737, 1.02869733157, 1.53644829061, 1.07724798077, 0.935894288822, 5.76466788614, 1.00000006703, 1.0000000762, 99.7758699072, 0.921290558049, 4.15265505875, 0.994704368415, 4.08972919455, 0.870000337105, 409.858360274, 31.8957709145, 3390.50496749, 0.0
5.72902894043, 1.26116665854, 1.67214676601, 1.00000079616, 5.62545362344, 1.00976599722, 5.1623396639, 1.26000062333, 1.00000088692, 5.54984339092, 3.47485631729, 1.05765281204, 2.93403903145, 1.10389335954, 1.05962280196, 1.45187330999, 1.03985751378, 1.08243487441, 7.18804337452, 1.00000016504, 1.00000039409, 100.695812719, 0.969809339518, 3.41436714805, 0.977301424846, 3.74326731852, 0.87000069138, 618.817523968, 35.9113957923, 1741.99759344, 0.0
