2.0, 0.0, 1.0, 2.0, 1.0, -1.0, 1.0, -1.0, 3.0, 0.0, 3.0, 0.0, 0.0, 2.0, -1.0, 0.0, 3.0, 1.0, 2.0, 0.0, 2.0, 3.0, 0.0, -1.0, 2.0, 0.0, 3.0, 0.0, 1.0, 0.0, 2.0, 3.0, -1.0, 2.0, 2.0, 0.0, 2.0, 0.0, 1.0, -1.0, 3.0, 1.0, 1.0, 0.0, -1.0, 1.0, 0.0, 3.0, 2.0, 2.0, 1e+32
0.0, -0.360665074434, 2.0, 3.0, 1.0, -1.0, -1.0, 2.0, 1.81380521891, -1.0, -1.0, 0.61483325984, 0.0, -1.0, 1.40562054242, 1.0, 2.0, 1.97221283946, 0.0, 2.0, 2.0, 2.41775580694, 3.0, 2.0, 1.0, 0.0, 1.0, -1.0, 0.0, 1.0, 2.0, -0.977747113205, 0.0, 3.0, 1.0, -1.0, 1.0, 0.179098059736, 3.0, -1.0, 2.0, 2.50938776003, 1.23849662198, 3.0, 1.0, 0.720567981899, 1.0, -1.0, 2.0, 1.0, 1e+32
-1.0, -1.0, -0.260863376887, 2.0, -1.0, 1.0, 0.219210509576, 1.36312386821, -0.0180351009022, 0.0, 2.0, 2.0, -1.0, 3.0, 0.293795403194, 2.0, 2.90033646228, 0.0, 2.0, 2.0, 2.28825459692, -1.0, 1.8172911855, 0.0, 2.0, 2.0, -0.405866502865, 0.0, 3.0, 2.1120791943, 2.0, 0.0, -1.0, 1.0, 0.0, 1.0, 2.0, 1.0, 1.0, 1.0, 1.0, 1.0, 3.0, 2.84069646657, 0.656220512049, 2.0, 3.0, 0.840969887341, 2.0, -1.0, 1e+32
2.89006835014, 1.44279434823, 1.0, 3.0, 1.9452407374, 3.0, 1.92295830306, 0.891339340598, -1.0, 1.84539287688, 0.0, -1.0, 2.0, 0.0, 2.0, -0.697907626011, 0.0, 1.36517534352, 2.5630244838, -1.0, 0.802413729124, 2.0, 2.0, 3.0, -1.0, 0.0, 1.64566527664, 3.0, 2.0, 2.0, 0.0, -1.0, -1.0, 2.0, 0.455603379379, 0.146102113782, 2.0, 3.0, 3.0, 0.986267774877, 0.0, 1.51612881543, 2.0, 1.83101144166, 0.0, -1.0, 2.1408998842, 0.0, 1.0, 0.379116013452, 1e+32
0.979507319032, -1.0, 2.04215429016, 1.0, -1.0, 0.662636769056, 0.0, 0.0, -1.0, 2.0, 1.0, 2.0, 2.27062911166, 0.0, 0.131764404455, -1.0, 2.0, 0.0, 1.0, 2.54252154364, 1.0, 1.0, -0.256488381491, 2.8459407256, 3.0, 2.59916627307, 2.0, 0.0, 1.34586170491, 0.0, 1.75343611098, 0.0, -1.0, 0.0, 0.0, 3.0, -1.0, 1.0, 2.0, 0.0, 2.0, 0.0, 0.0, 2.29172823378, -1.0, 0.0, 2.1408998842, 2.0, 2.0, 1.0, 1e+32
1.0, 3.0, 2.0, 2.0, 2.0, 2.0, 3.0, -1.0, -1.0, 1.0, -0.315766554051, -0.832132003744, -1.0, 0.754409501759, 3.0, 1.0, 1.0, 2.0, 1.0, 2.0, -1.0, 2.0, 1.0, -1.0, -1.0, 0.0, 2.54484211099, 2.0, 1.34586170491, 1.0, 0.0, 2.0, 0.0, 2.3464992238, -0.550818161124, -1.0, 1.0, 3.0, 1.0, 1.0, 1.0, 1.0, 0.0, 2.0, 2.0, 2.79068265617, 2.29167177268, 1.0, -1.0, 1.0, 1e+32
1.0, 1.48541419401, 2.44251240287, 2.65609428601, 2.0, 0.0, -0.634600731924, 1.0, 0.0, 2.0, 0.22658422051, -1.0, 0.0, 0.478018792505, 2.0, 0.0, 1.0, -1.0, 2.38939591232, 0.0, -1.0, 0.0, 3.0, 3.0, -0.166789043741, 3.0, 0.0, 3.0, 1.0, 1.0, 1.12271676647, 0.0, 1.0, 3.0, 2.71657608861, -1.0, -1.0, 3.0, 3.0, 0.0, 0.0, 1.0, 2.0, 0.0, -1.0, 1.14400472796, -0.319676431783, 0.0, 0.135489762843, 2.70460499428, 1e+32
1.0, 1.0, 2.44251240287, 2.0, 2.0, 0.0, -0.634600731924, 1.0, 0.0, 2.0, 0.22658422051, -1.0, 0.0, 0.478018792505, 2.0, 2.94668159767, 1.0, -1.0, -0.0599326374774, 0.0, -1.0, 0.0, 3.0, 3.0, -0.166789043741, 3.0, 0.0, 1.20572020488, 1.0, 1.0, -0.0714935113839, 0.0, 1.0, 3.0, 2.71657608861, -1.0, -1.0, 3.0, 3.0, 0.0, 0.0, 1.0, 2.0, 0.0, -1.0, 1.14400472796, -0.319676431783, 0.0, 0.135489762843, 2.70460499428, 1e+32
2.0, -1.0, 2.0, 0.00999873283553, 2.0, 2.0, -0.597619608283, 2.0, 1.0, -1.0, 1.44597085723, 2.0, 1.0, -1.0, 0.0, 2.0, 1.0, 1.00631143038, 0.723557471461, 1.0, -1.0, 3.0, 1.0, 0.0, 0.952593435255, -1.0, -0.629841064983, 2.32638018259, 3.0, -1.0, 1.0, 1.0, 2.0, -0.966069492883, 2.05591622611, -0.0337174013114, 0.0, 1.0, 2.0, -0.139001486518, -1.0, 1.0, 1.0, -0.253531860489, -0.698075517356, 2.0, -0.663087635602, 0.0, 2.0, 0.647913766947, 1e+32
-0.635632792978, 1.0, 2.0, 0.0, 1.0, -1.0, 3.0, 0.0, 1.0, 1.58396513108, -1.0, 1.0, 1.0, 3.0, 2.0, 2.69452050038, -0.0926759114153, -1.0, 1.62797465325, 0.0, 2.0, 2.0, 2.0, 3.0, 3.0, 0.0, 2.0, 1.0, 2.0, 1.0, 2.49394961727, 1.0, 2.0, 3.0, 1.0, -1.0, 1.78756671351, 0.0, 3.0, -1.0, 0.0, -0.133048161796, 2.0, -1.0, 2.0169080821, 2.0, 3.0, 2.0, 0.0, 3.0, 1e+32
2.0, 1.0, 0.0, 1.99057245133, 1.06587796146, 2.67934491016, 3.0, 0.466812134678, 3.0, -1.0, -1.0, 1.0, 2.0, -0.0573745921006, 2.0, 2.0, 0.0, 0.0, 1.0, 2.0, 0.0, 1.0, 1.38110542843, 2.0, 1.0, 0.0, 0.0, 0.788533604256, 3.0, 3.0, -1.0, 2.0, 0.632532410547, -0.547295707037, -1.0, 3.0, 3.0, 0.0, 1.0, 2.0, 0.0, 1.0, 1.0, 1.0, 3.0, 2.0, 3.0, 2.0, 1.0, 1.0, 1e+32
2.0, 0.747410038097, 1.0, -1.0, 0.0, 1.18889821459, 1.0, -1.0, -1.0, -1.0, -0.975892497013, 1.0, 2.0, 3.0, 2.0, 2.0, -0.56232736036, 0.940615099287, 2.0, 0.0, 2.0, 0.0, 2.0, 0.841511958309, 2.62669945033, 2.0, 2.16027135374, 2.0, 2.0, -0.0194482354752, 0.0, 1.0, 3.0, 1.0, -1.0, 1.0, 2.0, 0.0, 1.0, 3.0, 2.12544874564, 0.0, 3.0, -1.0, 0.0, -1.0, 2.0, 2.0, 0.0, 2.0, 1e+32
1.0, 2.0, 1.0, 3.0, 0.0, -1.0, -1.0, 0.0, 2.0, 0.0, 2.0, 1.50809897353, 3.0, 2.0, 1.39705277345, 2.0, 2.0, -0.135043569177, -0.414436293534, 2.0, 2.0, 0.0, 3.0, -1.0, 2.0, 2.0, -0.617835049174, 0.0, 3.0, 2.0, -1.0, -1.0, -1.0, 1.91111677302, 0.0, 2.0, 3.0, 0.0, 2.24400007818, 2.70877983359, 3.0, 2.0, 2.0, -1.0, 1.15506114626, 3.0, 1.96643523075, 1.0, 3.0, 0.0, 1e+32
2.0, 1.54898578747, 1.0, 1.0, 3.0, 2.0, 0.77036210918, 1.0, 2.84741689393, -1.0, -0.831152867328, -1.0, 2.0239058738, 3.0, 0.0, 3.0, 1.0, 3.0, 2.0, -0.0298854113632, 3.0, -0.10443864468, 1.81092959455, 1.0, 0.0, 3.0, -0.617835049174, 1.0, -0.150679119447, 1.0, 2.0, 1.0, 2.8829517558, 1.0, 2.0, 0.0, 2.0, -1.0, 2.0, 0.0, -1.0, 1.0, 2.0, -1.0, 0.438904447934, -1.0, -0.374695598059, 1.0, 1.2475075986, 0.838581626646, 1e+32
2.0, 1.54898578747, 1.0, 1.69869620911, 3.0, 2.0, 1.42639854798, 1.0, 2.84741689393, -1.0, -0.831152867328, -1.0, 2.0, 3.0, 0.0, 3.0, 1.0, 3.0, 2.0, -0.0298854113632, 3.0, -0.10443864468, 0.0, 1.0, 0.0, 3.0, 2.53486695561, 1.0, -0.150679119447, 1.0, 1.0, 1.86574421769, 2.0, 1.0, 2.0, 0.0, 2.0, -1.0, 1.41292384858, 0.0, -1.0, 1.0, 2.0, 0.0, 1.85169367161, -1.0, -0.374695598059, 1.0, 1.2475075986, 0.838581626646, 1e+32
0.720518661627, 1.0, 2.0, 2.0, 1.0, 1.0, 0.972504180696, 2.91380014613, -1.0, 2.0, 3.0, -0.179037529099, 3.0, 0.464504445126, -0.015096044642, 2.0, 0.0, 0.0, 0.0, -1.0, -1.0, 2.0, 3.0, 3.0, 1.0, 0.0, 0.0, 2.0, 0.0, -1.0, 2.0, 2.25875866339, 0.0, 0.0, -1.0, 2.0, -0.737389050095, 1.0, 0.0, 3.0, 1.0, 1.0, 2.0, 2.0, 1.0, -0.920977449952, 0.0, 1.0, 0.0, 0.0, 1e+32
1.0, 0.0, 1.0, 2.0, 3.0, 0.940379519355, -0.908648569593, 2.0, 1.0, 0.399062655947, -1.0, -1.0, 3.0, 1.0, 3.0, 3.0, -1.0, 0.0, 0.0, 1.0, 1.0, 0.0, 3.0, 3.0, 0.0, -1.0, 2.0, -1.0, 1.0, 2.0, 0.0, 0.0, -0.263885884121, -1.0, 1.0, 2.0, 1.0, -1.0, 1.0, 2.0, 0.0, 2.0, -1.0, 2.0, 0.0, 1.0, 1.0, -1.0, 2.67187284335, 0.690338366491, 1e+32
-0.334134008333, -1.0, -0.131685256415, 2.0, -1.0, 0.0, -0.953155294649, 2.0, 0.0511699120185, 3.0, -0.975828308342, 1.0, -0.392470243677, 1.0, 3.0, 2.0, 2.0, 1.0, 3.0, 3.0, 2.0, 0.0, 2.0, -1.0, 3.0, 1.0, 1.0, 1.0, 2.0, 1.0, -1.0, 0.0, -1.0, -1.0, 1.0, 0.0, 1.0, 1.97568859317, 0.767833588871, 2.0, -0.0829898133951, 3.0, -1.0, 2.0, 1.0, 3.0, 1.60312103802, 0.0, 1.37166370631, 0.905806666285, 1e+32
3.0, 0.0, 0.0863466128, -1.0, 2.0, 2.59094279499, 3.0, 3.0, -1.0, -1.0, -1.0, 1.0, -1.0, 0.0, 1.0, 1.7285236565, 1.0, 2.0, 0.0, 1.0, 2.01465504551, 0.0, 2.0, 1.0, 1.82950594515, 2.44455769968, -0.341956880593, 2.0, 1.0, 1.0, -1.0, 2.0, -1.0, 3.0, 0.0, 0.0, 0.0, -1.0, 0.0, 0.0, 2.0, -1.0, -1.0, 2.0, 1.0, 0.0, 0.0, 0.0, 2.0, -1.0, 1e+32
3.0, 0.0, 1.19921245605, 1.0, 0.0, 0.820549337478, 0.0, 1.0, 1.0, -1.0, 0.0, 1.0, 2.0, -1.0, 2.0, 2.0, 2.0, 1.0, -1.0, 1.0, 3.0, 1.0, 2.0, 3.0, 2.0, 1.0, -1.0, 0.0, 1.31744645761, 0.0, 1.0, 2.0, 1.0, 0.0, 2.0, 3.0, 0.0, 0.0, 1.38849069304, 2.0, 0.0, 3.0, -1.0, -1.0, 1.0, 2.0, 3.0, -1.0, -1.0, 2.0, 1e+32
0.0, 2.0, 1.0, 3.0, 2.0, 0.0, 2.0, 0.0, 0.0, 1.0, -1.0, 2.0, -1.0, 0.0, 1.0, 3.0, 0.0, 3.0, 0.0, -1.0, 3.0, -1.0, 2.0, 0.0, 0.0, 3.0, 1.0, 2.0, 2.0, -1.0, 2.0, 3.0, 2.0, -1.0, 1.0, 3.0, 0.0, 0.0, 0.0, 2.0, 1.0, 3.0, -1.0, -1.0, -1.0, 0.0, 1.0, 3.0, 1.0, 2.0, 1e+32
1.0, 2.0, 0.0, -1.0, -1.0, -1.0, 2.0, 2.0, 0.0, 0.0, 2.0, 2.0, 1.0, -1.0, 0.0, -1.0, 2.0, 1.0, 0.0, 1.0, 2.0, 1.0, 0.0, 0.0, 1.0, 3.0, 1.0, 1.0, 2.0, 0.0, 2.0, 0.0, 2.0, -1.0, 1.0, 0.0, 3.0, 1.0, 2.0, 1.0, 3.0, 1.0, 2.0, 0.0, 3.0, 0.0, 2.0, 3.0, 0.0, -1.0, 1e+32
-1.0, 0.0, 2.0, 1.0, 0.0, 1.0, 2.0, 2.0, 0.0, -1.0, 2.0, 1.0, 0.0, 0.0, 0.0, 0.0, 1.0, 2.0, 0.0, 3.0, 1.0, 1.0, 1.0, 1.0, 2.0, -1.0, -1.0, 3.0, 2.0, 3.0, 2.0, 1.0, 2.0, 3.0, 3.0, 1.0, 3.0, 2.0, -1.0, 2.0, 0.0, 2.0, 0.0, 0.0, 3.0, 2.0, 0.0, 1.0, 2.0, 1.0, 1e+32
3.0, 1.0, 1.0, 2.0, 3.0, 1.0, -1.0, 0.0, 0.0, 1.0, 1.0, 2.0, -1.0, 0.0, 2.0, 3.0, 1.0, 2.0, 1.0, 0.0, 2.0, 1.0, 0.0, -1.0, -1.0, 1.0, 3.0, 2.0, 2.0, 2.0, 2.0, 0.0, 1.0, -1.0, 3.0, 2.0, 2.0, 0.0, 3.0, 0.0, 1.0, 1.0, 1.0, 1.0, -1.0, 3.0, 0.0, -1.0, 3.0, 3.0, 1e+32
1.0, 0.0, -1.0, -1.0, 1.0, 3.0, 3.0, 2.0, -1.0, 2.0, 1.0, 2.0, 1.0, 0.0, 1.0, 2.0, 1.0, 3.0, 2.0, 2.0, 0.0, 1.0, 3.0, 2.0, 3.0, 0.0, 3.0, 1.0, 2.0, -1.0, -1.0, 3.0, 2.0, 0.0, 2.0, 0.0, 2.0, 2.0, 1.0, 0.0, -1.0, 1.0, 3.0, 0.0, -1.0, -1.0, 0.0, 2.0, 3.0, 1.0, 1e+32
-1.0, -1.0, 0.0, 2.0, 1.0, 1.0, 1.0, -1.0, 3.0, 0.0, 2.0, 2.0, -1.0, 3.0, 0.0, 2.0, 2.0, 0.0, 2.0, 2.0, 1.0, -1.0, 0.0, 0.0, 2.0, 2.0, 0.0, 0.0, 3.0, 2.0, 2.0, 0.0, -1.0, 1.0, 0.0, 1.0, 2.0, 1.0, 1.0, 1.0, 1.0, 1.0, 3.0, 1.0, 0.0, 2.0, 3.0, 1.0, 2.0, -1.0, 1e+32
1.0, 2.0, 1.0, 3.0, 1.0, 3.0, 2.0, 0.0, -1.0, 2.0, 0.0, -1.0, 2.0, 0.0, 2.0, 0.0, 0.0, 0.0, 2.0, -1.0, 1.0, 2.0, 2.0, 3.0, -1.0, 0.0, 1.0, 3.0, 2.0, 2.0, 0.0, -1.0, -1.0, 2.0, 1.0, 0.0, 2.0, 3.0, 3.0, 1.0, 0.0, 0.0, 2.0, 2.0, 0.0, -1.0, 1.0, 0.0, 1.0, 3.0, 1e+32
0.0, -1.0, 2.0, 1.0, -1.0, 3.0, 0.0, 0.0, -1.0, 2.0, 1.0, 2.0, 2.0, 0.0, 1.0, -1.0, 2.0, 0.0, 1.0, 1.0, 3.0, 1.0, 1.0, 1.0, 3.0, 2.0, 2.0, 0.0, 1.0, 0.0, 2.0, 0.0, -1.0, 0.0, 0.0, 3.0, -1.0, 1.0, 2.0, 0.0, 2.0, 0.0, 0.0, 2.0, -1.0, 0.0, 1.0, 2.0, 2.0, 1.0, 1e+32
1.0, 3.0, 2.0, 2.0, 2.0, 2.0, 3.0, -1.0, -1.0, 1.0, -1.0, 0.0, -1.0, 0.0, 3.0, 1.0, 1.0, 2.0, 3.0, 2.0, -1.0, 2.0, 1.0, -1.0, -1.0, 0.0, 3.0, 2.0, 1.0, 1.0, 0.0, 2.0, 0.0, 0.0, 3.0, -1.0, 1.0, 3.0, 1.0, 1.0, 1.0, 1.0, 0.0, 2.0, 2.0, 2.0, 2.0, 1.0, -1.0, 1.0, 1e+32
1.0, 0.0, 1.0, 1.0, 0.0, 2.0, 0.0, 0.0, -1.0, -1.0, -1.0, 1.0, 1.0, 2.0, 2.0, 1.0, -1.0, 0.0, 1.0, 1.0, 1.0, 2.0, 0.0, 0.0, -1.0, 3.0, 0.0, 3.0, -1.0, 3.0, 2.0, 2.0, 3.0, 2.0, 0.0, 1.0, 2.0, 0.0, 1.0, 2.0, 0.0, 3.0, 1.0, 1.0, 2.0, -1.0, 0.0, 2.0, 2.0, 3.0, 1e+32
1.0, 3.0, 2.0, 2.0, 2.0, 0.0, 0.0, 1.0, 0.0, 2.0, 3.0, -1.0, 0.0, 1.0, 2.0, 0.0, 1.0, -1.0, 0.0, 0.0, -1.0, 0.0, 3.0, 3.0, -1.0, 3.0, 0.0, 3.0, 1.0, 1.0, 1.0, 0.0, 1.0, 3.0, 2.0, -1.0, -1.0, 3.0, 3.0, 0.0, 0.0, -1.0, 2.0, 0.0, -1.0, 2.0, 1.0, 0.0, 0.0, 2.0, 1e+32
0.0, 1.0, 0.0, 0.0, 3.0, 0.0, 0.0, 0.0, 2.0, 2.0, 1.0, 3.0, 2.0, 2.0, 3.0, 0.0, 0.0, -1.0, -1.0, -1.0, 1.0, 2.0, 1.0, 0.0, -1.0, 1.0, 0.0, -1.0, 3.0, 3.0, 1.0, 1.0, 2.0, 1.0, 0.0, 2.0, -1.0, 0.0, 0.0, 1.0, 1.0, 2.0, 1.0, -1.0, 2.0, 1.0, 1.0, 3.0, 3.0, 2.0, 1e+32
2.0, -1.0, 2.0, 0.0, 2.0, 2.0, 0.0, 2.0, 1.0, -1.0, 1.0, 2.0, 1.0, -1.0, 0.0, 2.0, 1.0, 0.0, 1.0, 1.0, -1.0, 3.0, 3.0, 0.0, 1.0, -1.0, 0.0, 2.0, 3.0, -1.0, 1.0, 1.0, 2.0, 0.0, 2.0, 1.0, 0.0, 0.0, 2.0, 0.0, -1.0, 1.0, 1.0, 0.0, -1.0, 2.0, 1.0, 0.0, 2.0, 3.0, 1e+32
0.0, -1.0, 2.0, 2.0, -1.0, -1.0, 0.0, 2.0, 1.0, 0.0, 2.0, 1.0, 2.0, 2.0, -1.0, 0.0, 1.0, 1.0, 0.0, 2.0, -1.0, 1.0, 2.0, 0.0, -1.0, -1.0, 1.0, -1.0, 1.0, 0.0, 2.0, 0.0, 1.0, 2.0, 0.0, 2.0, 1.0, 1.0, 0.0, 2.0, 0.0, 3.0, 3.0, 1.0, 2.0, 0.0, 2.0, 0.0, 1.0, -1.0, 1e+32
0.0, 1.0, 2.0, 1.0, 0.0, 1.0, -1.0, 1.0, 2.0, 0.0, 2.0, 2.0, 1.0, 0.0, 3.0, 0.0, 1.0, 0.0, 2.0, 0.0, 0.0, 0.0, 0.0, -1.0, -1.0, 2.0, 2.0, 2.0, 2.0, 3.0, 2.0, 0.0, 1.0, -1.0, -1.0, -1.0, 2.0, -1.0, 1.0, -1.0, -1.0, 0.0, 1.0, 3.0, 0.0, -1.0, 2.0, 1.0, 2.0, 1.0, 1e+32
0.0, 1.0, 2.0, 3.0, -1.0, 1.0, 2.0, 3.0, 2.0, 0.0, 1.0, 1.0, 0.0, 1.0, 1.0, 1.0, 2.0, 3.0, 0.0, 0.0, -1.0, 2.0, -1.0, 2.0, 2.0, 2.0, 2.0, -1.0, 1.0, 1.0, 3.0, 2.0, -1.0, 0.0, 0.0, 2.0, 0.0, 0.0, -1.0, 2.0, -1.0, 3.0, 1.0, -1.0, 3.0, -1.0, 1.0, 1.0, 1.0, 2.0, 1e+32
1.0, 3.0, 0.0, 1.0, 2.0, 0.0, 0.0, -1.0, -1.0, 1.0, 2.0, -1.0, 3.0, 3.0, -1.0, -1.0, 1.0, 0.0, 2.0, 1.0, 2.0, 0.0, 1.0, -1.0, 0.0, 3.0, 2.0, 2.0, 0.0, 0.0, 2.0, 1.0, 0.0, 3.0, 3.0, 2.0, 1.0, 1.0, 3.0, 2.0, 2.0, 3.0, 0.0, 1.0, 0.0, 1.0, 3.0, 1.0, 1.0, 3.0, 1e+32
3.0, -1.0, 1.0, 1.0, 1.0, 3.0, -1.0, 2.0, 0.0, 2.0, 2.0, 2.0, 0.0, 1.0, 0.0, 2.0, 2.0, 3.0, 2.0, -1.0, 1.0, 0.0, 3.0, 1.0, 0.0, 0.0, 3.0, 2.0, 2.0, 1.0, -1.0, 2.0, -1.0, 1.0, 0.0, 2.0, 1.0, 0.0, 3.0, 0.0, -1.0, 0.0, 1.0, 0.0, -1.0, 1.0, 2.0, 1.0, 0.0, 2.0, 1e+32
3.0, 2.0, -1.0, -1.0, 1.0, 0.0, 1.0, 0.0, 0.0, 1.0, 2.0, -1.0, 0.0, 2.0, -1.0, 1.0, 0.0, 1.0, 0.0, 3.0, -1.0, -1.0, 3.0, 0.0, 2.0, 1.0, 3.0, 1.0, -1.0, 0.0, 0.0, 1.0, 1.0, -1.0, 2.0, 3.0, 3.0, -1.0, 2.0, 0.0, -1.0, 3.0, 0.0, 0.0, -1.0, 0.0, 1.0, 2.0, 1.0, 0.0, 1e+32
2.0, -1.0, 1.0, 1.0, 3.0, -1.0, 3.0, -1.0, 2.0, 1.0, 2.0, 3.0, 3.0, -1.0, 3.0, 3.0, 2.0, 1.0, 3.0, 2.0, 3.0, 2.0, 2.0, 0.0, -1.0, 0.0, 0.0, -1.0, 2.0, 2.0, 1.0, 1.0, 3.0, 0.0, 1.0, 3.0, -1.0, 3.0, 2.0, 0.0, 0.0, 2.0, 2.0, 0.0, 3.0, 2.0, 1.0, 1.0, 2.0, 3.0, 1e+32
-1.0, 0.0, 1.0, -1.0, 0.0, 1.0, 1.0, -1.0, -1.0, -1.0, 0.0, 1.0, 2.0, 3.0, 2.0, 2.0, 0.0, -1.0, 2.0, 0.0, 2.0, 0.0, 2.0, -1.0, 2.0, 2.0, 2.0, 2.0, 3.0, 0.0, 0.0, 1.0, 3.0, 1.0, -1.0, 1.0, 2.0, 0.0, 1.0, 3.0, 1.0, 0.0, 3.0, -1.0, 0.0, -1.0, 2.0, 2.0, 0.0, 2.0, 1e+32
1.0, 2.0, 1.0, 3.0, 0.0, -1.0, -1.0, 0.0, 0.0, 0.0, 2.0, -1.0, 3.0, 2.0, 1.0, 2.0, 2.0, -1.0, 0.0, 2.0, 2.0, 0.0, 3.0, -1.0, 2.0, 2.0, 2.0, 0.0, 3.0, 2.0, -1.0, -1.0, -1.0, 3.0, 0.0, 2.0, 3.0, 0.0, 1.0, 1.0, 3.0, 2.0, 2.0, -1.0, 0.0, 3.0, 1.0, 1.0, 3.0, 0.0, 1e+32
2.0, 0.0, 1.0, 1.0, 3.0, 2.0, 0.0, 1.0, 2.0, -1.0, 0.0, 2.0, 2.0, 3.0, 0.0, 3.0, 1.0, 3.0, 2.0, 1.0, 3.0, 2.0, 0.0, 1.0, 0.0, 3.0, 0.0, 1.0, 0.0, 1.0, 2.0, 1.0, 2.0, 1.0, 2.0, 0.0, 2.0, -1.0, 2.0, 0.0, -1.0, 1.0, 2.0, 0.0, 1.0, -1.0, 0.0, 1.0, 1.0, 0.0, 1e+32
1.0, -1.0, 1.0, 0.0, -1.0, -1.0, 0.0, 1.0, 3.0, -1.0, 1.0, 3.0, 2.0, 0.0, 0.0, 1.0, 1.0, 0.0, 0.0, 1.0, -1.0, -1.0, 3.0, 2.0, 2.0, 0.0, 0.0, 1.0, 0.0, -1.0, 2.0, 2.0, 0.0, 2.0, 0.0, 3.0, 2.0, -1.0, -1.0, 1.0, 1.0, 1.0, 1.0, 1.0, 0.0, 3.0, 2.0, 3.0, 0.0, 1.0, 1e+32
2.0, 2.0, -1.0, 0.0, 3.0, 2.0, 2.0, -1.0, 1.0, 3.0, 0.0, 0.0, 2.0, 3.0, 2.0, 3.0, 1.0, 1.0, 2.0, 0.0, 3.0, 2.0, 2.0, 2.0, 0.0, 3.0, 3.0, 1.0, -1.0, 1.0, 1.0, 1.0, -1.0, 1.0, 0.0, 0.0, 0.0, 2.0, 0.0, -1.0, 3.0, 2.0, 3.0, 0.0, 1.0, 0.0, -1.0, 3.0, 0.0, 0.0, 1e+32
0.0, 1.0, 2.0, 1.0, -1.0, 1.0, 0.0, 3.0, 2.0, 0.0, 1.0, 0.0, 1.0, 0.0, 2.0, -1.0, 1.0, 0.0, 0.0, 2.0, 2.0, -1.0, 2.0, 2.0, 2.0, 1.0, 1.0, 2.0, -1.0, 3.0, 0.0, 2.0, 2.0, 1.0, 0.0, 0.0, 2.0, -1.0, 1.0, 0.0, 1.0, 0.0, 1.0, 1.0, 1.0, 0.0, 3.0, 3.0, 2.0, 3.0, 1e+32
1.0, -1.0, 0.0, 2.0, 0.0, 3.0, 2.0, 3.0, 1.0, -1.0, -1.0, 3.0, 0.0, 2.0, 1.0, 2.82890628986, 2.0, 0.0, -1.0, 2.0, 2.0, 3.0, 0.0, 2.0, -0.393534202875, 0.0, -1.0, 0.0, 0.0, 0.0, 0.0, 1.0, 3.0, 1.0, 0.0845968383869, 0.0, -1.0, 2.03873261342, 2.0, 2.0, 0.0, 1.0, 1.0, -1.0, 3.0, 3.0, -1.0, 0.0737720863031, 0.456747249798, 2.0, 1e+32
2.0, 0.0, 1.0, 2.0, 1.0, -1.0, 1.0, -1.0, 3.0, 0.0, 3.0, 0.0, 0.0, 2.0, -1.0, 0.0, 3.0, 1.0, 2.0, 0.0, 2.0, 3.0, 0.0, -1.0, 2.0, 0.0, 3.0, 0.0, 1.0, 0.0, 2.0, 3.0, -0.733573638678, 2.0, 2.0, 0.0, 2.0, 0.0, 1.0, -1.0, 3.0, 1.0, 1.0, 0.635411253796, 0.386439602283, 1.0, 0.0, 3.0, 2.0, 2.0, 1e+32
0.0, 3.0, 2.0, 2.40860020602, 1.0, 1.0, 2.0, 2.0, 0.0, 0.0, -1.0, 2.0, -1.0, 1.0, 1.0, 0.0, 3.0, 3.0, 2.0, 0.0, 0.0, 0.0, 0.0, 3.0, 1.0, 2.0, 0.0, 1.0, 1.0, 2.0, 2.0, 0.0, 2.0, 0.0, -1.0, 3.0, 3.0, 2.0, 2.0, 2.0, 0.0, 3.0, 1.0, 2.0, 3.0, 1.0, -1.0, 0.0, 1.0, 0.0, 1e+32
0.788680674098, 1.0, 1.0, 0.0, 1.0, 3.0, 2.0, 0.0, 0.0, 3.0, 2.0, -1.0, 0.0, -0.493104174154, 1.0, 0.0, 2.0, -1.0, 3.0, -1.0, 3.0, 0.0, 1.0, 1.0, 1.0, 2.0, 1.0, 0.0, -1.0, 0.0, -1.0, 0.0, -1.0, 0.0, -1.0, 3.0, 0.0, -0.151103398328, -1.0, 2.0, 0.0, -1.0, 2.0, -1.0, 2.0, -1.0, 2.0, 2.0, -1.0, 3.0, 1e+32
0.0, 2.0, 0.0, -1.0, 2.0, 1.0, 2.0, 3.0, 2.93400071897, 0.0, -1.0, 0.0, 2.0, 0.357134391784, 1.0, 1.0, -1.0, 1.0, 1.0, 2.0, 3.0, 0.0, 3.0, 2.0, 3.0, 0.0, -1.0, 1.0, 2.0, 1.0, 1.0, 1.0, 1.0, 0.0, 0.0, -1.0, 1.0, 0.134162290198, 0.0, 1.0, 2.33389343576, 2.0, -1.0, 0.0, 0.0, 1.0, 0.0, 2.0, 2.0, -1.0, 1e+32
0.0, 2.0, 2.0, 3.0, -1.0, -1.0, -1.0, 2.0, 0.0, -1.0, -1.0, 1.0, 0.0, -1.0, 1.0, 1.0, 2.0, 1.0, 0.0, 2.0, 2.0, 2.41775580694, 3.0, 2.0, 1.0, 1.0, 1.0, -1.0, 0.0, 1.0, 2.0, 2.0, 0.0, 3.0, 1.0, -1.0, 1.0, 0.179098059736, 3.0, -1.0, 2.0, 2.50938776003, 3.0, 3.0, 1.0, 0.720567981899, 1.0, -1.0, 2.0, 1.0, 1e+32
-1.0, -1.0, 0.0, 2.0, 1.0, 1.0, 1.0, 1.01153228725, 3.0, 0.0, 2.0, 2.0, -1.0, 3.0, 0.0, 2.0, 2.0, 0.0, 2.0, 2.0, 1.0, -1.0, 0.0, 0.0, 2.0, 2.0, -0.405866502865, 0.0, 3.0, 2.0, 2.0, 0.0, -1.0, 1.0, 0.0, 1.0, 2.0, 1.0, 1.0, 1.0, 1.0, 1.0, 3.0, 1.83101144166, 0.0, 2.0, 3.0, 0.840969887341, 2.0, -1.0, 1e+32
2.89006835014, 2.7732944446, 1.0, 3.0, 1.0, 3.0, 1.92295830306, 0.0, -1.0, 1.84539287688, 0.0, -1.0, 2.0, 0.0, 2.0, -0.697907626011, 0.0, 0.0, 2.0, -1.0, 1.0, 2.0, 2.0, 3.0, -1.0, 0.0, 1.0, 3.0, 2.0, 2.0, 0.0, -1.0, -1.0, 2.0, 0.455603379379, 0.0, 2.0, 3.0, 3.0, 1.0, 0.0, 1.51612881543, 2.0, 2.0, 0.0, -1.0, 2.1408998842, 0.0, 1.0, 0.379116013452, 1e+32
0.979507319032, -1.0, 2.0, 1.0, -1.0, 1.17204984189, 0.0, 0.0, -1.0, 2.0, 1.0, 2.0, 2.0, 0.0, 1.0, -1.0, 2.0, 0.0, 1.0, 2.54252154364, 0.802413729124, 1.0, 1.0, 1.0, 3.0, 2.0, 2.0, 0.0, 1.34586170491, 0.0, 1.75343611098, 0.0, -1.0, 0.0, 0.0, 3.0, -1.0, 1.0, 2.0, 0.0, 2.0, 0.0, 0.0, 2.0, -1.0, 0.0, 1.0, 2.0, 2.0, 1.0, 1e+32
2.0, 1.0, 2.0, 1.0, 1.0, 3.0, 3.0, 2.0, 0.0, 2.0, 3.0, 0.0, 1.0, 1.0, 1.0, -1.0, -1.0, 1.0, 2.0, 0.0, 2.0, 1.0, 3.0, 2.0, 0.0, 0.0, -1.0, -1.0, 1.0, -1.0, 0.0, -1.0, 1.67317165391, 2.0, 0.0, 3.0, 2.0, 2.0, 0.0, 1.0, 2.95686280611, 0.0, -0.416354507586, 2.0, 2.0, 1.0, -0.0873613958303, 1.0, -1.0, 2.0, 1e+32
1.0, 3.0, 2.0, 2.0, 2.0, 2.0, 3.0, -1.0, -1.0, 1.0, -1.0, 0.0, -1.0, 0.754409501759, 3.0, 1.0, 1.0, 2.0, 1.0, 2.0, -1.0, 2.0, 1.0, -1.0, -1.0, 0.0, 2.54484211099, 2.0, 1.55445226063, 1.0, 0.0, 2.0, 0.0, 0.763646590475, -0.550818161124, -1.0, 1.0, 3.0, 1.0, 1.0, 1.0, 1.0, 0.0, 2.0, 2.0, 2.79068265617, 2.0, 1.0, -1.0, 1.0, 1e+32
1.0, 1.48541419401, 2.0, 2.0, 2.0, 0.0, 0.0, 1.0, 0.0, 2.0, 0.22658422051, -1.0, 0.0, 1.0, 2.0, 0.0, 1.0, -1.0, 0.0, 0.0, -1.0, 0.0, 3.0, 3.0, -1.0, 3.0, 0.0, 3.0, 1.0, 1.0, 1.12271676647, 0.0, 1.0, 3.0, 2.0, -1.0, -1.0, 3.0, 3.0, 0.0, 0.0, -1.0, 2.0, 0.0, -1.0, 2.0, 1.0, 0.0, -0.504951327494, 2.70460499428, 1e+32
-1.0, 3.0, -1.0, 2.0, 0.0, 1.0, 0.0, 2.0, 1.0, 1.0, 3.0, 3.0, 1.7501430821, 1.0, 3.0, 2.29231621225, 0.0, 0.0, 2.0, 2.0, 0.0, 2.0, -1.0, 0.0, 2.0, 3.0, 1.0, 0.660661946584, 2.0, -1.0, 2.46887837996, 3.0, 0.0, 1.0, 3.0, 1.0, 1.0, 0.0, 0.767638501619, 1.0, 2.0, 1.0, 0.0, 3.0, -0.0634074076019, 0.0, -1.0, 2.0, 2.0, 2.0, 1e+32
0.0, 1.0, 0.0, 0.0, 3.0, 0.0, 0.0, 0.0, 2.0, 2.0, 1.0, 3.0, 2.0, 2.0, 3.0, 0.0, 0.0, -1.0, -1.0, -1.0, 1.0, 2.0, 1.0, 0.0, -1.0, 1.0, 0.0, -1.0, 3.0, 3.0, 1.0, 2.0, 2.0, 0.0, 0.0, 2.0, -1.0, 0.0, -0.789555424153, 1.0, 1.0, 2.0, 1.0, -1.0, 2.0, 0.0, 1.0, 3.0, 3.0, 2.0, 1e+32
2.0, -1.0, 2.0, 0.0, 2.0, 2.0, 1.38138513187, 2.0, 1.0, -1.0, 1.0, 2.0, 1.0, -1.0, 0.0, 2.0, 1.0, 0.0, 1.0, 1.0, -1.0, 3.0, 0.820721321092, 0.0, 1.0, -1.0, 0.0, 2.0, 3.0, -1.0, 1.0, 1.0, 2.0, -0.966069492883, 2.05591622611, -0.0337174013114, 0.0, 1.0, 2.0, 0.0, -1.0, 1.0, 1.0, -0.253531860489, -1.0, 2.0, 1.0, 0.0, 2.0, 0.647913766947, 1e+32
2.0, 2.95367081535, -1.0, 2.0, 0.856311032317, 1.0, -1.0, 0.28208246957, 2.61574380727, 0.0, 2.0, 2.3917462073, -1.0, 0.0, 3.0, 3.0, 0.0, 3.0, 2.0, 3.0, -1.0, 0.0, 1.60431430785, 3.0, 3.0, 0.0, 2.0, 0.0, 1.0, 2.0, -1.0, 1.0, 0.0, 1.0, 0.0, -1.0, 1.0, 2.0, -1.0, 0.0, -1.0, 2.0, 2.0, 2.0, 0.0, 0.994154878769, 1.13944379776, 2.0, -1.0, 2.0, 1e+32
0.0, 1.0, 2.0, 0.0, 1.0, -1.0, 3.0, 0.0, 1.0, 2.0, -1.0, 1.0, 1.0, 3.0, 2.0, 2.0, -0.0926759114153, -1.0, 1.62797465325, 0.0, 2.0, 2.0, 2.0, 3.0, 3.0, 0.0, 2.0, 1.0, 2.0, 1.0, 0.0, 1.0, 2.0, 3.0, 1.0, -1.0, 1.0, 0.0, 3.0, -1.0, 0.0, 1.0, 0.0, -1.0, 2.0169080821, 2.0, 3.0, 2.0, 0.0, 3.0, 1e+32
2.0, 1.0, 0.0, 2.0, 0.0, 2.67934491016, 3.0, 1.0, 3.0, -1.0, -1.0, 1.0, 2.0, -0.0573745921006, 2.0, 2.0, 0.0, 0.0, 1.0, 2.0, 0.0, 1.0, 1.38110542843, 2.0, 1.0, 0.0, 0.0, -1.0, 3.0, 3.0, -1.0, 2.0, 0.0, 0.0, -1.0, 3.0, 3.0, 0.0, 1.0, 2.0, 0.0, 1.0, 1.0, 1.0, 3.0, 2.0, 0.0, 2.0, 1.0, 1.0, 1e+32
-1.0, 3.0, 1.61709943844, 0.0, 0.0, -1.0, 2.0, 3.0, -1.0, 1.0, 0.0, 0.0, 1.0, -1.0, 2.0, 1.28699931636, 1.0, 0.0, 0.0, 1.0, -1.0, -1.0, 2.0, 3.0, 2.0, 1.0, 1.0, 0.5157372316, 0.0, 3.0, 2.0, -1.0, -1.0, 1.0, -0.158244357748, 0.0, 1.29697630722, 2.0, 0.72532827432, 1.0, 1.0, 2.0, 2.0, 3.0, 0.0, 2.93620161005, 1.0, -1.0, 0.0, 0.0946923200331, 1e+32
0.0, -1.0, 2.0, 2.0, -1.0, -1.0, 0.0, 2.0, 1.71991483273, 0.722790877142, 2.0, 1.0, 1.45783287641, 2.0, -1.0, 0.0, 1.0, 1.0, 0.0, 2.80013381267, -1.0, 1.57133236198, 2.08481540646, 2.67761451367, -1.0, -1.0, 1.0, -1.0, 1.0, 0.0, 2.0, 0.0, 2.98672638337, 2.0, 0.0, 2.0, 1.0, 1.0, 0.0, 2.0, 0.0, 3.0, 3.0, 1.0, 2.0, 0.0, 2.0, 2.2208356163, 1.0, -1.0, 1e+32
0.0, 1.0, 2.0, 3.0, -1.0, 1.0, 2.0, 3.0, 2.0, 0.0, 1.0, 1.0, 0.0, 1.0, 1.0, 1.0, 2.0, 3.0, -0.825176030737, 0.0, -1.0, 2.0, -1.0, 2.0, 2.0, 2.0, 2.0, -1.0, 1.0, 1.0, 3.0, 2.0, -1.0, 0.0, 0.0, 2.0, 0.0, 0.0, -1.0, 2.0, -1.0, 3.0, 1.0, -1.0, 3.0, -1.0, 1.0, 1.0, 1.0, 2.0, 1e+32
2.0, 3.0, -1.0, 0.0, -1.0, 3.0, 1.25649079014, 0.0, 0.0, 1.0, 1.0, 3.0, 0.0, 1.0, -1.0, 0.0, 2.0, -1.0, 1.0, -1.0, -0.382893555997, 2.0, 0.0, -1.0, 1.0, 0.0, 2.0, 3.0, 2.89434345899, 0.0, -0.257650501509, 0.10058028862, 2.0, 2.0, 1.0, 1.37771158024, 3.0, 2.0, 1.0, 1.0, 0.0, 0.0, 2.0, 0.0, 0.0, 2.0, 2.0, -0.750182959911, 1.0, -1.0, 1e+32
2.0, -1.0, 1.0, 3.0, 1.42037507704, -1.0, 3.0, -1.0, 2.0, 1.0, 2.0, 3.0, 3.0, -1.0, 3.0, -0.0774462628788, 2.0, 1.0, 3.0, 2.0, 3.0, 2.0, 2.0, 0.0, -1.0, 0.0, 0.0, -1.0, 2.0, 2.52994609339, 1.0, 1.0, 3.0, 0.0, 1.0, 3.0, -1.0, 3.0, 2.0, 0.0, 0.0, 2.0, 2.0, 0.0, 1.64683330143, 2.0, 1.0, 1.0, 2.0, 3.0, 1e+32
-1.0, 0.0, 1.0, -1.0, 0.0, 1.0, 1.0, -1.0, -1.0, -1.0, -0.908462391103, 1.0, 2.0, 3.0, 2.0, 2.0, 0.0, -1.0, 2.0, 0.0, 2.0, 0.0, 2.0, 0.841511958309, 2.0, 2.0, 2.16027135374, 2.0, 2.0, -0.0194482354752, 0.0, 1.0, 3.0, 1.0, -1.0, 1.0, 2.0, 0.0, 1.0, 3.0, 1.0, 0.0, 3.0, -1.0, 0.0, -1.0, 2.0, 2.0, 0.0, 2.0, 1e+32
1.0, 2.0, -1.0, 1.0, 2.0, 2.0, 1.0, 2.0, 0.19743604393, 1.0, 2.0, 0.0, -0.528891468149, 3.0, 2.0, 0.0, 1.0, 0.0, 0.0, 1.0, 2.35125275244, -1.0, 0.0, 1.38218057237, 3.0, 0.0, 1.77323894978, 0.0, 2.0, 0.0, 3.0, 1.0, 2.0, 2.0, 3.0, 1.0, 3.0, -1.0, 0.0, 0.0, 3.0, -1.0, 3.0, 0.0, 2.0, 1.0, 2.25755755187, 1.0, 0.480654024107, -1.0, 1e+32
1.0, 2.0, 1.0, 3.0, 0.0, -1.0, -1.0, 0.0, 2.0, 0.0, 2.0, -1.0, 3.0, 2.0, 1.0, 2.0, 2.0, -1.0, -0.414436293534, 2.0, 2.0, 0.0, 3.0, -1.0, 2.0, 2.0, 2.53486695561, 0.0, 3.0, 2.0, -1.0, -1.0, -1.0, 3.0, 0.0, 2.0, 3.0, 0.0, 1.0, 2.70877983359, 3.0, 2.0, 2.0, -1.0, 0.0, 3.0, 1.0, 1.0, 3.0, 0.0, 1e+32
2.0, 1.54898578747, 1.0, 1.0, 3.0, 2.0, 0.0, 1.0, 2.84741689393, -1.0, -0.831152867328, 1.50809897353, 2.0, 3.0, 0.0, 3.0, 1.0, 3.0, 2.0, 1.0, 3.0, 2.0, 0.0, 1.0, 0.0, 3.0, -0.617835049174, 1.0, -0.150679119447, 1.0, 2.0, 1.0, 2.0, 1.0, 2.0, 0.0, 2.0, -1.0, 2.0, 0.0, -1.0, 1.0, 2.0, 0.0, 1.0, -1.0, -0.374695598059, 1.0, 1.0, 0.0, 1e+32
1.0, -1.0, 1.0, 0.0, -1.0, -1.0, 0.0, 1.0, 3.0, -1.0, 1.0, 3.0, 2.0, 0.0, 0.0, 1.0, 1.0, 0.0, 0.0, 1.0, -1.0, -1.0, 3.0, 2.0, 2.0, -0.0272862385264, 1.32815837607, 0.286129537979, 0.0, -1.0, 2.0, 2.0, 0.376783915067, 2.0, -0.170330975691, 3.0, 2.0, -0.760373635093, -1.0, 1.0, 1.0, 1.0, 1.0, 1.0, -0.928793325803, 3.0, 2.0, 3.0, 0.0, 1.0, 1e+32
2.0, 2.0, -1.0, 0.0, 3.0, 2.0, 2.0, -1.0, -0.630096145039, 3.0, 0.0, 0.0, 2.0, 3.0, 2.0, 3.0, 1.0, 0.528311344459, 2.0, 0.0, 3.0, 1.87284346299, 2.0, 1.51409401746, -0.873321736111, 3.0, 3.0, 1.0, -1.0, -0.707474907545, 1.0, 1.0, -1.0, 1.0, 0.0, 0.0, 0.0, 2.0, 0.0, -1.0, 3.0, 1.66543047704, 2.30460958311, 0.0, 1.0, 0.0, -0.546105878965, 3.0, 0.0, 2.49477056883, 1e+32
0.720518661627, 1.0, 2.0, 2.0, 1.0, 1.0, 3.0, 3.0, -1.0, 2.0, 3.0, -0.179037529099, 3.0, 0.0, -0.015096044642, 2.0, 0.0, 0.0, 0.0, -1.0, -1.0, 2.0, 3.0, 3.0, 1.0, 0.0, 0.0, 2.0, 0.0, -1.0, 2.0, 2.0, 0.0, 0.0, -1.0, 2.0, 1.0, 1.0, 0.0, 3.0, 1.0, 1.0, 2.0, 2.0, 1.0, -0.920977449952, 0.0, 1.0, 0.0, 0.0, 1e+32
3.0, -1.0, 2.0, 1.0, 1.0, 0.0, 1.0, -1.0, 3.0, 0.0, 1.59725603735, 2.0, 0.0, 1.0, 2.0, 1.0, 3.0, 2.0, -1.0, 0.0, -1.0, -1.0, 2.0, 1.0, 2.0, 1.0, 0.0, 3.0, -0.325219526165, 3.0, 0.0, 1.0, 3.0, -1.0, 2.0, 1.0, 2.0, 2.0, 2.0, 2.0, 0.0, 2.0, -1.0, -1.0, 0.0, 1.0, 1.0, 0.0, 3.0, 2.0, 1e+32
2.0, 0.0, 1.0, 2.0, 1.0, -1.0, 1.69866869628, -1.0, 3.0, 0.0, 3.0, 2.0, 0.0, 2.0, -1.0, 0.0, 3.0, 1.0, 2.0, 0.0, 2.0, 3.0, 0.0, -1.0, 2.0, 0.0, 2.33742770456, 0.0, 1.0, 0.0, 2.0, 3.0, -1.0, 2.0, 2.0, 0.0, 2.0, 0.0, 1.0, -1.0, 3.0, 1.0, 1.0, 0.0, -1.0, 1.0, 0.0, 3.0, 2.0, 2.0, 1e+32
0.0, 2.62943363785, 1.0, 3.0, 2.0, 0.0, 2.0, 0.0, 0.0, 1.0, -1.0, 0.0, -1.0, 0.0, 1.0, 3.0, 0.0, 3.0, 0.0, -1.0, 2.21763145388, -1.0, 2.0, 0.0, -0.240825275229, 3.0, 1.0, -0.0996236016001, 2.0, -1.0, 2.0, 3.0, 2.0, -1.0, 1.0, 3.0, 1.63012057633, 0.0, 0.0, 2.0, 1.0, 3.0, -1.0, -1.0, -1.0, 0.0, 1.0, 3.0, 1.0, 2.0, 1e+32
1.0, 2.0, 0.0, -1.0, -1.0, -1.0, 2.0, 2.0, 0.0, 0.0, 2.0, 2.0, 1.0, -1.0, 0.0, -1.0, 2.0, -0.0733496149476, 0.0, 1.0, 2.0, 1.0, 0.0, 0.0, 1.0, 3.0, 1.0, 1.0, 2.0, 0.0, 2.0, 0.0, 2.0, -1.0, 1.3321832643, 0.0, 3.0, 1.0, 2.0, 1.0, 3.0, 1.0, 2.0, 0.0, 3.0, 0.0, 2.0, 3.0, 0.0, -1.0, 1e+32
1.0, 0.0, -1.0, -1.0, 1.0, 3.0, 3.0, 2.0, 1.7124240737, 2.0, 1.0, 2.0, 1.0, 0.0, 1.0, 2.0, 1.0, 3.0, 2.0, 2.0, 0.0, 1.0, 3.0, 2.0, 3.0, 0.473215385122, 3.0, 1.0, 1.82957550797, -1.0, -1.0, 0.0, 2.0, 0.0, 2.0, 0.0, 2.0, 2.0, 1.0, 0.0, -1.0, 1.0, 2.77703023629, 0.0, -1.0, -1.0, 0.0, 2.23699646515, 3.0, 1.0, 1e+32
-1.0, -1.0, 0.0, 2.0, 1.0, 1.0, 1.0, -1.0, 3.0, 0.0, 2.0, 2.0, -1.0, 3.0, 2.35496791921, 2.0, 2.0, 0.0, 2.0, 2.0, -0.207148981388, -1.0, 0.0, 0.0, 2.0, 2.0, 0.0, 0.0, 3.0, 2.0, 2.0, 0.0, -1.0, 1.0, 0.0, 1.0, 2.0, 1.0, 2.47180510704, 2.23885043763, 1.0, 1.0, 3.0, 1.0, 0.0, 2.0, 3.0, 1.0, 2.0, -1.0, 1e+32
0.0, -1.0, 2.0, 1.0, -1.0, 3.0, 0.0, 0.0, -1.0, 2.0, 1.0, 2.0, 2.23076783499, 0.0, 1.0, -1.0, 2.0, 0.0, 1.0, 1.51984642731, 3.0, 2.0, 1.0, 1.0, 3.0, 0.85672331283, 2.0, 0.0, 1.0, 0.0, 2.0, 0.0, -1.0, 0.0, 0.0, 3.0, -1.0, 2.22317990961, 2.0, 0.0, -0.995423373126, 0.0, 0.0, 2.0, -1.0, -0.742172492996, 1.0, 2.0, 2.0, 1.0, 1e+32
1.0, 3.0, 2.0, 2.0, 2.0, 0.0, 0.0, 1.0, 0.0, 2.0, 2.24650119458, -1.0, 0.420603690208, 1.0, 2.0, 0.0, 1.0, -0.222613301772, 0.0, 0.0, -1.0, 0.0, 3.0, 3.0, -1.0, 3.0, 0.0, 3.0, 1.0, 1.0, 1.29992167418, 0.0, 1.0, 2.79198769123, 1.1430354774, -1.0, -1.0, 3.0, 3.0, 0.0, 0.0, -1.0, 2.0, 0.0, -1.0, 2.0, 1.0, 0.0, 0.0160294400926, 2.0, 1e+32
-0.0692137344611, 1.0, 2.0, 0.0, 2.0, 2.0, 0.0, 2.0, 0.505408282415, -1.0, 1.0, 2.0, 1.0, 0.898773087745, 0.0, 2.0, 1.0, 0.0, 1.0, 1.0, -1.0, 3.0, 3.0, 0.0, 1.0, -1.0, 0.0, 2.0, 3.0, -1.0, 1.0, 1.0, 2.0, 0.0, 2.0, -0.279458815883, 0.0, 0.0, 2.0, 0.0, -1.0, 1.0, 1.0, 0.0, -1.0, 2.0, 1.0, 0.0, 2.0, 3.0, 1e+32
0.0, -1.0, 2.0, 1.67236903439, -1.0, -0.798389804536, 0.0, 2.0, 1.0, 0.0, 2.0, 1.0, 2.0, 2.0, -1.0, 0.0, 1.0, 1.0, 0.0, 2.0, -1.0, 1.0, 2.0, 0.0, -1.0, -1.0, 1.0, -1.0, 1.0, 0.0, 2.0, 0.0, 1.0, 2.0, 0.0, 2.0, 1.0, 1.0, 0.0, 2.0, 0.0, 3.0, 3.0, 3.0, 2.07433950145, 0.0, 2.0, 0.0, 1.0, 1.04709001425, 1e+32
0.0, 1.0, 2.0, 1.0, 1.24972299094, 1.0, -1.0, 1.0, 2.0, -0.705887333326, 2.0, 2.0, 1.0, 0.0, 3.0, 0.0, 1.0, 0.0, 2.0, -0.455361626094, 0.0, 0.0, 0.0, -1.0, -1.0, 2.0, 2.0, 2.0, 2.0, 3.0, 2.0, 0.0, 1.0, -1.0, -1.0, -1.0, 2.0, -1.0, 1.0, -1.0, -1.0, 0.0, 1.0, 1.0, 0.0, -1.0, 2.0, 1.0, 2.0, 1.0, 1e+32
0.0, 1.0, 2.0, 3.0, -1.0, 1.0, 2.0, 3.0, 2.0, -0.219721904335, 1.0, 1.0, 0.0, 1.0, 1.0, 1.0, 2.0, 3.0, 0.0, 0.0, -1.0, 2.0, -1.0, 2.0, 2.0, 2.0, 2.0, -1.0, 1.0, 1.0, 3.0, 2.0, -1.0, 0.0, 0.0, 2.0, 0.0, -0.38450467389, -1.0, 2.0, -1.0, 3.0, 1.0, 1.04827630188, 3.0, -0.310273324978, 1.0, 1.0, 1.0, 2.0, 1e+32
2.0, -1.0, 1.0, 1.0, 3.0, -1.0, 3.0, -1.0, 2.0, 1.0, 2.0, 3.0, 3.0, -1.0, 3.0, 3.0, 2.0, 1.0, 3.0, 2.0, 3.0, 1.11048769721, 2.0, 0.0, -1.0, 0.0, 1.67386729802, -1.0, 2.0, 2.0, 1.0, 1.0, 3.0, 0.0, 1.0, 3.0, -1.0, 3.0, 2.11822150076, 0.0, 0.0, 2.0, 2.0, 0.0, 3.0, 2.0, 1.0, 1.0, 2.0, 0.596731598225, 1e+32
-1.0, 0.0, 0.509403007417, -1.0, 0.0, 0.909250999654, 1.0, 1.54377493917, -1.0, -1.0, 0.0, 1.0, 2.0, 3.0, 2.0, 2.0, 0.0, -1.0, 2.0, 0.0, 2.0, 0.0, 2.0, -1.0, 2.0, 2.0, 2.37466421827, 2.0, -0.505343033245, 0.0, 0.0, 1.0, 3.0, 1.0, -1.0, 1.0, 2.0, 0.0, 1.0, 3.0, 1.0, 0.0, 3.0, -1.0, 0.0, -1.0, 2.2685609353, 2.0, 0.0, 2.41119672303, 1e+32
1.0, 2.0, 1.0, 3.0, 0.0, -1.0, -1.0, 0.0, 0.0, 0.0, 2.0, -1.0, 3.0, 2.0, 2.48971674287, 2.0, 2.0, -1.0, 0.0, 2.0, 2.57906052875, 0.0, 3.0, -1.0, 2.0, 2.0, 2.0, 0.0, 3.0, 2.0, -1.0, -1.0, -1.0, 3.0, 0.0, 2.0, 3.0, 0.0, 1.0, 1.0, 3.0, 2.85483362694, 2.0, -1.0, 0.0, 3.0, -0.235300726408, 1.0, 3.0, 0.0, 1e+32
2.0, 0.0, 1.0, 1.0, 3.0, 2.0, 0.0, 1.0, 2.0, -1.0, 0.0, -0.368619298685, 2.0, 3.0, 0.0, 3.0, 1.0, 3.0, 2.0, 1.0, 3.0, 2.0, 0.0, 1.0, 2.36165237215, 3.0, 2.7007782475, 1.0, 0.0, 1.0, 2.0, 1.0, 1.82522772943, 1.0, 2.0, 0.0, 2.0, -1.0, 2.0, 0.0, -1.0, 1.0, 2.0, 0.0, 1.0, -1.0, 0.0, 1.0, 1.0, 0.0, 1e+32
1.0, -1.0, 1.0, 0.0, -1.0, -1.0, 0.0, 1.0, 3.0, -1.0, 1.0, 3.0, 2.0, 0.0, 0.0, 1.0, 1.0, 0.0, 0.0, 1.0, -1.0, -1.0, 3.0, 2.0, 2.0, 0.0, 0.0, 1.0, 0.0, -0.253617085126, 2.0, 2.0, 0.0, 2.0, 0.0, 0.0, 2.0, -1.0, -1.0, 1.0, 1.0, 1.0, 1.0, 1.0, 0.0, 3.0, -1.0, 3.0, 0.0, 1.0, 1e+32
2.0, 2.0, -1.0, -0.357422029828, 3.0, 2.0, 2.0, -1.0, 1.0, 3.0, 0.0, 0.0, 2.0, 3.0, 2.0, 3.0, 1.0, 1.0, 2.0, 0.0, 3.0, 2.0, 2.0, 2.0, 0.0, 3.0, 3.0, 1.0, -0.124285537932, 1.0, 1.0, 1.0, -1.0, 1.0, 0.0, 0.667439608284, 0.0, 2.0, 0.0, -1.0, 3.0, 0.236386996504, 3.0, 0.0, 1.0, 0.0, 0.645445738243, 3.0, 0.0, 0.0, 1e+32
0.0, -1.0, 2.90225461638, 1.53888055761, 0.0, 1.0, 0.0, 3.0, 2.65412348164, 0.0859159456857, 1.0, 0.0, -0.0454104858984, 0.0, 2.0, -1.0, 1.0, 0.0, 0.0, 2.0, 2.0, -1.0, 1.87010875315, 2.0, 2.0, 1.0, 1.0, 2.0, -1.0, 3.0, 0.0, 2.0, 2.26468861343, 1.0, -0.853694720685, 0.0, 2.0, -1.0, 1.0, 0.0, 1.0, 0.0, 1.0, 1.0, 1.0, 0.0, 3.0, 3.0, 0.456747249798, 3.0, 1e+32
1.0, 1.0, 0.0, 2.0, -1.0, 1.59322829457, 2.0, 3.0, 1.0, -1.0, -1.0, 3.0, 0.0, 2.0, 1.0, 2.82890628986, 2.0, 0.0, -1.0, 2.0, 2.0, 3.0, 0.0, 2.0, -0.393534202875, 0.0, -1.0, 0.0, 0.0, 0.0, 0.0, 1.0, 3.0, 1.0, 0.0845968383869, 0.0, -1.0, 2.03873261342, 2.0, 2.0, 0.0, 1.0, 1.0, -1.0, 3.0, 3.0, -1.0, 0.0737720863031, 2.0, 2.0, 1e+32
2.0, 0.0, 1.0, 0.824511976338, 1.0, -1.0, 1.0, 1.59741501762, 3.0, 0.485068451835, 3.0, 0.0, 0.0, 2.0, -1.0, 0.0, 3.0, 1.0, 2.0, 0.0, 2.0, 1.09175734601, 0.0, -1.0, 2.0, 0.0, 3.0, 0.0, 1.0, 0.0, 2.0, 3.0, -0.733573638678, 2.0, 2.0, 0.0, 2.0, 0.0, 1.0, -1.0, 3.0, 1.0, 1.0, 0.628837874727, 0.386439602283, 1.0, 0.0, 3.0, 2.0, 2.0, 1e+32
0.0, 3.0, 2.0, 2.40860020602, 1.0, 1.0, 2.0, 2.0, 0.0, 2.57091466939, -1.0, 2.0, -1.0, 1.0, 1.0, 0.0, 3.0, 3.0, 2.0, 0.0, 0.0, 0.0, 0.0, 3.0, 1.0, 2.0, -0.503975940846, 1.0, 1.0, 2.0, 2.0, 0.0, 2.0, 0.0, -1.0, 3.0, 3.0, 2.0, 2.0, 2.0, 0.0, 3.0, 1.0, 2.0, 3.0, -0.215534519169, -1.0, 0.0, 1.0, -0.958994555167, 1e+32
0.788680674098, 1.0, 1.0, 0.0, 1.0, 3.0, 2.0, 0.0, 0.0, 3.0, 2.0, -1.0, 0.0, -0.493104174154, 1.0, 0.0, 2.0, -1.0, 3.0, -1.0, 2.79307589881, 0.0, 1.0, 1.0, 1.0, 2.0, 1.0, 0.0, -1.0, 0.0, -1.0, 0.0, -1.0, 0.0, -1.0, -1.0, 0.0, -0.151103398328, -1.0, 2.56775923264, 0.0, -1.0, 0.783097399693, -1.0, 2.0, -1.0, 2.0, 2.0, -1.0, 3.0, 1e+32
0.0, 2.0, 0.0, -1.0, 2.0, 1.36449217127, 2.0, 3.0, 2.93400071897, 0.0, -1.0, 0.0, 2.0, 0.357134391784, 1.0, 1.0, -1.0, 1.0, 1.0, 2.0, 3.0, 0.0, 3.0, 2.0, 3.0, 0.0, -1.0, 1.0, 2.0, 1.0, 0.447593006909, 1.0, 1.0, 0.0, 0.0, 3.0, 1.0, 0.134162290198, 0.0, 1.0, 2.34424877586, 2.0, -1.0, 0.0, 0.0, 1.0, 0.0, 2.0, 2.0, -1.0, 1e+32
