1.7038662918, 1.07779460655, 0.798622767993, 1.20906750203, 4.15506846966, 1.01778981878, 5.83237206011, 1.11565517874, 1.06269205057, 5.8081138467, 7.77931310082, 1.04760572066, 3.64280832494, 1.24595844963, 1.01139346736, 1.26642826602, 1.10494350468, 1.1914017475, 6.8382457693, 0.915008208019, 0.907748906409, 362.020038755, 1.02191014767, 1.51837015935, 1.05506054562, 2.59543363835, 1.0171350638, 143.693082523, 17.0379943284, 176.632186446, 0.0
4.04403988981, 1.15999275425, 1.7112539152, 1.02852223199, 2.14537084654, 0.981302138475, 1.9915340444, 0.8221938738, 0.915186144099, 2.38300684446, 5.61984132621, 0.836739991996, 4.0519666468, 1.28907856116, 0.808539264101, 1.14806987428, 1.12332727555, 1.10015324024, 7.20672946827, 1.08749260267, 0.855155619046, 315.956575402, 1.01651262588, 1.40313315754, 1.15837359604, 3.32469147422, 1.21316941047, 115.324520494, 15.0558698069, 131.614837156, 0.536193029491
4.20715334712, 1.3530126572, 0.80330711359, 1.07547117304, 5.41035288068, 1.15846776625, 2.22070469109, 0.846800096543, 1.08920880211, 4.05602593155, 7.5637602629, 0.825870144532, 3.94438309492, 0.949746082488, 0.803488870776, 1.48398396265, 1.08397631934, 1.00720733473, 8.03606841943, 1.01811352251, 0.96414407576, 257.157861823, 0.899489593112, 5.6105170346, 1.00696924992, 1.5684070709, 1.21652071827, 16.3266176232, 8.58512851174, 36.1754906074, 2.41286863271
5.26507485632, 1.34842994818, 1.71389175091, 1.00677234455, 4.71499169274, 0.799300439683, 5.3064404719, 1.2331379662, 1.08191472651, 4.88634201089, 6.73208510712, 1.14650806621, 3.46427899605, 1.03295990572, 0.930871247937, 1.44541636359, 1.11897004176, 0.987663265752, 3.61784664106, 1.07105140531, 0.996875711599, 298.488405598, 1.15482769424, 4.48970796453, 0.991010559546, 3.11434711845, 1.04485310471, 48.1682940667, 11.6121011438, 170.417401874, 3.21715817694
3.12451120789, 1.12369760566, 1.60828335457, 1.09487359234, 3.01708238423, 0.798427220256, 4.13308260979, 1.03170890993, 1.1150050903, 1.6983988132, 4.42093191155, 1.04134946971, 4.56905004756, 0.95529162996, 0.887052661729, 1.14580198671, 1.02782256382, 1.10792266353, 6.70348256361, 1.07417589111, 0.804255650183, 218.043649468, 1.10159792867, 3.65208293284, 1.22996881236, 4.89197059126, 1.04649260378, 80.431566609, 19.7848411101, 250.044408022, 2.9490616622
4.85331325358, 1.23259799874, 0.736061967127, 0.887910900725, 6.16675233999, 0.97501549825, 5.37393068479, 1.14559040747, 1.13587530215, 4.84831119671, 7.46730100552, 0.923666161835, 1.20316360558, 0.913938980511, 1.00256132753, 1.41970512697, 1.04136655464, 0.840854374506, 7.52144608903, 1.02910431729, 0.887732179195, 85.0141988064, 0.973200570275, 1.30697315728, 1.1782447791, 1.83533494985, 1.1560005937, 100.575374272, 12.6294336775, 712.953112658, 3.21715817694
3.43968877545, 1.00895758112, 1.7022032899, 1.10948475887, 2.8136164872, 0.951358385299, 5.40231548521, 0.973153055745, 1.11802503157, 2.06946111063, 3.23700133804, 1.14953691308, 3.12950258066, 1.17340220671, 0.940969977424, 1.09176562427, 1.04364246433, 0.962574827019, 5.89995928072, 1.04782350007, 0.844765036742, 310.372155064, 0.938634460528, 2.21249703764, 1.16529839803, 4.65505862655, 1.160010325, 128.56849245, 16.0914069369, 347.104562511, 1.87667560322
1.90297315705, 1.10916019313, 0.902172130174, 1.03301225307, 1.46866595811, 1.13047905289, 3.10519214527, 0.88702067523, 1.02483669753, 5.75389903817, 5.98833802284, 1.21080984427, 3.31316194928, 0.835275018787, 1.04077348897, 1.42821177211, 1.14367063239, 1.1025001186, 5.33404599795, 0.947334154402, 0.868095945903, 287.511851512, 0.860605668219, 1.29264045565, 1.07206617453, 2.97084796099, 1.03083540623, 230.603353168, 15.9294836226, 3982.03773339, 1.34048257373
5.37042466398, 1.33992505022, 1.5263049838, 1.17744715046, 3.07346366712, 1.18597163814, 5.31626449891, 0.92858318939, 0.933282551113, 3.35373083029, 3.09788389872, 0.882558677871, 3.91114854109, 1.05748862918, 1.03002236614, 1.05211645789, 1.01048961358, 1.21490346531, 9.7866754102, 1.02712356553, 0.979005225177, 401.651690704, 1.00935464043, 2.04881588529, 1.04018014969, 2.65449197813, 1.02519635346, 578.371451465, 24.9892878491, 4993.88729914, 0.0
4.03194449369, 1.00696856436, 1.06401053577, 0.876528663661, 2.61057558538, 0.96783060315, 4.61153051176, 1.23862077397, 1.07393288139, 4.36310264165, 1.75331062416, 1.15710702653, 3.33586596758, 0.816053772808, 1.04533155832, 1.08659177307, 1.03030790637, 0.85480594303, 8.94150172824, 0.962318940944, 0.894422460872, 398.611484035, 0.884191859443, 1.21270157475, 0.976087510711, 1.31106632995, 1.15196368799, 759.19115786, 36.3936639476, 1501.60444757, 0.268096514745
5.96376413044, 1.09580469538, 1.16738146025, 1.09928043198, 4.99434704256, 0.733122683189, 5.21862296679, 0.957908108156, 1.01821503315, 5.70326891513, 3.83871211563, 0.947322517819, 2.15520883454, 0.956223636573, 0.849269635751, 1.37582340514, 1.13477561305, 0.819770517841, 3.25394048886, 1.0238369644, 0.935909647833, 134.936581334, 1.15275158958, 3.90817452356, 1.13437452395, 4.9616086205, 1.21901841217, 592.715039456, 36.4418115621, 1806.22335419, 0.0
2.34392901412, 1.2054429794, 1.60354856811, 1.21694918596, 3.08581204422, 1.10835293526, 1.05317181416, 1.13516726216, 1.07293723625, 2.87202187679, 2.9012741984, 1.20514174763, 4.83256559919, 0.856133196791, 0.917069319189, 1.47696429865, 1.07213173525, 1.21984787419, 3.73307124067, 0.946570339382, 0.761918998416, 181.544803961, 1.18150252658, 3.20684965363, 1.12982321382, 4.61575559722, 0.989450790799, 434.575103837, 24.2536610996, 2346.37307205, 0.268096514745
2.67774734317, 1.37084462438, 1.24928408213, 1.18165734854, 4.08158750749, 0.926163774563, 3.11214422418, 0.94440732726, 1.09571270389, 2.69329726993, 4.81787211698, 1.12381818942, 4.73547920235, 1.19323830611, 1.0544072478, 1.14962897492, 1.05047640819, 0.968111455028, 8.92339853788, 1.13245875534, 0.967854179826, 364.846281299, 0.97113314131, 4.06520885696, 1.11004700584, 4.65096154289, 1.17102285497, 352.855223679, 14.9734082356, 2095.08648979, 4.55764075067
1.02321077789, 1.00461624037, 1.03809635724, 1.21510494227, 3.94844358125, 0.90667849769, 4.18819011952, 0.98612231801, 0.94519266134, 5.30697085236, 2.50436100531, 1.18032322012, 1.67545219034, 0.896790625084, 1.02732138529, 1.56676320886, 1.0755217759, 1.1600567485, 9.70506896557, 1.13086939757, 0.82973380116, 142.568214365, 1.01777152728, 5.03273458285, 1.02494432686, 1.04924561462, 1.20351706633, 240.585132663, 13.3002380421, 1218.879974, 5.09383378016
2.56036677845, 1.10561544854, 1.41529889596, 1.02899575239, 3.77063793485, 1.11126773004, 3.02528769559, 1.14107469361, 1.02966226578, 3.55520640794, 6.94995172111, 1.18603239323, 4.03862134186, 1.04585862327, 0.784139704531, 1.2071334997, 1.06581956196, 1.05234149493, 8.82098488236, 1.11593928475, 0.933067729547, 160.987937678, 0.957347884466, 4.70601103671, 1.13775894884, 3.97355367343, 0.874726794366, 1131.8584304, 44.0221152569, 2609.01293578, 0.0
1.27023712376, 1.19643346898, 0.803603403334, 1.07341075123, 5.47260663829, 0.941961822774, 5.63052889291, 1.02324014859, 1.1347933442, 4.60909547473, 3.53897468373, 1.05209339863, 2.17775656219, 0.944007774871, 0.933667207481, 1.59315423804, 1.04881430478, 1.12342934148, 3.35015552332, 0.965086422422, 0.912791267247, 34.489533145, 0.870742533224, 1.52965321411, 0.989614640622, 2.29587729666, 1.24060896411, 1291.49838549, 41.4053953266, 3088.23103728, 0.0
5.70472250786, 1.37210542965, 1.64297488158, 1.07601877438, 1.86816590978, 0.823816650838, 3.04385335072, 1.23641459505, 1.04966897234, 4.18890207486, 7.13851874669, 1.09831556096, 2.9937181626, 0.978854466485, 1.08081403403, 1.3207219611, 1.06659064747, 0.888389393141, 5.91703109047, 1.10340584035, 0.828738467832, 300.729751128, 0.865931190067, 5.35227329248, 0.955197892268, 1.30592310915, 1.24350118764, 2914.85114775, 34.074514325, 17048.0128596, 0.0
2.34392901412, 1.2054429794, 1.60354856811, 1.21694918596, 3.08581204422, 1.10835293526, 1.05317181416, 1.13516726216, 1.07293723625, 2.87202187679, 2.9012741984, 1.20514174763, 3.5588837207, 0.856133196791, 0.917069319189, 1.47696429865, 1.07276604003, 1.21984787419, 3.73307124067, 0.94719271131, 0.761918998416, 181.544803961, 1.18150252658, 3.20684965363, 1.12982321382, 4.30827629596, 0.989450790799, 229.953951255, 18.5479737012, 1166.4359899, 0.536193029491
1.00922226235, 1.26498887143, 1.05487467506, 1.08703745897, 5.50707088458, 0.899812187434, 5.37235606483, 0.975745976087, 0.966040885392, 5.8672068718, 5.71565892183, 0.818543214497, 2.79754790675, 1.27952956286, 1.08222105648, 1.362813342, 1.02125607217, 1.17072694249, 9.98079696187, 0.985959193875, 0.900227374609, 271.177656146, 0.852140459632, 3.31624946523, 1.14937705025, 2.65865200652, 1.09755171428, 266.120741162, 20.4149181193, 605.945305343, 0.536193029491
5.92661614913, 1.25625843247, 1.52197681241, 0.839722436203, 5.47164733295, 1.16053817281, 4.37898795945, 1.05898450356, 0.901324344907, 4.86292637683, 5.97604392694, 1.05365625967, 3.40141299902, 0.95327129067, 1.0092562009, 1.62476726855, 1.04991086642, 0.930472127237, 7.10710939844, 1.05666704406, 0.95944067406, 9.00127283103, 1.11735523109, 4.1282460761, 1.03331767519, 1.63131179139, 1.02923137303, 167.699872243, 17.5996755114, 264.761215068, 1.34048257373
4.17198158219, 1.00895758112, 1.7022032899, 1.10948475887, 2.8136164872, 0.951358385299, 5.40231548521, 0.973153055745, 1.11802503157, 2.06946111063, 3.23700133804, 1.14953691308, 3.12950258066, 1.17340220671, 0.940969977424, 1.09176562427, 1.04364246433, 0.962574827019, 5.89995928072, 1.04782350007, 0.844765036742, 310.372155064, 0.938634460528, 2.21249703764, 1.16529839803, 5.18973007356, 1.160010325, 168.910358503, 24.560814842, 560.029929978, 0.536193029491
5.75992034482, 1.02968798147, 1.32528436249, 0.876521787625, 5.5541686346, 0.768765079404, 5.26830430268, 1.21326930074, 1.02847698098, 5.1790310628, 5.11210025187, 1.08973728767, 1.68471124289, 1.03953200751, 0.8276410882, 1.30284518009, 1.04754687832, 0.994699185606, 5.65037849661, 0.928759633957, 0.763986562676, 232.437149649, 1.08821542442, 1.96903420762, 0.967097579025, 3.64875177918, 1.07210800322, 1899.51817719, 53.0110773436, 4125.97922738, 0.0
2.90739092644, 1.03984442588, 1.28293692799, 1.16441651282, 1.77891058886, 1.05313214616, 2.36676918373, 1.24945428914, 1.06858389823, 2.90693435093, 4.61827960745, 0.849785267859, 3.30997562377, 1.15793397256, 1.05787521619, 1.23979566956, 1.114598497, 0.96599858202, 4.19046325639, 1.133170104, 0.975283957411, 206.731770343, 0.934117908723, 2.12253941058, 1.03300161745, 2.27947069305, 1.29233587246, 2541.44510032, 39.9427901102, 7600.20024426, 0.0
4.95196324561, 1.00972974327, 1.5723057318, 0.819829831886, 2.56396231005, 1.12127184018, 4.19656763424, 1.03128948122, 1.01732234723, 1.50524998914, 4.74847384928, 1.20878854652, 2.76162620652, 0.817272852204, 1.04305089222, 1.53212300617, 1.14197436959, 0.935419017418, 9.0911711357, 1.1759079371, 0.973598888527, 75.124595782, 1.07981181609, 2.14578629327, 1.14938118531, 3.97753918933, 1.28888348257, 1731.96491519, 49.1845212043, 8328.01140805, 0.0
3.92948758926, 1.41162059322, 0.855357344386, 0.889094557703, 4.14747313017, 1.02448874429, 2.43499752646, 1.2483892882, 1.10993467432, 3.63241149884, 5.40617324223, 1.16131975373, 4.3522089327, 0.822178033026, 1.04694652888, 1.16618982873, 1.09936884194, 1.17049968919, 4.12256284487, 0.959004563412, 0.90088127382, 139.300747165, 0.937301168938, 3.9860180252, 1.10319755007, 3.77247989926, 1.01312037342, 1434.43799691, 47.4394935752, 12388.2488739, 0.0
5.72857679127, 1.15999275425, 1.7112539152, 1.02852223199, 2.14537084654, 0.981302138475, 1.9915340444, 0.8221938738, 1.04259401645, 2.38300684446, 5.61984132621, 0.836739991996, 4.0519666468, 1.28907856116, 0.819824490405, 1.14806987428, 1.12332727555, 1.10015324024, 7.20672946827, 1.08749260267, 0.855155619046, 315.956575402, 1.01651262588, 1.40313315754, 1.20372135079, 3.32469147422, 1.21316941047, 2614.06101415, 55.2307045766, 7604.11854245, 0.0
5.56332466906, 1.08383560929, 1.43092492453, 0.94010070729, 4.90269874849, 0.971203557626, 4.16215749923, 0.983988072581, 1.01970226346, 2.71986104481, 6.01426237398, 0.811970743775, 4.08252311686, 1.13405791579, 0.82295268555, 1.10710173939, 1.16528517225, 0.916659846408, 6.75970126148, 1.17216133061, 0.944205098926, 26.5416042824, 0.89951337572, 1.12109558382, 1.19779670793, 4.38990972681, 0.986171685526, 650.645600061, 22.3358227496, 1233.044522, 1.07238605898
3.97086975415, 1.06312099161, 0.784702864205, 0.910524119973, 1.77712629595, 1.10233946592, 1.26139842118, 0.942524606236, 1.09496656207, 3.61937050728, 4.72756750878, 1.12697638248, 3.60312493498, 1.05298259849, 1.08402499778, 1.15433515144, 1.07924938946, 1.14018488266, 4.93231318523, 1.08103888897, 0.921502461059, 302.104505331, 0.850381271281, 2.3274922483, 0.981492502255, 3.14832413621, 0.920774439811, 296.896059712, 17.2361241423, 2609.13684314, 3.75335120643
1.78929972775, 1.26983246585, 0.905872751128, 1.05323704466, 3.75246528995, 1.05017072073, 5.49018026682, 1.06116294921, 1.00575836369, 3.53401817367, 1.8972132606, 1.21352455113, 3.40370695373, 0.973888685006, 1.06378790165, 1.26847365231, 1.05787560864, 0.970892775, 8.88283274802, 1.06285424162, 0.971524356909, 194.07925752, 0.845190972205, 5.4237858261, 1.011479167, 1.43694339637, 1.08129273224, 197.701476165, 18.2660422673, 2150.65949431, 2.41286863271
1.67820940151, 1.15049382966, 1.73613869196, 1.1809530778, 4.18792819112, 1.16180444155, 3.89882948903, 1.00321958259, 0.987912528664, 6.15213879114, 4.19861320731, 1.0698170738, 1.07932642911, 0.817498971499, 1.06064495365, 1.06150946846, 1.12162377191, 1.06244357219, 4.34083072358, 1.07450512313, 0.989798822313, 403.760276914, 1.02117104615, 3.28028919313, 1.02072615069, 3.94001148982, 1.04378882656, 277.480356792, 17.0513669374, 2313.16701305, 4.02144772118
2.68449232927, 1.38466205351, 0.734347754873, 1.04253842748, 1.44243346257, 1.12396807225, 1.04514558228, 1.23099787459, 1.05913661296, 5.80042834324, 3.49907514305, 0.814601159098, 3.44994551393, 0.810250372458, 0.835308030243, 1.51865497116, 1.1401653203, 0.925069891368, 6.98923151344, 0.987882078998, 0.998955134057, 120.908710852, 0.92481385252, 1.25251539237, 1.21608331375, 5.16027752073, 1.11922940245, 450.4526233, 20.3497191122, 994.799139853, 2.41286863271
1.94480078079, 1.36996413545, 0.929712901435, 0.933994076332, 3.36267152731, 0.91430454543, 3.67754253071, 0.87067794445, 1.00311848605, 5.20396948911, 2.81739184176, 1.16884659775, 2.59473439521, 0.86240746222, 0.983075781118, 1.09119138239, 1.12322725878, 0.914013369826, 9.83791003601, 0.955303930405, 0.986573400446, 308.690804345, 0.953704117263, 4.83532306486, 1.04368502854, 1.0964411825, 0.977223897916, 469.841566462, 17.0721844385, 2189.60733157, 4.55764075067
3.25843612876, 1.16989119145, 0.871535702289, 1.17351650545, 2.12081085773, 1.09987970939, 4.69713104801, 1.06634487471, 0.906892412502, 5.13436625834, 4.61715429602, 1.14232530147, 1.03130907434, 1.10009208398, 1.03977942033, 1.01722989316, 1.05787560864, 1.10369948183, 8.47324033549, 0.915975353658, 0.985167715057, 29.1574874959, 0.842125908117, 2.18809869419, 0.976263646407, 3.34274862508, 1.2399739112, 405.76670909, 25.4228254174, 14470.5441792, 0.536193029491
2.18809028018, 1.05940989353, 0.790933921997, 1.19154150986, 2.85389100338, 1.05736205112, 3.33581338488, 1.19894144272, 1.00581384666, 4.53440738918, 4.60185881717, 1.0923249007, 3.03024843977, 0.974954644342, 1.06665917498, 1.56347532553, 1.13916974573, 1.2080735467, 4.78140920785, 0.936328576918, 0.91453066204, 169.141728333, 0.897279906309, 2.2013601721, 1.03679165431, 1.80032342748, 1.00262351401, 589.397559925, 36.3553683284, 1305.11475876, 0.804289544236
1.23241561851, 1.01296487789, 0.907255739095, 0.970139614696, 2.25838720145, 0.914471933043, 3.21375102562, 1.18303221699, 1.04161369181, 6.01497948464, 2.62001552883, 1.2109761409, 3.87323260469, 1.03808479835, 0.928715506622, 1.22502790384, 1.15651319251, 0.993548786037, 7.80797905432, 1.11903085739, 0.960429107825, 340.468394989, 1.11932755176, 2.24118353461, 0.980981954087, 5.17347240081, 1.11603397925, 401.979955145, 31.78482699, 1442.56789715, 1.07238605898
1.34239956624, 1.09222084469, 1.69992667634, 0.900757487154, 3.25310199282, 0.735400760445, 5.9703829877, 1.14516604128, 1.13227620514, 4.07905048115, 4.6551601066, 1.13717071205, 4.21033137263, 1.0963224862, 0.80005474644, 1.28867125266, 1.13521944373, 0.972624386668, 9.39499199714, 1.01687803298, 0.791875083936, 281.438822901, 0.901989583289, 4.22292463534, 1.081296701, 4.58202576515, 0.871007995589, 3545.80259881, 63.5714009433, 13109.1243877, 0.268096514745
1.14125863009, 1.30795911351, 1.43533028945, 1.15101351001, 5.32365256937, 0.79309426307, 2.04173288074, 1.08312678807, 0.977871240321, 5.12242014372, 7.65970201474, 1.21002146315, 2.55778762587, 0.980378702624, 0.826020656309, 1.31157852033, 1.0007185792, 0.872383887968, 6.73282366396, 0.930159357473, 0.864369846373, 390.897066179, 0.897889487532, 3.54295595551, 1.11117393024, 5.09937834924, 1.01864179734, 990.355251444, 20.8938176831, 1793.32828911, 2.14477211796
4.91638299666, 1.39886058642, 0.866152649116, 0.907156556486, 1.77090221112, 1.07503408661, 1.92319098229, 1.03970258519, 1.056249652, 2.08783915066, 3.32129057767, 1.07931132737, 4.91967814996, 1.05405432395, 0.893587706842, 1.60057044685, 1.12293221474, 0.841008336147, 9.16715845315, 1.07974007863, 0.760131112545, 323.490299803, 0.954770086445, 2.90380954068, 1.06207311755, 2.06438221009, 0.963316303658, 333.087424505, 21.425739813, 1888.37874732, 2.14477211796
1.83621842901, 1.01983707808, 1.2446741377, 1.02722674527, 5.28782863849, 0.775827282798, 1.23853963326, 1.06554990697, 0.933005865224, 2.31848727594, 4.2574050213, 1.03461296117, 2.43493057855, 1.1645159759, 0.964537401478, 1.32608484661, 1.13785450026, 1.03979506376, 8.0709526443, 0.981720073608, 0.937231251283, 342.610068325, 0.936453762056, 1.57858748859, 1.15349994261, 1.84596342142, 1.13512105082, 655.833566053, 21.8975850956, 4245.6507023, 1.60857908847
1.08416102254, 1.07915634425, 0.813971969784, 0.938094999008, 3.18361566015, 0.71159305224, 2.26386149455, 0.872230489546, 1.12068642354, 5.32518468033, 4.31124131016, 1.20588424396, 2.89367764807, 1.12554022231, 0.99875241431, 1.08971019557, 1.02507959169, 1.15093247587, 4.5594621472, 0.97264178415, 0.847730351224, 246.53402261, 0.950944193041, 4.64141058856, 0.951453388508, 3.26538339078, 1.09973025342, 1057.02654117, 31.9380236346, 4482.1045431, 0.804289544236
2.18952400079, 1.2272490207, 1.73659925926, 1.08247407149, 7.06841977147, 0.832412305108, 2.58466283453, 1.24092583241, 1.10171637747, 3.05384879867, 5.16005992488, 1.1501739983, 1.63092996331, 1.03880572504, 0.925344364168, 1.13073808067, 1.05244480611, 1.11083117066, 3.73785025618, 1.1788476691, 0.993868416195, 184.298448632, 1.08158204369, 5.48489323942, 1.11120297533, 2.96889876774, 0.981467237308, 1386.68194236, 30.9468978555, 2665.95624733, 0.536193029491
5.91448355111, 1.18307643344, 1.14230586026, 1.20972787291, 3.60633585869, 0.850627721317, 2.1437801254, 1.19215130095, 0.998720916461, 3.43022235004, 7.74978597221, 1.09057300646, 1.29229217819, 0.966711677683, 1.07915244542, 1.05114523434, 1.00082490333, 0.952734115419, 9.72717967995, 0.961306136374, 0.8890832222, 166.918708092, 1.07467304805, 1.78300534456, 1.18973130242, 2.74177318674, 0.955778818302, 729.125574459, 19.6323286456, 1253.37561496, 3.21715817694
2.18952400079, 1.40008171526, 1.65727437935, 1.08247407149, 7.06841977147, 0.832412305108, 2.58466283453, 1.24092583241, 1.10171637747, 3.05384879867, 5.16005992488, 1.1501739983, 1.65655971531, 1.03880572504, 0.925344364168, 1.13073808067, 1.05244480611, 1.11083117066, 3.73785025618, 1.1788476691, 0.993868416195, 184.298448632, 1.08158204369, 5.48489323942, 1.11120297533, 2.57474256958, 0.981467237308, 547.680042474, 18.1916332239, 2656.47458674, 6.70241286863
3.15384476001, 1.3175352821, 1.69853862931, 1.10404686619, 3.70572497523, 1.11961426822, 2.80199428487, 0.860066475682, 1.06717440429, 1.41620975967, 3.28284828435, 1.07694355751, 1.25420083822, 0.90384634088, 0.946035393668, 1.01064920127, 1.03603464276, 0.971912005058, 5.95027639321, 1.0531816768, 0.924806006971, 88.2324127848, 0.858756151639, 2.25909578836, 0.992438789671, 1.30796356475, 1.09095310002, 1345.63073031, 31.9038091727, 2233.35352865, 1.07238605898
1.58897870956, 1.00903660256, 0.866071476528, 1.12839013318, 6.52212495147, 0.822267220332, 2.04057694248, 0.988070570401, 1.10749758476, 6.18345594557, 2.36986858081, 0.845878669397, 3.61060348476, 1.26786292086, 1.08701178552, 1.01850352912, 1.14791456715, 1.02463063536, 8.14587632195, 1.03823030404, 0.90088127382, 123.897022339, 1.05891587332, 4.48654695831, 1.07470317703, 2.09829746223, 1.21888508898, 325.844330131, 21.4214443557, 935.863571269, 3.48525469169
1.272103143, 1.05982497729, 1.45081877731, 1.1113359494, 1.43422485151, 1.08567346192, 4.34755513436, 0.902026616139, 1.07988376467, 6.01497948464, 5.45403514075, 1.14283457754, 3.27560961135, 1.11507163335, 1.05984129939, 1.11991629146, 1.15651319251, 1.03152879522, 3.15654988691, 0.97914632774, 0.969153464068, 343.418289552, 0.992977998744, 5.50597417607, 1.16020131224, 4.40280007046, 1.23388624661, 886.271320329, 19.483799169, 7311.8258891, 2.68096514745
2.60649688783, 1.31780298984, 1.10708570101, 0.844151160327, 6.35066373723, 0.956055913298, 5.98721717393, 1.2368449235, 1.11850263674, 5.71155332752, 3.06092260669, 0.914313125239, 4.90087897471, 1.28274196658, 0.833122519126, 1.5095742454, 1.11982730747, 1.09639106518, 7.81813328562, 1.09184730603, 0.882020661514, 190.049962682, 0.845196513744, 3.44692789682, 0.981352739745, 3.94582818401, 1.05674444194, 733.278785569, 27.732725689, 11109.0637221, 0.536193029491
1.95351776587, 1.42205353464, 0.738397395387, 0.984835977216, 3.56111315188, 1.12104645753, 4.87523215898, 0.840492600998, 0.986553161845, 5.93597790546, 1.59485990422, 0.981641095274, 4.71154309777, 0.905718819482, 1.00914749175, 1.58935859802, 1.05433326909, 0.86250290433, 6.69680858036, 1.1066398687, 0.808828927632, 301.324389491, 1.13294075375, 1.05630472439, 1.05448406473, 2.37438898045, 1.24605807349, 859.847297969, 22.9489808344, 2659.85285949, 2.14477211796
1.00969270692, 1.02241551804, 0.840278536417, 1.08382865786, 5.24543473541, 0.98836466107, 1.92283989043, 0.887665252766, 0.951798762313, 3.72868844704, 4.20560230939, 1.13800774488, 4.15025491294, 0.89350877333, 1.00477651057, 1.18421102676, 1.06616081022, 1.19082432205, 5.60981682289, 1.04523315215, 0.809462486278, 7.63947006869, 0.994403391027, 4.86198327289, 0.987137978097, 3.03429623055, 1.07885227818, 575.082427474, 18.1742710308, 6292.9717319, 6.16621983914
1.97999871249, 1.31358532839, 1.09949438857, 0.887837018782, 3.6526072677, 1.18803736844, 3.93349989065, 1.20160998352, 0.959231832294, 1.9602567285, 4.85748063287, 1.12952629375, 1.99227220989, 1.24533900736, 0.839684518535, 1.32087543151, 1.06189166893, 0.896082556957, 6.05662482283, 1.01055664463, 0.829984786019, 258.442030292, 0.962046615811, 2.53058131327, 1.11805830991, 4.13001205325, 1.13401052181, 1110.84353789, 32.7504649482, 1546.09115852, 1.60857908847
3.68665074674, 1.16407590381, 1.63214683142, 0.812284674579, 3.8703781044, 0.730569448861, 5.58259742026, 0.926411224174, 0.983772842784, 1.45322344327, 2.73305550592, 1.16497923832, 4.41324789719, 0.886948456833, 1.08395270891, 1.5894202359, 1.0035988426, 1.00000846761, 8.81722890483, 1.06152634222, 0.87661303978, 388.379038956, 1.15504809353, 5.32743055234, 1.20824926674, 4.29237221033, 1.07536486442, 702.532066936, 22.0735189089, 6301.11941252, 2.14477211796
1.58897870956, 1.25098661886, 0.866071476528, 1.12839013318, 4.82806243388, 0.822267220332, 2.04057694248, 0.988070570401, 1.10749758476, 6.18345594557, 2.36986858081, 0.845878669397, 3.61060348476, 1.26786292086, 1.08701178552, 1.1676204191, 1.14791456715, 1.02463063536, 8.14587632195, 1.03823030404, 0.935339425049, 123.897022339, 1.05891587332, 4.48654695831, 1.07470317703, 3.01598743413, 1.21888508898, 1783.80758039, 30.089742564, 15139.734808, 0.536193029491
3.15384476001, 1.3175352821, 0.994131031163, 1.10404686619, 3.70572497523, 1.11282764493, 2.80199428487, 0.860066475682, 1.06717440429, 1.41620975967, 3.28284828435, 1.07694355751, 3.68656092084, 0.90384634088, 0.946035393668, 1.01064920127, 1.03603464276, 0.971912005058, 5.95027639321, 1.0531816768, 0.924806006971, 88.2324127848, 0.858756151639, 2.25909578836, 0.992438789671, 1.30796356475, 1.09095310002, 713.39336056, 19.2869315914, 2696.42684994, 7.50670241287
3.24720212891, 1.42205353464, 0.738397395387, 0.984835977216, 3.56111315188, 1.12104645753, 4.87523215898, 0.840492600998, 0.994678266951, 5.93597790546, 1.59485990422, 1.08941300261, 4.71154309777, 0.905718819482, 1.00914749175, 1.58935859802, 1.05433326909, 0.86250290433, 6.69680858036, 1.1066398687, 0.808828927632, 301.324389491, 1.13294075375, 1.05630472439, 1.05448406473, 2.37438898045, 1.24605807349, 1602.20578513, 34.9711058022, 6348.42090015, 0.804289544236
2.68449232927, 1.38466205351, 0.734347754873, 1.04253842748, 1.44243346257, 1.12396807225, 2.96519198724, 1.23099787459, 1.05913661296, 5.80042834324, 3.49907514305, 0.814601159098, 3.44994551393, 0.810250372458, 0.835308030243, 1.51865497116, 1.1401653203, 0.925069891368, 6.98923151344, 0.987882078998, 0.952047773042, 174.587230462, 0.92481385252, 1.25251539237, 1.21608331375, 5.16027752073, 1.11922940245, 453.901439657, 24.1271285171, 1279.73040153, 3.21715817694
1.08055704687, 1.02701835414, 0.746581358864, 0.900085197704, 3.32943872684, 1.17583091239, 4.0036922801, 1.0806765889, 1.0403725894, 1.98967124506, 7.76337512103, 0.924268188754, 1.45914319054, 1.23528548755, 0.923986330624, 1.26316082283, 1.00253691896, 0.820090902229, 5.67948576791, 0.940427761354, 0.922987482506, 99.9521802019, 1.11412233911, 4.04335253716, 1.04000477493, 4.10891957599, 1.09344373715, 906.278792958, 19.9788599867, 2476.8559984, 4.82573726542
3.32290141601, 1.3063768063, 0.730245529134, 0.971254228304, 5.46632706918, 1.18313034952, 1.46521637918, 1.09438757735, 0.967001355586, 4.66169003833, 3.69045188869, 0.982546373444, 1.27765994454, 1.03426562692, 1.04128331994, 1.04244112969, 1.00411813264, 1.19658700967, 7.09899934631, 1.00018502874, 0.886294396757, 239.174059686, 0.973469496702, 3.31325995933, 1.09312784455, 3.28948951413, 1.0722723656, 598.49480652, 25.0148173495, 5047.61153026, 1.60857908847
4.04438125156, 1.13396319073, 0.749973630206, 0.920069904839, 3.69016057549, 1.01732723723, 1.4688617479, 1.00324098354, 1.0260163847, 5.63714740923, 2.11612335635, 0.912472176038, 2.55426905692, 1.07474715131, 1.02468592422, 1.3608166794, 1.05370861361, 1.16949768402, 5.38222508171, 1.0630814286, 0.814353408464, 381.89121721, 0.979693378769, 2.89851122288, 1.09358297512, 4.35513539956, 1.0157150246, 1780.71278077, 32.6155136994, 14313.3853992, 0.804289544236
1.6517783063, 1.00065639724, 1.09919984386, 0.923073480607, 3.18987770317, 1.10083433558, 1.37603370534, 1.07092065167, 1.00718458495, 2.55659064334, 4.09583257826, 1.06430548034, 1.74720028058, 1.03758154493, 0.992152668861, 1.02444320086, 1.10825830713, 0.9968246357, 7.09804010262, 0.991966096297, 0.858345388343, 193.332530321, 0.888891368364, 5.279725762, 0.967525515513, 3.47659355122, 0.987377541115, 1405.60970936, 34.1162554122, 23584.7555612, 0.804289544236
1.0862733705, 1.06653930939, 0.903764034263, 1.00896207934, 3.05887329586, 0.888106915575, 2.54725980416, 0.87897718175, 1.03638289017, 4.29021608, 4.92413938395, 1.04437627193, 1.65655971531, 1.0221362832, 0.845100003971, 1.40484433679, 1.00923798486, 1.11111373159, 4.34678805315, 1.14834537196, 0.795427293643, 177.773131161, 1.09532745329, 3.01990285866, 0.97848121168, 2.17810920022, 1.23304787155, 1051.90587695, 30.3334184393, 8391.03929414, 1.34048257373
5.42735390317, 1.39663973307, 1.02709320633, 1.19455154475, 4.97000689954, 1.09999005802, 3.01976653742, 0.888260180225, 0.935732877904, 5.14761566526, 6.40075444229, 1.20765455097, 4.77108664276, 0.995219581624, 1.02871665226, 1.12553132259, 1.13907974242, 1.10924795071, 3.83990126137, 1.06326627332, 0.863066265286, 192.715966922, 0.873250762784, 5.40434443205, 1.06439931942, 1.40252299253, 1.21230987463, 731.147998138, 22.0725088776, 6240.5933073, 2.68096514745
1.42090246978, 1.08170477689, 0.78792518916, 1.13901459205, 4.81035150266, 1.12085881707, 5.14459037925, 0.942136567043, 0.99929793259, 3.63785207174, 7.54433437297, 1.16259251528, 4.57071384205, 1.01763990192, 0.933099881356, 1.59151587158, 1.1060368582, 1.17757906885, 9.12667360989, 1.01688936513, 0.965391309336, 401.635224391, 0.981548911812, 1.51726746845, 1.17923138582, 2.66462905872, 1.04286952972, 1372.44294304, 43.8619352427, 25828.3606429, 0.536193029491
1.80461064205, 1.34068620632, 0.782147700437, 1.16434845339, 2.16168190316, 1.09201400579, 3.48534998759, 0.859253515534, 0.924991094572, 5.33847951249, 4.85959999176, 0.877977135218, 3.05340063854, 0.863257519548, 1.07229290048, 1.11100527589, 1.04223254776, 1.20580646432, 5.83859866396, 0.969804112003, 0.768236889323, 298.348939524, 0.983105823125, 2.72765465119, 1.04405952993, 1.45046312286, 0.889492376801, 344.808677121, 22.3228986692, 5224.18495257, 3.21715817694
2.60382528129, 1.15721025106, 1.14401508448, 0.917191798288, 1.95468066284, 1.16995436646, 2.86397011912, 1.14501152189, 0.960747318503, 6.15948223994, 5.20117776217, 0.959871163114, 3.92134261791, 0.88974242804, 1.04148803135, 1.5274392522, 1.0642460868, 1.22627774202, 6.69059343374, 1.10999745339, 0.976618070614, 279.597567611, 1.04806190753, 2.41524217075, 0.995158759814, 4.35014314311, 0.889492376801, 1303.98208259, 44.2888424162, 5261.12728957, 0.804289544236
4.40500385788, 1.38844680319, 1.3331888794, 0.885381882267, 1.49423088144, 1.18684486926, 1.47062653172, 1.11389204578, 0.964591336369, 2.28813488526, 4.77327727841, 0.865477203195, 4.15151986176, 0.934962052316, 0.959513702151, 1.39586851329, 1.0670730852, 1.00058911868, 8.58024626989, 1.01237307438, 0.998673308095, 68.8183494606, 1.17233520895, 2.08691703065, 0.979434588752, 1.95201881378, 1.16925288137, 2758.78924591, 59.1177689861, 8643.91556654, 0.536193029491
5.64842507176, 1.21388958832, 1.40816635345, 0.867456632972, 4.2125232398, 1.08334628426, 3.74640016364, 0.939114237908, 0.961428232557, 2.00483549356, 4.69520858613, 1.11173291333, 2.08410772471, 1.15983745886, 0.866652669212, 1.36572422195, 1.06119844188, 0.819644949318, 9.83533879777, 0.91809532634, 0.916092402834, 363.235251766, 1.07637393753, 1.61028840994, 0.950964257612, 3.38744220775, 1.0786957989, 809.466074347, 38.2223408061, 2708.65832988, 1.34048257373
4.93415518369, 1.10196943911, 1.52497567919, 0.805935326063, 6.81361353641, 0.837641279393, 1.63470282602, 1.22078781889, 1.07915179379, 4.44226591612, 5.45262294286, 0.839931635835, 4.2571432892, 1.04487319196, 0.818298757677, 1.55498497779, 1.01229297182, 1.14648711853, 8.20832032154, 0.956887152907, 0.775291219953, 137.494377296, 1.18200989802, 4.49404725733, 1.12602798113, 2.24801552381, 0.896555373577, 4281.07746306, 38.0877065397, 28471.0544191, 0.536193029491
1.54809921564, 1.08774684558, 1.66566133826, 0.927530827781, 6.60651392809, 1.00710713507, 3.2466341644, 0.87718888297, 0.941866917003, 5.26220035682, 5.52097380602, 0.894345958789, 4.34098809642, 0.825411522258, 1.07567258968, 1.24156563385, 1.00009498218, 0.817989042424, 7.74467936132, 1.17318685234, 0.838275505953, 338.654177723, 1.19255583371, 2.97067720492, 1.20433997748, 3.31947623474, 0.913959124396, 495.913136564, 33.0596694792, 2828.69281918, 2.41286863271
1.66757908511, 1.17654500688, 1.33120689477, 1.02306461142, 4.91798521703, 1.10719230385, 1.91339203511, 1.19923446551, 0.935493479146, 5.84833224549, 5.8662857196, 1.1630941747, 3.15664589886, 1.12054359511, 0.980067337046, 1.47355101199, 1.16456026029, 1.20943404716, 8.20928233629, 0.962951241106, 0.935161274998, 244.364391756, 1.15521268219, 1.12144576176, 1.19352115959, 2.91987531013, 0.871756345553, 1725.54073011, 35.499703323, 6986.49730987, 1.07238605898
1.83621842901, 1.01983707808, 1.2446741377, 1.02722674527, 6.54659924305, 0.775827282798, 1.23853963326, 1.06554990697, 0.933005865224, 2.31848727594, 4.2574050213, 1.03461296117, 2.43493057855, 1.1645159759, 0.935488748773, 1.32608484661, 1.13785450026, 1.03979506376, 8.0709526443, 0.981720073608, 0.937231251283, 342.610068325, 1.10510773842, 1.57858748859, 1.15349994261, 1.84596342142, 1.13512105082, 1184.28005114, 42.1629823081, 6822.93066108, 1.07238605898
2.30578968581, 1.21425805802, 0.942563976773, 0.882875202091, 2.31775518942, 1.09826944655, 2.95654555271, 0.938795669908, 1.01704441656, 3.4534905035, 3.14482003735, 0.94157406612, 4.42080552034, 0.895718400061, 0.942437886705, 1.00837911417, 1.07493535301, 1.04145910814, 6.22094528736, 0.932620590193, 0.968859350498, 282.725603628, 0.964999287015, 1.26008321594, 0.961713432304, 1.37079595248, 1.21175467296, 1571.8086931, 45.4269162376, 6872.14212214, 0.804289544236
2.60382528129, 1.15721025106, 1.14401508448, 0.917191798288, 1.95468066284, 1.1490539682, 2.86397011912, 1.14501152189, 0.960747318503, 6.15948223994, 5.20117776217, 0.959871163114, 3.92134261791, 0.88974242804, 1.03224302608, 1.5274392522, 1.0642460868, 1.18979540757, 6.69059343374, 1.10999745339, 0.976618070614, 279.597567611, 0.896011297367, 3.1199295957, 0.995158759814, 4.35014314311, 1.09191747109, 685.982089195, 26.220446628, 5541.9976336, 1.60857908847
5.44339713683, 1.09580469538, 1.16738146025, 1.09928043198, 4.99434704256, 0.733122683189, 5.21118195944, 0.957908108156, 1.01821503315, 5.70326891513, 3.83871211563, 0.947322517819, 2.15520883454, 0.956223636573, 0.849269635751, 1.37582340514, 1.13477561305, 0.819770517841, 3.25394048886, 1.06394080611, 0.935909647833, 134.936581334, 1.15275158958, 3.90817452356, 1.13437452395, 4.9616086205, 1.21901841217, 2394.91351046, 39.7417866366, 13337.6540328, 0.804289544236
2.56682837459, 1.00745598656, 1.69930468285, 0.854299532394, 2.39496707067, 0.998297930924, 5.69518226398, 0.972248055312, 0.981162582051, 5.8834277189, 6.44871577088, 0.924030650171, 2.50825691358, 1.1918519843, 0.953598880833, 1.41623128052, 1.14916987747, 0.981480099194, 3.57942214387, 0.95919254391, 0.803532463793, 360.531239913, 1.10427170734, 5.34818302807, 1.17572081964, 2.72715023089, 1.20643037482, 1508.13753648, 29.0120025989, 8883.20192563, 1.60857908847
2.5667879273, 1.07736114808, 1.49866066812, 1.05321851434, 5.13530471564, 0.962360564963, 1.57855071438, 0.955941457009, 0.939164391789, 1.50561325767, 3.34122571066, 1.16606168605, 1.93254628493, 1.12653084855, 0.782270693411, 1.34893811385, 1.04752710151, 0.929335876782, 7.01650044166, 0.97385871922, 0.829984786019, 376.990928284, 1.05007328908, 2.70966334241, 1.17209975179, 2.94403038291, 1.27728800502, 797.768616667, 23.1356290281, 26269.5875521, 2.68096514745
1.95028192645, 1.09795423171, 1.43626950901, 0.85646464605, 3.86886138662, 0.722211337096, 4.53059914832, 0.83056592904, 0.9256387406, 5.57550786014, 2.3331781027, 1.19924073215, 4.74070423267, 0.843899430641, 0.8162195449, 1.03802255909, 1.152988299, 1.19803687457, 7.04799862149, 1.05067166686, 0.971903529774, 55.7436950354, 0.951347520698, 4.80393173776, 1.1703750844, 1.41145956831, 1.28013972292, 2134.76036682, 51.4188325433, 40901.4218503, 0.536193029491
1.48417928463, 1.26507173485, 0.988809052836, 0.981162591302, 1.6273633956, 1.00331652313, 4.55439305652, 1.0866151122, 1.1338582273, 4.95204825269, 2.66597760061, 0.990339971026, 1.45672310381, 0.850518172795, 0.980283197507, 1.37301632528, 1.1453177335, 0.920865273027, 4.97173571944, 0.985807094571, 0.998684180385, 211.266930956, 0.980777352137, 1.34176443707, 1.04243173987, 2.39727811788, 1.27050831314, 3637.23532294, 45.8269296649, 28969.7910468, 0.536193029491
1.7038662918, 1.07779460655, 0.798622767993, 1.20906750203, 4.15506846966, 1.01778981878, 5.83237206011, 1.11565517874, 1.06269205057, 5.8081138467, 7.77931310082, 1.04760572066, 3.64280832494, 1.24595844963, 1.01139346736, 1.26642826602, 1.10494350468, 1.1914017475, 6.8382457693, 0.915008208019, 0.97495302776, 362.020038755, 1.04104788257, 1.51837015935, 1.05506054562, 2.59543363835, 1.0171350638, 3088.6949559, 44.190129289, 34007.3399221, 0.536193029491
1.0862733705, 1.06653930939, 0.903764034263, 1.00896207934, 3.97087298594, 0.888106915575, 2.54725980416, 0.87897718175, 1.03638289017, 5.38444168423, 4.92413938395, 1.04437627193, 1.63092996331, 1.0221362832, 0.845100003971, 1.40484433679, 1.00923798486, 1.11111373159, 9.09299261072, 1.14834537196, 0.795427293643, 177.773131161, 1.09532745329, 3.01990285866, 0.97848121168, 2.17810920022, 1.23304787155, 1415.69899754, 31.2098574165, 19891.1695488, 1.34048257373
5.26467641668, 1.31968763128, 1.49969201627, 1.00538899507, 3.44110046974, 0.973575311974, 2.01625016639, 1.19309874487, 0.96234405345, 2.7933758975, 1.73440824789, 0.941933355693, 4.54054669699, 1.23008017342, 0.973435479821, 1.40782862074, 1.10782282182, 1.05597265354, 6.2899942741, 1.00290628437, 0.89337041518, 194.579525862, 1.00152562838, 3.48851508237, 1.06699729054, 4.90731252398, 0.984480158988, 1656.47197167, 28.0426388748, 4477.82941807, 2.14477211796
5.65065566208, 1.28726021493, 1.31070897456, 1.0003665989, 3.99786398866, 0.785699874332, 1.43834253527, 1.14278469007, 1.13301612572, 4.85043746913, 5.99180130155, 1.06940128051, 2.888360062, 0.832567246045, 1.00967303447, 1.25842211413, 1.14845133348, 0.890728155139, 9.01687465518, 1.0321520431, 0.996875711599, 156.545079425, 0.950045072152, 5.31885803174, 0.988613232179, 3.68357875536, 1.29275807992, 1104.55852179, 41.5684177731, 16843.4424247, 1.07238605898
3.68665074674, 1.40076483496, 1.63214683142, 0.87161378023, 3.8703781044, 0.730569448861, 5.58259742026, 1.01360714651, 0.983772842784, 1.45322344327, 2.73305550592, 1.16497923832, 4.41324789719, 0.886948456833, 1.08395270891, 1.5894202359, 1.0035988426, 1.19388224327, 9.80778835954, 1.05874588794, 0.87661303978, 388.379038956, 1.15504809353, 5.32743055234, 1.20824926674, 4.29237221033, 1.07536486442, 5006.56504922, 70.4322789506, 11099.5798429, 0.804289544236
1.58155597991, 1.14348684712, 1.15997338104, 1.13658514319, 6.84495025035, 1.01323004219, 1.37888942358, 0.826281092578, 0.995493578741, 3.77150476532, 5.87713292134, 1.03921986814, 3.2212542653, 1.23404496148, 0.833843175935, 1.24045467296, 1.04103394822, 1.16235367569, 3.74049183611, 1.08071022964, 0.997549801645, 202.812590218, 0.96736599331, 1.23211235456, 0.993169459107, 1.24071845682, 0.972131632525, 1023.37991289, 41.1854683628, 6353.91347681, 1.34048257373
3.49837163314, 1.08840853894, 1.2672706365, 0.996713989933, 5.18191868535, 1.01257430497, 5.32405188961, 0.894494783859, 0.959920652243, 5.98067749499, 1.70348352364, 0.832639380697, 1.31001797822, 1.16142952264, 0.785539998284, 1.37877266392, 1.14483653221, 1.039749219, 3.26320474971, 1.14135092236, 0.788678484485, 106.837790384, 1.01171547555, 3.34874288217, 0.991623297732, 4.0916956072, 1.26062755293, 2406.33243868, 38.4157548957, 6894.88324085, 1.07238605898
3.34854708784, 1.12271584305, 1.65079599449, 0.903155126622, 1.90882819222, 0.926190166918, 1.99466123268, 1.25549645161, 0.901756899932, 3.54191395836, 4.11824730095, 0.83707239357, 4.07135797305, 1.17156858391, 0.877311394952, 1.49602056351, 1.157944163, 0.836307550394, 6.72255181481, 1.01828221938, 0.813999450197, 77.6028650307, 0.842036429587, 1.52193185619, 1.08246465354, 4.61466951542, 0.881377789724, 1482.36821311, 48.8032167277, 48375.6585734, 0.804289544236
1.10088781425, 1.25748652531, 1.58172793672, 1.16839364186, 3.65763112374, 1.02281339453, 4.84817955713, 1.24969361657, 0.970070570079, 5.07371962195, 3.53965861637, 1.1772227582, 3.64877731556, 0.915987518043, 0.964708976233, 1.3008527434, 1.13829735501, 1.01711914531, 4.54439295102, 1.01333219797, 0.908185635097, 308.203112003, 0.925298383297, 3.52274524274, 1.04378346793, 4.17614327373, 0.954576454213, 2129.60514007, 27.803722269, 13581.0641843, 1.87667560322
3.32290141601, 1.15830412341, 0.730245529134, 0.971254228304, 5.46632706918, 1.18313034952, 1.46521637918, 1.09438757735, 0.967001355586, 4.66169003833, 3.69045188869, 0.982546373444, 1.27765994454, 1.03426562692, 1.04128331994, 1.26093342078, 1.00284226944, 1.19658700967, 7.09899934631, 1.00018502874, 0.886294396757, 239.28503305, 0.973469496702, 3.31325995933, 1.09312784455, 3.28948951413, 1.0722723656, 1592.9950349, 33.1332342567, 11407.8570247, 1.34048257373
4.85331325358, 1.23259799874, 0.736061967127, 0.887910900725, 6.16675233999, 0.97501549825, 5.37393068479, 1.14559040747, 1.13587530215, 4.84831119671, 6.62144099098, 0.923666161835, 1.20316360558, 0.913938980511, 1.00256132753, 1.41970512697, 1.04136655464, 0.840854374506, 3.96040764086, 1.02910431729, 0.887732179195, 85.0141988064, 0.964854496076, 5.18070230991, 1.19303928087, 1.83533494985, 1.1560005937, 2263.50880229, 33.0724183566, 13585.7485189, 1.34048257373
3.25843612876, 1.16989119145, 0.871535702289, 1.17351650545, 2.12081085773, 1.09987970939, 4.69713104801, 1.06634487471, 0.906892412502, 5.13436625834, 4.61715429602, 1.14232530147, 1.03121367801, 0.828236471274, 1.07719711084, 1.01722989316, 1.07536664844, 1.10369948183, 8.47324033549, 0.915975353658, 0.985167715057, 29.1574874959, 0.842125908117, 2.18809869419, 0.976263646407, 3.34274862508, 1.2399739112, 1090.14719299, 30.6715581701, 15640.4022847, 1.60857908847
1.54313573842, 1.1151477076, 1.13529776255, 1.20409041979, 5.19441004279, 1.12640219039, 1.51197974889, 0.833524029252, 0.956542444964, 5.84390075719, 2.81739184176, 0.898024149418, 4.06608148574, 0.899906638664, 1.05101617972, 1.24118400516, 1.00315091114, 1.17121771981, 8.95432631325, 0.967431018776, 0.899079873092, 308.690804345, 0.963565890875, 3.05261847984, 1.1172633021, 1.62372440481, 1.1395470778, 2800.55016942, 42.0122988161, 7931.43915489, 1.07238605898
3.97086975415, 1.06312099161, 1.29592516076, 0.910524119973, 1.77712629595, 1.10233946592, 1.26139842118, 1.08225126982, 1.09496656207, 3.61937050728, 4.72756750878, 1.12697638248, 3.60312493498, 1.05298259849, 1.08402499778, 1.15433515144, 1.07924938946, 1.14018488266, 4.93231318523, 1.08103888897, 0.921502461059, 302.104505331, 0.850381271281, 2.3274922483, 0.981492502255, 3.14832413621, 0.898844502462, 986.931521722, 42.6562585677, 6727.06866851, 1.60857908847
3.92948758926, 1.41162059322, 0.855357344386, 0.889094557703, 4.14747313017, 1.02448874429, 2.43499752646, 1.2483892882, 1.04877522537, 3.63241149884, 5.40617324223, 1.16131975373, 4.3522089327, 0.822178033026, 1.04694652888, 1.16618982873, 1.09936884194, 1.17049968919, 4.12256284487, 0.936604301829, 0.935339425049, 139.300747165, 0.937301168938, 3.9860180252, 1.10319755007, 3.77247989926, 0.90578430712, 903.005330916, 38.3676524513, 7509.20045276, 1.60857908847
4.7520578445, 1.42540154921, 0.85229450148, 0.949466228568, 6.8754234208, 0.922525114621, 4.63384073554, 0.850866351054, 0.95962374602, 3.98483817315, 3.19263439621, 0.880297429546, 2.98015116338, 1.21984404797, 0.854618375185, 1.16255139001, 1.0844840481, 1.20210461517, 7.21662214174, 1.12900245166, 0.77685263316, 221.179679616, 0.943957034281, 1.78741370505, 1.00935237919, 3.97721273101, 1.27858950507, 1811.66773736, 47.1683540028, 7343.3264041, 1.07238605898
4.04910665194, 1.04832166257, 0.869417531623, 0.811962219278, 4.92553033131, 1.1686305193, 3.79995954205, 1.08821766032, 1.09774606598, 5.32426415242, 1.88344960491, 0.964010818804, 1.8753827095, 0.976676587125, 1.08843620013, 1.19001470548, 1.05576486423, 1.1059316373, 4.54752305178, 0.927834097393, 0.889143225404, 43.1231562222, 0.998918908077, 1.90474488053, 1.0074498806, 2.5196052047, 1.15456728847, 1586.17736103, 34.8692577828, 6353.15991539, 1.60857908847
2.98749209938, 1.08170477689, 0.78792518916, 1.14134404792, 4.81035150266, 1.12085881707, 5.14459037925, 0.942136567043, 0.99929793259, 3.63785207174, 7.54433437297, 1.16259251528, 4.57071384205, 1.01763990192, 0.933099881356, 1.59151587158, 1.1060368582, 1.17757906885, 9.12667360989, 1.01688936513, 0.965391309336, 401.635224391, 0.97514837634, 1.51726746845, 1.17923138582, 2.66462905872, 1.04286952972, 1451.84690577, 45.0451279077, 17132.6653825, 1.07238605898
5.2933747082, 1.16895627866, 1.56095340377, 1.17747883255, 6.38146321777, 1.11880030554, 1.09850014715, 1.18108620966, 0.967476444178, 3.87790037609, 2.38197481479, 0.952504927645, 5.03492462936, 1.20493963133, 0.971470041767, 1.26109357081, 1.13257547882, 0.851995755431, 3.208881104, 1.12753281985, 0.826015430261, 44.5709058725, 0.896083535322, 4.15679168387, 1.0635022048, 4.13291708445, 0.937229894475, 2130.58996501, 50.9238124391, 9241.70039385, 1.07238605898
4.05534733729, 1.31907416411, 1.65187147871, 0.990221885224, 2.90181490447, 0.786535419352, 1.64507253417, 0.957616362163, 1.12686306407, 2.05198781447, 4.57974279443, 1.02293578677, 4.02686280849, 1.11862984494, 0.986865192628, 1.38904213834, 1.12511261802, 1.12872334729, 3.02339071642, 1.11969558646, 0.967831441054, 280.379823947, 1.08921635293, 4.38079810839, 1.09065585571, 4.33548639765, 0.887764407768, 2423.19512558, 38.5874832841, 15089.2851072, 1.07238605898
5.80405072036, 1.18709899864, 1.07612502648, 1.11136491087, 3.8487086774, 1.04996616617, 2.49111005618, 0.925604557163, 1.1220438636, 4.29035814786, 7.23951037923, 1.17654276618, 1.16241935309, 1.04484646765, 0.900172085956, 1.02579443198, 1.02957067332, 1.1141525516, 9.22635978517, 0.938730150818, 0.867102667961, 398.173747225, 0.843064883302, 2.75824808434, 0.984628327795, 2.92360445423, 0.888047278021, 2457.87518866, 44.2466837609, 12606.4147737, 1.07238605898
4.20715334712, 1.3530126572, 0.80330711359, 1.07547117304, 5.41035288068, 1.15846776625, 2.22070469109, 0.846800096543, 1.08920880211, 4.05602593155, 7.5637602629, 0.825870144532, 3.94438309492, 0.949746082488, 0.803488870776, 1.48398396265, 1.08397631934, 1.00720733473, 8.03606841943, 1.0378172832, 0.815062157636, 257.157861823, 0.899489593112, 5.6105170346, 1.09578237341, 1.5684070709, 1.21652071827, 1161.28177882, 26.7590361864, 14691.039261, 2.14477211796
1.03615511857, 1.01757932545, 0.85951508012, 1.14682458321, 2.03208550305, 1.17769956588, 2.95688278311, 1.01431945676, 1.03612731861, 4.19685127102, 5.76394189312, 0.952930204004, 1.37219960942, 1.21510465986, 1.03534010297, 1.60395140988, 1.05332363463, 1.09548793145, 7.63687757265, 1.02617293519, 0.774331809432, 333.215932134, 1.04571831787, 2.89752461446, 0.977555518671, 4.52490959879, 1.21811742143, 834.994489746, 27.6444539521, 4206.95056867, 5.09383378016
