2.58386488741, 1.10713130682, 1.64790235207, 0.810512944167, 2.83000039671, 1.16787634601, 1.2870321159, 1.2600007933, 1.14000089932, 2.22681800962, 2.52094727532, 0.911657043268, 3.0400000433, 1.10533667221, 0.796094138541, 1.00000051266, 1.00000048162, 1.04355383864, 5.18260652042, 0.938756643223, 1.00000089897, 90.7558223094, 0.974050250886, 2.41451444534, 0.985587753196, 3.2900006172, 1.00000020291, 106.270343544, 21.2645036983, 450.200579148, 0.268096514745
1.69584238145, 1.04661051618, 1.67122272964, 0.800971906236, 2.83000093576, 0.959910835475, 5.45735102, 1.26000021607, 1.14000005891, 1.57261840205, 3.04996957171, 0.917945495776, 3.04000013243, 1.1050180381, 0.837067459514, 1.00000065422, 1.00000011135, 1.05574756123, 3.09143250287, 0.918456644428, 1.00000092157, 92.5831341932, 1.05461458009, 3.2383333249, 1.05133232957, 3.29000003719, 1.0000001535, 89.7902536091, 12.2387031773, 623.936147455, 0.0
3.67472227089, 1.00791675077, 1.42412846599, 0.972432799215, 2.83000042512, 0.983961905838, 4.97103701569, 1.26000018722, 1.14000031769, 1.60158455593, 2.88197452929, 1.03068854287, 3.04000062082, 1.10487608079, 0.781264782267, 1.00000040778, 1.00000060507, 1.01405522974, 3.02031218511, 0.917897642087, 1.00000002623, 98.0036476945, 0.947567914496, 2.44417995153, 0.977512376901, 3.2900006089, 1.0000000428, 21.5689517473, 7.97780911589, 144.279226525, 4.82573726542
1.75400411172, 1.13817260628, 1.64528810146, 0.820232176931, 2.83000038426, 0.854474278858, 1.00874453152, 1.26000044923, 1.14000067728, 2.80280988411, 2.99171332546, 0.986480817515, 3.04000097555, 1.09942030402, 0.981273091269, 1.00000068917, 1.00000098701, 1.02791880091, 6.36206860112, 0.947464704224, 1.00000052733, 117.835254395, 1.03552435624, 2.90352360813, 1.04849171804, 3.29000001053, 1.0000005734, 74.5238746953, 11.3836458508, 944.600388695, 2.68096514745
3.67472227089, 1.00791675077, 1.42206498025, 0.972432799215, 2.83000042512, 1.1443690609, 4.97103701569, 1.26000018722, 1.14000031769, 1.60158455593, 2.88197452929, 1.03068854287, 3.04000062082, 1.10487608079, 0.781264782267, 1.00000040778, 1.00000060507, 1.01405522974, 3.02031218511, 0.917897642087, 1.00000002623, 98.0036476945, 0.94623427405, 2.44417995153, 0.967291045859, 3.29000023483, 1.0000000428, 22.7590121274, 6.7612648997, 131.695646767, 4.55764075067
4.24999792322, 1.08588706722, 1.3769917815, 0.839663093206, 2.83000001067, 1.15044200883, 5.52831169128, 1.26000046677, 1.1400008026, 2.46546585955, 3.06347657395, 1.03295294425, 3.04000018109, 1.03421787066, 1.05206981328, 1.00000082323, 1.00000069532, 1.04107633311, 6.89354760797, 0.921496397073, 1.00000087473, 116.767842409, 0.971777156976, 1.70496014385, 0.950941982814, 3.29000089238, 1.00000013144, 59.7509876174, 12.5103415025, 135.58837871, 0.804289544236
2.07016864006, 1.1115456262, 1.64909494033, 0.808711577607, 2.83000089131, 1.03751588627, 2.06059774868, 1.26000002619, 1.14000066919, 2.444228489, 2.09859256746, 1.03471758064, 3.04000025281, 1.06070426107, 0.996127363553, 1.000000147, 1.00000026136, 1.04800430016, 7.29870524362, 0.938592379638, 1.00000093262, 107.057355784, 1.03887801042, 1.49823564994, 1.0342184313, 3.2900007198, 1.00000073126, 139.154007243, 22.22266544, 204.637469848, 0.0
5.45783549851, 1.13047087976, 1.59497700455, 0.854021828214, 2.83000094416, 1.11945534515, 1.00874453152, 1.26000015402, 1.14000085885, 2.67209630276, 2.92108872966, 0.99514360474, 3.04000028918, 1.07921104399, 0.799094441449, 1.00000088592, 1.00000084319, 1.05911066981, 3.91128493973, 0.947464704224, 1.00000007017, 90.2938574321, 1.06066910907, 2.98576236171, 0.992010982447, 3.29000066434, 1.00000060983, 114.382488888, 11.0576955261, 507.009295419, 2.9490616622
2.75897338308, 1.13102751956, 1.73427548845, 0.874576170513, 2.83000064508, 0.983967374268, 3.71287347313, 1.26000003235, 1.14000048178, 2.61844747532, 2.89366643855, 1.05726868685, 3.04000018729, 1.02705759607, 0.945441045683, 1.00000058789, 1.00000024597, 1.10015755133, 4.50948022997, 0.932806529999, 1.00000006735, 105.198293803, 1.02728575341, 4.86846554104, 1.05594180132, 3.29000019576, 1.00000061689, 305.758065238, 21.2470966462, 244.254386154, 0.268096514745
5.45783549851, 1.13047087976, 1.71168422539, 0.854021828214, 2.83000028556, 1.11945534515, 1.00874453152, 1.26000015402, 1.14000072561, 2.67209630276, 2.92108872966, 0.99514360474, 3.04000044247, 1.07921104399, 0.81290708335, 1.0000009566, 1.00000084319, 1.03424184323, 3.91128493973, 0.947464704224, 1.00000007017, 113.875306626, 1.06066910907, 2.98576236171, 0.992010982447, 3.29000066434, 1.00000060983, 114.592693242, 11.0762042215, 368.131611876, 2.41286863271
2.75897338308, 1.13973223682, 1.73427548845, 0.874576170513, 2.83000064508, 0.983967374268, 3.71287347313, 1.26000003235, 1.14000064316, 2.61844747532, 2.89366643855, 1.0533539325, 3.0400001812, 1.02705759607, 0.878398877987, 1.00000058789, 1.00000024597, 1.10015755133, 6.06091222087, 0.939354991531, 1.00000006735, 105.198293803, 1.02728575341, 4.86846554104, 1.05594180132, 3.29000019576, 1.00000069369, 93.4372003057, 11.5731606657, 145.12264648, 2.14477211796
5.45783549851, 1.13047087976, 1.55412251023, 0.904679225976, 2.83000066807, 0.96090800125, 1.58936977122, 1.26000015402, 1.14000072561, 2.97594440814, 2.92108872966, 0.99514360474, 3.04000044247, 1.07921104399, 0.81290708335, 1.00000087556, 1.00000082432, 1.0399442517, 3.91128493973, 0.944233412207, 1.00000004299, 113.875306626, 1.06066910907, 2.98576236171, 1.00024530398, 3.29000055414, 1.00000060983, 24.61035286, 6.70516410628, 18.4033124354, 3.75335120643
2.67658069474, 1.10302908087, 1.53388767025, 0.812696917506, 2.83000045241, 0.909818595223, 2.453263157, 1.26000076868, 1.14000019514, 3.64284549723, 3.02907640944, 1.02469884691, 3.04000088437, 1.08424626765, 1.06525786652, 1.00000022658, 1.00000085539, 1.02374290119, 4.49157068378, 0.911397528113, 1.00000011976, 106.04551058, 1.03020881315, 1.00650002249, 1.02734414972, 3.2900004212, 1.00000001279, 71.1630125297, 11.1728025677, 250.549155149, 3.21715817694
1.4026437997, 1.06167731609, 1.47333683322, 0.817658074129, 2.83000066386, 0.926277570853, 4.31592036662, 1.26000062353, 1.14000095892, 1.66913202085, 2.8617305009, 1.01788601367, 3.04000067557, 1.04207486964, 0.785359145058, 1.00000042915, 1.00000019034, 1.07432481938, 3.0671616092, 0.922108407935, 1.00000057127, 104.877289121, 0.880541310217, 5.12232175421, 1.01445843371, 3.29000082948, 1.00000003126, 31.834788088, 14.5742072288, 67.1924267733, 1.87667560322
3.39528198401, 1.07146353983, 1.72280692689, 0.822585928025, 2.83000002259, 1.16449562949, 2.38056139051, 1.26000044923, 1.14000089932, 3.37687171885, 2.99373184507, 1.06504836936, 3.04000039251, 1.09086963123, 0.824403691035, 1.00000067672, 1.00000030134, 1.07587646441, 3.59557885728, 0.919071778555, 1.00000055722, 96.6153327761, 1.05877122623, 1.86968056345, 0.994136153898, 3.29000071486, 1.00000014883, 28.1902304708, 7.4821072214, 252.354111777, 6.97050938338
1.69584238145, 1.04661051618, 1.67122272964, 0.800306997052, 2.83000093753, 0.869561701442, 5.45735102, 1.26000021607, 1.14000006802, 2.61624932262, 3.06923946305, 0.917945495776, 3.0400000666, 1.10794850247, 0.83405517977, 1.00000065422, 1.00000044363, 1.05574756123, 3.09143250287, 0.918456644428, 1.00000092157, 92.5831341932, 1.0556659106, 4.33398505707, 1.05133232957, 3.29000003719, 1.0000001535, 38.2727572367, 14.6213748036, 79.0812429021, 4.82573726542
4.83656481963, 1.12239345443, 1.36960525714, 0.921847263597, 2.83000099621, 1.16449562949, 3.7482264501, 1.26000023158, 1.14000089932, 2.37593013748, 2.133474699, 0.908883791283, 3.04000038169, 1.00131818741, 0.822102337418, 1.00000098416, 1.00000046881, 1.00389433762, 8.53990089881, 0.971366781144, 1.00000071062, 119.636077664, 0.930217695369, 5.39011161384, 0.980424521514, 3.29000043945, 1.00000089199, 200.372853823, 24.7496112228, 322.455791642, 0.536193029491
4.94147134484, 1.13439890913, 1.61337396535, 0.963883829464, 2.83000049769, 0.881472661088, 2.54285463223, 1.26000013153, 1.14000056605, 1.78178471575, 2.35193557783, 0.910127493331, 3.04000080155, 1.05920183617, 0.960188016556, 1.00000088592, 1.0000005649, 1.10545889133, 8.12875500213, 0.956297390265, 1.00000028682, 90.2938574321, 0.843124938723, 3.10243074256, 1.03309626682, 3.29000058417, 1.00000026895, 220.815634522, 26.6338467158, 254.690791361, 0.268096514745
2.75897338308, 1.13102751956, 1.73427548845, 0.874576170513, 2.83000064508, 0.983967374268, 3.71287347313, 1.26000003235, 1.14000064316, 2.61844747532, 2.89366643855, 1.0533539325, 3.0400001812, 1.02705759607, 0.878398877987, 1.00000058789, 1.00000024597, 1.10015755133, 6.06091222087, 0.932806529999, 1.00000006735, 105.198293803, 1.02728575341, 4.86846554104, 1.05594180132, 3.29000019576, 1.00000069369, 86.5287397971, 14.5557981094, 137.511890081, 1.07238605898
1.03138891463, 1.11467517236, 1.47759915688, 0.80225739107, 2.83000045065, 1.01757314317, 1.68333768218, 1.26000099623, 1.14000013133, 1.53506186156, 2.91191222686, 0.956509970478, 3.04000076912, 1.04403923862, 0.79726091677, 1.00000006521, 1.00000021966, 1.04377531301, 4.32414662965, 0.969502799818, 1.00000067201, 103.640435304, 0.983984187063, 4.92966981873, 0.962951388111, 3.29000098869, 1.0000009871, 69.3496209028, 13.4564341845, 1392.54197982, 1.60857908847
2.56308633964, 1.06167731609, 1.47333683322, 0.992705781903, 2.83000066386, 0.945986082302, 1.35417598571, 1.26000062353, 1.14000095892, 1.66913202085, 2.8617305009, 1.01788601367, 3.04000067557, 1.04207486964, 0.958713623379, 1.00000042915, 1.00000019034, 1.07432481938, 3.0671616092, 0.922108407935, 1.00000057127, 115.848099694, 1.03020881315, 5.2787617677, 1.00958419775, 3.29000082948, 1.00000000495, 100.348264342, 21.3283323759, 360.708983479, 0.804289544236
3.39528198401, 1.07146353983, 1.72280692689, 0.822585928025, 2.83000017951, 1.16449562949, 2.38056139051, 1.26000044923, 1.14000089932, 3.37687171885, 2.99373184507, 0.971543709817, 3.04000039251, 1.09086963123, 0.824403691035, 1.00000067672, 1.00000030134, 1.07587646441, 3.59557885728, 0.919071778555, 1.00000055722, 96.6153327761, 1.05877122623, 1.86968056345, 0.994136153898, 3.29000071486, 1.00000029254, 76.5913125219, 14.3317704666, 241.332438152, 2.41286863271
1.69584238145, 1.03256589408, 1.67122272964, 0.800971906236, 2.83000093576, 0.959910835475, 5.45735102, 1.26000025385, 1.14000005891, 1.57261840205, 3.04996957171, 0.917945495776, 3.04000013243, 1.1050180381, 0.837067459514, 1.00000065422, 1.00000011135, 1.05574756123, 3.09143250287, 0.925333192787, 1.00000092157, 92.5831341932, 1.05461458009, 3.2383333249, 0.985587753196, 3.29000003719, 1.0000001535, 158.476505668, 12.1043904588, 2361.44692312, 2.41286863271
1.36720433305, 1.10440599808, 1.42296885428, 0.807657585141, 2.83000016082, 1.10207686887, 5.89535150832, 1.26000007402, 1.14000014254, 3.461884446, 2.9646693734, 0.961665305727, 3.04000061031, 1.1059813707, 0.807379838104, 1.00000066805, 1.00000043465, 1.08799235516, 6.60314920007, 0.979164598867, 1.00000045162, 108.909654049, 0.982332921896, 4.62387939136, 1.04708709613, 3.2900004319, 1.00000034679, 479.591141915, 19.8265830841, 1086.93712648, 0.0
1.4108858445, 1.11038460976, 1.47759915688, 0.816028467152, 2.83000010432, 1.01757314317, 1.68333768218, 1.26000099623, 1.14000013133, 1.53506186156, 2.91191222686, 0.956509970478, 3.04000076912, 1.04403923862, 0.803550149673, 1.00000006521, 1.00000021966, 1.04377531301, 4.32414662965, 0.969502799818, 1.00000067201, 103.640435304, 0.983984187063, 4.92966981873, 0.962951388111, 3.2900007805, 1.0000009871, 192.502069404, 18.7243064775, 1679.83010071, 0.536193029491
1.26752739995, 1.08064393615, 1.46403043765, 0.921847263597, 2.83000038603, 1.11485654396, 2.24455578945, 1.26000000464, 1.14000045025, 1.4005527161, 2.88962178311, 0.958857537127, 3.04000038169, 1.06361639561, 0.812508942691, 1.00000041381, 1.00000021935, 1.00861927674, 3.37102466169, 0.987398203128, 1.00000069443, 109.713170064, 1.06222419878, 5.57824681731, 1.05899446487, 3.29000060911, 1.00000068908, 382.849541953, 18.0653254606, 945.256501729, 0.536193029491
2.76303649522, 1.04661051618, 1.64790235207, 0.810512944167, 2.83000039671, 1.16787634601, 1.2870321159, 1.2600007933, 1.14000089932, 2.22681800962, 2.52094727532, 0.911657043268, 3.0400000147, 1.10533667221, 0.796094138541, 1.00000051266, 1.00000079595, 1.03035074278, 5.18260652042, 0.938756643223, 1.00000089897, 90.7558223094, 0.974050250886, 2.41451444534, 0.985587753196, 3.2900006172, 1.00000020291, 286.568967102, 21.2086620615, 1148.3650696, 0.536193029491
5.45783549851, 1.13047087976, 1.59497700455, 0.854021828214, 2.83000094416, 1.11945534515, 1.00874453152, 1.26000015402, 1.14000072561, 2.67209630276, 2.92108872966, 0.99514360474, 3.04000044247, 1.07921104399, 0.81290708335, 1.0000009566, 1.00000084319, 1.0399442517, 3.91128493973, 0.947464704224, 1.00000007017, 113.875306626, 1.06066910907, 2.98576236171, 0.992010982447, 3.29000066434, 1.00000060983, 201.323651998, 12.6912468678, 230.465152381, 2.9490616622
2.71572001342, 1.09938242082, 1.37631006237, 0.933314202046, 2.83000032268, 1.11423097237, 1.98903593837, 1.26000017716, 1.14000076367, 1.54359911319, 2.94475364927, 0.933816155243, 3.04000024667, 1.06464028832, 0.876887240744, 1.00000045149, 1.0000000184, 1.08826626858, 3.46454791494, 0.928080484978, 1.00000044591, 92.6849473256, 1.08265763895, 5.91835387024, 1.03356201776, 3.29000004885, 1.00000093595, 115.674430027, 11.2845540335, 950.428765066, 4.28954423592
1.03138891463, 1.11467517236, 1.47759915688, 0.80225739107, 2.83000045065, 1.01757314317, 1.68333768218, 1.26000099623, 1.14000013133, 1.53506186156, 2.91191222686, 0.956509970478, 3.04000076912, 1.04403923862, 0.79726091677, 1.00000029212, 1.00000052195, 1.04377531301, 4.32414662965, 0.969502799818, 1.00000067201, 103.640435304, 0.983984187063, 4.92966981873, 0.962951388111, 3.29000098869, 1.0000009871, 149.843660021, 11.3011643901, 474.06311384, 5.36193029491
1.4108858445, 1.11038460976, 1.47759915688, 0.80225739107, 2.83000010432, 1.01757314317, 1.42185103189, 1.26000099623, 1.14000013133, 1.53506186156, 2.91191222686, 0.956509970478, 3.04000076912, 1.04403923862, 0.803550149673, 1.00000006521, 1.00000021966, 1.04377531301, 4.32414662965, 0.969502799818, 1.00000067201, 103.640435304, 0.983984187063, 4.92966981873, 0.962951388111, 3.29000070917, 1.0000009871, 139.698245657, 12.1868852978, 271.307478666, 4.82573726542
2.07016864006, 1.1115456262, 1.5701555301, 0.843672562909, 2.83000089131, 1.00285433843, 2.06059774868, 1.26000002619, 1.14000066919, 2.444228489, 2.09859256746, 1.03471758064, 3.04000025281, 1.06070426107, 0.996127363553, 1.000000147, 1.00000096278, 1.04800430016, 3.19201050909, 0.929795190832, 1.00000093262, 107.057355784, 1.03887801042, 1.49823564994, 1.06398453018, 3.2900007198, 1.00000062269, 157.819518426, 12.0187252686, 302.665969144, 6.16621983914
2.07016864006, 1.1115456262, 1.44732353563, 0.808711577607, 2.83000089131, 1.00285433843, 2.06059774868, 1.26000002619, 1.14000066919, 2.444228489, 2.09859256746, 1.03471758064, 3.04000025281, 1.06070426107, 0.996127363553, 1.000000147, 1.00000096278, 1.04800430016, 3.19201050909, 0.938592379638, 1.00000098505, 107.057355784, 1.03887801042, 1.49823564994, 0.998984797542, 3.2900007198, 1.00000073126, 119.546095299, 15.9068250486, 513.301871128, 1.60857908847
5.45783549851, 1.13047087976, 1.55412251023, 0.944498531477, 2.83000094416, 0.96090800125, 1.58936977122, 1.26000015402, 1.14000072561, 2.97594440814, 2.92108872966, 0.99514360474, 3.04000044247, 1.07921104399, 0.81290708335, 1.00000087556, 1.00000082432, 1.0399442517, 3.91128493973, 0.944233412207, 1.00000007017, 113.875306626, 1.06066910907, 2.98576236171, 1.00024530398, 3.29000055414, 1.00000060983, 222.152255873, 15.394674655, 420.60939693, 1.60857908847
4.53772954556, 1.0537229858, 1.62845991439, 0.860746090613, 2.83000016228, 1.02033509756, 4.55852540162, 1.26000057684, 1.14000086862, 1.69756679398, 2.17556176975, 0.91831437411, 3.04000001811, 1.07114885324, 1.04213593258, 1.00000085908, 1.00000098944, 1.04377531301, 8.49657131132, 0.946715377985, 1.00000027393, 101.836740686, 0.871964518343, 3.8363105662, 1.01318630779, 3.29000084026, 1.00000035081, 117.180037149, 16.1796279347, 268.267014553, 1.34048257373
1.26752739995, 1.00958578562, 1.52544480089, 0.984624321421, 2.83000014615, 1.00371322515, 3.91391107918, 1.26000029687, 1.14000019027, 1.67135513858, 2.85994451614, 1.06213524453, 3.0400009386, 1.11240789424, 0.855722095034, 1.00000054577, 1.00000044363, 1.06290997754, 3.41807511286, 0.910771129143, 1.00000069443, 98.9138612906, 0.87640378423, 1.53100204203, 1.06483925663, 3.29000000682, 1.00000040475, 139.00859855, 22.0705716086, 258.915169816, 1.34048257373
2.6203448334, 1.02259261499, 1.46403043765, 0.884825067147, 2.83000038603, 1.11485654396, 3.97274232034, 1.26000000464, 1.14000094248, 1.29241965803, 2.88962178311, 1.04334283394, 3.0400009061, 1.06361639561, 0.812508942691, 1.00000041381, 1.00000021935, 1.01438470021, 4.00062176538, 0.987398203128, 1.00000069443, 109.713170064, 1.06222419878, 4.39562690805, 1.05133232957, 3.29000060911, 1.0000001535, 121.539406779, 15.785454149, 584.286811788, 1.07238605898
4.94147134484, 1.13439890913, 1.61337396535, 0.963883829464, 2.83000049769, 0.88703139352, 2.54285463223, 1.26000019086, 1.14000063742, 1.78178471575, 2.35193557783, 0.910127493331, 3.04000080155, 1.05920183617, 0.847416716658, 1.00000088592, 1.0000005649, 1.10545889133, 8.12875500213, 0.956297390265, 1.00000028682, 90.2938574321, 0.843124938723, 3.10243074256, 0.956989974235, 3.29000058417, 1.00000026895, 329.04059919, 29.2676102103, 683.674941991, 0.0
1.4108858445, 1.11038460976, 1.47759915688, 0.80225739107, 2.83000011823, 1.01757314317, 1.68333768218, 1.2600009682, 1.14000013133, 1.53506186156, 2.91191222686, 0.956509970478, 3.04000076912, 1.04403923862, 0.803550149673, 1.00000006521, 1.00000021966, 1.04377531301, 4.32414662965, 0.969502799818, 1.00000067201, 83.1314784179, 0.983984187063, 3.93896164576, 0.962951388111, 3.29000070917, 1.0000009871, 458.947049706, 25.1475148003, 5605.35352047, 0.0
2.58386488741, 1.04661051618, 1.64790235207, 0.810512944167, 2.83000039671, 1.16787634601, 1.2870321159, 1.2600007933, 1.14000089932, 2.22681800962, 2.52094727532, 0.911657043268, 3.0400000433, 1.10533667221, 0.796094138541, 1.00000051266, 1.00000048162, 1.04355383864, 4.93738038981, 0.938756643223, 1.00000089897, 106.436138611, 0.974050250886, 2.41451444534, 0.985587753196, 3.2900006172, 1.00000018625, 212.097472505, 25.260186097, 1183.18847683, 0.0
2.83836765599, 1.02399646551, 1.67122272964, 0.800418479006, 2.83000063754, 0.856354715933, 5.87230698783, 1.26000036847, 1.14000018983, 1.57261840205, 3.04996957171, 0.904320668705, 3.04000013243, 1.1050180381, 0.837067459514, 1.00000065422, 1.00000011135, 1.09561118341, 6.07259987366, 0.918456644428, 1.00000080303, 80.6775612122, 1.05461458009, 3.2383333249, 1.05133232957, 3.29000001838, 1.0000001535, 128.12129397, 13.0015002128, 924.167874753, 1.60857908847
4.94147134484, 1.13439890913, 1.61337396535, 0.963883829464, 2.83000040837, 0.88703139352, 2.54285463223, 1.26000019086, 1.14000063742, 3.35374986346, 2.35193557783, 0.910127493331, 3.04000080155, 1.05920183617, 0.847416716658, 1.00000088592, 1.0000005649, 1.10545889133, 8.12875500213, 0.985639855057, 1.00000028682, 90.2938574321, 0.843124938723, 3.10243074256, 0.956989974235, 3.29000058417, 1.00000026895, 84.7510255936, 14.7045713378, 376.808940236, 3.21715817694
3.88990785513, 1.08603942548, 1.59287581022, 0.800594680277, 2.83000094264, 1.07707422843, 4.76085198797, 1.26000078263, 1.14000059611, 3.39375921477, 2.92095671337, 1.07304208253, 3.04000026849, 1.0144810368, 0.837454418708, 1.00000009047, 1.00000029382, 1.04160667902, 5.31717340522, 0.922451608151, 1.00000068106, 124.040137002, 0.973981431285, 3.13579764789, 1.00437656093, 3.29000026476, 1.00000068972, 427.966511008, 33.0216684034, 1099.75328309, 0.0
4.24999792322, 1.08588706722, 1.3769917815, 0.839663093206, 2.83000001067, 1.15044200883, 5.52831169128, 1.26000090142, 1.14000011788, 1.72504461104, 2.30341928857, 1.03295294425, 3.04000088998, 1.03421787066, 1.02307839917, 1.00000082323, 1.00000069532, 1.04107633311, 6.78700185345, 0.9767570288, 1.00000087473, 116.767842409, 0.893909539543, 1.70496014385, 0.950941982814, 3.29000079789, 1.00000014934, 440.038755412, 34.5629081452, 962.477203296, 0.0
1.26752739995, 1.02259261499, 1.46403043765, 0.884825067147, 2.83000038603, 1.11485654396, 2.24455578945, 1.26000000464, 1.14000056705, 1.4005527161, 2.88962178311, 0.958857537127, 3.0400009061, 1.06361639561, 0.812508942691, 1.00000041381, 1.00000021935, 1.01438470021, 3.37102466169, 0.987398203128, 1.00000069443, 109.713170064, 1.06222419878, 4.39562690805, 1.01362743946, 3.29000060911, 1.00000068908, 246.856418795, 13.7985692392, 1028.49118268, 1.60857908847
1.26752739995, 1.08064393615, 1.46403043765, 0.855753194184, 2.83000038603, 1.11485654396, 2.24455578945, 1.26000000464, 1.14000039099, 1.4005527161, 2.88962178311, 0.958857537127, 3.0400009061, 1.06361639561, 0.821492332833, 1.00000041381, 1.00000088896, 1.01438470021, 6.39321737882, 0.987398203128, 1.00000069443, 109.713170064, 1.06222419878, 4.39562690805, 1.01362743946, 3.29000093401, 1.00000068908, 298.286416289, 28.2342767244, 1725.04134243, 0.0
3.92432707681, 1.10011008966, 1.50114924722, 0.809959939861, 2.83000062532, 1.05606349212, 3.09519806542, 1.26000096349, 1.14000046401, 2.03165784708, 3.00851363933, 1.09509215121, 3.04000087433, 1.04137687733, 0.901979507265, 1.00000001343, 1.00000049242, 1.03071349625, 4.47247197934, 0.997991950518, 1.00000052359, 89.5109193694, 0.986710829986, 1.6499779925, 0.95321234567, 3.2900006237, 1.00000033399, 180.891999516, 23.3862919211, 1535.44899368, 0.536193029491
1.1791360769, 1.1200314131, 1.7242644316, 0.891353952107, 2.830000385, 0.892554171237, 3.77342224078, 1.2600009682, 1.1400000332, 3.45955813016, 3.08567511965, 1.02041723503, 3.04000079943, 1.11441948361, 0.831523375951, 1.00000026474, 1.00000030892, 1.09161577079, 3.8254395993, 0.94123886476, 1.00000030855, 121.75192822, 0.981453361489, 3.93896164576, 1.06268802717, 3.2900008662, 1.00000022615, 239.491929079, 21.2033214119, 4387.88501873, 0.804289544236
1.4108858445, 1.01163743402, 1.47759915688, 0.803972891629, 2.83000010432, 1.01757314317, 1.68333768218, 1.2600009887, 1.14000075011, 1.53506186156, 2.94892204695, 0.956509970478, 3.04000076912, 1.11073051874, 0.801814431339, 1.0000005415, 1.00000021966, 1.03483914674, 4.32414662965, 0.969502799818, 1.00000067201, 116.135116535, 0.983984187063, 1.62772950291, 0.976915507685, 3.29000070917, 1.00000012913, 484.575517429, 24.7362165805, 4328.80702714, 0.0
1.4108858445, 1.11038460976, 1.47759915688, 0.80225739107, 2.83000010432, 1.01757314317, 1.42185103189, 1.26000099623, 1.14000013133, 2.81680509217, 2.91191222686, 0.956509970478, 3.0400008915, 1.04403923862, 0.803550149673, 1.00000006521, 1.00000021966, 1.04377531301, 4.32414662965, 0.969502799818, 1.00000067201, 103.640435304, 0.983984187063, 4.92966981873, 0.962951388111, 3.29000070917, 1.0000009871, 821.841449962, 28.8709144005, 1150.85022942, 0.0
4.83656481963, 1.05990961151, 1.36960525714, 0.921847263597, 2.83000098334, 1.01182796451, 4.94377803336, 1.26000034237, 1.14000099965, 2.37593013748, 1.96607809916, 0.908883791283, 3.04000024614, 1.00131818741, 0.822102337418, 1.00000097003, 1.00000011135, 1.02603904574, 3.47330220685, 0.971366781144, 1.00000071062, 116.125669649, 0.930217695369, 3.2383333249, 0.989797768258, 3.29000045188, 1.00000068254, 96.4786298715, 15.3009268495, 703.622147756, 1.07238605898
2.83836765599, 1.02399646551, 1.67122272964, 0.800971906236, 2.83000093576, 0.856354715933, 5.87230698783, 1.26000036847, 1.14000005891, 1.57261840205, 3.04996957171, 0.904320668705, 3.04000013243, 1.1050180381, 0.837067459514, 1.00000065422, 1.00000011135, 1.05574756123, 6.07259987366, 0.918456644428, 1.0000009443, 80.6775612122, 1.05461458009, 3.2383333249, 1.05133232957, 3.29000001838, 1.0000001535, 156.627529275, 12.2866464206, 539.865462854, 8.57908847185
1.32950470097, 1.09437079351, 1.6912265011, 0.871322111889, 2.83000096124, 1.16902772042, 4.83572371558, 1.26000086693, 1.14000085551, 1.45217126095, 2.89586746249, 1.08993153799, 3.04000021966, 1.0440073631, 0.809436165956, 1.00000043835, 1.00000043397, 1.09561118341, 5.85668886069, 0.916305880696, 1.00000067943, 111.038862955, 1.01203336489, 2.72141171474, 1.0310211515, 3.29000046894, 1.00000099265, 259.08122508, 20.270794442, 604.796643472, 1.34048257373
2.6203448334, 1.02259261499, 1.46403043765, 0.884825067147, 2.83000038603, 1.11485654396, 4.94377803336, 1.26000000464, 1.14000094248, 1.4005527161, 2.88962178311, 0.958857537127, 3.0400009061, 1.06361639561, 0.812508942691, 1.00000041381, 1.00000021935, 1.01438470021, 4.00062176538, 0.987398203128, 1.00000069443, 109.713170064, 1.06222419878, 4.39562690805, 1.01362743946, 3.29000060911, 1.00000068908, 159.096770548, 24.3801668853, 390.300245925, 1.07238605898
1.4026437997, 1.06167731609, 1.47333683322, 0.817658074129, 2.83000066386, 0.945986082302, 4.31592036662, 1.26000062353, 1.14000095892, 1.66913202085, 2.8617305009, 1.01633753478, 3.04000067557, 1.04207486964, 0.785359145058, 1.00000042915, 1.00000019034, 1.07432481938, 3.0671616092, 0.957734752848, 1.00000057127, 97.0921893873, 0.880541310217, 5.12232175421, 1.01445843371, 3.2900004319, 1.00000003126, 425.507466622, 31.7105089128, 1308.86590575, 0.0
4.83656481963, 1.05990961151, 1.36960525714, 0.988612436382, 2.83000098334, 1.01182796451, 4.94377803336, 1.26000034237, 1.14000099965, 2.37593013748, 1.96607809916, 1.02167110178, 3.04000024614, 1.00131818741, 0.822102337418, 1.00000097003, 1.00000046881, 1.02603904574, 3.47330220685, 0.971366781144, 1.00000015708, 116.125669649, 0.930217695369, 5.39011161384, 0.989797768258, 3.29000045188, 1.00000068254, 105.481699253, 15.2658056554, 243.654388853, 2.9490616622
1.30400204342, 1.07386923822, 1.64506441273, 0.989112976048, 2.83000016269, 1.00116518492, 2.91315440176, 1.26000097239, 1.14000065079, 3.02587465508, 2.88971073669, 0.885395707693, 3.0400009481, 1.11969824389, 0.800973726818, 1.00000095922, 1.00000094376, 1.08843431162, 3.04000787419, 0.970652763149, 1.00000079444, 120.742009945, 1.07632451186, 1.62772950291, 1.02620030479, 3.29000024965, 1.00000006165, 719.621061418, 26.6732697026, 2762.10499745, 0.0
4.0818553235, 1.02912800567, 1.72688720286, 0.902546559278, 2.83000042512, 0.875195382768, 3.27096513708, 1.26000055649, 1.14000078807, 1.83780877096, 3.01165565881, 0.990793969512, 3.04000062652, 1.07237295246, 1.05603016649, 1.00000091828, 1.00000076555, 1.05205566236, 7.67538964052, 0.917959395321, 1.00000065413, 92.5218817926, 0.861247649285, 2.44417995153, 1.05345988411, 3.29000002316, 1.0000009696, 118.816553984, 15.9903728461, 840.14132773, 1.34048257373
1.09647982391, 1.07323235951, 1.5752323873, 0.850014512487, 2.83000047722, 1.10855300737, 4.64948487165, 1.26000051541, 1.14000096564, 1.25532117637, 2.98750596824, 1.04921507424, 3.0400001626, 1.04308578063, 0.853741069307, 1.00000074141, 1.00000003332, 1.03487002191, 4.47965836904, 0.937919825195, 1.00000094141, 111.922373233, 0.983089993269, 2.78448313736, 1.0342184313, 3.29000012384, 1.00000098631, 206.588960436, 15.6576630347, 1001.81093929, 1.34048257373
2.00175576854, 1.04788388622, 1.37631006237, 0.933649333935, 2.8300009508, 1.05247406641, 2.85778109049, 1.26000074053, 1.140000621, 1.6129693076, 3.10059349295, 1.01612722238, 3.04000088638, 1.09211959523, 0.852079155654, 1.00000011982, 1.00000037129, 1.10896593704, 4.18630920642, 0.949796237833, 1.00000074177, 110.846747035, 0.984809607631, 1.01806788406, 1.05385078664, 3.29000042448, 1.00000025085, 395.497553232, 21.8416471542, 1532.01635543, 0.536193029491
4.50433874664, 1.13076329289, 1.58277087619, 0.832394208469, 2.83000092701, 0.871021921021, 2.81342423367, 1.26000037757, 1.14000057612, 2.53804479019, 3.00498323402, 1.01122025616, 3.04000081665, 1.01777550114, 0.835130585525, 1.00000037948, 1.00000054834, 1.0363229344, 5.21109626306, 0.982272236813, 1.00000039661, 97.1712058744, 1.08162839051, 4.22846629088, 0.970367083709, 3.2900005802, 1.00000033992, 800.900984398, 24.0043378027, 1556.76566176, 0.268096514745
2.75897338308, 1.13102751956, 1.73427548845, 0.874576170513, 2.83000064508, 0.983967374268, 3.71287347313, 1.26000001622, 1.14000048178, 2.61844747532, 2.92108872966, 1.05726868685, 3.04000048926, 1.00738958063, 0.945441045683, 1.00000058789, 1.00000024597, 1.10015755133, 4.50948022997, 0.932806529999, 1.00000006735, 105.198293803, 1.02728575341, 4.86846554104, 1.05594180132, 3.29000066434, 1.00000061689, 888.295420011, 23.8937964049, 7592.98140953, 0.268096514745
3.39528198401, 1.07146353983, 1.72280692689, 0.822585928025, 2.83000017951, 1.16449562949, 2.38056139051, 1.26000044923, 1.14000089932, 3.37687171885, 2.99373184507, 0.971543709817, 3.04000039251, 1.09086963123, 0.824403691035, 1.00000067672, 1.00000030134, 1.07587646441, 3.59557885728, 0.919071778555, 1.00000055722, 96.6153327761, 1.05877122623, 1.86968056345, 0.994136153898, 3.29000071486, 1.00000029254, 139.911808554, 17.7810469332, 596.24207806, 1.87667560322
2.75897338308, 1.13102751956, 1.73427548845, 0.874576170513, 2.83000064508, 0.983967374268, 3.71287347313, 1.26000003235, 1.1400007406, 2.61844747532, 2.89366643855, 1.0533539325, 3.0400001812, 1.02705759607, 0.878398877987, 1.00000058789, 1.00000044701, 1.10015755133, 6.06091222087, 0.932806529999, 1.00000006735, 105.198293803, 1.02728575341, 4.86846554104, 1.06654703232, 3.29000024673, 1.00000069369, 278.406547839, 16.5507975491, 1701.41545602, 1.07238605898
2.07016864006, 1.1115456262, 1.44732353563, 0.808711577607, 2.83000089131, 1.00285433843, 2.06059774868, 1.26000002619, 1.14000066919, 2.444228489, 2.09859256746, 1.03471758064, 3.04000025281, 1.06070426107, 0.996127363553, 1.00000057243, 1.00000099481, 1.04800430016, 3.19201050909, 0.938592379638, 1.00000098505, 107.057355784, 1.03887801042, 1.49823564994, 0.998984797542, 3.2900007198, 1.00000073126, 579.544219308, 20.4846450408, 717.799081783, 1.07238605898
3.16321183395, 1.05470994267, 1.37555048969, 0.817043663456, 2.83000062095, 0.927035704318, 3.38782044579, 1.26000001313, 1.14000062996, 2.59162031116, 2.73364126178, 1.09512672403, 3.04000014829, 1.09017634829, 0.835676653059, 1.00000081998, 1.00000043164, 1.03729745221, 5.47718234286, 0.971962179587, 1.00000022789, 111.693582632, 0.893538400411, 3.47497131375, 1.06957540254, 3.29000074597, 1.00000016035, 204.853598083, 25.5722145106, 404.420650597, 1.07238605898
2.61705235317, 1.05284600074, 1.38665659114, 0.911045883364, 2.83000002924, 1.04986867638, 3.44178378824, 1.26000083507, 1.14000035484, 3.60979135271, 1.60945460642, 1.0795920119, 3.04000046115, 1.0085393702, 1.06293703615, 1.00000007378, 1.00000012504, 1.01335656466, 8.30135198538, 0.994007302824, 1.00000097383, 106.982792378, 0.918622571027, 3.5219378507, 1.04971426369, 3.29000092355, 1.00000028126, 243.274992781, 13.7830348757, 684.821240485, 4.02144772118
2.67658069474, 1.10302908087, 1.63865866716, 0.812696917506, 2.83000045241, 0.975439272609, 2.453263157, 1.26000076868, 1.14000062526, 3.39240740754, 3.02907640944, 1.02469884691, 3.04000088437, 1.08424626765, 1.03498623504, 1.00000022658, 1.00000085539, 1.02374290119, 4.49157068378, 0.911397528113, 1.00000011976, 106.04551058, 1.03020881315, 1.00650002249, 1.02734414972, 3.2900004212, 1.00000001279, 321.544843266, 22.9648304745, 2091.80126627, 0.536193029491
3.12022118192, 1.09938242082, 1.66275820103, 0.933314202046, 2.83000028307, 1.11423097237, 2.72574762595, 1.26000017716, 1.14000076367, 1.54359911319, 2.94475364927, 0.933816155243, 3.04000024667, 1.06464028832, 0.80072232243, 1.00000045149, 1.0000000184, 1.08826626858, 3.46454791494, 0.928080484978, 1.00000059152, 92.6849473256, 1.08265763895, 5.91835387024, 1.02181115538, 3.29000004169, 1.00000093595, 108.666382227, 20.4803568634, 321.888251728, 4.55764075067
4.24999792322, 1.08588706722, 1.3769917815, 0.839663093206, 2.83000001067, 1.15044200883, 5.52831169128, 1.26000090142, 1.14000012121, 1.72504461104, 3.06347657395, 1.03295294425, 3.04000088998, 1.03421787066, 1.02307839917, 1.00000082323, 1.00000069532, 1.04107633311, 6.89354760797, 0.9767570288, 1.00000087473, 116.767842409, 0.971777156976, 1.70496014385, 0.950941982814, 3.29000089238, 1.00000014934, 165.234526389, 17.5210452791, 647.130426179, 1.60857908847
3.67472227089, 1.00791675077, 1.42206498025, 0.972432799215, 2.83000042512, 1.1443690609, 4.97103701569, 1.26000046677, 1.14000031769, 1.60158455593, 2.88197452929, 1.03068854287, 3.04000062082, 1.10487608079, 0.781264782267, 1.00000040778, 1.00000060507, 1.01361753529, 3.02031218511, 0.917897642087, 1.00000002623, 98.0036476945, 0.94623427405, 2.44417995153, 0.967291045859, 3.29000023483, 1.0000000428, 715.366649143, 26.1651705692, 1394.54075765, 0.268096514745
4.94147134484, 1.13439890913, 1.61337396535, 0.963883829464, 2.83000040837, 0.88703139352, 2.54285463223, 1.26000019086, 1.14000063742, 3.35374986346, 2.35193557783, 0.910127493331, 3.04000080155, 1.05920183617, 0.847416716658, 1.00000088592, 1.0000005649, 1.05574756123, 8.12875500213, 0.956297390265, 1.00000028682, 90.2938574321, 0.843124938723, 3.10243074256, 0.956989974235, 3.29000058417, 1.00000026895, 169.249857433, 17.8492843549, 732.833338267, 1.34048257373
2.56308633964, 1.06167731609, 1.47333683322, 0.992705781903, 2.83000066386, 0.945986082302, 1.35417598571, 1.26000062353, 1.14000095892, 1.66913202085, 2.8617305009, 1.01788601367, 3.04000067557, 1.04207486964, 0.958713623379, 1.00000042915, 1.00000019034, 1.07432481938, 3.0671616092, 0.922108407935, 1.00000057127, 115.848099694, 0.880541310217, 5.12232175421, 1.01445843371, 3.29000082948, 1.00000003126, 764.849527338, 27.3005799022, 6168.50668771, 0.0
1.1302146184, 1.12239345443, 1.36960525714, 0.921847263597, 2.83000099621, 1.16449562949, 3.7482264501, 1.26000023158, 1.14000089932, 2.37593013748, 2.133474699, 0.908883791283, 3.04000038169, 1.00131818741, 0.822102337418, 1.00000098416, 1.0000008909, 1.00389433762, 8.53990089881, 0.971366781144, 1.00000071062, 91.3925223755, 0.930217695369, 5.39011161384, 0.980424521514, 3.29000043945, 1.00000089199, 398.640350159, 22.2852733095, 380.415408201, 1.34048257373
3.14663475002, 1.10516181471, 1.65360401262, 0.994604202697, 2.8300009025, 0.942035243942, 1.68333768218, 1.26000018068, 1.14000046555, 1.863536802, 2.59987111286, 1.01237871424, 3.0400008342, 1.08453050483, 0.830431527601, 1.00000063693, 1.00000054904, 1.04012087335, 5.02042677029, 0.942907321139, 1.00000029314, 123.822868586, 0.955448654034, 4.72538357262, 1.06576297332, 3.29000070917, 1.00000068742, 147.240018543, 23.1000369434, 475.999773638, 1.34048257373
3.67472227089, 1.00406965895, 1.42206498025, 0.972432799215, 2.83000042512, 1.1443690609, 5.52831169128, 1.26000018722, 1.14000016618, 1.60158455593, 2.88197452929, 1.09340941415, 3.04000062082, 1.10487608079, 0.781264782267, 1.00000040778, 1.00000004532, 1.07161931386, 3.02031218511, 0.917897642087, 1.00000002623, 98.0036476945, 0.94623427405, 2.44417995153, 0.967291045859, 3.29000023483, 1.00000013144, 191.818559911, 13.4272183934, 2975.08413832, 3.21715817694
1.69584238145, 1.02399646551, 1.67122272964, 0.800971906236, 2.83000093576, 0.856354715933, 5.87230698783, 1.26000036847, 1.14000005891, 1.57261840205, 3.04996957171, 0.917945495776, 3.04000013243, 1.1050180381, 0.837067459514, 1.00000065422, 1.00000011135, 1.05574756123, 5.7372429129, 0.918456644428, 1.00000092157, 80.6775612122, 1.05461458009, 3.2383333249, 1.05133232957, 3.29000001838, 1.0000001535, 211.790024782, 24.9882165313, 321.56840514, 2.41286863271
1.4108858445, 1.01163743402, 1.47759915688, 0.803972891629, 2.83000010432, 1.01757314317, 1.68333768218, 1.2600009887, 1.14000065079, 1.53506186156, 2.94892204695, 0.956509970478, 3.040000942, 1.11073051874, 0.801814431339, 1.0000005415, 1.00000021966, 1.03483914674, 4.32414662965, 0.969502799818, 1.00000041909, 116.135116535, 0.983984187063, 1.62772950291, 0.976915507685, 3.29000070917, 1.00000012913, 648.827616105, 34.1535337015, 1798.49619121, 0.0
2.07016864006, 1.1115456262, 1.44732353563, 0.808711577607, 2.83000089131, 1.00285433843, 2.06059774868, 1.26000002619, 1.14000066919, 2.444228489, 2.09859256746, 1.03471758064, 3.04000025281, 1.06070426107, 0.996127363553, 1.00000057243, 1.00000099481, 1.04800430016, 3.19201050909, 0.956325171882, 1.00000098505, 107.057355784, 1.03887801042, 1.49823564994, 0.998984797542, 3.2900007198, 1.00000073126, 293.093932066, 14.291380361, 777.003407633, 4.82573726542
1.03253607843, 1.02210754906, 1.42296885428, 0.807657585141, 2.83000016082, 1.10207686887, 2.72574762595, 1.26000007402, 1.14000019521, 3.461884446, 2.86116332123, 0.961665305727, 3.04000035058, 1.06481871593, 0.807379838104, 1.00000066805, 1.00000043465, 1.08799235516, 6.60314920007, 0.979164598867, 1.00000045162, 108.909654049, 0.982332921896, 4.62387939136, 1.04708709613, 3.2900004319, 1.00000034679, 1315.06226891, 31.4855166248, 3693.94106687, 0.0
3.14663475002, 1.10516181471, 1.44693970738, 0.994604202697, 2.8300009025, 0.942035243942, 2.28226447879, 1.26000051113, 1.14000046555, 1.863536802, 2.59987111286, 1.01237871424, 3.04000060755, 1.08453050483, 0.830431527601, 1.00000063693, 1.00000054904, 1.04012087335, 5.02042677029, 0.942907321139, 1.00000029314, 123.822868586, 1.02840454733, 4.72538357262, 1.06576297332, 3.29000070614, 1.00000068742, 1828.18777228, 30.2717229377, 983.817545683, 0.536193029491
1.75400411172, 1.13817260628, 1.64528810146, 0.820232176931, 2.83000028802, 0.854474278858, 1.00874453152, 1.26000011954, 1.14000067728, 1.60158455593, 2.77815912235, 0.986480817515, 3.04000097555, 1.09942030402, 0.981273091269, 1.00000038468, 1.00000098701, 1.02791880091, 6.36206860112, 0.947464704224, 1.00000052733, 117.835254395, 1.03552435624, 2.90352360813, 1.04849171804, 3.2900006089, 1.0000005734, 369.385568276, 18.3495967139, 688.709777514, 1.60857908847
1.32993071074, 1.07633356633, 1.46575705168, 0.929398346235, 2.8300001256, 1.02172178748, 2.29336258465, 1.26000067003, 1.1400002065, 1.9024995094, 2.86116332123, 0.935355482412, 3.04000081843, 1.06346957174, 0.870773171716, 1.00000078095, 1.00000077617, 1.04369812929, 4.63131614529, 0.971939862269, 1.00000071238, 112.127208695, 1.06422627623, 2.48493796057, 1.0452674889, 3.2900004849, 1.00000030286, 1295.4860952, 33.154024865, 2227.61447795, 0.0
5.45783549851, 1.13047087976, 1.59497700455, 0.873275146744, 2.83000094416, 1.11945534515, 1.00874453152, 1.26000015402, 1.14000072561, 2.97594440814, 2.92108872966, 0.99514360474, 3.0400009061, 1.07921104399, 0.81290708335, 1.0000009566, 1.00000084319, 1.0399442517, 3.37102466169, 0.947464704224, 1.00000069443, 122.691918755, 1.06066910907, 2.98576236171, 1.00024530398, 3.29000055414, 1.00000060983, 1418.38039842, 28.4928974041, 11735.4873738, 0.0
3.07311172793, 1.0537229858, 1.51814581053, 0.992705781903, 2.8300000119, 0.857489452998, 4.45218441949, 1.26000020155, 1.14000045316, 2.95949935239, 2.89843188449, 1.09435803668, 3.04000015447, 1.05021527963, 0.958713623379, 1.00000024736, 1.00000096624, 1.08816609241, 3.41567485177, 0.97812661398, 1.00000056718, 115.848099694, 0.99846139056, 3.80572074867, 1.05498108239, 3.29000030094, 1.0000004907, 175.687828692, 13.2157855484, 1877.05109816, 5.09383378016
2.76303649522, 1.04661051618, 1.64790235207, 0.810512944167, 2.83000039671, 1.16787634601, 1.2870321159, 1.2600007933, 1.14000089932, 2.22681800962, 2.52094727532, 0.911657043268, 3.0400000147, 1.10533667221, 0.796094138541, 1.00000051266, 1.00000084319, 1.02297028682, 5.18260652042, 0.938756643223, 1.00000089897, 90.7558223094, 0.974050250886, 2.41451444534, 0.985587753196, 3.29000063913, 1.00000020291, 847.636631653, 29.584522531, 4701.85476071, 0.0
4.83656481963, 1.05990961151, 1.36960525714, 0.921847263597, 2.83000098334, 1.01182796451, 4.94377803336, 1.26000034237, 1.14000099965, 2.37593013748, 1.96607809916, 0.908883791283, 3.04000024614, 1.00131818741, 0.822102337418, 1.00000097003, 1.00000046881, 1.02603904574, 3.47330220685, 0.971366781144, 1.00000071062, 116.125669649, 0.930217695369, 5.39011161384, 0.989797768258, 3.29000045188, 1.00000068254, 395.658622073, 18.9179705581, 4245.48429017, 1.07238605898
2.07016864006, 1.1115456262, 1.44732353563, 0.889440676032, 2.83000089131, 1.00285433843, 2.06059774868, 1.26000002619, 1.14000066919, 2.444228489, 2.09859256746, 1.03471758064, 3.04000025281, 1.06070426107, 0.996127363553, 1.00000043351, 1.00000096278, 1.09325471258, 3.19201050909, 0.938592379638, 1.00000098505, 107.057355784, 1.03887801042, 2.16584458838, 0.998984797542, 3.2900007198, 1.00000088174, 438.213355195, 19.077657229, 1975.66644503, 1.07238605898
1.03253607843, 1.02210754906, 1.42296885428, 0.807657585141, 2.83000016082, 1.10207686887, 2.72574762595, 1.26000007402, 1.14000019521, 3.461884446, 2.86116332123, 0.961665305727, 3.04000035058, 1.04267213066, 0.900535444142, 1.00000066805, 1.00000043465, 1.08799235516, 6.60314920007, 0.979164598867, 1.00000045162, 108.909654049, 0.970194092626, 4.62387939136, 1.04708709613, 3.2900004319, 1.00000034679, 451.139741276, 32.3511193668, 1804.38136267, 0.268096514745
1.4026437997, 1.06167731609, 1.36208574687, 0.843425612782, 2.83000066488, 0.945986082302, 2.92513268876, 1.26000062353, 1.14000095892, 1.66913202085, 2.8617305009, 1.01788601367, 3.04000081665, 1.04207486964, 0.785359145058, 1.00000042915, 1.00000019034, 1.07432481938, 3.0671616092, 0.922108407935, 1.00000040568, 97.0921893873, 0.880541310217, 5.12232175421, 1.01445843371, 3.29000082948, 1.00000003126, 681.916026775, 35.43883848, 4229.78025983, 0.0
4.50433874664, 1.13076329289, 1.58277087619, 0.832394208469, 2.83000092701, 0.871021921021, 2.81342423367, 1.26000037757, 1.14000057612, 2.53804479019, 3.00498323402, 1.01122025616, 3.04000081665, 1.01777550114, 0.835130585525, 1.00000037948, 1.00000036948, 1.0363229344, 5.21109626306, 0.982272236813, 1.0000001979, 97.1712058744, 1.08162839051, 4.22846629088, 0.970367083709, 3.2900005802, 1.00000033992, 676.484796318, 36.9878264313, 4024.10984944, 0.0
1.36720433305, 1.10440599808, 1.42296885428, 0.807657585141, 2.83000016082, 1.10207686887, 2.72574762595, 1.26000017716, 1.14000019521, 2.60046634871, 2.9646693734, 0.961665305727, 3.04000042034, 1.06481871593, 0.807379838104, 1.00000066805, 1.00000043465, 1.08799235516, 6.60314920007, 0.979164598867, 1.00000045162, 108.909654049, 0.982332921896, 4.62387939136, 1.04708709613, 3.2900004319, 1.00000034679, 240.666049873, 13.4249431317, 1363.79500526, 4.82573726542
1.26752739995, 1.08064393615, 1.46403043765, 0.928626194138, 2.83000038603, 0.88703139352, 2.24455578945, 1.26000000464, 1.14000082466, 1.56116526506, 2.88962178311, 1.00972048454, 3.0400009061, 1.06361639561, 0.812508942691, 1.00000066805, 1.00000021935, 1.09396706622, 3.37102466169, 0.994944340897, 1.00000069443, 90.2938574321, 1.06222419878, 2.3258161761, 0.996179883176, 3.29000060136, 1.00000068908, 648.594441393, 39.0539848347, 5015.76045799, 0.0
3.39528198401, 1.07146353983, 1.72280692689, 0.822585928025, 2.83000017951, 1.16449562949, 2.38056139051, 1.26000044923, 1.14000089932, 3.37687171885, 2.99373184507, 0.908883791283, 3.04000039251, 1.09086963123, 0.866709631252, 1.00000067672, 1.00000030134, 1.07587646441, 3.59557885728, 0.919071778555, 1.00000055722, 96.6153327761, 0.930217695369, 1.86968056345, 0.994136153898, 3.29000071486, 1.00000029254, 146.999191443, 22.2666169119, 369.071060485, 2.41286863271
3.92432707681, 1.11923524984, 1.50114924722, 0.809959939861, 2.83000062532, 1.05606349212, 3.09519806542, 1.26000096349, 1.14000046401, 2.03165784708, 3.00851363933, 1.09509215121, 3.04000087433, 1.04137687733, 0.901979507265, 1.00000001343, 1.00000041108, 1.03071349625, 4.47247197934, 0.997991950518, 1.00000052359, 89.5109193694, 0.986710829986, 1.6499779925, 0.95321234567, 3.2900006237, 1.00000033399, 243.566019005, 13.8021196287, 1457.56223093, 4.28954423592
2.07016864006, 1.1115456262, 1.5701555301, 0.808711577607, 2.83000089131, 1.00285433843, 2.06059774868, 1.26000002619, 1.14000066919, 2.444228489, 2.09859256746, 1.03471758064, 3.04000025281, 1.06070426107, 0.996127363553, 1.000000147, 1.00000096278, 1.04800430016, 3.19201050909, 0.929795190832, 1.00000093262, 107.057355784, 1.03887801042, 1.49823564994, 1.06398453018, 3.2900007198, 1.00000062269, 140.287965565, 14.1059260617, 3583.32367027, 5.63002680965
2.58386488741, 1.10713130682, 1.64790235207, 0.810512944167, 2.83000039671, 1.16787634601, 2.33525572549, 1.2600007933, 1.14000089932, 2.22681800962, 2.52094727532, 0.911657043268, 3.0400000433, 1.03700632666, 0.796094138541, 1.00000051266, 1.00000048162, 1.04355383864, 5.18260652042, 0.938756643223, 1.00000089897, 92.2787611515, 0.974050250886, 2.41451444534, 0.985587753196, 3.2900006172, 1.00000020291, 362.358751584, 29.6032708293, 831.064123178, 0.804289544236
1.1302146184, 1.12239345443, 1.36960525714, 0.921847263597, 2.83000099621, 1.16449562949, 3.7482264501, 1.26000023158, 1.14000089932, 2.37593013748, 2.133474699, 0.908883791283, 3.04000038169, 1.00131818741, 0.798354233895, 1.00000098416, 1.0000008909, 1.00389433762, 8.53990089881, 0.971366781144, 1.00000071062, 91.3925223755, 1.00585650787, 5.39011161384, 0.979156852228, 3.29000043945, 1.00000089199, 242.057105424, 16.2887015343, 456.251475929, 3.75335120643
3.07311172793, 1.0537229858, 1.51814581053, 0.992705781903, 2.8300000119, 0.91667983661, 4.45218441949, 1.26000020155, 1.14000045316, 2.95949935239, 2.89843188449, 1.09435803668, 3.04000015447, 1.05021527963, 0.958713623379, 1.00000024736, 1.00000096624, 1.08816609241, 3.41567485177, 0.977223234259, 1.00000033868, 115.848099694, 1.069271833, 3.80572074867, 1.05498108239, 3.29000030094, 1.0000004907, 484.471294199, 19.2385867448, 2481.27876306, 1.07238605898
1.36720433305, 1.10440599808, 1.42296885428, 0.807657585141, 2.83000016082, 1.10207686887, 2.72574762595, 1.26000007402, 1.14000019521, 3.461884446, 2.9646693734, 0.961665305727, 3.04000042034, 1.06481871593, 0.807379838104, 1.00000066805, 1.00000043465, 1.08799235516, 6.60314920007, 0.979164598867, 1.00000045162, 108.909654049, 0.982332921896, 4.62387939136, 1.04708709613, 3.2900004319, 1.00000034679, 918.038143879, 40.2590809811, 2379.99084463, 0.0
