0.676396787842, 1.08334544088, 3.95388914025, 0.22222627141, 35.4615209243, 45.5913825291, 2.75831340361, 1.723088195, 26.7095685104, 705.680648104, 0.456744285388, 0.504385964912
0.559751236818, 1.2137906865, 2.53146408592, 0.249445508012, 9.44216778674, 48.2035062899, 3.96647568397, 1.97417078907, 28.8022578729, 521.363110447, 0.403869136294, 0.676515151515
0.697497186864, 0.983857473826, 5.29629071344, 0.394847952778, 18.9041202222, 43.2476276601, 2.32802715382, 1.47019792334, 38.3114272848, 733.206363023, 0.416277856647, 0.65206185567
0.798551272967, 1.21374447701, 2.32130390218, 0.398614345882, 27.4636948969, 42.156424021, 3.17072057637, 3.16293598741, 32.6189385932, 398.393621413, 0.552887001632, 0.00444444444444
0.819916969489, 0.91615936279, 2.36299203224, 0.35289030623, 29.7539354006, 40.5061175365, 2.94580547088, 1.37794364014, 26.7660579267, 271.322277082, 0.504328784284, 0.414285714286
0.678488320284, 0.934080653259, 6.00519824393, 0.441190208392, 14.9994252576, 49.0973456467, 2.60582824692, 3.17002750806, 31.363834604, 743.442135894, 0.499612258442, 0.0
0.647603608488, 1.23319717649, 2.7344136979, 0.343709223457, 3.63826918739, 43.6570079832, 2.45792613458, 3.03682137903, 43.4422972295, 561.439755871, 0.54638084678, 0.0
0.532276032708, 0.96281072643, 2.16792334501, 0.34956759255, 8.03457154263, 48.3726871812, 2.04268656824, 0.247946976676, 25.1848770933, 272.83573391, 0.564236808596, 0.03125
0.881199765664, 0.984792483167, 2.60893128214, 0.474972029106, 39.9080444487, 41.3991085072, 3.63551132243, 2.90579814717, 34.1912188298, 501.857275537, 0.597947340934, 0.0
0.634140862326, 0.931074851187, 3.53838264381, 0.332070527757, 35.9882781702, 48.9593217874, 2.88464840487, 1.47163601612, 38.5447305041, 627.017217233, 0.425982320485, 0.609848484848
0.510485987417, 1.2137906865, 2.53146408592, 0.249445508012, 9.44216778674, 48.2035062899, 3.96647568397, 1.97417078907, 28.8022578729, 521.800993881, 0.417214559482, 0.641698841699
0.603466016003, 0.891349572274, 2.83771259976, 0.454955550051, 5.47989526533, 41.1282339941, 2.6728048458, 4.88876240507, 20.5030264485, 382.099329655, 0.457442115523, 0.0113636363636
0.86936305797, 0.867731411066, 6.33812163621, 0.493381167665, 43.8346814207, 41.3015857541, 2.06399170743, 4.46214539251, 35.0706553026, 786.057822783, 0.490041203796, 0.0
0.780908038028, 1.11563856119, 2.15137673979, 0.248316038932, 35.561446261, 41.8112881308, 2.63742196006, 0.602304721024, 26.7030634445, 322.053129815, 0.532466336613, 0.0839694656489
0.872175280514, 1.11763045635, 3.49495616334, 0.289590188827, 23.6434667872, 40.6908756294, 3.74696003523, 1.49638688345, 43.1942815323, 722.761978848, 0.438581452687, 0.565059144677
0.819916969489, 0.91615936279, 2.36299203224, 0.35289030623, 29.7539354006, 40.5061175365, 2.0665086784, 1.97429482255, 34.9348529494, 298.350029294, 0.471336043674, 0.530120481928
0.50432718615, 1.1713076902, 7.9267866005, 0.332217975043, 31.7526977473, 46.5553004068, 2.94580547088, 1.37794364014, 26.7660579267, 1623.99708472, 0.401632290599, 0.379310344828
0.532276032708, 1.05923293486, 2.16792334501, 0.34956759255, 8.03457154263, 49.7565057847, 2.04268656824, 0.247946976676, 24.5089826298, 291.539282852, 0.561572101877, 0.0660377358491
0.603466016003, 0.867731411066, 2.83771259976, 0.454955550051, 5.47989526533, 41.1282339941, 2.6728048458, 3.23155950695, 20.5030264485, 291.829401464, 0.541911763442, 0.12987012987
0.620321644588, 1.21684180902, 3.80505922262, 0.218918686956, 28.1965428221, 44.5913659605, 3.00057464731, 1.95292219147, 33.7578911033, 910.817990421, 0.434352653013, 0.517386722866
0.819916969489, 0.91615936279, 2.36299203224, 0.35289030623, 29.7539354006, 41.4340290872, 2.47043134649, 1.37794364014, 42.3780435482, 336.601627493, 0.454968832237, 0.638888888889
0.603466016003, 0.891349572274, 2.56714331127, 0.454955550051, 5.47989526533, 40.2046238101, 2.6728048458, 4.88876240507, 20.5030264485, 301.065778323, 0.501501605333, 0.205673758865
0.67616133242, 1.23163058048, 4.80464678235, 0.410413552228, 32.7285174702, 42.0433910606, 3.71648854088, 1.82198680748, 26.3885784296, 1221.74968543, 0.432093181225, 0.600200400802
0.517686975938, 0.961540064416, 2.13545355562, 0.431135796523, 6.96470011646, 49.1833221669, 3.26825034715, 1.05941636751, 32.4986430901, 357.437830183, 0.452124086053, 0.55694980695
0.697497186864, 0.983857473826, 5.29629071344, 0.349064693131, 0.927422051604, 43.2476276601, 2.08068499235, 1.47019792334, 38.3114272848, 781.82121053, 0.447188140056, 0.513888888889
0.513836762563, 0.823457480909, 5.97767321336, 0.403189751232, 13.4589554447, 41.3216196823, 3.73402386337, 1.39543855237, 40.5328030676, 842.264113226, 0.441051555799, 0.506545820745
0.589086161719, 0.940593459515, 2.17969301465, 0.432439811115, 3.38193139015, 41.3734446861, 3.19400196882, 1.79286584917, 26.8664587298, 320.472807011, 0.457392472489, 0.591346153846
0.697359435656, 1.25123560526, 2.48140746931, 0.454283513322, 8.14702677094, 49.6006546151, 2.04268656824, 0.667223973213, 36.2720590287, 456.427333429, 0.608926232202, 0.0
0.757666499504, 1.22325362521, 3.68853214368, 0.227094850906, 24.7509174375, 47.4147469752, 2.40785965263, 1.23954986239, 42.9212746382, 923.037196991, 0.417047051246, 0.676375404531
0.50432718615, 1.1713076902, 7.9267866005, 0.332217975043, 31.7526977473, 48.336501469, 2.0665086784, 1.97429482255, 34.9348529494, 1624.02022208, 0.430455722863, 0.428571428571
0.620321644588, 1.17279988563, 3.80505922262, 0.218918686956, 28.1965428221, 44.5913659605, 3.00057464731, 1.95292219147, 33.7578911033, 893.537945732, 0.429482720558, 0.641985353946
0.743265858056, 1.23815183454, 3.33141628845, 0.47865744973, 19.058048906, 42.9904916298, 3.44099158891, 1.28296450833, 39.1302538396, 903.731928127, 0.444058462038, 0.538807649044
0.872175280514, 1.11763045635, 3.49495616334, 0.289590188827, 23.6434667872, 40.6908756294, 3.74696003523, 1.49638688345, 43.1942815323, 902.614168672, 0.446355099608, 0.534914361001
0.859009147889, 1.21817989236, 4.97125636751, 0.316544546231, 24.7509174375, 41.1253821133, 3.76875581893, 1.23954986239, 32.9750790311, 1357.95440015, 0.435532220988, 0.605900948367
0.740266780729, 0.846293375794, 4.58003189349, 0.430676144895, 28.2561427422, 44.6340551702, 2.92199623363, 1.07330308295, 42.8595937733, 658.827674809, 0.550848574535, 0.0
0.532276032708, 0.96281072643, 2.16792334501, 0.34956759255, 8.03457154263, 48.3726871812, 3.43352379191, 0.247946976676, 25.1848770933, 373.999722847, 0.564399577606, 0.0443213296399
0.835006790528, 0.912008272504, 2.09068873081, 0.307720616274, 12.4716567153, 47.6351939492, 3.50576223397, 3.04079163131, 26.9012394626, 338.388957655, 0.610783856533, 0.0583554376658
0.603466016003, 0.891349572274, 2.56714331127, 0.454955550051, 5.47989526533, 41.1282339941, 2.6728048458, 4.88876240507, 20.5030264485, 327.359287152, 0.535298724423, 0.0940170940171
0.609549605339, 0.981113194272, 4.82901735892, 0.335324770369, 36.583859283, 41.6314327481, 2.10358093532, 3.32883679117, 40.6632250828, 751.530872685, 0.544285044832, 0.00917431192661
0.88103891117, 0.896077467764, 3.99663866388, 0.482048343433, 32.904852615, 44.6219594823, 3.93463956288, 0.864848936011, 30.4115504548, 617.789723608, 0.659370163112, 0.0
0.757230046522, 0.978048454971, 6.02448503192, 0.48587371115, 25.9315446496, 43.3120848253, 2.79347475257, 1.10741478088, 26.6890242594, 698.327182116, 0.581479372325, 0.0
0.618395243674, 1.19763419151, 2.108885992, 0.243711062497, 0.365349867746, 43.4368742228, 2.91344363961, 2.01281032475, 25.3274738583, 327.879843248, 0.530232170588, 0.56711409396
0.819916969489, 0.91615936279, 2.36299203224, 0.35289030623, 29.7539354006, 41.4340290872, 2.47043134649, 1.37794364014, 42.3780435482, 318.935049345, 0.57044517812, 0.122641509434
0.559545761235, 1.24559531589, 6.38097728783, 0.425905809572, 3.69016469599, 43.8994581777, 2.48712930117, 0.894984274549, 39.8234960671, 1269.46780904, 0.526998958564, 0.00606060606061
0.87241622459, 1.17427301241, 2.02909323228, 0.283255230353, 11.460780031, 42.0433910606, 3.62161161912, 1.43044500312, 29.8725860035, 425.036829902, 0.499380374609, 0.469072164948
0.517686975938, 0.962515366681, 3.45413949058, 0.420451872926, 14.8071355556, 44.2236807324, 2.51739742495, 3.158510235, 35.5378394324, 587.394154418, 0.492136658502, 0.10752688172
0.559751236818, 1.2137906865, 2.53146408592, 0.249445508012, 9.44216778674, 48.2035062899, 3.68631138262, 1.97417078907, 28.8022578729, 554.756007735, 0.478370659959, 0.207594936709
0.634140862326, 0.931074851187, 3.53838264381, 0.332070527757, 35.9882781702, 49.8847590333, 2.88464840487, 1.47163601612, 38.5447305041, 493.039029104, 0.465149029038, 0.37037037037
0.523004903688, 0.96281072643, 2.16792334501, 0.34956759255, 8.03457154263, 48.3726871812, 3.43352379191, 0.247946976676, 25.1848770933, 405.169771962, 0.519136233251, 0.0491803278689
0.87241622459, 0.992866180265, 2.2748129802, 0.283255230353, 11.460780031, 45.5913825291, 3.67808395319, 1.43044500312, 29.8725860035, 401.390979379, 0.477175818405, 0.494451294698
0.853949758984, 0.961540064416, 2.37323648848, 0.431135796523, 32.904852615, 40.1627235485, 3.75976797308, 1.05941636751, 32.4986430901, 450.68377236, 0.473917999029, 0.439528023599
0.50432718615, 1.04022215535, 3.50543980001, 0.47343634822, 31.7526977473, 40.4884206324, 2.43875638014, 2.00366286942, 34.9348529494, 581.043032037, 0.472921785146, 0.248275862069
0.559545761235, 1.24559531589, 6.38097728783, 0.425905809572, 2.06584335626, 43.8994581777, 2.48712930117, 0.894984274549, 39.8234960671, 1473.30058586, 0.531322317212, 0.0108695652174
0.649910821281, 0.869196904323, 2.54455232444, 0.331471263911, 1.99427914016, 41.2650156382, 2.14170951231, 0.346941956292, 28.6836906762, 316.268570931, 0.595599680308, 0.186046511628
0.87241622459, 1.13622070784, 2.02909323228, 0.283255230353, 11.460780031, 41.2914849112, 3.62161161912, 1.43044500312, 29.8725860035, 392.896431199, 0.477420970535, 0.632379248658
0.67616133242, 1.23163058048, 4.80464678235, 0.410413552228, 32.7285174702, 41.2914849112, 3.6482087104, 1.82198680748, 26.3885784296, 1158.31783996, 0.467352678172, 0.465087281796
0.510485987417, 1.2137906865, 2.53146408592, 0.249445508012, 9.44216778674, 48.2035062899, 3.96647568397, 1.97417078907, 28.8022578729, 561.148846759, 0.466594576721, 0.495460440986
0.853949758984, 0.961540064416, 2.37323648848, 0.431135796523, 32.904852615, 44.6219594823, 3.75976797308, 1.05941636751, 32.4986430901, 412.545270925, 0.491323553126, 0.61308411215
0.697497186864, 0.983857473826, 5.29629071344, 0.394847952778, 15.3018581252, 43.2476276601, 2.32802715382, 1.47019792334, 38.3114272848, 642.75272257, 0.49749297987, 0.172588832487
0.757230046522, 0.978048454971, 6.02448503192, 0.48587371115, 25.9315446496, 43.3120848253, 2.79347475257, 1.10741478088, 24.4745111622, 703.804362068, 0.4782859921, 0.266272189349
0.620321644588, 1.17279988563, 3.80505922262, 0.218918686956, 28.1965428221, 44.5913659605, 3.00057464731, 1.95292219147, 33.7578911033, 818.896805005, 0.484943150053, 0.216318785579
0.553965312361, 0.92062822615, 5.97767321336, 0.403189751232, 16.5727433372, 41.3216196823, 3.73402386337, 3.50034649601, 43.2834355375, 1132.5904964, 0.548513344741, 0.00396825396825
0.740266780729, 0.846293375794, 4.58003189349, 0.350153544635, 28.2561427422, 44.6340551702, 2.92199623363, 1.07330308295, 43.4483197471, 545.110675888, 0.478773328651, 0.490118577075
0.650297970953, 0.823457480909, 7.3657206408, 0.438327606156, 12.7230205415, 44.4594602221, 2.43619662274, 3.01011279242, 30.2845428664, 723.707488119, 0.646280371981, 0.0105263157895
0.743265858056, 1.25810447085, 3.48237791418, 0.47865744973, 19.058048906, 42.9904916298, 3.44099158891, 1.28296450833, 39.1302538396, 958.386805073, 0.458502854378, 0.583941605839
0.853949758984, 0.961540064416, 2.37323648848, 0.431135796523, 6.96470011646, 44.2040033649, 3.75976797308, 1.05941636751, 32.4986430901, 419.066680815, 0.510915623203, 0.383360522023
0.757666499504, 1.22325362521, 3.68853214368, 0.227094850906, 24.7509174375, 47.4147469752, 2.40785965263, 1.23954986239, 26.7030634445, 539.455132164, 0.507910320975, 0.343347639485
0.88592830996, 0.986485914821, 2.66347186202, 0.457528882618, 15.7814203485, 45.870960135, 2.34620193327, 0.0452501199104, 40.434310712, 435.417602369, 0.716019725341, 0.0120481927711
0.50962562304, 0.962515366681, 3.1918692603, 0.420451872926, 25.9315446496, 44.2236807324, 2.51739742495, 3.158510235, 35.5378394324, 476.282694038, 0.530623609116, 0.108910891089
0.86936305797, 0.891349572274, 6.33812163621, 0.493381167665, 43.8346814207, 43.0320393754, 2.06399170743, 4.88876240507, 38.0493791351, 769.683692976, 0.703127562751, 0.0
0.544161993006, 0.935647243669, 6.77812466574, 0.257953454145, 8.13942550154, 42.6440190868, 3.41491825895, 2.02363442429, 41.4154331223, 1042.68426467, 0.499382338561, 0.0452488687783
0.740266780729, 0.846293375794, 4.58003189349, 0.430676144895, 28.2561427422, 44.6340551702, 2.92199623363, 1.07330308295, 42.8595937733, 664.976871837, 0.473829217664, 0.459459459459
0.571571610903, 1.17198624867, 7.10648808339, 0.320485233914, 44.8528135935, 49.4155571176, 2.55650627948, 1.88948530877, 31.8991366882, 1498.55554832, 0.459482685111, 0.678362573099
0.717554733792, 0.940593459515, 7.97447833249, 0.432439811115, 3.38193139015, 41.3735709966, 3.19400196882, 4.15901250392, 26.8664587298, 1222.57433462, 0.551780395308, 0.00342465753425
0.87241622459, 1.17427301241, 2.2748129802, 0.283255230353, 11.460780031, 45.5913825291, 3.67808395319, 1.43044500312, 29.8725860035, 508.075493777, 0.478105064587, 0.588735387885
0.657291417729, 1.17198624867, 7.10648808339, 0.425905809572, 44.8528135935, 49.4155571176, 2.55650627948, 1.88948530877, 31.8991366882, 1488.04115466, 0.583990807005, 0.0
0.691069849318, 1.12114526299, 7.37737232132, 0.497287538224, 6.00991254295, 48.3057436099, 3.18963538241, 1.41730144501, 23.4231737707, 1655.1521997, 0.586282570017, 0.0
0.718412109498, 1.14418634684, 7.37737232132, 0.497287538224, 12.3615015295, 48.3057436099, 3.18963538241, 1.41730144501, 34.4043728624, 1903.34913855, 0.585254865179, 0.0
0.757230046522, 0.978048454971, 6.02448503192, 0.48587371115, 14.8071355556, 43.3120848253, 2.79347475257, 1.10741478088, 26.6890242594, 768.094810489, 0.487335690746, 0.299363057325
0.844851907877, 1.22685056246, 2.39189297104, 0.280062695031, 8.73073057492, 41.4545387625, 2.56656099235, 0.284088281629, 38.4194993607, 451.395608409, 0.630170959607, 0.0381679389313
0.835006790528, 0.912008272504, 2.09068873081, 0.307720616274, 12.4716567153, 47.6351939492, 3.42974445664, 3.04079163131, 26.9012394626, 326.070180597, 0.607213988301, 0.19140625
0.754441037508, 1.05856797015, 5.37196330159, 0.459925192909, 31.7165979878, 46.1585803546, 2.0359438321, 0.42725688074, 31.3899996052, 929.631380878, 0.662662049946, 0.0
0.553965312361, 0.92062822615, 5.97767321336, 0.403189751232, 13.4589554447, 41.3216196823, 3.73402386337, 1.39543855237, 40.5328030676, 957.019677615, 0.513601106872, 0.0411392405063
0.681794529733, 1.05295173886, 7.81195042807, 0.473715883501, 44.9511981439, 41.4978979846, 2.94060905727, 2.08090814861, 36.9348051895, 1382.15303831, 0.517950537869, 0.0178571428571
0.556074914115, 1.14349202737, 5.09833470272, 0.372430745548, 35.064785521, 47.4579836605, 3.36320835664, 1.90342137244, 33.3298333639, 1232.38067652, 0.504502181971, 0.0258620689655
0.72186743869, 1.0585021723, 5.10836074624, 0.44898162464, 36.8044632114, 42.830321188, 2.20883035527, 0.459174265779, 32.9474603638, 802.824967643, 0.524128713909, 0.0123456790123
0.88103891117, 0.896077467764, 3.99663866388, 0.392036387831, 6.96470011646, 44.2040033649, 3.93463956288, 0.864848936011, 30.4115504548, 570.849591717, 0.609266572193, 0.0203488372093
0.881199765664, 0.984792483167, 3.38216062611, 0.474972029106, 39.9080444487, 41.3991085072, 3.63551132243, 2.90579814717, 34.1912188298, 732.044568867, 0.573096856544, 0.0130718954248
0.697359435656, 1.16199016144, 2.48140746931, 0.306872884794, 32.4340914434, 49.6797750659, 3.43352379191, 0.256858310303, 37.5909721635, 578.306134705, 0.618378401125, 0.026706231454
0.501065149908, 1.01428469937, 6.27067105945, 0.280169924626, 49.7098667549, 44.4424399888, 2.82131643579, 0.0654035306993, 39.4508855778, 977.033861407, 0.514020606897, 0.0984848484848
0.86936305797, 0.867731411066, 6.3466598784, 0.493381167665, 17.2930931613, 41.3015857541, 2.06399170743, 4.46214539251, 35.0706553026, 796.635374039, 0.54513402633, 0.0480769230769
0.501065149908, 1.01428469937, 5.64145229586, 0.280169924626, 49.7098667549, 44.4424399888, 2.82131643579, 0.0654035306993, 39.4508855778, 823.549972346, 0.534737960263, 0.039603960396
0.501065149908, 1.05295173886, 5.64145229586, 0.280169924626, 44.9511981439, 44.4424399888, 2.82131643579, 0.0560735691982, 39.4508855778, 936.871049836, 0.531441138458, 0.018018018018
0.84241823622, 1.09716062908, 2.83771259976, 0.342824815239, 26.1265813561, 46.8995541142, 3.26145061123, 3.95936773542, 31.8383589082, 572.199299048, 0.579324225349, 0.037037037037
0.835006790528, 0.912008272504, 2.09068873081, 0.307720616274, 12.4716567153, 47.6351939492, 3.50576223397, 3.32883679117, 26.9012394626, 353.29099249, 0.602853961958, 0.178147268409
0.898507307494, 1.25999288843, 2.38783249645, 0.459028143834, 38.8121912578, 47.1828074288, 2.2328028901, 3.08493629041, 25.5667128889, 403.443882698, 0.541473840094, 0.276243093923
0.618395243674, 1.19763419151, 2.108885992, 0.243711062497, 0.365349867746, 43.4368742228, 2.91344363961, 2.01281032475, 25.3274738583, 323.765674206, 0.56503053352, 0.536809815951
0.875909107086, 1.14218822966, 6.66975614157, 0.239695108414, 13.4589554447, 43.9697931169, 2.53910696292, 1.39543855237, 39.6933877147, 1376.44916251, 0.476452789585, 0.561538461538
0.584344331484, 0.842385097199, 2.91693981836, 0.437031597028, 48.535696881, 49.9112239049, 2.3093550312, 0.635931633683, 37.237363642, 425.106531301, 0.556250178843, 0.0900900900901
0.740266780729, 0.846293375794, 4.26618062206, 0.430676144895, 28.2561427422, 44.6340551702, 2.92199623363, 1.07330308295, 42.8595937733, 581.37672019, 0.490243676465, 0.563981042654
