3.0, 0.0, 2.0, 3.0, 1.0, 1.0, -1.0, 0.0, 3.0, 1.0, 1.0, 1.0, -1.0, -1.0, 2.0, 0.0, -1.0, 0.0, 2.0, 2.0, 2.0, -0.392485626171, 3.0, 0.173778876306, 0.0, 2.0, -1.0, -1.0, -1.0, 0.0, 1.0, 1.0, 0.0, 2.0, -1.0, 2.86578003101, 1.0, -1.0, 2.0, 1.0, 0.0, -1.0, -1.0, 1.0, 2.0, 0.0, 3.0, -1.0, -1.0, 2.0, 94391.0, 538.0, 99535.0
-1.0, -1.0, 3.0, 0.0, -0.205960051215, -1.0, -1.0, -0.793696404714, 0.0174105432595, -0.10460386961, 1.0, 1.1866571015, 1.0, -1.0, 1.20116391246, -1.0, 0.0, 1.0, 1.0, -1.0, 1.0, 0.521781944064, 1.0, -1.0, 0.0, 1.02211036117, 2.0, 0.0, 0.0, -0.536515283316, 1.53583679759, -0.0689438826063, -1.0, -0.594742518808, 2.0, 0.0, -0.522751139904, 2.0, 3.0, -1.0, 3.0, 0.0, 2.0, 0.0, 1.47402158631, -1.0, 1.0, -1.0, 3.0, -1.0, 94840.0, 487.0, 99596.0
1.0, 0.0, -1.0, 2.0, 2.0, 0.0, 3.0, 0.562835774944, 3.0, 2.0, 2.0, -0.147676491469, 0.0, 3.0, 0.0, 1.0, 3.0, 1.0, 2.0, 2.52927124502, 0.0, 1.0, 1.0, 3.0, 0.0, 2.0, -1.0, 1.39221050229, 1.85739517222, 2.0, 0.0, 3.0, 2.0, 1.0, 0.0, 0.135635569652, 1.0, -1.0, -1.0, 2.0, -1.0, -1.0, 2.0, -0.139602738681, 1.0, 0.0, -1.0, 0.0, 1.0, 0.666885962731, 93657.0, 630.0, 99483.0
2.0, 1.83254537288, 1.29714211805, 0.0, -1.0, 0.0, 0.0, 3.0, 3.0, 0.844754131735, 2.0, 0.410757870891, 0.506963040592, 1.0, 1.0, 0.0, 0.0, 1.0, 3.0, 3.0, -1.0, 2.0, 1.0, 2.0, 0.0, 2.43519989083, 1.01620112588, 1.0, 3.0, 1.0, 2.0, 1.0, -1.0, 0.0, 0.0, -0.0521135351598, 0.210807887054, 2.0, 0.0, 0.698706446359, -0.259755934328, 3.0, 1.0, -0.0255901447796, 2.51355270637, 1.0, -1.0, -1.0, 3.0, 2.76174922553, 93438.0, 647.0, 99460.0
3.0, 0.0, 2.0, -0.0200838661676, 1.0, -0.561807459307, -1.0, 0.0, 3.0, 1.0, 1.0, 1.0, -1.0, -1.0, 2.0, 2.89423194364, -1.0, 0.0, -0.959022607471, 2.0, 2.0, -1.0, 3.0, 0.77838770429, 0.0, 2.0, -1.0, 0.742045863124, -1.0, -0.639148993042, 1.0, 1.0, 0.0, 1.9213244667, -1.0, 1.79847515183, 1.0, -1.0, 2.0, 1.0, 0.0, -1.0, -1.0, 1.0, -0.806023203339, 0.0, 1.85986622884, -1.0, -1.0, 2.0, 95120.0, 478.0, 99592.0
-1.0, -1.0, 1.68982872784, -0.755963684952, 1.0, -1.0, 0.0, 3.0, -1.0, -0.494206041963, 2.71112630925, 0.0, 0.0, 3.0, 0.832230290855, 3.0, 1.44397094954, 1.0, -1.0, -1.0, 0.114266418047, 0.00129194508045, 0.666138917367, -0.570119523216, 3.0, 1.0, -1.0, 0.0, 0.0, 2.0, 2.0, 1.0, 2.0, -1.0, -1.0, 3.0, -0.893270853443, 2.24332118332, 3.0, 1.0, 0.0, 0.0, -1.0, 2.0, 2.06965550337, 2.0, 0.0404415762717, -1.0, 0.321867788629, 1.52493272209, 94832.0, 505.0, 99563.0
-1.0, 2.80357905628, 1.91973527512, 1.09606757963, 1.0, -1.0, -0.956705734087, -0.16324480343, -1.0, 1.0, 2.0, 1.0, -1.0, 2.0, 0.0321120133207, 0.0, -1.0, 0.0, -0.0149503092659, -1.0, -0.532893268149, 1.77464931573, 2.44814260166, 2.0, 3.0, 0.0, 2.0, 1.0, 0.0, 1.0, 1.0, 0.0, 2.0, 2.38280934786, -1.0, 0.0, -1.0, 2.17607015058, -0.196749080013, -1.0, -1.0, 2.0, 2.83349770214, 1.95643504497, -1.0, 2.0, 1.0, -1.0, -1.0, 1.0, 94843.0, 495.0, 99564.0
3.0, 0.0, 2.0, 3.0, 1.0, -0.875084206793, -1.0, 0.0, 3.0, 1.0, 1.0, 1.0, 2.0, -1.0, 2.0, 0.0, -0.468475718489, 0.0, 2.0, 2.0, 2.0, -0.392485626171, 3.0, 0.173778876306, 0.554696687025, 2.0, -1.0, -0.83772732763, -1.0, 0.0, 1.0, 1.0, 0.0681397844515, 0.886149763815, -1.0, 2.86578003101, 1.0, -1.0, 2.0, 1.0, 0.0, -1.0, -1.0, 1.0, 2.0, 0.0, 3.0, -1.0, -1.0, 2.0, 94365.0, 549.0, 99534.0
-1.0, 2.80357905628, 1.91973527512, 1.09606757963, 1.0, -1.0, 0.0, 1.45760563499, -1.0, 1.0, 2.0, 1.0, 2.0, 2.0, 0.0321120133207, 3.0, -1.0, 0.0, -0.0149503092659, -1.0, -1.0, 1.77464931573, 2.0, 2.0, 3.0, 0.0, 2.0, 1.0, 0.0, 3.0, 1.0, 0.0, 2.0, 2.38280934786, -1.0, 0.0, -1.0, 2.17607015058, -0.196749080013, -1.0, -1.0, 2.0, 2.11277243233, 2.0, -1.0, 2.0, 1.0, -1.0, -1.0, 1.0, 94821.0, 517.0, 99549.0
0.0, 1.0, 2.0, 0.0, 0.0, -0.151990532041, 1.0, 2.0, -0.649481538052, 2.0, -1.0, -1.0, 2.0, 0.668196323445, 1.0, 1.0, 1.0, 3.0, -0.423940689262, -1.0, 2.10784721261, -1.0, -1.0, 2.0, 0.0, -0.707699710751, 2.0, 1.55669791874, -0.787228179914, 3.0, 3.0, -1.0, 1.0, 2.0, 1.02501442354, 1.0, 0.0, 2.0, -1.0, -1.0, 0.0, 0.0, 0.0, 0.0, 3.0, 0.0, -1.0, -1.0, 1.0, 1.0, 94283.0, 533.0, 99541.0
-1.0, -0.364957899466, 1.07931904101, 0.0, -1.0, 0.0, 0.0, 0.0320363268164, 3.0, -1.0, 2.0, 0.327141389468, -1.0, 1.0, 1.0, 2.0, -0.422858299945, 0.417664557011, 3.0, 3.0, 1.53955686177, 2.0, 1.0, 0.821153930011, 0.0, 1.0, 1.0, -0.242343232311, 3.0, 1.0, 2.0, 1.0, -1.0, -0.632892656407, 0.0, -1.0, -1.0, 2.0, 1.05881192722, 2.0300463626, 0.0, 3.0, 1.0, 0.0, 2.0, 2.55428224247, -1.0, -1.0, 3.0, 2.0, 94028.0, 579.0, 99509.0
3.0, 0.0, 0.568667175507, 3.0, 1.0, 1.0, -1.0, 0.0, 3.0, 1.0, 1.0, 1.0, -1.0, -1.0, 2.0, 0.0, -1.0, 0.0, 2.29285091474, 2.0, 2.0, -1.0, 3.0, 0.0, 0.0, 2.0, -1.0, 0.400880506217, -1.0, 0.0, 1.0, 1.0, 2.0, 2.0, -1.0, 3.0, 1.0, -1.0, 2.0, 1.0, 0.0, -1.0, -0.697145639715, -0.0498583082469, 2.0, 0.0, 1.43188140722, -1.0, -1.0, 2.0, 94313.0, 539.0, 99535.0
1.0, -1.0, 2.0, 3.0, 3.0, -0.492063777365, 3.0, -1.0, 2.0, 0.0, 1.0, 0.0, 1.47937370976, 3.0, 0.066501024178, -1.0, 3.0, 1.10462567682, 3.0, 1.0, 2.0, 2.0, 0.0, 0.0, 0.0, -1.0, 1.0, 1.0, 3.0, 2.0, 2.0, 3.0, 1.0, 0.0, -1.0, 0.0, -1.0, 2.0, 3.0, 1.0, 1.48149672044, 1.0, -1.0, 1.0, 2.0, 0.0, 3.0, 2.0, 1.0, 0.0, 93974.0, 612.0, 99485.0
0.0, 1.0, 2.0, 0.0, 0.0, -0.151990532041, 1.0, 2.0, -0.649481538052, 2.0, -1.0, -1.0, 2.0, 0.668196323445, 1.0, 1.47762935807, 1.0, 3.0, -0.423940689262, -1.0, 2.10784721261, -1.0, -1.0, 2.0, 0.0, -0.503590076534, 2.0, 1.55669791874, -0.787228179914, 3.0, 3.0, -1.0, 1.0, 2.0, 1.02501442354, 1.0, 0.0, 2.0, -1.0, -1.0, 0.0, -0.521689807056, 0.0, 0.0, 3.0, 0.0, -1.0, -1.0, 1.0, 1.0, 94486.0, 518.0, 99554.0
2.0, 1.68095849458, -1.0, 1.0, -1.0, 1.0, 1.0, 2.0, -1.0, -1.0, -1.0, 1.0, 2.0, -1.0, 0.0, 1.0, -1.0, 2.0, 2.0, -1.0, -1.0, 3.0, -1.0, 0.0, -0.0342439948501, 0.0, 3.0, 1.0, 3.0, 0.0, -0.689505081076, 1.0, 0.0, 2.0, -1.0, 2.0, 0.0, 3.0, 3.0, 3.0, 1.0, 2.13392867489, 3.0, 0.638948504946, 3.0, -1.0, 1.0, 0.0, 0.0, 3.0, 94866.0, 519.0, 99546.0
-1.0, -1.0, 1.0, 2.0, 0.0, 0.0, 3.0, 2.0, 0.970081727601, -1.0, 3.0, 1.0, 2.0, -1.0, 2.0, 0.0, 3.0, 2.0, -0.469280943639, 2.12260550883, 0.0, 0.0, 2.0, 1.65185560228, 0.0, 1.0, 2.0, -1.0, -1.0, 2.0, 1.0, 1.56898668302, 2.0, -0.347045403372, 0.0, 3.0, 1.0, 0.0, 1.0, 3.0, 0.0, -1.0, 0.299692369346, 0.0, 3.0, -1.0, 1.0, -1.0, 1.0, 2.0, 93962.0, 591.0, 99504.0
-1.0, -1.0, 3.0, 0.0, 0.51404320842, -1.0, -1.0, 2.0, -0.970231638408, -0.10460386961, 1.0, -0.158589221194, 1.0, -1.0, -1.0, -1.0, 0.0, 1.0, 1.0, -1.0, -1.0, 0.0, 1.0, -1.0, 0.0, -0.332641668155, 2.0, 0.0, 0.0, -0.25533844638, 2.08739104723, -1.0, -1.0, 0.0, 2.0, 0.0, 2.0, 2.0, 3.0, -1.0, 3.0, 0.568707665003, 2.0, 0.0, 1.94902879843, -1.0, 0.0, -1.0, 3.0, 1.0, 94675.0, 494.0, 99581.0
-1.0, -1.0, 1.0, 0.783301332384, 0.0282438760184, -0.893283302382, 3.0, 2.0, -0.224112520701, -1.0, 0.110983021294, 1.0, 1.00306908176, -1.0, 2.0, 1.43782399228, 0.0, 2.0, -0.469280943639, -0.973711266438, 0.0, 0.0, 2.0, 1.65185560228, 0.0, 1.0, 2.0, -1.0, -1.0, 2.0, 0.626114669949, -0.241306125445, 2.0, -0.448088946771, -0.617939530026, 3.0, 1.0, 0.0, 0.318257929455, 3.0, 0.0, -1.0, 1.0, 0.0, 3.0, -1.0, 0.290273155599, -1.0, 1.0, 2.0, 94061.0, 541.0, 99535.0
3.0, 0.0, 2.0, -0.376203369465, 1.0, 1.0, -1.0, 0.0, 3.0, 1.0, 1.0, 1.0, -1.0, -1.0, 2.0, 2.89423194364, -1.0, 0.0, -0.959022607471, 2.0, 2.0, -1.0, 3.0, 0.77838770429, 0.0, 2.0, -1.0, 1.67893647559, -1.0, -0.639148993042, 1.0, 1.0, 0.0, 2.0, -1.0, 1.79847515183, 1.0, -1.0, 2.0, 1.0, 0.0, -1.0, -1.0, 1.0, 0.43140074824, 0.0, 1.85986622884, -1.0, -1.0, 2.0, 94738.0, 510.0, 99560.0
-1.0, 2.0, 0.0, 0.0, -1.0, 0.0, 0.0, 0.0320363268164, 3.0, -1.0, 2.0, 0.327141389468, -1.0, 1.0, 1.0, 2.0, 0.0, 1.0, 3.0, 3.0, 1.53955686177, 2.0, 1.0, 2.0, 0.0, 1.0, 1.0, -0.242343232311, 3.0, 1.0, 2.0, 1.0, -1.0, 0.0, 0.0, -1.0, -1.0, 2.0, 1.05881192722, 2.0, 0.0, 3.0, 1.0, 0.0, 2.0, 2.55428224247, -1.0, -1.0, 3.0, 2.0, 93988.0, 593.0, 99497.0
-1.0, -1.0, 3.0, 0.0, 0.51404320842, -1.0, -1.0, 2.0, -0.970231638408, -0.10460386961, 0.972798680095, -0.158589221194, 1.0, 0.772266068038, -1.0, -1.0, 0.0, 1.0, 1.0, -1.0, -1.0, 0.0, 1.0, -1.0, 0.0, -0.332641668155, 2.0, 0.0, 0.0, -0.25533844638, 2.08739104723, -1.0, -1.0, 0.0, 2.0, 0.0, 2.0, 2.0, 3.0, -1.0, 3.0, 0.568707665003, 2.0, 0.0, 1.94902879843, -1.0, 0.0, -1.0, 3.0, 1.0, 94627.0, 506.0, 99577.0
-1.0, -1.0, 1.0, 2.0, 0.0, 0.0, 3.0, 0.49700013107, -0.224112520701, -1.0, -0.933994231347, 1.76189579348, 2.0, -1.0, 2.0, 1.43782399228, 0.872031298156, 2.0, -0.469280943639, 2.14838589048, 0.0, 0.0, 2.0, 1.65185560228, 0.0, 1.0, 2.0, -1.0, -1.0, 2.0, 0.626114669949, -0.241306125445, 2.0, -0.448088946771, -0.617939530026, 3.0, 1.0, 0.0, 1.0, 3.0, 0.0, -1.0, 1.0, 0.0, 0.439969527296, -1.0, 1.0, -1.0, 1.0, 2.0, 93883.0, 556.0, 99519.0
1.0, 1.0, 1.34817658118, 1.0, 3.0, 1.0, -0.459947699954, 2.0, 2.0, 3.0, -0.736922572077, 1.0, 3.0, -1.0, 0.23731698429, -1.0, -1.0, 2.55453505155, 0.0, 1.0, 0.0, 3.0, 0.169285037532, 0.0, 0.0, 1.75297364914, 3.0, 0.0, 2.0, 1.0, -1.0, 1.76767904485, 1.06795855694, -1.0, 0.0, 0.0, 1.0, 3.0, 3.0, 0.0, 0.0, 2.79894861639, 0.0, 2.0, 2.0, 2.0, -0.798017940233, 3.0, -1.0, 2.0, 94050.0, 595.0, 99485.0
1.16425899745, 2.0, -1.0, 1.0, 2.0, 1.0, 1.0, 2.0, -1.0, -1.0, -1.0, 1.0, 2.0, -1.0, 0.0, 1.0, -1.0, 2.0, 1.92186451505, -1.0, -1.0, 3.0, -1.0, 0.0, 0.0, 0.0, 3.0, 0.405736186653, 1.0, 0.0840934583129, 3.0, 1.0, 0.0, 2.0, -1.0, 2.0, 1.92552907246, 3.0, 3.0, 2.13176805646, 1.0, 3.0, 3.0, 0.0, 3.0, -1.0, 1.35939513067, 0.0, 0.0, 2.39446528097, 94465.0, 555.0, 99515.0
1.16425899745, 2.0, -1.0, 1.0, 2.0, 1.0, 1.0, 2.47186946529, 0.108522723933, -1.0, -1.0, 1.0, 2.0, -1.0, 0.0, 1.0, -1.0, 2.0, 1.92186451505, 2.0, -1.0, 1.13614512761, -1.0, -0.157006846247, 1.68414232383, 0.0, 3.0, -0.12439500432, 1.0, 0.0840934583129, 3.0, 1.0, 0.648216618686, 2.0, -1.0, 2.0, 1.92552907246, 2.88385124986, 3.0, 2.13176805646, 1.0, 3.0, 3.0, 0.0, 3.0, 0.868835015801, 1.35939513067, 0.0, 0.0, 2.31385325654, 94036.0, 602.0, 99478.0
-1.0, 2.80357905628, 1.0, 1.09606757963, 1.0, -1.0, 0.0, 2.0, -1.0, 1.0, 2.0, 1.0, 2.0, 2.0, 0.0, 3.0, -1.0, 0.0, 1.0, -1.0, -1.0, 1.77464931573, 2.0, 2.0, 3.0, 0.0, -1.0, 1.0, 0.0, 3.0, 1.0, 0.0, 2.0, 2.38280934786, -1.0, 0.0, -1.0, 2.17607015058, -0.196749080013, -1.0, -1.0, 2.0, 1.2966626135, 2.0, -1.0, 2.0, 1.0, -1.0, -1.0, 1.0, 94882.0, 505.0, 99557.0
1.0, 1.0, 1.34817658118, 1.0, 3.0, 2.61385119905, -0.526479528698, 2.0, 2.0, 3.0, -0.736922572077, 1.0, 3.0, -1.0, 0.23731698429, -1.0, -1.0, 2.55453505155, 0.0, 1.24373769169, 0.0, 3.0, 0.169285037532, 0.0, 0.0, 1.75297364914, 3.0, 0.0, 2.0, 1.0, -1.0, 1.76767904485, 2.88522522308, -1.0, 0.0, 0.0, 1.0, 3.0, 3.0, 0.0, 0.0, 2.79894861639, 0.0, 2.0, 2.24617525056, 2.0, -0.798017940233, 3.0, -1.0, 2.0, 94373.0, 585.0, 99493.0
-1.0, 3.0, 0.0, 1.0, 2.0, -1.0, -0.714186686771, 2.48414115083, -1.0, 0.0, 2.41701240867, 3.0, -1.0, -1.0, 1.0, 1.0, 0.728048905429, 1.0, 2.0, -1.0, 0.0, 0.0, 2.0, 2.14428064445, 0.0, 2.0, -1.0, 1.64106974679, 1.0, 3.0, 0.0, 3.0, -1.0, 0.0, -1.0, 0.0, 3.0, 2.0, 1.0, 1.0, 3.0, 2.425134382, -1.0, 0.0, 3.0, 0.47433044121, 1.38261440677, 0.0, 2.7805440915, 3.0, 94578.0, 564.0, 99514.0
1.0, -1.0, 2.0, 3.0, 3.0, -1.0, 1.26586636918, -1.0, 0.601277767034, 0.46788486442, 1.0, 0.0, 2.0, 3.0, 0.0, -1.0, 3.0, 3.0, 3.0, 1.0, 1.83326613305, 0.648487170162, -0.44492468632, 0.0, -0.442184845051, -1.0, 0.0, 1.0, 3.0, 1.92374315475, 2.0, 3.0, 1.82711450691, 0.0, -1.0, 0.0, 1.32916872157, 1.89194176838, 3.0, 1.0, 1.0, -0.397701613248, -1.0, 0.78187791757, -0.197966936676, 0.0, 3.0, 2.0, 1.0, 0.0, 93925.0, 611.0, 99490.0
-1.0, -1.0, 1.0, 2.0, 0.0, 0.0, 3.0, 2.0, -0.224112520701, -1.0, 0.110983021294, 1.0, 2.0, -1.0, 2.0, 1.43782399228, 3.0, 2.0, -0.469280943639, 2.14838589048, 0.0, 0.0, 2.0, 1.65185560228, 0.0, 1.0, 2.0, -1.0, -1.0, 2.0, 0.626114669949, -0.241306125445, 2.0, -0.448088946771, -0.617939530026, 3.0, 1.0, 0.0, 1.0, 3.0, 0.0, -1.0, 1.0, 0.0, 3.0, -1.0, 1.0, -1.0, 1.0, 2.0, 93979.0, 573.0, 99512.0
-1.0, -1.0, 3.0, 0.0, -0.205960051215, -1.0, -1.0, -0.667045141265, 0.0174105432595, -0.10460386961, 1.0, 1.1866571015, 1.0, -1.0, 1.20116391246, -1.0, 0.0, 1.0, 1.0, -1.0, 1.0, 0.0, 1.0, -1.0, 0.0, 1.02211036117, 2.0, 0.0, 0.0, -0.536515283316, 1.53583679759, -1.0, -1.0, -0.594742518808, 2.0, 0.0, -0.522751139904, 2.0, 3.0, -1.0, 3.0, 0.0, 2.0, 0.0, 1.47402158631, -1.0, 1.0, -1.0, 3.0, -1.0, 95033.0, 474.0, 99610.0
2.0, 0.0, -0.578301185692, 0.0, -1.0, 0.0703050088459, 2.0, 0.0, 0.386571208488, 1.0, -1.0, -1.0, 0.0, 2.0, 2.0, 1.0, 3.0, 2.0, 0.745623627991, 3.0, -1.0, 1.74438448173, 1.0, 0.0, 1.81392593273, 2.31697325988, 0.0, 1.05405265599, 0.0, 1.00378436246, -1.0, 3.0, -1.0, 2.49249760394, -1.0, 0.0, -1.0, -1.0, 1.0, 2.0, 0.291548614678, 0.0, -1.0, 0.0, -1.0, 0.0, -1.0, 2.0, 0.9310684057, 2.15735551369, 94534.0, 515.0, 99564.0
-1.0, -1.0, 3.0, 0.0, 0.51404320842, -1.0, -1.0, 2.0, -0.970231638408, -0.10460386961, 1.0, 2.06889842012, 1.0, -1.0, -1.0, -1.0, 0.0, 1.0, 1.0, -1.0, -1.0, 0.0, 1.0, -1.0, 0.0, 1.02211036117, 2.0, 0.0, 0.0, -0.536515283316, 2.08739104723, -1.0, -1.0, 0.0, 2.0, 0.0, 2.0, 2.0, 3.0, -1.0, 3.0, 0.568707665003, 2.0, 0.0, 2.0, -1.0, 0.0, -1.0, 3.0, 1.0, 95072.0, 482.0, 99595.0
1.16425899745, 2.0, -1.0, 1.0, 2.0, 1.0, 1.0, 2.0, 0.108522723933, -1.0, -1.0, 1.0, 2.0, -1.0, 0.0, 1.0, -1.0, 2.0, 1.92186451505, -1.0, -1.0, 1.13614512761, -1.0, -0.157006846247, 1.64440654785, 0.0, 3.0, -0.12439500432, 1.0, 0.0840934583129, 3.0, 1.0, 0.648216618686, 2.0, -1.0, 2.0, 1.92552907246, 3.0, 3.0, 2.13176805646, 1.0, 3.0, 3.0, 0.0, 3.0, -1.0, 1.35939513067, 0.0, 0.0, 2.39446528097, 94330.0, 573.0, 99503.0
-1.0, -1.0, 2.0, 0.0, 1.0, -1.0, 0.0, 3.0, -1.0, 1.77461739979, 3.0, 2.09814291225, -1.0, 3.0, 1.0, 3.0, 3.0, 1.0, -1.0, 1.0, 3.0, 3.0, 2.0, 0.0, 3.0, 1.0, -1.0, 0.0, 0.0, 2.0, 2.0, 1.0, 0.0558767683638, -1.0, -1.0, 3.0, 0.0, 3.0, 3.0, 1.0, 0.0, 0.0, -1.0, 2.0, 2.0, 2.0, 2.49237552747, -1.0, 2.0, 0.221248287388, 94835.0, 547.0, 99527.0
-1.0, -1.0, 2.0, 0.0, 1.0, -1.0, 0.0, 3.0, -1.0, 1.77461739979, 3.0, 2.09814291225, -1.0, 3.0, 1.0, 3.0, 3.0, 1.0, -1.0, 1.0, 3.0, 3.0, 2.24917330116, 0.0, 3.0, 1.0, -1.0, 0.0, 0.0, 2.0, 2.0, 1.0, 0.0558767683638, -1.0, -1.0, 3.0, 0.0, 3.0, 3.0, 1.0, 0.0, 0.0, -1.0, 2.0, 2.0, 2.0, 2.49237552747, -1.0, 1.99143335759, 0.221248287388, 94835.0, 547.0, 99527.0
-1.0, 0.0, 2.0, 3.0, 1.0, 1.0, -1.0, 0.0, 3.0, 1.0, 1.0, 1.0, -1.0, -1.0, 2.0, 0.0, -1.0, 0.0, 0.551558453109, 2.0, 2.0, -1.0, 3.0, 0.0, 0.0, 0.200305071009, -1.0, 0.400880506217, -0.637511129777, 0.0, -1.0, 1.0, 2.0, 2.0, -1.0, 3.0, 2.44504008936, -1.0, 2.0, 1.0, 0.0, -1.0, 1.85420864641, 1.0, 2.0, 0.0, 1.43188140722, -1.0, -1.0, 0.081673530391, 94372.0, 522.0, 99543.0
3.0, 0.0, 2.0, 3.0, 1.0, 2.54322135538, -1.0, 0.0, -1.0, 1.0, 1.0, 1.0, 2.0, -1.0, 2.0, 0.0, -1.0, 0.0, 2.0, 2.0, 2.0, -0.392485626171, 3.0, 2.63525958497, 1.4687477993, 2.0, -1.0, -0.83772732763, -1.0, 0.0, 1.0, 1.0, 0.0681397844515, 0.886149763815, -1.0, 2.93977012814, 1.0, -1.0, 2.0, 1.0, 0.0, -1.0, -1.0, 1.0, 2.0, 0.0, 3.0, -1.0, -1.0, 2.0, 94627.0, 532.0, 99540.0
2.5756191789, 0.0, 2.0, 3.0, 1.0, 2.54322135538, -1.0, 0.0, -1.0, 1.0, 1.0, 1.0, 2.0, -1.0, 2.0, 0.0, -1.0, 0.0, 2.0, 2.0, 2.0, -0.392485626171, 3.0, 2.63525958497, 1.4687477993, 2.0, -1.0, -0.83772732763, -1.0, 0.0, 1.0, 1.0, 0.0681397844515, 0.886149763815, -1.0, 2.93977012814, 1.0, -1.0, 2.0, 1.0, 0.0, -1.0, -1.0, 1.0, 2.3356121324, 0.0, 3.0, -1.0, -1.0, 2.0, 94627.0, 532.0, 99540.0
2.0, 2.0, -0.451588262645, 2.0, 1.0, 1.0, 0.0, 2.0, 1.37182261113, 3.0, -1.0, 1.0, 1.0, 3.0, 3.0, 0.755153504768, 1.45242661462, 1.0, 3.0, -1.0, 3.0, 0.0, -1.0, -0.622262681893, 0.0, 3.0, 1.0, 2.0, 0.0, 3.0, 3.0, 0.0, 0.703686554378, -0.589954649836, -1.0, 0.91898152104, 2.0, -0.708070804758, -0.770111006275, 0.0, 1.00380574963, -0.270492194116, -1.0, 2.0, 2.22233997002, 2.0, 1.79920105764, -1.0, -1.0, 0.0390450577509, 94620.0, 553.0, 99526.0
-1.0, -0.364957899466, -1.0, 0.0, -1.0, 0.0, 0.0, 0.0320363268164, 3.0, -1.0, 2.58749247709, 0.327141389468, -1.0, 1.0, 1.0, 2.0, -0.422858299945, 0.417664557011, 2.62311698338, 3.0, 1.53955686177, 2.0, 1.0, 0.821153930011, 0.0, 0.16355195601, 1.0, 0.261629328981, 3.0, 1.60968063787, 2.0, 1.0, -1.0, -0.632892656407, 0.0, -1.0, -1.0, 2.0, 1.05881192722, 2.0300463626, 0.0, 3.0, 1.0, 0.0, 2.0, 2.55428224247, 0.198900468394, -1.0, 3.0, 2.0, 94050.0, 586.0, 99508.0
2.0, 2.0, 0.0, 2.0, 1.0, 1.0, 0.0, 2.0, -1.0, 3.0, -1.0, 1.0, 1.0, 3.0, 3.0, 1.0, -1.0, 1.0, 1.31786930862, 3.0, 2.14285673295, 0.0, -1.0, -0.622262681893, 1.86198967422, 3.0, 1.0, 1.47391739971, 0.0, 3.0, 3.0, 0.0, 0.432520730915, 0.0, -1.0, 0.91898152104, 2.0, 1.0, 0.0, 0.924834975512, 1.00380574963, -0.270492194116, -1.0, 2.0, 2.0, 2.0, 1.38810827989, 2.0, -0.704559695867, 0.0390450577509, 94166.0, 592.0, 99500.0
1.0, 1.0, 1.34817658118, 0.0, 0.0, -1.0, 0.813904314187, 2.70117063215, 2.0, 2.03448958691, -1.0, -1.0, -0.0653095738786, 3.0, 1.0, 1.335505445, 1.0, 3.0, 0.0, -1.0, 2.0, -0.29286065783, -1.0, 2.0, 0.0, -1.0, -1.0, 0.0, 0.404069070142, 2.56275565738, 3.0, -1.0, 0.496954127608, 2.0, 2.0, 1.0, 0.0, 3.0, -1.0, 0.73392046078, 2.0, 0.0, 0.0, 0.0, 3.0, 0.0, -0.0457377487769, -1.0, 1.0, -0.089873947481, 93936.0, 576.0, 99516.0
-1.0, 0.0, 1.0, 3.0, 0.245324273762, -1.0, 0.0, 2.0, -1.0, 1.0, 2.0, -0.328917872801, 0.145156402082, 2.0, 1.50446512877, 3.0, -1.0, 0.0, 1.0, -1.0, -1.0, 0.0, 2.0, 2.0, 3.0, -0.313780704922, -0.85444284367, 1.0, 0.0, 3.0, 1.0, 0.0, 1.31718640946, 1.0, -1.0, 1.91874508123, -1.0, 2.0, -1.0, 0.215378078327, -1.0, 2.0, 3.0, 3.0, -1.0, 2.0, 1.0, -1.0, -0.971938872618, 1.0, 94909.0, 501.0, 99562.0
0.0, 1.0, 0.361728083197, 1.0, 3.0, 1.0, -0.459947699954, 2.0, 2.0, 3.0, 1.0, 1.0, 3.0, 3.0, 0.23731698429, -1.0, -1.0, 2.0, 0.0, 1.0, 0.0, 3.0, 0.169285037532, 0.0, 0.0, 1.75297364914, 3.0, 1.0, 2.0, 1.0, -1.0, 1.76767904485, 1.06795855694, -1.0, 0.0, 0.0, 1.0, 3.0, 3.0, 0.0, 0.0, 2.79894861639, 0.0, 2.0, 2.0, 2.0, -1.0, 3.0, -1.0, 2.0, 93878.0, 624.0, 99474.0
2.0, 2.0, 0.0, 0.0, -1.0, 0.0, 0.0, 3.0, 3.0, 0.844754131735, 2.0, 0.410757870891, -1.0, 1.0, 1.0, 0.0, 0.0, 1.0, 3.0, 3.0, -1.0, 2.0, 1.0, 2.0, 0.0, 2.36605861863, 1.01620112588, 1.0, 3.0, 1.0, 2.0, 1.0, -1.0, 0.0, 0.0, -0.0521135351598, 0.210807887054, 2.0, 0.0, 0.698706446359, -0.259755934328, 3.0, 1.0, 0.0, 2.51355270637, 1.0, -1.0, -1.0, 3.0, 2.76174922553, 93499.0, 635.0, 99467.0
2.0, 3.0, -1.0, -1.0, -1.0, 2.0, 2.0, 3.0, 2.0, 2.80251085319, -0.495851286024, 0.0, -1.0, -1.0, 1.42910856513, -1.0, -1.0, 2.0, -1.0, 0.0, 1.0, 3.0, 0.0, 3.0, 1.0, -1.0, 2.0, -1.0, 3.0, 0.0, 1.0, 1.0, 1.0, -0.780753027545, 0.655044067279, 1.11545668771, 1.0, 3.0, 1.19686267654, 1.0, 0.0, -1.0, 0.0, 0.0, -1.0, 0.0, -1.0, -1.0, 2.0, 1.0, 94736.0, 512.0, 99563.0
-1.0, 2.80357905628, 1.91973527512, 1.09606757963, 1.0, -1.0, -0.956705734087, 0.656289358254, 3.0, -0.29623926644, 2.2019530466, 0.123937635241, -1.0, 2.13712910608, 0.0321120133207, 3.0, -1.0, 0.0, -0.0149503092659, -1.0, -0.532893268149, 0.197912326431, 2.0, -0.199918422823, 3.0, -0.150846307538, 2.0, 1.0, 0.0, 3.0, 1.0, 0.0, 2.0, 2.38280934786, -1.0, 0.0, 2.84854546443, 2.17607015058, -0.196749080013, -1.0, -1.0, 2.0, 2.88878380711, 2.21196779034, -1.0, 2.0, 1.0, -1.0, -0.886866712685, 1.0, 94673.0, 529.0, 99540.0
2.0, 2.0, -1.0, 2.0, 3.0, 0.0, 0.0, 0.475423799439, 0.0, 1.0, 2.0, 2.93801690423, 1.0, -1.0, 2.0, 1.86022881065, 0.0, 0.0, 0.0, -1.0, 0.0, 0.0929891276466, 0.225487781468, 0.0, 2.40449549508, 2.0, -0.110315926534, 0.370600364764, -0.473206548956, -1.0, -1.0, 3.0, 1.0, -1.0, 1.0, 1.0, 3.0, 1.0, -1.0, 2.0, 1.30783557147, 2.0, 1.94971536504, 0.410398569242, 1.36272960173, 0.0, 2.16776846257, -1.0, 2.0, 2.0, 93667.0, 614.0, 99481.0
-1.0, -1.0, 0.527516210309, 0.0, 0.51404320842, -1.0, -1.0, 2.0, -0.970231638408, -0.10460386961, 1.0, 2.06889842012, -0.839174318835, -1.0, -1.0, -1.0, 0.0, 1.0, 1.0, -1.0, -1.0, 0.0, 1.0, -1.0, 0.0, 1.02211036117, 2.0, 0.0, 0.0, -0.536515283316, 2.08739104723, -1.0, -1.0, 0.0, 2.0, 0.0, 2.0, 2.0, 3.0, -1.0, 3.0, 0.568707665003, 2.0, 0.0, 2.0, -1.0, 0.0, -1.0, 3.0, 1.0, 95109.0, 470.0, 99602.0
3.0, 0.0, 2.0, 3.0, 1.0, 1.0, -1.0, 0.0, 3.0, 1.0, 1.0, 1.0, 2.0, -1.0, 2.0, 0.0, -1.0, 0.0, 2.0, 2.0, 2.0, -0.392485626171, 3.0, 0.173778876306, 0.554696687025, 2.0, -1.0, -0.83772732763, -1.0, 0.0, 1.0, 1.0, 0.0681397844515, 0.886149763815, -1.0, 2.86578003101, 1.0, -1.0, 2.0, 1.0, 0.0, -1.0, -1.0, 1.0, 2.0, 0.0, 3.0, -1.0, -1.0, 2.0, 94338.0, 550.0, 99528.0
-1.0, 3.0, 0.0, 1.0, 2.0, -1.0, -0.714186686771, 2.48414115083, -1.0, 0.339912911868, 2.41701240867, 3.0, -1.0, -1.0, 1.0, 1.0, 0.728048905429, 1.0, 2.0, -1.0, 0.0, 0.0, 2.0, 2.28187011184, -0.141784619683, 2.70898410916, -1.0, 1.64106974679, 1.0, 3.0, 0.0, 0.0, -1.0, 0.0, -1.0, 0.0, 3.0, 2.0, 1.0, 1.0, 3.0, 2.425134382, 0.634902064982, 0.0, 3.0, 0.47433044121, 1.38261440677, 0.0, 2.7805440915, 3.0, 94225.0, 583.0, 99498.0
2.0, -0.920193325132, -1.0, 2.0, 3.0, 0.0, -1.0, 2.0, -0.217454639747, 1.0, 2.0, 3.0, 1.0, -1.0, -1.0, -1.0, 0.0, 0.0, 0.377578029265, -1.0, -1.0, -1.0, 0.0, 2.14059886796, 1.0, 0.608802078567, -0.296948820681, 1.0, 1.0, -1.0, -1.0, 3.0, 1.0, -1.0, -0.79648455156, 1.0, 3.0, 1.0, -1.0, 2.0, 0.0, 2.0, 0.0, 1.0, -1.0, 0.0, 1.0, -1.0, 2.0, 2.0, 94879.0, 492.0, 99575.0
-1.0, -1.0, 2.0, 0.0, 1.0, -1.0, 0.0, 3.0, -1.0, 1.0, 3.0, 0.0, -1.0, 3.0, 2.0, 3.0, 3.0, 1.0, -1.0, -0.0240558623041, 3.0, 3.0, 2.0, 0.0, 3.0, 1.97122073885, -1.0, 0.0, 0.0, 2.0, 2.0, -0.0537571305523, 2.0, -1.0, -1.0, 3.0, -1.0, 3.0, 3.0, 1.0, 1.65999642136, 0.0, -1.0, 2.0, 2.41082249207, 1.66937231731, 0.0, -1.0, 1.32911615307, 1.0, 95006.0, 531.0, 99539.0
2.0, 0.0, 1.0, 3.0, 1.0, 0.537152211272, 0.0, 2.0, -1.0, 1.0, 2.0, -1.0, 2.0, 2.0, 0.0, 3.0, 0.012357149629, 2.84579483234, 1.92195989265, -1.0, -1.0, 0.0, 2.0, 1.84522295179, 3.0, 0.0, 0.0436306317483, 1.0, 2.56482775664, 3.0, 1.0, 0.0, 2.0, 1.0, -0.673017676367, 0.0, -1.0, 2.0, -1.0, -1.0, -1.0, 2.4040865048, 3.0, 2.0, 2.0, 2.0, 1.0, -1.0, -1.0, 1.0, 94737.0, 548.0, 99526.0
-1.0, 0.0, 1.0, 3.0, 0.245324273762, -1.0, 0.0, 2.0, -1.0, 1.0, 2.0, -0.328917872801, 2.0, 2.0, 0.0, 3.0, -1.0, 0.0, 1.0, -1.0, -1.0, 0.0, 2.0, 2.0, 3.0, 0.0, -1.0, 1.0, 1.95834947176, 3.0, 1.0, 0.0, 2.0, 1.0, -1.0, 0.0, -1.0, 2.0, -1.0, -1.0, -1.0, 2.0, 2.20255821459, 2.62087052077, -1.0, 0.620546794521, 1.0, -1.0, -0.971938872618, 1.0, 94880.0, 489.0, 99569.0
2.0, 2.0, -1.0, 1.0, -1.0, 1.0, 1.0, 2.0, -1.0, -1.0, -1.0, 1.0, 2.0, -1.0, 0.0, 1.0, -1.0, 2.0, 2.0, -1.0, -1.0, 3.0, -1.0, 0.0, 0.0, 0.0, 3.0, 1.0, 1.0, 0.0, 3.0, 1.0, 0.0, 2.0, -1.0, 2.0, 0.0, 3.0, 3.0, 3.0, 1.0, 2.13392867489, 3.0, 0.0, 3.0, -1.0, 1.0, 0.0, 0.0, 3.0, 94651.0, 537.0, 99532.0
3.0, -0.099510771843, 2.0, 3.0, 1.0, 1.0, -1.0, 0.0, 3.0, 1.0, 1.58008141427, 2.37065137816, -1.0, -1.0, 2.0, 3.0, -1.0, 0.0, 0.551558453109, 2.0, -0.675156806522, -1.0, 3.0, 0.0, 0.0, 2.0, -1.0, 0.400880506217, 2.08346299836, 0.0, 1.0, -0.364199852201, 2.34252079063, 2.66947921509, -1.0, 3.0, 1.0, -1.0, 2.0, 1.0, 0.0, -1.0, -1.0, 1.0, 2.87624835879, 0.0, 1.43188140722, -1.0, -1.0, 2.0, 94617.0, 533.0, 99539.0
-1.0, 2.80357905628, 1.0, 1.09606757963, 1.0, -1.0, 0.0, 2.0, -1.0, 1.0, 2.0, 1.0, 2.0, 2.0, 0.0, 3.0, -1.0, 0.0, 1.0, -1.0, -1.0, 1.77464931573, 2.0, 1.88126063337, 3.0, -0.994466810813, -1.0, 1.0, 0.0, 3.0, 1.0, 3.0, 2.0, 2.38280934786, 0.282207387851, 0.0, -0.842553818591, 2.17607015058, -0.196749080013, -1.0, 0.0132551892789, 2.0, 1.2966626135, 2.0, -1.0, 2.26496400251, 1.0, -1.0, -1.0, 1.0, 94766.0, 523.0, 99540.0
-1.0, 0.0, 1.0, 0.0, 3.0, 3.0, 1.0, 1.0, -1.0, -1.0, 3.0, 3.0, -0.933296776867, 2.0, 3.0, 0.0, 1.0, 1.0, 0.0, 3.0, 1.0, 2.0, 2.39287824315, -0.308382162267, 0.0, 0.0, 0.0, -0.455066859991, 3.0, 1.07818082556, -1.0, -1.0, 1.0, 2.0, 2.0, -0.00577166204435, 2.0, -1.0, -1.0, -1.0, 0.0, 2.0, 1.0, 2.0, 2.0, 0.0, 3.0, -0.120270696564, -0.17308702907, 1.0, 94125.0, 588.0, 99504.0
-1.0, 2.0, 0.0, 0.0, -1.0, 0.0, 0.0, 3.0, 3.0, -1.0, 2.94410074082, -1.0, -1.0, 1.0, 1.0, 2.0, 0.0, 1.0, 1.94986417121, 3.0, -1.0, 2.0, 1.0, 2.0, 0.0, 1.0, 1.0, 1.0, 3.0, 1.0, 2.0, 1.0, -1.0, 0.0, 0.0, -1.0, -1.0, 2.0, 0.0, 2.0, 0.0, 3.0, 1.0, 0.0, 2.0, 1.0, -1.0, -1.0, 3.0, 2.0, 94363.0, 555.0, 99526.0
-1.0, 0.0, 2.0, 3.0, 1.0, 1.0, -1.0, 0.188801489537, 3.0, 1.0, 1.20071001328, 1.0, -1.0, -1.0, 2.0, 0.0, -0.788191568503, 0.0, 0.551558453109, -1.0, 2.0, -1.0, 3.0, 0.0, 0.0, 0.200305071009, -1.0, 0.400880506217, -0.243897299723, 0.0, -1.0, 1.0, 2.0, 2.5488659603, -1.0, 3.0, 2.44504008936, -1.0, 2.0, 1.0, 1.86138081936, -1.0, 1.85420864641, 1.0, 2.0, 0.0, 1.43188140722, -1.0, -1.0, 0.081673530391, 94446.0, 520.0, 99542.0
2.0, 2.0, -0.451588262645, 2.0, 1.0, 1.0, 0.0, 2.0, 1.0, 3.0, -1.0, 1.0, 1.0, 3.0, 3.0, 0.755153504768, -1.0, 1.0, 3.0, -1.0, 3.0, 0.0, -1.0, -0.622262681893, 0.0, 3.0, 1.0, 2.0, 0.0, 3.0, 3.0, 0.0, 3.0, 0.0, -1.0, 0.91898152104, 2.0, -0.708070804758, 0.0, 0.0, 1.00380574963, -0.270492194116, -1.0, 2.0, 2.0, 2.0, 1.38810827989, -1.0, -1.0, 0.0390450577509, 94454.0, 567.0, 99513.0
3.0, -0.099510771843, 2.0, 3.0, 1.0, 1.0, -1.0, 0.0, 3.0, 1.0, 1.0, 1.0, -1.0, -1.0, 2.0, 3.0, -1.0, 0.0, 0.551558453109, 2.0, 2.0, -1.0, 3.0, 0.0, 0.0, 2.0, -1.0, 0.400880506217, 0.416391719909, 0.0, 1.0, -0.364199852201, 2.0, 2.0, -1.0, 3.0, 1.0, -1.0, 2.0, 1.0, 0.0, -1.0, -0.697145639715, 1.0, 2.0, 0.0, 1.43188140722, -1.0, -1.0, 2.0, 94314.0, 552.0, 99528.0
2.0, 2.0, -1.0, 1.0, -1.0, 1.0, 0.2622185936, 2.0, -1.0, -1.0, -1.0, 1.0, 2.0, -1.0, -0.509756094729, 1.0, -1.0, -0.232229338281, -0.40608832891, -1.0, -1.0, 3.0, -1.0, 0.867388967512, 0.0, 0.0, 3.0, 1.0, 1.0, 0.0, 3.0, 1.0, 0.0, 2.0, -1.0, 2.0, -0.603866292786, 3.0, 3.0, 3.0, 1.0, 2.13392867489, 3.0, 0.0, 3.0, -1.0, 1.0, 0.0, 0.0, 3.0, 94899.0, 509.0, 99555.0
-1.0, 3.0, 0.0, 1.0, 2.7376549056, -1.0, 0.0, 1.0, 1.28952707931, 0.0, 2.0, 3.0, 0.0, -1.0, 1.0, 1.41300248469, 1.0, 1.0, 2.0, -0.918660681301, 0.0, 0.0, 2.0, 1.0, 1.0, 2.0, 2.0, 0.390007701485, 1.29502740198, 3.0, 0.0, 3.0, 1.75874960402, 0.0, -1.0, 0.0, 3.0, 2.0, 1.0, 1.0, 3.0, 2.0, -1.0, 0.0, 3.0, 0.258768972167, 2.0, 0.0, 0.165856875735, 0.602384765761, 93757.0, 626.0, 99467.0
0.851218274097, -1.0, 1.0, 2.0, 0.413726408098, 0.0, 3.0, 2.0, 0.970081727601, -1.0, 3.0, 1.0, 2.0, -1.0, 2.0, 0.0, 3.0, 2.0, -0.469280943639, 2.12260550883, 0.0, 0.0, 2.0, 0.740060676453, 1.22725274869, 1.0, 2.0, -1.0, -1.0, 2.0, 1.0, 1.56898668302, 2.44222152515, -0.459073750151, 0.0, 3.0, 1.0, 0.0, 1.0, 3.0, -0.318253918337, -1.0, 0.2132001424, 0.0, 3.0, -1.0, 1.0, -1.0, 1.0, 2.0, 93830.0, 609.0, 99494.0
2.0, 1.83254537288, 1.29714211805, 0.0, -1.0, 0.0, 2.36077104856, 3.0, 3.0, 0.844754131735, 2.0, 0.410757870891, 0.506963040592, 1.0, 1.0, 0.0, 0.0, 1.0, 3.0, 3.0, -1.0, 2.0, 1.0, 2.0, 0.0, 2.43519989083, 1.01620112588, 1.0, 3.0, 1.0, 2.44196426343, 1.0, -1.0, 0.0, 0.0, -0.0521135351598, 0.210807887054, 2.0, 0.0, 0.698706446359, -0.259755934328, 3.0, 1.0, -0.0255901447796, 2.51355270637, 1.0, -1.0, -1.0, 3.0, 2.76174922553, 93496.0, 647.0, 99460.0
-1.0, 3.0, 2.0, 0.0, -1.0, -1.0, 2.0, -1.0, 2.0, 0.0, 0.0, 2.0, 0.0, 2.0, -1.0, 3.0, -1.0, -1.0, 3.0, 0.754102716911, -1.0, -1.0, 1.95007166857, 3.0, 3.0, 2.0, -1.0, -0.568564017573, -1.0, 0.0, 0.0, 1.82690209868, 1.0, 2.0, 1.0, 3.0, -1.0, 1.46053488732, 1.53101750151, 1.0, 1.5634363089, 3.0, -1.0, -1.0, 0.0, 1.66937231731, 1.0, 0.235640823183, -1.0, 2.0, 95920.0, 484.0, 99617.0
-1.0, 2.80357905628, 1.91973527512, 1.09606757963, 1.0, -1.0, -0.956705734087, 1.45760563499, -1.0, 1.0, 2.0, 1.0, -1.0, 2.0, 0.0321120133207, 3.0, -1.0, 0.0, -0.0149503092659, -1.0, -0.532893268149, 1.77464931573, 2.0, 2.0, 3.0, 0.0, 2.0, 1.0, 0.0, 3.0, 1.0, 0.0, 2.0, 2.38280934786, -1.0, 0.0, -1.0, 2.17607015058, -0.196749080013, -1.0, -1.0, 2.0, 2.83349770214, 1.95643504497, -1.0, 2.0, 1.0, -1.0, -1.0, 1.0, 95084.0, 495.0, 99564.0
1.0, 1.0, 1.34817658118, 1.0, 3.0, 1.0, -0.459947699954, 2.0, 2.0, 3.0, 1.0, 1.0, 3.0, 3.0, 0.23731698429, -1.0, -1.0, 2.0, 0.0, 1.0, 0.0, 3.0, 0.169285037532, 0.0, 0.0, 1.75297364914, 3.0, 0.0, 2.0, 1.0, -1.0, 1.76767904485, 1.06795855694, -1.0, 0.0, 0.0, 1.0, 3.0, 3.0, 0.0, 0.0, 2.79894861639, 0.0, 2.0, 2.0, 2.0, -1.0, 3.0, -1.0, 2.0, 93885.0, 624.0, 99474.0
-1.0, -1.0, -1.0, 3.0, -1.0, -1.0, -1.0, 1.07726884724, 0.352470540773, 1.0, 2.0, 1.08815504492, 0.0, 3.0, -1.0, -1.0, 0.0, 3.0, -1.0, 2.35257630452, 1.0, 1.0, -0.555795701774, -1.0, -0.452791182887, -1.0, 1.97693304841, 2.0, -1.0, 2.0, 0.0, 1.0, 0.0, -0.473927356453, 2.0, 0.0, 2.52544102775, -1.0, 2.3128353683, 1.0, -1.0, 1.81092087609, -0.464190910316, 1.0, 0.0, 0.0, 1.31831400122, -0.671366887092, 0.832361231715, 1.0, 94835.0, 498.0, 99589.0
2.0, 0.0, -1.0, 2.0, 3.0, 0.0, 0.0, 0.475423799439, 0.0, 1.0, 2.0, 2.952081845, 1.0, -1.0, 2.0, 1.86022881065, 0.0, 0.0, 0.0, -1.0, 0.0, 0.0929891276466, 0.225487781468, 0.0, 2.40449549508, 1.3229487761, -0.110315926534, 1.0, -0.473206548956, -1.0, -1.0, 3.0, 1.0, -1.0, 1.0, 1.0, 3.0, 1.0, -1.0, 2.0, 1.30783557147, 2.0, 1.94971536504, 0.893861699056, 1.36272960173, 0.0, 2.16776846257, -1.0, 2.0, 2.0, 93691.0, 614.0, 99481.0
1.0, 0.0, 1.07931904101, 2.0, 2.0, 0.0, 0.364226831979, 0.562835774944, 3.0, 2.0, 2.0, -0.147676491469, 0.0, 3.0, 0.0, 1.0, 3.0, 1.0, 3.0, 2.52927124502, 0.0, 1.0, 1.0, 3.0, 0.0, 2.0, -1.0, 1.39221050229, 1.85739517222, 2.57375840732, 0.0, 3.0, 2.0, 1.49705078446, 0.0, 0.135635569652, 1.0, -1.0, -1.0, 2.13299082077, -1.0, -1.0, 2.0, -0.139602738681, 1.0, 0.0, -1.0, 0.0, 1.0, 0.666885962731, 93566.0, 640.0, 99476.0
2.0, 1.03385289407, 0.0, 0.0, -1.0, 1.66891526305, 0.0, 3.0, 3.0, 0.844754131735, 2.0, 0.410757870891, -1.0, 1.0, 1.0, 3.0, 0.0, 1.0, 3.0, 3.0, -1.0, 2.0, 1.0, 2.0, 0.0, 2.36605861863, 1.01620112588, 1.0, 3.0, 3.0, 2.0, 1.0, -1.0, 0.0, 0.0, -0.0521135351598, 0.210807887054, 2.0, 0.0, 0.698706446359, -0.259755934328, 3.0, 1.0, 0.0, 2.51355270637, 1.0, -1.0, -1.0, 3.0, 2.76174922553, 93773.0, 635.0, 99467.0
-1.0, 3.0, 0.0, 1.0, 2.7376549056, -1.0, 0.0, 2.21855951616, 1.28952707931, 0.0, 2.0, 1.41917985655, 0.0, -1.0, 2.09197776009, 1.41300248469, 1.0, 1.0, 2.0, -0.918660681301, 0.0, 0.0, 2.0, 1.0, 1.0, 2.0, 2.0, 0.390007701485, 1.29502740198, 3.0, 0.0, 3.0, 2.40752726651, 0.0, -1.0, 3.0, 3.0, 2.0, 1.0, -0.196024202895, 3.0, 2.0, -1.0, 0.0, 3.0, 0.258768972167, 2.0, 0.0, 0.165856875735, 0.59595919322, 93797.0, 626.0, 99467.0
-1.0, -1.0, 3.0, 0.0, -0.205960051215, -1.0, -1.0, -0.667045141265, 0.0174105432595, -0.10460386961, 1.0, 2.06889842012, 1.0, -1.0, 2.0, -1.0, 0.0, 1.0, 1.0, -1.0, 1.0, 0.0, 1.0, -1.0, 0.0, 1.02211036117, 2.0, 0.0, 0.0, -0.536515283316, 1.53583679759, -1.0, -1.0, -0.594742518808, 2.0, 0.0, 2.0, 2.0, 3.0, -1.0, 3.0, 0.0, 2.0, 0.0, 2.0, -1.0, 0.0, -1.0, 3.0, 1.0, 94854.0, 504.0, 99584.0
-1.0, 2.80357905628, 1.91973527512, 1.09606757963, 1.0, -1.0, -0.956705734087, 1.46079674347, 3.0, -0.29623926644, 2.2019530466, 1.0, -1.0, 2.0, 0.0321120133207, 3.0, -1.0, 0.0, -0.0149503092659, -1.0, -0.532893268149, 0.197912326431, 2.0, 2.0, 3.0, 0.0, 2.0, 1.0, 0.0, 3.0, 1.0, 0.0, 2.0, 2.38280934786, -1.0, 0.0, -1.0, 2.17607015058, -0.196749080013, -1.0, -1.0, 2.0, 2.83349770214, 1.95643504497, -1.0, 2.0, 1.0, -1.0, -0.455912135089, 1.0, 94698.0, 532.0, 99540.0
-1.0, 3.0, 0.0, 1.8964238831, 2.0, -1.0, -0.714186686771, -0.0562792485008, -1.0, 0.0, 2.41701240867, 3.0, -1.0, -1.0, 1.0, 1.0, 0.728048905429, 1.0, 2.0, -1.0, 0.0, 0.0, 2.0, 2.14428064445, 1.0, 0.207523662234, -1.0, -1.0, 1.0, 3.0, 0.0, 3.0, -1.0, 0.0, -1.0, 0.0, 3.0, 2.0, 1.0, 1.0, 3.0, 2.425134382, -1.0, 0.0, 3.0, 0.47433044121, 2.0, 0.0, 3.0, 3.0, 94732.0, 551.0, 99530.0
-0.767148935392, -1.0, 2.36612830836, 0.0, -1.0, 0.0, 1.0, 3.0, 3.0, -0.114309179892, -1.0, 2.0, 3.0, 1.10885114025, 1.07957149378, 2.0, 3.0, 2.0, 1.44255615593, 3.0, -1.0, 0.870895369445, 0.0, 0.0, -1.0, 0.0, 3.0, 0.941137103909, -1.0, -1.0, 2.0, 0.0, 2.0, 0.0, 2.0, 1.08316860059, 1.0, 2.0, 1.0, 2.73448999933, 0.920503554488, -1.0, 2.0, 0.0, 2.0, -0.0460605703646, 1.0, -1.0, 3.0, 2.03118447881, 94358.0, 565.0, 99520.0
-1.0, -1.0, 1.0, 0.783301332384, 0.0282438760184, -0.893283302382, 3.0, 2.0, -0.224112520701, -1.0, 0.110983021294, 1.0, 1.00306908176, -1.0, 2.87044287151, 1.43782399228, 0.0, 2.0, -0.469280943639, -0.973711266438, 0.0, 0.0, 2.0, 1.65185560228, 0.0, 1.0, 2.0, -1.0, -1.0, 2.0, 0.626114669949, -0.241306125445, 2.0, -0.448088946771, -0.617939530026, 3.0, 1.0, 0.0, 0.318257929455, 3.0, 0.0, -1.0, 0.341360465355, 0.0, 3.0, -1.0, 0.290273155599, -1.0, 2.47412067604, 2.0, 94084.0, 541.0, 99535.0
2.0, 0.0, 1.0, 3.0, 1.0, -1.0, 0.0, 2.0, -1.0, 1.0, 2.0, -1.0, 2.0, 2.0, 0.0, 3.0, 0.012357149629, 2.84579483234, 1.92195989265, -1.0, -1.0, 0.0, 2.0, 1.84522295179, 3.0, 0.0, 0.0436306317483, 1.0, 0.0, 3.0, 1.0, 0.0, 2.0, 1.0, -0.673017676367, 0.0, -1.0, 2.0, -1.0, -1.0, -1.0, 2.0, 3.0, 2.0, -1.0, 2.0, 1.0, -1.0, -1.0, 1.0, 95010.0, 516.0, 99558.0
-1.0, 0.0, 1.0, 3.0, 0.245324273762, -1.0, 0.0, 2.0, -1.0, 1.0, 2.0, -0.328917872801, 0.145156402082, 2.0, 0.0, 3.0, -1.0, 0.0, 1.0, -1.0, -1.0, 0.0, 2.0, 2.0, 3.0, -0.313780704922, -0.85444284367, 1.0, 0.0, 3.0, 1.0, 0.0, 2.0, 1.0, -1.0, 0.0, -1.0, 2.0, -1.0, -1.0, -1.0, 2.0, 3.0, 3.0, -1.0, 2.0, 1.0, -1.0, -0.971938872618, 1.0, 94908.0, 489.0, 99569.0
2.0, 2.0, -1.0, 2.0, 3.0, -1.0, -1.0, 2.0, 0.0, 0.655930708681, 1.20822919091, 3.0, 1.0, -1.0, -1.0, -1.0, -0.879136981919, 0.0, -0.323005180922, -1.0, -1.0, -1.0, -0.977626827213, 0.0, 1.0, 0.373467161739, 0.0, 1.0, 1.0, -0.271494069729, 1.0, 2.71469250286, 1.0, -1.0, 1.0, 1.0, 3.0, 1.0, -1.0, 2.0, 0.0, 2.0, 0.0, 1.0, -1.0, 1.73302181637, 1.0, -1.0, 2.0, 2.0, 94873.0, 511.0, 99568.0
-1.0, -1.0, 1.0, 2.0, 0.0, 2.20988829275, 2.45742933099, 2.0, 1.7615862656, -1.0, 3.0, 1.0, 2.47221415608, -0.502865517339, 2.0, 0.0, 3.0, 2.0, -0.469280943639, 2.12260550883, 0.0, 0.0, 2.0, 1.65185560228, 0.0, 1.0, 2.0, -1.0, -1.0, 2.0, 1.0, 1.56898668302, 2.0, -0.347045403372, 1.63170524253, 3.0, 0.650344244361, 0.0, 1.75425458587, 3.0, 0.0, -1.0, 0.299692369346, 0.0, 3.0, -0.680527243796, 0.3742726265, -1.0, 1.0, 0.0, 94044.0, 591.0, 99504.0
1.16425899745, 2.0, -1.0, 2.17888467159, 2.0, 1.0, 1.0, 2.0, -1.0, -1.0, -1.0, 1.0, 2.0, -1.0, 0.0, 1.0, -0.99284915865, 2.0, 1.92186451505, -1.0, -1.0, 3.0, -1.0, 0.0, 0.0, 0.0, 3.0, 0.405736186653, 1.0, 0.333371254339, 3.0, 1.0, 0.0, 2.0, -1.0, 2.0, 1.92552907246, 3.0, 3.0, 2.13176805646, 1.0, 3.0, 3.0, 0.0, 3.0, -1.0, 1.35939513067, 0.0, 0.0, 2.39446528097, 94502.0, 555.0, 99515.0
-1.0, 0.0, 1.0, 3.0, 0.245324273762, -1.0, 0.0, 2.0, -1.0, 1.0, 2.0, -0.328917872801, 0.145156402082, 2.0, 1.50446512877, 3.0, -1.0, 1.32407247527, 1.0, -1.0, -1.0, 0.0, 2.32715422979, 2.0, 3.0, -0.313780704922, -0.85444284367, 1.0, 1.37109627576, 3.0, 1.0, 0.0, 1.31718640946, 1.0, -1.0, 1.91874508123, -1.0, 2.0, -1.0, 0.215378078327, -1.0, 1.05627546534, 3.0, 3.0, -1.0, 2.0, 1.0, -1.0, -0.971938872618, 1.0, 94936.0, 501.0, 99562.0
2.0, 2.0, -1.0, 2.0, 3.0, 0.0, -1.0, 2.0, 0.0, 1.0, 2.0, 3.0, 1.0, -1.0, -1.0, -1.0, 0.0, 0.0, 0.0, -1.0, -1.0, -1.0, 0.0, 0.0, 1.0, 1.89210897335, 0.0, 1.0, 1.0, -1.0, -1.0, 1.70540776202, 1.0, -1.0, 1.0, 1.0, 3.0, 1.0, -1.0, 2.0, 0.0, 2.0, 0.0, 1.0, -1.0, 0.0, 1.0, -1.0, 2.0, 2.0, 94551.0, 529.0, 99553.0
1.61671848808, 2.69099352154, -0.382938357919, 2.0, 1.0, 1.0, 0.0, 0.0, 1.0, 3.0, -1.0, 1.0, 1.0, 3.0, 3.0, -1.0, -1.0, 1.0, 2.42721474716, 0.85027021145, 3.0, 0.0, -1.0, 0.0, 0.0, 3.0, -0.223497675329, 2.0, 0.0, 0.0, 3.0, 0.0, 3.0, 0.0, -1.0, 1.0, 2.0, 1.0, 0.0, 0.0, 1.0, -1.0, -1.0, 2.0, 1.47591632345, 2.0, 1.0, 2.0, -1.0, -1.0, 94236.0, 575.0, 99513.0
-1.0, -0.364957899466, 1.99555178782, 0.0, -1.0, 0.0, 0.0, 0.0320363268164, 2.21754526213, -1.0, 2.0, 0.327141389468, -1.0, 1.0, 1.0, 2.0, -0.422858299945, 0.417664557011, 1.97745266155, 3.0, 1.53955686177, 2.46301341391, 1.0, 0.821153930011, 0.0, 1.0, 1.0, -0.242343232311, 1.65285493338, 1.99748527039, 2.0, 1.0, -1.0, -0.632892656407, 0.0, -1.0, -1.0, 3.0, 1.05881192722, 2.0300463626, 1.51621543123, 3.0, 1.0, 0.0, 2.0, 2.87330399351, -1.0, -1.0, 2.25790928106, 2.81649872754, 94153.0, 579.0, 99509.0
-1.0, 2.80357905628, 1.91973527512, 1.09606757963, 1.0, -1.0, 0.0, 1.45760563499, -1.0, 1.0, 2.0, 1.0, -0.528552864558, 0.841658195271, 0.0321120133207, 3.0, -1.0, 0.0, -0.0149503092659, -1.0, -1.0, 1.65737724471, -0.100606677479, 2.0, 3.0, 0.0, 2.0, 1.0, 0.0, 3.0, 1.0, 0.0, 2.0, 2.38280934786, -1.0, 0.0, -1.0, 2.17607015058, -0.196749080013, -1.0, -1.0, 2.0, 2.11277243233, 2.0, -1.0, 2.0, 1.0, -1.0, -0.150562583188, 1.0, 94585.0, 524.0, 99544.0
0.0, 1.0, 2.0, 0.0, 0.0, -1.0, 1.0, 2.0, 2.0, 1.0, -1.0, -1.0, 2.0, 3.0, 1.0, 1.335505445, 1.0, 3.0, 0.0, -1.0, 2.0, -1.0, -1.0, 2.33243855294, 1.64435671107, -1.0, 2.0, 1.0, -1.0, 2.56275565738, 3.0, -1.0, 1.0, 0.12395923037, -1.0, 1.0, 0.0, 3.0, -0.307088568544, 0.73392046078, 2.54225981712, 0.0, 0.0, 0.0, 3.0, -0.307723090561, 0.661082674482, -1.0, 1.0, 1.0, 94331.0, 561.0, 99527.0
-1.0, 3.0, 0.0, 1.0, 2.0, -1.0, 0.0, 2.0591490973, -1.0, 0.0, 2.0, 0.243022417507, -1.0, -1.0, 1.0, 1.0, 2.61737464788, 1.0, 2.0, -1.0, 0.0, 0.0, 2.0, 2.14428064445, 1.0, 2.0, 2.0, -1.0, 1.0, 3.0, 0.0, 3.0, 2.0, 0.0, -1.0, 0.0, 3.0, 2.0, 1.34934410827, 1.0, 3.0, 2.97561454688, -1.0, 0.0, 3.0, 0.0, 0.785524716036, 0.0, 3.0, 3.0, 94389.0, 583.0, 99502.0
-1.0, -1.0, -1.0, 3.0, -1.0, -1.0, -1.0, 1.07726884724, 0.352470540773, 1.0, 2.0, 1.0, 0.0, 3.0, -1.0, -1.0, 0.0, 3.0, -1.0, 2.0, 1.0, 1.0, 1.68969619974, -1.0, -0.452791182887, -1.0, 1.97693304841, 2.0, -1.0, 2.0, 0.0, 1.0, 0.0, 0.0, 2.0, 0.0, 2.52544102775, -1.0, 2.3128353683, 1.0, -1.0, 3.0, -0.464190910316, 1.0, 0.0, 0.0, 1.31831400122, -1.0, 0.832361231715, 1.0, 94740.0, 513.0, 99574.0
3.0, 0.0, 2.0, 3.0, 1.0, 1.0, -1.0, 0.0, 3.0, 1.0, 1.0, 1.0, -1.0, -1.0, 2.0, 0.0, -1.0, 0.0, 0.551558453109, 2.0, 2.0, -1.0, 3.0, 0.0, 0.0, 2.0, -1.0, 0.400880506217, -1.0, 0.0, 1.0, 1.0, 2.0, 2.0, -1.0, 3.0, 1.0, -1.0, 2.0, 1.0, 0.0, -1.0, -1.0, 1.0, 2.0, 0.0, 1.43188140722, -1.0, -1.0, 2.0, 94369.0, 539.0, 99535.0
3.0, 0.0, 2.0, 3.0, 1.0, 1.0, -1.0, 0.0, 3.0, 1.0, 2.66870112605, 1.42475045327, -1.0, -1.0, 2.0, 0.0, -1.0, 0.0, 2.0, 2.0, 2.0, -1.0, 3.0, 0.0, 0.741923312477, 2.22082925986, -1.0, -1.0, -1.0, 0.0, 1.0, 1.0, 0.0, 1.80390467405, -1.0, 3.0, 1.0, -0.241690030322, 2.20277755191, 1.0, 2.15681118218, -1.0, -1.0, 1.0, 2.05360426736, 0.0, 3.0, -0.298617055343, -1.0, 2.0, 94526.0, 554.0, 99532.0
-1.0, 3.0, 0.0, 1.0, 2.0, -1.0, 0.0, 0.433858559493, -1.0, 0.0, 2.0, 3.0, 0.499865257312, -1.0, 1.0, 1.0, 1.0, 1.0, 2.0, -1.0, 2.34019370365, 0.0, 2.0, 1.0, 1.0, 2.0, 2.86727521905, 1.44832391901, 1.0, 3.0, -0.871128080094, 3.0, -0.189064050252, 0.0, -1.0, 3.0, 3.0, 2.48987730635, 1.0, 1.0, 3.0, 2.0, -1.0, 0.473613006502, 3.0, 1.14126987983, 1.49469301227, 0.0, 3.0, 3.0, 94467.0, 590.0, 99493.0
1.0, 2.0, 1.0, 3.0, 2.0, -1.0, 1.0, 0.0, 3.0, 2.0, -1.0, 3.0, 2.0, -1.0, 3.0, -1.0, -0.0734216345769, -1.0, 1.0, 0.0, 2.0, -0.448817931489, 0.0, -1.0, 0.692706172152, 3.0, -1.0, 1.0, 0.0, 2.0, 0.0, 2.0, 1.0, 1.0, 3.0, 0.0672334165171, 2.54440505666, 0.114428785233, 2.0, -1.0, 2.0, 3.0, 0.0, 0.0, -1.0, 1.5645609373, 1.0, -0.627786683204, 2.16847878733, -0.199470487578, 94258.0, 586.0, 99508.0
0.600818782749, 2.0, -1.0, 1.0, 2.0, 1.0, 1.0, 2.0, -1.0, -1.0, -1.0, 1.0, 2.0, -1.0, 0.0, 1.0, -1.0, 2.0, 1.92186451505, -1.0, -1.0, 3.0, -1.0, -0.0353087456176, 0.0, 0.0, 3.0, 0.405736186653, 1.0, 0.0840934583129, 3.0, 1.0, 0.0, 2.0, 0.525638968356, 2.0, 1.92552907246, 3.0, 3.0, 2.13176805646, 1.0, 3.0, 3.0, 0.0, 3.0, -1.0, 1.0, 0.0, 0.0, 3.0, 94407.0, 573.0, 99507.0
0.0, 1.0, 1.62192491358, 0.0, 0.0, -1.0, 0.813904314187, 2.0, 2.0, 2.03448958691, -1.0, -1.0, 2.0, 3.0, 1.0, 1.335505445, 1.0, 3.0, 0.0, -1.0, 2.0, -0.29286065783, -1.0, 2.0, 0.0, -1.0, -1.0, 1.0, -1.0, 2.56275565738, 3.0, -1.0, 0.496954127608, 2.0, 2.0, 1.0, 0.0, 3.0, -1.0, 0.73392046078, 2.0, 0.0, 0.0, 0.0, 3.0, 0.0, -0.0457377487769, -1.0, 1.0, -0.089873947481, 94098.0, 563.0, 99523.0
