2.0, 2.0, 0.0, 2.0, 3.0, -1.0, 2.0, -1.0, 0.0, 0.0, 0.0, 2.0, -1.0, 3.0, 0.0, 0.0, 3.0, 1.0, 2.0, 3.0, 0.0, -1.0, 1.0, -1.0, 0.0, 0.0, 1.0, 3.0, 3.0, 3.0, 3.0, -1.0, -1.0, 1.0, 1.0, -1.0, 3.0, 1.0, 1.0, 0.0, 0.0, 1.0, 1.0, 3.0, 1.0, -1.0, 0.0, -1.0, 1.0, 2.0, 95585.0, 582.0, 99461.0
0.0, 0.0, 1.0, 0.0, 0.0, 0.0, 1.0, 2.0, 2.0, 0.0, 0.0, 0.0, 1.0, 1.0, 1.0, 2.0, 0.0, 0.0, 0.0, 0.0, 0.0, 0.0, 0.0, 0.0, 0.0, 2.0, 0.0, 0.0, 0.0, 0.0, 0.0, 0.0, 2.0, 0.0, 0.0, 0.0, 2.0, 0.0, 0.0, 0.0, 2.0, 0.0, 0.0, 2.0, 1.0, 1.0, 0.0, 0.0, 0.0, 2.0, 93518.0, 734.0, 99365.0
3.0, 3.0, -1.0, 0.0, 0.0, -1.0, 0.0, 2.0, 0.0, 0.0, 3.0, -1.0, 1.0, 3.0, 1.0, 2.0, -1.0, -1.0, -1.0, -1.0, 0.0, -1.0, 3.0, -1.0, 1.0, 3.0, 1.0, 0.0, 1.0, 2.0, -1.0, 1.0, 2.0, 2.0, 1.0, 0.0, 2.0, 2.0, 0.0, 1.0, -1.0, 2.0, 0.0, -1.0, 1.0, 0.0, -1.0, -1.0, 0.0, 2.0, 96135.0, 515.0, 99526.0
3.0, -1.0, -1.0, 0.0, -1.0, -1.0, 0.0, 2.0, 0.0, 0.0, 3.0, -1.0, 1.0, 3.0, 0.0, 2.0, -1.0, -1.0, -1.0, -1.0, 0.0, -1.0, 3.0, -1.0, 1.0, 3.0, 1.0, 0.0, 1.0, 2.0, -1.0, 1.0, 2.0, 3.0, 1.0, 0.0, 2.0, 2.0, -1.0, 1.0, 2.0, 2.0, 0.0, -1.0, -1.0, 0.0, -1.0, -1.0, 0.0, 2.0, 96539.0, 466.0, 99567.0
2.0, 2.0, 0.0, 0.0, 3.0, -1.0, 2.0, 0.0, 0.0, 0.0, 0.0, 2.0, -1.0, 3.0, 0.0, 0.0, -1.0, 1.0, 1.0, 3.0, 0.0, 1.0, 1.0, 3.0, 0.0, 0.0, 1.0, 3.0, 3.0, 3.0, 2.0, -1.0, -1.0, 1.0, 1.0, 0.0, 3.0, 1.0, 1.0, 0.0, 0.0, 1.0, 1.0, 0.0, 1.0, -1.0, 2.0, -1.0, 1.0, 2.0, 95173.0, 627.0, 99439.0
3.0, 3.0, 1.0, 3.0, -1.0, 1.0, 2.0, -1.0, 1.0, 0.0, 3.0, 3.0, 0.0, -1.0, 2.0, 0.0, 3.0, 2.0, 0.0, 0.0, 0.0, 1.0, 0.0, -1.0, 2.0, 1.0, 3.0, 3.0, 0.0, 3.0, 1.0, -1.0, 2.0, 1.0, 0.0, -1.0, 2.0, 0.0, 2.0, -1.0, 3.0, -1.0, 3.0, -1.0, 2.0, 0.0, -1.0, 0.0, 2.0, 2.0, 95730.0, 580.0, 99465.0
3.0, 3.0, 3.0, 0.0, -1.0, 1.0, 2.0, -1.0, 1.0, 0.0, 3.0, 0.0, 0.0, -1.0, 2.0, 2.0, 3.0, 2.0, 0.0, 1.0, 0.0, 1.0, 3.0, -1.0, 2.0, 1.0, 3.0, 3.0, 0.0, 3.0, 1.0, -1.0, 3.0, 1.0, 0.0, -1.0, 2.0, 2.0, 2.0, -1.0, 3.0, 1.0, 3.0, -1.0, 2.0, 0.0, 1.0, 2.0, 1.0, 2.0, 95848.0, 607.0, 99447.0
3.0, 3.0, 1.0, -1.0, -1.0, 1.0, 2.0, -1.0, 1.0, 0.0, 3.0, 3.0, 0.0, -1.0, 2.0, 0.0, 3.0, 2.0, 0.0, 2.0, 0.0, 1.0, 0.0, -1.0, 2.0, 1.0, 3.0, 3.0, 0.0, 3.0, 1.0, -1.0, 2.0, 1.0, 0.0, -1.0, 2.0, 0.0, 2.0, -1.0, 3.0, -1.0, 3.0, -1.0, 2.0, -1.0, 1.0, 0.0, 2.0, 2.0, 95831.0, 567.0, 99478.0
-1.0, 1.0, 2.0, 0.0, -1.0, 0.0, 1.0, 0.0, 1.0, 0.0, 1.0, -1.0, 1.0, -1.0, 2.0, 1.0, -1.0, -1.0, 2.0, 3.0, 0.0, 1.0, 3.0, -1.0, 2.0, -1.0, -1.0, 3.0, 2.0, 0.0, 1.0, 3.0, -1.0, 1.0, 2.0, 3.0, 0.0, 0.0, -1.0, 2.0, 2.0, 1.0, -1.0, 0.0, 0.0, 3.0, -1.0, 3.0, 0.0, 0.0, 95997.0, 529.0, 99526.0
0.0, 0.0, 1.0, 0.0, 0.0, 0.0, 1.0, 2.0, 2.0, 0.0, 0.0, 0.0, 1.0, 1.0, 1.0, 2.0, 0.0, 0.0, 0.0, 0.0, 0.0, 0.0, 0.0, 0.0, 0.0, 2.0, 0.0, 0.0, 0.0, 0.0, 0.0, 0.0, 2.0, 0.0, 0.0, 0.0, 2.0, 0.0, 0.0, 0.0, 2.0, 0.0, 0.0, 2.0, 1.0, 1.0, 0.0, 0.0, 0.0, 2.0, 93518.0, 734.0, 99365.0
2.0, 2.0, 0.0, 2.0, 3.0, -1.0, 2.0, 0.0, 0.0, 0.0, 0.0, 2.0, -1.0, 3.0, 0.0, 0.0, 3.0, 1.0, 2.0, 3.0, 0.0, 1.0, 1.0, 3.0, 0.0, 0.0, 1.0, 3.0, 3.0, 3.0, 3.0, -1.0, -1.0, 1.0, 1.0, 0.0, 3.0, 1.0, 1.0, 0.0, 0.0, 1.0, 1.0, -1.0, 1.0, -1.0, 0.0, -1.0, 1.0, 2.0, 95266.0, 627.0, 99434.0
3.0, 3.0, 0.0, 2.0, -1.0, 3.0, 0.0, -1.0, 0.0, 0.0, 3.0, 1.0, 3.0, 3.0, 0.0, 2.0, -1.0, -1.0, -1.0, -1.0, 0.0, -1.0, 3.0, -1.0, 0.0, 3.0, 1.0, 0.0, 1.0, 2.0, -1.0, -1.0, 2.0, 3.0, 1.0, 1.0, 2.0, 2.0, 0.0, 1.0, -1.0, 2.0, 0.0, -1.0, 1.0, 0.0, -1.0, -1.0, 0.0, 2.0, 96093.0, 526.0, 99513.0
3.0, -1.0, 0.0, 3.0, 3.0, 3.0, 2.0, 1.0, 1.0, 0.0, 2.0, 1.0, 0.0, -1.0, 1.0, 0.0, 1.0, 2.0, 1.0, 2.0, 1.0, 1.0, 1.0, 3.0, 0.0, 0.0, 0.0, 3.0, 0.0, 2.0, 0.0, 3.0, 0.0, -1.0, 2.0, 2.0, 0.0, 0.0, 1.0, -1.0, 2.0, -1.0, -1.0, 0.0, 2.0, -1.0, -1.0, -1.0, 2.0, -1.0, 95458.0, 585.0, 99481.0
-1.0, 1.0, 2.0, 0.0, -1.0, 0.0, 1.0, 0.0, 1.0, 0.0, 1.0, -1.0, 1.0, -1.0, 2.0, 1.0, -1.0, -1.0, 2.0, 3.0, 0.0, 1.0, 3.0, -1.0, 2.0, -1.0, -1.0, 3.0, 2.0, 0.0, 1.0, 3.0, -1.0, 1.0, 2.0, 3.0, 0.0, 0.0, -1.0, 2.0, 2.0, 1.0, -1.0, 0.0, 0.0, 3.0, -1.0, 3.0, 0.0, 0.0, 95997.0, 529.0, 99526.0
2.0, 3.0, 0.0, 0.0, -1.0, -1.0, 2.0, 0.0, 1.0, 0.0, 2.0, 2.0, -1.0, 0.0, 0.0, 1.0, 1.0, 2.0, 2.0, 2.0, -1.0, 1.0, -1.0, -1.0, 0.0, 3.0, 0.0, -1.0, 1.0, 0.0, 1.0, -1.0, 3.0, 1.0, 1.0, -1.0, 1.0, 1.0, -1.0, 1.0, 2.0, -1.0, 2.0, -1.0, 2.0, 3.0, -1.0, 3.0, 0.0, 0.0, 95768.0, 530.0, 99509.0
3.0, 0.0, -1.0, 0.0, -1.0, -1.0, 0.0, 2.0, 0.0, 0.0, 3.0, -1.0, 1.0, 3.0, 0.0, 2.0, -1.0, -1.0, -1.0, -1.0, 0.0, -1.0, 3.0, -1.0, 1.0, 3.0, 1.0, 0.0, 1.0, 2.0, -1.0, 1.0, 2.0, 3.0, 1.0, 0.0, 2.0, 2.0, -1.0, 1.0, -1.0, 2.0, -1.0, -1.0, 1.0, 0.0, -1.0, -1.0, 0.0, 2.0, 96444.0, 474.0, 99561.0
2.0, 2.0, 2.0, 3.0, 1.0, 1.0, 0.0, -1.0, 2.0, 0.0, 3.0, -1.0, 2.0, 3.0, -1.0, 3.0, 1.0, 2.0, 1.0, 3.0, 0.0, -1.0, 1.0, -1.0, 0.0, 0.0, 0.0, -1.0, 0.0, -1.0, 2.0, 2.0, 0.0, 2.0, 3.0, 1.0, 1.0, 3.0, 2.0, 2.0, -1.0, -1.0, 1.0, 0.0, -1.0, 2.0, 3.0, -1.0, 2.0, 0.0, 95804.0, 578.0, 99467.0
-1.0, -1.0, 2.0, 0.0, -1.0, 0.0, 1.0, 0.0, 1.0, 0.0, 1.0, -1.0, 1.0, -1.0, 2.0, -1.0, -1.0, -1.0, 2.0, 3.0, 0.0, 1.0, 3.0, -1.0, 2.0, -1.0, -1.0, 3.0, 2.0, 0.0, 1.0, 3.0, 0.0, 1.0, 2.0, 3.0, 0.0, 0.0, -1.0, 2.0, 2.0, 1.0, -1.0, 0.0, 0.0, 3.0, -1.0, 3.0, 0.0, 0.0, 96137.0, 510.0, 99541.0
3.0, 3.0, -1.0, 0.0, -1.0, -1.0, 0.0, 2.0, 0.0, 0.0, 3.0, 1.0, 3.0, 3.0, 0.0, 2.0, 1.0, -1.0, 1.0, -1.0, 0.0, -1.0, 3.0, -1.0, 1.0, 3.0, 1.0, 0.0, 0.0, 2.0, 2.0, 1.0, 2.0, 2.0, 1.0, 1.0, 2.0, 2.0, 0.0, 1.0, -1.0, 2.0, 0.0, -1.0, 1.0, 0.0, -1.0, -1.0, 2.0, 2.0, 95830.0, 564.0, 99481.0
2.0, 2.0, 0.0, 2.0, 3.0, -1.0, 2.0, -1.0, 0.0, 0.0, 0.0, 2.0, -1.0, 3.0, 0.0, 0.0, 3.0, 1.0, 2.0, 3.0, 0.0, -1.0, 1.0, -1.0, 0.0, 0.0, 1.0, 3.0, 3.0, 3.0, 3.0, -1.0, -1.0, 1.0, 1.0, -1.0, 3.0, 1.0, 1.0, 0.0, 0.0, 1.0, 1.0, 3.0, 1.0, -1.0, 0.0, -1.0, 1.0, 2.0, 95585.0, 582.0, 99461.0
2.0, 2.0, 1.0, 3.0, 1.0, -1.0, 0.0, -1.0, 2.0, 0.0, 3.0, -1.0, 1.0, 3.0, -1.0, 3.0, 1.0, 2.0, 1.0, 3.0, 2.0, -1.0, 1.0, -1.0, 0.0, 0.0, 0.0, -1.0, 2.0, -1.0, 2.0, 2.0, 0.0, 1.0, 2.0, 1.0, 2.0, 3.0, 2.0, 2.0, -1.0, 1.0, 1.0, -1.0, -1.0, 2.0, 3.0, -1.0, 2.0, 0.0, 96003.0, 554.0, 99483.0
3.0, 3.0, -1.0, 0.0, -1.0, -1.0, 0.0, 2.0, 0.0, 0.0, 3.0, -1.0, 1.0, 3.0, 0.0, 2.0, 3.0, -1.0, -1.0, -1.0, 0.0, -1.0, 3.0, -1.0, 1.0, 3.0, 1.0, 0.0, 1.0, 2.0, -1.0, 1.0, 2.0, 2.0, 1.0, 0.0, 1.0, 2.0, 0.0, 0.0, 3.0, 2.0, 0.0, -1.0, 1.0, -1.0, -1.0, -1.0, 0.0, 2.0, 96149.0, 512.0, 99525.0
3.0, 3.0, -1.0, 0.0, -1.0, -1.0, 0.0, 2.0, 0.0, 0.0, 3.0, -1.0, 1.0, 3.0, 0.0, 2.0, -1.0, -1.0, -1.0, -1.0, 0.0, -1.0, 3.0, -1.0, 1.0, 3.0, 1.0, 0.0, 1.0, 2.0, 1.0, 1.0, 2.0, 3.0, 1.0, 0.0, 2.0, 2.0, -1.0, 1.0, -1.0, 2.0, 0.0, -1.0, 1.0, 0.0, -1.0, -1.0, 0.0, 2.0, 96275.0, 499.0, 99532.0
2.0, 2.0, 2.0, 3.0, 1.0, 1.0, 0.0, -1.0, 2.0, 0.0, 3.0, -1.0, 2.0, 3.0, -1.0, 3.0, 1.0, 2.0, 1.0, 3.0, 2.0, -1.0, 1.0, -1.0, 0.0, 0.0, 0.0, -1.0, 0.0, -1.0, 2.0, 2.0, 0.0, 2.0, 3.0, 1.0, 1.0, 3.0, 2.0, -1.0, -1.0, -1.0, 1.0, 0.0, -1.0, 2.0, 3.0, -1.0, 2.0, 0.0, 95954.0, 563.0, 99480.0
0.0, 3.0, 0.0, 2.0, 2.0, 1.0, 0.0, 0.0, 2.0, -1.0, 3.0, 3.0, -1.0, -1.0, -1.0, 3.0, 1.0, 2.0, -1.0, -1.0, 3.0, 2.0, 2.0, 1.0, 0.0, 3.0, 0.0, -1.0, 3.0, 2.0, 1.0, -1.0, 0.0, 0.0, 0.0, 2.0, 2.0, 0.0, -1.0, 0.0, 0.0, 2.0, 1.0, -1.0, 2.0, -1.0, 3.0, -1.0, 1.0, -1.0, 95885.0, 536.0, 99505.0
2.0, 2.0, 0.0, 2.0, 3.0, -1.0, 2.0, 0.0, 0.0, 0.0, 0.0, 2.0, -1.0, 3.0, 0.0, 0.0, 3.0, 1.0, 2.0, 3.0, 0.0, 1.0, 1.0, 3.0, 0.0, 0.0, 1.0, 3.0, 3.0, 3.0, 3.0, -1.0, -1.0, 1.0, 1.0, 0.0, 3.0, 1.0, 1.0, 0.0, 0.0, 1.0, 1.0, -1.0, 1.0, -1.0, 0.0, -1.0, 1.0, 2.0, 95266.0, 627.0, 99434.0
3.0, 3.0, 0.0, 2.0, 2.0, 1.0, 0.0, 0.0, 2.0, -1.0, 3.0, 3.0, -1.0, -1.0, -1.0, 3.0, 1.0, 2.0, -1.0, -1.0, 3.0, 2.0, 2.0, 1.0, 0.0, 3.0, -1.0, -1.0, 3.0, 2.0, 1.0, -1.0, 0.0, 0.0, 0.0, 2.0, 2.0, 0.0, -1.0, 0.0, 0.0, 2.0, 1.0, -1.0, 2.0, -1.0, 3.0, -1.0, 1.0, -1.0, 96155.0, 524.0, 99521.0
3.0, 3.0, 1.0, -1.0, -1.0, 1.0, 2.0, -1.0, 0.0, 0.0, 3.0, 3.0, 0.0, -1.0, 2.0, 0.0, 3.0, 2.0, 0.0, 2.0, 0.0, 1.0, 0.0, -1.0, 0.0, 1.0, 1.0, 3.0, 0.0, 3.0, 1.0, -1.0, 2.0, 1.0, 0.0, -1.0, 2.0, 0.0, 2.0, -1.0, 3.0, 1.0, 3.0, -1.0, 2.0, 0.0, 1.0, 0.0, 2.0, 2.0, 95486.0, 597.0, 99460.0
1.0, 0.0, 0.0, 1.0, -1.0, 0.0, 2.0, -1.0, 2.0, 0.0, 0.0, 0.0, 0.0, 0.0, -1.0, 1.0, -1.0, 0.0, -1.0, 1.0, 3.0, 0.0, 3.0, 3.0, 0.0, -1.0, -1.0, 2.0, 1.0, 3.0, 1.0, 2.0, 2.0, 1.0, 2.0, 2.0, 2.0, -1.0, 1.0, 1.0, 3.0, 1.0, 1.0, 2.0, 1.0, -1.0, 0.0, -1.0, 1.0, 0.0, 95469.0, 583.0, 99484.0
3.0, -1.0, 0.0, 3.0, 3.0, 3.0, 2.0, 1.0, 1.0, 0.0, 2.0, 1.0, 0.0, -1.0, 1.0, 0.0, 1.0, 2.0, 1.0, 2.0, 1.0, 1.0, 1.0, 3.0, 0.0, 0.0, 0.0, 3.0, 0.0, 2.0, 0.0, 3.0, 0.0, -1.0, 2.0, 2.0, 0.0, 0.0, 1.0, -1.0, 2.0, -1.0, -1.0, 0.0, 2.0, -1.0, -1.0, -1.0, 2.0, -1.0, 95458.0, 585.0, 99481.0
3.0, -1.0, -1.0, 0.0, -1.0, -1.0, 0.0, 2.0, 0.0, 0.0, 3.0, -1.0, 1.0, 3.0, 0.0, 2.0, -1.0, -1.0, -1.0, -1.0, 0.0, -1.0, 3.0, -1.0, 1.0, 3.0, 1.0, 0.0, 1.0, 2.0, -1.0, 1.0, 2.0, 3.0, 1.0, 0.0, 2.0, 2.0, -1.0, 1.0, 2.0, 2.0, 0.0, -1.0, -1.0, 0.0, -1.0, -1.0, 0.0, 2.0, 96539.0, 466.0, 99567.0
3.0, 3.0, 0.0, 2.0, 2.0, 1.0, 0.0, 0.0, 2.0, -1.0, 3.0, 3.0, -1.0, -1.0, -1.0, 3.0, 1.0, 2.0, -1.0, -1.0, 3.0, 2.0, 2.0, 1.0, 0.0, 3.0, -1.0, -1.0, 3.0, 2.0, 1.0, -1.0, 0.0, 0.0, 0.0, 2.0, 2.0, 0.0, -1.0, 0.0, 0.0, 2.0, 1.0, -1.0, 2.0, -1.0, 3.0, -1.0, 1.0, -1.0, 96155.0, 524.0, 99521.0
1.0, 2.0, 0.0, 2.0, 3.0, -1.0, 2.0, 0.0, -1.0, 0.0, 0.0, 2.0, -1.0, -1.0, 0.0, 0.0, -1.0, 1.0, 2.0, 3.0, 0.0, -1.0, 1.0, -1.0, 0.0, -1.0, 1.0, 3.0, 3.0, 3.0, 3.0, -1.0, 0.0, 1.0, 1.0, 0.0, 3.0, 1.0, 1.0, 0.0, 0.0, 1.0, 1.0, 3.0, 1.0, -1.0, 2.0, -1.0, 1.0, 2.0, 95618.0, 561.0, 99483.0
3.0, 3.0, -1.0, 2.0, 2.0, 1.0, 0.0, 0.0, 2.0, 0.0, 2.0, 3.0, -1.0, -1.0, -1.0, 3.0, 1.0, 2.0, -1.0, -1.0, -1.0, 2.0, 2.0, 1.0, 0.0, 3.0, -1.0, -1.0, 3.0, 2.0, 1.0, -1.0, 0.0, 0.0, 0.0, 2.0, 2.0, 0.0, -1.0, 0.0, 0.0, 2.0, 2.0, -1.0, 2.0, -1.0, 3.0, -1.0, 0.0, -1.0, 96241.0, 506.0, 99535.0
3.0, -1.0, 2.0, 3.0, 3.0, 3.0, 2.0, 1.0, 1.0, -1.0, 2.0, 1.0, 1.0, -1.0, 1.0, 0.0, 1.0, 2.0, 1.0, 2.0, 1.0, 1.0, 1.0, 3.0, 0.0, 0.0, 0.0, 3.0, 0.0, 2.0, 0.0, 2.0, 0.0, -1.0, 2.0, 0.0, 0.0, 0.0, 1.0, -1.0, -1.0, -1.0, -1.0, 0.0, 2.0, -1.0, -1.0, -1.0, 2.0, -1.0, 95691.0, 559.0, 99504.0
2.0, 2.0, 0.0, 0.0, 3.0, -1.0, 2.0, 0.0, 0.0, 0.0, 0.0, 2.0, -1.0, 3.0, 0.0, 0.0, -1.0, 1.0, 1.0, 3.0, 0.0, 1.0, 1.0, -1.0, 0.0, 0.0, 1.0, 3.0, 3.0, 3.0, 2.0, -1.0, -1.0, 1.0, 1.0, 0.0, 3.0, 1.0, 1.0, 0.0, 0.0, 1.0, 1.0, 0.0, 1.0, -1.0, 2.0, -1.0, 1.0, 2.0, 95202.0, 609.0, 99447.0
1.0, 2.0, 0.0, 2.0, 3.0, -1.0, 0.0, 0.0, 1.0, 0.0, 0.0, 2.0, -1.0, 3.0, 0.0, 0.0, -1.0, 1.0, 2.0, 3.0, 0.0, 1.0, 1.0, 3.0, 0.0, -1.0, 1.0, 3.0, 3.0, 3.0, 2.0, -1.0, 3.0, 1.0, 1.0, 0.0, 3.0, 1.0, 1.0, 0.0, 2.0, 1.0, 1.0, 3.0, 1.0, -1.0, 2.0, -1.0, 1.0, 2.0, 95316.0, 624.0, 99432.0
2.0, 2.0, 0.0, 2.0, 3.0, -1.0, 2.0, 0.0, 0.0, 0.0, 0.0, 2.0, 2.0, 3.0, 0.0, 0.0, 3.0, 1.0, 2.0, 3.0, 0.0, 1.0, 1.0, 3.0, 0.0, 0.0, 1.0, 3.0, 0.0, 3.0, 3.0, -1.0, -1.0, 1.0, 1.0, 0.0, 3.0, 1.0, 1.0, 0.0, 0.0, 1.0, 1.0, 3.0, 1.0, -1.0, 0.0, -1.0, 1.0, 2.0, 95081.0, 659.0, 99412.0
3.0, 3.0, 0.0, 3.0, 3.0, 3.0, 1.0, 1.0, 1.0, 0.0, 2.0, 1.0, 1.0, -1.0, 1.0, 0.0, 1.0, 2.0, 1.0, 2.0, 1.0, 1.0, 1.0, -1.0, 0.0, 0.0, 0.0, 3.0, 2.0, 2.0, 0.0, 3.0, 0.0, -1.0, 2.0, 0.0, 0.0, 0.0, 1.0, 2.0, 2.0, -1.0, -1.0, 0.0, 2.0, -1.0, -1.0, -1.0, 2.0, -1.0, 95337.0, 599.0, 99461.0
2.0, 2.0, 2.0, 3.0, 1.0, 1.0, 0.0, -1.0, 2.0, 0.0, 3.0, -1.0, 2.0, 3.0, -1.0, 3.0, 1.0, 2.0, 1.0, 3.0, 2.0, -1.0, 1.0, -1.0, 0.0, 0.0, 0.0, -1.0, 0.0, -1.0, 2.0, 2.0, 0.0, 2.0, -1.0, 1.0, 1.0, 3.0, 2.0, -1.0, -1.0, -1.0, 1.0, 0.0, -1.0, 0.0, 3.0, -1.0, 2.0, 0.0, 95976.0, 552.0, 99493.0
3.0, 3.0, 1.0, -1.0, -1.0, 1.0, 2.0, -1.0, 1.0, 0.0, 3.0, 3.0, 0.0, -1.0, 2.0, 0.0, 3.0, 2.0, 0.0, 2.0, 0.0, 1.0, 0.0, -1.0, 2.0, 1.0, 3.0, 3.0, 0.0, 3.0, 1.0, -1.0, 2.0, 1.0, 0.0, -1.0, 2.0, 0.0, 2.0, -1.0, 3.0, -1.0, 3.0, -1.0, 2.0, -1.0, 1.0, 0.0, 2.0, 2.0, 95831.0, 567.0, 99478.0
3.0, -1.0, -1.0, 0.0, -1.0, -1.0, 0.0, 2.0, 0.0, 0.0, 3.0, -1.0, 1.0, 3.0, 0.0, 2.0, -1.0, -1.0, -1.0, -1.0, 0.0, -1.0, 3.0, -1.0, 1.0, 3.0, 1.0, 0.0, 1.0, 2.0, -1.0, 1.0, 2.0, 3.0, 1.0, 0.0, 2.0, 2.0, -1.0, 1.0, 2.0, 2.0, 0.0, -1.0, 1.0, 0.0, -1.0, -1.0, 0.0, 2.0, 96449.0, 480.0, 99556.0
1.0, 2.0, 0.0, 2.0, 3.0, -1.0, 2.0, 0.0, -1.0, 0.0, 0.0, 2.0, -1.0, 3.0, 0.0, 0.0, -1.0, 1.0, 2.0, 3.0, 0.0, 1.0, 1.0, -1.0, 0.0, -1.0, 1.0, 3.0, 3.0, 3.0, 2.0, -1.0, -1.0, 1.0, 1.0, 0.0, 3.0, 1.0, 1.0, 0.0, 0.0, 1.0, 1.0, 3.0, 1.0, -1.0, 2.0, -1.0, 1.0, 2.0, 95554.0, 579.0, 99470.0
0.0, 3.0, 2.0, 1.0, -1.0, 1.0, 1.0, 2.0, 1.0, 0.0, -1.0, -1.0, 1.0, 1.0, 1.0, 0.0, 2.0, -1.0, 2.0, 3.0, 2.0, 0.0, 2.0, -1.0, 0.0, -1.0, 0.0, 2.0, 0.0, 1.0, 0.0, 3.0, -1.0, 2.0, 0.0, 0.0, 2.0, 3.0, -1.0, -1.0, 1.0, 1.0, 0.0, -1.0, 0.0, 3.0, 2.0, -1.0, 3.0, 0.0, 95578.0, 565.0, 99483.0
3.0, 3.0, -1.0, 0.0, -1.0, -1.0, 0.0, 2.0, 0.0, 0.0, 3.0, 1.0, 3.0, 3.0, 0.0, 2.0, 1.0, -1.0, -1.0, -1.0, 0.0, -1.0, 3.0, -1.0, 1.0, 3.0, 1.0, 0.0, 1.0, 2.0, 2.0, 1.0, 2.0, 2.0, 1.0, 1.0, 2.0, 2.0, 0.0, 1.0, -1.0, 2.0, 0.0, -1.0, 0.0, 0.0, -1.0, -1.0, 2.0, 2.0, 95954.0, 550.0, 99494.0
0.0, -1.0, 2.0, 1.0, 0.0, -1.0, 0.0, -1.0, 2.0, 2.0, 0.0, -1.0, 2.0, 3.0, 1.0, -1.0, -1.0, 0.0, 1.0, 3.0, 1.0, 3.0, 2.0, -1.0, -1.0, 0.0, 0.0, 0.0, 2.0, 2.0, -1.0, 1.0, 0.0, -1.0, 0.0, -1.0, 0.0, 1.0, -1.0, -1.0, 2.0, 2.0, -1.0, -1.0, 1.0, -1.0, 1.0, 2.0, 2.0, 0.0, 96375.0, 478.0, 99577.0
2.0, 2.0, 2.0, 2.0, 1.0, -1.0, 0.0, -1.0, 2.0, 0.0, 3.0, -1.0, 2.0, 3.0, -1.0, 3.0, 1.0, 2.0, 1.0, 3.0, 2.0, -1.0, 1.0, -1.0, 0.0, 0.0, 0.0, -1.0, 0.0, -1.0, 2.0, 2.0, 0.0, 2.0, -1.0, 1.0, 1.0, 3.0, 2.0, 1.0, -1.0, -1.0, 1.0, 0.0, -1.0, 2.0, 3.0, -1.0, 2.0, 0.0, 96006.0, 549.0, 99491.0
2.0, 2.0, 1.0, 3.0, 1.0, -1.0, 0.0, -1.0, 2.0, 0.0, 3.0, -1.0, 1.0, 3.0, -1.0, 3.0, 1.0, 2.0, 1.0, 3.0, 2.0, -1.0, 1.0, -1.0, 0.0, 0.0, 0.0, -1.0, 2.0, -1.0, 2.0, 2.0, 0.0, 1.0, 2.0, 1.0, 1.0, 3.0, 2.0, 0.0, -1.0, 1.0, 1.0, 0.0, -1.0, 2.0, 3.0, -1.0, 2.0, 0.0, 95810.0, 572.0, 99472.0
3.0, 3.0, -1.0, 0.0, -1.0, -1.0, 0.0, 2.0, 0.0, 0.0, 3.0, -1.0, 1.0, 3.0, 0.0, 2.0, -1.0, -1.0, -1.0, -1.0, 0.0, -1.0, 3.0, -1.0, 1.0, 3.0, 1.0, 0.0, 1.0, 2.0, -1.0, 1.0, 2.0, 0.0, 1.0, 0.0, 2.0, 2.0, -1.0, 1.0, -1.0, 2.0, 0.0, -1.0, 1.0, 0.0, -1.0, -1.0, 0.0, 2.0, 96296.0, 484.0, 99551.0
3.0, 3.0, 1.0, -1.0, -1.0, 1.0, 2.0, -1.0, 0.0, 0.0, 3.0, 3.0, 0.0, -1.0, 2.0, 0.0, 3.0, 2.0, 0.0, 2.0, 0.0, 1.0, 0.0, -1.0, 0.0, 1.0, 1.0, 3.0, 0.0, 3.0, 1.0, -1.0, 2.0, 1.0, 0.0, -1.0, 2.0, 0.0, 2.0, -1.0, 3.0, 1.0, 3.0, -1.0, 2.0, 0.0, 1.0, 0.0, 2.0, 2.0, 95486.0, 597.0, 99460.0
2.0, 2.0, 2.0, 3.0, 1.0, -1.0, 0.0, -1.0, 2.0, 0.0, 3.0, -1.0, 2.0, 3.0, -1.0, 3.0, 1.0, 2.0, 1.0, 3.0, 2.0, -1.0, 1.0, -1.0, 0.0, 0.0, 0.0, -1.0, 0.0, -1.0, 2.0, 2.0, 0.0, 2.0, 2.0, 1.0, 1.0, 3.0, 2.0, 2.0, -1.0, -1.0, 1.0, 0.0, -1.0, 2.0, 3.0, -1.0, 2.0, 0.0, 95964.0, 560.0, 99478.0
3.0, 3.0, 1.0, -1.0, -1.0, 1.0, 2.0, -1.0, 1.0, 0.0, 3.0, 3.0, 0.0, -1.0, 2.0, 0.0, 3.0, 2.0, 0.0, 2.0, 0.0, 1.0, 0.0, -1.0, 2.0, 1.0, 3.0, 3.0, 0.0, 3.0, 1.0, -1.0, 2.0, 1.0, 0.0, -1.0, 2.0, 0.0, 2.0, -1.0, -1.0, -1.0, 3.0, -1.0, 2.0, -1.0, 1.0, 0.0, 2.0, 2.0, 95871.0, 554.0, 99488.0
2.0, 3.0, 0.0, 0.0, -1.0, -1.0, 2.0, 0.0, 1.0, 0.0, 2.0, 2.0, -1.0, 0.0, 0.0, 1.0, 1.0, 2.0, 2.0, 0.0, -1.0, 1.0, -1.0, 3.0, 0.0, -1.0, 3.0, -1.0, 1.0, 0.0, 1.0, -1.0, 3.0, 1.0, 3.0, -1.0, 1.0, 1.0, 1.0, 1.0, 2.0, -1.0, 2.0, -1.0, 1.0, 3.0, -1.0, 2.0, 0.0, 0.0, 95732.0, 545.0, 99499.0
3.0, 3.0, -1.0, 0.0, 0.0, -1.0, 0.0, 2.0, 0.0, 0.0, 3.0, -1.0, 1.0, 3.0, 1.0, 2.0, -1.0, -1.0, -1.0, -1.0, 0.0, -1.0, 3.0, -1.0, 1.0, 3.0, 1.0, 0.0, 1.0, 2.0, -1.0, 1.0, 2.0, 2.0, 1.0, 0.0, 2.0, 2.0, 0.0, 1.0, -1.0, 2.0, 0.0, -1.0, 1.0, 0.0, -1.0, -1.0, 0.0, 2.0, 96135.0, 515.0, 99526.0
1.0, 2.0, 0.0, 2.0, 3.0, -1.0, 2.0, 0.0, -1.0, 0.0, 0.0, 2.0, -1.0, -1.0, 0.0, 0.0, -1.0, 1.0, 2.0, 3.0, 0.0, -1.0, 1.0, -1.0, 0.0, -1.0, 1.0, 3.0, 3.0, 3.0, 3.0, -1.0, 0.0, 1.0, 1.0, 0.0, 3.0, 1.0, 1.0, 0.0, 0.0, 1.0, 1.0, 3.0, 1.0, -1.0, 2.0, -1.0, 1.0, 2.0, 95618.0, 561.0, 99483.0
3.0, 3.0, 1.0, 3.0, -1.0, 1.0, 2.0, -1.0, 1.0, 0.0, 3.0, 3.0, 0.0, -1.0, 2.0, 0.0, 3.0, 2.0, 0.0, 0.0, 0.0, 1.0, 0.0, -1.0, 2.0, 1.0, 3.0, 3.0, 0.0, 3.0, 1.0, -1.0, 2.0, 1.0, 0.0, 0.0, 2.0, 0.0, 2.0, -1.0, 3.0, -1.0, 3.0, -1.0, 2.0, 0.0, -1.0, 0.0, 2.0, 2.0, 95616.0, 598.0, 99454.0
3.0, 3.0, 3.0, 0.0, -1.0, 1.0, 2.0, -1.0, 1.0, 0.0, 3.0, 0.0, 0.0, -1.0, 2.0, 2.0, 3.0, 2.0, 0.0, 1.0, 0.0, 1.0, 3.0, -1.0, 2.0, 1.0, 3.0, 3.0, 0.0, 3.0, 1.0, -1.0, 3.0, 1.0, 0.0, -1.0, 2.0, 2.0, 2.0, -1.0, 3.0, 1.0, 3.0, -1.0, 2.0, 0.0, 1.0, 2.0, 1.0, 2.0, 95848.0, 607.0, 99447.0
2.0, 3.0, 2.0, 3.0, 1.0, 1.0, 0.0, -1.0, 2.0, 0.0, 3.0, -1.0, 2.0, 3.0, -1.0, 3.0, 1.0, 2.0, 1.0, 3.0, 2.0, -1.0, 1.0, -1.0, 0.0, 0.0, 0.0, -1.0, 0.0, -1.0, 2.0, 2.0, 0.0, 2.0, 3.0, 1.0, 1.0, 3.0, 2.0, 2.0, -1.0, -1.0, 1.0, 0.0, 1.0, 2.0, 3.0, -1.0, 2.0, 0.0, 95830.0, 592.0, 99456.0
3.0, 3.0, -1.0, 2.0, -1.0, 3.0, 0.0, 2.0, 0.0, 0.0, 3.0, 1.0, 3.0, 3.0, 0.0, 2.0, -1.0, -1.0, -1.0, -1.0, 0.0, -1.0, 3.0, -1.0, 0.0, 3.0, 1.0, 0.0, 1.0, 2.0, -1.0, -1.0, 2.0, 3.0, 1.0, 1.0, 2.0, 2.0, 0.0, 1.0, -1.0, 2.0, 0.0, -1.0, 1.0, 0.0, -1.0, -1.0, 0.0, 2.0, 96226.0, 523.0, 99521.0
0.0, 0.0, 1.0, 0.0, 0.0, 0.0, 1.0, 2.0, 2.0, 0.0, 0.0, 0.0, 1.0, 3.0, 1.0, 2.0, 0.0, 0.0, 0.0, 0.0, 0.0, 0.0, 0.0, 0.0, 0.0, 2.0, 0.0, 0.0, 0.0, 0.0, 0.0, 0.0, -1.0, 0.0, 0.0, 0.0, 2.0, 0.0, 0.0, 0.0, 2.0, 0.0, 0.0, 2.0, 1.0, 1.0, 0.0, 0.0, 0.0, 2.0, 93707.0, 719.0, 99382.0
2.0, 2.0, 0.0, 2.0, 3.0, -1.0, 2.0, 0.0, 0.0, 0.0, 0.0, 2.0, -1.0, 1.0, 0.0, 0.0, 3.0, 1.0, 2.0, 3.0, 0.0, 1.0, 1.0, 3.0, 0.0, 0.0, 1.0, 3.0, 3.0, 3.0, 3.0, -1.0, 2.0, 1.0, 1.0, 0.0, 3.0, 1.0, 1.0, 0.0, 0.0, 1.0, 1.0, -1.0, 1.0, -1.0, 0.0, -1.0, 1.0, 2.0, 95077.0, 642.0, 99417.0
2.0, 2.0, 2.0, 3.0, 1.0, -1.0, 0.0, -1.0, 2.0, 0.0, 3.0, -1.0, 2.0, 3.0, -1.0, 3.0, 1.0, 2.0, 1.0, 3.0, 2.0, -1.0, 1.0, -1.0, 0.0, 0.0, 0.0, -1.0, 0.0, -1.0, 2.0, 2.0, 0.0, 2.0, 2.0, 1.0, 1.0, 3.0, 2.0, 2.0, -1.0, -1.0, 1.0, 0.0, -1.0, 2.0, 3.0, -1.0, 2.0, 0.0, 95964.0, 560.0, 99478.0
3.0, 3.0, 0.0, 2.0, -1.0, 3.0, 0.0, -1.0, 0.0, 0.0, 3.0, 1.0, 3.0, 3.0, 0.0, 2.0, -1.0, -1.0, -1.0, -1.0, 0.0, -1.0, 3.0, -1.0, 0.0, 3.0, 1.0, 0.0, 1.0, 2.0, -1.0, -1.0, 2.0, 3.0, 1.0, 1.0, 2.0, 2.0, 0.0, 1.0, -1.0, 2.0, 0.0, -1.0, 1.0, 0.0, -1.0, -1.0, 0.0, 2.0, 96093.0, 526.0, 99513.0
0.0, -1.0, 2.0, 1.0, 0.0, -1.0, 0.0, -1.0, 1.0, 2.0, 0.0, -1.0, 2.0, 3.0, 1.0, 1.0, -1.0, 0.0, 1.0, 3.0, 1.0, 3.0, 2.0, 1.0, -1.0, 0.0, 0.0, 0.0, 2.0, 2.0, -1.0, 1.0, 0.0, -1.0, 0.0, -1.0, 0.0, 1.0, -1.0, -1.0, 2.0, 2.0, 1.0, -1.0, 1.0, -1.0, 1.0, 2.0, 2.0, -1.0, 96102.0, 505.0, 99549.0
3.0, -1.0, -1.0, 0.0, -1.0, -1.0, 0.0, 2.0, 0.0, 0.0, 3.0, -1.0, 1.0, 3.0, 0.0, 2.0, -1.0, -1.0, -1.0, -1.0, 0.0, -1.0, 3.0, -1.0, 1.0, 3.0, 1.0, 0.0, 1.0, 2.0, -1.0, 1.0, 2.0, 3.0, 1.0, 0.0, 2.0, 2.0, -1.0, 1.0, 2.0, 2.0, 0.0, -1.0, 1.0, 0.0, -1.0, -1.0, 0.0, 2.0, 96449.0, 480.0, 99556.0
3.0, 3.0, -1.0, 2.0, -1.0, 3.0, 0.0, 2.0, 0.0, 0.0, 3.0, 1.0, 3.0, 3.0, 0.0, 2.0, -1.0, -1.0, -1.0, -1.0, 0.0, -1.0, 3.0, -1.0, 0.0, 3.0, 1.0, 0.0, 1.0, 2.0, -1.0, -1.0, 2.0, 3.0, 1.0, 1.0, 2.0, 2.0, 0.0, 1.0, -1.0, 2.0, 0.0, -1.0, 1.0, 0.0, -1.0, -1.0, 0.0, 2.0, 96226.0, 523.0, 99521.0
1.0, 2.0, 1.0, 0.0, 1.0, 0.0, 0.0, 0.0, 0.0, 0.0, 2.0, 3.0, 0.0, -1.0, 2.0, 1.0, 3.0, -1.0, 1.0, 1.0, 3.0, -1.0, 3.0, -1.0, 0.0, 3.0, 0.0, -1.0, 1.0, -1.0, 3.0, -1.0, 0.0, 1.0, 1.0, 3.0, 3.0, 2.0, 0.0, 1.0, -1.0, 2.0, -1.0, 2.0, 2.0, 1.0, 0.0, 2.0, 3.0, 2.0, 95578.0, 606.0, 99455.0
1.0, 2.0, 0.0, 2.0, 3.0, -1.0, 2.0, 0.0, -1.0, 0.0, 0.0, 2.0, -1.0, 3.0, 0.0, 0.0, -1.0, 1.0, 2.0, 3.0, 0.0, 1.0, 1.0, -1.0, 0.0, -1.0, 1.0, 3.0, 3.0, 3.0, 2.0, -1.0, -1.0, 1.0, 1.0, 0.0, 3.0, 1.0, 1.0, 0.0, 0.0, 1.0, 1.0, 3.0, 1.0, -1.0, 2.0, -1.0, 1.0, 2.0, 95554.0, 579.0, 99470.0
3.0, 3.0, -1.0, 0.0, -1.0, -1.0, 0.0, 2.0, 0.0, 0.0, 3.0, -1.0, 1.0, 3.0, 0.0, 2.0, -1.0, -1.0, -1.0, -1.0, 0.0, -1.0, 3.0, -1.0, 1.0, 3.0, 1.0, 0.0, 1.0, 2.0, -1.0, 1.0, 2.0, 2.0, 1.0, 0.0, 2.0, 2.0, 0.0, 1.0, -1.0, 2.0, 0.0, -1.0, 1.0, 0.0, -1.0, -1.0, 0.0, 2.0, 96242.0, 499.0, 99539.0
2.0, 2.0, 0.0, 2.0, 3.0, -1.0, 2.0, 0.0, 0.0, 0.0, 0.0, 2.0, -1.0, 3.0, 0.0, 0.0, 3.0, 1.0, 2.0, 3.0, 0.0, -1.0, 1.0, -1.0, 0.0, 0.0, 1.0, 3.0, 3.0, 0.0, 3.0, -1.0, -1.0, 1.0, 1.0, 0.0, 3.0, 1.0, 1.0, 0.0, 0.0, 1.0, 1.0, 3.0, 1.0, -1.0, 0.0, -1.0, 1.0, 2.0, 95321.0, 612.0, 99444.0
3.0, 3.0, 2.0, 0.0, -1.0, 1.0, 2.0, -1.0, 1.0, 0.0, 3.0, 1.0, 0.0, -1.0, 0.0, 0.0, 3.0, 2.0, 0.0, 1.0, 0.0, 1.0, 2.0, -1.0, 2.0, 1.0, 3.0, 3.0, 0.0, 3.0, 1.0, -1.0, 3.0, 1.0, 0.0, -1.0, 2.0, 0.0, 2.0, -1.0, 3.0, 1.0, 3.0, -1.0, 2.0, 0.0, 1.0, -1.0, 2.0, 2.0, 95632.0, 595.0, 99451.0
2.0, 3.0, 0.0, 0.0, -1.0, -1.0, 2.0, 0.0, -1.0, 0.0, 0.0, 2.0, -1.0, 0.0, 0.0, 1.0, 1.0, 2.0, 2.0, 0.0, -1.0, 1.0, -1.0, 3.0, 0.0, -1.0, 1.0, -1.0, 1.0, 0.0, 1.0, -1.0, -1.0, 1.0, 3.0, -1.0, 1.0, 1.0, 1.0, 1.0, 0.0, -1.0, 2.0, -1.0, 1.0, 3.0, -1.0, 3.0, 0.0, 0.0, 95750.0, 518.0, 99529.0
2.0, 2.0, 0.0, 2.0, 3.0, -1.0, 2.0, 0.0, 0.0, 0.0, 0.0, 2.0, 2.0, 3.0, 0.0, 0.0, 3.0, 1.0, 2.0, 3.0, 0.0, 1.0, 1.0, 3.0, 0.0, 0.0, 1.0, 3.0, 0.0, 3.0, 3.0, -1.0, -1.0, 1.0, 1.0, 0.0, 3.0, 1.0, 1.0, 0.0, 0.0, 1.0, 1.0, 3.0, 1.0, -1.0, 0.0, -1.0, 1.0, 2.0, 95081.0, 659.0, 99412.0
0.0, 3.0, 2.0, 1.0, -1.0, 1.0, 1.0, 2.0, 1.0, 0.0, -1.0, -1.0, 1.0, 1.0, 1.0, 0.0, 2.0, -1.0, 2.0, 3.0, 2.0, 0.0, 2.0, -1.0, 0.0, -1.0, 0.0, 2.0, 0.0, 1.0, 0.0, 3.0, -1.0, 2.0, 0.0, 0.0, 2.0, 3.0, -1.0, -1.0, 1.0, 1.0, 0.0, -1.0, 0.0, 3.0, 2.0, -1.0, 3.0, 0.0, 95578.0, 565.0, 99483.0
3.0, 0.0, -1.0, 0.0, -1.0, 1.0, 0.0, 2.0, 0.0, 0.0, 3.0, -1.0, 1.0, 3.0, 0.0, 2.0, -1.0, -1.0, -1.0, -1.0, 0.0, -1.0, 3.0, -1.0, 1.0, 3.0, 0.0, 0.0, 1.0, 2.0, -1.0, 1.0, 2.0, 3.0, 1.0, 0.0, 2.0, 2.0, -1.0, 1.0, -1.0, 2.0, -1.0, -1.0, 1.0, 0.0, -1.0, -1.0, 0.0, 0.0, 96260.0, 492.0, 99550.0
-1.0, -1.0, 2.0, 0.0, -1.0, 0.0, 1.0, 0.0, 1.0, 0.0, 1.0, -1.0, 1.0, -1.0, 2.0, -1.0, -1.0, -1.0, 2.0, 3.0, 0.0, 1.0, 3.0, -1.0, 2.0, -1.0, -1.0, 3.0, 2.0, 0.0, 1.0, 3.0, 0.0, 1.0, 2.0, 3.0, 0.0, 0.0, -1.0, 2.0, 2.0, 1.0, -1.0, 0.0, 0.0, 3.0, -1.0, 3.0, 0.0, 0.0, 96137.0, 510.0, 99541.0
3.0, 3.0, -1.0, 0.0, -1.0, -1.0, 0.0, 2.0, 0.0, 0.0, 3.0, 1.0, 3.0, 3.0, 0.0, 2.0, 1.0, -1.0, 1.0, -1.0, 0.0, -1.0, 3.0, -1.0, 1.0, 3.0, 1.0, 0.0, 0.0, 2.0, 2.0, 1.0, 2.0, 2.0, 1.0, 1.0, 2.0, 2.0, 0.0, 1.0, -1.0, 2.0, 0.0, -1.0, 1.0, 0.0, -1.0, -1.0, 2.0, 2.0, 95830.0, 564.0, 99481.0
0.0, -1.0, 2.0, 1.0, 0.0, -1.0, 0.0, -1.0, 2.0, 2.0, 0.0, -1.0, 2.0, 3.0, 1.0, -1.0, -1.0, 0.0, 1.0, 3.0, 1.0, 3.0, 2.0, -1.0, -1.0, 0.0, 0.0, 0.0, 2.0, 2.0, -1.0, 1.0, 0.0, -1.0, 0.0, -1.0, 0.0, 1.0, -1.0, -1.0, 2.0, 2.0, -1.0, -1.0, 1.0, -1.0, 1.0, 2.0, 2.0, 0.0, 96375.0, 478.0, 99577.0
2.0, 2.0, 2.0, 2.0, 1.0, -1.0, 0.0, -1.0, 2.0, 0.0, 3.0, -1.0, 2.0, 3.0, -1.0, 3.0, 1.0, 2.0, 1.0, 3.0, 2.0, -1.0, 1.0, -1.0, 0.0, 0.0, 0.0, -1.0, 0.0, -1.0, 2.0, 2.0, 0.0, 2.0, -1.0, 1.0, 1.0, 3.0, 2.0, 1.0, -1.0, -1.0, 1.0, 0.0, -1.0, 2.0, 3.0, -1.0, 2.0, 0.0, 96006.0, 549.0, 99491.0
1.0, 2.0, 1.0, 1.0, 3.0, 0.0, 1.0, 3.0, -1.0, 1.0, 0.0, 1.0, 0.0, 2.0, 0.0, 1.0, 3.0, 0.0, 3.0, 0.0, 0.0, 2.0, 1.0, -1.0, 2.0, -1.0, 3.0, 0.0, 1.0, 2.0, 0.0, 2.0, 1.0, 3.0, 0.0, 1.0, 0.0, 1.0, 2.0, -1.0, -1.0, 3.0, 0.0, -1.0, 2.0, -1.0, -1.0, 3.0, 1.0, 3.0, 95341.0, 607.0, 99454.0
2.0, -1.0, 1.0, 3.0, 1.0, -1.0, 0.0, -1.0, 2.0, 0.0, 3.0, -1.0, 1.0, 3.0, -1.0, 3.0, 1.0, 2.0, 1.0, 3.0, 2.0, -1.0, 1.0, -1.0, 0.0, 0.0, 0.0, -1.0, 2.0, -1.0, 2.0, 2.0, 0.0, 1.0, 2.0, 1.0, 2.0, 3.0, 2.0, 2.0, -1.0, 1.0, 1.0, -1.0, -1.0, 2.0, 3.0, -1.0, 2.0, 0.0, 96115.0, 537.0, 99498.0
3.0, 2.0, 2.0, 3.0, 3.0, 3.0, 2.0, 1.0, 1.0, 0.0, 2.0, 1.0, 1.0, -1.0, 1.0, 0.0, 1.0, 2.0, 1.0, 2.0, 1.0, 1.0, 1.0, 3.0, 0.0, 0.0, 0.0, 3.0, 0.0, 2.0, 0.0, 2.0, 0.0, -1.0, 2.0, 0.0, 0.0, 0.0, 1.0, -1.0, -1.0, -1.0, -1.0, 0.0, 2.0, -1.0, -1.0, -1.0, 2.0, -1.0, 95445.0, 589.0, 99476.0
3.0, 3.0, -1.0, 0.0, -1.0, -1.0, 0.0, 2.0, 0.0, 0.0, 3.0, -1.0, 1.0, 3.0, 0.0, 2.0, 3.0, -1.0, -1.0, -1.0, 0.0, -1.0, 3.0, -1.0, 1.0, 3.0, 1.0, 0.0, 1.0, 2.0, -1.0, 1.0, 2.0, 2.0, 1.0, 0.0, 1.0, 2.0, 0.0, 0.0, 3.0, 2.0, 0.0, -1.0, 1.0, -1.0, -1.0, -1.0, 0.0, 2.0, 96149.0, 512.0, 99525.0
3.0, 3.0, -1.0, 0.0, -1.0, -1.0, 0.0, 2.0, 0.0, 0.0, 3.0, -1.0, 1.0, 3.0, 0.0, 2.0, -1.0, -1.0, -1.0, -1.0, 0.0, -1.0, 3.0, -1.0, 1.0, 3.0, 1.0, 0.0, 1.0, 2.0, 1.0, 1.0, 2.0, 3.0, 1.0, 0.0, 2.0, 2.0, -1.0, 1.0, -1.0, 2.0, 0.0, -1.0, -1.0, 0.0, -1.0, -1.0, 0.0, 2.0, 96365.0, 485.0, 99543.0
2.0, 2.0, 2.0, 3.0, 1.0, 1.0, 0.0, -1.0, 2.0, 0.0, 3.0, -1.0, 2.0, 3.0, -1.0, 3.0, 1.0, 2.0, 1.0, 3.0, 2.0, -1.0, 1.0, -1.0, 0.0, 0.0, 0.0, -1.0, 0.0, -1.0, 2.0, 2.0, 0.0, 2.0, 3.0, 1.0, 1.0, 3.0, 2.0, -1.0, -1.0, -1.0, 1.0, 0.0, 1.0, 2.0, 3.0, -1.0, 2.0, 0.0, 95864.0, 577.0, 99469.0
0.0, 0.0, 1.0, 0.0, 0.0, 0.0, 1.0, 0.0, 2.0, 0.0, 0.0, 0.0, 1.0, 1.0, 1.0, 2.0, 0.0, 0.0, 0.0, 0.0, 0.0, 0.0, 0.0, 0.0, 0.0, 2.0, -1.0, 0.0, 0.0, 0.0, 0.0, 0.0, 2.0, 0.0, 0.0, 0.0, 2.0, 0.0, 0.0, 0.0, 2.0, 0.0, 0.0, 2.0, 1.0, 1.0, 0.0, 0.0, 0.0, 2.0, 93652.0, 722.0, 99381.0
2.0, 2.0, 0.0, 2.0, 3.0, -1.0, 2.0, 0.0, 0.0, 0.0, 0.0, 2.0, -1.0, 3.0, 0.0, 0.0, 3.0, 1.0, 2.0, 3.0, 0.0, 1.0, 1.0, 3.0, 0.0, 0.0, 1.0, 3.0, 3.0, 3.0, 3.0, -1.0, -1.0, 1.0, 1.0, 0.0, 3.0, 1.0, 1.0, 0.0, 0.0, 1.0, 1.0, -1.0, 1.0, -1.0, 0.0, -1.0, 1.0, 2.0, 95266.0, 627.0, 99434.0
1.0, -1.0, 2.0, 3.0, 3.0, 3.0, 2.0, 1.0, 1.0, 0.0, 2.0, 1.0, 1.0, -1.0, 1.0, 0.0, 1.0, 2.0, 1.0, 2.0, 1.0, 1.0, 1.0, 3.0, 0.0, 0.0, 0.0, 3.0, 0.0, 2.0, 0.0, 2.0, 0.0, -1.0, 2.0, 0.0, 0.0, 0.0, 1.0, -1.0, -1.0, -1.0, -1.0, 0.0, 2.0, -1.0, -1.0, -1.0, 2.0, -1.0, 95489.0, 572.0, 99491.0
3.0, 3.0, 1.0, -1.0, -1.0, 1.0, 2.0, -1.0, 1.0, 0.0, 3.0, 3.0, 0.0, -1.0, 2.0, 0.0, 3.0, 2.0, 0.0, 2.0, 0.0, 1.0, 0.0, -1.0, 2.0, 1.0, 3.0, 3.0, 0.0, 3.0, 1.0, -1.0, 2.0, 1.0, 0.0, -1.0, 2.0, 0.0, 2.0, -1.0, -1.0, -1.0, 3.0, -1.0, 2.0, -1.0, 1.0, 0.0, 2.0, 2.0, 95871.0, 554.0, 99488.0
2.0, 3.0, 0.0, 0.0, -1.0, -1.0, 2.0, 0.0, 1.0, 0.0, 2.0, 2.0, -1.0, 0.0, 0.0, 1.0, 1.0, 2.0, 2.0, 0.0, -1.0, 1.0, -1.0, 3.0, 0.0, -1.0, 3.0, -1.0, 1.0, 0.0, 1.0, -1.0, 3.0, 1.0, 3.0, -1.0, 1.0, 1.0, 1.0, 1.0, 2.0, -1.0, 2.0, -1.0, 1.0, 3.0, -1.0, 2.0, 0.0, 0.0, 95732.0, 545.0, 99499.0
3.0, -1.0, 0.0, 3.0, -1.0, 3.0, 2.0, 1.0, 1.0, 0.0, 2.0, 1.0, 0.0, -1.0, 1.0, 0.0, 1.0, 2.0, 1.0, 2.0, 1.0, 1.0, 1.0, 3.0, 0.0, 0.0, 0.0, 3.0, 0.0, 2.0, 0.0, 3.0, 0.0, -1.0, 2.0, 2.0, 0.0, 0.0, 1.0, -1.0, 2.0, -1.0, -1.0, 0.0, 2.0, -1.0, -1.0, -1.0, 2.0, -1.0, 95510.0, 569.0, 99494.0
3.0, -1.0, -1.0, 0.0, -1.0, -1.0, 0.0, 2.0, 0.0, 0.0, 3.0, -1.0, 1.0, 3.0, 0.0, 2.0, -1.0, -1.0, -1.0, -1.0, 0.0, -1.0, 3.0, -1.0, 1.0, 3.0, 1.0, 0.0, 1.0, 2.0, -1.0, 1.0, 2.0, 3.0, 1.0, 0.0, 2.0, 2.0, -1.0, 1.0, 2.0, 2.0, 0.0, -1.0, -1.0, 0.0, -1.0, -1.0, 0.0, 2.0, 96539.0, 466.0, 99567.0
1.0, 2.0, 0.0, 2.0, 3.0, -1.0, 2.0, 0.0, -1.0, 0.0, 0.0, 2.0, -1.0, -1.0, 0.0, 0.0, -1.0, 1.0, -1.0, 3.0, 0.0, -1.0, 1.0, -1.0, 0.0, -1.0, 1.0, 3.0, 3.0, 3.0, 3.0, -1.0, 0.0, 1.0, 1.0, 0.0, 3.0, 1.0, 1.0, 0.0, 0.0, 1.0, 1.0, 3.0, 1.0, -1.0, 2.0, -1.0, 1.0, 2.0, 95706.0, 547.0, 99496.0
3.0, 3.0, -1.0, 0.0, -1.0, -1.0, 0.0, 2.0, 0.0, 0.0, 3.0, -1.0, 1.0, 3.0, 0.0, 2.0, -1.0, -1.0, -1.0, -1.0, 0.0, -1.0, 3.0, -1.0, 1.0, 3.0, 1.0, 0.0, 1.0, 2.0, -1.0, 1.0, 2.0, 2.0, 1.0, 0.0, 2.0, 2.0, 0.0, 1.0, -1.0, 2.0, 0.0, -1.0, 1.0, 0.0, -1.0, -1.0, 0.0, 2.0, 96242.0, 499.0, 99539.0
2.0, 2.0, 0.0, 0.0, 3.0, -1.0, 2.0, 0.0, 0.0, 0.0, 0.0, 2.0, -1.0, 3.0, 0.0, 0.0, -1.0, 1.0, 1.0, 3.0, 0.0, 1.0, 1.0, -1.0, 0.0, 0.0, 1.0, 3.0, 3.0, 3.0, 2.0, -1.0, -1.0, 1.0, 1.0, 0.0, 3.0, 1.0, 1.0, 0.0, 0.0, 1.0, 1.0, 0.0, 1.0, -1.0, 2.0, -1.0, 1.0, 2.0, 95202.0, 609.0, 99447.0
1.0, 2.0, 0.0, 2.0, 3.0, -1.0, 0.0, 0.0, 1.0, 0.0, 0.0, 2.0, -1.0, 3.0, 0.0, 0.0, -1.0, 1.0, 2.0, 3.0, 0.0, 1.0, 1.0, 3.0, 0.0, -1.0, 1.0, 3.0, 3.0, 3.0, 2.0, -1.0, 3.0, 1.0, 1.0, 0.0, 3.0, 1.0, 1.0, 0.0, 2.0, 1.0, 1.0, 3.0, 1.0, -1.0, 2.0, -1.0, 1.0, 2.0, 95316.0, 624.0, 99432.0
2.0, 2.0, 0.0, 2.0, 3.0, -1.0, 2.0, 0.0, 0.0, 0.0, 0.0, 2.0, 2.0, 3.0, 0.0, 0.0, 3.0, 1.0, 2.0, 3.0, 0.0, 1.0, 1.0, 3.0, 0.0, 0.0, 1.0, 3.0, 0.0, 3.0, 3.0, -1.0, 0.0, 1.0, 1.0, 0.0, 3.0, 1.0, 1.0, 0.0, 0.0, 1.0, 1.0, 3.0, 1.0, -1.0, 0.0, -1.0, 1.0, 2.0, 94894.0, 674.0, 99395.0
3.0, 3.0, 0.0, 3.0, 3.0, 3.0, 1.0, 1.0, 1.0, 0.0, 2.0, 1.0, 1.0, -1.0, 1.0, 0.0, 1.0, 2.0, 1.0, 2.0, 1.0, 1.0, 1.0, -1.0, 0.0, 0.0, 0.0, 3.0, 2.0, 2.0, 0.0, 3.0, -1.0, -1.0, 2.0, 0.0, 0.0, 0.0, 1.0, 2.0, 2.0, -1.0, -1.0, 0.0, 2.0, -1.0, -1.0, -1.0, 2.0, -1.0, 95524.0, 584.0, 99478.0
2.0, 2.0, 2.0, 3.0, 1.0, 1.0, 0.0, -1.0, 2.0, 0.0, 3.0, -1.0, 2.0, 3.0, -1.0, 3.0, 1.0, 2.0, 1.0, 3.0, 2.0, -1.0, 1.0, -1.0, 0.0, 0.0, 0.0, -1.0, 0.0, -1.0, 2.0, 2.0, 0.0, 2.0, -1.0, 1.0, 1.0, 3.0, 2.0, -1.0, -1.0, -1.0, 1.0, 0.0, -1.0, 0.0, 3.0, -1.0, 2.0, 0.0, 95976.0, 552.0, 99493.0
2.0, 3.0, 2.0, 3.0, 1.0, 1.0, 0.0, -1.0, 2.0, 0.0, 3.0, -1.0, 2.0, 3.0, -1.0, 3.0, 1.0, 2.0, 1.0, 3.0, 2.0, -1.0, 1.0, -1.0, 0.0, 0.0, 0.0, -1.0, 0.0, -1.0, 2.0, 2.0, 0.0, 2.0, 3.0, 1.0, 1.0, 3.0, 2.0, 2.0, -1.0, -1.0, 1.0, 0.0, 1.0, 2.0, 3.0, -1.0, 2.0, 0.0, 95830.0, 592.0, 99456.0
