1.49841133663, -0.111061657255, 2.0, -1.0, 0.464318947739, 0.0, 0.0, 1.22433886326, -1.0, 0.0, 1.0, -0.674593432401, 3.0, 1.44150522844, -1.0, 0.0, 0.402266806259, 1.0, 1.0, 3.0, 0.0, 2.0, -1.0, 1.0, 0.0, 0.0, -1.0, -1.0, -1.0, -0.248419624774, 1.57758389938, 3.0, -1.0, 0.980694279882, -0.749784534651, 1.0, 3.0, -0.108903929165, 2.87705145739, 0.0, 2.07006787129, 2.0, -1.0, -1.0, 0.822080132533, 2.0, 0.260006945529, -1.0, 2.0, 0.0, 96137.0, 523.0, 99548.0
0.0, 2.0, 1.0, 3.0, 1.0, 1.0, 2.03139416516, -1.0, 0.329160110179, 0.0, 1.0, -1.0, -1.0, -0.154567816717, 1.0, 3.0, 2.0, -0.265212880123, 3.0, -1.0, 3.0, 1.1534591409, 0.0, 0.0, 0.0, 2.0, -0.741067728284, 1.85444615119, 1.0, 3.0, 1.0, 2.43421301825, 2.8716333671, 1.0, 2.54423703643, 3.0, 3.0, 0.0, 1.0, 2.74730844499, 0.754641542244, -1.0, -1.0, 2.92113647998, -0.0369616167822, 2.0, -1.0, -1.0, 1.0, 2.0, 96153.0, 589.0, 99485.0
2.10560978127, -0.174897077242, 2.6399192307, -1.0, 0.0, -0.256903323158, -1.0, 0.2248874704, 1.61305218204, 2.0, 0.0, 0.173225400222, -0.427901772212, 0.0, 0.483936579313, 0.31397568605, 0.863084454369, 1.0, 3.0, 2.47933809987, 3.0, 1.0, 0.0, 2.87580795164, 3.0, -1.0, -0.134742596926, -1.0, 1.0, 0.0, -0.00266701180299, 2.0, 2.0, -0.329561778812, 0.325952599031, 2.0, 1.6502769927, 2.0, -0.331572361265, -0.491308349928, -0.645663700859, -1.0, -1.0, -0.213411801687, 2.0, -0.344097057361, -0.314394876809, 0.421093790911, -0.127172403877, 1.0, 95381.0, 626.0, 99462.0
1.49841133663, -0.111061657255, 2.0, -1.0, 0.464318947739, 0.0, -0.970082441813, 1.26850960965, -1.0, -0.589061333489, 1.0, -0.674593432401, 3.0, 1.44150522844, -1.0, 0.0, 0.402266806259, 1.90563460523, 1.0, 3.0, 0.191055684832, 2.0, -1.0, 1.9726810977, 0.0, 1.32153692348, -1.0, -1.0, -1.0, -0.248419624774, 0.854683324257, 3.0, -1.0, 0.980694279882, 0.0184195353509, 1.0, 3.0, -0.307791624649, 2.87705145739, 0.0, 2.07006787129, 2.0, -1.0, -1.0, 0.822080132533, 2.0, 0.260006945529, -1.0, 2.01547365181, 0.0, 96173.0, 513.0, 99548.0
2.10560978127, -0.174897077242, 2.6399192307, 0.0, 2.0, 2.0, -1.0, 0.2248874704, 0.0, 2.0, 0.0, 1.75805949053, 0.407997699657, 0.0, 0.483936579313, 0.0, 0.837570434098, 1.0, 3.0, 2.64273763581, 1.70607830149, 1.0, -1.0, 2.77225424099, 3.0, 3.0, 1.02250150616, -1.0, 1.0, 0.0, -0.119853657689, 2.0, 2.0, 0.363565981426, 1.59283672895, 2.0, 1.3341011543, 2.0, -0.331572361265, 1.1214224706, 1.0, -1.0, -1.0, -0.213411801687, 2.0, -0.344097057361, 2.0, 0.421093790911, -0.127172403877, 1.0, 95608.0, 658.0, 99444.0
1.22031220081, 2.0, 1.49393481633, -1.0, 2.0, 0.695428491948, -0.750665016657, -0.00174736238658, -0.989181436884, 0.0, 0.0, 2.00629170442, -1.0, 2.41397805996, 2.0, 1.21454060738, 2.0, 2.53166792976, 2.62071265257, 2.0, 1.72248440715, 2.46857051904, -0.152552815388, 0.817472057496, 0.0395975244445, 3.0, 0.980077296788, -1.0, 1.0, 0.0, 3.0, 1.71623240716, 3.0, 3.0, -0.808883285105, -0.1421470208, -0.623897174921, -0.10929958229, 2.02439048289, 1.0, 2.15661448693, -1.0, -1.0, 1.63730688229, 0.0, -1.0, 0.0, -1.0, 3.0, -0.119633810499, 96245.0, 554.0, 99503.0
0.590261845226, 2.0, 1.0, -1.0, 0.0, -0.332910952466, 1.4727369003, -0.258946451893, 0.0, 0.0, 2.21997068363, 0.658970414433, -1.0, -0.954869827525, -0.206758623049, 3.0, 1.74721550437, 1.98375891109, 3.0, -1.0, 3.0, 0.0, 0.0, 0.0, 2.35358522557, 2.0, 0.525560226819, -1.0, -0.379330083998, 3.0, 1.0, 1.90288286269, -0.264443291109, 0.308350280957, 0.978159414868, 3.0, 2.47837389513, 0.0, 0.626773416658, 3.0, -0.308173609416, -1.0, 0.0, 0.394974452532, 0.361117408696, 2.82688070275, -0.314394876809, -1.0, 1.0, 1.81790120302, 95631.0, 622.0, 99458.0
2.74988629619, 3.0, -0.0616783019973, -1.0, 0.588305299929, 1.0, 0.0, 1.06152894362, -0.727739567672, 0.0482923038573, 1.11368256588, -1.0, -0.987675447324, 1.0, -1.0, 1.0, 2.91588561776, 2.0, 3.0, -1.0, 2.0, 0.0, 2.07924761402, 3.0, 3.0, 0.255179731573, 3.0, -1.0, -0.485398052373, 3.0, -1.0, 0.769447257179, 2.3364241978, 2.32848136419, -0.220610856286, -1.0, 1.39262352258, 1.35550513864, -1.0, -0.460754001014, 3.0, 0.0, -0.976054998963, 2.0, -1.0, 0.970336940925, 1.0, 1.0, 2.12572909102, 3.0, 96603.0, 524.0, 99522.0
0.0, 2.0, 1.0, 3.0, -0.702884033485, 1.0, 2.03139416516, -1.0, -0.18579065761, 0.0, 1.0, -1.0, -1.0, -0.154567816717, 1.0, 3.0, 2.0, -0.265212880123, 3.0, -1.0, 3.0, 0.60332607723, 0.0, 0.0, 0.0, 2.0, -0.741067728284, 1.85444615119, 1.0, 2.0, 3.0, 0.216323574937, 2.8716333671, 1.0, 2.54423703643, 3.0, 3.0, 0.0, 2.14698393589, 2.74730844499, 2.0, -1.0, -1.0, 2.84154596989, -0.0369616167822, 2.0, 0.225465914324, -1.0, 1.0, 2.0, 96174.0, 589.0, 99484.0
1.49841133663, -0.111061657255, 2.0, -1.0, -0.952681526476, 0.0, 0.0, 1.22433886326, -1.0, 0.0, 1.0, -0.812990320317, 3.0, 1.44150522844, -1.0, 0.0, 0.402266806259, 1.0, 1.0, 3.0, 0.0, 2.0, -1.0, 1.0, 0.0, 0.0, -1.0, -1.0, -1.0, -0.248419624774, -0.644967757946, 1.40554576759, -1.0, 0.980694279882, -0.749784534651, 1.0, 3.0, -0.108903929165, 2.87705145739, 0.0, 1.49379391312, 2.0, -1.0, -0.815964050522, 0.822080132533, 2.0, 0.260006945529, -1.0, 1.77845598798, 0.0, 96278.0, 495.0, 99573.0
1.0, 1.0, 0.0, -1.0, 1.0, 1.0, 3.0, 0.0573379323098, 1.72016694163, 1.0, 0.0, 1.9258779769, -1.0, 2.41397805996, -0.745406429733, 0.0, 0.0164924459736, 0.0, 0.198662645617, -0.540014810192, 1.14551747826, -0.963979978987, 1.0, 3.0, 3.0, -1.0, -0.625028022823, -0.00952537980845, 2.0, 1.06982148747, -1.0, 2.15278496385, 0.818139872958, 2.50728188954, 3.0, 2.09908008154, -0.969278360217, 3.0, -1.0, 1.0, 0.340780829824, 1.54054780514, -1.0, 1.0, 1.80108059493, 1.34660746992, 0.0, -1.0, -1.0, -1.0, 96421.0, 496.0, 99545.0
0.0, 2.0, -0.00533883502966, 3.0, 0.0, 1.32948329158, 1.4727369003, -0.258946451893, 0.0, 0.0, 2.21997068363, 1.80130712916, -1.0, -0.154567816717, 0.0777670184867, 0.183522759348, 2.0795118439, 1.98375891109, 3.0, -1.0, 3.0, 0.0, 0.0, 0.0, 0.0, 2.0, 0.525560226819, -1.0, -0.0912074863764, 3.0, 2.4253817334, 2.20947796261, -0.0616338368625, 0.308350280957, 0.978159414868, -1.0, 3.0, 0.281288847409, 1.0, 3.0, -0.222465649513, -1.0, 0.0, 0.757106441102, 0.361117408696, 2.0, -0.314394876809, -1.0, 1.0, 1.81790120302, 95402.0, 638.0, 99459.0
0.0, 0.0, 2.0, -1.0, 2.0, 0.0, 0.0, 2.9700888071, -1.0, 0.0, 1.15038510065, 1.59266576666, 2.52176534006, 1.44150522844, -1.0, 0.0, -0.31751518822, 1.0, 1.51175857524, 3.0, 0.0, 2.0, -1.0, 1.0, 0.0, 0.0, -1.0, -1.0, -1.0, -1.0, 1.57758389938, 3.0, -1.0, 0.014225257497, -0.423780719573, 1.0, 3.0, -0.108903929165, 2.99250444912, 0.0, 0.482456145024, 3.0, -1.0, -1.0, 0.822080132533, 2.0, 0.260006945529, -1.0, 0.0, 0.0, 95946.0, 543.0, 99528.0
1.22031220081, 2.0, 1.49393481633, -1.0, 2.0, 0.695428491948, -1.0, -0.00174736238658, -0.989181436884, 0.0, 0.0, 2.0, -1.0, 2.41397805996, 2.0, 0.171958630246, 2.0, 2.53166792976, 3.0, 2.0, 0.952916868387, 1.23118535584, -0.152552815388, 1.51407831558, 0.0395975244445, 3.0, 0.980077296788, -1.0, 1.0, 0.0, 3.0, -1.0, 3.0, 3.0, 1.01044740879, 0.160414351113, 3.0, -1.0, 1.0, 1.0, 2.0, -1.0, -1.0, 0.0, 0.0, -1.0, 0.0, 0.292357663613, 3.0, -0.119633810499, 96112.0, 568.0, 99490.0
1.18205324448, 2.0, 1.0, 3.0, 0.0, -0.332910952466, 1.4727369003, -0.258946451893, 0.0, 0.0, 2.21997068363, 0.658970414433, -1.0, -0.364370342807, -0.337495423497, 3.0, 2.0795118439, 1.98375891109, 3.0, -1.0, 3.0, 0.0, 0.0, 0.0, 0.0, 2.0, 0.808772747174, -1.0, -0.379330083998, 3.0, 1.0, 1.90288286269, -0.0616338368625, 0.308350280957, 0.978159414868, 1.42165502507, 3.0, 0.0, 1.14412078724, 3.0, -0.308173609416, -1.0, -0.191512570085, 0.394974452532, 0.361117408696, 2.0, -0.314394876809, -1.0, 1.0, 1.81790120302, 95341.0, 651.0, 99445.0
2.74988629619, 3.0, 2.22456799708, -1.0, 0.404689143161, 1.0, 0.0, 1.06152894362, -0.727739567672, 0.0482923038573, 3.0, -1.0, -0.987675447324, 1.0, -1.0, 1.0, 2.91588561776, 2.0, 3.0, -1.0, 2.0, -0.558876459995, 2.07924761402, 3.0, 3.0, 0.255179731573, 3.0, -1.0, -0.485398052373, 3.0, -1.0, 0.769447257179, 2.3364241978, 2.32848136419, -0.220610856286, -1.0, 0.0, -0.108903929165, -0.40015046867, -0.460754001014, 3.0, 0.0, -0.976054998963, 2.98885774181, -1.0, 1.0, 1.0, 1.0, 1.96494854723, 3.0, 96622.0, 522.0, 99522.0
1.18205324448, 2.0, 1.0, 3.0, 0.0, -0.332910952466, 1.4727369003, -0.258946451893, 0.0, 0.0, 2.21997068363, 0.658970414433, -1.0, -0.954869827525, -0.206758623049, 1.67236990167, 1.74721550437, 1.98375891109, 3.0, -1.0, 1.72248440715, 0.0, 0.0, 0.0, 2.35358522557, 2.0, 0.768249271087, -1.0, -0.379330083998, 3.0, 1.0, 1.90288286269, -0.264443291109, 0.308350280957, 0.978159414868, 2.0499911291, 2.47837389513, 0.0, 0.699251109027, 3.0, -0.308173609416, -1.0, 0.0, 0.394974452532, 0.361117408696, 2.0, -0.314394876809, -1.0, 1.0, 1.81790120302, 95490.0, 638.0, 99456.0
3.0, 2.88064245077, 0.0, -1.0, 1.0, -0.0767804231829, -0.631428811978, 0.466599065849, -0.727739567672, 1.0, 2.21997068363, 2.49306110071, 0.0, -1.0, -0.948983702261, 1.0, 1.22074996386, 2.3958336696, 3.0, 0.259732271854, 2.0, -0.588991478989, 1.48711690279, 3.0, 2.38117926544, -1.0, -1.0, -1.0, 0.0997389672665, 3.0, -1.0, 2.16844341567, -1.0, 1.1422924283, 3.0, -0.290356720978, -0.843502718068, 1.0, -1.0, -0.460754001014, 3.0, 1.67451217001, -0.728947580559, 2.0, -0.439768560785, 1.0, -0.681909079077, -0.702315544171, 1.04962731166, -1.0, 96833.0, 460.0, 99580.0
-0.155950172932, 0.0, 2.22456799708, -0.551781771936, -0.107363395969, 0.595395784083, 0.0, 3.0, -1.0, 0.176073860909, 1.0, -0.675756048267, -0.352216917246, 1.44150522844, 2.9776631907, 0.0, -1.0, 2.27394621171, 0.378025278155, 3.0, 0.0, 2.0, 2.15252442314, 0.812402547733, 0.0, 0.0, -1.0, -0.982606193185, -1.0, -1.0, 1.57758389938, 3.0, -1.0, 2.13885117489, 0.0, 1.13166415736, 2.4365832442, -0.108903929165, 2.87705145739, 2.52072955605, 1.45466422671, 2.97179043512, -1.0, -0.155239466973, -0.684304438458, 0.0850933363111, 1.71962875225, -1.0, 0.0, 0.0, 95991.0, 541.0, 99528.0
1.22031220081, -0.164239204915, 2.0, -1.0, 1.41027810006, 1.46945761908, 2.0, 1.55301937222, -1.0, -0.437103881255, 0.0, -0.0718699490525, 2.0, 0.0, 0.0, 0.0, 0.428717290719, 1.16862940105, 3.0, 1.0, 1.0, -0.435472967765, 2.46854980424, 0.00119024802128, -0.201983306718, 3.0, -1.0, -1.0, -0.302216505591, 1.26861100798, 3.0, 0.0, -1.0, 1.0, 0.548648275702, 1.43155693198, 0.905523875351, 2.73148462072, 1.0, 2.16049449559, -0.823194995253, -1.0, 3.0, 0.137015846979, 0.0, -1.0, 0.182277810273, 2.22392439186, 0.0, -0.184223500146, 95543.0, 605.0, 99481.0
0.0, 1.85266238895, 0.137215751788, -1.0, 1.40144474418, 0.0, -0.927078349773, 2.68287261, -1.0, 0.0, -0.228420073652, 2.3094818343, 2.59131708905, 1.44150522844, -0.992715456564, 1.06392670804, -1.0, 1.0, 0.605605357806, -0.954691780114, 0.0, 2.0, -1.0, 0.428352544183, 0.0, 0.0, -1.0, -1.0, -1.0, -1.0, -1.0, 3.0, -1.0, 0.363565981426, -0.900548332744, 1.0, 2.03935234238, 0.7923291346, -1.0, 2.0, 1.45466422671, 2.0, -1.0, 1.63730688229, -1.0, 2.0, 0.260006945529, -1.0, 2.0, -0.0732052982677, 96592.0, 452.0, 99597.0
0.15196613861, 0.0, 0.667580976613, -1.0, 2.0, -1.0, 0.0, 0.277681253872, -1.0, 0.176073860909, 1.43689794995, -0.876643435206, 1.20636106385, 1.0, -0.391474780453, 3.0, 3.0, 1.0, 3.0, -0.524831809199, 0.0, 0.0, 2.66752098921, 0.397608377389, 2.0, 2.17335379336, -1.0, -1.0, -0.730321678219, 1.43297552168, -0.105040677865, 0.0, 2.0, -0.231982084907, 0.822906565883, 1.03972242745, 3.0, 0.0, -1.0, 1.96208778082, 1.4165711115, 1.88115352502, 1.38836907398, 1.71744482174, -1.0, 0.630888482344, 0.0, 1.0, 0.201074851231, 0.237639405045, 95840.0, 563.0, 99510.0
3.0, 1.0, 0.0, -1.0, 1.54233297066, 2.5687606531, 0.502450909211, 0.0573379323098, -0.604508011121, 1.0, 0.0, 1.9258779769, 2.0, 1.0, -0.712004053075, 0.0, 0.0164924459736, 0.0, 0.198662645617, -0.231256429978, 1.0, -0.738050345905, 1.0, 3.0, 3.0, -1.0, 2.32578949545, -0.00952537980845, 2.0, -0.275534523766, -1.0, 2.0, 1.76040789639, 1.0, 0.264458794381, 2.54951287601, -0.969278360217, 3.0, -1.0, 1.0, 0.340780829824, 0.0, -1.0, 1.0, 1.80108059493, 2.60037416395, 0.0, -1.0, -0.725195115644, -1.0, 96254.0, 533.0, 99527.0
-0.155950172932, 0.0, 2.22456799708, 0.0304446604149, -0.301159044638, 0.595395784083, 0.0, 3.0, 1.45454537108, 0.176073860909, 1.0, -0.675756048267, -0.352216917246, 1.44150522844, 2.55188151975, 0.0, -1.0, 0.145768081202, 0.952252231869, 3.0, 0.0, 2.0, 0.195813091695, 0.812402547733, 0.0, 0.0, -1.0, -0.982606193185, -1.0, -1.0, 2.71938744695, 3.0, -1.0, 2.13885117489, 0.0, 1.13166415736, 2.4365832442, 0.0567810002882, 2.42824354698, 2.52072955605, 1.45466422671, 2.97179043512, -1.0, -0.155239466973, -0.684304438458, 0.0850933363111, 0.260006945529, -1.0, 0.0, 0.0, 95741.0, 576.0, 99517.0
2.10560978127, 0.79355752438, 2.6399192307, -1.0, 0.0, -0.256903323158, -1.0, 0.2248874704, 1.61305218204, 2.0, 0.0, 3.0, -0.892361659527, 0.0, 0.483936579313, 0.31397568605, 0.863084454369, 1.64733746708, 3.0, 2.47933809987, 3.0, 1.0, 0.0, 0.608543826962, 2.13711271596, -0.787887446779, -0.134742596926, -1.0, 1.0, 0.0, -0.00266701180299, 1.74322744145, 2.21656098858, -0.329561778812, 0.325952599031, 2.0, 1.6502769927, 0.60050105983, -0.331572361265, -0.569385252186, -0.645663700859, -1.0, -1.0, -0.213411801687, 2.0, -0.344097057361, -0.314394876809, 0.421093790911, -0.127172403877, 1.0, 95588.0, 597.0, 99481.0
3.0, 0.379413274297, 2.0, -1.0, 1.0, 0.0, -0.244681363475, -1.0, -1.0, -0.437103881255, -0.764852402109, 0.0, 2.36905034157, 2.41397805996, 0.0, 0.0, 0.428717290719, 1.52675387408, 2.40548502681, 1.0, 1.0, -0.590078030916, 2.0, 0.0, 3.0, 3.0, -1.0, -1.0, -1.0, 0.570871450033, 3.0, 0.0, -0.935405923289, 3.0, 1.72516620946, 2.0, -0.969278360217, 3.0, 1.0, 1.07091849418, 0.350106066524, -1.0, 0.823674485014, -0.0714611336205, -0.50625880911, -1.0, 1.69197598021, 0.0759049237213, -0.157266015171, 1.0, 96237.0, 517.0, 99530.0
2.35544810079, 0.0918847390228, -0.31111818376, -1.0, 2.35681128232, 0.0, 0.596274713092, -1.0, -0.171674138255, 1.0, 2.13540440992, 2.97050877325, 0.331240710708, 0.0, 0.203634283569, 1.95314205231, 2.05379750229, 2.84877207468, 1.71003375903, 1.0, 1.0, 0.212575452482, 2.0, 1.26145572145, 3.0, 0.0, -1.0, -1.0, 0.0936208195971, 0.487122107253, 3.0, -0.975875435542, 2.0, -0.365823426071, 0.0, 1.0, 3.0, 3.0, 1.0, 2.82306626578, -0.309144129922, -0.862601019085, 3.0, 0.0, -0.0295914165483, -0.759146783043, -1.0, 3.0, 0.0, 0.0, 95729.0, 611.0, 99477.0
0.15196613861, 0.0, 0.667580976613, -1.0, 2.0, 2.47881046632, 0.0, 0.277681253872, -1.0, -1.0, 1.50503785605, -0.952532713964, 2.62887762493, 1.0, -0.391474780453, 3.0, 3.0, 1.0, 3.0, -0.524831809199, 0.0, 0.0, 1.39324910298, 0.397608377389, 2.0, 2.17335379336, -1.0, -1.0, -0.730321678219, 1.43297552168, -0.151504276861, 0.0, 2.0, 0.363565981426, 0.822906565883, 0.91453140496, 3.0, 0.0, -1.0, 1.96208778082, 1.0, 1.88115352502, 0.0, 1.37625073632, -1.0, 1.0, 0.0, 1.0, 0.27914561713, -1.0, 95886.0, 545.0, 99517.0
3.0, 1.0, 2.0, -1.0, 0.673686394291, 0.0, 0.541632485865, -1.0, -1.0, -0.437103881255, 0.7809963828, 0.0, 2.36905034157, -0.771610429332, 0.0, 0.0, 0.428717290719, 0.0970187530016, 3.0, -0.386644151529, 1.0, 0.700609883384, 2.0, -0.407457088629, 3.0, 1.22853735363, -1.0, -0.647399378491, -1.0, 1.26861100798, 3.0, 0.0, -1.0, -0.252778518146, 1.24673320454, 0.272308675677, -0.969278360217, 3.0, 1.0, -0.460754001014, -0.829796280158, -1.0, 1.27816860247, 1.34299602813, 0.0, -1.0, 1.69197598021, 0.187805262663, 1.96494854723, 1.40686979222, 96060.0, 541.0, 99527.0
2.90795008496, 2.0, 1.49393481633, -1.0, 2.0, 0.695428491948, -0.750665016657, -0.00174736238658, -0.989181436884, 0.0, 0.0, 2.00629170442, -1.0, 2.41397805996, 2.0, -0.57517890151, 2.58829917058, 2.53935865781, 2.62071265257, 2.30549092487, 1.72248440715, 2.46857051904, 0.0, 0.817472057496, 0.0395975244445, 3.0, 0.980077296788, -1.0, 1.0, 0.0, 1.75797272205, 1.71623240716, 3.0, 3.0, 1.94902896218, -0.1421470208, -0.623897174921, -0.10929958229, 2.02439048289, 1.0, 2.15661448693, -1.0, -1.0, 0.726904784225, 1.52651243326, -1.0, 0.0, -1.0, 2.60403484382, -0.119633810499, 96343.0, 551.0, 99501.0
1.71637734911, 2.88064245077, 0.0, -1.0, 1.0, -0.0767804231829, -0.631428811978, 2.80409162948, -0.727739567672, 0.800686805638, 2.21997068363, 2.49306110071, 0.0, -1.0, 2.75158671279, 1.0, 1.22074996386, 2.55361747345, 3.0, 0.259732271854, 2.0, -0.460469803693, -0.361480002682, -0.186575621036, 2.38117926544, -1.0, -1.0, -1.0, -0.778451734498, 3.0, -1.0, 2.16844341567, -1.0, 1.1422924283, 3.0, -0.290356720978, -0.843502718068, -0.863262472479, -1.0, -0.460754001014, 3.0, 1.67451217001, -0.917099456732, 2.01164836905, -1.0, 1.0, -0.305507507685, 1.0, 1.04962731166, -1.0, 96802.0, 465.0, 99575.0
1.22031220081, -0.164239204915, 2.0, -1.0, 1.41027810006, 1.46945761908, 2.0, 1.55301937222, -1.0, -0.437103881255, 0.0, -0.784849294155, 2.0, 0.0, 0.0, 0.0, 2.0, 1.16862940105, 3.0, 1.0, 1.0, -0.435472967765, 2.46854980424, 0.00119024802128, -0.201983306718, 3.0, -1.0, -1.0, -0.302216505591, 1.26861100798, 3.0, 0.0, -1.0, 1.0, 0.548648275702, 1.43155693198, 0.905523875351, 2.73148462072, 1.0, 2.16049449559, -0.823194995253, -1.0, 3.0, 0.137015846979, 0.0, -1.0, 0.182277810273, 2.22392439186, 0.0, -0.184223500146, 95728.0, 587.0, 99494.0
1.0, 0.0, 0.776298223558, -1.0, 2.0, 2.22129254501, -1.0, 2.0927629621, 1.02368840504, 2.0, 0.880661810095, 3.0, -1.0, 1.61483459322, 0.308846061338, 0.0, 0.0, 3.0, 3.0, 1.1032675447, 2.0, -0.179902132962, -1.0, 1.88661710726, 3.0, 3.0, 2.04257611869, -1.0, 2.56418968662, 2.6917158038, -0.464535043916, 2.0, 2.0, -0.401733096571, 2.75610108412, 1.87865807471, 3.0, 2.0, -0.983553636842, 2.0, 2.59344633245, -1.0, -1.0, 0.0, -1.0, -1.0, 0.776875564857, 0.0483849437896, -0.960731786753, -1.0, 96561.0, 539.0, 99513.0
2.13959495123, -0.113702067593, 1.49393481633, -1.0, 2.0, 0.695428491948, -0.750665016657, -0.00174736238658, -0.989181436884, 0.0, 0.0, 2.00629170442, -1.0, 2.41397805996, 2.0, 1.21454060738, 2.0, 2.40969925439, 2.62071265257, 2.0, 1.72248440715, 2.46857051904, -0.152552815388, 0.817472057496, 0.0395975244445, 3.0, 0.980077296788, -1.0, 1.0, 0.0, 3.0, 2.34153981329, 3.0, 3.0, -0.808883285105, -0.1421470208, -0.623897174921, -0.10929958229, 2.02439048289, 1.0, 2.15661448693, -1.0, -1.0, 1.63730688229, 0.0, -1.0, 1.72962971199, 0.0591772336309, 3.0, -0.119633810499, 96186.0, 565.0, 99495.0
2.74988629619, 3.0, -0.7058862263, -1.0, 0.0212151576995, -0.332910952466, 0.0, 1.06152894362, -0.727739567672, 0.0482923038573, 1.11368256588, 1.11375629337, -0.987675447324, 1.0, -1.0, 1.0, 2.91588561776, 2.0, 3.0, -1.0, 1.09171740487, 0.0, 2.07924761402, 3.0, 1.37675037342, 0.255179731573, 3.0, -1.0, -0.485398052373, 3.0, -1.0, 0.769447257179, 2.3364241978, 2.32848136419, -0.220610856286, -1.0, 1.39262352258, 1.35550513864, -1.0, -0.460754001014, -0.308173609416, 0.0, -0.976054998963, 2.0, -1.0, 0.970336940925, 1.0, 1.0, 2.12572909102, 3.0, 96411.0, 531.0, 99521.0
1.92537896125, 0.0, 1.47087888553, -1.0, 0.0, 1.0, -0.206411049565, -0.0723030730311, 1.05082023178, -0.396664065757, -1.0, 1.0, 3.0, 0.0, 2.75158671279, 0.684570550452, 0.99882739294, 0.145768081202, 3.0, 2.0, 1.0, 2.0, 0.252018511845, 2.0, 2.15865792489, 2.87557632428, 3.0, -1.0, 1.70616685197, 2.0, 2.80588443216, 0.216323574937, 3.0, 3.0, 1.7370397355, 1.0, -0.987459661437, -0.106830321801, 0.326973547433, 1.66697507095, -0.470925494668, 2.0, -1.0, 0.0, 0.955437725694, 3.0, 0.0, -0.913371132902, 0.785520297039, -1.0, 95803.0, 621.0, 99462.0
1.22031220081, -0.164239204915, 2.0, -1.0, 1.41027810006, 1.46945761908, 2.70607281739, 2.67061418395, -1.0, -0.437103881255, 0.0, -0.0718699490525, 2.0, -0.5100893604, 0.0, 0.0, 0.428717290719, 2.18395600618, 3.0, 1.0, 1.0, -0.435472967765, 2.46854980424, 0.00119024802128, -0.201983306718, 3.0, -1.0, -1.0, -0.302216505591, 1.26861100798, 3.0, 0.0, -1.0, 1.0, 0.548648275702, 2.86100777589, 3.0, 2.73148462072, 1.0, 2.16049449559, -0.823194995253, -1.0, 2.07363109031, 0.137015846979, 0.0, -1.0, 0.182277810273, 2.22392439186, 0.0, -0.184223500146, 95862.0, 592.0, 99492.0
1.99978877377, 1.85403606118, 1.0, 2.98951346666, 1.0, 0.379749058853, -0.129896197555, 0.481445010364, -0.0315343851378, 0.0, 1.0, -1.0, -1.0, -0.154567816717, -0.701430585908, 3.0, 2.0, 2.8741463808, -0.158883364043, -1.0, 3.0, 1.73223984533, 0.0, 0.0, 0.0, 2.0, 1.98557172747, 1.85444615119, 1.0, 1.55991819755, 1.0, 2.0, 1.84130941434, 1.0, 2.54423703643, 2.97691268629, 0.905523875351, 0.0, 1.0, 2.9398918399, 0.143373168254, -1.0, -1.0, -0.0714611336205, 1.54872966095, 2.22276261423, 0.220131632199, 2.36708501971, 0.0, 2.0, 95779.0, 627.0, 99456.0
1.46253575172, 1.0, 2.0, -1.0, 1.0, 0.0, 0.541632485865, -1.0, -1.0, -0.437103881255, 0.274468073262, 0.0, 2.0, -0.771610429332, 0.0, -0.489455813119, 0.428717290719, 1.0, 3.0, 1.0, 1.0, 0.700609883384, 2.0, 0.0, 3.0, 3.0, -1.0, -1.0, -1.0, 1.26861100798, 3.0, 0.0, -1.0, 1.0, 0.0, 2.0, 1.92849201008, 3.0, 0.377529148058, 1.07091849418, 0.0, -1.0, 1.27816860247, 0.0, -0.306716963845, -1.0, 1.69197598021, 0.292357663613, -0.157266015171, 1.0, 95822.0, 571.0, 99501.0
1.36396017324, 2.0, 0.396823580612, -1.0, 2.0, 3.0, 2.56730094888, -0.00174736238658, -0.989181436884, 0.0, 0.0, 2.62467300711, -1.0, 2.41397805996, 2.0, 0.0, 2.0, -0.292997923804, 3.0, 2.0, 0.952916868387, 2.97962067134, -0.152552815388, -0.407457088629, 2.18479976837, 2.0, -0.91721045105, 2.76036274148, 0.228729894236, -0.0618689104706, 0.531361381352, 2.76107404461, 3.0, 3.0, 0.0, -0.1421470208, 3.0, 0.961596242672, 1.0, 2.35168584569, 2.0, -1.0, -0.532128676302, -0.196722167727, 0.0, 1.81772960224, 0.0, -0.0643261625255, 3.0, 0.591880870871, 95755.0, 629.0, 99443.0
0.0, 1.85266238895, 0.137215751788, -1.0, 1.40144474418, 0.0, -0.927078349773, 2.68287261, 0.695713330173, 0.0, -0.228420073652, 2.3094818343, 2.59131708905, 2.38615148813, -0.992715456564, 1.06392670804, -1.0, 1.0, 0.605605357806, -0.954691780114, 0.0, 2.0, -1.0, 0.428352544183, 0.0, 0.0, -1.0, -1.0, -1.0, -1.0, -1.0, 3.0, -1.0, 0.363565981426, 0.848611369622, 1.0, 2.03935234238, 0.7923291346, -1.0, 2.0, 1.45466422671, 2.0, -1.0, 1.63730688229, -1.0, 1.69668877979, 0.260006945529, -0.457955847712, 2.0, -0.0732052982677, 96344.0, 496.0, 99561.0
1.12594312652, 0.239059793109, 2.6399192307, -0.520250099091, 0.0, -0.256903323158, -1.0, 0.2248874704, 1.61305218204, 2.0, 0.0, 0.510960866836, 1.03369512652, 0.0, 0.483936579313, 0.31397568605, 0.863084454369, 1.0, 3.0, 2.47933809987, 3.0, 1.0, 0.0, 2.87580795164, 3.0, 0.459918571505, -0.134742596926, -1.0, 0.706725529794, 0.0, -0.00266701180299, 2.0, 2.0, -0.329561778812, 0.325952599031, 2.0, 1.6502769927, 2.0, 0.108713348716, -0.491308349928, -0.645663700859, -1.0, -1.0, -0.202346754311, 2.0, -0.344097057361, -0.314394876809, 0.421093790911, -0.127172403877, 1.0, 95296.0, 642.0, 99449.0
0.0, 0.482850252158, 1.22621191132, -1.0, 2.0, -0.88286062769, 0.0, 1.61139626809, -1.0, 2.0, 1.15038510065, 1.59266576666, 2.52176534006, 1.44150522844, -1.0, 0.0, -0.31751518822, 1.0, -0.0671036272909, 3.0, 0.0, 2.0, -0.778712318461, 1.0, 0.0, -0.0214895376537, -1.0, -0.29658053512, 1.0, -1.0, 1.57758389938, 3.0, -1.0, 0.363565981426, -0.423780719573, 1.0, 2.24797429555, -0.108903929165, 2.99250444912, -0.50897621324, 1.45466422671, 3.0, -1.0, 0.0663097331942, 0.0, 2.0, 0.260006945529, -1.0, 0.207684143618, 0.0, 95806.0, 576.0, 99515.0
0.322677646832, 1.0, 0.0, -1.0, 1.0, 1.5640370755, 3.0, 0.0573379323098, 1.72016694163, 2.51023824661, 0.0, 1.9258779769, -1.0, 0.381335262785, 0.601542010046, 0.0, 0.0164924459736, 0.0, 0.198662645617, -0.540014810192, 1.14551747826, -0.963979978987, 0.751534392927, 3.0, 1.63137821285, -1.0, -0.625028022823, -0.00952537980845, 2.0, 1.38507679844, -1.0, 2.15278496385, 0.818139872958, 2.50728188954, 3.0, 2.09908008154, -0.969278360217, 3.0, -1.0, 1.0, 0.340780829824, 1.54054780514, -1.0, 1.0, -0.245278836673, 1.34660746992, 0.0, -1.0, -1.0, -1.0, 96190.0, 514.0, 99533.0
3.0, 2.88064245077, 0.0, -1.0, 1.0, -0.0767804231829, -0.631428811978, 2.92168896822, -0.727739567672, 1.0, 2.21997068363, 2.49306110071, 0.0, -1.0, -0.948983702261, 1.0, 1.22074996386, 1.0, 3.0, 0.259732271854, 2.0, -0.460469803693, 1.48711690279, 2.28175683883, 2.38117926544, -1.0, -1.0, -1.0, 0.0997389672665, 3.0, -1.0, 2.16844341567, -1.0, 1.1422924283, 3.0, -0.290356720978, -0.843502718068, 1.0, -1.0, -0.460754001014, 3.0, 1.67451217001, -0.501968733975, 2.0, -1.0, 1.0, 0.260006945529, 1.0, 1.04962731166, -1.0, 96647.0, 483.0, 99557.0
-0.155950172932, 0.0, 2.22456799708, 0.0304446604149, -0.107363395969, 0.595395784083, 0.0, 3.0, -1.0, 0.176073860909, 1.0, -0.675756048267, -0.352216917246, 1.44150522844, 2.55188151975, 0.0, -1.0, 0.145768081202, 0.952252231869, 3.0, 0.0, 2.0, 1.41004644363, 0.812402547733, 0.0, 0.0, -1.0, -0.982606193185, -1.0, -1.0, 1.57758389938, 3.0, -1.0, 2.13885117489, 0.0, 1.19341256821, 2.4365832442, -0.108903929165, 1.47466317121, 2.52072955605, 1.45466422671, 2.97179043512, -1.0, -0.24432207875, -0.684304438458, 0.0850933363111, 0.260006945529, -1.0, -0.127172403877, 0.0, 95795.0, 557.0, 99526.0
1.22031220081, 2.0, 1.49393481633, -1.0, 2.0, 0.695428491948, -0.750665016657, -0.00174736238658, -0.989181436884, -0.184365850429, 0.0, -0.211700832877, -1.0, 2.41397805996, 2.0, 1.21454060738, 2.0, 1.98375891109, 2.62071265257, 2.0, 1.72248440715, 2.46857051904, -0.455550254372, 0.817472057496, 2.35358522557, 3.0, 0.980077296788, 0.219339741402, 1.0, 0.0, 2.86910350239, 1.71623240716, 3.0, 3.0, -0.808883285105, -0.1421470208, -0.623897174921, -0.10929958229, 2.02439048289, 1.0, 0.946371507732, -1.0, -1.0, 1.63730688229, 0.0, -1.0, 0.0, -1.0, 3.0, -0.119633810499, 96081.0, 573.0, 99492.0
1.22031220081, 2.0, 0.302366816698, -1.0, 2.0, 0.695428491948, -1.0, -0.00174736238658, -0.989181436884, 0.0, 1.1034423582, 2.0, -1.0, 2.41397805996, 2.0, 0.0, 2.0, 1.81450977297, 3.0, 2.0, 0.952916868387, 1.23118535584, -0.152552815388, 1.51407831558, 0.0395975244445, 3.0, 0.980077296788, -1.0, 1.0, 0.0, 3.0, -1.0, 3.0, 3.0, 1.01044740879, 0.160414351113, 3.0, -1.0, 1.0, 1.0, 2.0, -0.351466164303, -1.0, 0.0, 0.0, 2.0, 0.0, 0.292357663613, 3.0, -0.119633810499, 95989.0, 599.0, 99475.0
2.74988629619, 3.0, 2.22456799708, -1.0, 0.404689143161, 1.0, 0.0, 1.06152894362, -0.727739567672, 0.0482923038573, 3.0, -1.0, -0.987675447324, 1.0, -1.0, -0.725830797777, 2.91588561776, 2.9852351555, 3.0, -1.0, 2.0, -0.558876459995, 2.07924761402, 3.0, 3.0, 0.255179731573, 3.0, -1.0, -0.485398052373, 3.0, -1.0, 0.769447257179, 2.3364241978, 1.05085739235, -0.220610856286, 1.42165502507, 0.0, -0.108903929165, -0.40015046867, -0.460754001014, 3.0, 0.0, -0.976869440872, 2.98885774181, -1.0, -0.694938341985, 1.0, 1.0, 1.96494854723, 3.0, 96722.0, 501.0, 99537.0
1.92537896125, 0.0, 1.47087888553, -1.0, 0.0, 1.0, -0.206411049565, -0.0723030730311, 1.05082023178, 0.176073860909, -1.0, 1.0, 3.0, -0.450556504525, 2.75158671279, 0.684570550452, 0.99882739294, 0.145768081202, 3.0, 2.0, 1.0, 2.0, 0.252018511845, 2.0, -0.71248859871, 2.87557632428, 3.0, -1.0, 1.70616685197, 2.0, 2.80588443216, 0.216323574937, 3.0, 3.0, 1.7370397355, 1.0, -0.987459661437, -0.106830321801, 0.326973547433, 2.0, 0.0, 2.0, -0.804036432386, 0.0, 0.955437725694, 3.0, 0.0, -1.0, 0.785520297039, -1.0, 95891.0, 608.0, 99476.0
0.0, 1.85266238895, 0.137215751788, -0.863108504475, 2.64605634319, 0.502076383072, -0.927078349773, 2.65235947276, -1.0, 0.0, -0.228420073652, 2.3094818343, 2.59131708905, 1.04669770047, -1.0, 1.06392670804, 1.18094239064, 1.0, 0.605605357806, -0.954691780114, 0.0, 2.0, -1.0, 0.950238403648, 0.0, 0.0, -1.0, 1.85444615119, 1.0, -1.0, -1.0, 3.0, -1.0, 0.363565981426, -0.900548332744, 1.0, 2.03935234238, 0.7923291346, -1.0, 2.20101215466, 1.45466422671, -0.649893910702, -1.0, 1.63730688229, -1.0, 2.20646501774, 0.260006945529, -1.0, 2.0, -0.0732052982677, 96451.0, 486.0, 99561.0
3.0, 3.0, 1.07690190629, -1.0, 1.0587670099, 1.45541293284, 2.10838509984, 2.11950001224, -0.727739567672, 1.0, 2.50270008651, 1.80130712916, 0.0, -1.0, -1.0, -0.0966088058275, 1.22074996386, 2.85668570944, 3.0, 0.259732271854, 0.0, 0.895172251599, -0.444366962099, 3.0, 2.0, -1.0, -1.0, -1.0, 0.0997389672665, 3.0, -1.0, 2.16844341567, 0.905593391578, -0.335359683299, 3.0, 1.02455582306, -0.843502718068, 1.83275917484, -1.0, -0.460754001014, 2.49219689885, 1.325411327, -0.839055339803, 2.98885774181, -1.0, 2.46472533221, 1.52151218706, 1.0, 1.44400538322, -1.0, 96609.0, 510.0, 99535.0
2.94353074385, 3.0, -0.0616783019973, -1.0, 0.404689143161, 1.0, 0.0, 1.06152894362, -0.727739567672, -0.0451099021831, 3.0, -1.0, 0.0, 1.0, -1.0, 1.0, -0.344541515976, 1.0, 0.279459771051, -1.0, 2.0, 1.59997604274, 2.07924761402, 3.0, 0.47329707522, 0.255179731573, 3.0, -1.0, -0.485398052373, 3.0, -1.0, 2.99028082157, 2.3364241978, 2.32848136419, -0.220610856286, -0.3624182701, 0.0, -0.846535984848, -1.0, -0.460754001014, 3.0, 1.18346455045, -0.976054998963, 2.0, -1.0, 2.83548479005, 1.0, 1.0, 1.96494854723, -0.109304466355, 96317.0, 537.0, 99516.0
-0.943558406671, 1.85266238895, 0.137215751788, -1.0, 1.40144474418, 0.0, -0.998122991573, 2.68287261, -1.0, 0.0, -0.228420073652, 2.3094818343, 2.59131708905, 2.12287413523, -0.992715456564, -0.646091170553, -1.0, 1.46898364162, 0.605605357806, -0.954691780114, 0.0, 2.0, -1.0, 0.428352544183, 0.0, 0.0, -1.0, -1.0, -0.571285630243, -1.0, -1.0, 3.0, -1.0, 0.363565981426, -0.900548332744, 1.0, 1.55621343051, 0.7923291346, -1.0, 2.0, 1.45466422671, 2.0, -1.0, 1.63730688229, -1.0, 2.0, -0.794950517529, -1.0, 2.0, -0.0732052982677, 97057.0, 410.0, 99640.0
1.49841133663, -0.111061657255, 2.0, -1.0, 0.464318947739, 0.0, -0.970082441813, 1.53868118823, -1.0, -0.589061333489, 1.0, -0.674593432401, 3.0, 1.44150522844, -1.0, 0.0, 0.402266806259, 1.90563460523, 1.0, 2.53090099528, 0.191055684832, -0.435472967765, -0.297946283965, 1.9726810977, 0.0, 1.32153692348, -1.0, -1.0, -1.0, -0.248419624774, -0.489835415372, 3.0, -1.0, 0.980694279882, 0.0184195353509, 1.0, 3.0, -0.482643600011, 2.87705145739, -0.497799519506, 2.07006787129, 2.0, -1.0, -1.0, 1.93486801168, 2.0, 0.260006945529, -1.0, 2.47123393507, 0.0, 96004.0, 524.0, 99537.0
0.622409319657, 2.10507251101, 0.776298223558, -1.0, 2.0, 2.88891695982, 0.843593379262, 1.74591590253, -0.376457668532, 2.84247689033, 0.633663310733, 3.0, -1.0, 0.0, 0.308846061338, 0.0, 1.10637574283, 3.0, 3.0, 1.58611905771, 2.29979696035, -0.709584211794, 0.412584179545, 2.25073271541, 3.0, 3.0, -0.319010333913, -1.0, 0.640332583417, -0.816311190921, -0.691261229341, 2.0, 2.57553983534, -0.401733096571, 0.472779073716, 1.32640281677, 3.0, 2.97401984255, -0.980362266941, 2.0, 2.59344633245, -1.0, -1.0, -0.225653276102, 1.36799788449, -1.0, 0.776875564857, 1.20127388533, -0.960731786753, -1.0, 96502.0, 535.0, 99519.0
-0.715433733739, 2.97919459553, 2.12941989044, -1.0, 0.404689143161, 1.0, -0.897985641379, 1.06152894362, -0.727739567672, 0.0482923038573, 3.0, -1.0, -0.987675447324, 1.0, -1.0, 1.0, 2.91588561776, 2.0, 3.0, -1.0, 2.0, -0.558876459995, 2.07924761402, 3.0, 3.0, 0.255179731573, 3.0, -1.0, -0.485398052373, 3.0, -1.0, 0.769447257179, 2.3364241978, 2.32848136419, -0.220610856286, -1.0, 0.0, -0.108903929165, -0.40015046867, 1.67005222561, 3.0, -0.203439529751, -0.976054998963, 2.98885774181, -1.0, 1.47376759552, 1.0, 0.415247509126, 1.96494854723, 3.0, 96821.0, 496.0, 99542.0
0.0, 1.85266238895, 0.137215751788, -0.863108504475, 2.64605634319, 1.598307073, -0.927078349773, 2.65235947276, -1.0, 0.0, 1.41196218748, 0.0, 1.43126463978, 1.04669770047, -1.0, 1.06392670804, -1.0, 2.50583890017, 0.605605357806, -0.965814441934, 0.0, 2.0, -1.0, 0.950238403648, 0.0, -0.576174080292, -1.0, 1.85444615119, -0.443573529221, -1.0, 0.988822938591, 3.0, -1.0, 0.363565981426, -0.976408768489, -0.183926124894, 2.03935234238, 0.354765796503, -1.0, 2.0, 1.45466422671, -0.649893910702, -1.0, 1.05508857212, -1.0, 2.20646501774, 0.260006945529, 1.38528325077, 2.30472581939, -0.0732052982677, 96418.0, 485.0, 99568.0
1.22031220081, -0.164239204915, 2.0, -1.0, 1.41027810006, 1.46945761908, 2.0, 1.55301937222, -1.0, -0.437103881255, 0.0, -0.784849294155, 2.0, 0.0, 2.73524886962, 0.0, 2.0, 1.16862940105, 3.0, 1.0, 1.0, -0.435472967765, 2.46854980424, 0.00119024802128, 0.634448367328, 3.0, -1.0, -1.0, 2.16577957485, 0.178921851261, 3.0, 0.0, 0.388021741778, 1.0, 0.548648275702, 1.43155693198, 0.905523875351, 2.73148462072, 1.0, 2.21646343077, -0.823194995253, -1.0, 3.0, 0.137015846979, 0.0, -1.0, 0.182277810273, 2.22392439186, 2.98235321673, -0.184223500146, 95848.0, 601.0, 99480.0
-0.155950172932, 0.0, 2.22456799708, 0.0304446604149, -0.107363395969, 0.595395784083, 0.0, 3.0, -0.224522241382, 0.176073860909, 1.0, -0.675756048267, -0.352216917246, 0.0, 2.55188151975, 0.0, -1.0, 0.145768081202, 0.952252231869, 3.0, 0.0, 2.0, 1.41004644363, 0.812402547733, 0.0, -0.980645711966, -1.0, -0.405532250302, -1.0, -1.0, 1.57758389938, 2.0, -1.0, 1.59291570373, 0.0, 1.13166415736, 2.4365832442, -0.108903929165, 2.87705145739, 2.97680417357, 2.01880998538, 2.71760007783, -1.0, -0.155239466973, -0.684304438458, 0.0850933363111, 0.260006945529, -0.738118939118, 0.0, 0.0, 95716.0, 579.0, 99519.0
2.74988629619, 3.0, -0.7058862263, -1.0, 0.0212151576995, -0.332910952466, 0.0, 1.06152894362, -0.727739567672, 0.0482923038573, 1.11368256588, 1.11375629337, -0.987675447324, 0.35817761171, -1.0, 1.0, 2.91588561776, 2.0, 3.0, -1.0, 1.09171740487, 0.0, 2.07924761402, 3.0, 1.37675037342, 0.255179731573, 3.0, -0.445596249167, -0.485398052373, 1.9366217623, -1.0, 0.769447257179, 2.3364241978, 2.32848136419, -0.220610856286, -1.0, 0.669132925323, -0.454182494841, -1.0, -0.460754001014, -0.308173609416, 0.0, -0.976054998963, 2.0, -1.0, 0.970336940925, 0.159138472931, 1.0, 2.12572909102, 3.0, 96168.0, 550.0, 99510.0
2.24677539058, 0.0, 1.41293976336, -1.0, 0.0, 0.595395784083, 0.0, -0.976169938448, -1.0, 0.0, 1.0, 0.0, 2.52176534006, 1.44150522844, 0.670243339381, 0.139804642132, 0.625804910883, 2.53166792976, -0.180488712083, 3.0, 0.249048261531, 2.33032924432, -1.0, 0.428352544183, 0.999978698838, -0.306454777785, -0.928282080381, -0.924205412716, 0.0936208195971, -1.0, 0.699377750984, 3.0, -1.0, 2.18782895268, 0.276464051763, 0.0606049386343, 2.63541084145, -0.108903929165, 2.87705145739, -0.487198033277, -0.311165210255, 1.28456953733, -1.0, -0.155239466973, 0.822080132533, 2.05870096359, 0.710554788729, -1.0, 1.26348783618, 0.0, 95661.0, 580.0, 99497.0
2.95809866392, 2.0, 1.49393481633, -1.0, 1.35400726064, 0.695428491948, -0.750665016657, -0.232118460047, -0.989181436884, 0.0, 0.0, 2.00629170442, -1.0, 2.41397805996, 2.66728810935, -0.57517890151, 2.58829917058, 2.84346558618, 2.62071265257, 2.30549092487, 1.46553068662, 2.46857051904, 0.0, 0.817472057496, 0.0395975244445, 3.0, 0.0467856574482, -1.0, 1.0, 0.0, 1.75797272205, 1.71623240716, 3.0, 3.0, 1.94902896218, -0.1421470208, -0.623897174921, 1.38270038658, 2.02439048289, 1.0, 2.15661448693, -1.0, -1.0, 0.726904784225, 1.52651243326, -1.0, 0.0, -0.325890786963, 1.35604254277, -0.119633810499, 96218.0, 562.0, 99493.0
2.10560978127, -0.174897077242, 2.6399192307, -1.0, 0.0, -0.256903323158, -1.0, 0.2248874704, 1.61305218204, -0.589061333489, 1.0, 0.173225400222, -0.427901772212, 0.0, 0.483936579313, 0.31397568605, 0.863084454369, 1.0, 3.0, 2.47933809987, 3.0, 0.188392294138, 0.0, 2.87580795164, 3.0, -1.0, -0.134742596926, -1.0, 1.0, 0.0, -0.00266701180299, 2.0, 2.0, 1.64665810764, 0.325952599031, 2.0, 1.6502769927, 2.0, -0.331572361265, -0.491308349928, -0.645663700859, -1.0, -1.0, -0.213411801687, 2.0, -0.344097057361, -0.314394876809, 0.421093790911, -0.127172403877, 0.0, 95485.0, 615.0, 99473.0
1.22031220081, -0.164239204915, 2.0, -1.0, 1.41027810006, 1.46945761908, 2.0, 1.55301937222, -1.0, -0.437103881255, 0.0, -0.0718699490525, 2.43144149534, 0.0, 0.0, 0.0, 0.428717290719, 1.16862940105, 3.0, 1.0, 1.0, -0.435472967765, 2.46854980424, 0.00119024802128, 3.0, 3.0, -1.0, -1.0, 0.266196141836, 1.26861100798, 3.0, 0.0, -1.0, 1.0, 0.0, 1.43155693198, 0.905523875351, 3.0, 1.0, 2.16049449559, -0.385327163832, -1.0, 3.0, 0.137015846979, 0.0, -1.0, 0.182277810273, 2.07505936521, 0.0, -0.192837296438, 95446.0, 616.0, 99467.0
2.2983124383, -0.797087169246, 0.861369777703, -1.0, 1.0, -0.0549592819916, 1.15231384487, 0.121592298528, -1.0, 1.93722478157, 2.0, 0.0, 0.0023518554201, 0.0, -0.193746929972, -0.550018617934, 2.0, 1.0, 2.40548502681, -0.909880119113, 1.0, 1.06231022362, 0.324860315364, 1.28895653774, 3.0, 2.8224827903, -1.0, -1.0, 1.97010224573, 2.0, 3.0, 1.66239233812, 0.52347149536, -0.144857503389, 0.0, 2.0, 3.0, 1.0, 1.0, 3.0, 0.0, -1.0, 0.823674485014, -1.0, 2.44776685446, -1.0, -0.345918604496, 2.40300485064, -0.038092088785, 2.88084791496, 96022.0, 563.0, 99508.0
2.2983124383, 1.0, 0.326064205785, -1.0, 1.0, -0.286398379438, 0.0780106083272, 1.52173236438, -1.0, 1.93722478157, 2.0, 0.0, 0.0023518554201, 0.0, -0.193746929972, -0.550018617934, 2.0, 1.0, 2.40548502681, -0.909880119113, 1.0, 1.06231022362, 2.0, 1.28895653774, 3.0, 2.537048735, -1.0, -1.0, 1.0, 2.0, 3.0, 1.66239233812, 0.52347149536, 1.5216267691, 0.0, 2.47331231094, 3.0, 0.408253326556, 1.0, 2.61087818538, 0.0, -1.0, 2.88415827801, -1.0, 0.0, -1.0, -0.345918604496, 2.40300485064, -0.647256584999, 2.88084791496, 96127.0, 561.0, 99508.0
0.590261845226, 2.0, 1.0, -1.0, 0.0, -0.332910952466, -0.0795188267252, -0.258946451893, 0.0, 0.0, 2.21997068363, 0.658970414433, -1.0, -0.954869827525, -0.206758623049, 3.0, 1.74721550437, 1.98375891109, 3.0, -1.0, 3.0, 0.0, 0.0, 0.0, 2.35358522557, 2.0, 0.525560226819, 1.49749946832, -0.379330083998, 3.0, 1.0, 1.90288286269, -0.264443291109, 0.193283157039, 0.978159414868, 3.0, 2.47837389513, 0.0, 0.626773416658, 3.0, -0.308173609416, -1.0, 0.0, 0.394974452532, 0.361117408696, 2.82688070275, -0.314394876809, -1.0, 1.0, 1.81790120302, 95521.0, 641.0, 99447.0
0.0, 2.0, 1.0, -1.0, -0.702884033485, 1.0, 2.03139416516, -1.0, -0.18579065761, 0.0, 1.0, -1.0, -1.0, -0.154567816717, 1.0, 1.89352727167, 0.515324966686, -0.265212880123, 3.0, -1.0, 3.0, 0.60332607723, 0.0, 0.0, 0.0, 2.0, -0.741067728284, 1.85444615119, 1.0, 2.0, 3.0, 0.216323574937, 2.8716333671, 1.0, 2.54423703643, 3.0, 3.0, 0.0, 2.14698393589, 2.74730844499, 2.0, -1.0, -1.0, 2.84154596989, 0.0933695792527, 2.52127895849, 0.225465914324, -1.0, 1.0, 2.0, 96143.0, 573.0, 99486.0
1.49841133663, -0.111061657255, 2.0, -1.0, -0.616521203121, 0.0, 0.0, 1.22433886326, -1.0, 0.0, 1.0, -0.930789368474, 3.0, 1.44150522844, -1.0, 0.0, 0.402266806259, 1.25115957993, 1.0, 3.0, -0.153428901976, 2.0, -1.0, 1.0, 0.0, 0.0, -1.0, -1.0, -1.0, -0.248419624774, -0.644967757946, 1.40554576759, -1.0, 0.980694279882, -0.749784534651, -0.61757408488, 3.0, -0.108903929165, 2.87705145739, 0.0, 1.49379391312, 2.0, -1.0, -0.815964050522, 0.822080132533, 2.0, 0.260006945529, -1.0, 1.77845598798, 0.0, 96401.0, 482.0, 99587.0
1.22031220081, 2.0, 1.49393481633, -0.3760524645, 2.0, -0.332910952466, -1.0, -0.00174736238658, -0.989181436884, 0.0, 0.0, 1.46988230652, -1.0, 2.41397805996, 2.0, 0.171958630246, 2.0, 2.53166792976, 3.0, 2.0, 0.952916868387, 1.23118535584, -0.152552815388, 1.51407831558, 0.0395975244445, 3.0, 1.77801775575, -1.0, 1.0, 0.0, 3.0, -1.0, 3.0, 3.0, 1.01044740879, 0.160414351113, 3.0, -1.0, 1.0, 1.0, 2.0, -1.0, -1.0, 0.0, 0.0, -1.0, 0.0, 0.292357663613, 3.0, -0.119633810499, 96038.0, 584.0, 99488.0
3.0, 2.88064245077, 0.0, -1.0, 1.0, -0.0767804231829, -0.774185289186, 0.466599065849, -0.727739567672, 1.0, 2.21997068363, 2.49306110071, 0.0, -1.0, -0.948983702261, 1.0, 1.22074996386, 2.3958336696, 3.0, 0.259732271854, 2.0, -0.588991478989, 1.48711690279, 3.0, 2.38117926544, -1.0, -1.0, -1.0, 0.0997389672665, 3.0, -1.0, 2.16844341567, -1.0, 1.1422924283, 3.0, -0.290356720978, -0.843502718068, 1.0, -1.0, -0.60520200861, 3.0, 1.67451217001, -0.728947580559, 2.0, -0.439768560785, 1.0, -0.681909079077, -0.702315544171, 1.0, -1.0, 96957.0, 450.0, 99591.0
3.0, 0.945506581999, 0.0, -1.0, 1.0, 1.0, -0.99493105675, -0.980602550825, -0.727739567672, 1.0, 3.0, 0.748864575062, 0.0, -0.0979474865706, 0.420975249126, 1.0, 3.0, -0.265212880123, 3.0, 0.259732271854, 0.303706020823, 0.0, -0.34960130561, 1.6426370493, 0.0, -0.378057054757, -1.0, -1.0, 0.0, 3.0, -1.0, -0.162482462204, 2.0, 0.0, 1.77665073772, -1.0, 0.0, 0.799096737852, 1.0, 2.0, 3.0, 0.0, -0.932433884666, -1.0, -1.0, 1.0, 1.76702487299, 1.08046164344, 1.38046513284, 1.56031869286, 95972.0, 551.0, 99510.0
2.2983124383, 1.31138516266, 0.326064205785, -1.0, 2.44839072376, -0.286398379438, 0.0780106083272, 0.121592298528, -1.0, 2.45510656296, 2.0, 0.0, 0.0023518554201, 0.0, -0.193746929972, -0.550018617934, 2.75061110825, 1.0, 2.40548502681, -0.909880119113, 1.0, 0.81371129046, -0.0641880841544, 1.28895653774, 3.0, 2.537048735, -1.0, -0.736416532403, 1.97010224573, 2.0, 2.7150308926, 1.66239233812, 0.52347149536, 0.871036739216, -0.323312559346, 2.47331231094, 3.0, 0.408253326556, 1.0, 2.61087818538, 0.0, -1.0, 2.88415827801, -1.0, 0.0, -1.0, -0.345918604496, 2.40300485064, -0.038092088785, 2.88084791496, 95888.0, 577.0, 99493.0
0.622409319657, 2.10507251101, 0.776298223558, -1.0, 2.0, 2.97945920126, -1.0, 1.74591590253, -0.376457668532, 2.53385768342, 0.633663310733, -0.00642856252008, -1.0, 0.0, 0.308846061338, 0.0, 0.0, 3.0, 3.0, 1.58611905771, 2.29979696035, -0.709584211794, -1.0, 2.25073271541, 3.0, 3.0, 1.17014498356, -1.0, 0.640332583417, -1.0, -0.691261229341, 2.0, 2.57553983534, -0.401733096571, 0.472779073716, 1.32640281677, 3.0, 1.77681347096, -0.980362266941, 2.0, 2.59344633245, -1.0, -1.0, 0.313728008161, 1.36799788449, -1.0, 0.776875564857, 1.20127388533, -0.960731786753, -1.0, 96587.0, 511.0, 99538.0
-0.104535510766, 2.0, 1.49393481633, -1.0, 2.0, 0.695428491948, -0.750665016657, -0.00174736238658, 2.00273928965, 0.0, 1.2054746169, 2.74271130095, -1.0, 2.41397805996, 2.0, 1.21454060738, 2.0, 2.56712179242, 2.62071265257, 2.0, 1.72248440715, 2.46857051904, -0.152552815388, 0.817472057496, 2.72847252356, 3.0, 0.980077296788, -1.0, 1.0, 0.0, 1.88093043703, 2.79817029624, 3.0, 3.0, -0.808883285105, -0.1421470208, 2.47837389513, -0.10929958229, 1.32295649583, 1.0, 2.15661448693, -1.0, -1.0, 1.63730688229, 0.0, -1.0, 0.0, -1.0, 3.0, -0.119633810499, 96207.0, 592.0, 99482.0
-0.608125825328, 0.379413274297, 2.0, -1.0, 1.0, 0.0, -0.244681363475, -1.0, -1.0, -0.437103881255, -0.983088399123, 0.0, 2.36905034157, 2.41397805996, 0.0, 0.0, 0.428717290719, 1.52675387408, 1.58166056287, 1.0, 1.0, -0.590078030916, 2.0, 0.0, 3.0, 3.0, -1.0, -1.0, -1.0, 0.570871450033, 3.0, -0.00604850498144, -0.944946165152, 3.0, 1.72516620946, 2.0, -0.969278360217, 3.0, 1.0, 1.07091849418, 0.350106066524, -1.0, -0.227686622367, -0.0714611336205, -0.50625880911, -1.0, 0.0, -0.367024575809, -0.157266015171, 1.0, 96242.0, 504.0, 99542.0
1.77180932636, -0.0508641534947, 2.74371708743, -1.0, -0.252282365547, 1.0, 3.0, -1.0, 1.36940808426, -0.01291822747, 2.46972784285, 1.0, 3.0, -0.499652052368, 2.55188151975, 0.500630539175, 0.402266806259, -0.0740611732648, 3.0, 2.0, 1.0, 2.0, 0.252018511845, 2.0, -0.287629959621, 1.12003691546, 3.0, 0.150779857763, 1.0, 2.0, 3.0, 0.216323574937, 3.0, 3.0, 0.145474987658, 0.0363359919105, 0.207137871068, 1.38574005101, 0.326973547433, 1.66697507095, 1.0, 2.0, -1.0, 0.0, 0.0, 2.45454487868, 1.69197598021, 0.0759049237213, 0.785520297039, -0.573018648453, 95560.0, 667.0, 99433.0
0.15196613861, 0.0, 0.667580976613, -1.0, 2.0, 2.47881046632, 0.0, 0.277681253872, -1.0, -1.0, 0.489379282338, -0.952532713964, 2.62887762493, 1.0, -0.391474780453, 3.0, 3.0, 1.0, 3.0, -0.732388584538, 0.0, 0.0, 1.39324910298, 0.397608377389, 2.0, 2.17335379336, -1.0, -0.900476998646, -0.730321678219, 1.43297552168, -0.151504276861, 0.0, 2.0, 1.05406784458, 0.822906565883, 0.91453140496, -0.969278360217, 0.0, -1.0, 1.96208778082, 1.0, 1.88115352502, 0.0, 1.37625073632, -1.0, 1.0, 1.69197598021, 1.0, 0.27914561713, -1.0, 95971.0, 526.0, 99529.0
1.71637734911, 2.88064245077, 0.0, -1.0, 1.0, -0.825823903033, -0.631428811978, 2.80409162948, -0.727739567672, 0.800686805638, 2.21997068363, 2.49306110071, 0.0, -1.0, 2.75158671279, 0.318686718495, 1.22074996386, 2.55361747345, 3.0, 0.259732271854, 2.0, -0.460469803693, -0.361480002682, -0.186575621036, 2.38117926544, -1.0, -1.0, -1.0, -0.778451734498, 3.0, -1.0, 2.16844341567, -1.0, 1.1422924283, 3.0, -0.290356720978, -0.843502718068, -0.863262472479, -1.0, -0.460754001014, 3.0, 1.67451217001, -0.917099456732, 2.01164836905, -1.0, 1.0, -0.305507507685, 1.0, 1.04962731166, -1.0, 96934.0, 455.0, 99590.0
1.39716924048, 0.0, 0.776298223558, -1.0, 2.21922952794, 0.0, -1.0, 2.0927629621, 0.769332645788, 2.0, 0.0, 1.00086072228, -1.0, 0.0, 0.308846061338, 0.0, 0.0, 3.0, 3.0, 0.990842359053, 2.0, 0.711410395647, -0.373996357763, 1.88661710726, 3.0, 3.0, 0.44872062472, -1.0, -1.0, -1.0, 2.32303168439, 2.0, 2.0, -0.401733096571, 1.67348651302, 0.621021352722, 3.0, 2.0, -0.986220577288, 2.0, 2.59344633245, -1.0, -1.0, -0.817853816178, -1.0, -1.0, 0.776875564857, 1.20127388533, 0.0, -1.0, 96277.0, 520.0, 99527.0
1.92537896125, 3.0, -0.220191143438, -1.0, -0.233927517191, 1.45541293284, 2.10838509984, 2.11950001224, -0.727739567672, 1.0, 3.0, 1.80130712916, 0.0, 0.0, -1.0, -0.0966088058275, 1.22074996386, 2.85668570944, 3.0, 2.0, 0.0, 0.895172251599, -0.444366962099, 3.0, 2.0, -1.0, -1.0, -1.0, 0.0997389672665, 3.0, -1.0, 2.16844341567, 0.905593391578, -0.335359683299, 3.0, 1.28640302053, -0.994541140494, 1.83275917484, -1.0, -0.460754001014, 2.49219689885, 1.325411327, -0.728947580559, 0.358285279646, -1.0, 2.46472533221, 1.52151218706, 1.0, 1.04962731166, -1.0, 96311.0, 523.0, 99524.0
2.49028629964, 2.0, 0.396823580612, -1.0, 2.0, 3.0, 2.56730094888, -0.00174736238658, -0.989181436884, 0.0, 0.0, 2.62467300711, -1.0, 2.41397805996, 2.0, 0.0, 2.0, -0.292997923804, 3.0, 2.0, 0.952916868387, 2.97962067134, -0.152552815388, -0.407457088629, 2.18479976837, 2.25252506162, -0.91721045105, -1.0, 0.228729894236, -0.0618689104706, 1.26861444917, 2.76107404461, 3.0, 3.0, 0.525518420622, -0.1421470208, 3.0, 0.961596242672, 1.0, 2.35168584569, 2.0, -1.0, -0.532128676302, -0.196722167727, 0.0, 1.81772960224, 0.0, -0.0643261625255, 3.0, 0.591880870871, 95870.0, 610.0, 99454.0
1.12594312652, 0.239059793109, 2.6399192307, 0.391463789796, 0.0, -0.256903323158, -1.0, 0.2248874704, 1.61305218204, 2.0, 0.0, 1.9677799856, 1.03369512652, 0.0, 0.483936579313, 0.31397568605, 0.863084454369, 1.0, 3.0, 2.47933809987, 3.0, 1.0, 0.0, 2.87580795164, 3.0, 0.459918571505, -0.134742596926, -1.0, 0.706725529794, -0.353625210944, 0.0747900494932, 2.0, 2.0, -0.329561778812, 0.325952599031, 2.0, 1.6502769927, 2.0, 0.108713348716, -0.491308349928, -0.645663700859, -1.0, -1.0, -0.202346754311, 2.0, -0.344097057361, -0.314394876809, 0.421093790911, -0.127172403877, 1.0, 95293.0, 658.0, 99447.0
0.0, 0.482850252158, 1.22621191132, -1.0, 2.0, -0.88286062769, 0.0, 1.61139626809, -1.0, 0.566292578058, 1.15038510065, 1.59266576666, 1.96638572541, 1.44150522844, -1.0, 0.0, -0.31751518822, 1.0, -0.0671036272909, 3.0, 0.0, 2.0, -0.778712318461, 1.0, 0.380414319245, -0.0214895376537, -1.0, -0.29658053512, 1.0, -1.0, 1.57758389938, 3.0, -1.0, 0.363565981426, -0.423780719573, 1.0, 2.24797429555, -0.108903929165, 2.99951219359, -0.50897621324, 1.45466422671, -1.0, -1.0, 0.0663097331942, 0.0, 2.0, 0.260006945529, -1.0, 0.207684143618, 0.0, 95779.0, 562.0, 99518.0
0.322677646832, 1.0, 0.0, -1.0, 1.0, 1.5640370755, 1.310567495, 0.0573379323098, 1.72016694163, 2.51023824661, 0.0, -1.0, -1.0, -0.221857608158, 0.601542010046, 0.0, 0.0164924459736, 0.0, 0.198662645617, -0.540014810192, -0.79767892308, -0.963979978987, 0.751534392927, 3.0, 2.32981688146, -1.0, -0.625028022823, -0.00952537980845, 2.0, 1.38507679844, -1.0, 2.15278496385, 0.818139872958, 2.50728188954, 3.0, 2.09908008154, -0.969278360217, 3.0, -1.0, 1.0, 0.340780829824, 1.54054780514, -1.0, 1.0, -0.245278836673, 1.34660746992, 0.0, -1.0, 0.421304309296, -1.0, 96209.0, 502.0, 99547.0
1.0, 1.0, 0.0, -1.0, 0.792048709371, 1.0, 3.0, -0.506272955327, 1.72016694163, 0.74647219419, 0.0, 1.9258779769, -1.0, 0.641325737686, -0.745406429733, 0.0, 0.248692708391, 0.558072856003, 1.17183774177, -0.231256429978, 1.31693749899, -0.993590015754, 1.0, 3.0, 3.0, -1.0, -0.625028022823, -0.00952537980845, 2.0, -0.161715734065, -1.0, 2.76561779129, 0.79000299309, 1.0, 3.0, -0.45137944935, -0.969278360217, 3.0, -1.0, -0.093727883601, 0.340780829824, 1.54054780514, -1.0, 0.997677975331, 1.80108059493, 1.34660746992, 1.33892380953, -1.0, -0.943991037867, -1.0, 96303.0, 500.0, 99545.0
1.22031220081, -0.262175567444, 0.151421888787, -1.0, 1.41027810006, 1.46945761908, 2.0, 2.80409162948, -1.0, -0.437103881255, 0.0, -0.992041344627, 2.0, 0.0, -0.908627364085, 0.0, 2.0, 1.16862940105, 3.0, 1.0, 1.0, -0.435472967765, 2.46854980424, 0.00119024802128, -0.201983306718, 3.0, -1.0, -1.0, -0.329888410932, 1.26861100798, 3.0, 0.0, -1.0, 1.0, 0.548648275702, 1.43155693198, 0.905523875351, 2.73148462072, 1.0, 2.16049449559, -0.823194995253, -1.0, 3.0, 0.137015846979, 0.0, -1.0, 0.182277810273, 1.23164084327, 0.0, -0.184223500146, 95856.0, 569.0, 99506.0
3.0, 2.88064245077, 0.0, -1.0, 1.0, -0.0767804231829, -0.631428811978, 2.92168896822, -0.727739567672, 1.0, 2.21997068363, 2.49306110071, 0.0, -1.0, -0.948983702261, 1.0, 1.22074996386, 2.9363149969, 3.0, 0.259732271854, 2.0, -0.460469803693, 1.48711690279, 2.28175683883, 2.38117926544, -0.339554024124, -0.876085228127, -1.0, 0.0997389672665, 3.0, -1.0, 2.16844341567, -1.0, 1.1422924283, 3.0, -0.290356720978, -0.843502718068, 0.203177862972, -1.0, -0.460754001014, 3.0, 1.67451217001, -0.501968733975, 2.0, -1.0, 1.0, 0.260006945529, 1.0, 1.04962731166, -1.0, 96568.0, 499.0, 99544.0
1.66824555229, -0.174897077242, 2.6399192307, 2.81445133873, 0.0, 2.0, 0.425634297506, 0.2248874704, 1.61305218204, 2.0, 0.0, 0.83447447485, 0.415510620682, 0.0, 0.483936579313, 0.31397568605, 0.863084454369, 1.0, 3.0, 2.64273763581, 3.0, -0.315716935926, 0.0, 2.87580795164, 3.0, 3.0, 2.17748001209, -1.0, 1.0, 0.0, -0.00266701180299, 2.0, 2.0, -0.329561778812, 0.325952599031, 0.778648696196, 0.0, 2.0, 3.0, 0.404239460861, 0.245255315862, -1.0, -1.0, -0.213411801687, 2.0, 0.075142826491, -0.314394876809, 1.0, -0.127172403877, 1.0, 95233.0, 682.0, 99425.0
-0.155950172932, 0.0, 2.33966597901, 0.0304446604149, -0.107363395969, 0.595395784083, 0.0, 3.0, -1.0, 0.176073860909, 1.0, 0.295197629198, -0.352216917246, 1.44150522844, 2.55188151975, 0.0, -1.0, 0.145768081202, -0.304014769962, 3.0, 0.0, 2.0, 1.41004644363, 0.812402547733, 0.0, -0.395228240153, -1.0, -0.982606193185, -1.0, -1.0, 1.57758389938, 3.0, -1.0, 2.13885117489, 0.0, 1.19341256821, 2.4365832442, -0.108903929165, 1.0, 2.52072955605, -0.863641584397, 2.97179043512, -1.0, -0.24432207875, -0.684304438458, 0.0850933363111, 0.0338173089226, -1.0, -0.127172403877, 0.0, 95761.0, 564.0, 99527.0
1.36396017324, -0.472844274789, -0.151428972834, 1.53870461986, 2.47354074681, 3.0, 2.56730094888, -0.00174736238658, -0.483716932636, 0.0, -0.139515298031, 0.0, -0.123499433626, 0.171444716581, 0.414926081819, 0.0, 2.91367095763, 2.19321707691, 3.0, 2.0, 1.0, 2.97962067134, -0.152552815388, -0.407457088629, 2.92644077809, 2.0, -0.91721045105, 2.52636052983, 0.228729894236, -0.0618689104706, 3.0, 1.73308567046, 3.0, 3.0, 0.0, -0.1421470208, 3.0, 2.08633452159, 1.47466317121, 2.48008614985, 2.0, -1.0, -0.457007921814, 0.0, 0.0, 1.81772960224, -0.0602779093504, -0.104660211015, 3.0, 0.591880870871, 95448.0, 701.0, 99419.0
0.0, 3.0, 2.0, -1.0, 1.0, -0.172522579793, 2.0, -1.0, -0.489983958636, 2.75512568887, 1.16702096919, -0.527837666396, 2.83196815296, -0.220113849262, -1.0, 1.97594158603, 1.0, 1.02244395776, -1.0, 3.0, 1.0, 0.819555925317, 0.619534347277, -1.0, 1.0, -0.377019160783, -0.759517702017, -0.721006455235, -1.0, 2.09121013626, 0.0, -0.824394139952, 3.0, 2.0, 0.840228503737, -0.796853048154, -0.534980896152, -1.0, 2.9596402148, 0.0, 1.33195256791, -0.961731976801, -1.0, 0.0, -0.684304438458, 1.0, -1.0, -1.0, 2.84928344699, -0.766604176325, 96904.0, 428.0, 99607.0
0.0, 1.85266238895, 0.137215751788, -0.863108504475, 2.64605634319, 0.502076383072, -0.927078349773, 2.81082345099, -1.0, 0.0, -0.228420073652, 2.3094818343, 2.59131708905, 1.04669770047, -1.0, 1.06392670804, 1.18094239064, 1.0, 0.605605357806, -0.954691780114, 0.0, -0.591209054142, -1.0, 0.950238403648, 0.0, 0.0, -1.0, 1.85444615119, 1.0, -1.0, -1.0, 3.0, -1.0, 0.363565981426, -0.900548332744, 1.0, 2.03935234238, 0.7923291346, -1.0, 2.20101215466, 0.00974262761476, -0.649893910702, -1.0, 1.63730688229, -1.0, 2.20646501774, 0.260006945529, -1.0, 2.0, -0.0732052982677, 96479.0, 468.0, 99572.0
-0.943558406671, 1.85266238895, 0.137215751788, -1.0, 1.40144474418, 0.0, -0.998122991573, 2.62582540226, -1.0, 0.0, -0.228420073652, 2.3094818343, 2.75275559282, -0.252045855848, -0.992715456564, -0.646091170553, -1.0, 1.46898364162, 0.605605357806, -0.969263533346, 0.0, 2.0, -1.0, 1.27204405146, 0.0, 0.0, -1.0, -1.0, -0.485398052373, -1.0, -1.0, 3.0, -1.0, 0.363565981426, -0.900548332744, 1.0, 1.55621343051, 0.7923291346, -1.0, 2.0, 1.45466422671, 2.0, -1.0, 1.63730688229, -1.0, 2.0, -0.794950517529, -1.0, 2.0, -0.0732052982677, 96907.0, 427.0, 99626.0
0.0, 2.91945350903, 0.392635050425, 3.0, 0.0, 1.0, 1.13803623644, -1.0, -0.546067166992, 0.0, 1.0, -1.0, -1.0, -0.154567816717, 1.1205430084, 3.0, 1.93608741765, 2.65005971304, 3.0, -1.0, 0.754721083184, -0.378351812739, -0.243704686575, 0.0, 0.0, 1.06839770112, 3.0, 2.67051324056, 1.22099379542, 0.611592389098, 0.302406981273, 2.0, -0.229633227143, 0.146180612952, 2.54423703643, 3.0, 3.0, 0.0, 2.27493147131, 2.74730844499, 2.48946647381, -1.0, -1.0, 2.92113647998, -0.0303682398158, 2.0, 2.22703122187, -1.0, 1.0, 2.0, 95933.0, 600.0, 99470.0
0.622409319657, 2.10507251101, 0.776298223558, -1.0, 2.0, 2.88891695982, 0.843593379262, 1.74591590253, -0.759817995105, 1.90267536333, 0.633663310733, 3.0, -1.0, 0.0, 0.308846061338, 0.0, 1.96397825313, 3.0, 3.0, 1.09570168431, 2.29979696035, -0.709584211794, 0.412584179545, 2.25073271541, 3.0, 3.0, -0.319010333913, -1.0, 0.640332583417, -0.816311190921, -0.691261229341, 0.727841336966, 2.57553983534, -0.401733096571, 0.472779073716, 1.32640281677, 3.0, 2.97401984255, -0.980362266941, 2.0, 2.59344633245, -1.0, -1.0, -0.225653276102, 1.36799788449, -1.0, 0.776875564857, 1.20127388533, -0.960731786753, -1.0, 96570.0, 516.0, 99528.0
1.22031220081, 2.0, 1.49393481633, -1.0, 2.0, 0.695428491948, -0.750665016657, -0.00174736238658, 2.00273928965, 0.0, 0.0, 2.74271130095, -1.0, 2.43536570268, 2.11811842553, 1.21454060738, 2.36313130279, 2.53166792976, 2.62071265257, 2.0, 1.72248440715, 2.46857051904, -0.152552815388, 0.817472057496, 2.72847252356, 3.0, 0.980077296788, -1.0, 1.0, 0.0, 3.0, 2.79817029624, 3.0, 3.0, 0.401598424192, -0.1421470208, 2.47837389513, 0.341734317216, 2.02439048289, 1.0, 2.15661448693, -1.0, -1.0, 1.63730688229, 0.0, -1.0, 0.0, -1.0, 3.0, -0.119633810499, 96080.0, 606.0, 99463.0
2.90795008496, 2.0, 1.49393481633, -1.0, 2.0, 0.695428491948, -0.799171141186, -0.00174736238658, -0.989181436884, 0.0, 0.0, 2.00629170442, -1.0, 2.41397805996, 2.0, -0.526711943652, 2.58829917058, 2.53935865781, 2.62071265257, 2.30549092487, 1.72248440715, 2.46857051904, 2.21418247889, 0.817472057496, 0.0395975244445, 3.0, 1.02308278089, -1.0, 1.0, 0.0, 1.07405039165, 1.71623240716, 1.35486363026, 1.301281748, 1.94902896218, -0.98969951578, -0.623897174921, -0.10929958229, 2.02439048289, 1.0, 1.76866744364, -1.0, -1.0, 0.726904784225, 1.52651243326, -1.0, 0.0, -1.0, 2.60403484382, -0.230572488644, 96391.0, 538.0, 99515.0
1.71637734911, 2.88064245077, 0.0, -1.0, 1.0, -0.0767804231829, -0.631428811978, 2.80409162948, -0.727739567672, 0.800686805638, -0.537483618904, 2.49306110071, 0.0, -1.0, 2.75158671279, 1.0, 1.22074996386, 2.55361747345, 3.0, 0.259732271854, 2.0, -0.460469803693, -0.957584781978, 0.0207659312684, 2.38117926544, -1.0, -1.0, -1.0, 2.35511167457, 2.73841100887, -1.0, 2.16844341567, -0.0721680823278, 1.1422924283, 3.0, -0.290356720978, 0.131848982535, -0.906896531135, -1.0, -0.460754001014, 3.0, 1.67451217001, -0.917099456732, 2.01164836905, -1.0, 1.0, 1.25073319814, 1.0, 1.04962731166, -1.0, 96729.0, 492.0, 99553.0
