3.94852718586, 1.05952701985, 1.45389673999, 0.945008774394, 2.83000005183, 0.871689214627, 5.68312426883, 1.26000035372, 1.1400005822, 3.30468015496, 1.64522788176, 1.06783424771, 3.0400003197, 1.05527441961, 0.783374780261, 1.00000027027, 1.00000057494, 1.04136058289, 4.00939484112, 0.973812404283, 1.00000019789, 80.4960273337, 1.06676239952, 2.40437582974, 1.05676661393, 3.29000006311, 1.00000023442, 16.6199327487, 8.97202208359, 124.776559296, 3.48525469169
1.61951424619, 1.06375939692, 1.51008852687, 0.983351584653, 2.83000073498, 0.853953134231, 5.9134238544, 1.26000032389, 1.14000079544, 3.27082309168, 2.21020673908, 0.947152572786, 3.04000044223, 1.01369744153, 0.869544583777, 1.00000077614, 1.00000096399, 1.02515377525, 5.52699913542, 0.961586231399, 1.0000003961, 78.4162534555, 0.992665721525, 2.87174843523, 1.01554045819, 3.29000099429, 1.00000005136, 41.0152551847, 9.34615542452, 49.0242067532, 1.60857908847
5.8406221157, 1.04876159812, 1.34409401597, 0.891336718622, 2.83000041449, 0.911049527517, 1.92851576785, 1.26000090289, 1.14000094258, 1.6296634122, 2.73208120466, 1.02506765421, 3.04000073615, 1.10100067783, 0.900356468508, 1.00000015812, 1.00000078238, 1.04817287835, 8.06320065636, 0.925090779904, 1.00000086027, 93.7808729756, 1.07786149858, 2.09454010283, 1.03244876897, 3.29000054671, 1.00000073737, 14.7030532941, 11.6192033511, 16.8571636974, 0.0
3.37898822219, 1.08812530846, 1.52954074755, 0.815463405314, 2.83000004568, 0.923316061848, 5.23577144035, 1.26000028804, 1.14000016162, 2.76614999299, 2.62998290261, 1.06920992991, 3.04000073653, 1.03552307803, 1.05492508583, 1.00000045567, 1.0000004947, 1.01901458386, 9.50521240674, 0.958530728344, 1.00000067281, 86.568497332, 1.01265759374, 5.34672776502, 0.98841911995, 3.29000013746, 1.00000093795, 45.3206025275, 9.79355942533, 227.684013831, 1.34048257373
2.49160336946, 1.02044733149, 1.34972119131, 0.93885744935, 2.8300002746, 1.04299104248, 3.89722200042, 1.26000073352, 1.14000045794, 2.67575734386, 2.40817983101, 0.906001288532, 3.0400001774, 1.02339298995, 0.851063969295, 1.00000025291, 1.00000006067, 1.10905153204, 3.09395583454, 0.980370008665, 1.00000062703, 77.1430721837, 0.93756363527, 4.73162064047, 1.03496581917, 3.29000081812, 1.00000037147, 29.3639339677, 8.49979352579, 171.015262385, 2.68096514745
3.46421279495, 1.08163806283, 1.46899799317, 0.91731781607, 2.830000822, 1.1198152324, 4.35355621102, 1.26000044188, 1.14000015412, 2.65881957917, 2.76549068641, 1.00183823316, 3.04000032894, 1.0563074181, 0.871093698435, 1.00000013447, 1.0000005174, 1.04430091586, 4.16344876134, 0.934519527773, 1.00000007171, 109.42789363, 0.962526440522, 5.73212974575, 1.03139784099, 3.29000082538, 1.00000036466, 400.770240958, 24.0582770348, 623.224690937, 0.0
5.32281259281, 1.09122987742, 1.38572777507, 0.875833555498, 2.83000015907, 0.910711591475, 3.81780149454, 1.26000004542, 1.14000072573, 2.51373596329, 1.69373528396, 1.04938517406, 3.04000051946, 1.0643821551, 0.842968225417, 1.00000090609, 1.00000083422, 1.04344843972, 5.01615480762, 0.956693586059, 1.00000085794, 83.2456852209, 0.974329072851, 1.20732334279, 1.05540758673, 3.29000067532, 1.0000002516, 231.45397751, 25.9475907029, 669.875767214, 0.0
3.35867602021, 1.02233431949, 1.42753240094, 0.80090549125, 2.83000081733, 0.948340750102, 5.64688411882, 1.2600008246, 1.14000010808, 2.68247639439, 2.38649617644, 1.09263813177, 3.04000022625, 1.07969126674, 0.880179740957, 1.00000016815, 1.00000087298, 1.05350859946, 3.92412134047, 0.9649892083, 1.00000025418, 101.467088096, 0.932094853733, 3.15509425523, 0.9693341693, 3.29000006201, 1.00000078265, 180.552948699, 23.0457634562, 111.799141153, 1.07238605898
1.82897044245, 1.0512570881, 1.52150946782, 0.870906610241, 2.83000032194, 1.15732392461, 4.18035884844, 1.26000045645, 1.14000021933, 3.08237362236, 2.06450738111, 0.991310328593, 3.04000071422, 1.00034739883, 0.814256334239, 1.00000029955, 1.00000087788, 1.00897147148, 8.42741402128, 0.944968726564, 1.00000028259, 90.1876753809, 1.08575980926, 1.80696788886, 1.02557649601, 3.29000024902, 1.00000047603, 55.2292306868, 12.9126857058, 125.19510938, 0.804289544236
3.37898822219, 1.08812530846, 1.52954074755, 0.815463405314, 2.83000004568, 0.923316061848, 3.91094384729, 1.2600000439, 1.14000016162, 2.76614999299, 2.62998290261, 1.06920992991, 3.04000041659, 1.03552307803, 1.05492508583, 1.00000045567, 1.0000004947, 1.01901458386, 9.50521240674, 0.958530728344, 1.00000067281, 86.568497332, 1.01265759374, 5.34672776502, 0.98841911995, 3.29000011111, 1.00000093795, 103.219040714, 12.5632397078, 678.925119567, 1.07238605898
4.56489364875, 1.01587474713, 1.72638106298, 0.888526604586, 2.83000024082, 1.18896295901, 5.35921600385, 1.26000000754, 1.14000085853, 2.79402302363, 1.88348114214, 0.95070126172, 3.04000036995, 1.09986020104, 0.966748381534, 1.00000026897, 1.00000068208, 1.06339759586, 5.30453807045, 0.941071603098, 1.00000032486, 122.466633817, 0.933893614485, 5.79250169979, 1.03956207455, 3.29000080209, 1.00000019635, 52.0188629436, 12.862030705, 374.774942584, 0.536193029491
5.58115657812, 1.1383406805, 1.43016585963, 0.984898420609, 2.83000087198, 0.926233743253, 4.7617060243, 1.26000087633, 1.14000055776, 2.2740949589, 2.76268113118, 0.89747755294, 3.04000075303, 1.00890376906, 0.892387677311, 1.00000000839, 1.0000005043, 1.10598095431, 4.99276420205, 0.993278079788, 1.00000025262, 77.3291571636, 0.842804415537, 1.48912454782, 1.04073979315, 3.29000035227, 1.00000021069, 87.2863110611, 14.9183409922, 360.641900476, 0.536193029491
4.87060749964, 1.00086454678, 1.6637258904, 0.938816379694, 2.83000088692, 1.08236938929, 5.84568890932, 1.26000019414, 1.14000017316, 2.56845232324, 2.64429848116, 0.902934912219, 3.04000047682, 1.09701750293, 0.810199669478, 1.00000094537, 1.00000093776, 1.09383348292, 8.52468811969, 0.916260408543, 1.00000069815, 83.5732062603, 1.07389876749, 4.00461528334, 1.02796331293, 3.29000066159, 1.00000038043, 100.885029519, 15.2801953092, 252.705073737, 0.536193029491
3.70761832644, 1.0751321343, 1.44727094217, 0.858730262347, 2.83000072233, 1.04474564173, 2.62971920095, 1.26000064573, 1.14000052923, 2.42502733751, 1.97672253015, 0.932087199957, 3.04000096107, 1.10211372787, 0.791363247601, 1.00000040288, 1.00000096103, 1.06307510199, 7.52146884943, 0.957521632711, 1.00000071595, 77.0079991791, 1.00389004191, 5.58040255625, 1.0442989189, 3.29000075933, 1.0000006843, 36.4945344386, 15.2987158258, 166.944264544, 1.07238605898
4.9315955638, 1.05475963939, 1.68422554256, 0.953134659748, 2.83000070219, 0.91969794884, 4.96109929934, 1.26000073352, 1.14000025499, 2.08477242818, 2.68433302495, 1.09915559192, 3.04000023669, 1.09085744738, 0.851063969295, 1.00000048216, 1.00000058769, 1.05534267992, 3.09395583454, 0.911374931279, 1.00000053256, 91.5446518972, 1.06735076065, 2.86246088332, 1.0688577961, 3.29000034109, 1.00000046586, 283.091822529, 20.051451057, 1084.93607935, 0.0
3.94852718586, 1.05952701985, 1.45389673999, 0.965905844886, 2.83000005183, 0.871689214627, 5.68312426883, 1.26000035372, 1.1400005822, 3.30468015496, 1.64522788176, 1.06783424771, 3.0400003197, 1.05527441961, 0.783374780261, 1.00000027027, 1.00000057494, 1.04136058289, 4.00939484112, 0.973812404283, 1.00000019789, 80.4960273337, 1.06676239952, 2.40437582974, 1.05676661393, 3.29000006311, 1.00000005136, 17.9538943897, 12.5177986143, 63.1289699223, 1.87667560322
1.29944819848, 1.02717652316, 1.56463726203, 0.904279039234, 2.83000044271, 0.93156568202, 1.84954305605, 1.26000023455, 1.14000093175, 2.3449898002, 2.58634978839, 1.00083316711, 3.04000088066, 1.05150248653, 0.843680126638, 1.00000027848, 1.00000082476, 1.01262616078, 3.02231282676, 0.961870406984, 1.0000005677, 85.5321104547, 1.01894015848, 5.54750201111, 1.04501478058, 3.29000063167, 1.00000058598, 82.2609374281, 9.76345642998, 549.206866749, 4.55764075067
1.86157322894, 1.05265221379, 1.72040986131, 0.805569100161, 2.83000038794, 0.911245520194, 3.87836651403, 1.26000002735, 1.1400006701, 2.39270677176, 2.14679216638, 0.972547641182, 3.04000032032, 1.02769297733, 1.07821671749, 1.00000024269, 1.00000059627, 1.02958770915, 9.49193948957, 0.924698336542, 1.0000006738, 79.2806085232, 0.967119757026, 4.72290235571, 0.973864579244, 3.29000010018, 1.00000049936, 43.9996679521, 16.0785000329, 142.691313658, 1.60857908847
5.27779104704, 1.09886834906, 1.47537764503, 0.843955059167, 2.83000054236, 0.958268040653, 5.20992155096, 1.26000018981, 1.14000041019, 2.04941957447, 2.08641715859, 1.04230287773, 3.04000023628, 1.02648780655, 0.974128269559, 1.00000077686, 1.00000029646, 1.0073830782, 3.06529834132, 0.910609834211, 1.00000015691, 86.7529628355, 0.995538936196, 1.01889206931, 1.02140654502, 3.29000039565, 1.00000067341, 136.699807587, 21.7162549063, 240.948851903, 0.804289544236
4.37043712161, 1.03827062365, 1.38749042373, 0.904279039234, 2.83000032275, 0.93156568202, 1.84954305605, 1.26000022962, 1.14000098491, 2.3449898002, 2.58634978839, 1.00083316711, 3.04000049287, 1.06583868605, 0.843680126638, 1.00000063417, 1.00000082476, 1.01262616078, 3.0054631188, 0.961870406984, 1.0000005677, 85.5321104547, 1.01894015848, 5.99108297622, 1.03560366327, 3.2900000305, 1.00000049559, 79.5453429584, 11.598874678, 744.222295007, 4.28954423592
4.53189610033, 1.07054592075, 1.65604132867, 0.898966747585, 2.83000050912, 1.12707642307, 2.16586745886, 1.26000020542, 1.14000073444, 2.17576262813, 2.79053879323, 1.0550203553, 3.04000052431, 1.11812023917, 1.03070132926, 1.00000050558, 1.00000000643, 1.07620847632, 8.25948891566, 0.984174920334, 1.00000001233, 95.0432226266, 0.9180560152, 4.09739002279, 0.98718981739, 3.29000056309, 1.00000050273, 126.215440113, 11.1219541935, 271.457977252, 8.8471849866
3.00076886192, 1.05646536891, 1.59772707796, 0.88776336751, 2.83000063696, 1.07449442156, 3.30543369586, 1.26000071568, 1.14000083934, 3.2145720115, 2.13139418466, 0.931693576403, 3.04000035306, 1.08853619827, 0.964701488345, 1.00000086456, 1.00000013038, 1.07258129434, 3.17057904476, 0.911487266203, 1.00000017835, 82.3581146422, 0.94765553386, 5.44033568205, 0.969528284933, 3.29000025388, 1.00000041586, 723.684505048, 21.2648659193, 1166.9435954, 0.0
3.94852718586, 1.05952701985, 1.45389673999, 0.934468522555, 2.83000005183, 0.871689214627, 5.68312426883, 1.26000035372, 1.1400005822, 3.30468015496, 1.64522788176, 1.06783424771, 3.0400003197, 1.05527441961, 0.783374780261, 1.00000027027, 1.00000057494, 1.04136058289, 4.00939484112, 0.973812404283, 1.00000019789, 80.4960273337, 1.06676239952, 2.40437582974, 1.05676661393, 3.29000006311, 1.00000023442, 169.614179828, 12.0736947118, 351.639067727, 2.14477211796
3.00076886192, 1.05646536891, 1.59772707796, 0.843554452332, 2.83000063696, 1.07449442156, 3.30543369586, 1.26000071568, 1.14000083934, 3.2145720115, 2.15897516541, 0.929065606246, 3.04000035306, 1.10349833498, 0.964701488345, 1.00000086456, 1.00000013038, 1.07258129434, 3.17057904476, 0.911487266203, 1.00000017835, 82.3581146422, 0.94765553386, 2.40437582974, 0.969528284933, 3.29000025388, 1.00000041586, 51.8419170317, 12.488467822, 377.621126527, 1.87667560322
5.89266804846, 1.02152589603, 1.41536343252, 0.997619249307, 2.83000075344, 0.94596225195, 3.83833218184, 1.26000046432, 1.1400005978, 2.06371140961, 1.84083593531, 1.00097791558, 3.04000018572, 1.11932549919, 1.02576997003, 1.00000054868, 1.00000041531, 1.04499239787, 6.6698374467, 0.925958471308, 1.00000034287, 119.868037129, 0.959180375924, 2.74571218166, 1.02205539933, 3.2900007875, 1.00000051113, 722.723887341, 37.7356519569, 1015.34220859, 0.268096514745
3.58240671535, 1.0205020489, 1.61637293541, 0.806480365575, 2.83000035496, 0.993717461163, 3.98687244767, 1.26000023155, 1.14000034272, 1.34859313899, 1.90588401213, 0.985342445212, 3.04000072459, 1.05081759238, 0.885176960425, 1.00000055577, 1.00000000092, 1.0416064845, 4.5902350496, 0.916831716288, 1.00000015477, 79.5049544989, 1.07582370266, 2.67454073256, 1.03592780967, 3.29000089172, 1.00000042736, 97.1549123061, 20.0503793799, 573.586086, 0.536193029491
1.61951424619, 1.06375939692, 1.51008852687, 0.983351584653, 2.83000073498, 0.853953134231, 5.9134238544, 1.26000035359, 1.14000081283, 2.01957055388, 2.21020673908, 0.947152572786, 3.04000044223, 1.01369744153, 0.869544583777, 1.00000077614, 1.00000096399, 1.02515377525, 5.52699913542, 0.961586231399, 1.0000003961, 78.4162534555, 0.992665721525, 3.65042449787, 1.01554045819, 3.29000099429, 1.00000005136, 306.456160257, 30.0158276097, 3707.44701219, 0.268096514745
2.18589611599, 1.0139204009, 1.57790186574, 0.81695534443, 2.83000000211, 0.927136117902, 3.33054615899, 1.26000046185, 1.14000051036, 2.66983145335, 2.80595081758, 1.06771168627, 3.04000030848, 1.11058740673, 1.03389775536, 1.00000017202, 1.00000065874, 1.08907333331, 8.75101181613, 0.967997638112, 1.00000051363, 91.9231600214, 1.02420881995, 4.9378386956, 0.991417275554, 3.29000006535, 1.00000093653, 43.1328303215, 16.0179242284, 316.543367911, 1.87667560322
1.86157322894, 1.05265221379, 1.72040986131, 0.879401125885, 2.83000038794, 0.911245520194, 1.52691964865, 1.26000002735, 1.1400006701, 2.39270677176, 2.71062496053, 0.972547641182, 3.04000032032, 1.1145821793, 1.07821671749, 1.00000024269, 1.00000059627, 1.02958770915, 9.49193948957, 0.924698336542, 1.0000006738, 79.2806085232, 0.967119757026, 5.01261956615, 0.973864579244, 3.29000010018, 1.00000049936, 120.567790794, 12.7538873143, 269.096847466, 1.87667560322
1.82897044245, 1.0512570881, 1.64659868604, 0.900077889735, 2.83000032194, 1.15732392461, 4.18035884844, 1.26000045645, 1.14000021933, 3.08237362236, 2.06450738111, 0.95070126172, 3.04000049162, 1.00034739883, 0.814256334239, 1.00000029955, 1.00000087788, 1.00897147148, 8.42741402128, 0.944968726564, 1.00000028259, 90.1876753809, 1.08575980926, 1.80696788886, 1.02557649601, 3.29000024902, 1.00000047603, 109.428640592, 12.6267191944, 377.01178449, 2.14477211796
1.28793093568, 1.13493561418, 1.69225977918, 0.81257290047, 2.83000035335, 0.894581635182, 1.94389140282, 1.26000075377, 1.14000000611, 2.17120827777, 1.5725605871, 0.981378024249, 3.04000014296, 1.03739252099, 0.846330717144, 1.00000050597, 1.00000078314, 1.02195877876, 7.23258599082, 0.958292916686, 1.00000019817, 76.3621331654, 1.07150421899, 4.9401566647, 1.06301175956, 3.29000054444, 1.00000060521, 137.882521117, 11.9484267683, 498.270377934, 4.82573726542
3.35674035552, 1.12038610289, 1.52374663941, 0.930478641496, 2.83000072275, 1.10230410706, 1.15596735856, 1.26000024784, 1.14000088761, 1.24039774889, 2.46381121743, 1.02802641015, 3.04000016492, 1.11460896882, 1.01611811892, 1.00000083238, 1.00000026054, 1.02538916485, 6.18561161057, 0.922830376255, 1.00000068927, 102.642810352, 0.879455100715, 4.03208031021, 1.03310529494, 3.2900002679, 1.00000021762, 453.773099234, 19.8565073605, 322.38779718, 1.07238605898
1.29944819848, 1.03827062365, 1.56463726203, 0.904279039234, 2.83000032275, 0.93156568202, 1.84954305605, 1.26000023455, 1.14000093175, 2.3449898002, 2.58634978839, 1.00083316711, 3.04000049287, 1.05150248653, 0.843680126638, 1.00000027848, 1.00000082476, 1.01262616078, 3.02231282676, 0.961870406984, 1.0000005677, 85.5321104547, 1.01894015848, 5.54750201111, 1.04501478058, 3.29000063167, 1.00000049559, 165.021530402, 14.8632100565, 837.959300483, 1.07238605898
2.13257302092, 1.02717652316, 1.37233739414, 0.916635926839, 2.83000013646, 0.980148197793, 5.25152924201, 1.26000057841, 1.14000096386, 3.30058779457, 2.47273223185, 0.920418806058, 3.04000038181, 1.03388851186, 0.961392824121, 1.0000000357, 1.00000097079, 1.03015037552, 5.14856833159, 0.919565811446, 1.0000002965, 78.3323150978, 1.05405810312, 2.56156558271, 1.0481033325, 3.29000047425, 1.00000077985, 460.708081114, 32.1082629694, 2975.15386738, 0.0
1.61951424619, 1.01677444635, 1.57664619988, 0.872858417139, 2.83000073498, 0.853953134231, 5.9134238544, 1.26000035359, 1.14000079544, 3.27082309168, 2.21020673908, 0.947152572786, 3.04000044223, 1.01369744153, 0.869544583777, 1.00000077614, 1.00000096399, 1.02515377525, 7.73853789782, 0.961586231399, 1.0000003961, 78.4162534555, 0.992665721525, 1.32087261386, 1.01554045819, 3.29000099429, 1.00000005136, 676.055496737, 26.3239888792, 5815.92773635, 0.268096514745
3.58240671535, 1.0205020489, 1.61637293541, 0.806480365575, 2.83000035496, 0.993717461163, 3.98687244767, 1.26000023155, 1.14000034272, 2.90085830027, 2.09717018949, 0.985342445212, 3.04000072459, 1.05081759238, 0.885176960425, 1.00000055577, 1.00000000092, 1.0416064845, 5.16706276144, 0.916831716288, 1.00000015477, 79.5049544989, 1.05012580338, 1.6227254881, 1.03592780967, 3.29000089172, 1.00000059731, 765.874298883, 28.56743965, 1140.48429172, 0.0
2.49160336946, 1.00607657545, 1.35469542348, 0.910503904837, 2.8300002746, 0.899673206776, 3.89722200042, 1.26000048256, 1.14000045794, 2.67575734386, 2.40817983101, 1.07512007715, 3.0400001774, 1.02339298995, 0.786220397848, 1.00000094004, 1.00000006067, 1.10718351461, 7.23288874279, 0.970472183584, 1.00000062703, 77.1430721837, 0.892017738628, 4.73162064047, 1.03496581917, 3.29000081812, 1.00000025561, 686.831839398, 37.4410344371, 1290.00615156, 0.0
3.89329414524, 1.01860776047, 1.44412257595, 0.814940364422, 2.8300000934, 1.16242245202, 3.3181139163, 1.2600003558, 1.14000047756, 3.0259528183, 1.8439292622, 1.02280514894, 3.04000006043, 1.05796727569, 0.966951812597, 1.00000096182, 1.00000079616, 1.00033705907, 8.00354393719, 0.92130643501, 1.00000053301, 91.0493259578, 1.07786149858, 2.56257020141, 1.0442989189, 3.29000085136, 1.00000072586, 521.155804028, 34.3705057462, 1964.40274285, 0.0
5.58115657812, 1.1383406805, 1.43016585963, 0.984898420609, 2.83000087198, 0.926233743253, 4.7617060243, 1.26000087633, 1.14000055776, 2.2740949589, 2.76268113118, 0.900943631006, 3.04000075303, 1.00890376906, 0.892387677311, 1.00000000839, 1.0000005043, 1.10598095431, 8.42741402128, 0.993278079788, 1.00000025262, 77.3291571636, 0.842096864034, 1.48912454782, 1.04073979315, 3.29000035227, 1.00000021069, 247.441603789, 25.6252134929, 390.414602501, 0.536193029491
3.14956627894, 1.05574109577, 1.65604132867, 0.825890912522, 2.83000050912, 1.12707642307, 2.16586745886, 1.26000020542, 1.14000073444, 2.17576262813, 2.79053879323, 1.0550203553, 3.04000039376, 1.08776221259, 1.03070132926, 1.00000050558, 1.00000000643, 1.07620847632, 8.25948891566, 0.984174920334, 1.00000001233, 83.5298062549, 0.9180560152, 4.83661918258, 1.01366698786, 3.29000056309, 1.00000050273, 171.566016939, 12.6774480799, 302.023780863, 5.63002680965
3.94852718586, 1.05952701985, 1.45389673999, 0.934468522555, 2.83000085895, 0.871689214627, 5.68312426883, 1.26000035372, 1.14000068528, 3.30468015496, 1.64522788176, 1.06783424771, 3.0400003197, 1.05801748523, 0.783374780261, 1.00000027027, 1.00000057494, 1.02958770915, 4.00939484112, 0.973812404283, 1.00000019789, 80.4960273337, 1.06676239952, 4.23495908584, 1.05676661393, 3.29000006311, 1.00000023442, 115.390142131, 15.8471081423, 240.249881572, 1.60857908847
1.29944819848, 1.05664120121, 1.4024766642, 0.938972257128, 2.83000028301, 1.16300280628, 4.6339104837, 1.26000052862, 1.14000089883, 3.23186697343, 2.30903015022, 0.913285747549, 3.04000048988, 1.06538067399, 0.92954041151, 1.00000013113, 1.0000008622, 1.07585182704, 8.52104820214, 0.917078162229, 1.00000031135, 94.6427426686, 0.874545914658, 1.08717297906, 1.02529016327, 3.29000032211, 1.00000091342, 550.81043378, 34.2570478436, 7607.36895434, 0.0
3.48175883787, 1.0828515418, 1.44285178722, 0.929042579474, 2.83000004316, 0.892637677981, 5.10377965256, 1.26000068761, 1.14000003729, 2.68196053197, 2.39130592569, 0.9977960315, 3.04000050129, 1.06261654911, 0.906515694807, 1.00000005574, 1.00000097464, 1.07073613241, 4.78424912127, 0.914161847164, 1.00000056939, 81.3096805738, 1.08055537759, 5.11796478984, 1.0472668389, 3.29000036846, 1.00000014393, 757.44005416, 27.5160336863, 1596.80156725, 0.0
2.18589611599, 1.0139204009, 1.57790186574, 0.81695534443, 2.83000000211, 0.927136117902, 3.33054615899, 1.26000057841, 1.14000051036, 2.66983145335, 2.80595081758, 1.06771168627, 3.04000030848, 1.11058740673, 1.03389775536, 1.00000017202, 1.00000065874, 1.08907333331, 8.75101181613, 0.967997638112, 1.00000051363, 91.9231600214, 1.02420881995, 4.9378386956, 0.991417275554, 3.29000006535, 1.00000093653, 632.422207991, 36.8569040505, 5801.81094177, 0.268096514745
5.65087011486, 1.03526998766, 1.36560347678, 0.970569599199, 2.8300002167, 0.922050214071, 5.44588415848, 1.26000007464, 1.14000039611, 1.81020885726, 2.84981548881, 1.0112625472, 3.04000093713, 1.06900241064, 0.889698092006, 1.00000050219, 1.00000004855, 1.03470118581, 3.37709919337, 0.916457370691, 1.00000086827, 77.2576381036, 0.896137693, 2.53315007416, 1.05732868834, 3.2900006523, 1.00000003865, 1124.67255718, 31.301819414, 1504.01930392, 0.0
3.48175883787, 1.0828515418, 1.44285178722, 0.929042579474, 2.83000004316, 0.892637677981, 5.10377965256, 1.26000068761, 1.14000003729, 2.68196053197, 2.39130592569, 0.9977960315, 3.04000050129, 1.06261654911, 0.906515694807, 1.00000005574, 1.00000097464, 1.07073613241, 4.78424912127, 0.914161847164, 1.00000056939, 81.3096805738, 1.08055537759, 5.11796478984, 1.0472668389, 3.29000036846, 1.00000014393, 477.129898051, 23.500151074, 506.736800541, 0.804289544236
2.51762215919, 1.09459302997, 1.42870802195, 0.941561746191, 2.83000083672, 0.935859695271, 5.90164652886, 1.26000075439, 1.14000000355, 3.53058523932, 1.97747959172, 0.917692368076, 3.04000035139, 1.11355468833, 0.786220397848, 1.00000009593, 1.00000010135, 1.08667108225, 4.74814367985, 0.912900598172, 1.00000038474, 119.335653165, 0.897640026263, 3.48204039231, 1.03457514415, 3.29000060831, 1.00000087413, 732.353536424, 38.5327211562, 2759.74954839, 0.0
4.53189610033, 1.05574109577, 1.65604132867, 0.898966747585, 2.83000050912, 1.12707642307, 2.16586745886, 1.26000020542, 1.14000073444, 2.17576262813, 2.00875698065, 1.0550203553, 3.04000039376, 1.08776221259, 1.03070132926, 1.00000050558, 1.00000011639, 1.07620847632, 8.25948891566, 0.984174920334, 1.00000046075, 92.6542698171, 0.9180560152, 4.09739002279, 1.01366698786, 3.29000056309, 1.00000050273, 172.154497859, 14.6710222817, 358.037091663, 2.68096514745
4.7156106274, 1.07241766307, 1.70130710849, 0.859567008972, 2.83000085353, 0.904569558112, 3.70404825973, 1.26000050692, 1.14000022674, 2.24844237638, 1.91686527823, 0.929109494473, 3.04000016248, 1.11183172741, 0.960292774034, 1.00000082251, 1.00000029926, 1.0233826558, 3.71657099145, 0.953230690339, 1.00000008078, 77.0181864969, 0.983639510034, 4.15906700641, 0.986025856014, 3.29000076661, 1.00000043981, 461.635898844, 23.6876353606, 1605.47027488, 0.536193029491
5.58115657812, 1.1394251357, 1.43016585963, 0.984898420609, 2.83000087198, 0.926233743253, 4.7617060243, 1.26000087633, 1.14000055776, 2.2740949589, 2.64429848116, 0.89747755294, 3.04000075303, 1.04109759731, 0.892387677311, 1.00000000839, 1.0000005043, 1.10598095431, 9.76992696902, 0.993278079788, 1.00000025262, 77.3291571636, 0.842804415537, 1.48912454782, 1.04073979315, 3.29000035227, 1.00000033797, 505.815133486, 23.5903554361, 3502.48801349, 0.536193029491
2.86878368819, 1.07118741615, 1.62682938982, 0.896103757946, 2.83000035186, 0.964484613974, 4.35455259654, 1.26000022662, 1.14000095188, 1.80187518587, 2.18522326219, 1.01728668094, 3.04000027036, 1.01606046048, 0.957466396805, 1.0000001887, 1.00000077462, 1.02198182759, 6.22779021014, 0.964595430239, 1.00000019063, 75.8663951937, 1.01051415906, 1.76733869411, 1.03779117491, 3.29000064728, 1.00000081281, 897.159593656, 28.7909285732, 8290.81122674, 0.0
4.04584863878, 1.10729691836, 1.39007869441, 0.805644040372, 2.83000087138, 0.987660492686, 5.0023960273, 1.26000041177, 1.14000068213, 3.22023510091, 1.9637332233, 0.94595573752, 3.04000074277, 1.02830161149, 0.871611198282, 1.000000003, 1.00000050088, 1.06547666884, 3.3939296621, 0.92130643501, 1.00000074869, 82.5408056351, 0.9644934066, 2.79843252448, 1.06238523901, 3.29000015999, 1.00000054899, 891.924072178, 29.6343773039, 16319.4430957, 0.0
4.21554859624, 1.07957548044, 1.5560728572, 0.971221312133, 2.83000066002, 1.04846800177, 2.59662729464, 1.26000083878, 1.14000044351, 1.55837488263, 2.14759209303, 1.08413635669, 3.04000058429, 1.03788939562, 1.05405399145, 1.00000079157, 1.00000084398, 1.07177916249, 3.00972574272, 0.940641066163, 1.00000055208, 75.7028640977, 1.01935840231, 1.50104040387, 0.990421669439, 3.29000053674, 1.00000083106, 1016.89112085, 29.9266503297, 6923.23581395, 0.0
2.01233210585, 1.03827062365, 1.34409401597, 0.891336718622, 2.83000041449, 0.901911286343, 1.92851576785, 1.26000090289, 1.14000094258, 2.8929659888, 2.73208120466, 0.95282412528, 3.04000049287, 1.10100067783, 0.900356468508, 1.00000015812, 1.00000078238, 1.04817287835, 6.48680963167, 0.925090779904, 1.0000005677, 93.7808729756, 1.07786149858, 2.09454010283, 1.03244876897, 3.29000054671, 1.00000073737, 80.5544958107, 13.5559080619, 400.540954658, 2.68096514745
1.28793093568, 1.13493561418, 1.69225977918, 0.81257290047, 2.83000035335, 0.894581635182, 1.94389140282, 1.26000075377, 1.14000000611, 2.17120827777, 1.90862146904, 0.981378024249, 3.04000014296, 1.03739252099, 0.846330717144, 1.00000050597, 1.00000078314, 1.02514758389, 7.23258599082, 0.958292916686, 1.00000019817, 76.3621331654, 1.07150421899, 4.9401566647, 1.06301175956, 3.29000054444, 1.00000060521, 268.162542243, 28.2937646848, 4280.31944062, 0.536193029491
4.56489364875, 1.00577184758, 1.52150946782, 0.888526604586, 2.83000024082, 1.18896295901, 5.35921600385, 1.26000000754, 1.14000085853, 2.79402302363, 1.88348114214, 0.991310328593, 3.04000036995, 1.09986020104, 0.966748381534, 1.00000026897, 1.00000068208, 1.04192817218, 5.30453807045, 0.941071603098, 1.00000032486, 122.466633817, 0.933893614485, 5.79250169979, 1.03956207455, 3.29000091006, 1.00000019635, 221.877970904, 24.3360303143, 2102.73131367, 0.804289544236
3.37898822219, 1.08055967173, 1.52954074755, 0.815463405314, 2.83000004568, 0.923316061848, 3.91094384729, 1.2600000439, 1.14000016162, 2.76614999299, 2.62998290261, 1.06920992991, 3.04000041659, 1.03552307803, 1.05492508583, 1.00000045567, 1.0000004947, 1.01901458386, 9.50521240674, 0.958530728344, 1.00000067281, 86.568497332, 1.01265759374, 5.34672776502, 0.98841911995, 3.29000011111, 1.00000093795, 200.293916023, 19.2409074704, 325.922571647, 1.60857908847
3.37898822219, 1.08812530846, 1.52954074755, 0.815463405314, 2.83000004568, 0.923316061848, 5.23577144035, 1.26000028804, 1.14000016162, 2.76614999299, 2.62998290261, 1.06920992991, 3.04000073653, 1.08113646159, 1.02802550486, 1.00000045567, 1.0000004947, 1.01901458386, 9.50521240674, 0.958530728344, 1.00000067281, 86.568497332, 1.00375872863, 5.34672776502, 0.98841911995, 3.29000013746, 1.00000093795, 989.400122753, 29.1187829033, 6179.52855152, 0.268096514745
1.82897044245, 1.0512570881, 1.52150946782, 0.870906610241, 2.83000032194, 1.04366281795, 4.18035884844, 1.26000045645, 1.14000021933, 3.08237362236, 2.06450738111, 0.991310328593, 3.04000071422, 1.00034739883, 0.814256334239, 1.00000029955, 1.00000084699, 1.00897147148, 8.42741402128, 0.944079836026, 1.00000071595, 90.1876753809, 1.08575980926, 1.80696788886, 1.02557649601, 3.29000024902, 1.00000047603, 781.279351271, 22.3796989837, 4807.24741799, 0.536193029491
4.12710722851, 1.03405596618, 1.70458894499, 0.968081097059, 2.8300005774, 1.11694284462, 3.7555266079, 1.26000071464, 1.1400004458, 2.18121692359, 2.6628127287, 1.08076964569, 3.04000010849, 1.09211915745, 0.786416149947, 1.00000028337, 1.00000042305, 1.09893900231, 4.3361844957, 0.930406461781, 1.00000084432, 79.3182897898, 1.01427991829, 1.35831631473, 1.0688577961, 3.29000045028, 1.00000067504, 210.814510174, 15.0770212, 1223.23340996, 1.60857908847
4.72693082339, 1.09741428406, 1.39007869441, 0.805644040372, 2.83000081165, 0.987660492686, 5.0023960273, 1.26000041177, 1.14000043329, 1.68712631719, 2.33283745101, 0.94595573752, 3.04000061637, 1.00456187072, 0.865236434669, 1.000000003, 1.00000050088, 1.01950411727, 3.29723989073, 0.916965128634, 1.00000074869, 82.5408056351, 0.9644934066, 2.79843252448, 1.06238523901, 3.29000015999, 1.00000054899, 1534.59651428, 33.7048746266, 6760.41816602, 0.0
4.53189610033, 1.05574109577, 1.65604132867, 0.898966747585, 2.83000050912, 1.12707642307, 2.16586745886, 1.26000020542, 1.14000073444, 2.17576262813, 2.79053879323, 1.0550203553, 3.04000039376, 1.08776221259, 1.03070132926, 1.00000050558, 1.00000000643, 1.07620847632, 8.25948891566, 0.984174920334, 1.00000001233, 83.5298062549, 0.9180560152, 4.09739002279, 1.01366698786, 3.29000056309, 1.00000050273, 177.316905756, 17.3635998332, 1271.93074536, 1.07238605898
4.3026984381, 1.07054592075, 1.34847719207, 0.864652009706, 2.83000093154, 0.874156534305, 4.14291871422, 1.26000037732, 1.14000065606, 1.89281470216, 1.57541470598, 0.881653602834, 3.04000052431, 1.11812023917, 0.942622032853, 1.0000009597, 1.00000052329, 1.0528394383, 3.63039726885, 0.913266963181, 1.0000007018, 81.0288624002, 0.867318720505, 3.88541665436, 1.03947274923, 3.29000082772, 1.00000051845, 207.456519689, 15.6249144741, 630.154168936, 1.60857908847
3.00076886192, 1.05646536891, 1.59772707796, 0.88776336751, 2.83000063696, 1.07449442156, 3.30543369586, 1.26000071568, 1.14000083934, 3.2145720115, 2.15897516541, 0.931693576403, 3.04000035306, 1.08853619827, 0.964701488345, 1.00000086456, 1.00000013038, 1.07258129434, 3.17057904476, 0.911487266203, 1.00000017835, 82.3581146422, 0.94765553386, 2.40437582974, 0.969528284933, 3.29000025388, 1.00000041586, 136.357698488, 23.3623483456, 1428.10892877, 1.07238605898
4.7156106274, 1.07241766307, 1.70130710849, 0.859567008972, 2.83000085353, 0.904569558112, 3.70404825973, 1.26000050692, 1.14000022674, 2.24844237638, 1.91686527823, 0.939111911034, 3.04000016248, 1.11183172741, 0.855011067914, 1.00000092061, 1.00000029926, 1.0233826558, 3.71657099145, 0.921993717131, 1.00000008078, 77.0181864969, 0.983639510034, 4.15906700641, 0.986025856014, 3.29000004124, 1.00000043981, 885.708094647, 23.5132723581, 5385.77963631, 0.536193029491
3.94852718586, 1.05952701985, 1.45389673999, 0.877138565629, 2.83000005183, 0.862037084687, 5.68312426883, 1.26000035372, 1.1400005822, 3.30468015496, 1.6649465283, 1.06783424771, 3.0400003197, 1.05527441961, 0.783374780261, 1.00000027027, 1.00000057494, 1.02515377525, 4.00939484112, 0.973812404283, 1.00000019789, 80.4960273337, 1.06676239952, 2.01473292227, 1.05676661393, 3.29000004254, 1.00000023442, 289.415006128, 29.1186571181, 3056.29467652, 0.536193029491
2.49160336946, 1.00607657545, 1.35469542348, 0.910503904837, 2.8300002746, 0.899673206776, 3.89722200042, 1.26000061923, 1.14000045794, 2.67575734386, 2.76268113118, 1.07512007715, 3.0400001774, 1.02339298995, 0.951749763754, 1.00000025291, 1.00000006067, 1.10718351461, 7.23288874279, 0.970472183584, 1.00000062703, 77.1430721837, 0.892017738628, 4.73162064047, 1.03496581917, 3.29000059422, 1.00000003053, 1111.56802422, 32.1568968359, 8611.93990212, 0.0
5.32281259281, 1.09122987742, 1.38572777507, 0.875833555498, 2.83000015907, 0.910711591475, 3.81780149454, 1.26000004542, 1.14000072573, 2.51373596329, 1.69373528396, 1.04938517406, 3.04000051946, 1.0643821551, 0.969726510854, 1.00000090609, 1.00000083422, 1.04344843972, 4.00939484112, 0.956693586059, 1.00000085794, 83.2456852209, 0.974329072851, 1.20732334279, 1.05540758673, 3.29000067532, 1.0000002516, 157.340745627, 13.9633868445, 385.327775396, 4.02144772118
3.58240671535, 1.0205020489, 1.61637293541, 0.806480365575, 2.83000035496, 0.993717461163, 3.98687244767, 1.26000023155, 1.14000034272, 1.34859313899, 1.90588401213, 0.985342445212, 3.04000072459, 1.05081759238, 0.885176960425, 1.00000055577, 1.00000000092, 1.0416064845, 4.5902350496, 0.916831716288, 1.00000015477, 79.5049544989, 1.05012580338, 1.6227254881, 1.03592780967, 3.29000089172, 1.00000042736, 254.28801691, 19.2880223471, 1307.61575774, 1.07238605898
5.8406221157, 1.11044375838, 1.34409401597, 0.891336718622, 2.83000041449, 0.911049527517, 1.92851576785, 1.26000090289, 1.14000094258, 1.6296634122, 2.3626952132, 1.02506765421, 3.04000073615, 1.07345722445, 0.900356468508, 1.00000015812, 1.00000042588, 1.04817287835, 8.06320065636, 0.925090779904, 1.00000086027, 93.7808729756, 0.915126432556, 2.09454010283, 1.03244876897, 3.29000054671, 1.00000073737, 1646.49448901, 44.4362569747, 3947.77559111, 0.0
1.81593330047, 1.09055907374, 1.51506094039, 0.872858417139, 2.83000053737, 0.900340958725, 1.30555564509, 1.26000054004, 1.14000075863, 1.41470491286, 3.06539446557, 1.07659201879, 3.04000023629, 1.10468707442, 0.78530682902, 1.00000073082, 1.00000002808, 1.03444324697, 7.73853789782, 0.945395429944, 1.00000071595, 90.3794427168, 0.981670815803, 3.33877087811, 1.03854434769, 3.29000058191, 1.00000070532, 405.923091715, 31.6507229326, 2460.67667586, 0.536193029491
4.9315955638, 1.05475963939, 1.61971561826, 0.953134659748, 2.83000070219, 0.91969794884, 4.96109929934, 1.26000073352, 1.14000025499, 2.05644842981, 2.68433302495, 1.09915559192, 3.04000023669, 1.09085744738, 0.851063969295, 1.00000081713, 1.00000058769, 1.05534267992, 3.09395583454, 0.911374931279, 1.00000025048, 91.5446518972, 1.06735076065, 2.86246088332, 1.0688577961, 3.29000034109, 1.00000046586, 479.685146455, 33.3763330157, 1394.3088634, 0.536193029491
3.14956627894, 1.05574109577, 1.65604132867, 0.825890912522, 2.83000050912, 1.12707642307, 2.16586745886, 1.26000020542, 1.14000073444, 2.17576262813, 2.79053879323, 1.0550203553, 3.04000039376, 1.08776221259, 1.03070132926, 1.00000050558, 1.00000000643, 1.07620847632, 8.25948891566, 0.984174920334, 1.00000001233, 83.5298062549, 0.9180560152, 4.83661918258, 1.01366698786, 3.29000056309, 1.00000050273, 655.186951221, 26.8548036054, 1360.44890138, 0.536193029491
3.00076886192, 1.0718758847, 1.59772707796, 0.88776336751, 2.83000063696, 1.07449442156, 3.30543369586, 1.26000071568, 1.14000083934, 3.2145720115, 2.13139418466, 0.931693576403, 3.04000030195, 1.08853619827, 0.989313098652, 1.00000033573, 1.00000013038, 1.07258129434, 3.17057904476, 0.9649892083, 1.00000017835, 82.3581146422, 1.04703054875, 5.44033568205, 0.969528284933, 3.29000025388, 1.00000041586, 471.963601609, 19.7010834247, 2262.31955184, 1.07238605898
3.35674035552, 1.12038610289, 1.52374663941, 0.930478641496, 2.83000072275, 1.10230410706, 1.15596735856, 1.26000024784, 1.14000088761, 1.24039774889, 2.55255864299, 1.02802641015, 3.04000016492, 1.09436809725, 1.01611811892, 1.00000062741, 1.00000044018, 1.02538916485, 6.18561161057, 0.922830376255, 1.00000068927, 102.642810352, 0.879455100715, 4.03208031021, 1.03310529494, 3.2900002679, 1.00000021762, 1040.57619667, 40.2554622347, 4915.97677156, 0.268096514745
3.00076886192, 1.05646536891, 1.6645556382, 0.88776336751, 2.83000063696, 1.07449442156, 3.30543369586, 1.26000019539, 1.14000083934, 3.2145720115, 2.15897516541, 0.964166419847, 3.04000035306, 1.08853619827, 0.964701488345, 1.00000086456, 1.00000003695, 1.07258129434, 3.17057904476, 0.911487266203, 1.00000017835, 82.3581146422, 0.94765553386, 2.40437582974, 0.969528284933, 3.29000041847, 1.00000041586, 955.563143678, 42.359233208, 4251.14017687, 0.268096514745
5.96750297675, 1.02355272189, 1.56028656809, 0.947885453647, 2.83000017359, 1.06728201258, 3.7555266079, 1.26000066736, 1.14000052037, 2.45388579844, 2.24574991656, 1.00905583006, 3.04000083251, 1.1081483465, 1.01759954037, 1.00000079461, 1.00000031852, 1.08885085795, 4.44398703318, 0.940222649745, 1.00000046237, 95.0513655118, 1.08676636133, 4.94681866901, 1.01301868262, 3.2900007515, 1.00000025867, 1046.21303334, 30.8941772071, 21825.7824602, 0.268096514745
1.82897044245, 1.0512570881, 1.52150946782, 0.870906610241, 2.83000032194, 1.04366281795, 4.18035884844, 1.26000045645, 1.14000021933, 3.08237362236, 2.06450738111, 0.991310328593, 3.04000071422, 1.00034739883, 0.814256334239, 1.00000029955, 1.00000084699, 1.00897147148, 8.42741402128, 0.944079836026, 1.00000028259, 90.1876753809, 1.08575980926, 1.80696788886, 1.02557649601, 3.29000024902, 1.00000047603, 639.484749447, 25.0195150633, 1148.86788328, 0.804289544236
1.68471834666, 1.01576224767, 1.35836667738, 0.911598990072, 2.83000018912, 0.984051182796, 4.18053862867, 1.26000039036, 1.14000030473, 3.61428233564, 2.3110874198, 1.07732715743, 3.04000044219, 1.08443075931, 0.988542002807, 1.00000083304, 1.00000097004, 1.03480811619, 5.88455465527, 0.985976565245, 1.00000093297, 81.8483596236, 1.03271830058, 2.08129382546, 1.04009696312, 3.29000031427, 1.00000083901, 340.340628865, 28.3547288107, 1356.06719061, 0.804289544236
4.72693082339, 1.09741428406, 1.39007869441, 0.805644040372, 2.83000081165, 0.987660492686, 4.71390981316, 1.26000041177, 1.14000043329, 1.68712631719, 2.33283745101, 0.94595573752, 3.04000061637, 1.00456187072, 0.865236434669, 1.000000003, 1.00000050088, 1.06077217772, 3.29723989073, 0.916965128634, 1.00000074869, 82.5408056351, 0.9644934066, 2.79843252448, 1.06238523901, 3.29000015999, 1.00000054899, 461.704677409, 33.0708043508, 2077.6898942, 0.536193029491
2.9168826599, 1.01124742007, 1.53076660683, 0.821754747834, 2.83000056373, 1.16353498135, 5.35183878343, 1.26000084663, 1.14000053103, 2.80966455657, 2.48970972097, 1.09923587047, 3.0400009921, 1.00046947969, 0.805053682013, 1.00000042298, 1.00000047478, 1.04426089078, 6.39006330929, 0.910485851114, 1.00000060493, 99.2476770638, 1.06475717645, 2.35093370034, 0.980509111333, 3.29000078531, 1.00000038775, 1187.01569892, 46.7347808137, 3923.20015864, 0.268096514745
3.89329414524, 1.01860776047, 1.44412257595, 0.814940364422, 2.8300000934, 1.16242245202, 3.3181139163, 1.26000001815, 1.14000047756, 3.0259528183, 1.8439292622, 1.02280514894, 3.04000006043, 1.05796727569, 0.966951812597, 1.00000096182, 1.00000079616, 1.00033705907, 6.58386055237, 0.92130643501, 1.00000053301, 91.0493259578, 1.07786149858, 2.56257020141, 1.0442989189, 3.29000085136, 1.00000072586, 193.958942499, 26.3082216028, 849.104177735, 1.07238605898
1.29944819848, 1.03827062365, 1.56463726203, 0.904279039234, 2.8300001815, 0.93156568202, 1.84954305605, 1.26000023455, 1.14000093175, 2.3449898002, 2.58634978839, 1.00083316711, 3.0400002392, 1.05150248653, 0.930177307263, 1.00000027848, 1.00000082476, 1.01262616078, 3.01093610392, 0.961870406984, 1.0000005677, 90.519731892, 1.01894015848, 5.54750201111, 1.04501478058, 3.29000063167, 1.00000049559, 202.082462069, 12.9502648835, 1499.9486171, 4.82573726542
5.37646469245, 1.00289886392, 1.580310427, 0.929386182681, 2.83000088199, 0.907003023724, 3.50219447418, 1.26000039695, 1.14000089202, 2.27666608, 1.91195131928, 1.07998530041, 3.04000064783, 1.10692648598, 0.974513042802, 1.00000011651, 1.00000045948, 1.01566506204, 6.31184053637, 0.931411528607, 1.00000025214, 97.8451091497, 1.06732208077, 1.71613008085, 1.06238610373, 3.2900005708, 1.00000015665, 674.097808139, 26.2670966464, 11066.4825428, 0.536193029491
4.87060749964, 1.00086454678, 1.6637258904, 0.938816379694, 2.83000071768, 1.08236938929, 5.84568890932, 1.26000019414, 1.14000017316, 2.56845232324, 2.64429848116, 0.902934912219, 3.04000047682, 1.09701750293, 0.810199669478, 1.00000094537, 1.00000093776, 1.09383348292, 8.52468811969, 0.916260408543, 1.00000069815, 83.5732062603, 1.07389876749, 4.00461528334, 1.02796331293, 3.29000080209, 1.00000038043, 949.908008868, 42.6056102788, 7829.58392872, 0.268096514745
1.61951424619, 1.01677444635, 1.57664619988, 0.870310112813, 2.83000073498, 0.853953134231, 5.9134238544, 1.26000035359, 1.14000079544, 3.27082309168, 2.21020673908, 0.947152572786, 3.04000044223, 1.05081759238, 0.869544583777, 1.00000077614, 1.00000096399, 1.02858949565, 7.73853789782, 0.961586231399, 1.00000015477, 78.4162534555, 1.05012580338, 1.32087261386, 1.01554045819, 3.29000099429, 1.00000005136, 205.677393206, 13.2324255688, 4003.64013844, 5.36193029491
3.89329414524, 1.01860776047, 1.44412257595, 0.814940364422, 2.8300000934, 1.14562580082, 3.3181139163, 1.26000054848, 1.14000047756, 2.50270469657, 2.18043098983, 0.965543114007, 3.04000006043, 1.05796727569, 0.966951812597, 1.00000064664, 1.00000079616, 1.00033705907, 8.00354393719, 0.911366981399, 1.00000053301, 91.0493259578, 1.07786149858, 2.56257020141, 1.04855672123, 3.29000085136, 1.00000066956, 211.356006405, 13.1964920866, 3517.15737089, 11.2600536193
1.81593330047, 1.09055907374, 1.51506094039, 0.872858417139, 2.83000053737, 0.900340958725, 1.30555564509, 1.26000054004, 1.14000075863, 1.41470491286, 3.06539446557, 1.07659201879, 3.04000023629, 1.10468707442, 0.78530682902, 1.0000007598, 1.0000000803, 1.03444324697, 7.73853789782, 0.945395429944, 1.00000071595, 90.3794427168, 0.981670815803, 3.33877087811, 1.03854434769, 3.29000085161, 1.00000047474, 1236.70427465, 45.0768141365, 10411.6468198, 0.0
3.89329414524, 1.01860776047, 1.44412257595, 0.814940364422, 2.8300000934, 1.14562580082, 3.3181139163, 1.26000054848, 1.14000047756, 2.50270469657, 2.18043098983, 0.965543114007, 3.04000006043, 1.05796727569, 0.966951812597, 1.00000064664, 1.00000079616, 1.00033705907, 8.80865229695, 0.911366981399, 1.00000053301, 91.0493259578, 1.07786149858, 2.56257020141, 1.04855672123, 3.29000085136, 1.00000066956, 559.56214463, 33.4506890774, 2876.90296582, 0.536193029491
3.58240671535, 1.0205020489, 1.61637293541, 0.806480365575, 2.83000035496, 0.993717461163, 3.98687244767, 1.26000023155, 1.14000034272, 1.34859313899, 1.90588401213, 0.985342445212, 3.04000072459, 1.05081759238, 0.885176960425, 1.00000055577, 1.00000000092, 1.0416064845, 4.5902350496, 0.916831716288, 1.00000015477, 79.5049544989, 1.05012580338, 1.6227254881, 1.03592780967, 3.29000089172, 1.00000042736, 1965.89496438, 37.8739576895, 26932.3969346, 0.0
4.1907274916, 1.07453406199, 1.49699413226, 0.988864581882, 2.83000057952, 0.906031612525, 4.95653012306, 1.26000004558, 1.14000098324, 1.31751401342, 2.67386373018, 0.89071289119, 3.04000051231, 1.02891159402, 0.939303793987, 1.00000017752, 1.00000021324, 1.10084499704, 8.77751274842, 0.973603590257, 1.0000007812, 86.3650188851, 1.05207482303, 3.83708440189, 1.06498107024, 3.29000065921, 1.00000058651, 5294.48677588, 40.2784155661, 13934.2721826, 0.0
2.18589611599, 1.0139204009, 1.57790186574, 0.81695534443, 2.83000000211, 0.927136117902, 1.52691964865, 1.26000046185, 1.14000051036, 2.66983145335, 2.80595081758, 1.06771168627, 3.04000030848, 1.11058740673, 1.03389775536, 1.00000017202, 1.00000065874, 1.08907333331, 8.75101181613, 0.967997638112, 1.00000051363, 91.9231600214, 0.967119757026, 4.9378386956, 0.991417275554, 3.2900000262, 1.00000093653, 2508.61230988, 52.5307914351, 9169.17798674, 0.0
1.61951424619, 1.06375939692, 1.51008852687, 0.983351584653, 2.83000073498, 0.853953134231, 5.9134238544, 1.26000035359, 1.14000079544, 3.27082309168, 2.21020673908, 0.947152572786, 3.04000044223, 1.01369744153, 0.869544583777, 1.00000077614, 1.00000096399, 1.02515377525, 5.52699913542, 0.961586231399, 1.0000003961, 78.4162534555, 0.992665721525, 2.87174843523, 1.01554045819, 3.29000099429, 1.00000005136, 953.591163582, 42.0160523962, 17663.2860882, 0.268096514745
1.29944819848, 1.03827062365, 1.56463726203, 0.943875445204, 2.8300001815, 0.93156568202, 1.84954305605, 1.26000023455, 1.14000091411, 2.3449898002, 2.58634978839, 1.00083316711, 3.0400002392, 1.05150248653, 0.930177307263, 1.00000027848, 1.00000082476, 1.01262616078, 3.01093610392, 0.961870406984, 1.0000005677, 90.519731892, 1.01894015848, 5.54750201111, 0.977631907289, 3.29000063167, 1.00000049559, 342.041542053, 18.3419631686, 1052.30258477, 1.60857908847
4.67545444967, 1.1191615226, 1.4595060462, 0.937700057881, 2.83000029137, 0.889744184651, 4.26985504694, 1.26000021346, 1.14000016024, 1.65396161983, 2.70461204941, 1.06064288275, 3.04000060398, 1.01070204882, 1.05683111451, 1.0000004114, 1.00000049914, 1.00067936719, 4.35855476409, 0.94389250599, 1.00000096792, 77.6957824296, 1.0650131288, 2.25017196564, 1.03244876897, 3.29000084754, 1.00000053795, 2927.64563065, 57.5784237957, 9626.66266499, 0.0
2.86878368819, 1.07118741615, 1.62682938982, 0.896103757946, 2.83000035186, 0.964484613974, 4.35455259654, 1.26000015542, 1.14000095188, 2.0421633192, 2.18522326219, 0.980772924036, 3.04000027036, 1.00539719012, 0.957466396805, 1.0000001887, 1.00000077462, 1.02198182759, 6.22779021014, 0.964595430239, 1.00000032465, 75.8663951937, 1.01051415906, 1.76733869411, 1.03779117491, 3.29000064728, 1.00000081281, 577.949455414, 26.0705015633, 1127.23726295, 0.804289544236
4.09245964449, 1.02044733149, 1.35971158569, 0.845751855092, 2.83000000874, 0.951482062281, 4.14499290895, 1.26000028152, 1.14000047439, 3.244349436, 2.67664317871, 0.906001288532, 3.04000071542, 1.08169038352, 1.08487004736, 1.0000009793, 1.00000034005, 1.09456827142, 8.43383141187, 0.926752158858, 1.00000068499, 105.14313345, 1.01539629829, 2.67454073256, 1.06623892634, 3.29000063635, 1.00000082038, 1486.93871234, 45.4405066095, 6792.1078839, 0.268096514745
4.62090482026, 1.11497634373, 1.48171273067, 0.920470821157, 2.83000011304, 1.16727074079, 5.86577813769, 1.26000075552, 1.1400005747, 2.42934030831, 1.68877502964, 0.896832265434, 3.04000061717, 1.09220627328, 0.856304104039, 1.00000083191, 1.00000006841, 1.02829581676, 3.23044330031, 0.911218773383, 1.00000076191, 75.7869965785, 1.08954385567, 5.22983629364, 1.06058716668, 3.29000017696, 1.00000079605, 2591.62125188, 40.8079552107, 31290.8204131, 0.0
4.9315955638, 1.05475963939, 1.61971561826, 0.953134659748, 2.83000070219, 0.91969794884, 4.96109929934, 1.26000073352, 1.14000025499, 2.05644842981, 2.68433302495, 1.09915559192, 3.04000023669, 1.04966965153, 0.851063969295, 1.00000081713, 1.00000058769, 1.05534267992, 3.09395583454, 0.911374931279, 1.00000025048, 91.5446518972, 1.06735076065, 2.86246088332, 1.06959845478, 3.29000034109, 1.00000000121, 1827.6743559, 48.2740302832, 18409.5323102, 0.0
2.49160336946, 1.02044733149, 1.34972119131, 0.910503904837, 2.8300002746, 1.04299104248, 3.89722200042, 1.26000073352, 1.14000045794, 2.67575734386, 2.40817983101, 0.906001288532, 3.0400001774, 1.02339298995, 0.851063969295, 1.00000025291, 1.00000006067, 1.10905153204, 3.09395583454, 0.980370008665, 1.00000062703, 77.1430721837, 0.93756363527, 4.73162064047, 1.03496581917, 3.29000081812, 1.00000037147, 4190.79122023, 48.2499685428, 16677.973005, 0.0
