-0.842281405482, 2.0, 2.54712972012, 0.250883813909, -0.597861721109, 3.0, 0.0, -1.0, 2.0, 0.0, 0.0, -0.0918083668836, -1.0, 1.0, 3.0, 1.73702107445, 2.75271524228, -0.841456170789, 0.886049439381, 3.0, 2.0, 3.0, -0.141115084421, 1.0, 3.0, -1.0, 2.43604227265, 1.0, -1.0, 1.0, 1.22960247776, 3.0, 0.0, 2.0, 1.0, 3.0, -1.0, 1.0, 2.0, 1.0, -1.0, -0.739590857062, 2.11288766502, 0.730464338752, 1.0, 2.85974722424, -0.0185594707474, 2.0, 2.0, 0.0, 93061.0, 575.0, 99479.0
-1.0, 0.0, 0.0, 1.0, 2.0, 1.0, -1.0, 2.0, -0.278229714246, -0.943458168954, -0.96057266241, 2.0, 2.0, 1.84632007542, 2.96173687858, -0.591903036237, -1.0, -1.0, 3.0, 2.0, -1.0, 2.0, -0.772695304557, 0.0, -1.0, 2.0, 2.0, 0.0, 2.0, 1.0, 2.76515166328, 0.0, -1.0, 0.314741368669, 1.0, 0.0, -1.0, -1.0, -1.0, 1.0, 2.60797517762, 2.0, 2.0, 0.0, 2.0, 0.0, 0.0, 1.0, 0.0, 0.0, 93491.0, 500.0, 99555.0
0.0, 0.0, 1.46545123994, 2.0, 1.0, -0.466111828918, 1.0, 3.0, 3.0, 0.0, -0.196333180328, 1.0, -1.0, 1.0, 0.895324729885, 0.0, 0.0, 2.0, 2.0, 1.0, 0.0, 1.0, -0.141115084421, 2.4541881322, 1.0, 1.0, 0.187062178304, -1.0, 1.0, 2.0, 2.0, 2.0, 3.0, 0.640918504533, -1.0, 3.0, -1.0, 3.0, 0.0, 3.0, 3.0, -0.0444292741694, 1.0, 1.0, 2.076975674, -0.637661065915, 3.0, 2.0, -1.0, 2.0, 92242.0, 635.0, 99439.0
2.82851571888, 2.0, 0.179179862798, -1.0, -0.627592213643, 0.34795695883, 0.0, -1.0, 2.0, 0.0, -0.832742882113, -0.0918083668836, -1.0, 1.0, 3.0, 1.73702107445, 2.0, 2.17523350585, 2.42893737605, 2.0, 2.0, 1.49553378815, -0.141115084421, 1.0, 3.0, -1.0, 0.263529541044, 0.0, -1.0, 0.214476078174, 1.0, 3.0, -1.0, -0.478316430364, 1.0, 3.0, -1.0, 1.0, 2.14676065928, 1.0, -1.0, 1.40251594648, 1.0, 3.0, 0.0, 0.418076684409, 0.0, 2.0, -1.0, 0.0, 92816.0, 560.0, 99503.0
2.0, 0.0, 3.0, -1.0, 0.0, 0.427835506454, -1.0, -0.452846633755, 2.0, 1.0, -1.0, 0.0, 3.0, 3.0, 2.0, 1.0, 0.0, 0.0, 0.0, 3.0, -1.0, -1.0, -1.0, 3.0, -1.0, 0.971271798799, 1.74288750387, 2.0, -1.0, 0.0, 1.0, 0.0, 1.0, 1.0, 2.0, 0.0, -1.0, 2.0, -1.0, 0.0, -0.644320130523, -1.0, 1.66591812593, 2.0, 0.0, 2.0, 1.0, 3.0, -1.0, 0.0, 93481.0, 513.0, 99547.0
2.0, 2.31368653214, 2.0, 2.0, 2.04702925162, 1.84565762892, 0.0, -1.0, 2.0, 0.353763409127, 0.0, 0.0, -1.0, 1.0, 3.0, 1.0, 2.5985651804, 2.0, 3.0, 2.0, 0.300554056598, 3.0, 0.0, 1.0, 3.0, -1.0, 2.40274541951, -0.396035957647, -1.0, 1.0, 1.0, 3.0, -0.492194055963, 2.0, -0.859241012339, 3.0, -1.0, 0.646227353781, -0.694683569742, 1.0, -1.0, -0.00267108097198, 1.95711038408, 3.0, 1.0, 1.26033603215, 2.15194048597, 2.0, 0.530051946583, 0.0, 92866.0, 606.0, 99464.0
0.307251104351, 2.90495996192, 2.0, 1.0, 1.78436076986, 1.0, 0.289481558795, 1.0, 2.0, 0.0, -0.462093212711, 2.0, 1.71424367196, 3.0, 2.0, 1.84019945925, 0.0, -0.648396110032, -0.340786308126, 0.0, 3.0, 3.0, -1.0, 2.53913537253, 0.0, -1.0, -0.220823299807, -1.0, -1.0, 0.0, -1.0, 0.492304802954, 1.0, -1.0, -0.203895671438, 1.0, 2.0, 0.0, -1.0, 0.0, 2.0, 0.569090790474, 0.0, 0.0, 0.339201083945, 2.0, 2.0, 0.0, -1.0, 3.0, 92376.0, 594.0, 99480.0
-1.0, 0.0, 0.0, 1.0, 2.0, 2.48913218777, -1.0, 0.52555903375, 1.0, -1.0, -1.0, 2.0, 2.0, 3.0, 2.0, 3.0, -1.0, -1.0, -1.0, 2.0, -1.0, 0.989129990147, -1.0, 0.0, -1.0, 1.79257306643, 2.0, 0.0, 2.0, 1.0, -1.0, 0.0, -1.0, 1.0, 1.0, 0.0, -1.0, -1.0, -1.0, 1.0, 1.0, 0.363022864687, 2.0, 0.0, 2.0, 0.0, 2.0, 1.0, 0.0, 0.0, 93582.0, 488.0, 99564.0
-1.0, 0.0, -0.358845265381, 1.0, 2.0, 2.48913218777, -1.0, 0.52555903375, 1.0, -1.0, -1.0, 2.0, 2.0, 3.0, 2.0, 3.0, -1.0, -1.0, -1.0, 2.0, -1.0, 0.989129990147, -1.0, 0.0, -1.0, 1.79257306643, 2.0, 0.0, 2.0, 1.0, -1.0, 0.0, -1.0, 1.0, 1.0, 0.0, -1.0, -1.0, -1.0, 1.0, 1.28213886807, 0.363022864687, 2.0, 0.0, 2.0, 0.0, 2.0, 1.0, 0.0, 0.0, 93582.0, 488.0, 99564.0
-1.0, 0.263011274089, 0.0, 0.0, -0.680381377492, -0.356891497425, -1.0, -0.307828885253, 0.0, -1.0, -1.0, -1.0, 1.0, 3.0, 2.76429041533, -1.0, 0.0, 0.0, 1.0, 3.0, 1.0, 1.0, 0.0, -1.0, 0.0, 2.0, -0.473322662786, 0.110773216399, 1.60593851921, 0.0, 2.0, 2.37034539536, 1.54245224117, 0.0, -1.0, 2.0, -1.0, 2.65788060777, 0.0, 2.0, 0.0120810372911, 0.0, -1.0, 3.0, 1.0, 3.0, 1.0, 0.0, -1.0, 0.0, 92855.0, 544.0, 99544.0
-1.0, 0.0, 0.0, 1.0, 2.0, 2.48913218777, -1.0, 2.0, 1.0, -1.0, -1.0, 2.0, 2.0, 3.0, -0.649054920256, 3.0, -1.0, -1.0, 3.0, 2.0, -1.0, 0.989129990147, -1.0, 0.0, -1.0, 1.79257306643, 2.0, 0.0, 2.0, 1.0, 2.0, 0.0, -1.0, -1.0, 1.0, 0.0, -1.0, -1.0, -1.0, 1.0, -0.637860136437, 0.363022864687, 0.91954837705, 0.0, 2.0, -0.476987912302, 0.0, 1.0, 0.0, 1.67397588956, 93754.0, 475.0, 99569.0
-0.80316405341, 0.0, 0.0, 2.0, -0.0300071264466, 1.76288818002, 1.0, 3.0, 2.42214897606, -0.0638777179848, 2.0, 2.31095904182, -1.0, 1.0, 0.895324729885, -0.481268409658, 0.0, 2.0, 2.0, 1.51389638394, 0.0, 1.0, 0.0, 2.0, 1.0, 1.0, -0.288549625555, -1.0, 1.0, 2.0, 2.5042069237, 2.0, 3.0, 0.640918504533, 0.916319431816, 3.0, 1.0, 3.0, -0.315580475865, 3.0, 3.0, -0.0444292741694, 1.0, 1.0, 2.0, -0.942860143392, 3.0, 2.13955589562, 2.0, 2.0, 92264.0, 665.0, 99422.0
3.0, 0.790348156121, -1.0, -1.0, -0.580881250388, -0.277002876655, -1.0, 2.68538353747, -1.0, -1.0, -1.0, 0.309723898293, 0.0, -0.163526036063, -1.0, 1.0, 2.54604318729, -0.856985082492, 0.0, 1.86140532633, -1.0, 3.0, 2.0, 1.00546921569, 1.0, 2.2302055168, 0.0, -0.520014915282, 1.0, 3.0, 2.57097411974, -0.904588299752, -0.530068453498, -1.0, 1.0, -0.775060703399, -1.0, -1.0, 2.30810954059, 1.51919278533, -0.488463095966, 1.0, -1.0, -0.698362932611, 0.0, 3.0, 1.0, 2.0, 2.0, -1.0, 95074.0, 432.0, 99640.0
3.0, 0.641915254714, 2.0, 0.0, 1.0, 0.0, -0.972107046653, -1.0, 0.992139684657, -1.0, -0.12466995027, 3.0, -0.749357161405, 2.0, 1.0, 3.0, 0.0, 1.0, -1.0, 0.0, -1.0, 0.0, 0.586203807457, 0.0, 1.0, 3.0, 0.0, -1.0, 3.0, 2.0, -1.0, -0.362072858752, 0.0, 0.0, -0.436354588209, 0.0, 1.0, 3.0, -1.0, 1.0, 2.06927018309, 1.0, 1.0, 1.0, 1.0, 2.0, 2.0, 2.0, 1.0, 0.0, 92364.0, 589.0, 99493.0
0.223847754325, 1.0, -1.0, -1.0, -0.580881250388, -0.277002876655, -1.0, 2.68538353747, -1.0, -1.0, -1.0, -0.804618322474, 0.0, 1.0, -1.0, 1.0, 2.54604318729, -0.856985082492, 0.0, 0.0, -1.0, 3.0, 2.26122561297, 0.0, 1.0, 2.85621771128, 0.0, -1.0, 1.0, 3.0, 2.57097411974, -0.904588299752, -0.530068453498, 0.141522272251, 1.0, -0.775060703399, 0.611702049452, -1.0, 2.30810954059, 2.0, -0.75457039914, 1.0, -1.0, 0.936156119293, 0.0, 3.0, 1.0, 0.0, 2.0, -1.0, 94857.0, 449.0, 99640.0
-1.0, 0.0, 2.77676711249, -0.208823478568, 2.0, 1.0, -1.0, 2.0, 1.0, -0.943458168954, -0.96057266241, 2.0, 2.0, 1.92376707568, 2.0, -0.288676096492, -1.0, -1.0, 3.0, -0.244180735417, -1.0, 2.0, 0.0, -0.129807161522, -1.0, 2.0, 1.15875430694, 0.0, 2.53540401801, 2.32970894634, 2.0, 0.0, -1.0, 0.314741368669, 1.0, 0.0, -1.0, -1.0, -1.0, 0.795441948913, 1.0, 1.49851301767, 2.0, 0.0, 2.0, 0.0, 0.0, 1.0, 0.0, 1.95345176524, 93097.0, 532.0, 99531.0
-1.0, -1.0, 0.0, 0.0, -0.680381377492, -0.356891497425, -1.0, -0.815241289801, 0.0, -1.0, -1.0, -1.0, 1.0, 3.0, 1.0, -1.0, 0.0, 0.0, 1.0, 3.0, 1.0, 1.0, 0.0, -1.0, 0.0, 2.0, -1.0, 0.856928766778, 3.0, 0.0, 2.0, 1.68976748758, 0.0, 0.0, -1.0, 2.0, -1.0, 2.0, 0.0, 2.0, 1.0, 0.0, -1.0, 3.0, 1.0, 3.0, 1.0, 0.0, -1.0, 1.0, 93457.0, 500.0, 99580.0
-1.0, 0.0, 3.0, -0.134613571326, 0.0, -1.0, -1.0, -1.0, 2.0, 1.0, -1.0, 0.373518304308, 2.88316320315, 3.0, 1.20974967973, 1.0, 1.12061859376, -0.811659370396, 1.920039619, 3.0, -1.0, -1.0, -1.0, 3.0, -1.0, 3.0, 1.38789258513, 2.09197954017, -0.889137100691, 0.0, 1.0, 0.0, 1.0, 1.0, 2.92538304041, -0.0466276061091, -1.0, 1.04993072164, 0.269402034205, -0.885753670744, -0.390590539854, -1.0, 1.95078722128, 2.0, 0.0, 2.0, 0.400717027467, 3.0, -0.378011850711, 0.0, 93635.0, 496.0, 99555.0
3.0, -0.838261512171, 2.0, 0.0, 1.0, 0.0, -0.972107046653, -1.0, 1.0, -1.0, -0.12466995027, 3.0, -0.749357161405, 2.0, 2.4088210375, 3.0, 0.0, 1.0, -1.0, 0.0, -1.0, 0.0, 2.0, 0.0, 1.0, 3.0, 0.0, -1.0, 3.0, 2.0, -1.0, -0.362072858752, 0.0, 0.0, 0.0, 0.0, 1.0, 3.0, -1.0, 1.0, 2.06927018309, 0.641276985587, 1.0, 1.0, 1.0, 2.0, 2.0, 1.0, 1.0, 0.0, 92508.0, 573.0, 99502.0
2.0, 3.0, 3.0, 1.06282968182, -1.0, 1.0, -1.0, 1.0, 3.0, 0.387681867583, 1.51422207123, 0.0, 0.0, 0.0, 0.0, 3.0, 2.0, -1.0, 0.0, -1.0, 2.0, 3.0, 2.0, 2.0, -0.432195815876, -1.0, -0.257213900739, 0.914526909953, -1.0, 2.0, 0.129553941156, 0.0, 0.651539687466, 1.33896824764, 0.0, 0.0, -1.0, 1.0, 1.0, 0.564403003956, 1.0, 0.701335018614, 1.57631000124, 2.0, 2.0, 1.0, 0.0, 2.56244068955, -1.0, 0.0, 92314.0, 609.0, 99457.0
2.0, 0.895385681984, 2.0, 2.0, -1.0, 1.0, 0.250479958573, 1.3986057573, 3.0, -0.639537031512, 1.0, 0.0, 0.0, 0.0, -0.00817289492246, 1.3829400675, 2.0, -1.0, 0.0, -1.0, 2.87038967502, 3.0, 2.0, 1.0, 2.0, -1.0, 0.0, 0.0, -1.0, -0.37359968509, 2.0, 0.0, 1.5950727911, 1.79010397899, -0.531019465006, 0.0, -1.0, -0.0779878940535, 1.0, 3.0, 1.0, 0.0, 0.566605511792, 0.955511773785, -1.0, 1.82556270912, -0.0824298930857, 1.0, -1.0, 0.0, 92465.0, 586.0, 99487.0
-1.0, 0.0, 2.77676711249, 1.0, 2.0, 1.0, -1.0, 2.0, 1.0, -0.0836516800597, -0.96057266241, 2.0, 2.0, 3.0, 2.0, -0.288676096492, -1.0, -0.856985082492, 3.0, 2.0, -1.0, 2.0, -0.208987553659, 0.0, -1.0, 2.0, 2.0, 0.0, 2.0, 1.0, 2.0, 0.0, -1.0, 0.314741368669, 1.0, -0.287199613362, -1.0, -1.0, -1.0, 0.795441948913, 1.0, 2.0, 2.0, 0.0, 2.0, 0.0, 0.0, 1.05707431193, 0.167278920917, 0.0, 92955.0, 547.0, 99517.0
-1.0, -1.0, 0.0, 0.0, -0.680381377492, -0.356891497425, -1.0, 1.05308512407, -0.393801330035, -1.0, -1.0, -1.0, 1.0, 3.0, 1.0, -1.0, 0.0, 0.0, 1.0, 3.0, 1.0, 1.0, 0.0, -1.0, 0.0, 1.99004046076, -1.0, 1.0, 3.0, 0.0, 2.0, 1.68976748758, 0.0, 0.0, 1.13093231331, 2.0, -1.0, 2.0, 0.984951693428, 2.4625343188, 1.0, 0.0, -1.0, 3.0, -0.38584748626, 3.0, 1.0, 0.0, -1.0, 1.0, 93074.0, 534.0, 99554.0
2.0, 0.979324305047, 3.0, 2.19826666109, -1.0, 1.0, 0.250479958573, 1.0, 3.0, -0.639537031512, -0.782136142763, -0.307812941608, 0.0, 0.0, 0.0, 3.0, 2.0, -1.0, 0.0, -1.0, 2.0, 3.0, 2.0, 1.0, 2.0, -1.0, 0.0, 0.0, -1.0, -0.37359968509, 2.0, 0.0, 1.0, 1.0, 0.0, 0.0, -1.0, -0.393462917774, 1.0, 3.0, 1.0, -0.216076052188, 0.566605511792, 2.0, -1.0, 1.0, 0.0, 1.0, 0.529184218395, 0.0, 92296.0, 600.0, 99478.0
2.0, 0.979324305047, 3.0, 2.19826666109, -1.0, 1.0, 0.250479958573, 1.0, 3.0, -0.639537031512, -0.782136142763, -0.307812941608, 0.0, 0.0, 0.0, 3.0, 2.0, -1.0, 0.0, -1.0, 2.0, 3.0, 2.0, 1.0, 2.0, -1.0, 0.0, 0.0, -1.0, -0.011423975006, 2.0, 0.0, 1.0, 1.0, 0.0, 0.0, -1.0, -0.393462917774, 1.0, 3.0, 1.0, -0.216076052188, 0.566605511792, 2.0, -1.0, 1.0, 0.0, 1.0, 0.529184218395, 0.0, 92296.0, 600.0, 99478.0
2.0, 0.979324305047, 3.0, 2.19826666109, -1.0, 1.0, 0.250479958573, 1.0, 3.0, -0.639537031512, -0.782136142763, -0.307812941608, 0.0, 0.0, 0.0, 3.0, 2.0, -1.0, 0.0, -1.0, 2.0, 3.0, 2.0, 1.0, 2.0, -1.0, 0.0, 0.0, -1.0, -0.37359968509, 2.0, 0.0, 1.0, 1.0, 0.0, 0.0, -1.0, -0.393462917774, 1.0, 3.0, 1.0, -0.216076052188, 0.566605511792, 2.0, -1.0, 1.0, 0.0, 1.0, 0.529184218395, 0.0, 92296.0, 600.0, 99478.0
2.0, 2.04307561774, 2.0, 1.0, -0.551617064739, -0.019595355962, -1.0, 1.0, 2.55425558285, 0.0, 1.0, 1.72323399176, 1.0, 3.0, 2.5038548784, 1.84019945925, 0.0, -1.0, -1.0, 0.0, 3.0, 3.0, -1.0, 2.0, 1.86921112821, -1.0, 2.0, -1.0, -1.0, 0.0, -1.0, 1.0, 1.0, -1.0, 0.0, 1.0, 2.0, -0.805611728043, -1.0, 0.0, 2.0, 0.207748514344, 0.0, 0.0, 3.0, 2.0, 2.0, 0.0, -1.0, 3.0, 93411.0, 535.0, 99519.0
2.0, 2.04307561774, 2.0, 1.0, -0.551617064739, -0.019595355962, -1.0, 1.0, 2.79236830158, 0.0, 1.0, 1.72323399176, 1.0, 3.0, 2.5038548784, 2.27455835564, 0.0, -1.0, -1.0, 0.0, 3.0, 3.0, -1.0, 2.0, 1.86921112821, -1.0, 2.03259225071, -1.0, -1.0, 0.0, -1.0, 1.0, 1.0, -1.0, 0.0, 1.0, 2.0, -0.726174655628, -1.0, 0.0, 2.0, 0.207748514344, 0.0, 0.0, 3.0, 2.0, 2.0, 0.0, -1.0, 3.0, 93411.0, 535.0, 99519.0
1.95252996863, 2.04307561774, 2.0, 1.0, -0.551617064739, -0.019595355962, -1.0, 1.0, 2.55425558285, 0.0, 1.0, 1.72323399176, 1.0, 3.0, 2.5038548784, 1.84019945925, 0.0, -1.0, -1.0, 0.0, 3.0, 3.0, -1.0, 2.0, 1.86921112821, -1.0, 2.0, -1.0, -1.0, -0.450550221901, -1.0, 1.0, 1.0, -1.0, 0.0, 1.0, 2.0, -0.805611728043, -1.0, 0.0, 2.0, 0.207748514344, 0.0, 0.0, 3.0, 2.0, 2.0, 0.0, -1.0, 3.0, 93411.0, 535.0, 99519.0
-1.0, 0.0, 0.0, 1.0, 2.0, 2.48913218777, -1.0, 1.24776128953, 1.0, -1.0, -1.0, 2.0, 2.0, 3.0, 0.919938607639, 3.0, -1.0, -1.0, -1.0, 2.0, -0.566722312517, 0.989129990147, -1.0, 0.0, -1.0, 1.79257306643, 2.0, 0.0, 2.0, 1.0, -1.0, 2.05690644291, 0.767788742669, 1.0, 1.0, 0.0, -1.0, -1.0, -1.0, 1.0, 1.0, 0.363022864687, 2.0, 0.0, 2.0, 0.0, 2.0, 1.0, 0.0, 2.45566948417, 93547.0, 501.0, 99550.0
2.82851571888, 2.0, 2.0, -1.0, -0.627592213643, 3.0, 0.0, -1.0, 2.0, -0.523597017696, -0.832742882113, -0.0918083668836, -1.0, 1.0, 3.0, 1.73702107445, 2.0, 2.94959741445, 2.42893737605, 2.0, 2.0, 1.49553378815, -0.141115084421, 1.0, 3.0, -1.0, 0.263529541044, 0.0, -1.0, 0.214476078174, -0.63305262416, 3.0, -1.0, -0.478316430364, 1.0, 3.0, -1.0, 1.0, 2.0, 1.0, 1.32437701654, 1.40251594648, 1.0, 3.0, 0.0, 0.418076684409, 0.0, 2.0, -1.0, 0.0, 93469.0, 546.0, 99518.0
2.0, 0.979324305047, 3.0, 2.0, -1.0, 1.0, 0.250479958573, 1.0, 3.0, -0.639537031512, 1.0, 0.0, 0.0, 0.0, 0.0, 3.0, 2.0, -1.0, 0.0, -1.0, 3.0, 3.0, 2.0, 1.0, 2.0, -1.0, 0.0, 0.0, -1.0, -0.37359968509, 2.0, 0.0, 1.0, 1.0, 0.0, 0.0, -1.0, 1.0, 1.0, 3.0, 0.8028962609, 0.0, 0.926698405459, 2.0, 3.0, 1.0, 0.0, 1.0, 1.27622898882, 0.0, 92056.0, 627.0, 99450.0
3.0, -0.670609683223, -1.0, -1.0, -0.55525356563, -1.0, -1.0, 2.68538353747, -1.0, -1.0, -1.0, 2.0, 0.0, 0.856203454956, -1.0, -0.731336557127, 0.0, 2.0, 0.0, 1.0, -1.0, 3.0, 2.94204169601, 1.0, 1.0, 3.0, 0.0, -1.0, 1.0, 3.0, 3.0, 0.0, 0.0, -1.0, 1.0, 0.821279518127, -1.0, -1.0, 2.30810954059, 2.0, -0.488463095966, 1.0, -1.0, 2.0, 0.0, 3.0, 1.0, 2.0, 2.80809616203, -1.0, 94889.0, 454.0, 99615.0
2.0, 0.979324305047, 3.0, 2.19826666109, -1.0, 1.0, 0.250479958573, 1.0, 3.0, -0.639537031512, -0.782136142763, -0.307812941608, -0.875324752751, -0.469033111442, 0.0, 3.0, 2.44490668769, -1.0, 0.0, -1.0, 2.0, 3.0, 2.0, 2.66132344553, 2.0, -1.0, 0.0, 1.51694385601, -1.0, -0.011423975006, 2.0, 0.0, 1.0, 0.52352152671, 0.0, 0.0, -1.0, -0.393462917774, 0.596904087044, 3.0, 2.4075295091, -0.216076052188, 0.566605511792, 2.0, -1.0, 1.0, 0.0, 1.0, 0.529184218395, 0.0, 92591.0, 586.0, 99482.0
-1.0, -0.742320651194, 0.0, 1.0, 2.0, 2.96883428857, -1.0, 0.066357126623, 1.0, -1.0, -1.0, 2.0, 2.0, 0.0, 2.0, 3.0, -1.0, -0.474306161683, 3.0, 2.0, -1.0, 0.989129990147, -1.0, 0.0, -1.0, 1.79257306643, 2.0, -0.294032310214, 2.0165930197, 1.0, 2.0, -0.0125050249001, -1.0, 1.0, 1.0, 0.0, -1.0, 1.94583032107, -1.0, 1.0, 1.0, 0.363022864687, 2.0, 0.0, 2.0, 0.0, 0.0, 1.0, 0.0, 0.0, 93089.0, 530.0, 99538.0
1.6250083073, 2.44168020398, 3.0, 2.19826666109, -1.0, 1.0, -0.845685297957, 1.0, 2.68041993815, -0.639537031512, -0.782136142763, -0.307812941608, 0.0, 0.0, 0.0, 3.0, 2.0, -1.0, 0.0, -1.0, 2.0, 3.0, 2.0, -0.618576737519, 2.0, -1.0, 0.0, 2.33448399121, -1.0, -0.37359968509, 2.0, 0.0, 0.0179626578793, 1.0, 0.0, 0.0, -1.0, -0.873184872293, 1.0, 3.0, 1.0, -0.216076052188, 0.566605511792, 2.0, -1.0, 1.0, 0.0, 2.0, 0.529184218395, 0.0, 93018.0, 548.0, 99513.0
2.37666834599, 3.0, 3.0, 2.0, -1.0, 1.0, 1.93976903717, 1.0, 3.0, -0.639537031512, 1.0, 0.0, -1.0, 1.0, 0.0, 3.0, 0.148704982081, -1.0, 0.684853847684, -1.0, 2.0, 3.0, 0.617451990681, 2.88452833848, 2.0, -1.0, 0.0, 0.0, -0.935283656602, -0.37359968509, 2.0, 0.0, 1.0, 1.0, 0.0, 0.0, -1.0, 1.0, 1.0, 1.1821917637, 1.12034887306, 0.0, 2.31134078677, 2.0, -1.0, 1.0, 1.05705024602, 1.0, -0.12586103685, 0.0, 92413.0, 603.0, 99468.0
0.0, 0.0, 3.0, 2.0, 0.447494583725, 0.0, 1.0, 3.0, 3.0, -0.0116899197568, 1.11515332442, 1.0, -1.0, 1.0, 3.0, 0.0, -0.168469270374, 0.35178234194, 2.0, 0.0, 0.0, 1.0, -0.330208999028, 2.0, 1.0, 1.0, 1.80210943578, -1.0, 1.0, 2.0, 2.0, -0.411826277247, 1.35221949844, 0.0, -0.185604988108, 3.0, -0.693376664765, 1.46408629887, 0.0, 3.0, 3.0, 0.0, 1.0, 1.0, 2.0, -1.0, 3.0, -0.267504657688, 2.0, 2.0, 91649.0, 666.0, 99416.0
0.307251104351, 2.90653816881, 2.26711178869, 1.0, -0.330487716934, 1.0, 0.289481558795, 1.0, 2.0, 0.0, 1.0, 2.0, -1.0, 3.0, 2.0, 1.84019945925, 0.710371065581, -1.0, -0.986754930929, 0.0, 3.0, 3.0, -0.338086103594, 0.400018875826, -0.765556660562, -1.0, -0.220823299807, -1.0, -1.0, 0.0, -1.0, 0.492304802954, 1.0, -0.478316430364, -0.68975746048, 1.0, 1.0, 0.0, -1.0, 0.0, 2.0, 0.569090790474, -0.443351499486, 0.0, 3.0, 2.0, 1.80098611015, 0.0, 2.6119919928, 3.0, 92591.0, 576.0, 99487.0
-1.0, -0.405536517647, 1.0, 0.0, 0.0, 1.0, -0.00954755081435, -1.0, -0.388228453282, -1.0, 2.0, 0.0, 3.0, 3.0, 2.0, 2.01810711922, 1.0, -0.289414060412, -0.42186501777, 3.0, 1.0, -1.0, -0.0804282532194, 0.0, 3.0, -0.502910147851, 0.0, 3.0, 0.0, 2.0, 2.9564512705, 1.05165253358, 0.0, 1.0, 0.0, 1.0, 3.0, -0.416298193503, 1.0, 2.07843194084, 2.0, 1.0, 0.11392149544, 0.0, 1.0, 2.0, -0.925142995686, 1.02727629564, 1.0, 1.09344161064, 91767.0, 642.0, 99463.0
0.307251104351, 2.7398878074, 2.26711178869, 0.250883813909, -0.333138952162, 1.0, 0.289481558795, 1.0, 2.0, 0.0, 1.0, 2.0, 1.37626960157, 3.0, 0.448384088912, 1.84019945925, 0.705777119208, -1.0, -0.986754930929, 0.0, 1.83013856904, 1.50538498545, -0.338086103594, 0.400018875826, 0.0937996913166, -1.0, -0.220823299807, -0.455996459971, -1.0, 0.0, -1.0, -0.519761403052, 0.260460536134, -0.478316430364, -0.203895671438, 1.0, 1.0, 0.0, -1.0, 0.0, 2.0, 1.65303626969, -0.738899638458, 0.0695066178116, 3.0, 0.418076684409, 1.80098611015, 0.0, -1.0, 0.148989829783, 92037.0, 611.0, 99488.0
2.0, 2.0, 2.68971845238, 0.250883813909, -0.597861721109, 3.0, 0.0, -0.0353351570227, 2.0, 0.0, 0.0, -0.0918083668836, -1.0, 1.0, 1.28431863398, 1.73702107445, 2.75271524228, 0.660194837183, 0.886049439381, 3.0, 2.671991164, 2.64831861031, -0.141115084421, 1.0, -0.70992729054, -1.0, 2.43604227265, 0.892754587007, -1.0, 1.0, 1.0, 0.6605058712, 1.8547103777, 1.51985345019, 1.0, 0.632403841762, -1.0, 1.0, 2.0, 1.0, -1.0, -0.739590857062, 1.0, 0.0745340875858, 1.0, 2.85974722424, -0.51335647728, 2.59723316896, 2.20281161388, 0.0, 92729.0, 600.0, 99470.0
2.0, 0.979324305047, 3.0, 2.19826666109, -1.0, 1.0, 0.250479958573, 1.0, 3.0, -0.639537031512, -0.782136142763, -0.307812941608, 0.0, 0.0, 0.0, 3.0, 2.0, -1.0, 0.0, -1.0, 2.0, 3.0, 2.0, 1.0, 2.0, -1.0, 0.0, 0.0, -1.0, -0.37359968509, 2.0, -0.0635005679573, 1.0, 1.0, -0.281928937668, 0.0, -1.0, -0.393462917774, 2.26270678009, -0.22440157828, 1.0, -0.216076052188, -0.927679747825, 1.0, -1.0, 0.0591886918709, 0.0, 1.0, 0.128524889234, 0.0, 92334.0, 590.0, 99493.0
0.307251104351, 2.90495996192, 2.0, 1.0, -0.551617064739, 1.0, 0.289481558795, 1.14880722324, 1.75292679407, 0.0, 1.0, 2.0, -0.974026199265, 3.0, -0.594742085257, 1.84019945925, 0.0, 0.318283341473, -0.794724652029, 0.0, 3.0, 3.0, -1.0, 2.96241115167, -0.489287543735, -0.655260139533, -0.220823299807, -1.0, -1.0, 0.0, -1.0, 0.492304802954, 1.0, 0.640918504533, -0.203895671438, 0.653732921371, 2.1821687965, -0.508650091186, -1.0, 0.0, 1.40828624612, 0.569090790474, 0.037630858999, 0.0, 3.0, 2.0, 2.68810337803, -0.982178294084, -1.0, 3.0, 93253.0, 546.0, 99521.0
0.307251104351, 2.90495996192, 2.0, 1.0, -0.551617064739, 1.0, 0.289481558795, 0.965399802951, 1.75292679407, -0.0784542481495, 1.0, 2.0, -0.974026199265, 3.0, -0.594742085257, 1.84019945925, 0.0, 0.318283341473, -0.794724652029, 0.0, 3.0, 3.0, -1.0, 2.96241115167, -0.489287543735, -0.655260139533, -0.220823299807, -1.0, -1.0, 0.0, -1.0, 0.492304802954, 1.0, 0.640918504533, -0.203895671438, 0.653732921371, 2.1821687965, -0.508650091186, -1.0, 0.0, 1.40828624612, 0.569090790474, 0.037630858999, 0.0, 3.0, 2.0, 2.68810337803, -0.982178294084, -1.0, 3.0, 93253.0, 546.0, 99521.0
2.0, 2.0, 2.0, 1.0, 0.0, 1.0, -1.0, -0.949403983322, 2.0, 0.0, 1.0, 2.0, 1.0, 0.433354641666, 2.0, 0.0, 0.0, -1.0, -1.0, 0.0, 3.0, 3.0, -1.0, 2.0, 1.85115335034, -1.0, 2.0, -1.0, -1.0, 0.0, -1.0, 1.0, 1.0, -1.0, 1.0, 1.0, 2.0, -0.92490493111, -1.0, 0.0, 2.0, 0.917418109693, 0.0, 0.0, 1.66657357986, 2.0, 2.0, 0.0, -1.0, 3.0, 93160.0, 534.0, 99522.0
-1.0, -0.405536517647, -0.388814309102, 2.8699970757, 0.699158571116, 2.0, 2.0, 2.0, 1.65297966296, -1.0, -1.0, 1.31072312487, 2.0, 2.03906626113, 0.79963159869, 1.73702107445, -1.0, -1.0, 3.0, 3.0, 1.00578422663, 2.0, 0.0, 0.0, -1.0, 2.0, 2.0, 0.0, 2.0, 1.0, 2.0, 0.0, -0.284928896218, 2.96976605249, -1.0, 2.41702112355, -1.0, -1.0, -1.0, 1.0, -0.797588486881, 2.69620743989, 2.08910078398, 0.0, 1.0, 0.0, 0.0, 2.79229928131, 0.0, -0.16270079158, 93407.0, 547.0, 99514.0
-1.0, -0.861498604839, -0.377289319918, 1.0, 2.0, 1.0, -1.0, 2.0, -0.278229714246, 0.338181250892, -0.96057266241, 2.0, 2.0, 1.64127711181, 2.0, -0.591903036237, -1.0, -1.0, 3.0, 2.2736148662, -1.0, 2.0, 0.0, 0.0, -1.0, 2.0, 2.0, 0.0, 2.0, 1.0, 2.76515166328, 0.0, -1.0, 0.314741368669, 0.270071317089, 1.68444390686, -1.0, -1.0, -1.0, 1.0, 1.0, 2.0, 2.0, 0.0, 2.0, 0.0, 0.0, 1.0, 0.0, -0.181681678427, 93165.0, 517.0, 99537.0
0.0, 3.0, -0.266136191013, -1.0, 2.0, 0.0, 0.272285466462, 0.0, -0.429551500842, 0.188846421922, -1.0, 2.0, -1.0, 0.0, 2.0, 1.0, 0.341417359975, 2.0, 1.0, 0.0, 1.0, -1.0, 3.0, 2.0, 1.0, -0.848605083634, 2.81722915934, 3.0, 3.0, 1.72987081712, -1.0, -1.0, 0.0, 0.0, 2.0, 0.0, 0.0, -0.996200638635, 1.0, 0.365799909166, 0.0, 0.582280312051, 0.109872703113, -1.0, 1.0, 0.12628626861, 3.0, 3.0, -0.95899416908, 0.0, 92510.0, 583.0, 99500.0
2.0, 2.0, 2.0, 2.0, 1.0, 3.0, 0.0, -1.0, 2.0, 0.0, 0.0, 0.0, -1.0, 1.0, 3.0, 1.0, 2.0, 2.0, 3.0, 2.0, 1.61873713385, 3.0, 0.0, 1.0, 3.0, -1.0, 0.0, 0.0, -1.0, -0.403187048688, 1.0, 3.0, -1.0, 2.0, 1.0, 3.0, -1.0, 1.0, 1.26607541742, 1.0, -1.0, 0.0, 1.0, 3.0, 1.0, 1.0, 0.0, 2.0, 2.0, -0.0880896706094, 92479.0, 626.0, 99448.0
0.307251104351, 2.90653816881, 2.26711178869, -0.496178954843, -0.21495034052, 1.0, 0.289481558795, 1.67586054747, 2.0, 0.0, 1.4458525508, 2.0, 1.0, 3.0, 1.21361040042, 1.84019945925, 0.0, -1.0, -1.0, 0.0, 2.74889809817, 3.0, 0.0, 0.400018875826, 0.0, -0.285721777908, -0.220823299807, -1.0, -1.0, 2.11042650388, -1.0, 1.92777246114, 1.0, 2.0, -0.203895671438, 1.0, 1.0, -0.390616595439, -1.0, 0.0, 2.0, -0.00267108097198, -0.443351499486, 0.0, 3.0, 1.26033603215, 1.80098611015, 0.0, 2.38628283462, 3.0, 91956.0, 637.0, 99452.0
2.0, 3.0, 3.0, 1.06282968182, -1.0, 1.0, -1.0, 1.0, 3.0, 0.387681867583, 1.51422207123, 0.0, 0.0, 0.0, 0.0, 3.0, 2.0, -1.0, 0.0, -1.0, 2.0, 3.0, 2.0, -0.99790218327, -0.432195815876, -1.0, -0.257213900739, 0.914526909953, -1.0, 2.0, 0.129553941156, 0.0, 0.651539687466, 1.33896824764, 0.0, -0.245013563443, -1.0, 1.39135548379, 1.0, 0.564403003956, 1.0, 0.701335018614, 1.57631000124, 2.0, 2.0, 1.0, 0.0, 2.56244068955, -1.0, 0.0, 92520.0, 590.0, 99475.0
2.0, 2.0, 2.0, 1.0, 0.0, 1.0, -1.0, -0.949403983322, 2.0, 0.0, 1.0, 2.0, 1.0, 0.433354641666, 2.0, 0.0, 0.0, -1.0, -1.0, 0.0, 3.0, 2.99181106998, -1.0, 2.0, 1.85115335034, -1.0, 2.0, -1.0, -1.0, 0.51185370828, -1.0, 1.0, 1.0, -1.0, 1.0, 1.0, -1.0, -0.92490493111, -1.0, 0.0, 2.0, 0.917418109693, 0.0, -0.322174371879, 1.66657357986, 2.0, 2.0, 2.0, -1.0, 3.0, 93392.0, 516.0, 99526.0
2.0, 2.0, 2.0, 1.0, 0.0, 1.0, -1.0, -0.949403983322, 2.0, 0.0, 1.0, 2.0, 1.0, 0.433354641666, 2.0, 0.0, 0.0, -1.0, -1.0, 0.0, 3.0, 2.99181106998, -1.0, 2.0, 1.85115335034, -1.0, 2.0, -1.0, -1.0, 0.51185370828, -1.0, 1.0, 1.0, -1.0, 1.0, 1.0, -1.0, -0.92490493111, -1.0, 0.0, 2.0, 0.917418109693, 0.0, -0.322174371879, 1.66657357986, 2.0, 2.0, 2.0, -1.0, 3.0, 93392.0, 516.0, 99526.0
2.0, 3.0, 3.0, 1.06282968182, -1.0, 1.0, -1.0, 1.0, 3.0, -1.0, 1.51422207123, 0.0, 0.0, 0.0, 0.0, 3.0, 2.0, -1.0, 0.0, -1.0, 2.0, 3.0, 2.0, 2.0, -0.432195815876, -1.0, -0.257213900739, 0.914526909953, -1.0, 2.0, 0.645901897185, 0.0, 0.651539687466, 1.33896824764, 0.0, 0.0, -1.0, 1.0, 1.0, 0.564403003956, 1.0, 0.701335018614, 1.57631000124, 2.0, 2.0, 1.0, 0.0, 1.0, -1.0, 0.0, 92462.0, 594.0, 99471.0
2.0, 0.979324305047, 3.0, 2.0, -1.0, 1.0, 0.250479958573, 1.0, 3.0, -0.639537031512, 1.0, 0.0, 0.0, 0.0, 0.0, 3.0, 2.0, -1.0, 0.0, -1.0, 3.0, 1.16667578335, 2.0, 1.0, 2.0, -1.0, 0.0, 0.0, -1.0, -0.37359968509, 2.0, 0.0, 1.0, -0.736822235568, 0.0, 0.0, -1.0, 1.0, 0.649098337532, 3.0, 0.8028962609, 0.0, 0.926698405459, 2.0, 3.0, 1.0, 0.0, -0.177337070714, 0.634925857024, 0.0, 92024.0, 617.0, 99460.0
0.307251104351, 2.90653816881, -0.305645290565, 1.0, -0.330487716934, 1.0, 0.289481558795, 1.0, 2.0, 0.0, 1.0, 2.0, 1.0, 3.0, 2.0, 1.84019945925, 0.0, -1.0, -0.986754930929, 0.0, 2.00492741777, 3.0, -0.338086103594, 0.400018875826, 0.0, -1.0, -0.220823299807, -1.0, -1.0, 0.0, -1.0, 0.492304802954, 1.0, -0.478316430364, -0.203895671438, 1.0, 1.0, 0.0, -1.0, 0.0, 2.0, 0.569090790474, -0.443351499486, 0.0, 3.0, 2.0, 2.52907600462, 0.0, -1.0, 3.0, 91969.0, 612.0, 99469.0
2.0, 0.979324305047, 3.0, 2.0, -1.0, 1.0, 0.787027419554, 1.0, 3.0, -0.639537031512, 1.0, 0.0, 0.0, 0.0, 0.0, 3.0, 2.09898956621, -1.0, 0.0, -1.0, 3.0, 3.0, 2.0, 0.0409970860531, 2.0, -1.0, 0.0, 0.0, -1.0, -0.37359968509, 2.0, 0.0, 1.76928492828, 1.0, 0.0, 0.0, -1.0, 1.0, -0.974907153857, 0.021627844571, 0.878640519485, 0.451943350064, 0.926698405459, 2.0, 3.0, 1.0, 0.0, 1.0, 1.27622898882, 0.0, 92193.0, 611.0, 99467.0
0.307251104351, 2.90653816881, 2.26711178869, 1.0, -0.330487716934, 1.0, 0.289481558795, 1.67586054747, 2.0, 0.0, 1.4458525508, 2.0, 1.0, 3.0, 1.76169450023, 1.84019945925, 0.0, -1.0, -0.986754930929, 0.0, 3.0, 3.0, -0.338086103594, 0.400018875826, 0.0, -1.0, -0.220823299807, -1.0, -1.0, 2.11042650388, -1.0, 0.360294852805, 1.0, 2.0, -0.203895671438, 1.0, 1.0, -0.390616595439, -1.0, 0.0, 2.0, 0.569090790474, -0.443351499486, 0.0, 3.0, 2.0, 1.80098611015, 0.0, 2.0, 3.0, 92186.0, 626.0, 99459.0
0.0, 3.0, -0.266136191013, 1.23804234878, 2.69696415972, 0.0, 0.272285466462, 0.0, -0.429551500842, 0.188846421922, -1.0, 2.0, -1.0, 0.0, 2.0, 1.0, 0.341417359975, 0.942127539357, 1.0, 0.0, 1.0, -1.0, 3.0, 2.0, 1.0, -0.848605083634, 2.81722915934, 3.0, 3.0, 1.72987081712, -1.0, -1.0, -0.103242712598, 0.0, 2.0, 0.0, 0.0, -0.633080895914, -0.140195839678, 0.365799909166, 1.36868942829, 0.582280312051, -0.477861779468, -1.0, 1.0, 0.981080039116, 3.0, 3.0, -0.963349283707, -0.105264569898, 92182.0, 602.0, 99479.0
-1.0, -0.838261512171, 3.0, -0.134613571326, 0.0, -1.0, -1.0, -1.0, 2.0, 1.0, -1.0, 0.373518304308, 2.88316320315, 3.0, 1.20974967973, -0.652077841938, 1.12061859376, -0.811659370396, 1.920039619, 0.0, -1.0, -1.0, -1.0, 3.0, -1.0, 3.0, 1.38789258513, 2.09197954017, -0.889137100691, 0.0, 1.0, 0.0, 1.0, 1.0, 2.92538304041, -0.0992419366717, -1.0, 1.04993072164, 0.269402034205, -0.885753670744, -0.390590539854, -1.0, 1.0, 2.0, 0.0, 2.0, 0.400717027467, 3.0, -0.378011850711, 0.0, 93848.0, 466.0, 99575.0
0.307251104351, 1.18191470708, 2.26711178869, 1.0, -0.333138952162, 1.21138721525, 0.289481558795, 1.0, 2.0, 0.0, 1.07532681023, 2.0, 1.02776498748, 3.0, 2.0, 1.84019945925, 0.0, -1.0, -0.986754930929, 0.0, 3.0, 3.0, -0.338086103594, 0.0650030922216, 0.0937996913166, -1.0, -0.220823299807, -1.0, -1.0, 0.0, -1.0, -0.519761403052, 0.260460536134, -0.478316430364, -0.203895671438, 1.0, 1.0, 0.0, -1.0, -0.00828718220492, 2.74397850005, 0.569090790474, -0.443351499486, 0.0, 3.0, -0.27639260813, -0.740944034501, 0.0, -1.0, 3.0, 92288.0, 592.0, 99492.0
1.68485926667, 0.979324305047, 3.0, -0.391071344417, -1.0, 1.0, 0.250479958573, 1.0, 3.0, -0.639537031512, 1.0, -0.213426798373, 0.0, -0.649239647537, 0.0, 3.0, 2.0, -1.0, -0.105157851976, -1.0, 2.0, 3.0, 2.0, 1.0, 2.0, -1.0, 0.0, 0.0, -1.0, -0.37359968509, 2.0, 0.0, 1.0, 1.0, 0.0, 0.0, -1.0, 1.0, 1.0, 3.0, 1.0, 0.0, 0.566605511792, 2.0, -1.0, 1.0, 0.0, 1.0, -1.0, 0.0, 92408.0, 586.0, 99490.0
2.0, 0.979324305047, 3.0, 2.0, -1.0, 1.0, 0.250479958573, 1.0, 3.0, -0.639537031512, 1.0, 0.0, 0.0, 0.0, 0.0, 3.0, 2.0, -1.0, 0.0, -1.0, 2.0, 3.0, 2.0, 1.0, 2.0, -1.0, 0.0, 0.0, -1.0, -0.37359968509, 2.0, 0.0, 1.0, 1.0, 0.0, 0.0, -1.0, 1.0, 1.0, 3.0, 1.0, 0.0, 0.566605511792, 2.0, -1.0, 1.0, 0.0, 1.0, -1.0, 0.0, 92267.0, 603.0, 99474.0
2.37666834599, 3.0, 3.0, 2.0, -1.0, 1.32928510571, -1.0, 1.0, 3.0, 0.0, 2.53335785833, 0.0, 0.0, 0.0, -0.254514471761, 3.0, 1.29232363544, -1.0, 0.684853847684, -1.0, 2.45878513265, 3.0, 0.617451990681, 2.0, 2.0, -1.0, 0.0, 0.0, -1.0, -0.37359968509, 2.0, -0.0125050249001, 1.0, 1.0, -0.29660798184, -0.057095249527, -1.0, 1.0, 1.26607541742, -0.176583456922, 1.0, 0.0, 2.31134078677, 2.0, -0.533281510561, 1.0, 0.0, 1.0, -1.0, 0.0, 92323.0, 599.0, 99471.0
2.52837573289, 2.78081470945, 2.0, -0.640174148763, 0.0, 0.0881405817853, -1.0, -0.949403983322, 2.0, 2.71023093, 1.0, 2.0, 1.0, 0.433354641666, 2.0, 0.0, 0.0, -1.0, -0.598143256659, 0.0, 3.0, 2.99181106998, 2.18416809376, 2.0, 1.85115335034, -1.0, 2.0, -1.0, -1.0, 0.51185370828, -1.0, 1.0, 1.0, -1.0, 2.865341959, 1.0, -1.0, -0.92490493111, -1.0, 0.0, 2.62962923215, 0.917418109693, 0.0, -0.890518950045, 1.66657357986, 2.0, 2.0, 1.0, -1.0, 3.0, 94023.0, 499.0, 99546.0
0.307251104351, 0.143862634864, 2.0, 1.0, 1.1729181634, 0.894646978161, 0.289481558795, 1.0, 2.0, 2.55974421501, 1.0, 2.0, 1.0, 3.0, 2.0, 1.84019945925, 0.0, -1.0, -0.340786308126, 1.86140532633, 3.0, 3.0, -1.0, 2.53913537253, 0.0, -1.0, -0.220823299807, -1.0, -1.0, 0.0, -1.0, 0.492304802954, 1.0, -1.0, -0.203895671438, 1.0, 2.0, -0.646589331114, -1.0, 0.0, 2.0, 0.569090790474, 0.0, 0.0, 0.339201083945, 2.0, 2.0, 0.0, -1.0, 3.0, 92593.0, 580.0, 99486.0
0.307251104351, 2.9503437973, 2.26711178869, 1.0, -0.707570423754, 0.914275737929, 0.289481558795, 1.0, 2.0, 0.0, 1.0, 2.0, -1.0, 3.0, 2.0, 1.84019945925, 0.710371065581, -1.0, -0.986754930929, 0.0, 3.0, 3.0, -0.854183579976, 0.400018875826, -0.765556660562, -1.0, -0.220823299807, -1.0, -1.0, 0.998525447662, 0.715661573835, 0.492304802954, 1.0, -0.478316430364, 0.257461704928, 1.0, 1.0, 0.0, -1.0, 0.0, 2.0, 0.569090790474, -0.443351499486, 0.0, 3.0, 2.0, 1.80098611015, 0.0, 2.6119919928, -0.501613814132, 92808.0, 559.0, 99505.0
-1.0, 0.0, 3.0, 1.14060188026, -0.196155561487, -1.0, -1.0, -1.0, 2.0, 1.64044492455, -1.0, 0.0, 2.88316320315, 3.0, -0.649054796173, 1.0, 0.0, 0.0, 1.920039619, 3.0, -1.0, -1.0, -1.0, 3.0, -1.0, 3.0, 1.38789258513, -0.737965267231, -1.0, 0.0, 2.64477263849, 0.019437359571, 1.0, 1.0, 2.92538304041, 3.0, -1.0, 1.04993072164, -1.0, 0.0, 2.43367739092, -1.0, 0.0228859162689, 2.0, -0.574278059318, 2.0, 1.96434775693, 3.0, -1.0, -0.960091097113, 94893.0, 440.0, 99606.0
-1.0, 0.0, 0.0, 1.0, 2.42287001163, 1.0, -1.0, 2.0, -0.278229714246, -0.943458168954, -0.96057266241, 2.0, 2.0, 1.84632007542, 2.96173687858, -0.591903036237, -1.0, -1.0, 3.0, 2.0, -1.0, 2.0, 1.86237676894, 0.0, -1.0, 2.73124988223, 2.0, 0.0, 2.60937389658, 1.0, 2.76515166328, 0.0, -1.0, 0.314741368669, 1.0, 0.0, -1.0, -1.0, -1.0, 1.0, 0.977298594162, 2.0, 2.0, 0.0, 2.0, -0.670010021555, 0.0, 1.0, 0.0, 0.0, 93452.0, 503.0, 99548.0
-1.0, 0.0, 2.77676711249, -0.208823478568, 2.0, 1.0, -1.0, 2.0, 1.0, -0.943458168954, -0.96057266241, 2.0, 2.0, 0.416139928232, 2.0, -0.288676096492, -1.0, -1.0, 3.0, -0.244180735417, -1.0, -0.57404264161, 0.0, -0.129807161522, -1.0, 2.0, 1.15875430694, 2.12946169221, 2.64407999183, 2.19540324627, 1.0558244076, 0.0, -1.0, 0.314741368669, 1.0, 0.0, -1.0, -1.0, -1.0, 0.795441948913, 0.869093379951, 1.49851301767, 2.0, 0.0, 2.0, 0.0, 0.0, 1.0, 0.0203853590149, 1.95345176524, 93143.0, 514.0, 99543.0
2.0, 2.78081470945, 2.0, 1.401399065, 0.0, 0.0881405817853, -1.0, -0.949403983322, 2.0, 0.0, 1.0, 2.0, 1.0, 0.433354641666, 2.0, 0.0, 0.0, -1.0, -0.598143256659, 0.0, 3.0, 2.99181106998, 2.18416809376, 2.0, 1.85115335034, -1.0, 2.0, -1.0, -1.0, 0.51185370828, -1.0, 1.0, 1.0, -1.0, 2.865341959, 1.0, -1.0, -0.92490493111, -1.0, 0.0, 2.62962923215, 0.917418109693, 0.0, -0.890518950045, 1.66657357986, 2.0, 2.0, 1.0, -1.0, 3.0, 93504.0, 518.0, 99525.0
3.0, -0.670609683223, -1.0, -1.0, -0.55525356563, -1.0, -1.0, 2.68538353747, -1.0, -1.0, -1.0, 2.0, 0.0, 0.856203454956, -1.0, -0.999179488875, 0.0, 2.0, 0.0, 1.0, -1.0, 3.0, 1.98662560863, 2.42003277891, 1.0, 3.0, 1.50402492837, -1.0, 1.0, 3.0, 3.0, 0.0, 0.0, -1.0, -0.999893193581, 0.821279518127, -1.0, -1.0, 2.69613955237, 2.0, -0.488463095966, 1.0, -1.0, 2.0, 0.0, 3.0, 1.0, 0.384545572911, 2.53568234448, -1.0, 95133.0, 437.0, 99628.0
0.0, 3.0, -0.266136191013, -1.0, 2.0, 0.0, -1.0, 0.0, -0.429551500842, 0.188846421922, -1.0, 2.0, -1.0, 0.0, 2.0, 1.0, 0.341417359975, 2.0, 1.0, 0.0, 1.0, -1.0, 3.0, 2.0, 1.0, -0.848605083634, 2.81722915934, 3.0, 3.0, 2.61924152687, -1.0, -1.0, 0.0, 0.0, 2.0, 0.0, 0.0, -0.996200638635, 1.0, 0.365799909166, 0.0, 0.582280312051, 0.109872703113, -1.0, 1.0, 0.0, 3.0, 3.0, -1.0, 0.0, 92775.0, 564.0, 99511.0
2.0, 2.38534777399, 2.70786058631, 2.0, -1.0, 1.0, -1.0, -0.244585278779, 3.0, -1.0, 2.50585790583, 0.0, 0.0, 0.0, 1.87323956412, 3.0, 1.03965403911, -1.0, 0.0, -1.0, 2.0, 3.0, 2.0, 1.05547817441, -0.789221111241, -0.296841604578, -0.169436107834, -0.834352271694, -1.0, 2.0, 2.0, 0.0, 1.0, 1.84835861597, 0.0, 0.0, -1.0, 1.0, 1.0, 3.0, 0.343823827883, 0.0, 2.0, 2.0, -1.0, 1.0, 0.0, 1.0, -1.0, 0.0, 92888.0, 557.0, 99496.0
0.307251104351, 2.7398878074, 2.26711178869, 0.250883813909, -0.333138952162, 1.0, 0.289481558795, 1.0, 2.0, 0.0, 1.0, 2.0, 1.0, 3.0, 0.448384088912, 1.85117580225, 0.256423630418, 1.18215102919, -0.986754930929, 0.0, 3.0, 3.0, -0.338086103594, 0.400018875826, 0.0937996913166, -1.0, -0.220823299807, -0.455996459971, -1.0, 0.0, -1.0, -0.519761403052, 0.260460536134, -0.478316430364, -0.203895671438, 1.0, 1.0, 0.0, -1.0, 0.0, 2.0, 1.65303626969, -0.738899638458, 0.0, 3.0, 0.418076684409, 1.80098611015, 0.0, -1.0, 0.148989829783, 91941.0, 629.0, 99479.0
2.0, 3.0, 2.70786058631, 2.0, -1.0, 1.0, -1.0, -0.244585278779, 3.0, -1.0, 1.51422207123, 0.0, 0.0, 0.0, 0.0, 3.0, 1.03965403911, -1.0, 0.0, -1.0, 2.0, 3.0, 2.0, 2.0, -0.432195815876, -1.0, -0.169436107834, -0.834352271694, -1.0, 2.0, 2.0, 0.0, 1.0, 1.84835861597, 0.0, 0.0, -1.0, 1.0, 1.0, 3.0, 1.0, 0.0, 2.0, 2.0, -1.0, 1.0, 0.0, 1.0, -1.0, 0.0, 92816.0, 565.0, 99492.0
2.0, 2.0, 2.13780736778, 1.0, 0.0, -0.406956608016, -1.0, -0.949403983322, 2.0, 0.0, 1.0, 2.0, 1.0, 0.433354641666, 2.0, 0.0, 0.0, -1.0, -1.0, 0.0, 3.0, 3.0, -1.0, 2.0, 1.85115335034, -1.0, 2.0, -1.0, -1.0, 0.0, -1.0, 1.0, 0.838575724501, -1.0, -0.58945765283, 1.0, 2.0, 0.598807940179, -1.0, 0.294849067177, 2.0, 0.917418109693, 0.0, 0.0, 1.66657357986, 2.0, 2.0, 0.0, -1.0, 3.0, 93203.0, 531.0, 99529.0
0.307251104351, 2.90653816881, 2.26711178869, 1.0, -0.330487716934, 1.0, 0.289481558795, -0.235307873517, 2.0, 0.0, 1.0, 2.0, -1.0, 3.0, 2.0, 1.84019945925, 0.710371065581, -1.0, -0.986754930929, -1.0, 3.0, 3.0, -0.338086103594, 0.400018875826, -0.765556660562, -1.0, -0.220823299807, -1.0, -1.0, 0.0, -1.0, 0.492304802954, 1.0, -0.478316430364, -0.68975746048, 1.0, 1.0, 0.0, -1.0, 0.0, 2.0, 0.569090790474, -0.443351499486, 0.0, 3.0, 2.0, 1.80098611015, 0.0, 0.565287384026, 3.0, 92601.0, 565.0, 99494.0
2.0, 2.0, 2.68971845238, 0.250883813909, -0.597861721109, 3.0, 0.0, -1.0, 2.0, 0.0, 0.0, -0.0918083668836, -1.0, 1.0, 1.28431863398, 1.73702107445, 2.75271524228, 0.660194837183, 0.886049439381, 3.0, 2.0, 3.0, -0.141115084421, 1.0, -0.70992729054, -1.0, 2.43604227265, 0.892754587007, -1.0, 1.0, 1.0, 0.6605058712, 0.0, 1.35583919471, 1.0, 0.632403841762, -1.0, 1.0, 2.0, 1.0, -1.0, -0.739590857062, 1.0, 0.0745340875858, 1.0, 2.85974722424, 0.0, 2.59723316896, 2.0, 0.0, 92549.0, 593.0, 99471.0
0.0, 0.0, 3.0, 2.0, 0.447494583725, 0.0, 1.0, 3.0, 3.0, -0.0116899197568, 1.11515332442, 1.0, -1.0, 1.0, 3.0, 0.0, -0.168469270374, 0.35178234194, 2.0, 0.0, 0.0, 1.0, -0.330208999028, 2.0, 1.0, 1.0, 0.0, -1.0, 1.0, 2.0, 2.0, 1.48971275456, 1.35221949844, 0.0, -1.0, 3.0, -0.693376664765, 1.46408629887, 0.0, 3.0, 3.0, 0.0, 1.0, 1.0, 2.0, -1.0, 3.0, -0.267504657688, 2.0, 2.0, 91847.0, 649.0, 99429.0
-1.0, -0.405536517647, -0.388814309102, 2.8699970757, 0.699158571116, 2.0, 2.0, 2.0, 1.65297966296, -1.0, -1.0, 1.31072312487, 2.0, 1.34442249505, 0.79963159869, 1.73702107445, -1.0, -1.0, 3.0, 3.0, 1.00578422663, 2.0, 0.0, 0.0, -1.0, -0.182171959188, 2.0, 0.260472253617, 2.0, 1.0, -0.867886445993, 0.0, 1.86918012548, 2.96976605249, -1.0, 2.41702112355, -1.0, -1.0, -1.0, 1.0, -0.797588486881, 2.69620743989, 1.57738856398, 0.0, 1.0, 0.0, 0.0, 2.79229928131, 0.0, -0.16270079158, 93493.0, 531.0, 99522.0
3.0, 1.0, -1.0, -1.0, -0.580881250388, -0.277002876655, -1.0, 2.68538353747, -1.0, -1.0, -1.0, 0.438645267171, 0.0, 1.0, -1.0, 0.321858703404, 2.54604318729, -0.856985082492, 2.68669835392, 1.86140532633, -1.0, 3.0, 2.0, 0.0, 2.53695772253, 2.85621771128, 0.0, -1.0, 0.828023665791, 3.0, 2.57097411974, -0.904588299752, 0.12987655843, -1.0, 0.776104542844, -0.518969222865, -1.0, -1.0, 2.30810954059, 2.0, -0.488463095966, 1.0, -1.0, 1.0, 0.0, 3.0, 1.0, 2.0, 2.0, -1.0, 94821.0, 461.0, 99614.0
0.307251104351, 2.90495996192, 2.0, 1.0, -0.551617064739, 1.0, 0.289481558795, 1.0, 1.75292679407, 0.0, 1.0, 2.0, -0.701296822732, 3.0, -0.594742085257, 1.84019945925, 0.0, 0.318283341473, -0.340786308126, 0.0, 3.0, 3.0, -1.0, 2.96241115167, -0.489287543735, -1.0, -0.220823299807, -1.0, -1.0, 0.0, -1.0, 0.492304802954, 1.0, 0.640918504533, -0.203895671438, 0.653732921371, 2.1821687965, -0.508650091186, -1.0, 0.0, 1.40828624612, 0.569090790474, 0.346071198207, 0.0, 3.0, 2.0, 2.68810337803, -0.982178294084, -1.0, 3.0, 93029.0, 556.0, 99509.0
0.0, 0.0, 1.46545123994, 2.0, 1.0, -0.406956608016, -0.43753263368, 0.797005022964, 3.0, 0.0, 2.0, 1.0, -1.0, 1.0, 0.895324729885, 0.0, 0.0, 2.2615950479, 2.0, 1.0, 0.0, 1.0, 0.0, 2.0, 1.0, 1.0, 0.0, -1.0, -0.674253075724, 2.0, 2.0, 2.0, 3.0, 1.0, -1.0, 3.0, 1.0, 3.0, 0.0, 1.47913434403, 3.0, -0.0444292741694, 1.0, -0.940786820362, 2.0, -0.637661065915, 3.0, 2.0, 2.0, 2.0, 92202.0, 635.0, 99441.0
2.0, 2.0, 2.0, 1.0, 0.0, 1.0, -1.0, -0.949403983322, 2.0, 0.0, 1.0, 2.0, 1.0, 0.433354641666, 2.0, 0.0, 0.0, -1.0, -1.0, 0.0, 3.0, 3.0, -1.0, 2.0, 1.85115335034, -1.0, 2.0, -1.0, -1.0, 0.0, -1.0, 1.0, 1.0, -1.0, -0.58945765283, 1.0, 2.0, -0.92490493111, -1.0, 0.294849067177, 2.0, 0.917418109693, 0.0, 0.0, 1.66657357986, 2.0, 2.0, 0.0, -1.0, 3.0, 93366.0, 517.0, 99535.0
2.37666834599, 3.0, 3.0, 2.0, -1.0, 1.32928510571, -1.0, 1.0, 3.0, 0.0, 2.53335785833, 0.0, 0.0, -0.693169205553, -0.254514471761, 3.0, 1.29232363544, -1.0, 0.684853847684, -1.0, 1.33806073434, 3.0, 0.617451990681, 2.0, -1.0, -1.0, 0.0, 0.0, -1.0, -0.37359968509, 2.0, -0.0125050249001, 1.0, 1.0, -0.29660798184, -0.057095249527, -1.0, 1.0, 1.26607541742, -0.176583456922, 1.0, 0.0, 2.31134078677, 2.0, 2.88960677049, 1.0, 0.0, 1.0, -1.0, 0.0, 92599.0, 573.0, 99484.0
1.94664533657, 1.0, -1.0, -1.0, -0.246560727796, -1.0, -1.0, 2.0, -0.993436113942, -1.0, -1.0, 2.0, 0.0, 1.05463303699, -1.0, 1.0, -0.537912694279, 2.0, -0.836802441664, 0.437652393252, -1.0, 3.0, 2.0, -0.149698280157, 2.70870577183, 3.0, 0.0, -1.0, 1.0, 3.0, 1.30313878164, 0.355428720541, 0.0, -1.0, 1.0, -1.0, -1.0, -1.0, 0.0, 2.0, 1.0, 1.20623985311, -1.0, 2.0, 0.0, 3.0, 1.0, 2.0, 2.0, -1.0, 94802.0, 464.0, 99629.0
0.0882736625921, 3.0, 3.0, 2.0, -1.0, 1.17264468741, 1.93976903717, 1.0, 3.0, -0.639537031512, 1.0, 0.0, -1.0, 1.0, 0.0, 3.0, 0.148704982081, -1.0, 0.684853847684, -1.0, 2.0, 3.0, 0.617451990681, 2.88452833848, 0.0937996913166, -1.0, -0.511169458558, 0.0, -0.935283656602, -0.37359968509, 2.0, -0.313463142863, -0.380932303542, 1.0, 0.0, 0.0, -1.0, 1.0, 1.0, 1.61699866952, 1.12034887306, 1.15856125638, 2.31134078677, 2.0, 3.0, 1.0, 1.05705024602, 1.0, -0.12586103685, 0.0, 92453.0, 602.0, 99468.0
-0.889338371534, 0.823438263275, 2.54712972012, 1.0, -0.597861721109, 3.0, 0.0, -1.0, 2.0, 0.0, 0.0, -0.0918083668836, -1.0, 1.0, 3.0, 1.73702107445, 2.75271524228, -0.841456170789, 0.886049439381, 3.0, 2.0394802852, 3.0, -0.141115084421, 0.640952688154, 2.89677821138, -1.0, 2.43604227265, 1.0, -1.0, 0.568556862716, 1.0, 3.0, 0.0, 1.28906607331, 1.0, 3.0, -1.0, 1.0, 2.0, 1.0, -0.40631020013, -0.739590857062, 2.0, 3.0, 1.0, 2.85974722424, 0.122691459809, 1.67622197771, 2.0, -0.353483110213, 93029.0, 592.0, 99472.0
0.0, 0.0, 0.0, 2.0, 1.0, 0.0, 1.0, 3.0, 2.42214897606, -0.0638777179848, 2.0, 2.31095904182, -1.0, 1.0, 0.895324729885, 0.0, 0.0, 2.0, 2.0, 1.0, 0.0, 1.0, 0.0, 2.0, 1.0, 1.0, 0.0, -1.0, 1.0, 2.0, 2.5042069237, 2.0, 1.3893843019, 0.640918504533, 0.916319431816, 3.0, 1.0, 3.0, -0.315580475865, 3.0, 0.252851459618, -0.0444292741694, 1.0, 1.0, 2.0, -0.637661065915, 3.0, 2.13955589562, 2.0, 2.0, 91766.0, 684.0, 99412.0
3.0, 1.0, -1.0, -1.0, -0.0294593251567, -1.0, -1.0, 2.82809432855, -1.0, -1.0, -1.0, 2.0, 0.0, 1.0, -0.649054920256, 1.0, 0.069056343469, -0.37664572153, 0.0, 1.0, -1.0, 3.0, 1.85914860896, -0.776415512586, -0.879350765266, 3.0, 0.0, -1.0, 1.0, 3.0, 1.30313878164, 0.355428720541, 0.0, -1.0, 1.0, -1.0, -1.0, -1.0, 0.0, 2.0, 1.0, 0.0, -1.0, 2.0, 1.0, 3.0, 1.0, 2.0, 2.13431028948, -1.0, 94784.0, 451.0, 99632.0
0.0, 0.0, 3.0, 2.0, 0.447494583725, 0.0, 1.0, 3.0, 3.0, -0.0116899197568, 1.11515332442, 1.0, -1.0, 1.0, 3.0, 0.0, -0.168469270374, 0.35178234194, 2.0, -0.00147339820837, 0.0, 1.0, -0.330208999028, 2.0, 1.0, 1.0, 1.80210943578, -1.0, 1.0, 2.0, 2.59829359197, -0.411826277247, 1.35221949844, 0.0, -0.185604988108, 3.0, -0.693376664765, 1.46408629887, 0.0, 3.0, 3.0, 0.0, 1.0, 1.0, 2.0, -1.0, 3.0, -0.267504657688, 2.0, 2.0, 91680.0, 666.0, 99416.0
3.0, 1.0, -1.0, -1.0, -0.580881250388, -0.277002876655, -1.0, 2.68538353747, -1.0, -1.0, -1.0, 0.438645267171, 0.0, 1.0, -1.0, 1.0, 2.54604318729, -0.856985082492, 0.0, 1.86140532633, -1.0, 3.0, 2.0, 0.0, 1.0, 2.85621771128, 0.0, -1.0, 1.0, 3.0, 2.57097411974, -0.904588299752, -0.530068453498, -1.0, 1.0, -0.775060703399, -1.0, -1.0, 2.30810954059, 2.0, -0.488463095966, 1.0, -1.0, 2.0, 0.0, 3.0, 1.0, 2.0, 2.0, -1.0, 94949.0, 448.0, 99628.0
3.0, -0.670609683223, -1.0, -1.0, -0.55525356563, -1.0, -1.0, 2.68538353747, -1.0, -1.0, -1.0, 2.0, 0.0, 0.856203454956, -1.0, -0.731336557127, 0.0, 2.0, 0.0, 1.0, -1.0, 3.0, 1.98662560863, 2.42003277891, 1.0, 3.0, 1.50402492837, -1.0, 1.0, 3.0, 3.0, 0.0, 2.57420158255, -1.0, 1.0, 0.821279518127, -1.0, -1.0, 2.30810954059, 2.0, -0.488463095966, 1.0, -1.0, 2.0, 0.0, 3.0, 1.0, 0.769533174121, 2.80809616203, -1.0, 95094.0, 454.0, 99615.0
0.0, 0.0, 0.0, 2.0, 1.0, 0.668597176157, 2.37671731098, 3.0, 2.42214897606, -0.0638777179848, 2.0, 2.31095904182, -1.0, 1.49754944113, 0.895324729885, 1.30439962578, 0.0, 1.29928768418, 2.75051994425, 1.0, 0.0, 1.0, 0.0, 2.0, 1.0, 2.21663728039, 0.0, -1.0, 0.300042740656, 2.83821929919, 2.5042069237, 1.32790209376, 3.0, -0.303686541042, 0.916319431816, 3.0, 1.0, 3.0, -0.315580475865, 0.995863768521, 3.0, -0.0444292741694, -0.372199002394, 1.0, 2.0, -0.637661065915, 1.0, 1.81320586831, 2.06844500724, 1.81636772322, 91860.0, 684.0, 99412.0
3.0, 1.0, -1.0, -1.0, -0.0294593251567, -1.0, -1.0, 2.82809432855, -1.0, -1.0, -1.0, 2.0, 0.0, 1.0, -0.649054920256, 1.0, 0.069056343469, 2.0, 0.0, 1.0, -1.0, 3.0, 2.0, -0.776415512586, -0.879350765266, 3.0, 0.0, -1.0, 1.0, 3.0, 1.30313878164, 0.355428720541, 0.0, -1.0, 1.0, -1.0, -1.0, -1.0, 0.0, 2.0, 1.0, 0.0, -1.0, 2.0, 1.0, 3.0, 1.0, 2.0, 2.0, -1.0, 94854.0, 451.0, 99632.0
-1.0, -1.0, -0.453583344447, -0.288262072814, -1.0, -1.0, -1.0, 0.0, 0.0, 0.367110594516, -1.0, -1.0, 1.0, 3.0, -0.747485330504, 1.34230279373, 1.34292337103, 1.6488901257, 1.0, 2.0, 1.0, 1.0, -0.20579285233, -1.0, 0.0, 1.29017664395, -1.0, 0.0, 3.0, 2.12343854729, 2.0, 2.0, -1.0, 0.0, -1.0, 1.24157134496, -1.0, 0.100450960045, 0.0, 2.0, 1.0, 0.0, -1.0, 3.0, 1.0, 3.0, 2.0, -0.466668547382, -1.0, -0.936656827591, 93823.0, 489.0, 99599.0
0.0, 0.0, 1.46545123994, 2.0, 1.0, 1.0, -0.43753263368, 0.797005022964, 3.0, 0.0, 2.0, 1.0, -1.0, 1.0, 0.895324729885, 0.0, 0.0, 2.2615950479, 2.0, 1.0, 0.0, 1.0, 0.0, 2.0, 1.0, 1.0, 0.0, -1.0, -0.674253075724, 2.0, 2.0, 2.97707722116, 3.0, 1.0, -1.0, 3.0, 1.0, 3.0, 0.0, 1.47913434403, 3.0, -0.0444292741694, -0.02026034103, -0.940786820362, 2.0, -0.637661065915, 3.0, 2.0, 2.0, 2.0, 92260.0, 635.0, 99441.0
3.0, 0.0, 3.0, 0.0, 0.0, 1.07020101227, 2.0, 1.0, -1.0, 2.18946931393, -0.356758133376, 0.0, -1.0, 0.0590353458769, 3.0, 1.0, 0.0, 1.0, 2.0, 1.02346107467, 3.0, 3.0, 0.0, 0.498166219669, 2.38361928047, 0.264844346046, 0.0, 2.0, -1.0, 0.0, -1.0, 1.0, 3.0, 1.0, 1.0, 1.3167723121, 2.0, 0.0, 1.0, -0.480152996388, 0.0, -1.0, 1.0, 2.0, 2.65692600876, 3.0, 2.0, 0.0, 1.0, 1.21587149357, 91849.0, 660.0, 99445.0
