3.0, 0.0, 2.9513569909, 2.0, 3.0, -0.260201895435, 2.0, -1.0, 2.17906670942, 2.02337369446, -0.188836593293, 0.978099614253, 1.0, 0.0, -1.0, -1.0, 3.0, 3.0, 0.766101632736, 0.299654542613, 3.0, 1.0, 2.74777261651, 1.0, -1.0, 2.25879878272, 1.13844764819, 0.424288432418, 0.0, -1.0, 0.0, 2.02937552144, 2.40059409419, 2.0, 2.0, -1.0, 0.0214609828421, 2.28720272143, 1.03574271516, 1.81266373636, 1.0, 1.6350498194, 0.525992271486, 0.98568561464, 0.0, -1.0, 0.0, 0.0, -0.0606085661207, 2.40283253269, 96479.0, 597.0, 99482.0
-1.0, -1.0, 0.0, -1.0, 1.78201648248, 0.0, -0.286363014505, -1.0, 0.0, 0.0, -1.0, 2.0, -1.0, 3.0, 2.0, 2.0, 0.0, 1.0, 1.0, 2.0, 3.0, 0.0, 0.0, 0.231896505861, 2.64455344919, -1.0, 2.0, 1.0, 0.975621130451, -1.0, 1.46938672485, -1.0, 3.0, 2.0, 0.0, -1.0, 0.0, -1.0, 3.0, 3.0, 0.0, -1.0, 1.0, 3.0, 1.0, -1.0, 1.0, 1.27526260664, 1.0, 1.0, 96919.0, 506.0, 99548.0
-1.0, 3.0, 0.0, 1.0, 3.0, -1.0, 1.0, 2.0, 1.0, 2.0, 1.0, -1.0, 3.0, 0.0, -1.0, -1.0, 0.0, 3.0, -0.670891980161, 2.0, 0.0, -1.0, 0.275549160468, -1.0, 0.0, 0.0, -0.492805654467, 1.0, -1.0, 3.0, 0.0, 0.0, 1.0, 3.0, 2.0, 2.0, 1.0, -1.0, 2.44295482408, 1.47012363513, 1.0, -1.0, 2.57504201151, -0.489300165026, 2.0, 3.0, 2.0, 0.0, 3.0, -0.417688770393, 96798.0, 543.0, 99521.0
-1.0, 3.0, 0.0, 1.0, 3.0, -1.0, 1.0, 2.0, 1.0, 2.0, 1.0, -1.0, 3.0, 0.0, -1.0, -1.0, 0.0, 3.0, 1.0, 2.0, 0.0, -1.0, 0.275549160468, -1.0, 0.0, 0.0, 0.0, 1.0, -1.0, 3.0, 0.0, 0.0, 1.0, 3.0, 2.0, 2.0, 1.0, -1.0, 2.0, -1.0, 1.0, -1.0, 2.57504201151, -0.489300165026, 3.0, 3.0, 2.0, 0.0, 3.0, 2.0, 96856.0, 550.0, 99519.0
0.438942892462, -1.0, 0.0, 0.910947255063, 1.0, 0.0, 0.0, -1.0, -1.0, 0.0, -1.0, 2.0, -1.0, 3.0, 2.0, 2.0, 0.0, 1.0, 1.0, 2.0, 3.0, 0.0, 0.0, 0.0, 2.08763666039, -1.0, 2.0, 1.0, -1.0, -1.0, 1.0, -1.0, 3.0, 2.0, 0.0, -1.0, 0.0, -1.0, 3.0, 3.0, 0.0, -1.0, 2.57398567262, 1.0, 1.0, -1.0, -1.0, 2.0, 1.0, 1.0, 97024.0, 491.0, 99567.0
-1.0, 1.7548365294, 0.0, 1.0, 3.0, 0.811820817074, 1.0, 2.0, 0.0, 3.0, 1.0, -1.0, 3.0, 0.0, -1.0, 2.8020854948, 0.0, 3.0, 1.0, 2.0, 0.0, -1.0, 1.0, -1.0, 0.0, 0.0, -0.694715048239, 1.0, 0.988558717088, 3.0, 0.0, -0.797658744635, 1.0, 3.0, 2.99835944508, 2.0, 1.0, -1.0, 2.0, -1.0, 1.38421013868, -1.0, 2.0, 2.0, 3.0, 3.0, 2.6241738178, -0.124509509657, 3.0, 2.0, 96881.0, 575.0, 99496.0
-1.0, 1.7548365294, 0.389946337618, 1.28956869995, 3.0, -1.0, 1.0, 2.0, 0.0, 2.45860235547, 1.0, -1.0, 2.92809050524, 2.47505624279, -1.0, 2.8020854948, -0.203976872157, 3.0, 1.0, 2.0, 2.28819309845, 2.43483607606, 0.0, -1.0, -1.0, 0.0, -0.694715048239, -0.0664403155755, -1.0, 3.0, 0.0, -0.797658744635, 1.0, 3.0, 2.99835944508, 2.0, 1.09648992532, -1.0, 1.20130522219, 0.31263659716, 1.38421013868, -1.0, 2.0, 1.0, 3.0, -1.0, 2.48064187191, 0.0, 3.0, 2.0, 96962.0, 535.0, 99526.0
-1.0, 0.0, 0.0, -1.0, 0.0, 1.0, 0.0, 0.0, -1.0, -1.0, 1.0, 1.0, 3.0, -1.0, 1.0, 2.0, 2.0, -1.0, 2.48932856337, 2.89379582989, 0.0, 0.804379105096, 1.0, 0.0, 2.0, 2.0, 0.0, 3.0, 1.0, 2.0, 0.0, -1.0, -1.0, 1.0, 2.80641526436, 1.19468692596, 1.0, -1.0, -0.252200708698, 0.0, 1.0, 1.04447764034, 1.0, 2.0, 1.0, -1.0, -1.0, 1.66991933842, 0.0231942076774, 3.0, 96653.0, 544.0, 99537.0
-1.0, 0.0, 0.0, -1.0, 0.0, 1.0, 0.0, 0.0, -1.0, -1.0, 1.0, 1.0, 3.0, -1.0, 1.0, 2.0, 2.0, -1.0, 2.48932856337, 2.9822481933, 0.0, 0.804379105096, 1.0, 0.0, 2.0, 2.0, 0.0, 3.0, 1.0, 2.0, 0.0, -1.0, -1.0, 1.0, 2.80641526436, 1.19468692596, 1.0, -1.0, -0.252200708698, 0.0, 1.0, 1.04447764034, 1.0, 2.0, 1.0, -1.0, -1.0, 1.66991933842, 0.0231942076774, 3.0, 96653.0, 544.0, 99537.0
-1.0, -1.0, 1.66585879845, -1.0, 1.0, 0.319421437052, 0.0, 1.5137991213, 0.0, 0.0, -1.0, 0.988765847135, -1.0, 3.0, 2.0, 2.0, 0.272601426654, -0.604463646597, 1.0, 2.4813278903, 3.0, 0.0, 0.0, 0.0, 1.44393584539, -1.0, 2.42142456295, 1.0, 1.0, 0.62359268602, 1.0, -0.354705285099, 3.0, 2.0, 0.0438702132919, -1.0, 0.0196758786398, -1.0, 0.260266257421, 2.62166703961, 0.0, 0.984159365987, 1.0, 3.0, 1.0, -1.0, 1.0, 2.0, 1.0, 1.0, 96629.0, 559.0, 99519.0
-1.0, 3.0, 2.56944251787, 2.0, 3.0, 1.0, 1.04915738443, -0.487549759829, 3.0, 3.0, 0.0, 0.880493869989, 3.0, 3.0, 0.0, 0.205914320233, 0.995361079516, 0.191846020301, 0.0, 3.0, 2.98307305852, 1.0, 2.0, 0.545647526529, 3.0, 2.0, 2.0, -0.651872849301, -1.0, 2.0, -0.249487373636, 1.0, -0.0336624624473, 1.0, 0.362266668469, 0.306252241752, 2.83399551591, 0.0, 2.98693906599, 0.0, 0.0, 2.0, 2.0, 0.0413555289287, 1.0, 0.0, -1.0, 3.0, 0.0, 0.0, 96547.0, 648.0, 99455.0
0.0, 0.0, 1.0, 1.0, 1.0, 2.99550979597, 0.0, 3.0, 3.0, 2.28141753625, 1.0, 3.0, 2.0, 2.15042214214, 0.897547305081, 0.0, 0.0, 1.95683492809, 0.459185454442, 2.63819303483, 2.0, 2.0, 0.894327764049, 2.0, 3.0, 0.0, 0.0, 0.356213324819, -0.285233035029, 0.13364776007, 1.24109079033, 1.0, 2.0, 1.0, 0.0, -1.0, 2.0, 0.0, 2.0, 3.0, 1.0, 3.0, 2.0, 1.0, 3.0, -0.15484923607, 2.0, -1.0, 2.35722853695, -1.0, 96313.0, 669.0, 99442.0
-1.0, -1.0, -1.0, -1.0, -0.5324496695, 0.0, 0.0, -1.0, 0.0, -0.949442342556, -1.0, 1.0, -1.0, 3.0, 2.0, 2.0, 0.0, 1.0, 1.0, 2.0, -1.0, 2.22035166165, 0.0, 0.0, 2.0, -1.0, 2.0, 2.91258855373, 2.0, -1.0, 1.0, -1.0, 3.0, 2.0, 0.229867201284, -1.0, 0.0, -1.0, 0.0, 3.0, 3.0, -1.0, -0.352297349899, 3.0, 1.0, -1.0, 2.93749628234, 0.7914465702, 1.80253318, 1.16633087474, 97420.0, 448.0, 99604.0
-1.0, -1.0, -1.0, -1.0, -0.5324496695, 0.0, 0.0, -1.0, 0.0, 0.0, -0.804868885851, 1.49047250469, -1.0, 3.0, 2.0, 2.0, 0.0, 0.0610602670127, 1.0, 2.0, 3.0, 2.17112681334, 0.0, 0.0, -1.0, -1.0, 2.0, 1.0, 2.0, -1.0, 1.98163269301, -1.0, 3.0, 2.0, 0.0, -1.0, 0.0, -1.0, 3.0, 1.04741915119, 3.0, -0.896433329977, -0.352297349899, 3.0, 1.0, -1.0, -0.0082324106382, 0.7914465702, 1.80253318, 0.740343814774, 97209.0, 465.0, 99583.0
-0.427069616204, 0.0, 1.0, 1.0, 0.0, 3.0, 0.0, 3.0, 3.0, 3.0, 1.0, 3.0, 2.82253550026, 1.44821807137, 1.0, 0.0, 0.0, 0.0, 2.9858771246, 0.0, 2.0, 1.98249878933, 3.0, 1.65192858786, 3.0, 0.144078170238, 0.0, 1.66998607654, -1.0, 0.199792147543, 2.57020498093, -0.847370635787, 2.0, 1.0, 0.0, -1.0, 1.87188408144, 0.0, -0.826536137811, 3.0, 1.0, 3.0, 2.0, 1.0, 2.0, -0.15484923607, 2.0, -0.293551322773, 2.4530877779, -1.0, 96498.0, 640.0, 99463.0
-1.0, 3.0, 0.0, 1.0, 3.0, -1.0, 0.978589531612, 2.0, 0.672054337176, 2.0, 1.0, -1.0, 3.0, 0.0, -1.0, 0.0, 1.29370854478, 3.0, 1.0, 2.0, 0.0, -0.88848405125, 0.98394719092, -1.0, -0.608550348032, 0.0, 0.0, 1.0, -1.0, 3.0, 0.0, 0.0, 1.72041008843, 3.0, 2.0, 2.0, 1.0, -1.0, 2.3232449889, -1.0, 0.494592985445, -1.0, 2.57504201151, -0.489300165026, 3.0, 2.66412654483, -0.0627605071218, 0.113965617763, 3.0, 2.0, 96769.0, 555.0, 99512.0
-1.0, -1.0, 0.0, -1.0, -0.103025513624, 0.0, -0.245993912465, -1.0, -0.892815908254, 0.0, -1.0, 2.0, -1.0, 3.0, 2.0, 2.0, 0.0, 1.0, 1.0, 2.0, 3.0, 1.09631041057, 1.48098348807, -0.805833913205, 2.0, -1.0, 2.0, 1.0, 2.0, -1.0, 1.0, -1.0, 3.0, 2.0, 0.0, -1.0, 0.60804588869, -1.0, 3.0, 3.0, 1.0, -1.0, 1.0, 3.0, 1.0, -1.0, 1.0, 2.0, 2.28724966926, 1.0, 97226.0, 477.0, 99571.0
-1.0, -1.0, 0.0, -1.0, -0.103025513624, 0.0, -0.245993912465, -1.0, -0.892815908254, 0.0, -1.0, 2.0, -1.0, 3.0, 1.92129481982, 2.0, 0.0, 1.38336134449, 1.0, 2.0, 3.0, 1.09631041057, 1.48098348807, -0.805833913205, 2.0, -1.0, 2.0, 1.0, 2.0, -1.0, 1.0, -1.0, 3.0, 2.0, 0.0, -1.0, 0.60804588869, -1.0, 3.0, 3.0, 1.0, -1.0, 1.0, 3.0, 1.0, -1.0, 1.0, 2.0, 2.28724966926, 1.0, 97226.0, 477.0, 99571.0
3.0, -1.0, 0.0, -0.733842491081, 1.0, 2.0, 0.0, -1.0, -1.0, -1.0, -1.0, -1.0, 0.0, -1.0, 0.0, -1.0, 0.0, 0.0, 1.0, -1.0, -1.0, 2.0, 0.0, -1.0, 1.0, 2.0, 2.0, -1.0, 1.0, 0.0, 2.0, 3.0, 2.1250795486, 2.0, 2.0, 1.0, 2.0, 2.0, 0.0, 2.0, -1.0, -1.0, 1.0, -1.0, 1.31914316979, 1.0, 3.0, -0.454113837331, 2.0, 0.0, 97380.0, 462.0, 99611.0
-1.0, -1.0, 0.0, -1.0, 0.0, 2.27936767692, 1.0, -1.0, 0.0, -0.434751975, 1.0, 2.0, 0.641930235856, -1.0, 0.358120805866, -1.0, 2.0, -1.0, 2.0, 0.0, 3.0, -1.0, 1.0, 1.0, 1.0, -1.0, 3.0, 1.0, 1.0, -1.0, 2.0, -1.0, 0.0, 0.0, 2.0, 0.0, -0.979837624772, 3.0, 0.188139737188, 0.864102400951, 1.0, 2.0, -0.758539430224, 0.436103318547, 1.0, 1.0, -1.0, -1.0, 3.0, 1.32133916045, 97053.0, 488.0, 99588.0
0.0, 0.0, 1.0, 1.0, 1.0, 3.0, 0.0, 3.0, 3.0, 3.0, 1.0, 3.0, 2.82253550026, 2.0, 1.0, 0.0, 0.0, 0.0, 2.9858771246, 2.0, 2.0, 2.0, 3.0, 1.65192858786, 3.0, 0.144078170238, 0.0, 0.945341305784, -1.0, 0.199792147543, 2.57020498093, -0.847370635787, 2.0, 1.0, 0.0, -1.0, 2.0, 0.0, 0.0656337057951, 3.0, 1.0, 3.0, 2.0, 1.0, 2.0, -0.15484923607, 2.0, -1.0, 2.4530877779, -1.0, 96586.0, 639.0, 99462.0
0.16897749129, 1.0, 2.0, -1.0, -0.804369582908, 1.0, 0.498552252177, 2.37914408904, 0.0, 0.0, -1.0, -1.0, 1.78960173983, 1.04185935761, -1.0, -1.0, 3.0, 2.05537757161, 0.0, -0.999771359504, 2.0, 2.04059101285, 0.0, 0.107065710193, 3.0, 0.0, 1.0, 0.0, 2.69545576221, 0.427869599408, 1.93122362483, 1.0, 3.0, -1.0, 0.0, 2.0, 3.0, 0.571070956134, -1.0, -1.0, 2.0, 2.0, 1.0, 0.0300893003456, 0.0, 0.0, 1.41040132053, 0.0, 1.54711743104, 0.0379290511737, 96617.0, 557.0, 99526.0
-1.0, 3.0, 0.0, 1.36871854462, 3.0, -1.0, -0.0694923821959, -0.84749665599, 1.0, 2.0, 1.0, -1.0, 3.0, 0.0, -1.0, -1.0, 0.184874576361, 3.0, 1.0, 2.0, -0.404312092756, -1.0, 0.0, -0.967884945943, 0.0, 0.0, 0.0, 1.0, -1.0, 0.0, -0.873129723644, -0.928017485818, 1.0, 0.0, 0.130000863673, 2.0, -0.000742724215426, -1.0, 2.0, 1.12631069086, 1.0, -1.0, 2.57504201151, 2.0, 3.0, 3.0, 2.0, 0.0, 3.0, 2.0, 96852.0, 515.0, 99540.0
3.0, 0.0, 2.0, 2.0, 3.0, 0.0, 2.80635286737, -0.9365675554, 2.0, 2.0, -1.0, 2.0, 1.0, 0.0, -1.0, -0.702027542992, 2.22769360974, 3.0, -0.522431512562, 1.54316109621, 3.0, -0.947369491907, 2.0, 1.0, -1.0, 1.0, 0.0, -0.450932898548, 1.16552253215, -1.0, 0.0, 2.02937552144, -1.0, 2.0, 2.91998575699, -1.0, 0.0214609828421, 3.0, 1.03574271516, 1.0, 1.0, 2.0, 0.525992271486, 3.0, 0.0, -1.0, 0.0, 0.0, 0.0, 1.0, 96832.0, 536.0, 99525.0
0.0, 0.0, 1.0, 1.0, 1.0, 3.0, 0.122487390743, 3.0, 1.06539181275, 3.0, 1.0, 3.0, 2.0, 0.0275580349488, 0.82309824134, 0.0, -0.396778163093, 0.0, 1.68675377774, 2.0, 2.0, 2.75930085072, 3.0, 1.77087552525, 3.0, 0.681963423393, -0.195557696476, 0.356213324819, -1.0, 0.199792147543, 3.0, 1.0, 2.0, 1.0, 0.0, -0.034661313703, 2.0, 0.0, -1.0, 3.0, 1.0, 3.0, 2.0, 1.0, 2.12478133703, -0.15484923607, 2.0, -1.0, 1.42004016784, -1.0, 96422.0, 648.0, 99465.0
-1.0, 1.0, 0.193427171105, 0.0, -1.0, 1.0, 1.0, 3.0, 2.06743258034, -0.241626710921, -1.0, -1.0, 2.0, 2.0, -1.0, 0.0, -0.90887012419, -1.0, 0.0, 2.72299375689, 1.0, 1.0, -0.585575650103, 2.18671212942, 1.0, -0.864644743433, 2.0, -1.0, -1.0, 0.0, -1.0, 2.0, -1.0, 0.16331786937, 0.550128233227, 3.0, 0.456115995951, 0.0, -1.0, 1.69295297608, 2.16845140156, 0.0, -0.459057073782, 2.0, 1.64980216329, -1.0, -1.0, -1.0, 1.0, -0.963431686342, 97298.0, 441.0, 99623.0
-1.0, -1.0, -1.0, -1.0, -0.5324496695, 0.0, 0.0, -1.0, 0.0, 0.0, 0.289208402141, 1.49047250469, -1.0, 3.0, 2.0, -0.449593008006, 0.0, 0.0610602670127, 1.0, 2.0, 3.0, 2.22035166165, 0.0, 0.0, -1.0, -1.0, 2.0, 1.0, 2.0, -1.0, 1.0, -1.0, 3.0, 2.0, 0.0, -0.71153964228, 0.0, -1.0, 3.0, 3.0, 2.89410621437, -1.0, -0.352297349899, 3.0, 1.0, -1.0, 1.0, 0.7914465702, 1.80253318, 0.740343814774, 97061.0, 483.0, 99571.0
-1.0, 1.0, 0.193427171105, 0.0, -1.0, 1.0, 1.0, 3.0, 0.0497618529916, -0.241626710921, -1.0, -1.0, 2.0, 2.0, -1.0, -1.0, 1.22528948046, -1.0, 0.0, 3.0, 0.480457776144, 1.0, -0.585575650103, 2.69335899072, 1.0, 1.0, 2.0, -1.0, 0.0, 0.0, -1.0, 2.0, -1.0, 0.0, 0.550128233227, 3.0, 1.0, 0.0, -1.0, 1.0, 2.16845140156, 0.0, -0.459057073782, 2.0, 1.64980216329, -1.0, -1.0, -1.0, 1.0, 1.89112424996, 97105.0, 475.0, 99597.0
-1.0, -1.0, 0.0, -1.0, 1.0, 0.0, 0.0, -1.0, 0.0, 0.0, -1.0, 0.988765847135, -1.0, 3.0, 2.0, 2.0, 0.272601426654, 1.38336134449, 1.0, 2.4813278903, 3.0, 0.0, 0.0, 0.0, 1.44393584539, -1.0, 2.42142456295, 1.0, 1.0, 0.62359268602, 1.0, -0.354705285099, 3.0, 2.0, 0.0, -1.0, 0.0196758786398, -1.0, 3.0, 2.62166703961, 0.0, 0.984159365987, 1.0, 3.0, 1.0, -1.0, 1.0, 2.0, 1.0, 1.0, 96678.0, 553.0, 99518.0
-1.0, 3.0, 0.0, -0.798707672999, 3.0, -1.0, 1.0, 2.0, 2.20016389614, 2.0, 1.0, -1.0, 0.267159950242, 0.0, -1.0, -1.0, -0.584914491422, 3.0, -0.670891980161, 2.0, 2.99464592225, -1.0, 0.275549160468, -1.0, 0.0, 0.0, -0.492805654467, 2.023745593, -1.0, 3.0, 0.0, 0.965498516275, 1.0, 3.0, 2.0, 2.0, 1.0, -1.0, 2.44295482408, 1.47012363513, 1.0, -1.0, 2.57504201151, -0.489300165026, 2.0, 3.0, 2.0, 0.0, 3.0, -0.417688770393, 97024.0, 514.0, 99539.0
3.0, 1.81723762574, 2.0, 2.0615342715, 3.0, 0.0, 2.0, -1.0, 2.0, 2.0, 0.0, 2.0, 1.0, 0.0, -1.0, -0.426990613813, 3.0, 3.0, -1.0, 3.0, 1.0, -0.286526987283, 2.0, 1.15415127396, -1.0, 1.16674445258, 0.0, 1.0, 0.0, -1.0, 0.0, 3.0, -1.0, 2.0, 2.0, -1.0, 1.0, 3.0, 1.68057723994, -0.464664300706, 1.0, 2.0, 1.0, 3.0, -0.263874167034, -1.0, 0.0, 0.617680019108, 1.29443844648, 1.0, 96604.0, 585.0, 99489.0
0.760539525612, -0.382135597129, 2.19024713513, 1.24372695904, 0.915865668514, 2.99550979597, 0.0, 3.0, 3.0, 3.0, 1.0, 3.0, 2.0, 2.0, 1.0, 0.0, 0.0, 1.95683492809, 1.58032452696, 2.80586050039, 2.0, 2.0, 0.894327764049, 2.02845924652, 3.0, 0.0, 0.0, 0.356213324819, -0.285233035029, 0.199792147543, 1.24109079033, 1.0, 2.0, 1.0, 0.0, -1.0, 2.0, 0.0, -1.0, 3.0, 1.0, 3.0, 2.0, 1.0, 3.0, -0.15484923607, 1.90637261729, -1.0, 2.57026870323, 2.06287877782, 96509.0, 663.0, 99454.0
-1.0, 1.7548365294, 0.0, 1.0, 3.0, 0.811820817074, 1.0, -1.0, 0.0, 3.0, 1.0, -1.0, 3.0, 0.0, -1.0, 2.8020854948, 0.0, 3.0, 1.0, 2.0, 0.182244875295, -1.0, 2.35822507971, -1.0, 0.0, 0.0, -0.694715048239, 1.0, 0.988558717088, 3.0, 0.0, -0.797658744635, 1.0, 3.0, 2.99835944508, 2.0, 1.66990953302, -1.0, 2.0, -1.0, 1.38421013868, -1.0, 2.0, 2.0, 3.0, 3.0, 2.6241738178, -0.124509509657, 3.0, 2.0, 96998.0, 556.0, 99506.0
3.0, 0.0, 2.27097441529, 2.0, 3.0, 0.0, 2.0, -1.0, 0.285537734827, 2.0, 0.0, 1.85264886948, 1.0, 0.0, -1.0, -1.0, 3.0, 0.229084424116, -1.0, 3.0, 2.91095994606, 1.0, 2.0, 1.0, -1.0, 1.0, 0.0, 1.0, 0.0, -1.0, 0.0, 3.0, -1.0, 2.0, 2.0, -1.0, 0.919551575111, 3.0, 1.80710239756, 2.40858897202, 1.0, 2.0, 1.0, 0.184322013405, 0.0, -1.0, 0.0, 1.27681259531, 1.02333964506, 1.0, 96600.0, 566.0, 99505.0
-1.0, -1.0, 0.0, -1.0, 1.0, 0.0, 0.567454647654, -1.0, 0.0, 0.0, 0.49369215443, 2.01865462121, -1.0, 3.0, 2.0, 2.0, 0.272601426654, 1.38336134449, 1.0, 2.0, 3.0, 0.0, 0.0, 0.0, 2.0, -1.0, 2.0, 1.0, 2.0, 0.62359268602, 1.0, -0.354705285099, 3.0, 2.0, 0.0, -1.0, 0.0196758786398, -1.0, 3.0, 3.0, 0.0, -1.0, 1.0, 3.0, 1.0, -1.0, 1.0, 2.0, 1.0, 1.0, 96731.0, 552.0, 99517.0
-1.0, 0.484555775309, 0.0, 1.36871854462, -0.804369582908, -1.0, 1.48601328878, -0.84749665599, 1.0, 2.0, 1.0, -1.0, 3.0, 0.0, -1.0, -1.0, 0.184874576361, 3.0, 1.0, 2.0, -0.404312092756, -1.0, 0.0, -0.967884945943, 0.0, 0.0, 0.0, 1.0, -1.0, 0.0, -0.873129723644, -0.928017485818, 1.0, 0.0, 0.130000863673, 2.0, -0.000742724215426, -1.0, 2.0, 1.12631069086, 1.0, -1.0, 2.57504201151, 2.0, 3.0, 3.0, 2.0, 0.0, 3.0, 2.76735181797, 96864.0, 498.0, 99554.0
-1.0, -1.0, 0.0, -1.0, 1.0, 1.64164279739, 0.0, -1.0, 0.0, 0.0, -1.0, 2.0, -1.0, 3.0, 2.0, 2.0, 0.0, 1.0, 1.0, 2.0, 3.0, 0.0, 0.0, 0.0, 2.0, 1.0, 2.0, 1.0, 2.0, -1.0, 1.0, -1.0, 3.0, 2.0, 0.0, -1.0, 0.0, -1.0, 3.0, 2.28042716605, -0.196319594179, -1.0, 1.0, 3.0, 1.0, -1.0, 1.0, 2.0, 1.0, 1.0, 96871.0, 518.0, 99534.0
-1.0, 3.0, 2.0, 2.0, 3.0, 1.0, 1.04915738443, 0.0, 3.0, 3.0, -0.363874733343, 0.0, 2.58607635463, 3.0, 0.0, 2.0, 0.995361079516, 0.826934248923, 0.0, 3.0, 2.0, 1.07790308067, 2.0, -0.766129714541, 3.0, 2.0, 2.0, -1.0, 0.0, 2.0, 2.98437039706, 1.0, -1.0, 1.0, 0.362266668469, -1.0, 1.0, 0.0, 2.74073171256, 0.0, 0.0, 2.0, 2.43436239448, 3.0, 1.0, 0.0, -1.0, 3.0, 0.0, 0.0, 96770.0, 626.0, 99468.0
0.16897749129, 1.0, 2.0, -1.0, 0.128289951327, 1.0, 0.498552252177, 2.37914408904, 0.0, 2.0, -1.0, -1.0, 1.78960173983, 1.04185935761, -1.0, -1.0, 3.0, 2.29424064705, 0.0, -0.999771359504, 2.0, 0.809905589623, 1.0, 0.107065710193, 3.0, 0.0, 1.0, 0.0, 2.69545576221, 0.427869599408, 1.93122362483, 1.0, 3.0, -1.0, 0.0, -0.258103993934, 3.0, 0.00368867036069, -1.0, -1.0, 1.0, 2.0, 2.02633475604, 0.0300893003456, 0.0, 0.0, 1.41040132053, 0.0, 1.54711743104, 0.0379290511737, 96482.0, 574.0, 99512.0
-1.0, 3.0, 0.0, 1.0, 3.0, -1.0, 1.0, 2.0, 2.82768756064, 2.0, 1.0, -1.0, 3.0, 0.0, -1.0, -1.0, 1.29370854478, 3.0, 1.0, 2.0, 0.0, -0.63481122903, 0.275549160468, -1.0, -0.608550348032, 0.0, 0.0, 1.0, 0.898114223553, 3.0, 0.0, 0.0, 1.39392094394, 3.0, 2.0, 2.0, 1.09491340604, -1.0, 2.3232449889, -1.0, 0.494592985445, -1.0, 2.57504201151, -0.489300165026, 3.0, 3.0, 0.369964879203, 0.113965617763, 3.0, 2.0, 96843.0, 554.0, 99514.0
3.0, 0.0, 2.0, 2.0, 3.0, -0.260201895435, 2.80635286737, 2.37394774124, 1.72820908209, 1.64283992628, 0.0, 2.0, 1.0, 0.0, -1.0, -1.0, 0.0, 3.0, -0.522431512562, 0.299654542613, 3.0, 1.0, 2.0, 1.0, -1.0, 1.0, 0.0, 1.0, 0.0, 0.486421312151, 1.71119535894, 2.02937552144, 2.40059409419, 2.0, 2.72448055465, -1.0, 0.121087988779, 0.712763226553, 2.0, 1.0, 1.0, 2.0, 0.525992271486, -0.207053512761, -0.243624944797, -1.0, 0.00334399038227, -0.189796869449, -0.404486390047, 0.637683323263, 96388.0, 615.0, 99472.0
-1.0, -1.0, 0.0, -1.0, 1.0, 0.0, 0.0, -1.0, 0.0, 0.0, -1.0, 2.01865462121, -1.0, 3.0, 2.0, 2.0, 0.272601426654, 1.38336134449, 1.0, 2.0, 3.0, 0.0, 0.0, 0.0, 2.0, -1.0, 2.34137699622, 1.0, 2.0, 0.62359268602, -0.078409655552, -0.354705285099, 3.0, 2.0, 0.0, -1.0, 0.0196758786398, -1.0, 3.0, 3.0, 0.0, -1.0, 1.0, 3.0, 1.0, -1.0, 1.0, 2.0, 1.0, 1.0, 96784.0, 534.0, 99529.0
-1.0, 3.0, 2.0, 2.0, 3.0, 1.0, 0.978589531612, 0.0, 3.0, 3.0, 0.0, 2.0, 3.0, 3.0, 0.0, 2.0, 0.995361079516, 0.0626282938728, 0.0, 3.0, 2.0, 1.0, 2.0, 0.371199321752, 3.0, 2.0, 0.0, 1.02260452927, -1.0, 2.0, 1.0, 1.21286458921, -0.396175485244, 1.0, 0.362266668469, -1.0, 0.456115995951, 0.0, 2.74073171256, 3.0, 0.0, 2.0, -0.880227822532, 3.0, 1.0, 0.0, 1.90637261729, 3.0, 0.0, 0.0, 96602.0, 652.0, 99450.0
-1.0, 3.0, 2.0, 2.0, 3.0, 1.0, 1.04915738443, 0.0, 3.0, 3.0, 0.0, 2.0, 3.0, 3.0, 0.0, 2.0, 0.995361079516, 0.826934248923, 0.0, 3.0, 2.0, 1.0, 2.0, 0.371199321752, 3.0, 2.0, 0.0, 1.02260452927, -1.0, 2.0, 1.0, 1.21286458921, -1.0, 1.0, 0.362266668469, -1.0, 0.456115995951, 0.0, 2.74073171256, 3.0, 0.0, 2.0, 2.0, 3.0, 1.0, 0.0, 1.90637261729, 3.0, 0.0, 0.0, 96627.0, 649.0, 99451.0
-1.0, 1.0, 0.193427171105, 0.0, -1.0, 1.0, 1.0, 3.0, 2.06743258034, -0.241626710921, -1.0, -1.0, 2.0, 2.0, -1.0, 0.0, 1.22528948046, -1.0, 0.0, 3.0, 1.0, 1.0, -0.585575650103, 2.18671212942, 1.0, 1.0, 2.0, -1.0, 0.0, 0.0, -1.0, 2.0, -1.0, 0.0, 0.550128233227, 3.0, 1.0, 0.0, -1.0, 1.0, 2.16845140156, 0.0, -0.459057073782, 2.0, 1.64980216329, -1.0, -1.0, -1.0, 1.0, 0.787267860786, 97015.0, 494.0, 99581.0
-1.0, 3.0, 0.0, 1.0, 3.0, -1.0, 1.0, 2.0, -0.302053295645, -0.214422389021, 1.0, -1.0, 3.0, 0.0, -1.0, -1.0, 1.68981808034, 3.0, 0.732574005179, 2.0, 1.51362050173, 0.206040879157, 1.0, -1.0, 0.0, 0.0, 0.0, 1.0, -1.0, 2.7409988011, -0.316190267259, 0.0, 1.0, 2.69879890525, 0.548073025227, 2.0, 1.0, -1.0, 0.752693781829, -1.0, 1.0, -1.0, 2.0, 1.0, 3.0, 3.0, 2.0, 0.0, 3.0, 1.13989778988, 96730.0, 562.0, 99511.0
-1.0, -1.0, -1.0, -1.0, -0.5324496695, 0.0, 1.63642051962, -1.0, 0.0, -0.520685889987, -1.0, 1.49047250469, -1.0, 3.0, 2.0, 2.0, 0.0, 0.0610602670127, 1.0, 2.0, 2.67707030064, 2.22035166165, 1.38031434353, -0.306422994898, 2.0, -1.0, 2.0, 1.0, 2.0, -1.0, 1.0, -1.0, 3.0, 2.0, 0.0, -1.0, 0.0, -1.0, 3.0, 3.0, 3.0, -1.0, -0.352297349899, 1.88531668531, 1.0, -1.0, 2.0, 0.7914465702, 1.80253318, 2.0, 97460.0, 463.0, 99590.0
-1.0, -1.0, -1.0, -1.0, 0.674352786786, -0.260201895435, 1.04915738443, -1.0, 0.314851070233, 0.935098755848, -1.0, 1.49047250469, -1.0, 0.819651262341, 2.0, 1.18811179368, 0.889935942956, 0.914441749823, 1.42970132647, 2.0, 2.0, 2.22035166165, 2.7686302627, 0.0, 2.0, -0.980101159816, 2.0, 0.506037051552, 2.0, -0.177891691118, 1.0, -0.937132381075, 3.0, 2.12867625473, 0.362266668469, -1.0, 0.0, -1.0, 3.0, 3.0, 3.0, -1.0, -0.900881460572, 3.0, 1.0, -1.0, 1.0, 0.7914465702, 1.80253318, -0.987552245128, 97163.0, 489.0, 99563.0
-1.0, -1.0, 1.45194310274, -1.0, -0.5324496695, 0.0, 0.0, -1.0, 0.0, 0.0, -0.804868885851, 1.49047250469, -1.0, 3.0, 2.0, 2.0, 0.0, 0.0610602670127, 1.0, 2.0, 3.0, 2.17112681334, 0.0, 0.0, -1.0, -1.0, 2.0, 1.0, 2.0, -1.0, 1.98163269301, -0.0571103221765, 2.50775747297, 2.0, 0.0, -1.0, 0.0, -1.0, 3.0, 1.04741915119, 3.0, -0.896433329977, -0.352297349899, 3.0, 1.0, -1.0, -0.0082324106382, 0.7914465702, 1.80253318, 0.740343814774, 97062.0, 487.0, 99565.0
0.0, 0.0, 1.0, 1.0, 1.0, 2.99550979597, 0.0, 3.0, 3.0, 3.0, 1.0, 3.0, 2.0, 2.0, 1.0, 0.0, 0.0, 1.95683492809, 1.0, 2.63819303483, 2.0, 2.0, 0.894327764049, 2.0, 3.0, 0.0, 0.0, 0.356213324819, -0.285233035029, 0.199792147543, 1.24109079033, 1.0, 2.0, 1.0, 0.0, -1.0, 2.0, 0.0, -1.0, 3.0, 1.0, 3.0, 2.0, 1.0, 3.0, -0.15484923607, 2.0, -1.0, 2.0, -1.0, 96458.0, 651.0, 99461.0
-1.0, 1.7548365294, 0.0, 1.0, 3.0, -1.0, 1.0, 2.0, 0.0, 2.45860235547, 1.0, -1.0, 3.0, 2.15042214214, -1.0, 2.8020854948, 0.0, 3.0, 1.0, 2.0, 2.28819309845, -1.0, 1.0, -1.0, -1.0, 0.0, -0.694715048239, -0.0664403155755, -1.0, 3.0, 0.0, -0.797658744635, 1.0, 3.0, 2.99835944508, 2.0, 1.0, -1.0, 2.0, -1.0, 1.38421013868, -1.0, 2.0, 1.0, 3.0, -1.0, 2.48064187191, 0.0, 3.0, 2.0, 97171.0, 513.0, 99545.0
-1.0, 0.0, 0.239867738315, 0.0, 2.0, 1.74953898982, -1.0, -1.0, 0.0, -1.0, -1.0, -0.581021717253, 1.0, 0.0, 1.0, 0.08129884277, 0.0, -1.0, 3.0, 0.0383201286767, -1.0, 0.999326857682, 1.0, 1.0, -1.0, 3.0, 0.0, 2.86567262694, 2.0, -1.0, 2.0, 0.0, -1.0, 0.0, 0.229867201284, 3.0, -0.298152574094, 0.0, 0.0, -1.0, 1.0, 3.0, 2.0, -1.0, 1.0, 3.0, 2.0, 1.0, 0.204524631638, 2.0, 96851.0, 518.0, 99567.0
3.0, 0.0, 2.00940767189, 2.77142338755, 2.25161043769, -0.260201895435, 2.80635286737, -1.0, 2.0, 2.0, -0.212632041563, 2.0, 0.410137236029, 0.0, -1.0, -1.0, 0.943947585255, 3.0, -0.522431512562, 0.299654542613, 3.0, 1.0, 2.0, 1.0, -1.0, 1.0, 0.0, 1.0, 0.0, -1.0, 0.0, 2.02937552144, 2.40059409419, 0.621031929831, 0.362266668469, -1.0, 0.0214609828421, 1.81695325483, 1.03574271516, 1.0, 1.0, 2.0, 0.525992271486, 3.0, 0.0, -1.0, 0.0, 0.0, 0.0, 0.637683323263, 96452.0, 580.0, 99495.0
-1.0, -1.0, -1.0, -1.0, -0.5324496695, 0.0, 1.04915738443, -1.0, 0.0, 0.935098755848, -1.0, 1.49047250469, -1.0, 0.819651262341, 2.0, 1.18811179368, 0.889935942956, 0.914441749823, 1.0, 2.0, 2.0, 2.22035166165, 0.0, 0.0, 2.0, -0.946105542498, 2.0, 0.506037051552, 2.0, -1.0, 1.0, -0.937132381075, 3.0, 2.0, 3.0, -1.0, 0.0, -1.0, 3.0, 3.0, 3.0, -1.0, -0.352297349899, 3.0, 1.0, -1.0, 1.0, 0.7914465702, 1.80253318, -0.987552245128, 97290.0, 467.0, 99581.0
-1.0, -1.0, 0.0, -1.0, 1.0, 0.0, 0.0, -1.0, 0.0, 0.0, -1.0, 2.0, -1.0, 3.0, 2.0, 2.0, 0.0, 1.0, 1.0, 2.0, 3.0, 0.0, 0.0, 0.0, 2.0, -1.0, 2.0, 1.0, 2.0, -1.0, 1.0, -1.0, 3.0, 2.0, 0.0, -1.0, -0.873020511859, -1.0, 3.0, 3.0, 0.0, -1.0, 1.0, 3.0, 1.0, -1.0, 1.0, 2.0, 1.0, 1.0, 97102.0, 494.0, 99562.0
-1.0, -1.0, 0.0, -1.0, 1.0, 0.0, 0.0, -1.0, 0.0, 0.0, -0.608716152467, 2.0, -1.0, 3.0, 2.0, 2.0, 0.0, 1.0, 1.0, 2.0, 3.0, 0.0, 0.0, 0.0, 2.0, -1.0, 2.0, 1.0, 2.0, -1.0, 1.0, -1.0, 3.0, 2.0, 0.0, -0.589217794961, -0.873020511859, -1.0, 3.0, 3.0, 0.0, -1.0, 1.0, 3.0, 1.0, -1.0, 1.0, 2.0, 1.0, 1.0, 97102.0, 494.0, 99562.0
-1.0, 3.0, 2.0, 2.09690410091, 3.0, 2.183885679, 1.04915738443, 0.0, 3.0, 3.0, 0.0, 2.0, 3.0, 0.0, 0.0, 2.0, 0.995361079516, 0.673767650117, 0.0, 3.0, 2.0, 1.0, 2.0, 1.0, 1.07032178392, 1.00907010068, 2.0, -1.0, -1.0, 2.0, 1.46938672485, -0.0640668317412, 1.05147848233, 1.0, 1.0, -1.0, 1.17078575727, 0.0, 1.79817893142, 2.62638022949, 2.71959009802, 2.0, 2.0, 3.0, 1.29278400437, 0.0, -1.0, 3.0, 0.0, 0.0, 96743.0, 633.0, 99465.0
-1.0, -1.0, -1.0, -1.0, -0.5324496695, 0.0, 0.0, -1.0, 0.0, 0.0, -1.0, 1.49047250469, -1.0, 3.0, 2.0, 2.0, 0.0, 1.0, 1.0, 2.0, 3.0, 2.22035166165, 0.0, 0.0, 2.0, -1.0, 2.0, 1.0, 2.0, -1.0, 1.0, -1.0, 3.0, 2.0, 0.0, -1.0, 0.0, -1.0, 3.0, 3.0, 3.0, -1.0, -0.352297349899, 3.0, 1.0, -1.0, 1.0, 0.7914465702, 1.80253318, 0.740343814774, 97217.0, 479.0, 99574.0
3.0, 1.81723762574, 2.0, 2.0615342715, 3.0, 0.0, 2.0, -1.0, 2.0, 2.0, 0.0, 2.0, 0.0267581966791, 0.0, -1.0, -0.426990613813, 0.54557220339, 3.0, -1.0, 3.0, 1.0, -0.286526987283, 2.0, 1.15415127396, -1.0, 2.7431123191, 0.395675192389, 2.03887179681, 0.0, -1.0, 0.0, 3.0, -1.0, 2.0, 2.0, -1.0, 1.0, 3.0, 1.68057723994, -0.464664300706, 1.0, -1.0, 0.683691534735, 3.0, -0.263874167034, -1.0, 0.0, 0.617680019108, 1.29443844648, 1.0, 96707.0, 566.0, 99500.0
-1.0, -1.0, 0.0, -1.0, -0.103025513624, 0.0, 0.0, -1.0, -0.880680909258, 0.0, -1.0, 2.0, -1.0, 3.0, 2.0, 2.0, 0.0, 1.0, 1.0, 2.0, 3.0, 0.0, 1.48098348807, 0.0, 2.0, -1.0, 2.0, 1.0, 2.0, -1.0, 1.0, -1.0, 3.0, 2.0, 0.0, -1.0, 0.0, -1.0, 3.0, 3.0, 0.0, -1.0, 1.0, 3.0, 1.0, -1.0, 1.0, 2.0, 1.0, 1.0, 97075.0, 488.0, 99564.0
-1.0, -0.336455933286, 0.0, -1.0, 0.603198274289, 0.0, -0.286363014505, -1.0, 0.0, 0.0, -1.0, 2.0, -1.0, 3.0, 2.0, 2.0, 0.0, -0.114625293536, 2.6290027335, 2.0, 3.0, 0.0, 0.0, 0.231896505861, 2.64455344919, -1.0, 2.0, 1.0, 0.975621130451, -1.0, 0.45880079953, -1.0, 3.0, 2.0, 0.0, -1.0, 0.0, -1.0, 3.0, 3.0, 0.0, -1.0, 1.0, 3.0, 1.0, -1.0, 1.0, 1.27526260664, 1.0, 1.0, 96734.0, 522.0, 99533.0
0.148446216494, 0.0, 1.0, 0.0, 0.0, 2.0, 2.80635286737, 3.0, -1.0, 1.0, 3.0, 2.0, -1.0, 2.0, 0.0, 2.0, 1.48988519051, 3.0, 1.0, 3.0, -0.380159091327, 1.0, 1.0, 2.0, 1.0, -1.0, 0.0, 1.0, 2.44607233215, -1.0, 0.0, 0.0829360729522, -1.0, 1.0, 1.0, 3.0, 0.807694230833, 2.0, 0.0, 2.0, 0.0, 2.0, 1.0, 2.98773847772, 2.12159977065, -1.0, -1.0, 0.0, 0.0, 0.0, 96463.0, 608.0, 99489.0
2.0, 1.0, 2.0, -1.0, -0.909697312246, 1.0, 1.0, 2.37914408904, 0.0, 0.0, -1.0, -0.232059293015, 1.0, 1.04185935761, -1.0, -1.0, 0.845003083241, 1.0, -0.430371573763, -0.7231793824, 2.0, 2.04059101285, 0.0, 0.107065710193, 3.0, 0.0, 1.0, -0.395744790416, 3.0, 0.427869599408, 0.754471967984, 1.0, 0.708331337699, -1.0, -0.45613010808, 2.0, 3.0, -1.0, -1.0, 1.1110189547, 2.0, 2.0, 1.0, 1.25307376656, 0.0, 0.0, 0.0, -0.184603973548, 1.54711743104, 2.60760035562, 96534.0, 567.0, 99515.0
-1.0, -1.0, -1.0, -1.0, -0.5324496695, 0.0, -0.165545525491, -0.728684173755, 0.0, 0.0, -1.0, 1.49047250469, -1.0, 3.0, 2.15346126498, 0.965082137395, 0.889935942956, 1.0, 1.0, 2.0, 3.0, 2.26160213834, 0.0, 0.0, 2.0, -0.946105542498, 2.0, 2.18171134471, 2.0, -1.0, 1.0, -1.0, 3.0, 2.0, 3.0, -1.0, 0.0, -1.0, 3.0, 3.0, 2.18051661544, -1.0, 1.78204000852, 3.0, 1.0, 2.56199912311, 1.0, 0.916486954528, 1.80253318, -0.393285932473, 97247.0, 497.0, 99560.0
3.0, -1.0, 0.0, -0.733842491081, 1.0, 2.0, 0.0, -1.0, -1.0, -1.0, -1.0, -1.0, 0.0, -1.0, 0.0, -1.0, 0.0, 0.0, 1.0, -1.0, -1.0, 2.0, 0.0, -1.0, 1.0, 2.0, 2.0, -1.0, 1.0, 0.0, 2.0, 3.0, 2.1250795486, 2.0, 2.0, -0.0432753378491, 2.0, 2.0, 0.0, 2.0, -1.0, -1.0, 1.0, -1.0, 1.31914316979, 1.0, 3.0, -1.0, 2.0, -0.161180732502, 97524.0, 443.0, 99629.0
0.0, 0.0, 1.0, 1.0, 1.0, 2.99550979597, 0.0, 1.17617570162, 3.0, 3.0, 1.0, 3.0, 2.0, 1.61196305347, 1.0, 0.0, 0.0, 1.95683492809, -0.7411020819, 2.63819303483, 2.0, 2.0, 0.894327764049, 2.0, 1.54128413462, 0.0, 0.0, 0.356213324819, -0.285233035029, 0.199792147543, -0.406335239051, 1.0, -0.422142824546, 1.0, -0.217529269513, -1.0, 2.0, 0.0, -0.918167988642, 3.0, 1.0, 3.0, 0.932408072562, 1.0, 3.0, -0.15484923607, 1.35046581958, -1.0, 2.0, -1.0, 96398.0, 634.0, 99474.0
0.642421745179, 3.0, 2.0, 2.0, 3.0, 2.183885679, 1.04915738443, 0.0, 3.0, 3.0, 0.0, 2.0, 3.0, 0.0, 0.0, 2.0, 0.995361079516, 1.0, 0.0, 3.0, 2.0, 1.0, 2.0, 1.0, 1.07032178392, 2.0, 2.0, -1.0, -1.0, 2.0, 1.46938672485, -0.0640668317412, 1.05147848233, 1.0, 1.0, -1.0, 1.17078575727, 0.0, 1.79817893142, 2.30482443606, 0.0, 2.0, 2.0, 3.0, 1.0, 0.0, -1.0, 3.0, 0.0, 0.0, 96617.0, 652.0, 99455.0
-1.0, 3.0, 2.56944251787, 2.0, 3.0, 1.0, 1.41667852692, -0.487549759829, 3.0, 3.0, 0.0, 2.0, 3.0, 3.0, 0.0, 2.0, 0.995361079516, 2.02174171202, 0.0, 3.0, 2.0, 1.0, 2.0, 0.545647526529, 3.0, 2.0, 1.54047880416, -0.651872849301, -1.0, 2.0, 1.97474909999, 1.0, -1.0, 1.0, 2.0, 0.306252241752, 2.91142440566, 0.0, 2.98693906599, -0.121984328536, 0.0, 2.0, 2.9503247709, 3.0, 1.0, 0.0, 2.77761221996, 3.0, 0.662233701502, 0.0, 96895.0, 650.0, 99455.0
-1.0, -1.0, -1.0, -1.0, -0.5324496695, 1.6728925112, -0.312546832529, -1.0, 0.0, -0.949442342556, -1.0, 1.0, -1.0, 3.0, 2.0, 2.0, 0.0, 1.0, 0.722629907734, 2.0, -1.0, 2.22035166165, 1.85812411321, 0.0, 2.0, -1.0, 2.0, 2.91258855373, 2.0, -1.0, 1.0, -1.0, 3.0, 2.0, 0.229867201284, -1.0, 0.0, -1.0, 0.0, 3.0, 3.0, -1.0, -0.352297349899, 3.0, 1.0, -1.0, 2.93749628234, 0.7914465702, 1.80253318, 1.16633087474, 97514.0, 448.0, 99604.0
-0.704604330759, 2.0, -0.800016267069, 0.0, -1.0, 2.0, -1.0, 2.0, -1.0, -1.0, 0.0, 1.0, -1.0, 0.0385389873208, 1.0, 1.0, -1.0, 1.0, -1.0, 3.0, 3.0, 2.0, 0.0, 0.0, 1.0, 2.0, -0.174960165118, -1.0, -1.0, 0.0, 0.0, -1.0, -0.504838152126, -1.0, 0.0, 3.0, -0.336161730743, 2.0, 0.0, -1.0, 2.0, 2.0, 1.0, 1.0, 2.0, -1.0, 2.03565092037, -1.0, 2.0, 3.0, 97339.0, 466.0, 99618.0
-1.0, -1.0, -1.0, -1.0, -0.5324496695, 0.0, 0.0, -1.0, 0.0, 0.0, -1.0, 1.49047250469, -1.0, 3.0, 2.0, 2.0, 0.0, 1.0, 1.0, 2.0, 2.67707030064, 2.22035166165, 1.38031434353, 0.0, 2.0, -1.0, 2.0, 1.0, 2.0, -1.0, 1.0, -1.0, 3.0, 2.0, 0.0, -1.0, 0.0, -1.0, 3.0, 3.0, 3.0, -1.0, -0.352297349899, 1.88531668531, 1.0, -1.0, 2.0, 0.7914465702, 1.80253318, 2.0, 97240.0, 479.0, 99574.0
3.0, -1.0, 0.0, -0.733842491081, 1.0, 2.0, 0.0, -0.7266436405, -0.464683035931, -1.0, -1.0, -1.0, 0.0, -1.0, 0.0, -1.0, 0.0, 0.0, 1.0, -1.0, -1.0, 2.0, 0.275549160468, -1.0, 1.0, 2.0, 2.69149474668, -1.0, 1.0, 3.0, 2.0, 3.0, 2.1250795486, 2.0, 2.0, -0.0432753378491, 2.0, 2.0, 0.0, 2.0, -1.0, -1.0, 1.0, -1.0, 1.31914316979, 0.598002047562, 3.0, -1.0, 2.0, -0.161180732502, 97462.0, 461.0, 99613.0
3.0, -1.0, 0.0, -0.733842491081, 0.969569985432, 2.0, 0.0, -1.0, -1.0, -1.0, -1.0, -0.898979886648, 0.0, -1.0, 0.0, -1.0, 0.0, 0.0, 1.0, -1.0, -1.0, 2.0, 0.0, -1.0, 1.0, 2.0, 2.0, -1.0, 1.0, 0.0, 2.0, 3.0, 2.79164219963, 2.0, 2.0, 1.0, 2.0, 2.0, 0.648703262385, 2.0, -1.0, -1.0, 1.0, -1.0, 1.31914316979, 1.0, 3.0, -0.454113837331, 2.0, 0.0, 97423.0, 462.0, 99611.0
-1.0, 1.0, 0.193427171105, 0.0, -1.0, 1.0, 1.0, 3.0, 0.0497618529916, 1.58312570438, -1.0, -1.0, 2.0, -0.260142155421, -1.0, -1.0, 1.22528948046, -1.0, 1.03787717, 3.0, 0.480457776144, 1.0, -0.585575650103, 2.69335899072, 1.0, 1.0, 2.0, -1.0, 0.0, 0.0, -1.0, 2.0, -1.0, 0.0, 0.550128233227, 3.0, 1.0, 0.0, -1.0, 1.0, 2.16845140156, 0.0, -0.459057073782, 2.0, 2.97666190836, -1.0, -1.0, -1.0, 1.0, 1.89112424996, 97149.0, 475.0, 99597.0
-1.0, -1.0, 0.0, -1.0, 0.366155867016, 2.27936767692, 1.0, -1.0, 0.0, -0.434751975, 1.0, 2.0, 0.641930235856, -1.0, 0.358120805866, -1.0, 2.0, -1.0, 2.0, 2.0, 3.0, -1.0, 1.0, 1.0, 1.0, -0.243113256202, 2.46696694984, 1.0, 1.0, -1.0, 2.0, -1.0, 0.0, -0.565725455069, 2.0, -0.448804822495, -0.979837624772, 3.0, 0.188139737188, 0.864102400951, 1.0, 2.0, -0.758539430224, 0.436103318547, 1.0, 1.0, -1.0, -1.0, 3.0, 1.32133916045, 97075.0, 488.0, 99588.0
3.0, 0.0, 2.0, 2.0, 3.0, -0.260201895435, 2.80635286737, 2.37394774124, 1.72820908209, 2.0, 0.0, 2.0, 1.0, 0.0, -1.0, -1.0, 0.0, 3.0, -0.522431512562, 0.299654542613, 3.0, 1.0, 2.0, 1.0, -1.0, 1.0, 0.0, 1.0, 0.0, -1.0, 0.0, 2.02937552144, 2.40059409419, 2.0, 2.0, -1.0, 0.121087988779, 1.7528157898, 2.0, 1.0, 1.0, 2.0, 0.525992271486, 3.0, 0.0, -1.0, 0.0, -0.189796869449, 0.0, 0.637683323263, 96504.0, 599.0, 99485.0
-1.0, -1.0, -1.0, -1.0, -0.5324496695, 0.0, -0.165545525491, -1.0, 0.0, 0.0, -1.0, 1.49047250469, -1.0, 3.0, 0.721256022669, 1.18811179368, 0.889935942956, 0.914441749823, 1.0, 2.0, 3.0, 2.22035166165, 0.0, 0.0, 2.0, -0.946105542498, 2.0, 0.506037051552, 2.0, -1.0, 1.0, -1.0, 3.0, 2.0, 3.0, -1.0, 0.0, -1.0, 3.0, 3.0, 3.0, -1.0, -0.352297349899, 3.0, 1.0, -1.0, 1.0, 0.7914465702, 1.80253318, -0.987552245128, 97304.0, 467.0, 99581.0
3.0, 0.0, 2.87046489386, 2.0, 3.0, -0.260201895435, 2.0, -1.0, 2.17906670942, 2.0, -0.188836593293, 2.0, 1.0, 0.0, -1.0, -1.0, 3.0, 3.0, -0.522431512562, 0.299654542613, 3.0, 1.0, 2.0, 1.0, -1.0, 1.0, 0.0, 0.424288432418, 0.0, -1.0, 0.0, 2.02937552144, 2.40059409419, 2.0, 2.0, -1.0, 0.0214609828421, 2.28720272143, 1.03574271516, 1.81266373636, 1.0, 1.6350498194, 0.525992271486, 0.98568561464, 0.0, -1.0, 0.0, 0.0, -0.0606085661207, 0.637683323263, 96490.0, 580.0, 99495.0
3.0, 1.81723762574, 2.0, 2.0615342715, 3.0, 0.0, 2.0, -0.739726514964, 2.0, 2.0, 0.0, 2.0, 0.0267581966791, 0.0, -1.0, 1.22574382043, 0.54557220339, 3.0, -1.0, 3.0, 1.0, -0.286526987283, 2.0, 1.15415127396, -1.0, 2.7431123191, 0.395675192389, 2.03887179681, 0.0, -1.0, 0.0, 3.0, -1.0, 2.0, 2.0, -1.0, 1.0, 3.0, 1.68057723994, -0.464664300706, 1.0, -1.0, -0.497177907546, 2.94160792908, -0.305188551176, -1.0, 0.0, 0.617680019108, 1.29443844648, 1.0, 96722.0, 566.0, 99500.0
3.0, 3.0, 0.0, 0.348465245098, -1.0, 3.0, 0.0, 2.0, 3.0, 3.0, 0.49369215443, -0.787899562336, 0.0, 2.93075253469, -1.0, 2.0, 1.0, 1.0, -1.0, 3.0, 1.0, 1.0, 2.44160143594, 3.0, 2.0, 3.0, 1.0, 1.69300753713, 1.0, 2.65042852803, 0.0, 0.0, 1.0, 3.0, 0.23479657439, 1.0, 0.0, 2.57876134031, 0.0, -1.0, 0.425109694137, -1.0, 0.0, 0.800819435214, -0.944927724955, 2.0, -1.0, -1.0, 2.0, -1.0, 96989.0, 563.0, 99513.0
-1.0, 3.0, 0.0, 1.0, 3.0, -1.0, -0.0694923821959, -0.84749665599, 1.0, 2.0, 1.0, -1.0, 3.0, 0.0, -1.0, -1.0, 0.0, 3.0, 1.0, 2.0, -0.404312092756, -1.0, 0.275549160468, -1.0, 0.0, 0.0, 0.0, 1.0, -1.0, 3.0, -0.873129723644, -0.752442093755, 1.0, 0.0, 0.130000863673, 2.0, 1.0, -1.0, 2.0, 1.12631069086, 1.0, -1.0, 2.57504201151, 2.0, 3.0, 3.0, 2.0, 0.0, 3.0, 2.0, 96943.0, 515.0, 99540.0
2.97447934901, 0.0, 2.19024713513, 1.24372695904, -0.344857250136, 2.99550979597, 0.0, 3.0, 3.0, 3.0, 1.0, 3.0, 2.0, 2.0, 1.0, 0.0, 0.0, 1.95683492809, 1.58032452696, 2.80586050039, 2.0, 2.0, 0.894327764049, 2.02845924652, 3.0, 0.0, 0.0, 0.356213324819, -0.285233035029, 0.199792147543, 1.24109079033, 1.0, 2.0, 1.0, 0.0, -1.0, 2.0, 0.0, -1.0, 3.0, 1.0, 3.0, 2.0, 1.0, 3.0, -0.15484923607, 1.90637261729, -1.0, 2.57026870323, -1.0, 96551.0, 651.0, 99461.0
3.0, 0.0, 2.0, 2.0, 3.0, 0.0, 2.80635286737, -0.9365675554, 2.0, 2.0, 0.0, 2.0, 1.0, 0.0, -1.0, -0.702027542992, 2.22769360974, 3.0, -0.522431512562, 0.299654542613, 3.0, 1.0, 2.0, 1.0, -1.0, 1.0, 0.0, 1.0, -0.384249109227, -1.0, 0.0, 2.02937552144, -1.0, 2.0, 2.0, -1.0, 0.0214609828421, 3.0, 1.03574271516, 1.0, 1.0, 2.0, 0.525992271486, 3.0, 0.0, -1.0, 0.0, 0.0, 0.0, 1.0, 96603.0, 566.0, 99505.0
0.0, 0.0, 1.0, 1.0, 1.0, 3.0, 0.122487390743, 3.0, 1.06539181275, 3.0, 1.0, 3.0, 2.0, 2.0, 1.0, 0.0, -0.396778163093, 0.0, 1.0, 2.0, 2.0, 2.0, 3.0, 1.77087552525, 3.0, 0.681963423393, 0.0, 0.356213324819, -1.0, 0.199792147543, 3.0, 1.0, 2.0, 1.0, 0.0, -0.034661313703, 2.0, 0.0, -1.0, 3.0, 1.0, 3.0, 2.0, 1.0, 2.12478133703, -0.15484923607, 2.0, -1.0, 2.0, -1.0, 96477.0, 648.0, 99465.0
1.59125666585, 3.0, 1.18280331915, 2.0, 3.0, 1.0, 1.04915738443, 0.0, 3.0, 1.11932089516, 0.0, 2.0, 3.0, 3.0, 0.0, 2.0, 0.995361079516, 1.0, 0.0, 3.0, 2.0, 1.0, -0.527637256341, 1.9974125084, 3.0, 2.0, 2.0, -1.0, -1.0, 2.0, 1.0, 1.0, -1.0, 1.0, 1.0, 2.0, 0.636034103979, 0.0, 1.31063818111, 0.0, 0.0, 2.0, 2.0, 3.0, 1.0, 0.0, -1.0, 3.0, 0.0, 0.0, 96647.0, 643.0, 99468.0
3.0, 0.0, 2.0, 2.0, 3.0, -0.260201895435, 2.80635286737, -0.507894198166, 1.72820908209, 1.64283992628, 0.0, 2.0, 1.0, 0.0, -1.0, -1.0, 0.0, 3.0, -0.522431512562, 0.299654542613, 3.0, 2.09964490772, 2.0, 2.97848691615, -1.0, 1.25105904236, 0.0, 1.0, 0.0, 0.486421312151, 1.71119535894, 2.16777771868, 2.66224366441, 2.0, 2.72448055465, -1.0, 0.121087988779, 0.712763226553, 2.0, 1.0, 1.0, 2.0, 0.525992271486, -0.207053512761, -0.243624944797, -1.0, 0.00334399038227, -0.189796869449, -0.941178928724, 0.637683323263, 96606.0, 586.0, 99494.0
-1.0, 3.0, 0.0, 1.0, 3.0, -1.0, 1.0, 2.0, -0.302053295645, 2.0, 1.0, -1.0, 3.0, 0.0, -1.0, -1.0, 1.68981808034, 3.0, -0.243472136178, 2.0, 1.51362050173, -1.0, 1.0, -1.0, 0.0, 0.0, 0.0, 1.0, -1.0, 2.7409988011, -0.316190267259, 0.0, 1.0, 2.69879890525, 0.548073025227, 2.0, 1.0, -1.0, 0.752693781829, -1.0, 1.0, -1.0, 2.0, 1.0, 3.0, 3.0, 2.0, 0.0, 3.0, 2.0, 96859.0, 550.0, 99519.0
2.0, 1.0, 2.0, -1.0, -0.804369582908, 1.0, 1.0, 2.37914408904, 0.0, 0.0, -1.0, -1.0, 1.0, 1.04185935761, -1.0, -1.0, 3.0, 1.0, 0.0, -0.999489085678, 2.0, 2.04059101285, 0.0, 0.107065710193, 3.0, 0.0, 1.0, 0.0, 3.0, 0.427869599408, 0.754471967984, 1.0, 3.0, -1.0, 0.0, 2.0, 3.0, -1.0, -1.0, -1.0, 2.0, 2.0, 1.0, 2.0, 0.0, 0.0, 0.0, 0.0, 1.54711743104, 2.0, 96774.0, 543.0, 99536.0
-1.0, 3.0, 2.0, 2.0, 3.0, 1.0, 1.04915738443, 0.0, 3.0, 3.0, 0.0, 0.0, 2.58607635463, 3.0, 0.0, 2.0, 0.995361079516, 0.826934248923, 0.0, 3.0, 2.0, 1.0, 2.0, -0.766129714541, 3.0, 2.0, 2.0, -1.0, -1.0, 2.0, 2.67834186481, 1.0, -1.0, 1.0, 0.362266668469, -1.0, 0.456115995951, 0.0, 2.74073171256, 0.0, 0.0, 2.0, 2.0, 3.0, 1.0, 0.0, -1.0, 3.0, 0.0, 0.0, 96855.0, 608.0, 99482.0
-1.0, -1.0, 0.0, -1.0, 1.0, 0.0, 0.0, -1.0, 0.0, 0.0, -0.608716152467, -0.513751064005, -1.0, 3.0, 1.41956580444, 2.0, 0.0, 2.31265068255, 1.0, 2.0, 3.0, 0.0, 0.0, 0.0, 2.0, -1.0, 2.0, 1.0, 2.0, -1.0, 1.0, -1.0, 3.0, 2.0, 0.0, -0.589217794961, -0.873020511859, -1.0, 3.0, 3.0, 0.0, -1.0, 1.0, 3.0, 1.0, 2.321394035, 1.0, 2.0, 1.0, 1.0, 97089.0, 498.0, 99558.0
-1.0, 1.0, 0.193427171105, 0.0, -1.0, 1.0, 1.0, 3.0, 2.06743258034, 0.0, -1.0, -1.0, 2.0, 2.0, -1.0, 0.0, 1.0, -1.0, 0.0, 3.0, 1.0, 1.0, 2.0, -0.037869288932, 1.0, 1.84513396537, 2.0, -1.0, 0.0, 0.0, -1.0, 2.77601292282, -1.0, 0.0, 0.550128233227, 3.0, 1.0, 1.32240308457, -1.0, 1.0, 2.0, 0.285429069445, -0.459057073782, 2.0, 1.0, -1.0, -1.0, 0.391382027752, 2.81077241228, 2.0, 96833.0, 523.0, 99550.0
-1.0, -1.0, 2.38683278166, 1.0, 2.0, 1.0, 0.0, -0.881413157455, 1.0, 1.0, 3.0, 2.73351771754, 3.0, 3.0, 0.775802927191, 3.0, 1.86958758002, 3.0, 1.18066220647, 0.257642012797, -0.281051800925, 2.0, 2.45397449563, -1.0, 3.0, 1.74472167832, 2.0, 0.0, -1.0, 0.0, 0.0, 2.38206481182, 3.0, 1.0, 2.0, 2.76511844831, -1.0, 1.0, 3.0, 3.0, 1.38217965069, 1.0, 0.0, 3.0, 2.0, 1.48392116625, 2.0, 0.0, 0.0, 0.0, 96785.0, 620.0, 99477.0
-0.704604330759, 2.0, -0.800016267069, 0.0, -1.0, 2.0, 0.897672938576, 2.0, -1.0, 1.02369742983, 0.0, 1.0, -1.0, 0.0385389873208, 1.0, 1.0, -1.0, 1.02307033757, -1.0, 3.0, 3.0, 2.0, 0.0, 0.0, 1.0, 2.0, -0.174960165118, -1.0, -1.0, 0.0, 0.0, -1.0, -0.504838152126, -1.0, 0.0, 3.0, -0.336161730743, 2.54123406142, 0.0, -1.0, 2.0, 2.0, 1.0, 1.0, 2.0, -1.0, 2.03565092037, -1.0, 2.0, 3.0, 97096.0, 493.0, 99585.0
-1.0, 1.0, 0.193427171105, 0.0, -1.0, 0.692500620845, 2.046260728, 3.0, 2.06743258034, 1.09373023026, -1.0, -1.0, 2.0, 2.0, 1.20427401484, 1.35869951816, 1.0, -1.0, 0.0, 3.0, 1.0, 1.0, 2.02358794283, -0.037869288932, 1.0, 1.84513396537, 2.0, -1.0, -0.408187025651, 0.0, -1.0, 2.0, -1.0, 0.0, 0.550128233227, 3.0, 0.493867977504, 0.0, -1.0, 1.0, 0.978314367536, 0.0, -0.459057073782, 0.0802120399538, 1.0, -1.0, -1.0, -1.0, 2.0, 2.0, 96898.0, 521.0, 99565.0
-1.0, 3.0, 0.0, 1.0, 3.0, -1.0, 1.0, -0.84749665599, 1.0, 2.0, 1.0, -0.359758620591, 3.0, 0.0, -1.0, -1.0, 0.0, 3.0, 1.0, 2.0, -0.404312092756, -1.0, 0.275549160468, -1.0, -0.787716987941, 0.0, 0.0, 1.0, -1.0, 3.0, -0.873129723644, 0.0, 1.0, 0.0, 2.0, 2.0, 1.0, -1.0, 2.0, 1.12631069086, 1.0, -1.0, 2.57504201151, 0.0413555289287, 3.0, 3.0, 2.0, 0.0, 3.0, 2.0, 96886.0, 527.0, 99533.0
-1.0, -1.0, -1.0, -1.0, -0.5324496695, 0.0, -0.165545525491, -0.566466123084, 0.0, 0.0, -1.0, 1.49047250469, -1.0, 3.0, 2.15346126498, 0.965082137395, 0.889935942956, 1.0, 1.0, 2.0, 3.0, 2.22035166165, 0.0, 0.0, 2.0, -0.946105542498, 2.0, 2.18171134471, 2.0, -1.0, 1.0, -1.0, 3.0, 2.0, 3.0, -1.0, 0.0, -1.0, 3.0, 3.0, 3.0, -1.0, 1.78204000852, 3.0, 1.0, 2.56199912311, 1.0, 0.7914465702, 1.80253318, 0.740343814774, 97278.0, 497.0, 99560.0
-1.0, -1.0, -1.0, -1.0, -0.5324496695, 0.0, 0.0, -0.738466013912, 0.0, 0.0, 0.289208402141, 1.49047250469, -1.0, 3.0, 1.89415994961, -0.449593008006, 0.0, 0.0610602670127, 0.233864150102, 2.0, 3.0, 2.22035166165, 0.0, 0.0, -1.0, -1.0, 2.0, 1.0, 2.0, -1.0, 1.0, -1.0, 3.0, 2.0, 0.0, 2.0, 0.0, -1.0, 3.0, 3.0, 2.89410621437, -1.0, -0.352297349899, 3.0, 1.0, -1.0, 2.93904007596, 0.7914465702, 1.80253318, 0.740343814774, 97008.0, 498.0, 99561.0
-1.0, 1.7548365294, 0.0, 1.0, 3.0, -1.0, 1.0, 2.0, 0.0, 2.0, 1.0, -1.0, 3.0, 0.0, -1.0, 2.8020854948, 0.0, 3.0, 1.0, 2.0, 0.0, -1.0, 1.0, -1.0, 0.0, 0.0, -0.694715048239, 1.0, -1.0, 3.0, 0.0, -0.797658744635, 1.0, 3.0, 2.99835944508, 2.0, 1.0, -1.0, 2.0, -1.0, 1.38421013868, -1.0, 2.0, 1.0, 3.0, 3.0, 2.0, 0.0, 3.0, 2.0, 96982.0, 545.0, 99522.0
2.0, 1.0, 2.0, -1.0, -0.804369582908, 1.0, 1.0, 2.77502936869, 0.338713956613, 0.0, 0.0, -1.0, 1.0, 1.04185935761, -1.0, -1.0, 3.0, 1.0, 0.0, -0.999489085678, 2.0, 2.04059101285, 0.0, 0.107065710193, 3.0, 0.0, 1.0, 0.0, 3.0, 0.427869599408, 0.754471967984, 1.0, 3.0, -1.0, 0.0, 2.0, 3.0, -1.0, -1.0, -1.0, 2.0, 2.0, 1.0, 1.64282236446, 0.0, 0.0, 0.0, 0.0, 1.54711743104, 2.0, 96676.0, 561.0, 99524.0
0.0, 0.0, 1.0, 1.06097964303, 0.0, 3.0, 0.0, 3.0, 3.0, 3.0, 1.0, 3.0, -0.164683262855, 2.0, 1.0, -0.0898701044727, 0.0, 0.0, 2.0, 2.1659478497, 2.0, 2.0, 2.55708523655, 2.0, 3.0, 0.448555906029, 0.648160548986, 0.356213324819, -1.0, 0.199792147543, 3.0, 1.0, 2.0, 1.0, 0.0, -0.089183714236, 2.0, -0.18817210743, -1.0, 3.0, 0.512410382543, 3.0, 2.0, 1.0, 2.0, -0.7549032069, 2.0, -1.0, 2.0, -1.0, 96631.0, 630.0, 99479.0
