-1.0, 1.0, -1.0, 2.0, -1.0, 1.0, 3.0, 3.0, 1.0, -1.0, -1.0, -1.0, -1.0, -1.0, 2.0, 1.0, 1.0, 1.0, -1.0, -1.0, -1.0, 2.0, 0.0, 1.0, 1.0, -1.0, -1.0, 0.0, 0.0, 1.0, 1.0, 0.0, 2.0, 0.0, 2.0, 2.0, -1.0, -1.0, -1.0, 2.0, 1.0, 0.0, 1.0, -1.0, 1.0, -1.0, 3.0, -1.0, 0.0, 3.0, 97253.0, 440.0, 99582.0
1.0, 0.0, 0.0, 0.0, 0.0, 0.0, 1.0, 0.0, 1.0, 0.0, 0.0, 0.0, 0.0, 0.0, 0.0, 0.0, 0.0, 0.0, 0.0, 1.0, 1.0, 1.0, 0.0, 0.0, 0.0, 0.0, 2.0, 1.0, 0.0, 0.0, 0.0, 0.0, 0.0, 0.0, 0.0, 0.0, 0.0, 0.0, 0.0, 0.0, 0.0, 0.0, 0.0, 0.0, 0.0, 2.0, 0.0, 0.0, 2.0, 2.0, 94863.0, 707.0, 99380.0
1.0, -1.0, 0.0, 0.0, 0.0, 0.0, 1.0, 1.0, 0.0, 0.0, 1.0, 0.0, 0.0, 0.0, 2.0, 0.0, 0.0, 0.0, 2.0, 2.0, 0.0, 1.0, 0.0, 0.0, 1.0, 0.0, 2.0, 1.0, 0.0, 0.0, 1.0, 0.0, 2.0, 1.0, 1.0, 0.0, 0.0, 0.0, 1.0, 1.0, 0.0, 1.0, 0.0, 0.0, 0.0, 0.0, 0.0, 0.0, 0.0, 0.0, 95181.0, 689.0, 99395.0
3.0, 0.0, 1.0, 1.0, 1.0, 0.0, 0.0, 1.0, 1.0, 2.0, -1.0, 2.0, 3.0, 0.0, 0.0, 2.0, 2.0, 1.0, 0.0, -1.0, 0.0, 3.0, 2.0, 3.0, 1.0, 0.0, 2.0, 3.0, 3.0, 0.0, 0.0, -1.0, 1.0, 0.0, 1.0, 2.0, -1.0, 0.0, -1.0, 0.0, 2.0, 1.0, 0.0, 0.0, 2.0, 3.0, 2.0, -1.0, 1.0, 3.0, 96113.0, 614.0, 99441.0
3.0, 0.0, 1.0, 1.0, 1.0, 0.0, 3.0, 1.0, 1.0, 2.0, -1.0, 2.0, 3.0, 0.0, 0.0, 1.0, 1.0, 1.0, 0.0, -1.0, 1.0, 3.0, 2.0, 1.0, 1.0, -1.0, 2.0, 3.0, 3.0, 0.0, 2.0, 3.0, 1.0, 0.0, 1.0, 2.0, -1.0, 0.0, -1.0, 3.0, 2.0, 1.0, 0.0, 0.0, 2.0, 3.0, 2.0, 3.0, 1.0, 3.0, 96342.0, 633.0, 99426.0
-1.0, -1.0, -1.0, 2.0, -1.0, 0.0, 3.0, 3.0, 0.0, -1.0, -1.0, -1.0, -1.0, -1.0, 2.0, -1.0, 1.0, 1.0, -1.0, 2.0, 1.0, 0.0, 0.0, 1.0, 2.0, -1.0, -1.0, 0.0, 0.0, 0.0, 1.0, 0.0, 2.0, 2.0, 0.0, 2.0, -1.0, -1.0, -1.0, 2.0, 0.0, 0.0, 0.0, 1.0, 1.0, -1.0, 3.0, -1.0, 0.0, 3.0, 96992.0, 448.0, 99566.0
3.0, 0.0, 1.0, 1.0, 1.0, 0.0, 0.0, 1.0, 1.0, 2.0, -1.0, 2.0, 3.0, 0.0, 0.0, 2.0, 2.0, 1.0, 0.0, -1.0, 0.0, 3.0, 2.0, 1.0, 1.0, 0.0, 2.0, 3.0, 3.0, 0.0, 0.0, -1.0, 1.0, 0.0, 1.0, 2.0, -1.0, 0.0, -1.0, 3.0, 2.0, 0.0, 0.0, 0.0, 2.0, -1.0, 2.0, -1.0, 1.0, 3.0, 96176.0, 597.0, 99450.0
0.0, 1.0, 0.0, -1.0, -1.0, 3.0, 3.0, 3.0, 0.0, -1.0, -1.0, -1.0, -1.0, -1.0, 2.0, -1.0, 1.0, 1.0, -1.0, 2.0, -1.0, 2.0, 0.0, 1.0, 2.0, -1.0, -1.0, 0.0, 0.0, 1.0, 1.0, 0.0, 2.0, 2.0, 0.0, 2.0, -1.0, -1.0, -1.0, 2.0, 1.0, 0.0, 0.0, -1.0, 1.0, -1.0, 3.0, -1.0, 0.0, 3.0, 97159.0, 462.0, 99563.0
0.0, 1.0, 0.0, -1.0, -1.0, 3.0, 3.0, 3.0, 0.0, -1.0, -1.0, 0.0, -1.0, 0.0, 2.0, -1.0, 1.0, 1.0, -1.0, 2.0, 1.0, 2.0, 0.0, 1.0, 2.0, 2.0, -1.0, 0.0, 0.0, 1.0, 1.0, 0.0, 2.0, 2.0, 0.0, 2.0, -1.0, -1.0, -1.0, 2.0, 1.0, 0.0, 0.0, -1.0, 1.0, -1.0, 3.0, -1.0, 0.0, 3.0, 96689.0, 508.0, 99512.0
-1.0, 0.0, 1.0, 1.0, 1.0, 0.0, 3.0, 1.0, 1.0, 2.0, -1.0, 2.0, 3.0, 0.0, 0.0, 2.0, 1.0, 1.0, 0.0, -1.0, 1.0, 3.0, 2.0, 1.0, 1.0, 0.0, 2.0, 3.0, 3.0, 0.0, 2.0, -1.0, 1.0, 0.0, 1.0, 2.0, -1.0, 0.0, -1.0, 3.0, 2.0, 1.0, 0.0, 0.0, 2.0, 3.0, 2.0, 3.0, 1.0, 1.0, 96263.0, 610.0, 99440.0
3.0, 0.0, 1.0, 1.0, 1.0, 0.0, 3.0, 1.0, 1.0, 2.0, -1.0, 0.0, 3.0, 0.0, 0.0, 2.0, 1.0, 1.0, 0.0, -1.0, 1.0, 3.0, 2.0, 1.0, 1.0, 0.0, 2.0, 3.0, 3.0, 0.0, 2.0, -1.0, 1.0, 0.0, 1.0, 2.0, -1.0, 0.0, -1.0, 3.0, 2.0, 1.0, 0.0, 0.0, 2.0, 3.0, 2.0, 3.0, 1.0, 0.0, 96153.0, 625.0, 99432.0
-1.0, 1.0, 2.0, -1.0, -1.0, 0.0, 2.0, 3.0, 1.0, -1.0, -1.0, -1.0, -1.0, 2.0, 1.0, 1.0, -1.0, 3.0, -1.0, 2.0, 2.0, 2.0, 1.0, 3.0, 1.0, 2.0, 2.0, -1.0, -1.0, 0.0, 1.0, -1.0, 3.0, 0.0, 2.0, -1.0, 1.0, 1.0, 0.0, 0.0, 3.0, 0.0, 0.0, 1.0, 2.0, -1.0, 0.0, -1.0, -1.0, 0.0, 97002.0, 472.0, 99548.0
-1.0, 0.0, 0.0, 0.0, 2.0, 2.0, 1.0, 3.0, 1.0, 1.0, -1.0, 0.0, 3.0, 0.0, 0.0, 1.0, 2.0, 2.0, 1.0, 2.0, -1.0, 0.0, 1.0, 3.0, 2.0, 1.0, 1.0, 1.0, -1.0, 0.0, 0.0, -1.0, 1.0, 2.0, 1.0, -1.0, 0.0, 3.0, 2.0, 1.0, 2.0, 0.0, 3.0, 0.0, -1.0, -1.0, 2.0, 3.0, 1.0, 2.0, 96308.0, 590.0, 99466.0
-1.0, -1.0, 2.0, -1.0, 1.0, 3.0, 0.0, 3.0, 0.0, 0.0, -1.0, 0.0, -1.0, 0.0, 0.0, 0.0, 3.0, 1.0, 0.0, 2.0, 1.0, 2.0, 1.0, 2.0, 1.0, 2.0, -1.0, 0.0, 0.0, 0.0, 1.0, 0.0, 3.0, 0.0, 0.0, -1.0, -1.0, 0.0, 1.0, 2.0, -1.0, 0.0, 2.0, 1.0, 1.0, 2.0, -1.0, 1.0, -1.0, 3.0, 96549.0, 537.0, 99505.0
-1.0, -1.0, -1.0, -1.0, -1.0, 0.0, 0.0, 2.0, 2.0, -1.0, -1.0, 0.0, -1.0, 3.0, 1.0, 0.0, 1.0, 3.0, 3.0, -1.0, 0.0, 0.0, 2.0, 3.0, 2.0, 2.0, 1.0, -1.0, 0.0, 1.0, 0.0, -1.0, 2.0, -1.0, 1.0, 0.0, -1.0, -1.0, 0.0, 1.0, 0.0, 1.0, 1.0, 1.0, 1.0, 2.0, 1.0, 2.0, -1.0, 0.0, 96778.0, 468.0, 99559.0
-1.0, -1.0, -1.0, 2.0, -1.0, 0.0, 0.0, 2.0, 2.0, -1.0, -1.0, 0.0, -1.0, 3.0, 1.0, 0.0, 1.0, 3.0, 1.0, -1.0, 0.0, 0.0, 2.0, 3.0, 2.0, 2.0, 1.0, -1.0, 0.0, 1.0, 0.0, 3.0, 2.0, -1.0, 1.0, 0.0, -1.0, -1.0, 0.0, 1.0, 0.0, 1.0, 1.0, 1.0, 1.0, 2.0, 1.0, 2.0, -1.0, 0.0, 96646.0, 503.0, 99538.0
0.0, 1.0, -1.0, -1.0, -1.0, 0.0, 3.0, 3.0, 1.0, -1.0, -1.0, -1.0, -1.0, -1.0, 0.0, -1.0, 1.0, 1.0, -1.0, 2.0, 0.0, 2.0, 0.0, 1.0, 2.0, -1.0, -1.0, 0.0, 0.0, 1.0, 1.0, 0.0, 2.0, 2.0, 0.0, 2.0, -1.0, -1.0, -1.0, 2.0, 2.0, 0.0, 1.0, -1.0, 1.0, -1.0, 2.0, 3.0, 0.0, 2.0, 97045.0, 464.0, 99557.0
-1.0, -1.0, -1.0, 2.0, -1.0, 0.0, 0.0, 2.0, 2.0, -1.0, -1.0, 0.0, -1.0, 3.0, 1.0, 0.0, 1.0, 3.0, 3.0, -1.0, 0.0, 0.0, 2.0, 3.0, 2.0, 2.0, 1.0, -1.0, 0.0, 1.0, 0.0, -1.0, 2.0, -1.0, 1.0, 0.0, -1.0, -1.0, 0.0, 1.0, 0.0, 1.0, 1.0, 1.0, 1.0, 2.0, 1.0, 2.0, -1.0, 0.0, 96727.0, 484.0, 99551.0
3.0, 0.0, 1.0, 1.0, 1.0, 0.0, 3.0, 1.0, 1.0, 2.0, -1.0, 0.0, 3.0, 0.0, 0.0, 2.0, 1.0, 1.0, 0.0, -1.0, 1.0, 3.0, 2.0, 1.0, 1.0, 0.0, 2.0, 3.0, 3.0, 0.0, 2.0, -1.0, 1.0, 0.0, 1.0, 2.0, -1.0, 0.0, -1.0, 3.0, 2.0, 1.0, 0.0, 0.0, 2.0, 3.0, 2.0, 3.0, 1.0, 0.0, 96153.0, 625.0, 99432.0
0.0, 1.0, 0.0, -1.0, -1.0, 3.0, 3.0, 3.0, 0.0, -1.0, -1.0, -1.0, -1.0, -1.0, 2.0, -1.0, 1.0, 1.0, -1.0, 2.0, -1.0, 2.0, 0.0, 1.0, 2.0, -1.0, -1.0, 0.0, 0.0, 1.0, 1.0, 0.0, 2.0, 2.0, 0.0, 2.0, -1.0, -1.0, -1.0, 2.0, 1.0, 0.0, 0.0, -1.0, 1.0, -1.0, 3.0, -1.0, 0.0, 3.0, 97159.0, 462.0, 99563.0
-1.0, 1.0, 3.0, 1.0, 1.0, 1.0, 0.0, 1.0, 1.0, 0.0, -1.0, 3.0, -1.0, 2.0, 3.0, 3.0, 0.0, 1.0, 2.0, 2.0, 1.0, 0.0, 2.0, 3.0, 2.0, 2.0, -1.0, -1.0, 0.0, 1.0, 0.0, 0.0, 0.0, 1.0, 2.0, 3.0, -1.0, -1.0, -1.0, 3.0, 2.0, 3.0, -1.0, -1.0, 2.0, -1.0, 1.0, -1.0, 0.0, 3.0, 96859.0, 531.0, 99499.0
-1.0, 1.0, 2.0, -1.0, -1.0, 0.0, 2.0, 3.0, 1.0, -1.0, 3.0, 0.0, -1.0, 2.0, 1.0, 1.0, -1.0, 3.0, -1.0, 2.0, 2.0, 2.0, 1.0, 3.0, 1.0, 2.0, 2.0, -1.0, -1.0, 0.0, 1.0, -1.0, 3.0, 0.0, 2.0, -1.0, 1.0, 1.0, 0.0, 0.0, 3.0, 0.0, 0.0, 1.0, 2.0, -1.0, 0.0, -1.0, -1.0, 0.0, 96819.0, 499.0, 99524.0
-1.0, 1.0, 2.0, -1.0, -1.0, 0.0, 2.0, 3.0, 1.0, -1.0, 3.0, 0.0, -1.0, 2.0, 1.0, 1.0, -1.0, 3.0, 1.0, -1.0, 2.0, 2.0, 1.0, 3.0, 1.0, 2.0, 2.0, -1.0, -1.0, 0.0, 1.0, -1.0, 3.0, 0.0, 2.0, -1.0, 1.0, 1.0, 0.0, 0.0, 3.0, 0.0, 0.0, 1.0, 2.0, -1.0, 0.0, -1.0, -1.0, 0.0, 96818.0, 493.0, 99531.0
-1.0, 0.0, 1.0, 3.0, -1.0, 1.0, 3.0, 2.0, 0.0, 0.0, 1.0, 0.0, 0.0, 0.0, 2.0, 0.0, 2.0, 1.0, -1.0, 0.0, 0.0, 1.0, 0.0, 2.0, 2.0, 2.0, -1.0, 0.0, 3.0, 0.0, 2.0, -1.0, -1.0, 0.0, -1.0, -1.0, -1.0, -1.0, 0.0, 1.0, 3.0, 1.0, 0.0, 2.0, 2.0, -1.0, 0.0, 2.0, 2.0, 2.0, 96590.0, 547.0, 99493.0
-1.0, 1.0, 3.0, -1.0, -1.0, 0.0, 1.0, 3.0, 2.0, -1.0, -1.0, 0.0, 1.0, 2.0, 1.0, 1.0, -1.0, 3.0, -1.0, -1.0, 2.0, 2.0, 1.0, 3.0, 1.0, 2.0, 2.0, 0.0, 0.0, 0.0, 0.0, -1.0, 2.0, 0.0, 2.0, -1.0, 1.0, 1.0, 0.0, 3.0, 3.0, 0.0, 0.0, 3.0, 2.0, -1.0, 0.0, 0.0, 0.0, 3.0, 96689.0, 540.0, 99487.0
-1.0, -1.0, 1.0, 2.0, -1.0, 0.0, 3.0, 3.0, 0.0, -1.0, -1.0, 2.0, -1.0, -1.0, 2.0, -1.0, 1.0, 1.0, -1.0, 2.0, 1.0, 0.0, 0.0, 1.0, 2.0, -1.0, -1.0, 0.0, 0.0, 0.0, 1.0, 0.0, 2.0, 2.0, 0.0, 2.0, -1.0, -1.0, -1.0, 2.0, 0.0, 0.0, 0.0, 1.0, 1.0, -1.0, 3.0, -1.0, 0.0, 3.0, 96796.0, 478.0, 99536.0
3.0, 0.0, 1.0, 1.0, 1.0, 0.0, 3.0, 1.0, 1.0, 2.0, -1.0, 2.0, 3.0, 0.0, 0.0, 1.0, 1.0, 1.0, 0.0, -1.0, 1.0, 3.0, 2.0, 1.0, 1.0, -1.0, 2.0, 3.0, 3.0, 0.0, 2.0, -1.0, 1.0, 0.0, 1.0, 2.0, -1.0, 0.0, -1.0, 3.0, 2.0, 1.0, 0.0, 0.0, 2.0, 3.0, 2.0, 3.0, 1.0, 3.0, 96385.0, 614.0, 99439.0
-1.0, 0.0, 3.0, -1.0, -1.0, 0.0, 1.0, 3.0, 1.0, 1.0, -1.0, 0.0, 1.0, 2.0, 1.0, 1.0, -1.0, 3.0, 1.0, -1.0, 2.0, 2.0, 1.0, 3.0, 1.0, 2.0, 2.0, 0.0, 0.0, 0.0, 0.0, -1.0, 2.0, 0.0, 2.0, -1.0, 1.0, 1.0, 0.0, 3.0, 3.0, 0.0, 0.0, 3.0, 2.0, -1.0, 0.0, 0.0, 0.0, 3.0, 96506.0, 568.0, 99469.0
-1.0, 1.0, 2.0, -1.0, -1.0, 0.0, 2.0, 3.0, 1.0, -1.0, -1.0, 0.0, 0.0, 2.0, 1.0, 1.0, -1.0, 3.0, 1.0, -1.0, 2.0, 2.0, 1.0, 3.0, 1.0, 2.0, 2.0, -1.0, -1.0, 0.0, 1.0, -1.0, 3.0, 0.0, 2.0, -1.0, 1.0, 1.0, 0.0, 0.0, 3.0, 0.0, 0.0, 1.0, 2.0, -1.0, 0.0, -1.0, 0.0, 0.0, 96644.0, 507.0, 99515.0
-1.0, 1.0, 3.0, -1.0, -1.0, 0.0, 1.0, 3.0, 1.0, -1.0, -1.0, 0.0, 1.0, 2.0, 1.0, 1.0, -1.0, 3.0, 1.0, -1.0, 2.0, 2.0, 1.0, 3.0, 1.0, 2.0, 2.0, 0.0, 1.0, 0.0, 0.0, -1.0, 2.0, 2.0, 0.0, -1.0, 1.0, -1.0, 0.0, 3.0, 0.0, 0.0, 0.0, 0.0, 2.0, -1.0, 0.0, 0.0, 0.0, -1.0, 96555.0, 529.0, 99507.0
-1.0, 3.0, 2.0, 1.0, 1.0, 1.0, 0.0, 1.0, 1.0, 0.0, -1.0, 3.0, -1.0, 2.0, 3.0, 3.0, 0.0, 1.0, 2.0, 2.0, 1.0, 0.0, 2.0, 3.0, 2.0, 2.0, -1.0, -1.0, 0.0, 1.0, 0.0, 0.0, 0.0, 1.0, 2.0, 3.0, -1.0, 0.0, -1.0, 3.0, 2.0, 3.0, -1.0, 1.0, 2.0, 1.0, 1.0, -1.0, 0.0, 0.0, 96507.0, 572.0, 99464.0
-1.0, 1.0, 2.0, -1.0, -1.0, 0.0, 2.0, 3.0, 1.0, -1.0, -1.0, 0.0, 0.0, 2.0, 1.0, 1.0, -1.0, 3.0, 1.0, -1.0, 2.0, 2.0, 1.0, 3.0, 1.0, 2.0, 1.0, -1.0, -1.0, 0.0, 1.0, -1.0, 3.0, 0.0, 2.0, -1.0, 1.0, 1.0, 0.0, 0.0, 3.0, 0.0, 0.0, 1.0, 2.0, -1.0, 0.0, 0.0, 0.0, 0.0, 96563.0, 518.0, 99506.0
0.0, 1.0, 0.0, -1.0, -1.0, 3.0, 3.0, 3.0, 0.0, -1.0, -1.0, -1.0, -1.0, 0.0, 2.0, -1.0, 1.0, 1.0, -1.0, 2.0, -1.0, 2.0, 0.0, 1.0, 2.0, -1.0, -1.0, 0.0, 0.0, 1.0, 1.0, 0.0, 2.0, 2.0, 0.0, 2.0, -1.0, -1.0, -1.0, 2.0, 1.0, 0.0, 0.0, -1.0, 1.0, -1.0, 3.0, -1.0, 0.0, 3.0, 96995.0, 476.0, 99546.0
-1.0, 1.0, 2.0, -1.0, -1.0, 0.0, 2.0, 3.0, 1.0, -1.0, -1.0, 0.0, 0.0, 2.0, 1.0, 1.0, -1.0, 3.0, 1.0, -1.0, 2.0, 2.0, 1.0, 3.0, 1.0, 2.0, 1.0, -1.0, -1.0, 0.0, 1.0, -1.0, 3.0, 0.0, 2.0, -1.0, 1.0, 1.0, 0.0, 0.0, 3.0, 0.0, 0.0, 1.0, 2.0, -1.0, 0.0, 0.0, 0.0, 0.0, 96563.0, 518.0, 99506.0
-1.0, -1.0, 1.0, 2.0, -1.0, 0.0, 3.0, 3.0, 0.0, -1.0, -1.0, 2.0, -1.0, -1.0, 2.0, -1.0, 1.0, 1.0, -1.0, 2.0, 1.0, 0.0, 0.0, 1.0, 2.0, -1.0, -1.0, 0.0, 0.0, 0.0, 1.0, 0.0, 2.0, 2.0, 0.0, 2.0, -1.0, -1.0, -1.0, 2.0, 0.0, 0.0, 0.0, 1.0, 1.0, -1.0, 3.0, -1.0, -1.0, 3.0, 96940.0, 466.0, 99553.0
0.0, 1.0, -1.0, -1.0, -1.0, 0.0, 3.0, 3.0, 1.0, -1.0, -1.0, -1.0, -1.0, -1.0, 0.0, -1.0, 1.0, 1.0, -1.0, 2.0, 0.0, 2.0, 0.0, 1.0, 2.0, -1.0, -1.0, 0.0, 0.0, 1.0, 1.0, 0.0, 2.0, 2.0, 0.0, 2.0, -1.0, -1.0, -1.0, 2.0, 2.0, 0.0, 1.0, -1.0, 1.0, -1.0, 2.0, 3.0, 0.0, 2.0, 97045.0, 464.0, 99557.0
-1.0, 1.0, 3.0, 1.0, 1.0, 1.0, 0.0, 1.0, 1.0, 0.0, -1.0, 3.0, -1.0, 2.0, 3.0, 3.0, 0.0, 1.0, 2.0, 2.0, 1.0, 0.0, 2.0, 3.0, 2.0, 2.0, -1.0, -1.0, 0.0, 1.0, 0.0, 0.0, 0.0, 1.0, 2.0, 3.0, -1.0, -1.0, -1.0, 3.0, 2.0, 3.0, -1.0, 1.0, 2.0, -1.0, 1.0, -1.0, 0.0, 3.0, 96730.0, 543.0, 99484.0
-1.0, 0.0, 3.0, 1.0, 2.0, 1.0, 0.0, 2.0, 1.0, 0.0, -1.0, 3.0, -1.0, 2.0, 3.0, 3.0, 0.0, 1.0, 0.0, 2.0, 1.0, 0.0, 2.0, 3.0, 2.0, -1.0, -1.0, -1.0, 0.0, 1.0, 0.0, 2.0, 0.0, 1.0, 2.0, 3.0, 1.0, 0.0, -1.0, 3.0, 2.0, 3.0, -1.0, 1.0, 2.0, 1.0, 1.0, -1.0, 0.0, 3.0, 96564.0, 578.0, 99460.0
-1.0, -1.0, 1.0, 2.0, -1.0, 0.0, 3.0, 3.0, 0.0, -1.0, -1.0, -1.0, -1.0, -1.0, 2.0, -1.0, 1.0, 1.0, -1.0, 2.0, 0.0, 0.0, 0.0, 1.0, 2.0, -1.0, -1.0, 0.0, 0.0, 1.0, 1.0, 0.0, 2.0, 2.0, 0.0, 2.0, -1.0, -1.0, -1.0, 2.0, 0.0, 0.0, 1.0, 1.0, 1.0, -1.0, 3.0, -1.0, 0.0, 3.0, 96917.0, 467.0, 99551.0
-1.0, 0.0, 1.0, 1.0, 1.0, 0.0, 3.0, 1.0, 1.0, 2.0, -1.0, 2.0, 3.0, 0.0, 0.0, 2.0, 1.0, 1.0, 0.0, -1.0, 1.0, 3.0, 2.0, 1.0, 1.0, 0.0, 2.0, 3.0, 3.0, 0.0, 2.0, -1.0, 1.0, 0.0, 1.0, 2.0, -1.0, 0.0, -1.0, 3.0, 2.0, 1.0, 0.0, 0.0, 2.0, 3.0, 2.0, 3.0, 1.0, 1.0, 96263.0, 610.0, 99440.0
-1.0, 0.0, 2.0, -1.0, -1.0, 0.0, 2.0, 3.0, 1.0, -1.0, -1.0, 0.0, -1.0, 2.0, 1.0, 1.0, -1.0, 3.0, 1.0, -1.0, 2.0, 2.0, 1.0, 3.0, 1.0, 2.0, 2.0, -1.0, -1.0, 0.0, 1.0, -1.0, 3.0, 0.0, 2.0, -1.0, 1.0, 1.0, 0.0, 0.0, 3.0, 0.0, 0.0, 1.0, 2.0, -1.0, 0.0, -1.0, -1.0, 0.0, 96806.0, 477.0, 99540.0
3.0, 0.0, 1.0, 1.0, 1.0, 0.0, 0.0, 1.0, 1.0, 2.0, -1.0, 2.0, 3.0, 0.0, 0.0, 2.0, 2.0, 1.0, 0.0, 2.0, 0.0, 3.0, 2.0, 3.0, 1.0, 0.0, 2.0, 3.0, 3.0, 0.0, 0.0, -1.0, 1.0, 0.0, 1.0, 2.0, -1.0, 0.0, -1.0, 3.0, 2.0, 1.0, 0.0, 0.0, 2.0, 3.0, 3.0, -1.0, 1.0, 3.0, 96166.0, 631.0, 99427.0
-1.0, 1.0, 3.0, -1.0, -1.0, 0.0, 1.0, 3.0, 1.0, -1.0, -1.0, 0.0, 1.0, 2.0, 1.0, 1.0, -1.0, 3.0, 1.0, -1.0, 2.0, 2.0, 1.0, 3.0, 1.0, 2.0, 2.0, 0.0, 1.0, 0.0, 0.0, -1.0, 2.0, 2.0, 0.0, -1.0, 1.0, -1.0, 0.0, 3.0, 0.0, 0.0, 0.0, 0.0, 2.0, -1.0, 0.0, 0.0, 0.0, -1.0, 96555.0, 529.0, 99507.0
3.0, 0.0, 1.0, 1.0, 1.0, 0.0, 3.0, 1.0, 1.0, 2.0, -1.0, 2.0, 3.0, 0.0, 0.0, 1.0, 1.0, 1.0, 0.0, -1.0, 1.0, 3.0, 2.0, 1.0, 1.0, -1.0, 2.0, 3.0, 3.0, 0.0, 2.0, -1.0, 1.0, 0.0, 1.0, 2.0, -1.0, 0.0, -1.0, 3.0, 2.0, 1.0, 0.0, 0.0, 2.0, 3.0, 2.0, 3.0, 1.0, 3.0, 96385.0, 614.0, 99439.0
-1.0, 3.0, 3.0, 1.0, 2.0, 1.0, 0.0, -1.0, 1.0, 0.0, -1.0, 3.0, -1.0, 2.0, 3.0, 3.0, 0.0, 1.0, 0.0, 2.0, 1.0, 0.0, 2.0, 3.0, 2.0, 2.0, -1.0, -1.0, 0.0, 0.0, 0.0, 2.0, 0.0, 1.0, 1.0, 3.0, 1.0, 0.0, -1.0, 3.0, 2.0, 3.0, -1.0, 1.0, 2.0, 1.0, 1.0, -1.0, 0.0, 3.0, 96614.0, 572.0, 99463.0
3.0, 0.0, 1.0, 1.0, 1.0, 0.0, 0.0, 1.0, 1.0, 2.0, -1.0, 2.0, 3.0, 0.0, 0.0, 2.0, 2.0, 1.0, 0.0, 2.0, 0.0, 3.0, 2.0, 3.0, 1.0, 0.0, 2.0, 3.0, 3.0, 0.0, 0.0, -1.0, 1.0, 0.0, 1.0, 2.0, -1.0, 0.0, -1.0, 3.0, 2.0, 1.0, 0.0, 0.0, 2.0, 3.0, 3.0, -1.0, 1.0, 3.0, 96166.0, 631.0, 99427.0
-1.0, 1.0, 2.0, -1.0, -1.0, 0.0, 2.0, 3.0, 1.0, -1.0, 3.0, 0.0, -1.0, 2.0, 1.0, 1.0, -1.0, 3.0, -1.0, 2.0, 2.0, 2.0, 1.0, 3.0, 1.0, 2.0, 2.0, -1.0, -1.0, 0.0, 1.0, -1.0, 3.0, 0.0, 2.0, -1.0, 1.0, 1.0, 0.0, 0.0, 3.0, 0.0, 0.0, 1.0, 2.0, -1.0, 0.0, -1.0, -1.0, 0.0, 96819.0, 499.0, 99524.0
-1.0, 1.0, 2.0, -1.0, -1.0, 0.0, 2.0, 3.0, 1.0, -1.0, 3.0, 0.0, 1.0, 3.0, 1.0, 1.0, -1.0, 3.0, 1.0, 2.0, 2.0, 2.0, 1.0, 3.0, 1.0, 2.0, 2.0, 0.0, 1.0, 0.0, 2.0, -1.0, 3.0, 0.0, 2.0, 0.0, 1.0, 1.0, 0.0, 2.0, 2.0, 0.0, 0.0, 1.0, 2.0, -1.0, 0.0, -1.0, 2.0, 0.0, 96428.0, 586.0, 99457.0
-1.0, 1.0, 3.0, 1.0, 1.0, 1.0, 0.0, 1.0, 1.0, 0.0, -1.0, 3.0, -1.0, 2.0, 3.0, 3.0, 0.0, 1.0, 2.0, 2.0, 1.0, 0.0, 2.0, 3.0, 2.0, 2.0, -1.0, -1.0, 0.0, 1.0, 0.0, 0.0, 0.0, 1.0, 2.0, 3.0, -1.0, -1.0, -1.0, 3.0, 2.0, 3.0, -1.0, 1.0, 2.0, -1.0, 1.0, -1.0, 0.0, 3.0, 96730.0, 543.0, 99484.0
-1.0, 0.0, 0.0, -1.0, 2.0, 2.0, 1.0, 3.0, 2.0, 1.0, -1.0, 0.0, 3.0, 0.0, 0.0, 1.0, 2.0, 1.0, -1.0, 2.0, -1.0, 0.0, 1.0, 3.0, 2.0, 1.0, 1.0, 1.0, -1.0, 0.0, 0.0, -1.0, 1.0, 2.0, 1.0, -1.0, 0.0, 3.0, -1.0, 1.0, 2.0, 0.0, 0.0, 0.0, -1.0, -1.0, 2.0, 3.0, 1.0, 2.0, 96443.0, 550.0, 99486.0
-1.0, 1.0, 2.0, -1.0, -1.0, 0.0, 2.0, 3.0, 1.0, -1.0, -1.0, 0.0, 0.0, 2.0, 1.0, 1.0, -1.0, 3.0, 1.0, -1.0, 2.0, 2.0, 1.0, 3.0, 1.0, 2.0, 2.0, -1.0, -1.0, 0.0, 1.0, -1.0, 3.0, 0.0, 2.0, -1.0, 1.0, 1.0, 0.0, 0.0, 3.0, 0.0, 0.0, 1.0, 2.0, -1.0, 0.0, -1.0, 0.0, 0.0, 96644.0, 507.0, 99515.0
-1.0, 1.0, 2.0, -1.0, -1.0, 0.0, 2.0, 3.0, 1.0, -1.0, -1.0, 0.0, -1.0, 2.0, 1.0, 1.0, -1.0, 3.0, -1.0, 2.0, 2.0, 2.0, 1.0, 3.0, 1.0, 2.0, 2.0, -1.0, -1.0, 0.0, 1.0, -1.0, 3.0, 0.0, 2.0, -1.0, 1.0, 1.0, 0.0, 0.0, 3.0, 0.0, 0.0, 1.0, 2.0, -1.0, 0.0, -1.0, -1.0, 0.0, 96838.0, 483.0, 99533.0
-1.0, 3.0, 3.0, 1.0, 1.0, 1.0, 0.0, 1.0, 1.0, 0.0, -1.0, 3.0, -1.0, 2.0, 3.0, 3.0, 0.0, 1.0, 2.0, 2.0, 1.0, 0.0, 2.0, 3.0, 2.0, 2.0, -1.0, -1.0, 0.0, 1.0, 0.0, 0.0, 0.0, 1.0, 2.0, 3.0, -1.0, 0.0, -1.0, 3.0, 2.0, 3.0, -1.0, 1.0, 2.0, 1.0, 1.0, 0.0, 0.0, 0.0, 96478.0, 583.0, 99455.0
-1.0, 1.0, 0.0, 0.0, 1.0, 2.0, 1.0, 3.0, 2.0, -1.0, -1.0, 0.0, 3.0, 0.0, 0.0, 1.0, 2.0, 2.0, -1.0, 0.0, -1.0, 0.0, 1.0, 3.0, -1.0, 0.0, 1.0, 1.0, -1.0, 0.0, 3.0, -1.0, 1.0, 2.0, 0.0, -1.0, 2.0, 0.0, -1.0, 1.0, 2.0, 0.0, 0.0, 1.0, 2.0, -1.0, -1.0, 3.0, 1.0, 2.0, 96479.0, 538.0, 99497.0
-1.0, 3.0, 3.0, 1.0, 2.0, 1.0, 0.0, 2.0, 1.0, 0.0, -1.0, 3.0, -1.0, 2.0, 3.0, 3.0, 0.0, 1.0, 0.0, 2.0, 1.0, 0.0, 2.0, 3.0, 1.0, 2.0, -1.0, -1.0, 0.0, 1.0, 0.0, 2.0, 0.0, 1.0, 2.0, 3.0, 1.0, 0.0, -1.0, 3.0, 2.0, 3.0, -1.0, 1.0, 2.0, 1.0, 1.0, -1.0, 0.0, 3.0, 96587.0, 589.0, 99453.0
-1.0, 1.0, 2.0, -1.0, -1.0, 0.0, 2.0, 3.0, 1.0, -1.0, -1.0, 0.0, -1.0, 2.0, 1.0, 1.0, -1.0, 3.0, 2.0, 2.0, 2.0, 2.0, 2.0, 3.0, 1.0, 2.0, 2.0, -1.0, -1.0, 0.0, 1.0, -1.0, 3.0, 0.0, 2.0, -1.0, 1.0, 1.0, 0.0, 0.0, 3.0, 0.0, 0.0, 1.0, 2.0, -1.0, 0.0, -1.0, -1.0, 0.0, 96804.0, 494.0, 99526.0
-1.0, 3.0, 3.0, 1.0, 1.0, 0.0, 0.0, 1.0, 1.0, 0.0, -1.0, 3.0, -1.0, 2.0, 3.0, 1.0, 0.0, 1.0, -1.0, 2.0, 1.0, 0.0, 2.0, 3.0, 2.0, 2.0, -1.0, -1.0, 0.0, 1.0, 0.0, 0.0, 2.0, 1.0, 2.0, 3.0, -1.0, 0.0, -1.0, 3.0, 2.0, 3.0, -1.0, 1.0, 2.0, 1.0, 1.0, -1.0, 0.0, 0.0, 96572.0, 561.0, 99471.0
-1.0, 0.0, 1.0, 0.0, 2.0, 2.0, 1.0, 3.0, 2.0, 1.0, -1.0, 0.0, 3.0, 0.0, 0.0, 1.0, 2.0, 2.0, -1.0, 2.0, 0.0, 0.0, 1.0, 3.0, 2.0, 0.0, 1.0, 1.0, -1.0, 0.0, 0.0, -1.0, 1.0, 2.0, 0.0, -1.0, 2.0, 0.0, -1.0, 1.0, 2.0, 0.0, 3.0, 1.0, -1.0, -1.0, -1.0, 3.0, 0.0, 2.0, 96349.0, 566.0, 99480.0
-1.0, 1.0, 3.0, -1.0, -1.0, 0.0, 1.0, 3.0, 1.0, -1.0, -1.0, 0.0, 3.0, 2.0, 1.0, 1.0, -1.0, 1.0, 1.0, -1.0, 2.0, 2.0, 2.0, 3.0, 1.0, 2.0, 2.0, 0.0, 1.0, 0.0, 0.0, -1.0, 2.0, 2.0, 2.0, -1.0, 1.0, -1.0, 0.0, 3.0, 3.0, 0.0, 0.0, 0.0, 2.0, -1.0, 0.0, 0.0, 0.0, 2.0, 96627.0, 539.0, 99491.0
-1.0, 1.0, 2.0, -1.0, -1.0, 0.0, 2.0, 3.0, 1.0, -1.0, -1.0, 0.0, -1.0, 2.0, 1.0, 1.0, -1.0, 3.0, -1.0, 2.0, 2.0, 2.0, 1.0, 3.0, 1.0, 2.0, 2.0, -1.0, -1.0, 0.0, 1.0, -1.0, 3.0, 0.0, 2.0, -1.0, 1.0, 1.0, 0.0, 0.0, 3.0, 0.0, 0.0, 1.0, 2.0, -1.0, 0.0, -1.0, -1.0, 0.0, 96838.0, 483.0, 99533.0
-1.0, 1.0, 3.0, 0.0, -1.0, 0.0, 1.0, 3.0, 1.0, 2.0, -1.0, 0.0, 1.0, 2.0, 1.0, 1.0, -1.0, 3.0, 1.0, -1.0, 2.0, 2.0, 1.0, 3.0, 1.0, 2.0, 2.0, 0.0, 0.0, 0.0, 0.0, -1.0, 2.0, 0.0, 2.0, -1.0, 1.0, 1.0, 0.0, 3.0, 3.0, 0.0, 0.0, 3.0, 2.0, -1.0, 0.0, 0.0, 0.0, 3.0, 96463.0, 584.0, 99461.0
-1.0, -1.0, 1.0, 2.0, -1.0, 0.0, 3.0, 3.0, 0.0, -1.0, -1.0, 2.0, -1.0, -1.0, 2.0, -1.0, 1.0, 1.0, -1.0, 2.0, 1.0, 0.0, 0.0, 1.0, 2.0, -1.0, -1.0, 0.0, 0.0, 0.0, 1.0, 0.0, 2.0, 2.0, 0.0, 2.0, -1.0, -1.0, -1.0, 2.0, 0.0, 0.0, 0.0, 1.0, 1.0, -1.0, 3.0, -1.0, -1.0, 3.0, 96940.0, 466.0, 99553.0
-1.0, 1.0, 3.0, 1.0, 1.0, 1.0, 0.0, 1.0, 1.0, 0.0, -1.0, 3.0, -1.0, 2.0, 3.0, 3.0, 0.0, 1.0, 2.0, 2.0, -1.0, 0.0, 2.0, 3.0, 2.0, 2.0, -1.0, -1.0, 0.0, 1.0, 0.0, 0.0, 0.0, 1.0, 2.0, 3.0, -1.0, -1.0, -1.0, 3.0, 2.0, 3.0, -1.0, 1.0, 2.0, -1.0, 1.0, -1.0, 0.0, 3.0, 96816.0, 533.0, 99496.0
-1.0, 1.0, 3.0, 1.0, 1.0, 1.0, 0.0, 1.0, 1.0, 0.0, -1.0, 3.0, -1.0, 2.0, 3.0, 3.0, 0.0, 1.0, 2.0, 2.0, 1.0, 0.0, 2.0, 3.0, 2.0, 2.0, -1.0, -1.0, 0.0, 1.0, 0.0, 0.0, 0.0, 1.0, 2.0, 3.0, -1.0, -1.0, -1.0, 3.0, 2.0, 3.0, -1.0, -1.0, 2.0, -1.0, 1.0, -1.0, 0.0, 3.0, 96859.0, 531.0, 99499.0
-1.0, 3.0, 3.0, -1.0, 2.0, 1.0, 0.0, -1.0, 1.0, -1.0, 3.0, 3.0, -1.0, 2.0, 3.0, 3.0, 0.0, 1.0, 2.0, 2.0, 1.0, 0.0, 2.0, 3.0, 1.0, 2.0, -1.0, 0.0, 0.0, 1.0, 0.0, 2.0, 0.0, 0.0, 2.0, 3.0, 1.0, 0.0, -1.0, 2.0, 2.0, 0.0, -1.0, 2.0, 2.0, 1.0, 1.0, -1.0, -1.0, 0.0, 96639.0, 559.0, 99476.0
-1.0, 0.0, 0.0, 0.0, 1.0, 2.0, 1.0, 3.0, 2.0, 1.0, -1.0, 0.0, 3.0, 0.0, 0.0, 1.0, 2.0, 2.0, -1.0, 0.0, 1.0, 0.0, 1.0, 3.0, -1.0, 1.0, 1.0, 1.0, -1.0, 0.0, 3.0, -1.0, 1.0, 2.0, 0.0, -1.0, 2.0, 0.0, -1.0, 1.0, 2.0, 0.0, 3.0, 1.0, 2.0, -1.0, -1.0, 3.0, 1.0, 2.0, 96383.0, 565.0, 99474.0
-1.0, 1.0, 2.0, -1.0, -1.0, 0.0, 2.0, 3.0, 1.0, -1.0, -1.0, 0.0, 0.0, 2.0, 1.0, 1.0, -1.0, 3.0, 1.0, -1.0, 2.0, 2.0, 1.0, 3.0, 1.0, 2.0, 2.0, -1.0, -1.0, 0.0, 1.0, -1.0, 3.0, 0.0, 2.0, -1.0, 1.0, 1.0, 0.0, 0.0, 3.0, 0.0, 0.0, 1.0, 2.0, -1.0, 0.0, -1.0, -1.0, 0.0, 96788.0, 495.0, 99532.0
-1.0, 1.0, 3.0, 1.0, 1.0, 1.0, 0.0, 1.0, 1.0, 0.0, -1.0, 3.0, -1.0, 2.0, 1.0, 3.0, 0.0, 1.0, 2.0, 0.0, 2.0, 0.0, 2.0, 3.0, 2.0, 2.0, -1.0, -1.0, 0.0, 1.0, 0.0, 0.0, 0.0, 1.0, 2.0, 3.0, -1.0, -1.0, -1.0, 3.0, 2.0, 3.0, -1.0, 1.0, 2.0, 1.0, 1.0, -1.0, 0.0, 3.0, 96582.0, 560.0, 99475.0
-1.0, 0.0, 0.0, 0.0, 2.0, 2.0, 1.0, 3.0, 2.0, 1.0, -1.0, 0.0, 3.0, 0.0, 0.0, 1.0, 2.0, 2.0, -1.0, 2.0, 1.0, 0.0, 1.0, 3.0, 2.0, 1.0, 1.0, 1.0, -1.0, 1.0, 0.0, -1.0, 3.0, 2.0, 1.0, -1.0, 0.0, 3.0, 2.0, 1.0, 2.0, 0.0, 1.0, 0.0, -1.0, -1.0, 2.0, 3.0, 0.0, 2.0, 96336.0, 589.0, 99461.0
-1.0, 0.0, 0.0, 0.0, 2.0, 2.0, 1.0, 3.0, 2.0, 1.0, -1.0, 0.0, 3.0, 0.0, 0.0, 1.0, 2.0, 2.0, -1.0, 2.0, -1.0, 0.0, 1.0, 3.0, 2.0, 1.0, 1.0, 1.0, -1.0, 0.0, 0.0, -1.0, 1.0, 2.0, 1.0, -1.0, 0.0, 3.0, 2.0, 1.0, 2.0, 0.0, 3.0, 0.0, -1.0, -1.0, 2.0, 3.0, 1.0, 2.0, 96411.0, 579.0, 99473.0
-1.0, 1.0, 2.0, -1.0, -1.0, 0.0, 2.0, 3.0, 1.0, -1.0, 3.0, 0.0, 1.0, 2.0, 1.0, 1.0, -1.0, 3.0, 1.0, 2.0, 2.0, 2.0, 1.0, 3.0, 1.0, 2.0, 2.0, 0.0, 1.0, 0.0, 2.0, -1.0, 3.0, 0.0, 2.0, -1.0, 1.0, 1.0, 0.0, 2.0, 2.0, 0.0, 0.0, 1.0, 2.0, -1.0, 0.0, -1.0, 2.0, 0.0, 96499.0, 573.0, 99466.0
-1.0, 1.0, 2.0, -1.0, -1.0, 0.0, 2.0, 3.0, 1.0, -1.0, 3.0, 0.0, 1.0, 2.0, 1.0, 1.0, -1.0, 3.0, 1.0, 2.0, 2.0, 2.0, 1.0, 3.0, 1.0, 2.0, 2.0, 0.0, 1.0, 0.0, 2.0, -1.0, 3.0, 0.0, 2.0, -1.0, 1.0, 1.0, 0.0, 2.0, 2.0, 0.0, 0.0, 1.0, 2.0, -1.0, 0.0, -1.0, 2.0, 0.0, 96499.0, 573.0, 99466.0
-1.0, 1.0, 3.0, 1.0, 1.0, 1.0, 0.0, 1.0, 1.0, 0.0, -1.0, 3.0, -1.0, 2.0, 3.0, 3.0, 0.0, 1.0, 2.0, 2.0, -1.0, 0.0, 2.0, 3.0, 2.0, 2.0, -1.0, -1.0, 0.0, 1.0, 0.0, 0.0, 0.0, 1.0, 2.0, 3.0, -1.0, -1.0, -1.0, 3.0, 2.0, 3.0, -1.0, 1.0, 2.0, -1.0, 1.0, -1.0, 0.0, 3.0, 96816.0, 533.0, 99496.0
-1.0, 1.0, 2.0, -1.0, -1.0, 0.0, 2.0, 3.0, 1.0, -1.0, 3.0, 0.0, 1.0, 3.0, 1.0, 1.0, -1.0, 3.0, 1.0, 2.0, 2.0, 2.0, 1.0, 3.0, 1.0, 2.0, 2.0, 0.0, 1.0, 0.0, 2.0, -1.0, 3.0, 0.0, 2.0, 0.0, 1.0, 1.0, 0.0, 2.0, 2.0, 0.0, 0.0, 1.0, 2.0, -1.0, 0.0, -1.0, 2.0, 0.0, 96428.0, 586.0, 99457.0
-1.0, 0.0, 0.0, 0.0, 2.0, 2.0, 1.0, 3.0, 2.0, 1.0, -1.0, 0.0, 3.0, 0.0, 0.0, 1.0, 2.0, 2.0, -1.0, 2.0, -1.0, 0.0, 1.0, 3.0, 2.0, 1.0, 1.0, 1.0, -1.0, 0.0, 0.0, -1.0, 1.0, 2.0, 1.0, -1.0, 0.0, 3.0, 2.0, 1.0, 2.0, 0.0, 3.0, 0.0, -1.0, -1.0, 2.0, 3.0, 1.0, 2.0, 96411.0, 579.0, 99473.0
-1.0, 0.0, 0.0, 0.0, 2.0, 2.0, 1.0, 3.0, 2.0, 1.0, -1.0, 0.0, 3.0, 0.0, 0.0, 1.0, 2.0, 2.0, -1.0, 2.0, -1.0, 0.0, 1.0, 3.0, 2.0, 1.0, 1.0, 1.0, -1.0, 0.0, 0.0, -1.0, 1.0, 2.0, 1.0, -1.0, 0.0, 3.0, -1.0, 1.0, 2.0, 0.0, 0.0, 0.0, -1.0, -1.0, 2.0, 3.0, 1.0, 2.0, 96371.0, 566.0, 99478.0
-1.0, 3.0, 3.0, 1.0, 1.0, 1.0, 0.0, 1.0, 1.0, 0.0, -1.0, 3.0, -1.0, 2.0, 3.0, 3.0, 0.0, 1.0, 1.0, -1.0, 1.0, 0.0, 1.0, 3.0, 2.0, 2.0, -1.0, -1.0, 0.0, 1.0, 0.0, 0.0, 0.0, 1.0, 2.0, 3.0, -1.0, 0.0, -1.0, 3.0, 2.0, 3.0, -1.0, 1.0, 2.0, 1.0, 1.0, -1.0, 0.0, 0.0, 96565.0, 555.0, 99478.0
-1.0, 1.0, 2.0, -1.0, -1.0, 0.0, 2.0, 3.0, 1.0, -1.0, -1.0, 0.0, -1.0, 2.0, 1.0, 1.0, -1.0, 3.0, 2.0, 2.0, 2.0, 2.0, 2.0, 3.0, 1.0, 2.0, 2.0, -1.0, -1.0, 0.0, 1.0, -1.0, 3.0, 0.0, 2.0, -1.0, 1.0, 1.0, 0.0, 0.0, 3.0, 0.0, 0.0, 1.0, 2.0, -1.0, 0.0, -1.0, -1.0, 0.0, 96804.0, 494.0, 99526.0
-1.0, 3.0, 3.0, 1.0, 1.0, 0.0, 0.0, 1.0, 1.0, 0.0, -1.0, 3.0, -1.0, 2.0, 3.0, 1.0, 0.0, 1.0, -1.0, 2.0, 1.0, 0.0, 2.0, 3.0, 2.0, 2.0, -1.0, -1.0, 0.0, 1.0, 0.0, 0.0, 2.0, 1.0, 2.0, 3.0, -1.0, 0.0, -1.0, 3.0, 2.0, 3.0, -1.0, 1.0, 2.0, 1.0, 1.0, -1.0, 0.0, 0.0, 96572.0, 561.0, 99471.0
0.0, 1.0, 0.0, -1.0, -1.0, 3.0, 3.0, 3.0, 0.0, -1.0, -1.0, -1.0, -1.0, 0.0, 2.0, -1.0, 1.0, 1.0, -1.0, 2.0, -1.0, 2.0, 0.0, 1.0, 2.0, -1.0, -1.0, 0.0, 0.0, 1.0, 1.0, 0.0, 2.0, 2.0, 0.0, 2.0, -1.0, -1.0, -1.0, 2.0, 1.0, 0.0, 0.0, -1.0, 1.0, -1.0, 3.0, -1.0, 0.0, 3.0, 96995.0, 476.0, 99546.0
-1.0, 3.0, 3.0, -1.0, 2.0, 1.0, 0.0, -1.0, 1.0, -1.0, 3.0, 3.0, -1.0, 2.0, 3.0, 3.0, 0.0, 1.0, 2.0, 2.0, 1.0, 0.0, 2.0, 3.0, 1.0, 2.0, -1.0, 0.0, 0.0, 1.0, 0.0, 2.0, 0.0, 0.0, 2.0, 3.0, 1.0, 0.0, -1.0, 2.0, 2.0, 0.0, -1.0, 2.0, 2.0, 1.0, 1.0, -1.0, -1.0, 0.0, 96639.0, 559.0, 99476.0
-1.0, 1.0, 3.0, -1.0, -1.0, 0.0, 1.0, 3.0, 1.0, -1.0, -1.0, 0.0, 1.0, 2.0, 1.0, 1.0, -1.0, 3.0, 1.0, -1.0, 2.0, 2.0, 1.0, 3.0, 1.0, 2.0, 2.0, 0.0, 0.0, 0.0, 0.0, -1.0, 2.0, 0.0, 2.0, -1.0, 1.0, 1.0, 0.0, 3.0, 3.0, 0.0, 0.0, 3.0, 2.0, -1.0, 0.0, 0.0, 0.0, 3.0, 96586.0, 551.0, 99480.0
-1.0, 0.0, 0.0, 0.0, 1.0, 2.0, 1.0, 3.0, 2.0, 1.0, -1.0, 0.0, 3.0, 0.0, 0.0, 1.0, 2.0, 2.0, -1.0, 0.0, -1.0, 0.0, 1.0, 3.0, -1.0, 0.0, 1.0, 1.0, -1.0, 0.0, 3.0, -1.0, 1.0, 2.0, 0.0, -1.0, 2.0, 0.0, -1.0, 1.0, 2.0, 0.0, 0.0, 1.0, 2.0, -1.0, -1.0, 3.0, 1.0, 2.0, 96399.0, 555.0, 99486.0
-1.0, 1.0, 3.0, -1.0, -1.0, 0.0, 1.0, 3.0, 1.0, -1.0, -1.0, 0.0, 1.0, 2.0, 1.0, 1.0, -1.0, 3.0, 1.0, -1.0, 2.0, 2.0, 1.0, 3.0, 1.0, 2.0, 2.0, 0.0, 0.0, 0.0, 0.0, -1.0, 2.0, 0.0, 2.0, -1.0, 1.0, 1.0, 0.0, 3.0, 3.0, 0.0, 0.0, 3.0, 2.0, -1.0, 0.0, 0.0, 0.0, 3.0, 96586.0, 551.0, 99480.0
-1.0, 0.0, 2.0, -1.0, -1.0, 0.0, 2.0, 3.0, 1.0, -1.0, -1.0, 0.0, -1.0, 2.0, 1.0, 1.0, -1.0, 3.0, 1.0, -1.0, 2.0, 2.0, 1.0, 3.0, 1.0, 2.0, 2.0, -1.0, -1.0, 0.0, 1.0, -1.0, 3.0, 0.0, 2.0, -1.0, 1.0, 1.0, 0.0, 0.0, 3.0, 0.0, 0.0, 1.0, 2.0, -1.0, 0.0, -1.0, -1.0, 0.0, 96806.0, 477.0, 99540.0
-1.0, 0.0, 1.0, 0.0, 2.0, 2.0, 1.0, 3.0, 2.0, -1.0, -1.0, 0.0, 3.0, 0.0, 0.0, 1.0, 2.0, 2.0, -1.0, 2.0, 0.0, 0.0, 1.0, 3.0, 2.0, 0.0, 1.0, 1.0, -1.0, 0.0, 0.0, -1.0, 1.0, 2.0, 0.0, -1.0, 2.0, 0.0, -1.0, 1.0, 2.0, 0.0, 3.0, 1.0, -1.0, -1.0, -1.0, 3.0, 0.0, 2.0, 96398.0, 549.0, 99491.0
-1.0, 3.0, 3.0, 1.0, 1.0, 1.0, 0.0, 1.0, 1.0, 0.0, -1.0, 3.0, -1.0, 2.0, 3.0, 3.0, 0.0, 1.0, 2.0, 2.0, 1.0, 0.0, 2.0, 3.0, 2.0, 2.0, -1.0, -1.0, 0.0, 1.0, 0.0, 0.0, 0.0, 1.0, 2.0, 3.0, -1.0, 0.0, -1.0, 3.0, 2.0, 3.0, -1.0, 1.0, 2.0, 1.0, 1.0, 0.0, 0.0, 0.0, 96478.0, 583.0, 99455.0
-1.0, -1.0, 1.0, 2.0, -1.0, 0.0, 3.0, 3.0, 0.0, -1.0, -1.0, -1.0, -1.0, -1.0, 2.0, -1.0, 1.0, 1.0, -1.0, 2.0, 0.0, 0.0, 0.0, 1.0, 2.0, -1.0, -1.0, 0.0, 0.0, 1.0, 1.0, 0.0, 2.0, 2.0, 0.0, 2.0, -1.0, -1.0, -1.0, 2.0, 0.0, 0.0, 1.0, 1.0, 1.0, -1.0, 3.0, -1.0, 0.0, 3.0, 96917.0, 467.0, 99551.0
-1.0, 0.0, 1.0, 0.0, 2.0, 2.0, 1.0, 3.0, 2.0, -1.0, -1.0, 0.0, 3.0, 0.0, 0.0, 1.0, 2.0, 2.0, -1.0, 2.0, 0.0, 0.0, 1.0, 3.0, 2.0, 0.0, 1.0, 1.0, -1.0, 0.0, 0.0, -1.0, 1.0, 2.0, 0.0, -1.0, 2.0, 0.0, -1.0, 1.0, 2.0, 0.0, 3.0, 1.0, -1.0, -1.0, -1.0, 3.0, 0.0, 2.0, 96398.0, 549.0, 99491.0
-1.0, 1.0, 2.0, -1.0, -1.0, 0.0, 2.0, 3.0, 1.0, -1.0, -1.0, 0.0, 0.0, 2.0, 1.0, 1.0, -1.0, 3.0, 1.0, -1.0, 2.0, 2.0, 1.0, 3.0, 1.0, 2.0, 2.0, -1.0, -1.0, 0.0, 1.0, -1.0, 3.0, 0.0, 2.0, -1.0, 1.0, 1.0, 0.0, 0.0, 3.0, 0.0, 0.0, 1.0, 2.0, -1.0, 0.0, -1.0, -1.0, 0.0, 96788.0, 495.0, 99532.0
-1.0, 0.0, 0.0, 0.0, 2.0, 2.0, 1.0, 3.0, 2.0, 1.0, -1.0, 0.0, 3.0, 0.0, 0.0, 1.0, 2.0, 2.0, -1.0, 2.0, -1.0, 0.0, 1.0, 3.0, 2.0, 1.0, 1.0, 1.0, -1.0, 0.0, 0.0, -1.0, 1.0, 2.0, 1.0, -1.0, 0.0, 3.0, 2.0, 1.0, 2.0, 0.0, 3.0, 0.0, -1.0, 1.0, 2.0, -1.0, 1.0, 2.0, 96374.0, 585.0, 99473.0
-1.0, 0.0, 0.0, 0.0, 2.0, 2.0, 1.0, 3.0, 2.0, 1.0, -1.0, 0.0, 3.0, 0.0, 0.0, 1.0, 2.0, 2.0, -1.0, 2.0, 1.0, 0.0, 1.0, 3.0, 2.0, 1.0, 1.0, 1.0, -1.0, 1.0, 0.0, -1.0, 3.0, 2.0, 1.0, -1.0, 0.0, 3.0, 2.0, 1.0, 2.0, 0.0, 1.0, 0.0, -1.0, -1.0, 2.0, 3.0, 0.0, 2.0, 96336.0, 589.0, 99461.0
-1.0, 3.0, 3.0, 1.0, 1.0, 1.0, 0.0, 1.0, 1.0, 0.0, -1.0, 3.0, -1.0, 2.0, 3.0, 3.0, 0.0, 1.0, 1.0, -1.0, 1.0, 0.0, 1.0, 3.0, 2.0, 2.0, -1.0, -1.0, 0.0, 1.0, 0.0, 0.0, 0.0, 1.0, 2.0, 3.0, -1.0, 0.0, -1.0, 3.0, 2.0, 3.0, -1.0, 1.0, 2.0, 1.0, 1.0, -1.0, 0.0, 0.0, 96565.0, 555.0, 99478.0
-1.0, 0.0, 0.0, 0.0, 1.0, 2.0, 1.0, 3.0, 2.0, 1.0, -1.0, 0.0, 3.0, 0.0, 0.0, 1.0, 2.0, 2.0, -1.0, 0.0, -1.0, 0.0, 1.0, 3.0, -1.0, 0.0, 1.0, 1.0, -1.0, 0.0, 3.0, -1.0, 1.0, 2.0, 0.0, -1.0, 2.0, 0.0, -1.0, 1.0, 2.0, 0.0, 0.0, 1.0, 2.0, -1.0, -1.0, 3.0, 1.0, 2.0, 96399.0, 555.0, 99486.0
-1.0, 0.0, 0.0, 0.0, 1.0, 2.0, 1.0, 3.0, 2.0, 1.0, -1.0, 0.0, 3.0, 0.0, 0.0, 1.0, 2.0, 2.0, -1.0, 0.0, 1.0, 0.0, 1.0, 3.0, -1.0, 1.0, 1.0, 1.0, -1.0, 0.0, 3.0, -1.0, 1.0, 2.0, 0.0, -1.0, 2.0, 0.0, -1.0, 1.0, 2.0, 0.0, 3.0, 1.0, 2.0, -1.0, -1.0, 3.0, 1.0, 2.0, 96383.0, 565.0, 99474.0
-1.0, 0.0, 0.0, 0.0, 2.0, 2.0, 1.0, 3.0, 2.0, 1.0, -1.0, 0.0, 3.0, 0.0, 0.0, 1.0, 2.0, 2.0, -1.0, 2.0, -1.0, 0.0, 1.0, 3.0, 2.0, 1.0, 1.0, 1.0, -1.0, 0.0, 0.0, -1.0, 1.0, 2.0, 1.0, -1.0, 0.0, 3.0, -1.0, 1.0, 2.0, 0.0, 0.0, 0.0, -1.0, -1.0, 2.0, 3.0, 1.0, 2.0, 96371.0, 566.0, 99478.0
-1.0, 1.0, 2.0, -1.0, -1.0, 0.0, 2.0, 3.0, 1.0, -1.0, 3.0, 0.0, -1.0, 2.0, 1.0, 1.0, -1.0, 3.0, 1.0, -1.0, 2.0, 2.0, 1.0, 3.0, 1.0, 2.0, 2.0, -1.0, -1.0, 0.0, 1.0, -1.0, 3.0, 0.0, 2.0, -1.0, 1.0, 1.0, 0.0, 0.0, 3.0, 0.0, 0.0, 1.0, 2.0, -1.0, 0.0, -1.0, -1.0, 0.0, 96818.0, 493.0, 99531.0
-1.0, 1.0, 3.0, -1.0, -1.0, 0.0, 1.0, 3.0, 1.0, -1.0, -1.0, 0.0, 3.0, 2.0, 1.0, 1.0, -1.0, 1.0, 1.0, -1.0, 2.0, 2.0, 2.0, 3.0, 1.0, 2.0, 2.0, 0.0, 1.0, 0.0, 0.0, -1.0, 2.0, 2.0, 2.0, -1.0, 1.0, -1.0, 0.0, 3.0, 3.0, 0.0, 0.0, 0.0, 2.0, -1.0, 0.0, 0.0, 0.0, 2.0, 96627.0, 539.0, 99491.0
-1.0, 0.0, 1.0, 0.0, 2.0, 2.0, 1.0, 3.0, 2.0, 1.0, -1.0, 0.0, 3.0, 0.0, 0.0, 1.0, 2.0, 2.0, -1.0, 2.0, 0.0, 0.0, 1.0, 3.0, 2.0, 0.0, 1.0, 1.0, -1.0, 0.0, 0.0, -1.0, 1.0, 2.0, 0.0, -1.0, 2.0, 0.0, -1.0, 1.0, 2.0, 0.0, 3.0, 1.0, -1.0, -1.0, -1.0, 3.0, 0.0, 2.0, 96349.0, 566.0, 99480.0
-1.0, 0.0, 0.0, 0.0, 2.0, 2.0, 1.0, 3.0, 2.0, 1.0, -1.0, 0.0, 3.0, 0.0, 0.0, 1.0, 2.0, 2.0, -1.0, 2.0, -1.0, 0.0, 1.0, 3.0, 2.0, 1.0, 1.0, 1.0, -1.0, 0.0, 0.0, -1.0, 1.0, 2.0, 1.0, -1.0, 0.0, 3.0, 2.0, 1.0, 2.0, 0.0, 3.0, 0.0, -1.0, 1.0, 2.0, -1.0, 1.0, 2.0, 96374.0, 585.0, 99473.0
