2.0, -0.972822610639, 0.0, -1.0, 0.0, 1.0, 1.0, 1.13177442643, 3.0, 2.0, 3.0, 1.0, 0.0, 2.0, -0.368976124069, 2.0, 3.0, -1.0, 1.0, 3.0, 1.0, -0.318095218849, 0.0, -1.0, 0.0, 1.0, 0.0, 1.0, 0.172375968428, 1.0, -0.0567818334084, 1.0, -1.0, 1.90181186962, -0.592440121786, 1.96017928015, -1.0, -1.0, 1.0, -1.0, 1.59501957447, -1.0, 2.0, -0.841903578734, 0.0, 3.0, -1.0, 0.147565680868, 1.0, 3.0, 96743.0, 547.0, 99510.0
1.0, 2.55792611389, 1.0, -0.518799503631, -1.0, 2.0, 1.0, 2.0, 1.0, 3.0, 0.0, 0.0, 1.0, 1.0, 0.0, 0.0, 1.0, 2.0, 0.0, 2.0, 2.0, 0.0, 2.0888205735, 1.0, -1.0, 0.143416144277, 1.0, -1.0, -1.0, -1.0, 2.0, 2.0, 3.0, 2.0, 0.0, -1.0, 1.0, 2.37857782483, -1.0, 0.0, 1.0, 0.0, 2.0, 3.0, -1.0, 3.0, 0.0, -1.0, 0.0, 1.0, 96340.0, 597.0, 99470.0
0.0, 1.0, -1.0, -1.0, 0.0, 1.0, 0.0, 3.0, 1.0, 3.0, 2.0, 0.0, 1.0, 0.0, 3.0, 2.0, 0.0, 1.0, 2.0, 2.0, -1.0, 1.0, 0.0, 1.0, 2.88793722678, 1.0, -0.658460685468, 0.0, 2.0, 2.40340722237, 3.0, -0.0732733156777, -0.131203096607, 1.0, -1.0, 1.08568873002, 1.88365705135, -1.0, -1.0, 3.0, 0.0, 0.0, -0.00962640206021, -1.0, -1.0, -1.0, 2.0, 0.0, -1.0, 2.0, 96433.0, 569.0, 99495.0
2.0, 1.0, 0.0, 0.0, 3.0, 1.0, 3.0, 2.0, -1.0, 3.0, -1.0, 0.0, 0.0, 1.0, 2.0, -1.0, 1.0, -1.0, 0.0, 1.0, 1.0, 1.0, 0.0, 0.0666606476735, 2.0, 0.354219513726, -1.0, 3.0, 3.0, 0.0, 2.38917764451, 0.0, 0.0, 3.0, 0.0, 1.0, 3.0, 0.0, -1.0, 0.0, 2.3831457188, 1.0, 1.78112298162, 2.0, 3.0, -1.0, -1.0, 0.0, 1.0, 2.0, 96431.0, 596.0, 99465.0
-1.0, -1.0, 0.0, 0.494918182521, 1.0, 1.31650268522, 3.0, 1.0, 2.0, 0.0, 1.0, 1.0, 0.0, 1.0, 2.0, 1.11197932398, 2.0, 3.0, 0.0, 2.0, 0.0, 3.0, 0.0, 2.0, 0.0, 1.0, 1.29126738023, 3.0, 2.0, 2.0, 3.0, 3.0, 2.0, 0.0, 2.0, 0.0, 3.0, 3.0, 2.0, 2.0, 0.0, 1.0, 1.0, 3.0, 1.0, 0.0, 0.0, 2.0, 1.0, 3.0, 95968.0, 697.0, 99391.0
0.0, 3.0, 1.51869833056, 1.0, -1.0, 0.0, 3.0, 1.0, 1.0, 0.0, 1.0, 0.0, 0.0, 0.0, 2.0, -1.0, 2.0, 0.0, 3.0, -1.0, 2.0, 2.13181050831, -1.0, 2.0, 0.0, 1.0, 0.0, 1.0, 1.0, -0.82504998652, 2.60419284835, 0.0, 2.0, 3.0, 3.0, 2.0, 1.0, 1.0, 0.0, 1.0, 0.0, 2.0, 1.0, 2.0, -1.0, 3.0, 0.0, -1.0, 1.0, -0.210724639869, 96141.0, 628.0, 99447.0
-1.0, -1.0, 3.0, 1.0, 0.0, -1.0, -1.0, 2.0, 2.0, 1.0, 3.0, 2.0, 2.0, 0.0, 3.0, -1.0, 3.0, 3.0, 0.0, -1.0, 0.0, 0.0, 0.0, 0.0, 2.0, 2.0, -1.0, -1.0, 0.0, 1.0, 1.0, 2.0, 0.0, 2.0, -1.0, 2.0, 3.0, 2.0, -1.0, 1.0, 2.0, 1.0, 1.0, 2.0, 1.0, -1.0, 1.0, 0.0, 0.0, 1.0, 96787.0, 555.0, 99507.0
2.0, 3.0, -1.0, 1.0, 1.18292080779, 0.0, 1.0, 1.0, 0.0, 2.0, 0.0, 2.0, 2.0, -1.0, -0.132476095923, 2.0, 1.0, 1.0, 1.0, 1.0, 3.0, 1.0, 1.0, 0.0, 0.0, 1.0, 0.0, -1.0, -1.0, 1.0, 2.0, 1.0, 2.0, 1.0, 2.0, 2.0, 1.0, -1.0, -0.828589737099, -1.0, 0.0, 0.0, 3.0, 2.0, 3.0, 0.0, 0.0, -1.0, 2.0, -1.0, 96164.0, 605.0, 99460.0
-1.0, 0.0, -1.0, 2.0, 3.0, 1.0, -0.424160759586, 1.0, 1.0, 0.0, 0.0, 2.0, 1.0, -1.0, 1.40750990638, 0.203959177609, 0.0, 3.0, 2.0, 0.0, -1.0, 1.0, 2.0, 0.0, 2.0, 3.0, -1.0, -1.0, 2.84012541926, -1.0, 3.0, 2.0, 0.0, 0.0, 1.0, 1.0, 0.0, 2.0, 1.0, 0.0, -1.0, 0.0, 2.0, 2.41988804154, 2.0, -0.98707310621, 3.0, 1.0, 0.839698858788, 3.0, 96218.0, 592.0, 99479.0
2.32564937406, -1.0, 0.0, -1.0, 0.0, 1.0, 1.0, 3.0, 3.0, 2.80988802153, 3.0, 1.0, 0.0, 2.58488564517, -1.0, -1.0, 0.969169118767, -1.0, -0.24074574817, 3.0, 1.0, 0.0, 0.0, -1.0, 0.0, 2.642547742, 0.0, -1.0, -1.0, 1.0, 1.0, 1.0, -1.0, 3.0, 0.0, 1.0, -1.0, -1.0, 1.0, -1.0, -1.0, -1.0, 2.0, -1.0, 0.778836217246, 3.0, -0.760777174051, 2.0, 1.0, 3.0, 97254.0, 479.0, 99567.0
1.0, -1.0, 3.0, 0.0, 3.0, 0.0, 1.0, 2.0, -1.0, 2.0, 0.0, 0.0, 1.0, 0.0, 1.0, -1.0, -1.0, 0.373229045972, 3.0, 2.0, -1.0, 0.0, 0.0, 2.0, -1.0, 1.0, 0.0, -1.0, 2.0, 1.0, -1.0, 2.0, 2.0, 0.0, 1.0, 3.0, 0.937763683443, 1.0, 2.0, 2.0, 2.0, -1.0, 0.418962813161, 2.0, 0.0, 1.43129880403, -1.0, 1.0, 0.0, -1.0, 96500.0, 560.0, 99497.0
-1.0, -1.0, 0.0, 2.0, 1.0, 0.689434162716, 3.0, 1.0, 2.0, 0.0, 1.0, 1.0, 0.0, 1.0, 2.0, 1.0, 2.0, -1.0, 0.0, 2.00631579653, 0.0, 3.0, 0.0, 2.0, 0.0, 1.0, 2.0, 2.20161417022, 2.0, 2.0, 3.0, 3.0, 2.0, 0.0, 2.0, 0.0, 3.0, 3.0, 2.0, 2.0, 0.0, 1.0, 1.0, 3.0, 0.0, 0.0, 0.0, 2.0, 1.0, 3.0, 95978.0, 681.0, 99402.0
2.0, -1.0, 0.0, -1.0, 0.0, 1.0, 1.0, 3.0, 3.0, 2.0, 3.0, 1.0, 0.0, 2.0, -1.0, 2.0, 3.0, -1.0, 1.0, 3.0, 1.0, 0.0, 0.0, -1.0, 0.0, 1.0, 0.0, 1.0, -1.0, 1.0, 1.0, 1.0, -1.0, 3.0, 0.0, 1.0, -1.0, -1.0, 1.0, -1.0, -1.0, -1.0, 2.0, -1.0, 0.0, 3.0, -1.0, 2.0, 1.0, 3.0, 97111.0, 510.0, 99544.0
1.0, 0.0, 1.0, 0.0, 1.0, 1.0, 3.0, 0.0, 1.0, 0.0, 1.0, 2.0, -1.0, 1.0, -0.355864628836, 1.0, 2.38520440016, 2.0, 0.0, -1.0, 0.0, 3.0, 3.0, -1.0, 1.0, 3.0, 0.0, 0.0, 2.5248559578, -1.0, 2.0, -1.0, 2.0, 3.0, -1.0, 0.0, 1.0, -1.0, 1.0, 2.0, -0.347697583874, 0.0, 0.0, 2.0, 2.0, -1.0, 0.0, 1.0, 2.0, -1.0, 96355.0, 591.0, 99476.0
0.0, 1.0, -1.0, -1.0, 0.0, 1.0, 0.0, 3.0, 1.0, 3.0, 2.0, 0.0, 1.0, 0.0, 3.0, 2.0, 0.0, 1.0, 2.0, 2.0, -1.0, 1.0, 0.0, 1.0, 1.72876794642, 1.0, 3.0, 0.0, 2.0, 2.40340722237, 3.0, 0.0, 0.0, 1.0, -1.0, 0.475519364768, 2.0, -1.0, -1.0, 3.0, 0.0, 0.0, 1.0, -1.0, -1.0, -1.0, 2.0, 0.0, -1.0, 2.0, 96357.0, 583.0, 99481.0
2.0, 1.0, 3.0, 2.0, 2.0, 2.0, 1.0, 1.0, 1.0, 1.0, 3.0, 1.0, 0.0, 2.0, -1.0, -0.825316095681, 2.0, 3.0, -1.0, -1.0, 1.0, 0.0, -1.0, -1.0, 3.0, 1.0, 2.0, 3.0, 1.0, 0.0, -0.863523571253, -0.471327426593, 0.0, 0.0, -1.0, 3.0, 1.0, -1.0, 0.0, -1.0, -1.0, 2.45347546348, -1.0, 2.61350521127, -1.0, -1.0, 1.0, 2.0, 2.0, 3.0, 97214.0, 508.0, 99558.0
2.0, -0.972822610639, 0.0, -1.0, 0.0, 1.0, 1.0, 3.0, 3.0, 2.0, 3.0, 1.0, 0.0, 2.0, -1.0, 2.0, 3.0, -1.0, 1.0, 3.0, 1.0, 0.0, 0.0, -1.0, 0.0, 1.0, 0.0, 1.0, -1.0, 1.0, 1.0, 1.0, -1.0, 3.0, -0.592440121786, 1.0, -1.0, -1.0, 1.0, -1.0, 1.59501957447, -1.0, 2.0, -1.0, 0.0, 3.0, -1.0, 0.147565680868, 1.0, 3.0, 97098.0, 518.0, 99535.0
3.0, 1.0, 1.0, -1.0, 0.0, 0.0, 2.0, 0.0, 2.0, 2.0, -1.0, 3.0, 3.0, 0.0, 0.0, -1.0, 2.0, 2.0, 3.0, 0.0, 1.0, 1.0, 2.0, 1.0, 2.0, 1.0, 3.0, 0.0, 2.0, 2.0, 1.0, 1.0, 0.0, 0.0, 3.0, 0.0, 1.0, 3.0, 2.0, -1.0, 1.0, 2.0, 3.0, 2.0, 1.0, 0.0, -1.0, 0.0, 1.0, 1.0, 96152.0, 645.0, 99425.0
3.0, 3.0, 0.0, -1.0, 1.0, 2.0, 1.62487367057, -1.0, 3.0, 0.0, -1.0, 1.42718066423, 0.0, 1.0, 3.0, 3.0, 1.0, 2.0, 3.0, 0.0, -1.0, 0.0, 0.0, 2.0, 1.7683798083, 2.0, 0.0, 0.0, -0.617076777076, 0.0, 1.0, 3.0, 2.0, 1.0, 2.0, 1.0, 1.0, 1.0, -1.0, -0.801350117649, 3.0, 1.0, 1.0, 2.0, 0.0, 3.0, -1.0, -1.0, 3.0, -1.0, 96604.0, 583.0, 99473.0
3.0, 3.0, 0.0, -1.0, 1.0, 2.0, 0.0, -1.0, 3.0, 0.0, -1.0, 0.0, 0.0, 1.0, 3.0, 3.0, 1.0, 2.0, 3.0, 0.0, -1.0, 0.0, 0.0, 2.0, 1.0, 2.0, 0.0, 0.0, 0.0, 0.0, 1.0, 3.0, 2.0, 1.0, 2.0, 1.0, 1.0, 1.0, -1.0, 2.0, 3.0, 1.0, 1.0, 2.0, 0.0, 3.0, -1.0, -1.0, 3.0, -1.0, 96293.0, 616.0, 99446.0
2.0, 3.0, -1.0, 1.0, 3.0, 0.0, 1.0, 1.0, 0.0, 2.0, 0.0, 2.0, 2.0, -1.0, -1.0, 2.0, 1.0, 1.0, 1.0, 1.0, 3.0, 1.0, 1.0, 0.0, 0.0, 1.0, 0.0, -1.0, -1.0, 1.0, 2.0, 1.0, 2.0, 1.0, 2.0, 2.0, 1.0, -1.0, 0.0, -1.0, 0.0, 0.0, 3.0, 2.0, 3.0, 0.0, 0.0, -1.0, 2.0, -1.0, 96315.0, 604.0, 99461.0
0.0, 2.0, 2.0, 2.0, 3.0, 0.0, 1.0, -1.0, -1.0, 1.0, 0.0, 2.0, 3.0, -0.11625318723, 0.0, 2.0, 3.0, 0.68584973337, 0.0, 2.0, 1.0, 0.0, 1.0, 0.0, 3.0, 2.0, 3.0, 2.0, 0.0, 1.0, 1.0, 1.0, 3.0, 2.0, 1.0, 3.0, 0.0, -1.0, 0.0, 0.0, -1.0, 3.0, 2.62134641861, 2.0, 0.0, 1.0, 0.0, 2.0, 1.0, 2.0, 96257.0, 662.0, 99422.0
-1.0, 1.0, 3.0, 2.0, -1.0, 2.0, 0.0, 0.0, 1.0, 0.0, 0.0, 2.0, 0.0, 1.0, -1.0, 1.0, 0.361254617815, 2.0, 1.0, 0.36466201489, 3.0, -1.0, 1.0, 3.0, 0.0, 1.0, 1.0, 2.0, -0.4798160817, 2.0, 2.1934347835, -1.0, 0.0, 0.0, 2.0, 0.0, -1.0, 1.0, -1.0, 3.0, 3.0, 0.0, 2.0, -1.0, 1.52837584922, 2.17583458641, 2.0, 1.0, 1.37816048527, -1.0, 96203.0, 604.0, 99467.0
1.0, 3.0, 1.16653409484, 1.0, 2.0, 3.0, 2.0, 0.310669429727, 1.0, 1.0, 3.0, 0.0, 0.0, 1.0, 2.0, 0.0, 1.11552445909, -1.0, 3.0, 1.0, 1.0, -1.0, 3.0, 2.0, 0.0, 2.0, 0.675143053763, 0.0, 0.0, 1.0, 0.0, 0.0, 2.0, 2.0, 2.0, -1.0, 1.0, 0.0, 1.0, 0.844539408336, -1.0, 0.0, 2.0, 0.0, -1.0, 1.0, 3.0, 3.0, 0.0, 0.00963822575341, 96086.0, 657.0, 99436.0
-1.0, 0.0, -1.0, 2.0, 3.0, 1.0, 0.0, 1.0, 1.0, 0.0, 0.0, 2.0, 1.0, -1.0, 1.0, 0.0, 0.0, 3.0, 2.0, 0.0, -1.0, 1.0, 2.0, 0.0, 2.0, 3.0, -1.0, -1.0, 3.0, -1.0, 3.0, 2.0, 0.0, 0.0, 1.0, 1.0, 0.0, 2.0, 1.0, 0.0, -1.0, 0.0, 2.0, 2.0, 2.0, 1.0, 3.0, 1.0, 2.0, 3.0, 96128.0, 611.0, 99465.0
3.0, 2.0, -1.0, -1.0, 1.0, 0.0, -0.98088707829, 2.0, 0.0, 1.0, 0.0, 1.96831292696, 0.0, -1.0, -1.0, -1.0, 1.0, 1.0, 0.0, -1.0, 3.0, 2.0, 1.0, -0.421611788175, 2.0, 3.0, -1.0, 1.0, -1.0, 1.0, 3.0, 1.0, 1.0, 1.0, 0.0, 2.0, 0.0, -0.785452757157, 3.0, 1.0, 3.0, 0.823197427457, 1.58211683679, 0.0, 0.0, 3.0, 0.0, 1.0, 0.0, 2.0, 96405.0, 577.0, 99489.0
1.0, -1.0, 3.0, 2.5926556607, 2.0, 2.0, -1.0, 2.0, -1.0, 3.0, 2.0, -1.0, 0.0, 3.0, 1.0, -1.0, -1.0, -1.0, 1.0, 2.76243868639, 3.0, 0.0, -1.0, 3.0, 0.773700736856, 3.0, 2.0, 0.0365768025418, 2.0, 0.0, -1.0, 0.0, 1.0, 1.0, 1.0, 3.0, 0.44031870487, -1.0, 3.0, 0.0, -0.0335689438372, 3.0, 2.0, -0.937023259361, 0.0, 3.0, -0.80613758691, 2.0, 1.0, 1.0, 96960.0, 539.0, 99519.0
-1.0, -1.0, 2.0, 1.0, 2.0, 1.0, 3.0, 1.0, 2.0, 0.0, 1.0, -0.276829852757, 0.0, 1.0, -1.0, 0.0, 3.0, 1.0, 3.0, 1.0, 0.0, 1.0, 3.0, -1.0, -1.0, 0.0, 3.0, 0.0, 2.0, 3.0, -1.0, -1.0, 2.0, 1.0, 3.0, 0.0, 1.0, 2.0, 1.0, 0.0, 3.0, 1.0, -0.0404966756923, 2.0, 3.0, 0.0, 0.0, -1.0, 0.0, 0.0, 96373.0, 607.0, 99456.0
3.0, 3.0, 0.0, -1.0, 1.0, 2.0, 1.62487367057, -1.0, 3.0, 0.0, -1.0, 0.0, 0.0, 1.0, 3.0, 3.0, 1.0, 2.0, 3.0, 0.0, -1.0, 0.0, 0.0, 2.0, 1.7683798083, 2.0, 0.0, 0.0, -0.617076777076, 0.0, 1.0, 3.0, 2.0, 1.0, 2.0, 1.0, 1.0, 1.0, -1.0, 2.0, 3.0, 1.0, 1.0, 2.0, 0.0, 3.0, -1.0, -1.0, 3.0, -1.0, 96513.0, 602.0, 99460.0
-0.312782379322, 3.0, 1.51869833056, 1.0, -1.0, 0.0, 3.0, 1.0, -0.848873799558, 0.0, 1.0, 0.0, 0.0, 0.0, 2.0, -1.0, 2.0, 0.0, 3.0, -1.0, 2.0, 2.13181050831, -1.0, 2.0, 0.0, 1.0, 0.0, 1.0, 1.0, -0.898975593029, -1.0, 0.0, 2.0, 3.0, 3.0, 2.0, 1.0, 1.0, -0.344637845636, 1.0, 0.0, 2.0, 1.0, 2.0, -1.0, 3.0, 0.0, -1.0, 1.0, -0.210724639869, 96270.0, 596.0, 99472.0
0.0, 3.0, -1.0, 1.0, -1.0, 0.0, 3.0, 1.0, 1.0, 1.0, 1.0, 0.0, 0.0, 0.0, 2.0, -1.0, 2.0, 0.0, 3.0, -1.0, 2.0, 2.0, -1.0, 2.0, 0.0, 1.0, 0.0, 1.0, 1.0, -1.0, 2.0, 0.0, 2.0, 3.0, 3.0, 2.0, 1.0, 1.0, 0.0, 1.0, 0.0, 2.0, 1.0, 2.0, -1.0, 3.0, 0.0, -1.0, 1.0, 0.0, 96168.0, 615.0, 99457.0
0.0, 2.0, 0.0, 3.0, 0.0, 0.0, -1.0, 0.0, 1.80718358849, 2.8009293053, 1.0, 1.0, 1.0, -1.0, 1.0, 2.0, 3.0, 2.56797937492, -1.0, 1.3051593998, -1.0, 2.74557086084, 3.0, 3.0, -1.0, 0.153638308073, 2.0, 0.0, 1.33568556729, 2.0, 1.62903373119, 1.0, 2.0, 2.0, 1.0, 0.0, 1.0, 0.0, 0.0, 0.0, 1.0, 3.0, 3.0, 1.43272049618, -1.0, 0.0, -1.0, 1.0, 0.0, 0.0, 96270.0, 619.0, 99454.0
2.0, 1.0, 3.0, 2.0, 2.0, 2.0, 1.0, 1.0, 1.0, 1.50728227693, 3.0, 1.0, 0.0, 2.0, 2.0, -0.825316095681, 2.0, 3.0, -1.0, -1.0, 1.0, 0.0, -1.0, -1.0, 3.0, 1.0, 2.0, 3.0, 1.0, 0.0, 0.0, 0.0, 0.0, 0.0, -1.0, 3.0, 1.0, -1.0, 0.0, -1.0, -1.0, 0.0, -1.0, 2.61350521127, -1.0, -1.0, 1.0, 2.0, 2.0, 3.0, 96955.0, 539.0, 99533.0
3.0, 0.0, 0.0, 3.0, 3.0, 1.0, 1.0, -1.0, 2.0, 2.0, 1.0, 1.0, 0.0, 0.0, 1.0, 0.0, 2.0, -1.0, 2.0, -1.0, 3.0, 3.0, 2.0, 0.0, 0.0, -1.0, 3.0, 0.0, 0.0, 3.0, 1.0, 3.0, 3.0, 0.0, -1.0, 0.0, -1.0, -1.0, -1.0, 0.0, 2.0, -1.0, 2.0, 2.0, 0.0, 2.0, 2.0, 1.0, 1.0, 0.0, 96351.0, 594.0, 99474.0
3.0, 1.0, 2.47617692117, -1.0, 1.22716395459, 0.0, 2.0, 0.0, 0.532498772671, 2.0, -1.0, 2.91109105142, 3.0, 0.0, 0.0, -1.0, 2.0, 2.0, 3.0, 0.0, 1.0, 1.0, 2.0, 1.0, 2.0, 1.56717637957, 3.0, 0.0, 2.0, 2.0, 1.0, 1.0, 0.0, 0.0, 3.0, 2.1090195016, 1.0, 3.0, 2.0, -1.0, 1.0, 2.0, 3.0, 2.0, -0.215053658044, -0.859918146642, -1.0, 0.0, 1.0, 1.0, 96378.0, 626.0, 99439.0
2.0, 1.0, 1.0, 3.0, -0.643399881287, 0.0, 2.0, 3.0, 0.0, 0.0, 2.10464255225, 2.0, 0.0, -1.0, 1.0, 1.0, 0.0, 2.0, 0.0, 3.0, 1.0, -1.0, 2.0, 3.0, 3.0, 3.0, 1.0, 1.0, 2.0, -1.0, 0.0, 2.0, 2.0, 0.0, 0.0, 0.0, -0.175351311145, -1.0, 1.0, 2.0, 0.0, 0.574456927972, 1.0, 1.0, 2.0, 0.0, -1.0, 1.41539299865, 0.0, -1.0, 95978.0, 629.0, 99444.0
1.0, -1.0, -1.0, 0.0, 3.0, 0.0, 0.900300618472, 2.0, -1.0, 2.0, 0.0, 1.5375887267, 1.0, 0.0, 1.0, 0.0, -1.0, 1.01879743327, 3.0, 2.0, -1.0, -0.183907753851, 0.0, 2.0, -1.0, 1.0, 0.0, -1.0, 2.0, 1.15417316947, -1.0, 2.0, 2.16098905121, 0.0, 1.0, 2.05555358814, 0.567390088667, 1.0, 2.0, 2.0, 2.0, -1.0, 1.0, 2.0, -0.310664061472, 1.0, -1.0, -0.490874959654, 0.0, -1.0, 96497.0, 565.0, 99493.0
0.0, 0.0, 2.0, 0.0, 2.0, 2.0, 0.0, 1.0, 0.0, 0.0, -1.0, 1.0, 1.0, 1.0, 0.0, 1.0, -1.0, -1.0, 3.0, 0.0, 3.0, 3.0, 3.0, 2.0, -1.0, 2.0, 1.0, -1.0, -1.0, 2.0, 3.0, 0.0, 0.0, 1.0, -1.0, 0.0, 2.0, 2.0, 3.0, -1.0, 1.0, 1.0, 1.0, 1.0, 3.0, -1.0, 0.0, -1.0, 1.0, 1.0, 96408.0, 582.0, 99484.0
-1.0, 0.0, 2.10875036912, 1.0, 0.934360098491, 3.0, 2.0, 1.0, 0.0, 2.0, 0.366067768144, 1.0, 1.0, 2.0, 1.0, -1.0, 3.0, 1.0, 1.0, 2.0, 2.71259168616, 3.0, -0.399286334303, 2.0, 0.0, 0.0, 0.0, 3.0, 3.0, 3.0, 3.0, 0.0, -1.0, -0.25387682568, 0.0, 0.0, -1.0, 0.0, 3.0, 1.0, 3.0, 2.0, 0.0, 3.0, 0.0, 3.0, 3.0, 2.0, 0.0475777642319, 1.0, 96150.0, 670.0, 99420.0
1.0, 2.55792611389, 1.0, -0.585687323303, -1.0, 2.0, 1.48261351951, 2.0, 1.0, 3.0, 0.0, 2.09398793899, 1.0, 1.0, 0.0, 0.0, 1.0, 2.0, 0.0, 2.0, 2.0, 0.0, 2.0888205735, 1.04365044346, -1.0, 0.143416144277, 1.0, -1.0, -1.0, -1.0, 2.0, 2.28854207417, 3.0, 2.0, 0.0, -1.0, -0.405857385739, 2.81837898635, -1.0, -1.0, 1.0, 0.0, 2.0, 3.0, -1.0, 2.5678387277, 0.0, -1.0, 0.0, 1.0, 96499.0, 578.0, 99483.0
-1.0, -1.0, 2.0, 1.0, 2.0, 1.0, 3.0, 1.0, 2.0, 0.0, 1.0, -0.276829852757, -0.224710449408, 1.0, -1.0, 0.0, 3.0, 1.0, 3.0, 1.0, 0.0, 1.0, 1.53185318026, -0.443121368222, -1.0, 0.0, 3.0, 0.0, 2.0, 3.0, -1.0, -1.0, 2.0, 1.0, 3.0, 2.22622239252, 1.0, 1.51125038073, 1.0, 0.0, 3.0, 1.0, -0.125630827569, 2.0, 3.0, 0.0, 0.0, -1.0, 0.468342388717, 0.0, 96245.0, 623.0, 99441.0
-1.0, -1.0, 3.0, 1.0, 0.0, -1.0, -1.0, 1.97059445833, 2.0, 1.0, 3.0, 2.0, 2.0, 0.0, 3.0, -1.0, 3.0, 3.0, 0.0, -1.0, 0.0, 0.0, 0.0, 0.0, 2.0, 2.0, -1.0, -1.0, 0.0, 1.0, 1.0, -1.0, 0.0, 2.48929935143, 2.0, 2.0, 3.0, 2.6601873313, -1.0, 1.0, 2.0, 1.0, 0.625053530394, 2.0, 1.0, -1.0, 1.0, 0.0, 0.0, 1.0, 96788.0, 550.0, 99505.0
-1.0, 0.0, 0.0, 2.0, 3.0, -1.0, 0.0, 2.0, 0.0, 1.0, 2.0, 2.0, 2.0, 2.0, 2.0, 2.0, -1.0, 3.0, 1.0, 0.0, 1.0, 0.0, 0.0, 1.0, 1.0, 3.0, 2.0, 2.0, 0.0, 0.0, 1.0, 3.0, 0.0, 2.0, -1.0, 0.0, 2.0, 1.0, 1.0, 2.0, 0.0, 3.0, 3.0, 1.0, 3.0, 1.0, 1.0, -1.0, 0.0, 1.0, 96138.0, 666.0, 99424.0
-1.0, 1.0, 3.0, 2.0, -1.0, 2.0, 0.0, 0.0, 1.88307115031, 0.0, 0.0, 2.0, -0.250306605361, 1.0, -1.0, 1.0, 2.0, 2.0, 2.0, 1.0, 3.0, -1.0, 1.0, 3.0, -0.719153807313, 1.0, 0.141559911182, 2.0, 0.0, 2.0, 1.0, -1.0, 0.0, -0.142671548706, 2.0, 0.0, -1.0, 0.369167749596, -1.0, 3.0, 3.0, 0.0, 2.0, -1.0, 2.0, 2.0, 2.0, 1.0, 2.0, -1.0, 96405.0, 587.0, 99479.0
3.0, 3.0, 0.0, -1.0, 0.117004422386, 2.0, 0.0, -1.0, 3.0, 0.0, 1.32309429342, 0.0, 0.0, 1.0, 3.0, 3.0, 1.0, 2.0, 3.0, 0.0, -1.0, 0.0, 0.0, 2.0, 1.0, 2.0, 0.0, 0.0, 0.0, 0.0, 1.0, 3.0, 2.0, 1.71796559203, 2.0, 1.0, 1.0, 1.0, -1.0, 2.0, 3.0, 1.0, 1.0, 2.0, 0.0, 3.0, -1.0, -1.0, 3.0, -1.0, 96169.0, 633.0, 99432.0
-1.0, -1.0, 0.0, 0.494918182521, 1.0, 1.31650268522, 3.0, 1.0, 2.0, 0.0, 1.0, 1.0, 0.0, 1.0, 2.47835258433, 1.11197932398, 2.0, 3.0, 0.0, 2.0, 0.0, 3.0, 0.0, 2.0, 0.0, 1.0, -0.345301591018, 3.0, 2.0, 2.0, 3.0, 3.0, 2.0, 0.0, 2.0, 0.0, 3.0, 3.0, 2.0, 2.0, 0.0, 1.31541849316, 1.0, 3.0, 1.0, 0.0, -1.0, 2.0, 1.0, 3.0, 96035.0, 678.0, 99399.0
0.0, 0.704005655746, 2.96547281981, 1.71819797379, 2.0, 2.0, 0.0, 1.0, 0.0, 0.261289204096, -1.0, 1.0, 1.0, 1.0, 0.0, 1.0, -1.0, -1.0, 3.0, 0.0, 3.0, 3.0, 3.0, 2.0, 0.312276310902, 1.281921544, 0.37638920581, -1.0, -1.0, 2.0, 3.0, 0.0, 0.0, 1.0, -1.0, -0.0428834406431, 2.0, 0.194178095606, 3.0, -1.0, 1.0, 1.0, 1.0, 1.0, 3.0, 2.0, 0.0, -1.0, 1.0, 1.0, 96130.0, 618.0, 99458.0
1.0, 0.34704680085, 1.0, -0.807268478451, 1.0, 1.0, 3.0, 0.0, 1.0, -0.777051227669, 1.0, 2.0, -1.0, 1.0, -0.355864628836, 1.0, 2.38520440016, 0.716315408101, 0.0, -1.0, 0.0, 3.0, 3.0, -1.0, 1.0, 3.0, 0.0, 0.0, 2.5248559578, -1.0, 2.0, -1.0, 2.0, 3.0, -1.0, 0.0, -0.283528194552, -1.0, 1.0, 2.0, -0.347697583874, -0.892450032824, 0.0, 2.8618963315, 2.0, -1.0, 0.0, 1.0, 2.90929776644, -1.0, 96690.0, 554.0, 99511.0
-1.0, 0.0, 2.0, 1.0, 2.0, 2.0, 2.0, 1.0, 1.0, 3.0, 0.0, 2.0, 1.0, 1.0, -1.0, 0.0, 3.0, -1.0, 0.0, -1.0, 0.0, 1.0, 0.0, 3.0, 2.0, 2.0, 0.928876804583, 0.766803606173, 0.0, 0.0, 2.0, 0.0, 1.0, 2.0, 1.0, 3.0, 3.0, 1.0, 1.0, 2.0, 0.0, 3.0, 0.0, 1.0, 1.0, 2.0, 1.0, 1.1100775789, 3.0, 3.0, 96205.0, 664.0, 99412.0
0.0, 0.0, 1.0, 2.0, 1.0, 1.0, 2.0, 2.0, 2.0, 2.0, 0.0, 3.0, -1.0, 0.219568656399, 1.0, 0.0, 0.0, 1.0, 3.0, 1.0, 3.0, -1.0, -1.0, 3.0, 1.0, -1.0, 1.0, 3.0, 1.36295768705, 2.0, 0.0, -0.654230510807, -1.0, 2.0, 2.0, 1.0, 0.0, -1.0, 1.0, -1.0, 0.0, 1.0, 0.0, -1.0, 0.0, 0.0, 3.0, -1.0, 1.0, -1.0, 96377.0, 575.0, 99503.0
2.0, 1.0, 1.0, -1.0, 1.0, 0.0, 2.35231289884, 3.0, 0.0, 0.0, 2.0, 2.0, 0.0, -1.0, 1.0, -0.219118524058, -0.877048155179, 2.0, 0.0, -0.0763582381554, 1.0, -1.0, 2.0, 3.0, 3.0, 3.0, 1.0, 1.0, 2.0, -1.0, 0.0, 2.0, 2.88108766018, 0.0, 0.0, 0.0, 1.0, -1.0, 1.0, 2.0, 2.94385346216, 1.0, 1.0, 1.0, 2.0, 0.740587997158, -1.0, 0.0, 0.0, -1.0, 96145.0, 620.0, 99451.0
2.0, 1.0, 1.0, -1.0, 1.0, 0.0, 2.0, 3.0, 0.0, 0.0, 2.0, 2.0, 0.0, -1.0, 1.0, 1.0, 0.0, 2.0, 0.0, 3.0, 1.0, -1.0, 2.0, 3.0, 3.0, 3.0, 1.0, 1.0, 2.0, -1.0, 0.0, 2.0, 2.0, 0.0, 0.0, 0.0, 1.0, -1.0, 1.0, 2.0, 0.0, 1.0, 1.0, 1.0, 2.0, 0.0, -1.0, 0.0, 0.0, -1.0, 95907.0, 631.0, 99438.0
0.0, -0.866569364162, 1.0, 2.0, 1.0, 1.0, 2.0, 2.0, 2.0, 2.0, 0.0, 3.0, -1.0, 0.219568656399, 1.0, 0.0, -0.28795654711, 1.0, 3.0, 1.0, 3.0, -1.0, -1.0, 3.0, 1.231732654, -1.0, 1.0, 3.0, 1.36295768705, 2.0, 0.0, -0.654230510807, -1.0, 2.0, 2.0, 1.0, 2.13281952162, -1.0, 0.903347399167, -1.0, 0.0, 1.0, 0.0, -1.0, -0.590027845065, 0.0, 3.0, -1.0, 1.0, -1.0, 96717.0, 545.0, 99527.0
-1.0, -1.0, 0.0, 2.0, 1.0, 1.0, 3.0, 1.0, 2.0, 0.0, 1.0, 1.0, 0.0, 1.0, 2.0, 1.0, 2.0, 3.0, 0.0, 2.0, 0.0, 3.0, 0.0, 2.0, 0.0, 1.0, 2.0, 3.0, 2.0, 2.0, 3.0, 3.0, 2.0, 0.0, 2.0, 0.0, 3.0, 3.0, 2.0, 2.0, 0.0, 1.0, 1.0, 3.0, 0.0, 0.0, 0.0, 2.0, 1.0, 3.0, 95982.0, 697.0, 99391.0
2.0, 1.0, 3.0, 2.0, 2.0, 2.0, 1.0, 1.0, 1.0, 0.0, 3.0, 1.0, 0.0, 2.0, 2.0, -1.0, 2.0, 3.0, -1.0, -1.0, 1.0, 0.0, -1.0, -1.0, 3.0, 1.0, 2.0, 3.0, 1.0, 0.0, 0.0, 0.0, 0.0, 0.0, -1.0, 3.0, 1.0, -1.0, 0.0, -1.0, -1.0, 3.0, -1.0, 2.0, -1.0, -1.0, 1.0, 2.0, 2.0, 3.0, 96975.0, 539.0, 99533.0
-1.0, 1.50539592195, 1.0, -0.926917726368, 0.0, -1.0, 2.0, -1.0, 0.0, 2.0, -1.0, -1.0, 1.0, 1.0, -1.0, 3.0, -1.0, -1.0, 1.0, 0.0, 2.0, -0.789096736817, 0.0, 2.0, 2.27504061409, 3.0, -1.0, 0.227862681392, 1.0, 2.0, 2.0, 1.0, -1.0, 0.0, 2.0, 0.443918517953, -1.0, 1.0, 0.0, -0.271215397258, 2.0, 2.0, 1.0, 1.0, 1.0, 1.0, 0.0, 2.0, 0.0, 0.0, 96728.0, 549.0, 99535.0
0.0, 1.0, 2.0, 3.0, -0.401844375576, 0.0, 3.0, 0.0, 1.28821230405, 0.0, 1.0, 0.0, 3.0, -1.0, 2.0, 2.0, 2.0, 2.0, 1.96584339989, 2.0, 1.92187760719, 1.0, 1.0, -1.0, 3.0, 3.0, 0.0, 1.0, 0.143962421554, 1.0, 1.0, 1.0, 1.0, 3.0, 1.0, -1.0, 0.0, 2.0, 1.0, 0.0, 2.0, 2.0, 0.0, 0.0, 1.0, 3.0, 3.0, 3.0, 3.0, 0.0, 96095.0, 689.0, 99407.0
0.0, 0.0, 3.0, 1.11540918077, 0.0, 0.0, 0.0, 1.0, -1.0, 1.0, 3.0, -0.124075834195, 1.0, 3.0, 3.0, -1.0, 3.0, 1.0, 2.0, -1.0, 1.0, 1.0, -1.0, 2.0, -1.0, 2.0, 1.0, 1.0, 0.0, 0.0, 2.0, -1.0, -1.0, 1.0, -1.0, -1.0, 0.0, 2.0, 3.0, -1.0, 1.0, 1.0, 2.0, -1.0, 1.0, 1.0, 2.0, 3.0, 3.0, 2.0, 96643.0, 561.0, 99501.0
-1.0, 0.0, 0.0, 2.0, 3.0, -1.0, 0.0, 2.0, 2.77534352201, 1.0, 2.0, 2.0, 2.0, 2.0, 2.0, 1.72398170564, -1.0, 2.0204164103, 1.0, 0.0, 1.0, 0.0, 0.0, 1.0, 1.0, 3.0, 2.0, 2.0, 0.0, 0.0, 1.0, 3.0, 0.0, 0.780735143152, -1.0, 0.0, 2.0, 1.0, 1.0, 2.0, 0.0, 3.0, 3.0, 1.997139301, 3.0, 1.0, 1.0, -1.0, 0.0, 1.0, 96176.0, 666.0, 99424.0
-1.0, 1.84174119933, 3.0, 1.0, 0.0, -1.0, -1.0, 2.0, 2.0, 1.0, 3.0, 2.0, 2.0, 0.0, 3.0, -1.0, 3.0, 3.0, 0.0, -1.0, 0.0, 0.0, 0.0, 0.0, 2.0, 2.0, -1.0, -1.0, 0.0, 1.0, 1.0, 0.239964129633, 0.0, 2.0, -1.0, 2.0, 3.0, 2.0, -1.0, 1.0, 2.0, 1.0, 2.94345150389, 2.0, 1.0, -1.0, 1.0, 0.0, 0.0, 1.0, 96739.0, 572.0, 99494.0
1.0, -1.0, 3.0, 2.0, 2.0, 2.0, -1.0, 2.0, -1.0, 3.0, 2.0, -1.0, 0.0, 3.0, 1.0, -1.0, -1.0, -1.0, 1.0, 2.0, 3.0, 0.0, -1.0, 3.0, 0.0, 2.0, 2.0, 3.0, 2.0, 0.0, -1.0, 0.0, 1.0, 1.0, 1.0, 3.0, 0.0, -1.0, 3.0, 0.0, 0.0, 3.0, 2.0, 2.0, 0.0, 3.0, -1.0, 2.0, 1.0, 1.0, 96889.0, 554.0, 99507.0
2.0, 3.0, 0.0, 0.0, 2.10924988651, 3.0, 2.0, -0.0602095074561, 1.0, 0.0, 0.0, 1.0, 3.0, 0.60797875998, -1.0, 2.0, 0.0, 0.0, 0.486802566662, 2.76445831237, 0.0, 2.0, 2.03350930194, 0.874975342825, 3.0, 1.0, 1.0, 1.0, 0.0, 2.0, -1.0, 2.0, -0.349173687367, -0.0440310141183, 2.0, 2.0, 1.0, 2.0, 2.66681749416, 1.0, 3.0, 1.0, 3.0, 0.0, 1.13145057559, 3.0, -1.0, 1.0, 1.02748198706, 2.0, 96203.0, 679.0, 99402.0
3.0, 2.07596295518, 1.0, -1.0, 0.0, 0.0, 2.0, 0.0, 2.0, 2.0, -1.0, 3.0, 3.0, 0.386464639774, 0.0, -1.0, 2.0, 2.0, 2.0, 0.0, 2.85215717337, 1.0, 2.0, 1.0, 2.70967835894, 1.0, 3.0, 0.0, 2.0, 2.0, 1.0, 1.0, 0.0, 0.0, 3.0, 0.0, 1.0, 3.0, 2.0, -1.0, -0.327706536401, 2.0, 3.0, 2.0, 1.44306952057, 0.0, -1.0, 0.0, 1.0, 1.0, 96194.0, 645.0, 99425.0
2.0, 2.0, 1.0, 3.0, 2.0, 1.0, 0.0, 1.0, 1.0, 3.0, 2.0, 0.0, 2.0, 2.0, 3.0, -1.0, 2.0, 0.0, 1.0, 0.0, 1.0, 2.0, 1.0, 3.0, 2.0, 0.0, 1.0, 2.0, 3.0, -1.0, 0.0, 1.0, -1.0, 3.0, 3.0, 1.0, 1.0, 0.0, 1.0, 3.0, 0.0, 2.0, 2.0, 2.0, -1.0, 0.0, 2.0, 3.0, 3.0, 0.0, 96317.0, 671.0, 99418.0
2.0, 3.0, 0.0, 2.0, 1.0, -1.0, 2.0, 2.637272453, -1.0, 3.0, 1.0, 0.0, 3.0, 3.0, 0.0, 0.485612925256, 1.0, 0.0, -1.0, 1.0, 1.0, 2.0, 2.0, -1.0, 1.14857084331, 3.0, 0.0, -1.0, 3.0, 1.36611318934, 1.0, 0.84117586337, 1.38157365497, -1.0, -1.0, 1.0, 1.0, -1.0, 2.0, 2.0, 1.0, 0.0, 1.0, -1.0, 2.0, -1.0, -1.0, 3.0, 1.0, 0.0, 96842.0, 560.0, 99509.0
1.0, -1.0, 3.0, 0.0, 3.0, 0.0, 1.0, 2.0, -1.0, 2.0, 0.0, 0.0, 1.0, 0.0, 1.0, 0.0, -1.0, 1.0, 3.0, 2.0, -1.0, 0.0, 0.0, 2.0, -1.0, 1.0, 0.0, -1.0, 2.0, 1.0, -1.0, 2.0, 2.0, 0.0, 1.0, 3.0, 3.0, 1.0, 2.0, 2.0, 2.0, -1.0, 1.0, 2.0, 0.0, 1.0, -1.0, 1.0, 0.0, -1.0, 96526.0, 578.0, 99483.0
2.0, 1.0, 1.0, 3.0, -0.643399881287, 0.0, 1.0, 3.0, 0.0, 0.0, 2.10464255225, 2.0, 0.0, -1.0, 1.0, 1.0, 2.0, 2.0, 0.0, 3.0, 1.0, -1.0, 2.0, 3.0, 3.0, 3.0, 1.0, 1.0, 2.0, -1.0, 0.0, 2.0, 2.0, 0.0, 0.0, 0.0, -0.175351311145, -1.0, 1.0, 2.0, 0.0, 0.574456927972, 1.0, 1.0, 2.0, 0.0, -1.0, 1.41539299865, 0.0, -1.0, 96002.0, 629.0, 99444.0
-1.0, 1.0, 1.0, 2.0, 0.0, -1.0, 2.0, -1.0, 0.0, 2.0, -1.0, -1.0, 1.0, 1.0, -1.0, 3.0, -1.0, -1.0, 1.0, 0.0, 2.0, -1.0, 0.0, 2.0, 0.0, 3.0, -1.0, 2.0, 1.0, 2.0, 2.0, 1.0, -1.0, 0.0, 2.0, 2.0, -1.0, 1.0, 0.0, 0.0, 2.0, 2.0, 1.0, 1.0, 1.0, 1.0, 0.0, 2.0, 0.0, 0.0, 96723.0, 560.0, 99528.0
-1.0, 0.0, 0.104459872344, 0.0, -1.0, 1.33065739472, 3.0, 1.0, 2.0, 0.0, -1.0, 2.0, 3.0, 0.0, 0.0, -1.0, -1.0, -1.0, 1.0, 1.0, 3.0, 3.0, -1.0, 3.0, -1.0, 2.0, 3.0, 1.0, 1.0, 3.0, 2.0, 0.0, -1.0, 1.0, 0.0, 1.0, 1.33380548287, -0.943514512288, 0.0, 3.0, -1.0, 0.0, 2.34362766958, 2.0, 0.0, 3.0, 2.0, 1.0, 1.0, -1.0, 96960.0, 549.0, 99521.0
0.0, 0.0, 1.0, 2.0, 1.0, 1.0, 2.0, 2.0, 2.0, 2.0, 0.0, 3.0, -1.0, -1.0, 1.0, 0.0, 0.0, 1.0, 3.0, 1.0, 3.0, -1.0, -1.0, 3.0, 1.0, -1.0, 1.0, 3.0, 2.0, 2.0, 0.0, 1.0, -1.0, 2.0, 2.0, 1.0, 0.0, -1.0, 1.0, -1.0, 0.0, 1.0, 0.0, -1.0, 0.0, 0.0, 3.0, -1.0, 1.0, -1.0, 96435.0, 579.0, 99507.0
3.0, 2.0, -1.0, 3.0, 1.0, 0.0, 3.0, 2.0, 0.0, 1.0, 0.0, 2.0, 0.0, -1.0, -1.0, -1.0, 1.0, 1.0, 0.0, -1.0, 3.0, 2.0, 1.0, 0.0, 2.0, 3.0, -0.191016321317, 1.0, -1.0, 1.0, 3.0, 1.0, 1.0, 1.0, 0.0, 2.47714605676, 0.0, 0.0, 3.0, 2.25697190488, 3.0, 1.0, 2.0, 0.0, 0.0, 3.0, 2.15627948844, 1.0, 0.0, 2.0, 96127.0, 638.0, 99442.0
0.0, 2.0, 2.0, 2.0, 3.0, 0.0, 1.0, -1.0, -1.0, 1.0, 0.0, 2.0, 3.0, 0.0, 0.0, 2.0, 3.0, 1.0, 0.0, 2.0, 1.0, 0.0, 1.0, 0.0, 3.0, 2.0, 3.0, 2.0, 0.0, 1.0, 1.0, 1.0, 3.0, 2.0, 1.0, 3.0, 0.0, -1.0, 0.0, -1.0, -1.0, 3.0, 3.0, 2.0, 0.0, 1.0, 0.0, 2.0, 1.0, 2.0, 96374.0, 643.0, 99435.0
1.0, 0.936480046072, 3.0, 2.56597143638, 2.0, 2.80055133869, 1.95132812044, 2.0, -1.0, 3.0, 2.0, -1.0, 0.0, 3.0, 1.0, -1.0, -1.0, -1.0, 1.0, 2.0, 3.0, 0.0, -1.0, 1.56845334751, 0.0, 2.0, 2.0, 3.0, 2.0, 0.0, 2.60419284835, -0.562738000648, 1.0, 1.0, 1.0, 3.0, 0.0, -1.0, 3.0, 0.0, 0.0, 3.0, 2.0, 2.0, 0.0, 3.0, -1.0, 2.0, 1.0, 1.0, 96675.0, 589.0, 99473.0
0.0, 0.0, 2.96547281981, 1.71819797379, 2.0, 2.0, 0.0, 1.0, 0.0, -0.628655425566, -1.0, 1.0, 1.0, 1.0, 0.0, 1.0, -1.0, -1.0, 3.0, 0.0, 3.0, 3.0, 3.0, 2.0, -1.0, 1.281921544, 0.37638920581, -1.0, -1.0, 2.0, 3.0, 0.0, 0.0, 1.0, -1.0, -0.0428834406431, 2.0, 2.0, 3.0, -1.0, 1.0, 1.0, 1.0, 1.0, 3.0, -1.0, 0.0, -1.0, 1.0, 1.0, 96518.0, 570.0, 99499.0
-1.0, -1.0, 2.0, 1.0, 2.0, 1.0, 3.0, 1.0, 2.0, 0.0, 1.0, 1.0, 0.0, 1.0, -1.0, 0.0, 3.0, 1.0, 3.0, 1.0, 0.0, 1.0, 3.0, -1.0, -1.0, 0.0, 3.0, 0.0, 2.0, 3.0, -1.0, -1.0, 2.0, 1.0, 3.0, 0.0, 1.0, 2.0, 1.0, 0.0, 3.0, 1.0, 2.0, 2.0, 3.0, 0.0, 0.0, -1.0, 0.0, 0.0, 96471.0, 607.0, 99456.0
0.0, -1.0, 3.0, 3.0, 1.0, 1.0, 0.0, 1.44155672652, 1.0, 0.0, 0.0, 1.0, -1.0, 1.71670895022, 1.0, 3.0, 2.0, 1.0, 0.0, -1.0, 0.0, 2.0, -1.0, 0.0, -1.0, -1.0, 0.0, 0.0, 1.0, 2.0, 2.0, 3.0, 1.0, -1.0, -1.0, 2.0, 0.0, 2.0, 2.0, 2.0, -1.0, 2.0, 1.0, 1.0, 1.0, 3.0, 1.35283538628, -1.0, 0.0, -0.772450027158, 96508.0, 572.0, 99514.0
-1.0, 2.0, -1.0, 1.0, 0.0, 1.0, 0.0, 1.0, 0.0, -1.0, 0.0, 0.0, 0.0, 1.0, 3.0, 2.0, 1.0, 1.0, 0.0, -1.0, 1.0, 0.0, -1.0, 3.0, 2.0, -1.0, 2.0, 0.0, 2.0, 1.0, 2.0, -1.0, 0.0, 1.0, 1.0, 3.0, 2.0, -1.0, 1.0, 3.0, 1.0, 0.0, -1.0, 0.0, 2.0, 2.0, 2.0, 2.0, 0.0, -1.0, 96360.0, 586.0, 99486.0
1.0, 3.0, 3.0, 3.0, 1.0, 2.0, -1.0, 0.0, 2.0, 0.0, 1.0, 0.0, 2.0, -1.0, 0.0, 0.0, 3.0, 1.0, -1.0, 0.0, 1.0, 0.0, 2.0, 0.0, 2.0, 1.0, 1.0, 1.0, 1.0, 1.0, 1.0, -1.0, 3.0, 2.0, 2.0, 3.0, 3.0, -1.0, 2.0, 3.0, 1.0, 3.0, 2.0, 3.0, 3.0, 2.0, 3.0, -1.0, 3.0, 0.0, 96521.0, 641.0, 99433.0
2.0, 3.0, 3.0, 1.0, 1.59805863082, 0.888746198269, 1.0, 1.0, -0.0831644824006, 2.0, 0.0, 2.0, 2.0, -1.0, -0.910190519616, 2.0, 1.0, 1.0, 1.0, 1.0, 3.0, 1.53680292135, 2.68605754329, 0.0, 0.596386172493, 1.0, 0.0, -1.0, -1.0, 1.0, 2.0, 1.0, 2.0, 1.0, 2.3592096387, 0.411325739314, 1.0, -1.0, 0.0, -1.0, 0.0, 0.0, 3.0, 2.0, 3.0, 0.0, 0.0, -1.0, 2.0, -1.0, 96334.0, 617.0, 99451.0
-1.0, 0.0, -1.0, 2.0, 3.0, 1.0, -0.424160759586, 1.0, 1.0, 0.0, 0.0, 2.0, 1.0, -1.0, 1.40750990638, 0.0, 0.0, 3.0, 2.0, 0.0, -1.0, 1.0, 2.0, 0.0, 2.0, 3.0, -1.0, -1.0, 2.84012541926, -1.0, 3.0, 2.0, 0.0, 0.0, 1.0, 1.0, 0.0, 2.0, 1.0, 0.0, -1.0, 0.0, 2.0, 2.0, 2.0, -0.98707310621, 3.0, 1.0, 2.0, 3.0, 96254.0, 592.0, 99479.0
2.0, 2.0, -1.0, 2.0, 2.0, 2.0, 2.0, 2.0, 1.0, 1.0, 0.0, -1.0, 2.0, 1.0, 0.0, 3.0, 0.0, 2.99769834948, -1.0, 2.0, 1.0, -1.0, 0.0, 0.0, 0.0, 1.0, 3.0, 2.54867624589, 1.0, 2.0, 1.0, 0.0, 1.0, 0.0, 0.0, 2.0, 1.0, 0.0, 1.0, -1.0, 1.0, 2.0, -1.0, 0.0, 2.0, -1.0, 2.0, 1.0, 0.0, 1.0, 96182.0, 628.0, 99466.0
3.0, 2.0, -1.0, 3.0, 1.0, 0.0, 3.0, 2.0, 0.0, 1.0, 0.0, 2.0, 0.0, -1.0, -1.0, -1.0, 1.0, 1.0, 0.0, -1.0, 3.0, 2.0, 1.0, 0.0, 2.0, 3.0, -1.0, 1.0, -1.0, 1.0, 3.0, 1.0, 1.0, 1.0, 0.0, 2.0, 0.0, 0.0, 3.0, 1.0, 3.0, 1.0, 2.0, 0.0, 0.0, 3.0, 0.0, 1.0, 0.0, 2.0, 96209.0, 624.0, 99456.0
3.0, 2.0, -1.0, -1.0, 1.0, 0.0, 3.0, 2.0, 0.0, 1.0, 0.0, -0.649783068807, 0.0, -1.0, -1.0, -1.0, 1.0, 1.0, 0.0, -1.0, 3.0, 2.0, 1.0, -0.421611788175, 2.0, 3.0, -1.0, 1.0, -1.0, 1.0, 3.0, 1.0, 1.0, 1.0, 0.0, 2.0, 0.0, 0.0, 3.0, 1.0, 3.0, 0.823197427457, 1.58211683679, 0.0, 0.0, 3.0, 0.0, 1.0, 0.0, 2.0, 96278.0, 600.0, 99477.0
2.0, 3.0, -1.0, 1.0, 1.18292080779, 0.0, 1.0, 1.0, -0.142312348158, 2.0, 0.0, 2.46931361938, 2.0, -1.0, -0.132476095923, 2.0, 1.0, 1.87901920349, 1.0, 1.0, 3.0, 2.84802616548, 1.0, 0.0, 0.0, 1.90976424775, 0.0, -1.0, -1.0, 1.0, 2.0, 1.0, 2.0, 1.0, 0.586520086157, 2.0, 1.0, -1.0, -0.828589737099, -1.0, 0.0, 0.0, 3.0, 2.0, 3.0, 0.0, 0.0, -1.0, 2.0, -1.0, 96204.0, 605.0, 99460.0
0.0, 1.0, -1.0, -1.0, 0.0, 1.0, 0.0, 3.0, 1.0, 3.0, 2.0, 0.0, 1.0, 0.0, 3.0, 2.0, 0.0, 1.0, 2.0, 2.0, -1.0, 1.0, 0.0, 1.0, 0.0, 1.0, 3.0, 0.0, 2.0, 2.0, 3.0, 0.0, 0.0, 1.0, -1.0, 2.0, 2.0, -1.0, -1.0, 3.0, 0.0, 0.0, 1.0, -1.0, -1.0, -1.0, 2.0, 0.0, -1.0, 2.0, 96361.0, 583.0, 99481.0
2.0, 0.0, 0.0, 1.0, 0.0, 2.0, 1.0, -1.0, 1.0, 3.0, 3.0, 0.0, 1.32227871641, 1.0, 0.0, -1.0, 2.0, 2.0, 0.0, -1.0, 2.0, 2.0, 2.0, -1.0, 0.0, 0.0, 1.0, 0.0, 1.0, 0.0, -1.0, 2.0, 2.53937023091, 3.0, 1.0, 3.0, 2.0, 1.0, -1.0, 0.0, 1.0, 2.0, 2.0, 1.0, 1.08950263492, 1.0, 3.0, -1.0, 0.0, 0.0, 96255.0, 622.0, 99451.0
3.0, 0.0, 0.0, 3.0, 0.841631282412, 1.0, 0.964072562048, -0.255717649657, 2.0, 2.0, 0.783801045299, 1.65909618526, 0.0, 0.0, 1.0, 0.0, 2.0, -1.0, 2.06184164332, 0.412717719835, 3.0, 3.0, 2.0, 0.0, 0.0, -1.0, 3.0, 0.0, -0.733298264371, 3.0, 1.0, 3.0, 3.0, 0.0, -1.0, 0.0, -1.0, -0.0407082595397, -1.0, 0.0, 2.0, -1.0, 2.0, 2.0, 0.0, -1.0, 2.0, 1.0, 1.0, 0.0, 96200.0, 612.0, 99467.0
2.0, 0.0, 0.0, 1.0, 0.0, 2.0, 1.0, -1.0, 1.0, 3.0, 3.0, 0.0, 3.0, 1.0, 0.0, -1.0, 2.0, 2.0, 0.0, -1.0, 2.0, 2.0, 2.0, -1.0, 0.0, 0.0, 1.0, 0.0, 1.0, 0.0, -1.0, 2.0, 2.0, 3.0, 1.0, 3.0, 2.0, 1.0, 3.0, 0.0, 1.0, 2.0, 2.0, 1.0, 2.0, 1.0, 3.0, -1.0, 0.0, 0.0, 96309.0, 636.0, 99441.0
0.549547512738, 3.0, 3.0, 3.0, 1.0, 2.0, -1.0, 0.0, 2.0, -0.0513491808129, 1.0, 0.0, 2.0, -1.0, 0.0, 0.0, 3.0, 1.0, -1.0, 0.0, 1.0, 0.0, 2.0, 0.0, 2.0, 1.0, 1.0, 1.0, -0.239021293054, 1.0, 1.0, -1.0, 3.0, 2.0, 2.0, 3.0, 1.58888811376, -1.0, 2.0, 3.0, 1.0, 1.36992837102, 2.0, 3.0, 3.0, 2.0, 3.0, -1.0, 3.0, -0.591938269538, 96482.0, 630.0, 99440.0
2.0, 0.0, 0.0, 1.0, 0.0, 1.0, 1.0, 3.0, 2.0, 1.0, 1.0, 0.0, 0.0, 0.0, 2.0, 3.0, 1.0, 0.0, -1.0, 2.0, -1.0, -1.0, -1.0, -1.0, 0.0, -1.0, -1.0, 2.0, 1.0, 2.0, -1.0, 3.0, -1.0, 0.0, 0.0, 2.0, -1.0, 2.0, 1.0, 1.0, 2.0, 0.0, 1.0, -1.0, 0.0, 2.0, 3.0, 2.0, 0.0, 2.0, 96477.0, 571.0, 99521.0
3.0, 0.0, 0.0, 3.0, 3.0, 1.0, 2.0, -1.0, 2.0, 2.0, 1.0, 1.0, 0.0, -0.682477082916, 1.0, 0.0, 0.0, -1.0, 2.0, -1.0, 3.0, 0.492865819807, 2.0, 0.0, 0.0, -1.0, 3.0, 0.0, 0.0, 3.0, 1.0, 3.0, 3.0, 0.0, -1.0, 0.0, -1.0, -1.0, 0.246053817757, 0.0, 2.0, -1.0, 2.0, 2.0, 0.0, 2.0, 2.0, 1.0, 1.0, 0.0, 96303.0, 596.0, 99476.0
0.0, 3.0, -1.0, 1.0, -1.0, 0.0, 3.0, 1.0, -0.401578074212, 1.0, 1.0, 0.0, 0.0, 0.0, 2.0, -1.0, 2.0, 0.0, 3.0, -1.0, 2.0, 1.55157008668, -1.0, 2.0, 0.0, 1.0, 2.46231810622, 0.781464392809, 1.0, -1.0, 2.0, 0.0, 2.0, 3.0, 3.0, 2.0, 1.0, 1.39647737285, 0.0, 1.0, 0.0, 2.0, 1.0, 2.0, -1.0, 3.0, 0.0, -1.0, 1.0, 0.0, 96208.0, 615.0, 99457.0
-1.0, 0.0, 1.0, 3.0, 1.0, 2.0, 2.0, 1.0, 2.0, 0.0, -1.0, -1.0, 0.0, 1.0, -1.0, 3.0, -1.0, 0.0, 3.0, 3.0, -1.0, 0.0, 0.0, -1.0, 1.0, 0.0, 2.0, 2.0, 1.0, 1.0, 1.0, 3.0, 0.0, 0.0, 2.0, 2.0, 2.0, 3.0, -1.0, 0.0, 0.0, 1.0, 0.0, 3.0, 1.0, 2.0, -1.0, 0.0, 1.0, 0.0, 96355.0, 592.0, 99477.0
2.0, 0.0, -1.0, 2.66373097484, 1.0, 3.0, 1.42829759354, 0.0, 1.81805767066, 3.0, -1.0, 2.0, -1.0, 3.0, 3.0, 1.0, 2.0, 2.0, 0.0, 0.0, 3.0, 1.0, 2.0, 0.0, 0.0, 1.0, 0.0, 1.0, 2.49461909696, 2.0, -1.0, -0.987702763025, 2.0, 2.0, 2.0, 0.288511710633, 0.0, 2.0, 1.0, 0.0, 1.83160240369, 0.0, 0.0, -1.0, 3.0, 1.0, -1.0, 0.0, 1.0, 1.0, 96300.0, 620.0, 99456.0
2.0, 0.0, 0.0, 1.0, -0.216412789517, 2.0, 1.0, -1.0, 1.0, 3.0, 3.0, 0.0, 3.0, 1.0, 0.0, -1.0, 2.0, 2.0, 0.0, 2.0, 2.0, 2.0, 2.0, -1.0, 0.0, 0.0, 1.0, -1.0, 1.0, 0.0, -1.0, 2.0, 2.0, 3.0, 1.0, 3.0, 2.0, 0.0540804237304, 3.0, 0.0, 0.535291870315, 2.0, 2.0, 1.0, 2.0, 1.0, 3.0, -1.0, 0.0, 0.0, 96316.0, 642.0, 99438.0
0.0, 0.0, 2.0, 0.0, 2.0, 2.0, 0.0, 1.0, 0.0, 0.0, -1.0, 1.0, 1.0, 1.0, 0.0, 1.0, -1.0, -1.0, 3.0, 0.0, 3.0, 3.0, 3.0, 2.0, 1.19691557584, 2.0, 1.0, -1.0, -1.0, 2.8795666303, 3.0, 0.0, 0.0, 1.0, -1.0, 0.0, 2.0, 2.0, 3.0, -1.0, 1.0, 2.0, 1.0, 1.0, 3.0, -1.0, 0.0, -1.0, 1.0, 1.0, 96334.0, 599.0, 99472.0
-0.633700754823, 2.0, 2.0, 2.0, 0.454439253727, 0.0, 1.0, -1.0, -1.0, -0.084462267712, 0.0, 2.0, 3.0, 0.0, 0.636830541822, 2.0, 3.0, 1.0, 0.0, 2.0, 1.0, 3.0, 1.0, 0.0, 3.0, 2.0, 3.0, 2.0, 0.882398770186, 1.0, 1.0, 1.0, 3.0, 2.0, 1.0, 3.0, 0.0, -1.0, 0.0, -1.0, -1.0, 3.0, 3.0, 2.0, 1.0, 1.0, 0.0, 2.0, 1.0, 0.0, 96487.0, 628.0, 99444.0
2.0, 1.0, 3.0, 2.0, 3.0, 0.0, 1.0, 2.0, 2.0, 3.0, 1.0, 3.0, 1.0, 0.0, -1.0, -1.0, 1.0, -1.0, 0.0, -1.0, 2.0, 2.0, 1.0, -1.0, -1.0, -1.0, 0.0, 2.0, 0.0, 1.0, 3.0, 0.0, 2.0, 3.0, 1.0, 2.0, -1.0, 0.0, 2.0, 0.0, 2.0, 1.0, 1.0, 1.0, 3.0, 3.0, 1.0, 1.0, 0.0, 2.0, 96524.0, 599.0, 99470.0
-1.0, 1.0, 3.0, 2.0, -1.0, 2.0, 0.0, 0.0, 1.0, 0.0, 0.0, 2.0, 0.0, 1.0, -1.0, 1.0, 2.0, 2.0, 2.0, 1.0, 3.0, -1.0, 1.0, 3.0, 0.0, 1.0, 1.0, 2.0, 0.0, 2.0, 1.0, -1.0, 0.0, 0.0, 2.0, 0.0, -1.0, 1.0, -1.0, 3.0, 3.0, 0.0, 2.0, -1.0, 2.0, 2.0, 2.0, 1.0, 2.0, -1.0, 96303.0, 604.0, 99467.0
1.0, 0.0, 1.0, 0.0, 1.0, 1.0, 3.0, 0.0, 1.0, 0.0, 1.0, 2.0, -1.0, 1.0, 0.0, 1.0, 1.0, 2.0, 0.0, 2.0, 0.0, 3.0, 3.0, -1.0, 1.0, 3.0, 0.0, -1.0, 2.0, -1.0, 2.0, -1.0, 2.0, 3.0, -1.0, 0.0, 1.0, -1.0, 1.0, 2.0, 0.0, 0.0, 0.0, 2.0, 2.0, -1.0, 0.0, 1.0, 2.0, -1.0, 96334.0, 597.0, 99473.0
