1.0, 0.0, 1.0, -1.0, 0.0, 2.0, 2.0, 3.0, -1.0, 1.0, 1.0, 3.0, 2.0, -1.0, 0.0, 2.0, 1.0, -1.0, 3.0, 0.0, -1.0, 2.0, -1.0, 2.0, 0.0, 3.0, 3.0, 0.0, 1.0, 1.0, 0.0, 0.0, 1.0, 3.0, 1.0, 1.0, 1.0, 0.0, 0.0, 1.0, 1.0, 3.0, 0.0, 1.0, 2.0, -1.0, -1.0, 3.0, -1.0, -1.0, 96407.0, 580.0, 99480.0
-1.0, 2.0, 3.0, 2.0, 1.0, -1.0, 0.0, -1.0, 0.0, 3.0, 0.0, 2.0, 0.0, 0.0, 1.0, 1.0, 0.0, 1.0, -1.0, 0.0, 1.0, 3.0, 0.0, 1.0, 1.0, 2.0, 0.0, -1.0, -1.0, 2.0, -1.0, 2.0, 0.0, 1.0, 1.0, -1.0, -1.0, 2.0, 0.0, -1.0, -1.0, 0.0, 2.0, -1.0, 0.0, -1.0, -1.0, 2.0, 3.0, 1.0, 96801.0, 510.0, 99548.0
0.0, 0.35032889252, 0.0, -1.0, 2.0, 0.0, 2.47796439218, 2.0, 2.0, -1.0, 1.0, 2.0, -1.0, 0.0, -1.0, 0.0, -1.0, -1.0, 1.0, 1.0, 1.84356164587, 2.0, -1.0, 0.0, 3.0, 2.0, -1.0, 2.0, -1.0, -1.0, 1.0, 2.0, -0.896035549355, 1.0, 0.0, 2.0, 2.0, 1.0, 3.0, -1.0, 0.0, 1.0, 1.0, -1.0, 1.0, 1.0, 2.0, -1.0, 0.0, -1.0, 96727.0, 528.0, 99550.0
1.0, 2.05600053875, 1.0, 0.0, 0.663773301841, 1.0, 1.0, 2.0, 3.0, 2.0, 2.0, 2.0, 0.0, 2.0, -1.0, 0.0, 1.0, 2.0, 0.0, -1.0, 2.0, 0.0, 2.0, 0.0, 1.0, -1.0, 0.0, 3.0, 0.0, 0.0, 1.0, -1.0, -1.0, 1.0, 2.95842475753, 1.0, 2.0, 1.0, 2.0, -1.0, 0.0, 2.0, 1.0, 1.0, -1.0, -1.0, 0.0, 3.0, -1.0, -1.0, 96494.0, 575.0, 99486.0
0.0, 1.0, 0.0, 2.0, 1.0, 0.0, 2.0, -0.689144384386, 1.0, 2.49414027585, 2.0, 1.0, 0.0, 1.0, 2.0, -1.0, -1.0, 2.0, 2.0, 3.0, 3.0, -0.222260950853, 1.0, 0.0, 3.0, 2.0, 1.0, 0.827680251324, 1.0, 3.0, 2.0, -1.0, 1.0, 0.0, 0.0, 2.0, 2.0, 3.0, 2.0, 2.0, 0.0, 0.0, 0.0, 0.0, 0.0, 3.0, 1.0, 0.0, 2.0, 0.715977598186, 95903.0, 670.0, 99416.0
-1.0, 2.0, 2.0, 1.0, 1.0, 1.0, 2.0, 2.0, 0.0, 2.0, 0.0, -0.334656829413, 1.0, 1.0, 2.0, 3.0, 0.0, 2.0, 3.0, 0.0, 2.0, 0.0, -1.0, 0.0, -1.0, 0.0, 1.0, 1.0, 2.0, -1.0, 0.0, 2.68822065858, 3.0, 2.0, 0.0, 0.411765465663, 2.89129241167, 3.0, 0.0, 0.0, 2.0, 1.0, 1.0, 3.0, 2.0, -1.0, 0.0, -1.0, 2.4136744254, 1.0, 96144.0, 640.0, 99432.0
0.808266357136, 1.0, 3.0, 3.0, 2.0, 3.0, 2.0, 2.0, -1.0, 0.0, 0.0, 1.0, 0.0, 2.0, 3.0, 0.0, -0.255879957461, 1.0, 1.0, -1.0, 1.0, 1.0, 1.0, 2.0, 1.0, -1.0, 2.0, 0.0, 0.0, 3.0, -0.0428709409988, 1.0, 1.0, 0.0, 0.0, -1.0, 0.606285767054, 2.0, 0.0, 1.0, 3.0, 0.0, 2.0, 3.0, 1.02664096989, -0.264560386504, -1.0, 1.0, -1.0, 1.0, 96096.0, 633.0, 99437.0
0.0, 0.35032889252, 0.0, -1.0, 2.0, 0.0, 2.47796439218, 2.0, 2.0, -1.0, 1.0, 2.0, -1.0, 0.0, -1.0, 0.0, -1.0, -1.0, 1.0, 1.0, 1.84356164587, 2.0, -1.0, 0.0, 3.0, 2.0, -1.0, 2.0, -1.0, -1.0, 1.0, 2.0, -0.896035549355, 1.0, 1.93073140139, 2.0, 2.0, 1.0, -0.637631751841, -1.0, -0.961149307681, 1.0, 1.0, -0.797966709489, 1.0, 1.0, 2.0, -1.0, 0.0, -1.0, 96961.0, 495.0, 99579.0
0.0, 0.0, -0.400686791731, 2.0, 3.0, 1.54767331834, 2.0, -1.0, -1.0, 0.0, -0.600735938885, 0.0, 1.0, 2.0, 0.0, -1.0, 0.143288204484, 3.0, 0.00647792802956, 1.0, 2.0, -0.222932350842, 2.0, 0.851857265441, 3.0, -1.0, 2.09969554725, 0.0, 1.31456086605, 0.110524879697, 1.0, 2.0, 2.0, 0.0, 3.0, 3.0, 0.808784791543, 0.0, 1.36317322528, 2.33271104935, 1.0, 1.0, 1.0, 2.0, 0.0, 3.0, -0.514893082098, 0.0, 1.0, -1.0, 96167.0, 619.0, 99448.0
2.0, 0.0, -1.0, 1.0, 1.0, -0.306368213854, 2.2037461975, 3.0, -1.0, 3.0, 2.0, 1.0, 0.0, -1.0, 1.0, -1.0, 1.0, 2.0, 2.10958521234, 1.0, 2.0, 0.0, -1.0, 2.0, 0.0, 1.03583618892, 2.0, 1.0, -1.0, -1.0, 0.0, 2.0, 2.0, -0.984241126361, 2.0, 1.0, -1.0, 0.0, 0.241206527651, 1.0, 0.0, -1.0, 0.0, -1.0, 2.0, 2.0, -0.594860373402, 1.0, 3.0, 1.0, 96539.0, 554.0, 99518.0
2.0, 0.0, 0.665502011678, 2.0, 0.285596442044, 0.751650830276, 1.45082389127, 0.0, 2.0, 2.0, 1.0, 0.0, 2.0, 3.0, 0.0, 1.0, -1.0, 1.0, 0.0, 0.0, 0.0, 1.0, 2.0, -1.0, 1.0, -1.0, 0.424269961547, -1.0, 2.0, -1.0, 1.70983870783, 2.0, 2.0, 1.0, 0.0, -0.369509212913, 0.0, 0.852368911159, 1.0, 3.0, 0.0, 2.0, -0.0040437514673, -1.0, -0.669945444644, 2.0, -1.0, 0.0, 0.0, 0.0, 95982.0, 612.0, 99459.0
1.0, 2.0, 1.0, 0.0, -1.0, 0.0344106646868, 1.0, 2.52820254647, 3.0, 2.0, 2.0, 2.0, 0.0, 2.0, -0.408640245701, -0.497108934383, 1.0, 2.0, 0.0, -1.0, 0.406377677421, 0.0, 0.0, 0.0, 1.0, -1.0, -0.059571423877, 3.0, 0.0, 0.0, 1.0, -1.0, -1.0, 1.0, 1.0, 1.0, 2.0, 1.0, 2.0, -1.0, -0.221592869663, 0.0, 1.0, 1.0, -1.0, 0.303941270879, 0.0, 3.0, -1.0, -1.0, 96103.0, 596.0, 99474.0
0.0, 1.0, 0.0, 2.0, 1.0, 0.0, 2.0, 0.0, 1.0, 2.0, 2.0, 1.0, 0.0, 1.0, 2.0, -1.0, -1.0, 2.0, 2.0, 3.0, 3.0, 3.0, 1.0, 0.0, 0.518342533461, 1.0, 0.665378620553, 1.0, 1.0, 3.0, 2.0, -1.0, 1.0, 0.0, 0.0, 2.0, 2.0, 3.0, 2.0, 2.0, 0.0, 0.0, 0.466552958984, 0.0, 0.0, 3.0, 1.0, 0.0, 2.0, 3.0, 95799.0, 684.0, 99404.0
0.0, 0.0, 0.0, 2.0, 3.0, 0.0, 2.0, -1.0, -1.0, 0.0, 0.0, 0.0, 1.0, 2.0, 0.0, -1.0, 1.0, 3.0, 1.0, 1.0, 2.0, 0.0, 0.992554024342, 1.0, 3.0, -1.0, 1.0, 0.0, 2.0, -1.0, 1.0, 2.0, -0.812372364609, 0.0, 3.0, 3.0, 2.0, 0.0, 1.0, -1.0, 1.0, 1.0, 1.0, 2.0, 0.0, 3.0, 1.0, 0.0, 1.05496267521, -1.0, 96091.0, 609.0, 99463.0
0.0, 1.0, 3.0, 3.0, 2.0, 3.0, 2.0, 2.0, -1.0, 0.0, 0.0, 1.0, 0.0, 2.0, -0.0614167542098, 0.0, 0.0, 1.0, 1.0, -1.0, 3.0, 1.0, 1.0, 0.0, 1.0, -1.0, 2.0, 0.0, 0.0, 2.0, 1.0, 1.0, 1.0, 0.0, 0.0, -1.0, 2.0, 2.0, 0.0, 1.0, 3.0, 0.0, 2.0, 3.0, 2.40431031986, -1.0, -1.0, 1.0, -1.0, 1.0, 96180.0, 614.0, 99451.0
-1.0, 2.0, 3.0, 2.0, 1.0, -1.0, 0.0, -1.0, 0.0, 3.0, 0.0, 2.26329326471, 0.0, 0.0, 1.0, 2.413783396, 0.0, 1.0, -1.0, 1.77538727661, 1.0, 3.0, 0.0, 1.0, 1.0, 2.0, 0.0, -1.0, -1.0, 2.0, -1.0, 2.0, -0.809502310378, 1.0, 1.0, -1.0, -1.0, 2.0, 0.0, -1.0, -1.0, 0.0, 2.13156441578, -1.0, 0.0, -1.0, -1.0, 2.0, 3.0, -0.949939721368, 97097.0, 487.0, 99570.0
2.0, 0.0, -1.0, 0.0, 2.0, 3.0, -1.0, 0.0, -0.938434951931, 2.0, 1.0, 2.0, 1.13601922424, 1.0, 0.80651119737, -0.228798501967, 0.0, 2.0, 2.62758654593, 0.201600469077, 2.0, 2.0, 0.0, 2.0, 3.0, 1.0, 1.0, 2.0, 1.0, 2.008399561, 1.0, 0.0, 0.0, 3.0, 0.0, 0.0, 3.0, 2.6315115141, 1.0, 0.0, 0.0, 0.0, 1.0, -1.0, 1.0, 0.0, 2.0, 2.0, 3.0, 1.0, 95966.0, 667.0, 99417.0
0.0, 2.7410877278, 0.0, -1.0, 2.0, 0.0, 1.0, 2.0, 2.0, -1.0, 1.0, 2.0, -1.0, 0.0, -1.0, 0.0, -1.0, -1.0, 1.0, 2.0, 2.0, 2.0, -1.0, 0.0, 3.0, 2.0, -1.0, -1.0, -1.0, -1.0, 1.0, 2.0, 0.0, 1.0, 2.59614574988, 2.0, 2.0, -1.0, 3.0, -1.0, 0.0, 2.20566571049, 1.0, -1.0, 1.0, 1.98490472713, -0.888895834058, -1.0, 0.0, -1.0, 96977.0, 490.0, 99563.0
0.0, 2.0, 2.0, 3.0, 2.71846037992, 0.0, -1.0, 1.0, -1.0, 1.0, -1.0, 1.0, 1.0, -1.0, 3.0, 1.0, 3.0, 0.0, 0.0, -0.941389998903, 2.0, -1.0, -0.160957052101, 0.0, -1.0, -1.0, 0.0, 1.03829925261, 1.0, 0.0, 0.0, 0.342203214442, 1.0, 2.75948670023, 2.0, 3.0, 2.0, 0.0, -1.0, 0.0, 2.0, 1.0, 0.0, 2.0, 0.950259488316, 1.0, -1.0, 3.0, -1.0, 0.0, 96515.0, 555.0, 99504.0
3.0, 2.0, 0.753456842844, 2.15110890441, 0.0, 3.0, 3.0, 0.0, 0.0, -0.974181541361, 1.99346250352, 0.316065188767, 0.0, 3.0, 2.0, -1.0, 1.37618430247, 1.0, 2.12138064052, 2.0, 2.0, 1.0, -1.0, 0.660597596744, -1.0, 1.60169476478, 0.0, -0.836542426456, 1.0, -0.699327892982, 1.0, -1.0, 3.0, 2.0, 0.498505585114, 1.0, 2.0, -0.600608167357, 0.0, 3.0, 3.0, 0.814811622493, 2.0, -1.0, 0.0, 0.158197417385, 1.0, -1.0, -0.37499746616, 3.0, 96494.0, 582.0, 99478.0
2.0, 0.0, 0.581386847077, -1.0, 1.0, -0.306368213854, 2.2037461975, 3.0, -1.0, 3.0, 2.0, 1.0, 0.0, -1.0, 1.0, -0.315763304688, 1.0, 2.0, 2.10958521234, 1.0, 2.0, 0.0, -1.0, 1.98914196558, 0.0, 1.03583618892, 2.0, 1.0, -1.0, -1.0, 0.0, 2.0, 2.0, -0.984241126361, 2.0, 1.0, -0.382331654131, 0.0, 0.241206527651, 1.0, 0.0, -1.0, 0.0, -1.0, 2.0, 2.0, -0.594860373402, 1.0, 3.0, 1.0, 96304.0, 588.0, 99488.0
-0.553249310906, 0.0, 0.665502011678, 2.0, 0.285596442044, 0.751650830276, 1.45082389127, 0.0, 2.0, 2.0, 1.0, 0.0, 2.0, 3.0, 0.0, 2.72828378316, -1.0, 1.0, 0.0, 0.0, 0.0, 1.0, 2.0, -1.0, 1.0, -1.0, 0.424269961547, -1.0, 2.0, -1.0, 1.3173647934, 2.0, 2.0, 1.0, 1.0, -0.369509212913, 0.0, 0.852368911159, 1.0, 3.0, 0.0, 2.0, 2.0, -1.0, -0.669945444644, 2.0, -1.0, 0.0, 0.0, 0.0, 96151.0, 597.0, 99468.0
1.0, -0.233208403883, -1.0, 2.0, 0.0, -1.0, 3.0, 0.0, 3.0, 2.0, -0.227991924951, 1.13006091254, 1.0, 0.0, -1.0, 2.0, 0.0, 1.0, -1.0, -1.0, 1.0, 2.0, 2.0, -1.0, 1.0, -1.0, 3.0, 0.0, 1.0, -1.0, 3.0, 0.0, 0.0, 2.0, 1.68337548263, 2.0, 1.0, -1.0, -1.0, 2.0, -1.0, 0.274251367357, 1.93246841322, 2.0, 0.0, 1.0, 2.0, 1.0, -1.0, 3.0, 96692.0, 540.0, 99523.0
-1.0, 2.0, 2.0, 0.511457742161, -1.0, 0.0505484803581, 1.0, 1.0, 2.0, 2.0, 3.0, 0.0, 3.0, 0.0, 0.0, 0.0, 3.0, -1.0, 1.0, 0.0, 2.0, 0.0, 0.0, 2.96851359203, -0.697507015674, 1.62544521494, 1.0, 0.0, 2.0, -1.0, -1.0, 0.0, 0.0, 3.0, -1.0, 0.0, -1.0, -1.0, 3.0, 0.0, 0.0, 2.0, 0.542450596886, -1.0, -0.170169031831, 1.0, 2.0, 0.0, 3.0, 1.0, 96489.0, 579.0, 99483.0
3.0, 2.0, 1.92048253977, -1.0, -0.244148328513, 2.0, 2.0, 2.0, 1.0, 1.0, 1.020468656, 1.0, 0.0, 1.0, 2.1835810892, 2.0, 1.0, -0.0106711640973, 1.0, -1.0, 3.0, 0.0, 1.0, 0.0, 3.0, 3.0, 3.0, 2.0, 1.0, 2.0, 0.0, -1.0, -1.0, 2.12320380235, 1.0, -1.0, 1.0, 0.0, 1.0, 3.0, 1.0, 3.0, 2.0, 2.70991828962, 1.0, 2.0, -1.0, -1.0, 3.0, 2.0, 96468.0, 630.0, 99435.0
2.0, 2.0, -0.881114718995, 2.0, 2.86248778084, 2.0, 3.0, 2.17977306988, -1.0, 3.0, 1.0, 2.0, 0.0, -1.0, 2.0, 3.0, -1.0, 1.0, 1.0, -1.0, 3.0, 0.0, 0.0, -0.423677388563, -1.0, 2.0, 0.0, 1.0, -1.0, 2.10145567406, 2.0, -1.0, 1.0, 0.0, 2.1872546671, 1.0, 3.0, -1.0, -1.0, 2.1681310231, -0.0730607222984, -1.0, -1.0, -1.0, 0.0, -1.0, 2.0, 1.0, -0.976144467216, 0.0, 97092.0, 505.0, 99552.0
1.0, 2.0, 1.0, 2.0, 0.876988166837, 1.0, 0.0, 0.83105459571, 1.0, 2.0, 2.05371622355, -1.0, 3.0, 2.0, 2.0, 1.0, 1.0, 3.0, -1.0, 1.0, -0.905160657031, 2.0, 2.0, 0.0, -1.0, 3.0, 1.0, 2.0, 0.0, -1.0, 0.0, -1.0, 0.0, 0.0, 3.0, -0.19801858828, 0.0, 0.0, 0.0, -1.0, 2.0, 2.0, 0.0, -1.0, 3.0, 2.0, 0.0, 2.0, 1.0, 1.0, 96118.0, 603.0, 99464.0
0.0, 0.88880374252, -0.364383451896, 2.0, 3.0, 0.0, 2.0, -1.0, -1.0, 0.0, 0.0, 0.0, 1.0, 2.0, 0.0, -1.0, 1.0, 3.0, 1.0, 1.0, 1.24076251457, 0.0, 2.0, 1.0, 3.0, -1.0, 1.0, 0.0, 2.0, -1.0, 1.0, 2.0, 1.03885730398, 0.0, 3.0, 3.0, 2.0, 2.0, 1.0, -1.0, 1.17032500298, 1.0, 0.0951786446252, 2.0, 0.0, 3.0, 1.0, 0.0, 0.0, -1.0, 95966.0, 621.0, 99448.0
-1.0, 2.0, 2.0, 2.0, -1.0, 1.0, 1.0, 1.0, 2.79267522818, 1.0, 3.0, 0.0, 3.0, 0.0, -0.689429199585, 0.0, 3.0, -1.0, 0.802337197123, 0.0, -0.615754395456, 2.0, 0.324901495701, 1.0, 3.0, 2.28593494776, 1.0, 0.0, 2.0, 1.60984370658, -1.0, 0.0, 0.0, 1.16200162647, -1.0, 0.0, -1.0, -1.0, 3.0, -0.842667123356, -0.199271387492, 2.0, 2.0, -1.0, 1.0, 2.50254380318, 0.587247671033, -0.624089388874, -1.0, 1.16061304282, 96857.0, 535.0, 99518.0
2.0, 0.0, -1.0, -0.485360432882, 0.295549248826, -1.0, -0.333659401636, 2.0, 2.31425911959, 2.0, 0.0, 1.0, 0.0, 3.0, 0.0, 0.396988437324, 2.31935417008, -0.121828829228, 2.0, 1.46997916454, -1.0, 2.0, 0.0, 0.0, 1.0, 2.03771883332, 1.93064590472, -0.0147606741126, 2.30418683502, 1.96140627585, 0.0, 2.11537267472, 0.0, 2.63658832338, 3.0, 0.335822840808, 1.0, 3.0, 1.67654060405, 1.0, 1.0, 0.0, 3.0, 2.02375351779, 2.0, 2.0, 0.87088113169, 0.0, 3.0, 0.276306264976, 95858.0, 683.0, 99411.0
1.0, 0.0, 1.0, -1.0, 0.0, 2.0, 2.0, 3.0, -1.0, 1.0, 1.0, 3.0, 2.0, -0.726900966013, 0.0, 2.0, 0.184375476679, -1.0, 2.32316442305, 0.0, -1.0, -1.0, -1.0, 2.04708275235, 0.0, 3.0, 3.0, 0.0, 1.0, 1.0, 0.0, 0.0, 1.0, 3.0, 1.0, 1.0, 1.0, 0.0, 0.0, 1.0, -0.0610515327946, 3.0, -0.384442694708, 1.0, 2.03822190757, -1.0, -1.0, 3.0, -1.0, -1.0, 96378.0, 568.0, 99495.0
1.0, 2.0, -0.309346567269, 0.0, -0.814812536879, 1.0, 1.0, 2.0, 3.0, 2.0, 2.40348827276, 2.0, 0.0, 2.0, -1.0, 0.0, 0.00991307116518, 2.0, 0.0, -1.0, 2.0, 0.0, 2.0, 0.0, 1.0, -1.0, 0.0, 3.0, 0.0, 2.0, 1.0, -1.0, -1.0, 1.0, 1.0, 1.0, 2.0, 1.0, -0.0280166687251, -1.0, 0.0, 0.0, 1.0, 1.0, -1.0, -1.0, 0.0, 3.0, -1.0, -1.0, 96442.0, 562.0, 99499.0
-1.0, 2.0, 3.0, 2.0, 1.0, -1.0, 0.0, -1.0, -0.858978280054, 3.0, 0.0, 2.0, 0.0, 0.0, 1.0, 1.0, 0.0, 2.66607613894, -1.0, 0.0, 0.451323604032, 3.0, -0.48122963113, 1.0, 1.0, 2.0, 0.0, -1.0, -1.0, 2.0, -1.0, 2.0, 0.0, 1.0, 1.0, -1.0, -1.0, 2.0, 0.0, 1.6487496902, -1.0, 0.0, 2.0, -1.0, 0.0, -1.0, -1.0, 2.0, 3.0, 1.0, 96829.0, 513.0, 99546.0
1.0, 2.0, 0.809987633027, 0.0, -1.0, 0.590477104733, 1.0, 2.0, 2.87795773807, 2.0, 0.0, 2.0, 0.0, 2.0, -1.0, 0.0, 1.0, 2.0, 0.0, -1.0, 0.491920086169, 0.0, 2.0, -0.90757583774, 1.0, -1.0, 0.0, 3.0, -0.813414419896, -0.192401913846, 1.0, -1.0, -1.0, 1.0, 2.0, 1.0, 2.0, 1.0, 0.681791877593, -1.0, 0.0, 0.0, 1.0, 1.0, -1.0, -1.0, 0.0, 3.0, 2.0, -0.747042857907, 96594.0, 547.0, 99515.0
0.0, 0.0, -0.400686791731, 2.0, 3.0, 2.32231654445, 2.0, -1.0, -1.0, 0.0, 0.0, 0.0, 1.0, 2.0, 0.0, -1.0, 1.0, 3.0, 2.0, 1.0, 2.0, 0.0, 2.0, 1.645209534, 3.0, -1.0, 2.09969554725, 0.0, 2.0, -1.0, 1.0, 2.0, 2.0, -0.350452827634, 3.0, 3.0, 0.808784791543, 0.0, 1.0, -1.0, 1.0, 1.0, 0.386298970272, 2.0, 0.0, 3.0, -0.514893082098, -0.973967693339, 1.0, -1.0, 96185.0, 592.0, 99461.0
2.0, 0.0, -1.0, -0.441731408004, 1.0, -1.0, -0.0835259535555, 2.0, 1.0, 3.0, 0.0, 1.0, 0.0, 3.0, 0.0, 0.0, 2.31935417008, 0.415026963424, 2.0, 1.0, -1.0, 2.91695532352, 0.0, 0.0, 1.0, 0.661026990791, 1.0, -0.0211851565472, 3.0, 0.0, 0.0, -1.0, 0.0, 2.0, 3.0, 2.0, 1.0, 3.0, 3.0, 1.0, 1.0, 0.0, 1.77804932052, 1.0, 2.0, 2.0, 1.0, 0.0, 3.0, 1.11920409347, 95910.0, 667.0, 99419.0
1.0, 0.0, -0.0407590757898, -1.0, 0.0, 1.48874076771, 2.0, 3.0, 2.27497396159, 1.0, 1.0, 3.0, 2.0, -1.0, 0.80651119737, 2.77096264659, 1.0, -1.0, 3.0, 0.0, -1.0, -0.0739041655655, -1.0, 2.0, 0.0, 3.0, 3.0, 0.0, 1.0, 1.0, 0.0, -0.69078119018, 1.0, 0.435722767368, -0.653618562062, 1.0, 1.0, 0.0, 0.0, 1.0, 1.0, 3.0, 0.0, 1.0, 2.0, -1.0, -1.0, 3.0, -1.0, -1.0, 96349.0, 569.0, 99487.0
0.0, 1.0, 0.0, -1.0, 2.0, 0.0, 1.0, 2.0, 2.0, -1.0, 1.0, 2.0, -1.0, 0.0, -1.0, 0.0, -1.0, -1.0, 1.0, 0.170650260089, 2.0, 2.0, -1.0, 0.0, 3.0, 2.0, -1.0, 2.25595598676, -1.0, -1.0, 1.0, 2.0, 0.0, -0.255268775386, 2.81907016763, 2.0, 2.0, 1.0, 3.0, -1.0, 0.0, 1.0, 1.0, -1.0, 1.0, 1.30393324381, -0.0664242733464, 1.43874700623, 0.0, -1.0, 96506.0, 550.0, 99530.0
0.808266357136, 1.0, 3.0, 3.0, 2.0, 3.0, 2.0, 2.0, -1.0, 0.0, 0.0, 1.45005097133, 0.00982307160369, 2.0, 3.0, 0.0, -0.255879957461, 1.0, 1.0, -1.0, 1.0, 1.0, 1.0, 2.0, 1.0, -1.0, 2.0, 0.0, 0.0, 3.0, -0.199453863646, 1.0, 1.0, 0.0, 0.0, -1.0, 0.606285767054, 2.0, 0.0, 1.0, 3.0, 0.0, 2.0, 3.0, 1.02664096989, -0.264560386504, -1.0, 1.0, 1.0, 1.0, 95956.0, 648.0, 99424.0
0.0, 0.35032889252, -0.193304635851, -1.0, 1.08769059283, 0.0, 2.47796439218, 2.0, 2.0, -1.0, 1.0, 2.0, -1.0, 0.0, -1.0, 0.0, -1.0, 1.00086235134, 1.0, 1.0, -0.76264388715, 2.0, -1.0, 0.44791624208, 3.0, 2.0, 1.23079667132, 2.0, -1.0, -1.0, 1.0, 2.0, -0.896035549355, 1.0, 2.04884442476, 2.0, 2.0, 1.0, -0.637631751841, 0.334854151182, -0.961149307681, 1.0, 1.0, -0.797966709489, 1.0, 1.0, 2.0, -1.0, -0.207665865159, -1.0, 96717.0, 527.0, 99555.0
0.0, 0.0, -0.522963350118, 2.0, 3.0, 1.54767331834, 2.0, -1.0, -1.0, 0.0, 0.0150282357413, 0.0, 1.0, -1.0, 0.0, -1.0, 0.143288204484, 3.0, 0.00647792802956, 1.0, 2.0, 1.12419319763, 2.0, 0.851857265441, 3.0, -1.0, 2.09969554725, 0.0, 1.31456086605, 0.110524879697, 1.0, 2.0, 2.0, 0.0, 3.0, 3.0, 0.808784791543, 0.0, 1.36317322528, 2.33271104935, 1.32991794034, 1.0, 1.0, 2.0, 0.0, 3.0, -0.514893082098, 0.0, 1.0, -1.0, 96112.0, 611.0, 99456.0
1.0, 2.0, 2.96503164428, -1.0, 0.477285617382, 1.0, 1.55408066933, 0.0, 3.0, 1.0, -1.0, 1.53118518929, 0.0, 2.0, -1.0, 0.0, 2.0, 1.0, 2.0, 0.0, 3.0, 2.32241805066, 3.0, 2.44706182458, -0.466934651006, 2.0, 1.0, 1.71495089353, 3.0, 2.0, 1.0, 0.0, 0.0, 0.0, 0.0, 3.0, 3.0, 1.0, 3.0, 0.0, 0.45223868657, -1.0, 2.0, 1.49629081998, 2.0, 1.31342118713, -1.0, 0.0, 0.0, 0.0, 96102.0, 653.0, 99422.0
0.0, 2.0, 2.0, 3.0, 2.0, 0.0, 0.0748566376692, 0.579255225777, -1.0, 1.0, -1.0, 2.423413084, 1.0, -1.0, 3.0, 1.0, 3.0, 0.0, 0.0, 0.0, -0.439137551244, 0.0, 0.0, 1.46194972711, -1.0, -1.0, 0.0, 2.93640882941, 2.12511397039, 0.0, 2.0, 0.78319345052, 1.0, 3.0, 2.0363524865, 3.0, 2.0, 0.0, -1.0, -0.454873896042, 2.0, 1.0, -0.438264516029, 1.32521392619, 1.34085494591, 1.77855396821, -1.0, 3.0, 0.338191432274, 0.0, 96140.0, 619.0, 99449.0
2.0, 1.0, 0.0, -1.0, 2.0, 3.0, 3.0, 1.0, 0.901707322115, -1.0, 2.0, 1.0, 0.0, 2.04458940501, 0.0, -1.0, 0.473048687339, -1.0, -1.0, 2.0, 1.0, 0.0, -1.0, 0.0, 1.0, -1.0, 2.0, 3.0, 2.0, -0.475443729722, 2.0, -1.0, 1.0, 2.0, 1.0, -0.874385255017, 0.0, 1.0, 1.0, 1.0, -1.0, 2.0, 2.0, 1.0, 2.12407796743, -1.0, -1.0, 1.0, 1.0, 1.11920409347, 96622.0, 545.0, 99516.0
2.0, 2.0, 0.0, 2.0, 3.0, 2.0, 0.891296244685, 1.0, -1.0, 3.0, 0.0, 1.18975866758, 0.0, -1.0, 1.27829370968, 3.0, -1.0, 3.0, 1.0, -1.0, 0.648387124794, 0.0, -0.133500982706, 0.0, -1.0, 2.0, 0.0, 2.0, -1.0, 0.0, 2.0, -1.0, 1.0, 0.0, 2.62469193433, 1.0, 0.357079172605, -1.0, -1.0, 2.0, 0.0, -1.0, -1.0, -1.0, 0.0, 0.0, 0.0919384568369, 1.0, -1.0, 0.0, 96603.0, 537.0, 99528.0
-1.0, 2.0, 2.0, 0.511457742161, -1.0, 0.0505484803581, 1.0, 1.0, 2.0, 2.0, 3.0, 0.0, 1.0, 0.0, 0.0, 0.0, 3.0, -1.0, 1.0, 0.279851208907, 2.0, 0.0, 0.0, 2.96851359203, -0.697507015674, 1.62544521494, 1.0, 0.0, 2.0, -1.0, -1.0, 0.825488836536, 0.0, 3.0, -1.0, 0.0, -1.0, -1.0, 3.0, 0.0, 0.0, 2.36516236685, 0.542450596886, -1.0, -0.812415988055, 1.0, 2.0, 0.0, 3.0, 1.0, 96533.0, 566.0, 99494.0
0.0, 1.0, 3.0, 0.424351914771, 2.0, 1.0, 2.0, 2.0, 1.0, 0.246389831165, 0.0, 0.270581333993, 0.0, 2.80315737072, -0.0544485830182, 0.0, 0.0, 1.0, 1.0, -1.0, 3.0, 1.07342515356, 1.0, 2.0, 1.0, -1.0, 2.0, 1.06837404579, 0.0, 3.0, 1.0, 1.0, 1.01262868803, 0.0, 0.0, -1.0, 2.0, 2.0, -0.898470196563, 0.139984453333, 1.69856057189, 1.33411219664, 2.0, 3.0, 2.0, -1.0, -1.0, 1.0, -1.0, 0.164433250173, 96107.0, 616.0, 99450.0
2.1832480937, 2.0, 1.92048253977, -1.0, -0.244148328513, 2.0, 2.0, 2.0, 1.0, 1.0, 0.926996403815, 2.08249622914, 0.0, 1.0, 0.176813819869, 2.0, 1.0, -0.0106711640973, 1.0, -1.0, 3.0, 0.0, 1.0, 0.0, 3.0, 3.0, 3.0, 2.0, 1.0, 2.0, 0.0, -1.0, -1.0, 2.12320380235, 1.0, 0.658535500352, 1.0, 0.0, 1.0, 0.807604434066, 1.0, 2.86591749711, 2.0, 2.70991828962, 1.0, 2.0, -1.0, 1.05423526409, 3.0, 2.0, 96228.0, 652.0, 99419.0
2.0, 2.0, -0.881114718995, 2.0, 2.86248778084, 2.0, 2.06856615208, 2.17977306988, -1.0, 3.0, 1.0, 2.0, 0.0, -1.0, 2.0, 3.0, -1.0, 1.0, 1.0, -1.0, 0.573488350868, 0.0, 0.0, -0.423677388563, -1.0, 2.0, 0.0, 1.0, -1.0, -1.0, 2.0, -1.0, -0.326327788704, 0.0, 2.1872546671, 1.0, 3.0, -1.0, -1.0, 2.1681310231, -0.0730607222984, -1.0, -1.0, -1.0, 0.0, -1.0, 2.0, 1.77981585302, -0.976144467216, 0.0, 97005.0, 490.0, 99561.0
-1.0, 2.0, 2.0, 2.0, -1.0, 1.0, 1.0, 0.0843340942402, 2.79267522818, 1.0, 3.0, 0.0, 3.0, 0.0, -0.721623510658, 0.0, 3.0, -1.0, 0.802337197123, 0.0, 0.440159170965, 2.37993410997, 0.324901495701, 1.0, 2.32865119504, 2.28593494776, 1.0, -0.473123363167, 2.0, 0.779673294844, -1.0, 0.0, 0.0, 1.16200162647, -1.0, 0.0, -1.0, -1.0, 3.0, -0.842667123356, -0.199271387492, 2.0, 2.0, -1.0, 1.0, 2.50254380318, 0.587247671033, -0.624089388874, -1.0, 1.16061304282, 96724.0, 552.0, 99504.0
1.0, 0.0, -1.0, 2.69082318414, -1.0, 1.0, 0.0408267646496, -0.94778606552, 2.00303351169, 0.795187216598, 1.0, 0.0, -1.0, 1.73303349627, 1.0, -1.0, -1.0, -1.0, -0.58938283634, -0.893535903852, 0.361379781591, 2.0, -1.0, 0.0, 3.0, -1.0, 3.0, 3.0, -1.0, -1.0, 1.0, -0.384140138857, -0.435988075681, 0.0, -1.0, -0.607012133578, 0.0, 0.0, 2.0, -1.0, 2.0, 0.0, -1.0, 2.0, 2.0, 0.981672467985, 1.11524754393, 3.0, 0.0, 1.0, 96787.0, 488.0, 99590.0
0.0, 1.0, 0.0, -1.0, 2.0, 0.0, 1.0, 2.0, 2.0, -1.0, 0.929685555449, 2.23190832226, -1.0, 0.0, -1.0, 0.0, -1.0, -1.0, 1.0, 1.388152189, 2.0, 2.0, -1.0, 0.0, 3.0, 2.0, 1.0, 2.0, -0.727018961263, -1.0, 1.0, 2.0, 0.0, 1.0, -0.0517617293542, 2.0, 2.0, 1.47113996164, 3.0, -1.0, 0.0, 1.0, 1.0, -1.0, 1.0, 1.0, 2.0, -1.0, 0.0, -1.0, 96436.0, 554.0, 99521.0
-1.0, 1.0, 3.0, 1.0, 2.0, 2.0, 0.0, 2.0, 2.0, 3.0, 1.0, 2.0, -1.0, 1.0, 0.0, -1.0, 1.0, -1.0, 1.0, 1.0, -1.0, 2.0, 0.0, 1.0, 2.0, 2.0, 0.0, -1.0, -1.0, -1.0, 2.97057375282, 3.0, 2.0, -1.0, 0.0, 2.0, -1.0, 2.0, -1.0, 1.0, 0.0, 1.0, 2.0, -1.0, -1.0, 1.0, -1.0, 0.0, 0.0, 2.0, 96793.0, 521.0, 99543.0
-0.996283882811, 1.0, 0.0, 2.0, 1.0, 0.0, 2.42142118523, 0.0, 1.0, 2.0, 0.0574444081579, 0.802623352948, -0.154975728987, 1.20691739799, 2.0, 3.0, -1.0, 2.0, 2.0, 3.0, 3.0, 3.0, -0.427640950469, 0.0, 3.0, 1.0, 1.0, 1.0, 1.0, 3.0, 2.0, -1.0, 1.0, 0.0, 1.3827008147, 1.0, 2.0, 3.0, 2.0, 2.0, 2.13051917734, 3.0, 0.0, 0.0, 0.0, 3.0, 1.0, 0.0, 2.0, 2.98849210521, 96014.0, 687.0, 99399.0
3.0, 2.98785175047, 2.0, -1.0, 1.0, 0.0, 2.0, 2.0, 1.0, 1.0, -0.0212431871111, 1.0, 0.0, 1.97078920549, 2.0, 2.0, 1.0, -1.0, 1.0, -1.0, 3.0, 0.0, 1.0, 0.0, 3.0, 3.0, 3.0, 2.0, -1.0, 2.40704777276, 0.0, -1.0, -1.0, 1.0, 0.209039084883, -1.0, 1.0, 0.0, 1.0, 3.0, 1.0, 3.0, 0.347960009834, 3.0, 1.0, 2.0, -1.0, -1.0, 3.0, -0.848946058711, 96495.0, 589.0, 99467.0
2.0, 1.0, 0.0, -1.0, -1.0, 3.0, 3.0, 1.0, 3.0, -1.0, 2.0, 1.0, 0.0, 2.0, 0.0, -1.0, -0.189755279017, -1.0, -1.0, 2.0, 1.0, 0.0, 3.0, 0.0, -0.307643038068, -1.0, 2.0, 2.0549446031, 2.0, 0.346695809965, 2.0, -1.0, 1.0, 2.0, 1.0, -0.874385255017, 0.0, 1.0, -0.670881217597, 1.0, -1.0, 2.0, 2.0, 3.0, 2.12407796743, -1.0, -1.0, 1.0, 1.0, 0.0, 96715.0, 531.0, 99525.0
1.0, -0.502704360793, 1.0, -1.0, 0.0, -0.417980191007, 2.0, 2.44058400211, -1.0, 1.0, 1.0, 3.0, 2.0, -1.0, 0.0, 2.0, 1.0, -1.0, 3.0, 0.0, -1.0, 2.87582823954, -1.0, 2.0, 0.0, -1.0, 3.0, 0.0, 1.0, 1.0, 1.83749713629, 0.439236907395, 1.0, 3.0, 1.0, 1.0, 1.0, 0.0, 0.0, 1.0, 1.0, 3.0, 0.0, 1.0, 2.0, -1.0, -1.0, 3.0, -1.0, -1.0, 96582.0, 548.0, 99506.0
1.0, 2.0, 1.0, 2.0, 3.0, 1.0, 0.0, 0.0, 1.22046759004, 1.85987487292, 2.0, -1.0, 2.26440013825, 2.0, 2.0, 1.0, 1.0, 1.0, -1.0, 1.0, 1.0, 2.0, 2.0, 0.0, -1.0, 3.0, 1.0, 1.0, 0.0, -1.0, 0.0, -1.0, 0.0, 0.0, 1.27833759979, -0.417438335172, 0.0, 0.0, 0.284436314002, -1.0, 2.77969693063, 1.33411219664, 0.0, -1.0, 3.0, 2.0, 0.0, 2.0, 1.0, 2.13593719345, 95989.0, 620.0, 99450.0
0.0, -0.181597178247, -0.400686791731, 2.0053974371, 3.0, 2.32231654445, 2.0, -1.0, -1.0, 0.0, 0.0, 0.0, 1.0, 2.0, 0.0, -1.0, 1.0, 3.0, 0.00647792802956, 1.0, 2.0, 0.0, 2.0, 1.0, 3.0, -1.0, 2.0, 0.0, 2.0, -0.796468109083, 1.0, 2.0, 2.0, -0.00764778561656, 3.0, 3.0, 0.808784791543, 0.0, 1.0, -1.0, 1.0, 1.0, 1.0, 2.0, 0.0, 3.0, -0.514893082098, 0.0, 1.0, -1.0, 96141.0, 602.0, 99456.0
2.0, 0.395909943896, -1.0, -0.441731408004, 1.0, -1.0, -0.0835259535555, 2.0, 1.0, 2.0, 0.0, 1.0, 0.0, 3.0, 0.0, 0.0, 2.31935417008, 1.0, 2.0, 0.747704277867, -1.0, 2.0, 0.0, 0.0, 1.0, -1.0, 1.61577493301, 0.0, 3.0, 0.0, 0.0, -1.0, 0.0, 2.0, 3.0, 2.0, 1.0, 3.0, 3.0, 1.91128030783, 1.39123210243, 0.0, 3.0, 1.0, 2.0, 2.0, 1.0, 0.0, 3.0, -1.0, 96088.0, 641.0, 99439.0
0.0, 1.0, 0.0, -1.0, 2.0, 0.0, 1.0, 2.0, 2.0, -1.0, 1.0, 1.0, -1.0, 0.0, -0.151711096979, 0.0, -1.0, -1.0, 1.0, 1.9173522904, 2.0, 2.0, -1.0, 0.0, 3.0, 2.0, -1.0, 0.794064093593, -1.0, -1.0, 1.0, 2.0, 0.0, 1.0, 1.35162614855, 2.0, 2.0, 1.0, 3.0, -1.0, 0.0, -0.760621185143, 0.963949420557, -1.0, 1.0, 1.0, -0.0664242733464, -1.0, 0.0, -1.0, 96491.0, 541.0, 99537.0
1.39793795482, 2.0, 0.0, 1.0, 0.0, 0.0, 3.0, 3.0, 3.0, 3.0, 3.0, 0.0, 0.0, 1.0, 2.0, 0.0, 0.0, 1.0, 1.0, 3.0, 2.0, 2.0, 2.61240452319, 2.5468695054, 3.0, 1.27830743405, 0.492202594925, 2.0, 1.0, 0.672970306528, 0.0, -1.0, 1.0, 0.0, -1.0, 1.0, 3.0, 2.0, 3.0, 1.0, 1.0, 2.0, -0.00980892052694, 2.0, -0.851196423957, 3.0, -1.0, 1.0, 1.0, 2.0, 96203.0, 670.0, 99406.0
3.0, 2.0, 2.0, -1.0, 1.0, 2.0, 2.0, 2.0, 1.12726241074, 1.0, 0.0, 1.0, 0.0, 1.0, 2.0, 2.0, 1.0, -1.0, 1.0, -1.0, 3.0, 0.0, 1.0, 0.0, 3.0, 3.0, 3.0, 2.0, 1.0, 2.0, 0.699676348017, -1.0, -1.0, 2.48083621033, 0.209039084883, -1.0, 1.0, 0.0, 1.0, 3.0, 1.0, -0.194820408708, 2.1218339989, 3.0, 1.0, 2.0, -1.0, -1.0, 3.0, -0.848946058711, 96457.0, 603.0, 99453.0
2.20989990797, 0.0, -0.400686791731, 2.0, 3.0, 1.82298005132, 2.0, -1.0, -1.0, 0.0, 1.20159457492, 0.0, 1.0, 2.0, 0.0, -1.0, 0.143288204484, 3.0, 0.00647792802956, 1.0, 2.0, -0.222932350842, 2.0, 0.851857265441, 3.0, -1.0, 2.09969554725, 0.0, 1.31456086605, 0.110524879697, 1.67812496978, 2.0, 2.0, 0.543902089576, 3.0, 3.0, 1.84288060289, 0.0, 1.36317322528, 2.33271104935, 1.0, 1.0, 1.0, 2.0, -0.331059226614, 3.0, -0.514893082098, 0.0, 1.24076578948, -1.0, 96173.0, 636.0, 99434.0
1.0, 2.0, -0.766791038066, 0.0, -0.589781180649, 0.0344106646868, 1.0, 2.19667157913, 3.0, 2.0, 2.0, 2.0, 0.0, 2.0, -0.408640245701, -0.497108934383, 1.0, 2.0, 0.0, -1.0, 0.406377677421, 0.0, 1.0, 0.0, -0.960274910097, -1.0, -0.059571423877, 2.15249469109, 0.0, 0.0, 1.0, -1.0, -1.0, 1.0, 1.0, 1.0, 2.0, 1.0, 2.0, -1.0, -0.221592869663, 0.0, 1.0, 1.0, -0.78044654378, 0.303941270879, 0.0, 3.0, -1.0, -1.0, 96228.0, 566.0, 99496.0
0.0, -1.0, 1.0, 1.0, 0.0, 1.0, 0.48743689405, 1.0, -1.0, 1.0, 0.0, 3.0, 2.0, 2.0, 1.0, 3.0, -1.0, 0.0, 1.0, -1.0, 0.0, -1.0, 1.0, 1.19335106403, 0.0, 3.0, 1.0, 2.0, 2.0, -1.0, 3.0, -1.0, 2.0, -1.0, 1.0, 0.0, 2.0, 3.0, -1.0, -1.0, 0.0, 0.0, 0.0, 0.110085444424, 3.0, 2.66179720494, 1.29606920096, -1.0, 3.0, -1.0, 96495.0, 557.0, 99504.0
2.0, 0.0, -1.0, 1.0, 1.0, 0.0, 2.91863896442, 3.0, -1.0, 3.0, 2.0, 1.0, 0.0, -1.0, 0.0173414495498, -1.0, 1.0, 2.86222381779, 2.10958521234, -0.44550581113, 2.0, 0.0, -1.0, 2.44706182458, 0.0, 2.31038273347, 2.0, 1.0, 0.586984690095, -1.0, 2.0, 2.0, 2.0, 0.870844476831, 2.0, 1.0, -1.0, -0.212831354174, -1.0, 1.0, 0.0, -1.0, 0.0, 1.49629081998, 2.0, 2.0, -0.594860373402, 1.0, 3.0, 1.0, 96337.0, 581.0, 99483.0
-0.0561277731685, 2.7410877278, -1.0, -1.0, 2.0, 0.0, 1.0, 2.0, 2.0, -1.0, 1.0, 2.0, -1.0, 0.0, -1.0, 0.439979197111, -1.0, -1.0, 1.0, 2.0, 2.0, 2.0, -1.0, 0.0, 3.0, 0.302416454339, -1.0, -1.0, -1.0, -1.0, 1.0, 2.0, 0.0, 1.0, 2.59614574988, 2.0, 2.0, -1.0, 3.0, -1.0, 0.0, 2.20566571049, 1.0, -1.0, 1.0, 1.98490472713, -0.888895834058, -1.0, 0.0, -1.0, 96992.0, 477.0, 99573.0
-1.0, 2.0, 2.0, 1.0, 1.0, 1.0, 1.7683271377, -0.232915539429, -0.186443785065, 0.4771950036, 0.0, -0.334656829413, 1.0, 1.0, 2.0, 3.0, 0.0, 2.0, 0.495432125336, 0.0, 2.0, 0.0, 0.366355940527, 0.0, -1.0, 0.0, 1.0, 1.0, -0.886530666974, -1.0, 0.0, 2.68822065858, 3.0, 2.0, 0.0, 0.411765465663, 2.89129241167, 3.0, 0.0, 0.0, 2.03890992721, 1.0, 1.22658551309, 3.0, 2.0, -1.0, -0.800216974799, -1.0, 1.32520316221, 1.0, 96030.0, 620.0, 99440.0
3.0, 2.0, 0.753456842844, 2.15110890441, 0.0, 1.0, 3.0, 0.0, 0.0, -0.974181541361, 1.99346250352, 0.316065188767, 0.0, 3.0, 2.0, -1.0, 1.37618430247, 1.0, 2.80389404786, 2.75248432734, 0.333602312137, 1.0, -1.0, 0.660597596744, -1.0, 1.60169476478, 0.0, -0.836542426456, 1.0, -0.699327892982, 1.0, -1.0, 3.0, 2.0, 0.498505585114, 1.0, 2.0, -0.600608167357, 1.85391277291, 3.0, 3.0, 0.814811622493, 2.0, -1.0, 0.0, -0.803913005888, 0.0, -1.0, -0.37499746616, 3.0, 96584.0, 563.0, 99492.0
3.0, 2.0, 2.0, -1.0, 0.276701538755, 2.0, 2.0, 2.0, 1.0, 0.970502724073, 0.0, 1.0, 0.0, 1.0, 2.1835810892, 2.0, 1.0, -1.0, 2.7284339745, -1.0, 1.0, 0.03648658452, -0.0232747651035, 0.0, 0.0, 3.0, 3.0, 2.0, 1.0, 2.0, -0.439060669604, -1.0, -1.0, 2.12320380235, 0.0, -1.0, 1.0, 0.0, 1.0, 3.0, 1.0, 3.0, -0.0040437514673, 2.70991828962, 1.0, 1.45677388932, -1.0, -1.0, 3.0, 2.0, 96240.0, 614.0, 99446.0
1.0, -0.233208403883, -1.0, 2.0, 0.0, -1.0, 3.0, 0.0, 3.0, 2.0, -0.227991924951, 1.13006091254, 1.0, 0.0, -1.0, 2.0, 0.0, 1.0, -1.0, -1.0, 1.71674641636, 2.0, 2.0, -1.0, 1.0, -1.0, 3.0, 0.0, 1.0, -1.0, 3.0, 0.0, 0.0, 2.0, 1.68337548263, 2.0, 1.0, -1.0, -1.0, 2.0, -1.0, -0.561711162897, 1.93246841322, 2.0, 0.0, 1.0, -1.0, 1.0, -1.0, 3.0, 96923.0, 507.0, 99544.0
-1.0, 2.0, 2.0, 0.511457742161, -1.0, 0.0505484803581, 1.0, 1.0, 2.0, 2.0, 3.0, 0.0, 3.0, 0.0, 0.0, 0.0, 3.0, -1.0, 1.0, 0.0, 2.0, 0.0, 0.0, 2.96851359203, -0.852620034448, 1.62544521494, 1.0, 0.0, 2.0, -1.0, -1.0, 0.0, 0.0, 3.0, -1.0, 0.0, -1.0, -1.0, 3.0, -1.0, 0.0, 2.0, 0.542450596886, -1.0, -0.170169031831, 1.0, 2.0, 1.0, 3.0, 1.0, 96610.0, 560.0, 99496.0
3.0, 2.0, 2.0, 0.86206995277, 1.0, 2.0, 2.0, 2.0, 1.0, 0.12894551596, 0.0, 1.0, 0.0, 1.0, 2.47835103612, 1.53346994957, 1.0, -1.0, 1.0, -1.0, 1.69689299175, 0.0, 1.36966415118, 0.0, 3.0, 3.0, 3.0, 2.0, 1.0, 2.0, 0.0, -1.0, -0.239886381916, -0.0156732982152, 1.0, -1.0, -0.433294528961, 0.0, 1.0, 3.0, 1.0, 3.0, 2.0, 3.0, 1.0, 2.0, -1.0, -1.0, 3.0, 2.0, 96166.0, 637.0, 99424.0
3.0, 2.0, 1.92048253977, -1.0, -0.244148328513, 2.0, 2.0, 2.0, 1.0, 1.0, 1.020468656, 1.0, 0.0, 1.0, 2.1835810892, 2.0, 1.0, 1.25434511, 1.0, -1.0, 3.0, 0.0, 1.0, 0.0, 3.0, 3.0, 3.0, 2.0, 1.0, 2.0, 0.0, -1.0, -1.0, 2.12320380235, 1.0, -1.0, 1.0, -0.503336237278, 1.0, 3.0, 1.0, 3.0, 2.0, 1.04228669316, 1.0, 2.0, -1.0, -1.0, 3.0, 2.74511843134, 96581.0, 612.0, 99446.0
-1.0, 0.88880374252, 2.0, 2.0, -1.0, 1.0, 1.0, 1.0, 0.324336156848, 1.0, 3.0, 0.0, 3.0, 0.0, -0.689429199585, 0.0, 3.0, -1.0, 0.802337197123, 0.0, -0.615754395456, 2.0, 2.0, 1.0, 3.0, 2.28593494776, 0.98592979271, 0.0, 2.0, -1.0, -1.0, 0.0, 0.0, 1.16200162647, -1.0, 0.0, -1.0, -0.734337263768, 3.0, -0.842667123356, -0.199271387492, 2.40385156995, 2.0, -1.0, 1.0, 2.50254380318, 0.587247671033, -0.624089388874, -1.0, 1.16061304282, 96812.0, 520.0, 99527.0
1.0, 0.600682611206, -1.0, 2.0, -1.0, 1.0, 0.0408267646496, 0.0, 2.00303351169, 0.795187216598, 1.0, 0.0, -1.0, 1.73303349627, 1.0, -1.0, -1.0, -1.0, 1.0, 0.23957086882, 1.0, 2.0, -1.0, 0.0, 3.0, -1.0, 3.0, 3.0, -1.0, -1.0, 1.0, 0.0, -0.171101908738, 0.0, -1.0, -0.607012133578, 0.0, 0.0, 2.0, -1.0, 2.10725485257, 0.0, -1.0, 2.0, 2.0, 0.981672467985, 2.0, 3.0, 0.0, 1.0, 96578.0, 535.0, 99553.0
1.0, 0.0, 1.0, -1.0, 0.0, 2.0, 2.0, 3.0, -1.0, 1.0, 1.0, 3.0, 2.0, -0.726900966013, 1.15088337797, 2.0, -0.455263056825, -1.0, 2.32316442305, 0.0, -1.0, -0.154364004464, -1.0, 2.04708275235, 0.0, 3.0, 3.0, -0.693352743918, 1.0, 1.0, 0.0, 0.0, 1.0, 3.0, 1.0, 1.0, 1.0, 0.0, 0.0, 1.0, -0.0610515327946, 3.0, -0.384442694708, 1.0, 2.03822190757, -1.0, -1.0, 3.0, -1.0, -1.0, 96410.0, 567.0, 99489.0
1.0, 2.0, -0.309346567269, 0.0, -0.814812536879, 1.0, 1.0, 2.0, 3.0, 1.73681237718, 2.40348827276, 2.0, 0.0, 2.0, -1.0, 0.0, 0.00991307116518, 2.33981795165, 0.0, -1.0, 2.0, 3.0, 2.0, 0.0, 1.0, -1.0, 0.0, 3.0, 0.0, 2.0, 1.0, -1.0, -1.0, 1.0, 1.0, 1.0, 2.0, 1.0, -0.0280166687251, -1.0, 0.0, 0.0, 1.0, 1.0, -1.0, -1.0, 0.0, 3.0, 3.0, -1.0, 96428.0, 577.0, 99486.0
1.02244389645, 2.0, 3.0, 0.527086453072, 1.0, -1.0, -0.233596798327, -1.0, -0.858978280054, 3.0, 0.0, 2.0, 0.0, 0.0, 1.0, 1.0, 0.0, 2.66607613894, -1.0, 0.0, 0.451323604032, 0.0, -0.48122963113, 1.0, 1.0, 2.23660271693, 0.0, -1.0, -1.0, 2.0, -1.0, 2.0, 0.0, 1.0, 1.0, -1.0, -1.0, 2.0, 0.0, 1.6487496902, -1.0, 0.0, 2.0, -1.0, 0.0, 0.95916445024, -1.0, 2.0, -1.0, 1.0, 96620.0, 532.0, 99536.0
0.0, 0.35032889252, 0.498866497087, -1.0, 2.0, 0.0, 2.47796439218, 2.0, 2.0, -1.0, 1.0, 1.30920932064, -1.0, 0.0, -1.0, 0.0, 0.504092944474, -0.970907823801, 1.0, 1.0, 1.84356164587, 2.0, -1.0, 0.0, 3.0, 2.0, -1.0, 2.0, -1.0, -1.0, 1.0, 2.0, -0.896035549355, 1.0, 0.0, 2.0, 0.564643652203, 1.0, 3.0, -1.0, 0.0, 1.0, 1.0, -1.0, 1.0, 1.0, 2.0, -1.0, 0.0, -1.0, 96567.0, 539.0, 99537.0
0.0, 0.0, -0.400686791731, 2.0, 3.0, 2.96493908209, 2.0, -1.0, -1.0, 0.0, 0.0, 0.0, 1.0, 2.0, 0.0, -1.0, 1.0, 3.0, 2.18301693427, 1.0, 2.0, 0.0, 2.0, 1.645209534, 3.0, -1.0, 2.09969554725, 0.0, 2.0, -1.0, 1.0, 2.0, 2.0, -0.350452827634, 3.0, 3.0, 0.808784791543, 0.0, 1.0, -1.0, 1.0, 1.0, 0.386298970272, 2.0, 0.0, 2.43828583945, -0.514893082098, -0.973967693339, 1.0, 0.635191266767, 96126.0, 603.0, 99454.0
0.0, 1.0, 3.0, 3.0, 2.0, 3.0, 2.44599963659, 2.0, -1.0, 0.331633543692, 0.0, 1.0, 0.0, -0.264900527857, 3.0, 0.0, 0.0, 1.0, 1.0, -1.0, 2.96887793212, 1.0, 1.0, 2.0, 1.0, -1.0, 2.0, 0.0, 0.0, 2.18944575958, 1.0, 1.0, 1.0, 0.0, 0.0, -1.0, 2.0, 2.0, -0.774585328139, 0.139984453333, 3.0, -0.981471790726, 2.0, 3.0, 2.00319695496, -1.0, -1.0, 1.0, -1.0, 1.0, 96488.0, 586.0, 99474.0
1.0, 0.0, -0.0407590757898, -1.0, 0.0, 1.48874076771, 2.0, 3.0, 2.27497396159, 1.0, 1.0, 3.0, 2.0, -1.0, 0.80651119737, 2.77096264659, 1.0, -1.0, 3.0, 0.0, 1.92671604452, -0.0739041655655, -1.0, 2.0, 0.0, 3.0, 3.0, 0.0, 1.0, 1.0, 1.04364060421, -0.69078119018, 1.0, 0.435722767368, -0.653618562062, 2.67572924395, 1.0, 0.0, 0.0, 1.0, 1.0, 3.0, 0.0, 1.0, 2.0, -1.0, -1.0, 3.0, 3.0, -1.0, 96324.0, 601.0, 99460.0
-1.0, 2.0, 3.0, 2.0, 1.0, -1.0, 0.0, -1.0, 0.0, 3.0, 0.456452912242, 2.0, 1.23575479344, 1.20663249242, 1.0, 1.0, 0.0, 1.0, 0.85212088422, 0.0, 1.0, 3.0, -0.453465051457, 1.0, 1.0, 2.33265668084, 1.93648888322, -1.0, -1.0, 2.0, -1.0, 2.0, 0.0, 0.228083646539, 2.05677751229, -1.0, -1.0, 2.11175003224, 0.0, -0.990824188985, -1.0, 0.00625985983737, 2.0, -1.0, 0.0, -1.0, -1.0, -1.0, 3.0, -0.135039688422, 96836.0, 514.0, 99540.0
1.0, 2.0, 2.96503164428, -1.0, 0.477285617382, 1.0, 1.55408066933, 0.0, 1.31617652941, 1.0, -1.0, 1.53118518929, 0.0, 2.0, 1.67874627215, -0.186625095505, 2.0, 0.556813694177, 2.0, 0.0, 3.0, 2.32241805066, 3.0, 2.44706182458, -0.466934651006, 2.0, -0.230770130586, 1.71495089353, 3.0, 2.0, 1.0, 0.0, 0.0, 0.0, 0.0, 3.0, 3.0, 1.0, -1.0, 0.0, 0.45223868657, -1.0, 2.0, 1.49629081998, 2.0, 1.31342118713, -1.0, 0.0, 0.0, 0.0, 95963.0, 654.0, 99421.0
2.0, 1.0, 0.0, -1.0, 2.01971530164, 3.0, 3.0, 1.0, 0.901707322115, -1.0, 2.0, 1.37980066538, 0.0, 2.04458940501, 0.0, -1.0, 0.473048687339, -1.0, -1.0, 2.0, 1.0, 0.0, -1.0, 0.0, 1.0, 2.0, 2.0, 3.0, 2.0, -0.475443729722, 2.0, -1.0, 1.0, 2.0, 1.0, -0.277401760732, 0.0, 1.0, 1.0, 1.0, -1.0, -0.295223963717, 2.0, 0.452890850255, 2.12407796743, -1.0, -1.0, 1.0, 1.0, 1.11920409347, 96345.0, 572.0, 99492.0
1.0, 2.25540886397, 0.492592744941, 0.0, -1.0, 1.0, 1.3218832265, 2.0, 2.87795773807, -1.0, -0.81252566825, -0.746099028236, 0.0, 2.0, -1.0, -0.394674996717, 1.54780038458, 2.0, -0.750605417487, -1.0, 2.0, 0.0, 2.0, -0.90757583774, -0.654466899362, 0.0333070507769, 0.0, 3.0, -0.813414419896, -0.393910775424, 2.37232645906, -1.0, -1.0, -0.424817234431, 2.0, 1.0, 2.0, 1.0, 2.0, -1.0, 0.0, 0.0, 1.0, 1.0, -1.0, -1.0, 0.0, 1.55679525492, 2.0, -0.747042857907, 97064.0, 489.0, 99570.0
-0.553249310906, 0.0, 0.293119360785, 2.0, 0.285596442044, 0.751650830276, 1.45082389127, 0.0, 2.0, 2.0, 1.0, 0.0, 2.0, 1.80409039204, 0.0, 2.72828378316, -1.0, 1.0, 0.0, 0.0, 0.0, 1.0, -0.0232747651035, 0.0, 1.0, -0.818466370226, 0.424269961547, -1.0, 2.0, -1.0, 1.3173647934, 2.0, 0.628508365063, 1.0, 1.0, -0.369509212913, 1.0, 0.273287536755, 1.39788972435, 0.306922271812, 0.0, 2.0, 2.0, -1.0, -0.669945444644, 2.0, -1.0, 0.0, 0.0, 0.0, 95811.0, 613.0, 99453.0
0.0, 2.46917403531, 3.0, 0.424351914771, 2.0, 1.0, 2.0, 2.0, 0.359982613182, 0.246389831165, 0.0, -0.951432684127, 0.0, 2.80315737072, -0.0544485830182, 0.0, 0.0, 1.0, 1.15615756424, -1.0, 3.0, 1.07342515356, 1.0, 2.0, 1.0, -1.0, 2.0, 1.06837404579, 0.0, 3.0, 1.0, 1.04253838139, 1.01262868803, 0.0, 0.0, -1.0, 2.0, 2.0, -0.898470196563, -0.70650879296, 1.69856057189, 1.33411219664, 2.0, 3.0, 2.0, -1.0, -1.0, 1.0, -1.0, 0.164433250173, 96344.0, 584.0, 99477.0
2.1832480937, 2.0, 1.92048253977, -1.0, -0.244148328513, 2.54288551597, 2.0, 2.0, 1.0, 1.0, 0.926996403815, 2.08249622914, 0.0, 1.0, 0.176813819869, 2.0, 1.0, -0.0106711640973, 1.0, -1.0, 0.573488350868, 0.0, 1.0, 0.0, -1.0, 3.0, 0.0, 2.0, 1.0, 2.0, 0.0, -1.0, -1.0, 2.12320380235, 0.762248968581, 0.658535500352, 1.0, 0.0, 2.60474406877, 0.807604434066, 1.0, 2.86591749711, 2.0, 2.70991828962, 1.0, 2.0, -1.0, 1.05423526409, 3.0, 2.23866982435, 96216.0, 635.0, 99431.0
-1.0, 0.0, 1.52144390287, 2.0, -1.0, 1.0, 1.0, 0.0843340942402, 2.79267522818, 1.0, 3.0, 0.0, 3.0, 0.0, -0.721623510658, 2.0, 3.0, -1.0, 0.802337197123, 0.0, 0.440159170965, 2.37993410997, 0.324901495701, 1.0, 2.32865119504, 2.28593494776, -0.888179278014, -0.473123363167, 2.0, 0.779673294844, -1.0, 0.0, -0.453824011101, 2.0, -1.0, 0.0, -1.0, -1.0, 3.0, -0.842667123356, -0.199271387492, 2.0, 2.0, -1.0, 1.0, 2.50254380318, 0.587247671033, -0.624089388874, -1.0, 1.16061304282, 96838.0, 538.0, 99518.0
2.0, 2.35916790421, 0.0, 2.0, 2.45271425595, 2.0, 3.0, -0.999975136534, -1.0, 3.0, -0.207396862052, 2.0, 0.0, -1.0, 2.0, 3.0, -1.0, 3.0, 1.0, -1.0, 3.0, 0.0, 0.531903731517, -0.423677388563, -1.0, 2.0, 0.0, 2.0, -1.0, 2.10145567406, 2.0, -1.0, 1.0, 0.0, 2.1872546671, 1.0, 1.27401980676, -1.0, -1.0, 2.1681310231, 0.0, -1.0, -1.0, -1.0, -0.720638193797, -1.0, 2.0, 1.0, -0.0955411339316, -0.238209468457, 96993.0, 506.0, 99552.0
1.39793795482, 2.0, 0.0, 1.0, 0.0, 0.0, 3.0, 3.0, 3.0, 3.0, 3.0, 1.83296993027, 0.0, 1.0, 2.0, 0.0, -1.0, 1.09862953299, 1.0, 3.0, 1.62035389056, 2.0, 2.83767149896, 2.5468695054, 3.0, 1.27830743405, -0.0452291196077, -1.0, -0.121077359504, 2.31226417607, 2.0, -1.0, 1.0, 0.0, -1.0, 0.925206825695, 3.0, 2.0, 3.0, 1.0, 2.4720501314, 2.0, 0.0, 2.0, 0.0, 3.0, -1.0, 1.0, 2.00021585974, 2.0, 96428.0, 659.0, 99417.0
0.0, 1.0, 0.0, -1.0, 2.0, 0.0, 1.0, 2.0, 2.0, -1.0, 0.929685555449, 2.23190832226, -1.0, 0.0, -1.0, 0.0, -1.0, -1.0, 1.0, 1.388152189, 2.0, 2.0, -1.0, 0.0, 3.0, 2.0, 1.0, 2.38336437603, -0.727018961263, -1.0, 1.0, 2.0, 0.0, 1.0, -0.0517617293542, 2.0, 2.0, 1.47113996164, 3.0, -1.0, 0.0, 1.0, 1.0, -1.0, 1.0, 1.0, 2.0, 1.92843727434, 0.0, -1.0, 96428.0, 564.0, 99516.0
2.53048541235, 2.98785175047, 2.0, -1.0, 1.0, 0.0, 2.0, 2.0, 1.0, 0.680038713237, -0.0212431871111, 1.0, 0.0, 2.23392690596, 2.0, 2.0, 1.0, -1.0, 1.0, -1.0, 3.0, 0.0, 1.0, 0.0, 3.0, -1.0, 3.0, 2.0, -1.0, 2.40704777276, 0.0, -1.0, -1.0, 1.0, 0.209039084883, -1.0, 1.0, 0.0, 1.0, 3.0, 1.0, 3.0, 0.347960009834, 3.0, 1.0, 2.0, -1.0, -1.0, 3.0, -0.848946058711, 96524.0, 574.0, 99480.0
2.0, 1.0, 0.0, -1.0, -1.0, 3.0, 3.0, 1.0, 3.0, -1.0, 2.0, 1.0, 0.0, 2.0, 0.0, -1.0, -0.189755279017, -1.0, -1.0, 2.0, 1.0, 0.0, 3.0, 0.0, -0.307643038068, 3.0, 2.0, 2.5050417398, 2.0, 2.14180951015, 2.0, -1.0, 1.0, 2.0, 1.0, -0.874385255017, 0.0, 1.0, -0.670881217597, 1.0, -1.0, 2.0, 2.0, 3.0, 2.12407796743, -1.0, -1.0, 1.0, 1.0, 0.0, 96712.0, 546.0, 99512.0
0.0, 1.0, 0.0, -1.0, 2.0, 0.0, 1.0, 2.0, 2.0, -1.0, 1.0, 2.0, -1.0, 0.0, -1.0, 0.0, -1.0, -1.0, 1.0, 1.0, 2.0, 1.57832804078, -1.0, 0.0, 3.0, 2.0, -1.0, 2.0, -1.0, -1.0, 1.0, 2.0, 0.0, 1.0, 0.0, 2.0, 2.0, 1.0, 3.0, -1.0, 0.0, 0.364485362998, 1.0, -1.0, 1.0, 1.0, 2.0, -1.0, 0.0, -1.0, 96520.0, 540.0, 99535.0
1.0, -1.0, -1.0, 2.0, -1.0, 1.0, 1.0, 2.33648293134, 1.0, -0.986197518682, 1.0, 0.0, -1.0, 2.0, 1.0, -1.0, -1.0, -1.0, 0.474678933697, 1.0, -0.0521469150108, 1.81388022033, -1.0, 0.0, 1.0, -1.0, 3.0, 3.0, 2.30418683502, -1.0, 1.0, 0.0, 0.0, 0.0, -1.0, -1.0, 0.0, 0.0, 2.0, -1.0, -0.151554485716, 0.0, -1.0, 2.0, 2.0, 2.0, 2.0, 0.0, 0.0, 1.0, 96686.0, 520.0, 99567.0
1.0, 2.0, 2.96503164428, -1.0, 0.335857499873, 1.0, 3.0, 0.0, 3.0, 1.0, -1.0, 1.53118518929, 0.0, 2.0, -1.0, 0.0, 2.0, -0.472494980371, 2.0, 0.0, 3.0, 1.0, 3.0, 0.3904915878, 1.51431590582, 2.15537948005, 1.6522254981, 1.71495089353, 3.0, 2.0, 0.119258420037, -0.191813756924, 0.0, 0.0, 0.0, 3.0, 3.0, 1.94652517292, 3.0, 0.0, 0.45223868657, 1.67717791918, 2.0, 2.0, 2.0, 1.31342118713, -1.0, 0.0, 0.0, 0.0, 96050.0, 667.0, 99409.0
