-0.61494469654, 0.0, -1.0, 2.0, 2.0, 2.34535650668, -0.861345240568, -1.0, 1.58970748882, 1.0, -0.690265580272, -0.0448351593401, -0.850719046086, -1.0, -0.114885906054, 2.0, 2.0, -0.25166319672, -0.766860185683, -1.0, 0.0, 0.0, 0.168756475014, 0.0, -0.927153632429, 2.6741600224, 1.11907286374, 0.213353701813, 3.0, -0.535688827143, 0.0, -0.827382195649, -1.0, 1.25815989167, 1.0, 1.0, -1.0, 3.0, -0.80386022508, -1.0, 2.88289470433, -0.136782486387, -0.870415119049, 2.17279492753, -0.0231859401812, 0.358455570371, -0.611662602964, 0.0, -0.851825090498, 1.55696819457, 2957.0, 452.0, 365.0
1.33211122053, 0.00857618001164, -0.979493190175, 1.0, 1.58733830788, 0.0, -1.0, -0.838767024923, 2.10596803249, 2.16651327782, 2.0, -1.0, -1.0, 0.857039896398, -1.0, 1.90652249324, 2.0, -1.0, 2.81110082617, -1.0, -0.761719699167, 2.34594767106, 2.78043401666, -0.796854737086, 2.41793182907, 2.31684463777, 2.92564791648, -0.739756316208, 2.69445950238, -1.0, 3.0, 0.0875047369189, -1.0, 1.50257979283, 1.0, 1.91945649676, -1.0, 2.13816250711, 2.09871227199, 1.59570813844, 1.7316636935, -1.0, 0.0, 2.85902912267, 1.83882304483, -1.0, 1.0, -0.878991627635, -0.992460303608, 0.0, 2400.0, 482.0, 371.0
2.69340649097, -1.0, 2.0, -1.0, -1.0, 3.0, -1.0, 1.52747571253, -1.0, 2.17725715976, 2.0, 1.23620486897, -0.895740743401, 3.0, -0.275284573226, -1.0, 3.0, 2.0, 2.09061438015, -1.0, 1.2914918661, 2.0, -1.0, 1.81320718179, -0.934321442867, 3.0, 2.77096178504, -0.942751880957, 2.0, 2.01241646815, 2.43465872168, 2.16219170409, 2.40544988455, 0.726054780496, 1.11622970803, 0.0, 1.66680737947, -0.470768332274, 0.0818705872359, -1.0, -0.569905804011, -1.0, 0.0, -1.0, -1.0, 2.52486461108, 1.5500894204, -0.268146339288, -0.6176215461, -1.0, 2656.0, 478.0, 396.0
2.10244171018, -1.0, 0.602043616493, -1.0, 2.12790072053, 1.88037103054, 1.89165622117, -0.244714338431, 2.45188802782, -0.580200760558, -1.0, -1.0, 2.0, 2.0, 1.0, 2.30182738397, 2.44074139353, 2.0, 2.00431634323, 3.0, -0.810345859764, -0.654852100973, 0.0967702721292, 2.77062481408, 0.257810931437, -1.0, -1.0, -1.0, -1.0, -0.790233652146, -1.0, 2.0, -1.0, 0.285415866747, -0.98628749736, 0.736615261277, 1.0, 2.43028302588, -0.983604230145, 1.56674376695, 3.0, 0.99194293821, -1.0, 1.74991401347, -0.7810403112, 2.07807157064, 2.1942747084, 0.42059797392, 0.425087740692, 0.0, 2943.0, 453.0, 398.0
1.0, 1.78070030723, -1.0, 1.83777879622, 2.0, -0.838153117003, 2.0, -0.632691251565, 2.47741021601, 0.446395451425, -1.0, -0.463156595279, -1.0, 1.0, -0.979658658401, 1.1547756767, 2.0, -0.0365217822905, 2.35712027566, -1.0, 0.504528072862, 2.81859031358, 0.499765736755, -0.821640405778, 2.0, -1.0, 1.67610782561, -0.137409706299, 1.58194745948, -1.0, -1.0, 2.61873009539, -1.0, 2.0, 2.22214454254, -0.538285048258, -1.0, 3.0, 2.0, 0.973103860289, 2.0, -0.66896248284, 2.47993406983, 1.02664262362, -1.0, 0.0446515842006, -0.54943592389, -0.745060645068, 1.60475429, 1.35736233026, 2828.0, 480.0, 387.0
2.10244171018, 1.13165877643, 0.602043616493, -1.0, 2.12790072053, 1.88037103054, 1.89165622117, -1.0, 2.45188802782, -0.580200760558, -1.0, -1.0, 2.0, 2.0, 1.0, 2.30182738397, 2.44074139353, 2.0, 2.00431634323, 3.0, -0.810345859764, -0.654852100973, 0.0967702721292, 2.77062481408, 0.257810931437, -1.0, -1.0, -1.0, -1.0, -0.790233652146, -1.0, 2.0, -1.0, 0.285415866747, -0.98628749736, 1.0, 1.0, 2.43028302588, -0.983604230145, 1.56674376695, 3.0, 0.99194293821, -1.0, 1.74991401347, -0.7810403112, 0.358455570371, 2.1942747084, 0.42059797392, 0.425087740692, 0.0, 2937.0, 458.0, 391.0
-0.61494469654, 0.0, -1.0, 2.0, 2.0, 0.221925448132, -0.860346364305, -1.0, 2.0, 1.0, -0.690265580272, -0.748146426701, -0.850719046086, -1.0, -0.114885906054, 2.0, -0.81948629027, -0.25166319672, -0.766860185683, -1.0, 0.0, 0.0, 0.168756475014, 0.0, -0.927153632429, 0.168350548238, 1.11907286374, 1.0, 3.0, -0.535688827143, 0.0, 0.990663581311, -1.0, 1.25815989167, 1.0, 1.0, -1.0, 3.0, -0.80386022508, 2.0, 2.88289470433, -0.136782486387, -0.870415119049, 2.17279492753, -0.0231859401812, 0.358455570371, -0.611662602964, 0.0, -0.851825090498, 1.55696819457, 3037.0, 451.0, 368.0
1.33211122053, 0.00857618001164, -0.979103197615, 1.0, 1.36362208251, 0.0, -1.0, -0.838767024923, 2.10596803249, 2.16651327782, 2.0, -1.0, -1.0, 1.0, -1.0, 2.0, 2.0, -1.0, 2.81110082617, -1.0, -0.761719699167, 2.0, 2.78043401666, -0.796854737086, 2.41793182907, 2.31684463777, 2.92564791648, -0.739756316208, 2.69445950238, -1.0, 3.0, 0.0875047369189, -1.0, 0.808554799594, 1.0, 1.91945649676, -1.0, 2.13816250711, 2.09871227199, 1.59570813844, 1.7316636935, -1.0, 0.0, 2.85902912267, 1.83882304483, -1.0, 1.0, -0.878991627635, -0.992460303608, 0.0, 2444.0, 482.0, 371.0
1.97770641484, -1.0, 2.0, -1.0, 2.53187812765, 1.93416215037, -1.0, 0.0, -1.0, 0.0, 2.0, -0.792650541929, 1.27911816294, 3.0, -0.916368712054, -1.0, 3.0, 2.0, 2.0, -1.0, 2.0, 2.0, 0.780219498962, 0.0, -1.0, 3.0, -0.779216149607, 1.66067419475, 2.0, 2.0, 2.0, 2.0, 1.33987080857, 0.533240892812, 1.34077568307, 0.0, 2.0, 1.0, 3.0, -0.533672425485, 0.375837061043, -0.677600863839, -0.519749228566, -1.0, -1.0, 3.0, 2.0, 0.0, -0.970294703481, -1.0, 2815.0, 480.0, 415.0
-0.61494469654, -0.210457443839, -1.0, 1.53783391582, 2.0, 0.221925448132, -0.860346364305, -1.0, 2.0, 1.0, -0.986510231915, -0.0448351593401, -0.888928075355, -1.0, 0.241205105229, 2.87312523823, 2.0, -0.904811344997, -0.766860185683, -1.0, 0.0, 0.0, 0.168756475014, 1.32715196439, 2.0, 2.94695230724, 1.11907286374, 1.31256542678, 2.68425081746, -1.0, 0.0, -0.827382195649, -1.0, 2.0, 2.33037072958, -0.19264279589, -1.0, 3.0, 0.0, 2.87161499852, 2.88289470433, -0.122844298251, -0.870415119049, 2.570763549, 2.04207234774, -1.0, -0.611662602964, 0.0, 0.0, 0.289694508381, 3040.0, 477.0, 392.0
2.10244171018, -1.0, 1.0, -1.0, 2.12790072053, 1.88037103054, 1.89165622117, -0.244714338431, 1.0, 2.08780408552, -1.0, -1.0, 2.0, 2.0, 1.0, 2.30182738397, 2.44074139353, 2.0, 2.00431634323, 3.0, -0.810345859764, -0.654852100973, 0.0967702721292, 2.77062481408, 0.257810931437, -1.0, -1.0, -1.0, -1.0, -0.790233652146, -1.0, 2.0, -1.0, 0.285415866747, -0.98628749736, 0.736615261277, 1.0, 2.43028302588, -0.983604230145, 1.56674376695, 3.0, 0.99194293821, -1.0, 1.74991401347, -0.7810403112, 2.07807157064, 1.8342908, 0.42059797392, 0.425087740692, 0.0, 3043.0, 472.0, 406.0
-0.61494469654, 0.0, -1.0, 2.0, 2.0, 0.221925448132, -0.860346364305, -0.775171866661, 2.0, -0.941688201861, -0.280140746602, -0.0448351593401, -0.850719046086, -1.0, -0.340751594703, 2.87312523823, 2.0, -0.25166319672, -0.977439520539, -1.0, 0.0, 0.0, 0.168756475014, -0.832613240188, 2.0, 2.94695230724, 1.11907286374, 1.0, 3.0, -1.0, 0.701050932396, -0.827382195649, -1.0, -0.483593609623, -0.982509554221, 1.0, -1.0, 3.0, -0.196614264667, 2.0, 2.91920595603, -0.614633223308, -0.870415119049, -0.400740533287, -0.0231859401812, 2.81033391696, -0.723451840032, 0.0, -0.0510121833699, 1.55696819457, 3092.0, 460.0, 384.0
-0.61494469654, 0.0, -1.0, 2.0, 2.0, 0.221925448132, -0.860346364305, -0.775171866661, 2.0, -0.941688201861, -0.280140746602, -0.0448351593401, -0.850719046086, -1.0, 0.072066795824, 2.87312523823, 2.0, -0.25166319672, -0.977439520539, -1.0, 0.0, 0.0, 0.168756475014, -0.863029714875, 2.0, 2.94695230724, 1.11907286374, 1.0, 3.0, -1.0, 0.701050932396, -0.827382195649, -1.0, -0.483593609623, -0.982509554221, 1.0, -1.0, 3.0, -0.196614264667, 2.0, 2.91920595603, -0.614633223308, -0.870415119049, -0.400740533287, -0.0231859401812, 2.81033391696, -0.723451840032, 0.0, -0.0510121833699, 1.55696819457, 3092.0, 460.0, 384.0
-0.61494469654, 0.0, -1.0, 2.0, 2.0, 0.221925448132, -0.860346364305, -1.0, 2.0, 1.0, -0.690265580272, -0.0448351593401, -0.850719046086, -1.0, -0.114885906054, 2.0, 2.0, -0.25166319672, -0.766860185683, -1.0, 0.0, 0.0, 0.168756475014, 0.0, -0.927153632429, 2.6741600224, 1.11907286374, 1.0, 3.0, -0.535688827143, 0.0, -0.827382195649, -1.0, 1.25815989167, 1.0, 1.0, -1.0, 3.0, -0.80386022508, 2.0, 2.88289470433, -0.136782486387, -0.870415119049, 2.17279492753, -0.0231859401812, 0.358455570371, -0.611662602964, 0.0, -0.851825090498, 1.55696819457, 3059.0, 467.0, 379.0
1.0, 1.78070030723, -1.0, 1.83777879622, 2.0, -0.838153117003, 2.0, -0.632691251565, 2.01522585915, 0.446395451425, -1.0, -0.463156595279, -1.0, 1.0, -0.979658658401, 2.41941973978, 2.0, -0.0365217822905, 2.35712027566, -1.0, 0.504528072862, 2.81859031358, 0.499765736755, -0.821640405778, 2.0, -1.0, 1.67610782561, -0.137409706299, 1.58194745948, -1.0, 3.0, 2.0, -1.0, 2.0, 2.22214454254, -0.538285048258, -1.0, 3.0, 2.0, 0.973103860289, 2.0, -0.66896248284, 2.41193465413, 1.02664262362, -1.0, 0.0446515842006, -0.54943592389, -0.745060645068, 1.60475429, 1.35736233026, 2871.0, 492.0, 399.0
1.97770641484, -0.256263646892, 2.0, -1.0, 2.53187812765, -0.59643197753, -1.0, 2.49429446998, -1.0, 0.0, 2.0, -0.792650541929, 1.27911816294, 3.0, -0.576771090183, -1.0, 3.0, 2.55783597774, 2.0, -1.0, 2.0, 2.0, 0.780219498962, 0.0, -1.0, 3.0, -0.779216149607, 1.66067419475, 2.0, 2.0, 2.0, 0.687576696814, 2.0, 0.533240892812, 2.33037072958, 0.0, 2.0, 1.0, 3.0, -0.533672425485, 0.375837061043, -0.677600863839, -0.519749228566, -1.0, -1.0, 3.0, 2.0, 0.0, -0.970294703481, -1.0, 2744.0, 483.0, 411.0
1.0, 1.78070030723, -1.0, 1.83777879622, 2.0, -0.838153117003, 2.0, -1.0, -0.0171419720285, 0.446395451425, -1.0, -0.463156595279, -1.0, 1.0, -0.979658658401, 2.41941973978, 2.0, -0.0365217822905, 2.0, -1.0, 0.504528072862, 2.81859031358, 0.499765736755, -0.821640405778, 2.0, -1.0, 1.67610782561, -0.137409706299, 1.58194745948, -1.0, 3.0, 2.0, -1.0, 2.0, 1.0, -0.538285048258, -1.0, 3.0, 2.0, 0.973103860289, 2.0, -0.66896248284, 2.41193465413, 1.02664262362, 1.0, -1.0, -0.54943592389, -0.745060645068, 1.60475429, 0.0, 2907.0, 490.0, 393.0
2.0, -1.0, 2.0, -1.0, -1.0, 1.93416215037, -1.0, 1.14533749649, -1.0, 2.95448130825, 2.0, 0.268645218964, 1.27911816294, 1.42539120507, -0.57982657462, -1.0, 3.0, 2.0, 2.0, -1.0, 2.0, 2.0, 2.54989988187, 2.0, -1.0, 3.0, 3.0, -0.974296524705, 2.0, 2.0, 2.0, 2.0, -1.0, 0.556318579485, 3.0, -0.903930960905, 2.05139249114, 3.0, 3.0, 0.0, -0.230594508252, -1.0, -0.519749228566, -0.768798346436, -1.0, 3.0, 2.0, 2.3478347039, 0.0, -1.0, 2678.0, 494.0, 412.0
2.69340649097, -1.0, 2.0, -1.0, -1.0, 3.0, -1.0, 1.52747571253, -1.0, 2.17725715976, 2.0, 1.84300198018, 1.0, 3.0, -0.275284573226, -1.0, 3.0, 2.0, 2.09061438015, -1.0, 1.2914918661, 2.0, -1.0, 1.81320718179, -0.934321442867, 3.0, 3.0, -0.942751880957, 2.0, 2.01241646815, 2.43465872168, 2.16219170409, 2.40544988455, 0.555904949471, 3.0, 0.0, 2.0, -0.470768332274, 0.0818705872359, -1.0, -0.569905804011, -1.0, 0.0, -1.0, -1.0, 2.52486461108, 2.0, -0.268146339288, -0.6176215461, -1.0, 2762.0, 496.0, 410.0
0.90694179921, 1.78070030723, -1.0, 1.83777879622, 1.18374943989, -0.838153117003, 2.0, -1.0, -0.0171419720285, 1.7602413722, -1.0, -0.454759446991, -1.0, 1.0, 0.0, 2.41941973978, 2.0, -0.0365217822905, 2.99227105747, -1.0, 0.504528072862, 2.81859031358, 2.77834545144, -0.821640405778, 1.02339672698, -1.0, 1.67610782561, -0.137409706299, 1.58194745948, -1.0, 3.0, 2.0, -1.0, -0.638066352474, 1.0, -0.538285048258, -1.0, 3.0, 2.0, 1.96750176283, 2.0, -0.66896248284, 1.9109607136, 1.02664262362, 1.0, -1.0, -0.54943592389, -0.745060645068, 1.95979159828, 0.0, 2897.0, 487.0, 394.0
2.10244171018, -0.448209865653, 2.86706673153, 2.13838500416, 1.17117622229, 2.0, 2.99486163261, -0.820122908248, 1.0, 3.0, -1.0, 1.82372810641, -0.895740743401, 2.0, -1.0, 1.76156400737, 2.73190814742, 2.0, 2.0, 3.0, -0.848685102662, -0.839776648315, -1.0, 0.929700163811, 0.817786401532, 2.32777635263, 2.24964415329, -1.0, 2.33097405109, -0.535688827143, -1.0, -1.0, 0.0327946667444, -0.0640355030191, -0.501298585986, 0.870669894076, -0.660163903419, 1.96472445937, -0.871242885694, 1.36665687887, 3.0, -0.795470266823, -1.0, 2.0, 2.0, 3.0, -0.253498030577, -0.19765264519, 1.41836642193, 0.0, 2579.0, 498.0, 382.0
1.33211122053, 0.00857618001164, -0.802362062869, 1.0, 1.36362208251, 0.0, -1.0, -0.838767024923, 2.10596803249, 0.446395451425, 2.0, -1.0, -1.0, 1.0, -1.0, 2.0, 2.0, -1.0, 2.81110082617, -1.0, -0.761719699167, 2.0, 2.78043401666, -0.796854737086, 2.41793182907, 2.31684463777, 2.89915027128, -0.739756316208, 2.69445950238, -1.0, 3.0, 0.0875047369189, -1.0, 0.808554799594, 1.0, 1.91945649676, -1.0, 2.13816250711, 2.09871227199, 1.59570813844, 1.7316636935, 1.8394530942, 2.77406781113, 2.85902912267, 1.83882304483, -1.0, 1.0, -0.823857996489, -0.572343557912, 0.0, 2539.0, 497.0, 390.0
1.87783154026, -1.0, 2.0, -1.0, -1.0, 1.59007552914, -1.0, 0.298157874141, -1.0, 0.0, 2.0, 1.84300198018, 1.0, 0.054334341135, -0.557977685852, -1.0, 3.0, 2.43105547538, 2.09061438015, -1.0, 2.0, 2.02971230489, -0.693864894394, 1.0909711975, -1.0, 3.0, 3.0, -0.909005769398, 1.23626743203, 2.0, 2.43465872168, 2.0, 2.62135189035, 0.533240892812, 3.0, 2.94591556247, 2.23941781767, -0.470768332274, 2.18718588328, -1.0, 0.0, -1.0, 0.171470813729, -1.0, -1.0, 1.15912534754, 2.0, 0.553891135508, -0.6176215461, -1.0, 2796.0, 496.0, 401.0
2.0, -1.0, 2.0, -1.0, -1.0, 1.93416215037, -1.0, 0.0, -1.0, 0.0, 2.0, -0.75018934483, -0.850719046086, 3.0, -0.633372129774, -1.0, 3.0, 2.0, 2.0, -1.0, 2.0, 0.0, -0.46637589017, 2.9898548614, -1.0, 3.0, 3.0, -0.931646633552, 2.0, 2.21513824654, 2.0, 2.0, 2.0, 0.533240892812, 3.0, 0.0, 1.75015666181, 1.0, 2.89055422363, -0.0102889197223, 0.375837061043, -1.0, -0.519749228566, -1.0, -1.0, 3.0, 2.0, -0.375725873786, -0.317384778051, -1.0, 2793.0, 485.0, 409.0
2.89943345303, 1.78214519676, 1.53448522694, 2.09643984274, 0.981814993073, 2.0, 2.99486163261, 1.47693495519, 1.0, 2.0, -1.0, 1.82372810641, -0.84458832631, 2.0, 2.06704436721, -0.611589195174, 2.55149502398, 0.237748233501, 2.0, 3.0, -0.848685102662, -0.839776648315, -1.0, -0.931064836593, -0.642707788399, -1.0, 2.71254922974, -0.595824052561, 2.50781034442, -1.0, -1.0, 2.0, 0.390773914754, -0.852355963319, 2.0, 2.51513201755, 1.0, 2.43028302588, -0.857987632822, 1.79158888171, 3.0, -0.824180507978, 2.40803411267, 2.0, 2.0, 3.0, -0.253498030577, 0.42059797392, 1.41836642193, 0.613252178433, 2513.0, 502.0, 394.0
-0.61494469654, 0.0, -1.0, 0.0507560906381, 2.0, 0.221925448132, -0.860346364305, -1.0, 2.42059036169, 0.31747773299, -0.690265580272, -0.0448351593401, -0.850719046086, -1.0, -0.345910239614, 2.0, 2.0, -0.25166319672, -0.766860185683, -1.0, 0.0, 1.01035960261, 0.168756475014, 0.0, -0.927153632429, 2.6741600224, 1.11907286374, 1.0, 3.0, -0.535688827143, 0.0, -0.932299639721, -1.0, 1.25815989167, 1.0, 1.0, -1.0, 3.0, -0.80386022508, 2.0, 2.88289470433, -0.136782486387, -0.870415119049, 1.83259941609, -0.0231859401812, -0.250731810539, -0.747908047835, 0.0, -0.851825090498, 1.55696819457, 3080.0, 467.0, 379.0
-0.548532666241, 1.94320125746, -1.0, 0.165974490214, 2.0, -0.846292731216, 1.9392429901, -1.0, 1.92879190603, 0.300012851338, 2.0, -1.0, -1.0, -0.816406171164, 2.84501709922, 2.0, 2.0, -0.632399807954, 1.0, -1.0, 2.21065600811, -0.0611145189148, -0.693864894394, 0.354982152899, 2.0, 1.20030434418, 0.0, 0.0, 1.72895758844, -1.0, 3.0, 2.0, -1.0, 2.0, 1.0, -0.117523557829, -0.697358470894, 0.552553808163, 2.0, -1.0, 2.95884382874, 1.26766954373, -0.183571131156, 2.0, 1.62335887066, -1.0, 1.0, -0.946030852681, -0.598481187845, 2.09117691097, 2982.0, 487.0, 399.0
1.33211122053, 0.00857618001164, -0.979103197615, 1.0, 1.36362208251, 0.0, -1.0, -0.838767024923, 2.10596803249, 2.16651327782, 2.0, -1.0, -1.0, 1.0, -1.0, 2.0, 2.0, -1.0, 2.81110082617, -1.0, -0.761719699167, 2.0, 2.78043401666, -0.796854737086, 2.41793182907, 2.31684463777, 2.92564791648, -0.739756316208, 2.69445950238, -1.0, 3.0, 0.0875047369189, -1.0, 0.808554799594, 1.0, 1.91945649676, -1.0, 2.13816250711, 2.09871227199, 1.59570813844, 1.7316636935, 1.8394530942, 0.0, 2.85902912267, 1.83882304483, -1.0, 1.0, -0.823857996489, -0.975920499966, 0.0, 2553.0, 497.0, 390.0
2.99331287258, -0.802443571642, 2.32317106488, 2.09643984274, 0.981814993073, 1.07236796371, 1.04527501941, 1.47693495519, 1.0, -0.479934139263, -1.0, 1.82372810641, -0.84458832631, -1.0, 2.12712387041, -0.611589195174, 2.55149502398, 0.861401240555, 2.0, 3.0, -0.913218329408, 2.0, -1.0, -0.931064836593, 0.817786401532, -1.0, 2.71254922974, -1.0, 2.50781034442, -1.0, -1.0, 2.0, 1.82974899646, 0.285415866747, 2.0, -0.627991216537, 1.0, 2.43028302588, 0.0, 1.56674376695, 2.01388010807, -0.795470266823, -1.0, 2.0, 2.24441949043, 3.0, -0.253498030577, 0.42059797392, -0.732455176086, 1.63989029103, 2834.0, 491.0, 414.0
2.69340649097, -1.0, 2.0, -1.0, -1.0, 3.0, -1.0, 0.298157874141, -1.0, 0.0, 2.0, 1.84300198018, 1.0, 3.0, -0.275284573226, -1.0, 3.0, 2.0, 2.09061438015, -1.0, 1.2914918661, 2.0, -0.703493902891, 1.89227255305, -1.0, 3.0, 3.0, -0.942751880957, 2.0, 2.0, 2.43465872168, 2.0, 2.40544988455, -0.544673471203, 3.0, 0.0, 2.0, -0.470768332274, 3.0, -1.0, 0.0, -1.0, 0.0, -1.0, -1.0, 3.0, 2.0, -0.666301926569, 0.0, -1.0, 2832.0, 493.0, 413.0
-0.767140036449, 0.461104836518, -1.0, 2.0, 2.0, 0.292246914022, -0.860346364305, -1.0, -0.697938228249, 1.0, -0.690265580272, -0.0448351593401, -0.850719046086, -1.0, -0.114885906054, 2.0, 2.0, 0.205847600034, -0.766860185683, -1.0, 1.44557259486, 0.0, 0.0514311700339, 0.0, 2.0, 2.34039775536, 1.11907286374, 1.0, 3.0, -0.535688827143, 0.0, -0.827382195649, -1.0, 1.25815989167, 1.7437196503, 0.168868897371, -1.0, 3.0, 0.0, -0.222794542959, 2.88289470433, -0.136782486387, -0.870415119049, 2.17279492753, 0.225007127389, 2.50368007156, -0.611662602964, -0.827422519222, -0.851825090498, 1.55696819457, 3175.0, 469.0, 386.0
-0.61494469654, -0.210457443839, -1.0, 1.53783391582, 2.0, 0.221925448132, -0.860346364305, -1.0, 2.0, 1.0, -0.986510231915, -0.0448351593401, -0.949436868814, -1.0, 0.241205105229, 2.87312523823, 2.0, -0.598756931997, -0.977331887763, -1.0, 0.0, 0.0, 0.168756475014, 1.32715196439, 2.0, 2.94695230724, 1.11907286374, 0.394390964997, 2.68425081746, -1.0, 0.0, -0.827382195649, -1.0, 0.0923451819113, 2.51789924475, 0.228319216076, -0.916925865746, 3.0, 0.0, 2.87161499852, 2.88289470433, -0.122844298251, -0.870415119049, 2.570763549, 2.04207234774, -1.0, -0.611662602964, 0.0, 0.0, 0.289694508381, 3116.0, 477.0, 392.0
-0.61494469654, 0.0, -1.0, 2.0, 2.0, 0.221925448132, -0.860346364305, 0.619270056987, 2.0, -0.941688201861, -0.280140746602, -0.0448351593401, -0.850719046086, -1.0, -0.340751594703, 2.87312523823, 2.0, -0.25166319672, -0.977439520539, -1.0, 0.0, 0.0, 0.168756475014, -0.719375336862, 2.0, 2.94695230724, 1.11907286374, 1.0, 3.0, -1.0, 0.701050932396, -0.827382195649, -1.0, -0.689410449456, -0.526178175628, 1.0, -1.0, 3.0, -0.196614264667, 2.0, 2.91920595603, -0.136782486387, -0.870415119049, 2.79467090286, -0.0231859401812, 2.95338582738, -0.611662602964, 0.0, -0.0510121833699, 1.55696819457, 3120.0, 471.0, 399.0
2.95560766988, -1.0, 1.0, 0.993870378391, 2.99779315625, 2.0, 1.89165622117, -0.214958001385, 1.0, 2.08780408552, -1.0, -1.0, 2.0, 2.0, 1.0, 2.06807178073, 2.44074139353, 1.0, 2.00431634323, 3.0, -0.78980928535, -0.654852100973, -1.0, 2.77062481408, 0.257810931437, -1.0, -1.0, -1.0, -1.0, -1.0, -1.0, 2.0, -1.0, 0.285415866747, -0.98628749736, 0.736615261277, 1.0, 2.43028302588, -0.983604230145, 1.56674376695, 3.0, 0.491099945424, -1.0, 0.03786914337, -0.7810403112, 2.07807157064, 1.8342908, 0.42059797392, 0.425087740692, 1.15189181649, 3093.0, 470.0, 406.0
-0.61494469654, -0.210457443839, -1.0, 1.53783391582, 2.0, 0.221925448132, -0.860346364305, -1.0, 2.0, 1.0, -0.986510231915, -0.0448351593401, -0.888928075355, -1.0, 0.241205105229, 2.87312523823, 2.0, -0.904811344997, -0.766860185683, -1.0, 0.0, 1.52557187695, 0.168756475014, 1.32715196439, 2.0, 2.94695230724, 1.11907286374, 1.31256542678, 2.25782642829, -1.0, 0.0, -0.827382195649, -1.0, 2.0, 1.34077568307, -0.19264279589, -1.0, 3.0, 0.0, 2.87161499852, 2.88289470433, -0.122844298251, -0.870415119049, 2.570763549, 2.04207234774, -1.0, 0.152226779818, 0.0, 0.0, 0.289694508381, 3028.0, 496.0, 399.0
1.33211122053, 0.00857618001164, -0.802362062869, 1.0, 1.36362208251, 0.0, -1.0, -0.838767024923, 2.10596803249, 0.446395451425, 2.0, -1.0, -1.0, 1.0, -1.0, 2.0, 2.0, -1.0, 2.81110082617, -1.0, -0.761719699167, 2.0, 2.78043401666, -0.796854737086, 2.41793182907, 2.31684463777, 2.89915027128, -0.739756316208, 2.69445950238, -1.0, 3.0, 0.0875047369189, -1.0, 0.808554799594, 1.0, 1.91945649676, -1.0, 2.13816250711, 2.09871227199, 1.59570813844, 1.7316636935, 1.8394530942, 0.0, 2.85902912267, 1.83882304483, -1.0, 1.0, -0.823857996489, -0.975920499966, 0.0, 2599.0, 497.0, 390.0
1.97770641484, -0.672360808627, 2.0, -1.0, 2.92595875122, 1.93416215037, -1.0, -0.435581083041, -1.0, 1.78069746925, 2.0, -0.792650541929, 1.27911816294, 1.79919752856, -0.275284573226, -1.0, 3.0, 2.0, 2.0, -1.0, 2.0, 2.0, 0.780219498962, 0.0, -1.0, 3.0, -0.779216149607, 1.66067419475, 2.0, 2.0, 2.50466338224, 2.0, 2.0, -0.10325999187, 1.34077568307, 0.0, 2.0, 1.0, 3.0, -0.533672425485, 1.33245028872, -0.677600863839, -0.870415119049, -1.0, -1.0, 3.0, 2.0, 0.0, -0.970294703481, -1.0, 2955.0, 491.0, 432.0
2.0, -1.0, 2.0, -1.0, -1.0, 1.78105787983, 1.9392429901, 0.681174713237, -1.0, -0.503886429126, 2.0344792167, -0.128632331523, 1.0, 2.6250537284, -1.0, -1.0, 1.50596663074, 2.09993772645, 2.0, 0.209132124827, 2.14600149721, 0.0, 0.131094993878, 2.0, -0.198317731288, 3.0, -0.903517240197, -0.959181400937, 2.0, 2.12442324515, -0.762676779742, 0.707145588413, 0.629031727393, 0.533240892812, 3.0, -0.117523557829, 2.0, 2.26789079693, 3.0, 0.0, 2.82406310986, -1.0, -0.896626305831, -1.0, -1.0, 3.0, 2.0, 0.908473188733, -0.816567335297, -1.0, 3044.0, 494.0, 428.0
2.0, -1.0, 2.0, -1.0, -1.0, 1.93416215037, -1.0, 0.0, -1.0, 0.0, 2.0, -0.75018934483, -0.850719046086, 3.0, -0.275284573226, -1.0, 3.0, 2.0, 2.0, -1.0, 2.0, 0.0, -0.46637589017, 2.9898548614, -1.0, 3.0, 3.0, -0.909005769398, 2.0, 2.21513824654, 2.0, 2.0, 2.0, 0.533240892812, 3.0, 0.0, 2.0, 1.0, 2.89055422363, 0.0, 0.375837061043, -1.0, -0.519749228566, -1.0, -1.0, 3.0, 2.0, -0.375725873786, 0.0, -1.0, 2996.0, 496.0, 426.0
2.0, -1.0, 2.0, -1.0, -1.0, 1.93416215037, -1.0, 0.0, -1.0, 0.0, 2.0, -0.75018934483, -0.850719046086, 3.0, -0.275284573226, -1.0, 3.0, 2.0, 2.0, -1.0, 2.0, 0.0, -0.46637589017, 2.9898548614, -1.0, 3.0, 3.0, -0.931646633552, 2.0, 2.21513824654, 2.0, 2.0, 2.0, 0.533240892812, 3.0, 0.0, 1.75015666181, 1.0, 2.89055422363, -0.0102889197223, 0.375837061043, -1.0, -0.519749228566, -1.0, -1.0, 3.0, 2.0, -0.375725873786, -0.317384778051, -1.0, 2996.0, 496.0, 426.0
-0.61494469654, 0.0, -1.0, 2.0, 2.0, 0.221925448132, -0.860346364305, -1.0, 2.0, 1.0, -0.690265580272, -0.0448351593401, -0.850719046086, -1.0, -0.114885906054, 2.0, 2.0, -0.25166319672, -0.766860185683, -1.0, 0.0, 0.0, 0.168756475014, 0.0, -0.927153632429, 0.168350548238, 1.11907286374, 1.0, 3.0, -0.535688827143, 0.0, -0.304831315542, -1.0, 1.25815989167, 1.0, 1.0, -1.0, 3.0, -0.80386022508, 2.0, 2.88289470433, -0.136782486387, -0.870415119049, 2.17279492753, -0.0231859401812, 0.358455570371, -0.611662602964, 0.0, -0.851825090498, 1.55696819457, 3248.0, 485.0, 391.0
-0.767140036449, 0.461104836518, -1.0, 2.0, 2.82724124024, 0.292246914022, -0.860346364305, -1.0, -0.697938228249, 1.0, -0.690265580272, -0.0448351593401, -0.850719046086, -1.0, -0.114885906054, 2.0, 2.0, 1.04235627135, -0.766860185683, -0.517365477896, 1.44557259486, 0.0, 0.0514311700339, 0.0, 2.0, 0.453941462836, 1.11907286374, 0.656927820104, 3.0, -0.749061720646, 0.0, -0.827382195649, -1.0, 1.25815989167, 1.7437196503, 0.168868897371, -1.0, 3.0, 0.0, -0.222794542959, 2.88289470433, -0.136782486387, -0.906181884727, 2.17279492753, 0.225007127389, 2.25190598971, -0.611662602964, -0.827422519222, -0.851825090498, 1.55696819457, 3249.0, 469.0, 386.0
-0.983411837483, 0.502696649902, -1.0, 2.0, 2.0, -0.550650077507, -0.860346364305, -1.0, 2.0, 1.82699048208, -0.690265580272, -0.0448351593401, -0.850719046086, -1.0, -0.114885906054, 2.44859419313, 2.0, -0.25166319672, -0.766860185683, -1.0, 0.0, 0.0, 0.168756475014, 0.423837365315, 2.0, 1.86127827847, 1.11907286374, 1.0, 3.0, -0.535688827143, 0.104541994001, -0.827382195649, -1.0, 1.25815989167, 1.16191666891, 1.0, -1.0, 3.0, 0.0, -0.98893983159, 2.92652375542, -0.136782486387, -0.480644865054, 2.17279492753, -0.0231859401812, 0.358455570371, -0.611662602964, 0.0, -0.851825090498, 1.55696819457, 3242.0, 486.0, 392.0
-0.983411837483, 0.502696649902, -1.0, 2.0, 2.0, -0.550650077507, -0.860346364305, -1.0, 2.0, 1.82699048208, -0.690265580272, -0.0448351593401, -0.850719046086, -1.0, -0.114885906054, 2.49032607882, 2.0, -0.25166319672, -0.766860185683, -1.0, 0.0, 0.0, 0.168756475014, 0.423837365315, 2.0, 1.86127827847, 1.11907286374, 1.0, 3.0, -0.535688827143, 0.104541994001, -0.827382195649, -1.0, 1.25815989167, 1.16191666891, 1.0, -1.0, 3.0, 0.0, -0.98893983159, 2.92652375542, -0.136782486387, -0.480644865054, 2.17279492753, -0.0231859401812, 0.358455570371, -0.720041590657, 0.0, -0.851825090498, 1.55696819457, 3242.0, 486.0, 392.0
-0.61494469654, 0.0, -1.0, 2.0, 2.0, 0.221925448132, -0.860346364305, -1.0, 2.0, -0.941688201861, -0.280140746602, -0.0448351593401, -0.850719046086, -1.0, -0.340751594703, 2.87312523823, 2.0, -0.25166319672, -0.977439520539, -1.0, 0.0, 0.0, 0.168756475014, -0.719375336862, 2.0, 2.94695230724, 1.11907286374, 1.0, 3.0, -1.0, 0.701050932396, -0.827382195649, -1.0, -0.483593609623, -0.526178175628, 1.0, -1.0, 3.0, -0.196614264667, 2.0, 2.91920595603, -0.136782486387, -0.870415119049, 2.79467090286, -0.0231859401812, 1.92965975862, -0.611662602964, 0.0, -0.0510121833699, 1.55696819457, 3198.0, 475.0, 403.0
2.10244171018, -1.0, 1.0, 0.993870378391, 2.99779315625, 2.0, 1.89165622117, -0.214958001385, 1.0, 2.08780408552, -1.0, -1.0, 2.0, 2.0, 1.0, 2.06807178073, 2.44074139353, 1.0, 2.00431634323, 3.0, -0.78980928535, -0.654852100973, -1.0, 2.77062481408, 0.257810931437, -1.0, -1.0, -1.0, -1.0, -1.0, -1.0, 2.0, -1.0, 0.285415866747, -0.98628749736, 0.736615261277, 1.0, 2.43028302588, -0.983604230145, 1.56674376695, 3.0, 0.491099945424, -1.0, 0.03786914337, -0.7810403112, 2.07807157064, 1.8342908, 0.42059797392, 0.425087740692, 0.0, 3144.0, 470.0, 406.0
1.0, 0.78451077108, -1.0, 2.30304459058, 2.51248945904, 0.0, 2.0, -1.0, -0.0171419720285, 0.446395451425, -1.0, -0.885182043097, -1.0, 1.0, -0.916368712054, 2.02578237837, 1.89700045103, -1.0, 2.05979417903, -1.0, 0.0, 2.81859031358, 2.0, 0.0, 2.0, 2.35303802246, 0.0, 1.48151102325, 2.34506021675, -0.51391229776, -0.596522170995, 2.0, -1.0, 2.0, 1.0, -0.87670525324, -1.0, 0.364536295299, -0.135394900745, 1.96750176283, 2.0, 1.0, -1.0, 1.02664262362, 1.0, -1.0, 2.49415221012, -0.526991886964, -0.57779882181, 0.0, 3124.0, 496.0, 402.0
-0.61494469654, -0.210457443839, -1.0, 1.53783391582, 2.0, 0.221925448132, -0.860346364305, -1.0, 2.0, 1.0, -0.986510231915, -0.0448351593401, -0.949436868814, -1.0, -0.55292984897, 2.87312523823, 2.0, -0.598756931997, -0.977331887763, -1.0, 0.0, 0.0, 0.168756475014, 1.32715196439, 2.0, 2.94695230724, 1.11907286374, 0.394390964997, 2.68425081746, -1.0, 0.0, -0.827382195649, 0.21585750161, 0.0923451819113, 2.51789924475, 0.228319216076, -0.916925865746, 3.0, 0.0, 2.87161499852, 2.88289470433, -0.122844298251, -0.11953000306, 2.570763549, 2.04207234774, -1.0, -0.883766122197, 0.0, 0.0, 0.289694508381, 3144.0, 500.0, 398.0
1.61348715538, -0.448209865653, 2.86706673153, 2.13838500416, 1.17117622229, 2.0, 2.99685472094, 1.47693495519, 1.79226102186, 3.0, -1.0, 1.82372810641, -0.84458832631, 2.0, -0.561692855002, 1.76156400737, 2.72326559909, 2.50673877583, 2.0, 3.0, -0.848685102662, -0.839776648315, -1.0, 0.929700163811, 0.817786401532, 2.32777635263, 2.24964415329, -1.0, 2.33097405109, -0.535688827143, -1.0, -1.0, 0.0327946667444, -0.0640355030191, -0.501298585986, 0.870669894076, -0.660163903419, 1.96472445937, -0.871242885694, 0.0, 3.0, -0.795470266823, -1.0, 2.0, 2.0, 3.0, -0.253498030577, -0.19765264519, 1.41836642193, 0.0, 2669.0, 508.0, 394.0
2.89943345303, 1.78214519676, 1.53448522694, 2.09643984274, 0.981814993073, 2.0, 2.99486163261, 1.47693495519, 1.0, 2.0, -1.0, 1.82372810641, -0.84458832631, 2.0, 2.06704436721, -0.611589195174, 2.55149502398, 0.237748233501, 2.0, 3.0, -0.848685102662, -0.839776648315, -1.0, -0.931064836593, -0.266800938127, -1.0, 2.71254922974, -0.595824052561, 2.50781034442, -1.0, -1.0, 2.0, 0.390773914754, -0.852355963319, 2.0, 2.51513201755, 1.0, 2.43028302588, -0.857987632822, 1.79158888171, 3.0, -0.824180507978, -1.0, 2.0, 2.0, 3.0, -0.253498030577, 0.42059797392, 1.41836642193, 0.613252178433, 2610.0, 497.0, 399.0
1.97770641484, -1.0, 2.0, -1.0, 2.53187812765, 1.93416215037, -1.0, 0.0, -1.0, 0.0, 2.0, -0.792650541929, 1.27911816294, 3.0, -0.275284573226, -1.0, 3.0, 2.0, 2.0, -1.0, 2.0, 2.0, 0.780219498962, 0.0, -1.0, 3.0, -0.779216149607, 1.66067419475, 2.0, 2.0, 2.0, 2.0, 2.0, 0.533240892812, 1.34077568307, 0.0, 2.0, 1.0, 3.0, -0.533672425485, 0.375837061043, -0.677600863839, -0.519749228566, -1.0, -1.0, 3.0, 2.0, 0.0, -0.970294703481, -1.0, 2991.0, 491.0, 432.0
2.0, -1.0, 2.0, -1.0, -1.0, 1.44992156108, 1.9392429901, 0.681174713237, -1.0, -0.503886429126, 2.0344792167, -0.128632331523, 1.0, 2.6250537284, -1.0, -1.0, 1.50596663074, 2.09993772645, 2.0, 0.209132124827, 2.14600149721, 0.0, 0.131094993878, 2.0, -0.198317731288, 3.0, -0.903517240197, -0.959181400937, 2.0, 2.0, -0.762676779742, 0.707145588413, 0.629031727393, 0.533240892812, 3.0, -0.117523557829, 2.0, 2.26789079693, 3.0, 0.0, 2.82406310986, -1.0, -0.896626305831, -1.0, -1.0, 3.0, 2.0, 0.908473188733, -0.816567335297, -1.0, 3059.0, 494.0, 428.0
-0.767140036449, 0.461104836518, -1.0, 2.0, 2.0, 0.292246914022, -0.860346364305, -1.0, -0.697938228249, 1.0, -0.690265580272, -0.0448351593401, -0.850719046086, -1.0, -0.114885906054, 2.0, 2.0, 0.205847600034, -0.766860185683, -1.0, 1.44557259486, 0.0, 0.0514311700339, 0.0, 2.0, 0.453941462836, 1.11907286374, 1.0, 3.0, -0.535688827143, 0.0, -0.827382195649, -1.0, 1.25815989167, 1.7437196503, 0.168868897371, -1.0, 3.0, 0.0, -0.222794542959, 2.88289470433, -0.136782486387, -0.906181884727, 2.17279492753, 0.225007127389, 2.50368007156, -0.611662602964, -0.827422519222, -0.851825090498, 1.55696819457, 3253.0, 469.0, 386.0
2.10244171018, -1.0, 1.0, 0.993870378391, 2.99779315625, 0.557928364649, 1.89165622117, -0.214958001385, 1.0, 2.08780408552, -1.0, -1.0, 2.0, 2.0, 1.0, 2.06807178073, 2.44074139353, 1.0, 2.00431634323, 3.0, -0.78980928535, -0.654852100973, -1.0, 2.77062481408, 0.257810931437, -1.0, -1.0, -1.0, -1.0, -1.0, -1.0, 2.0, -1.0, -0.483593609623, -0.98628749736, 0.736615261277, 1.0, 2.43028302588, -0.985708743692, 2.0, 3.0, 0.491099945424, -1.0, 0.03786914337, -0.7810403112, 2.07807157064, 1.8342908, 0.42059797392, 0.425087740692, 0.0, 3159.0, 470.0, 406.0
1.0, 0.0, -1.0, 2.30304459058, 2.0, 0.0, 2.0, -1.0, -0.0171419720285, 0.446395451425, -1.0, -0.885182043097, -1.0, 1.0, -0.916368712054, 2.02578237837, 2.0, -1.0, 2.05979417903, -1.0, 0.0, 2.81859031358, 2.0, 1.32715196439, 2.0, 2.35303802246, 1.11907286374, 1.48151102325, 2.34506021675, -0.51391229776, -0.596522170995, 2.0, -1.0, 2.0, 1.0, -0.87670525324, -1.0, 0.364536295299, -0.135394900745, 1.96750176283, 1.24880217556, 1.0, -1.0, 1.02664262362, 1.0, -1.0, 2.49415221012, -0.526991886964, -0.57779882181, 0.0, 3129.0, 496.0, 402.0
1.61348715538, -0.448209865653, 2.86706673153, 2.13838500416, 1.17117622229, 2.0, 2.99486163261, 1.47693495519, 1.0, 3.0, -1.0, 1.82372810641, -0.84458832631, 2.0, -0.561692855002, 1.76156400737, 2.72326559909, 2.50673877583, 2.0, 3.0, -0.848685102662, -0.839776648315, -1.0, 0.929700163811, 0.817786401532, 2.32777635263, 2.24964415329, -1.0, 2.33097405109, -0.535688827143, -1.0, -1.0, 0.0327946667444, -0.0640355030191, -0.501298585986, 0.870669894076, -0.660163903419, 1.96472445937, -0.871242885694, 0.0, 3.0, -0.795470266823, -1.0, 2.0, 2.0, 3.0, -0.253498030577, -0.19765264519, 1.41836642193, 0.0, 2702.0, 508.0, 394.0
-0.755059150837, 3.0, -0.662618104926, 1.0, -1.0, 1.0, -0.65101245484, -0.886426356146, -1.0, 2.0, 1.0, -1.0, 3.0, 0.259164016919, 3.0, 1.87523461238, 2.61736555928, 2.19202399067, 1.0, 2.0, 2.01108375852, 2.0, 3.0, -1.0, -1.0, 1.89477951274, 0.0, -1.0, 2.0, -1.0, 1.81456391856, 1.0, -0.739516996108, -0.519120824705, 0.683774102452, -0.839518807108, 1.5384840081, 3.0, 2.0, -1.0, 3.0, 2.0, 0.413230664837, 0.42742353228, 2.0, 0.926021548876, 0.73983188915, 1.3359146743, -0.626760609392, 2.09117691097, 2641.0, 509.0, 400.0
2.89943345303, 1.78214519676, 1.53448522694, 2.20791839273, 0.981814993073, 2.0, 2.99486163261, 1.47693495519, 1.0, 2.0, -1.0, 1.82372810641, -0.84458832631, 2.0, 2.06704436721, -0.611589195174, 2.55149502398, 0.237748233501, 2.0, 2.0312333885, -0.848685102662, 0.25540225191, -1.0, -0.931064836593, -0.266800938127, -1.0, 2.71254922974, -0.595824052561, 2.50781034442, -1.0, -1.0, 1.83512701264, 0.390773914754, -0.852355963319, 2.0, 2.70885988217, 1.0, 2.43028302588, -0.857987632822, 1.79158888171, 3.0, -0.824180507978, -1.0, 2.0, -0.5181832859, 3.0, -0.253498030577, 0.42059797392, 1.41836642193, 0.613252178433, 2753.0, 499.0, 409.0
2.89943345303, -0.615532707791, 2.32317106488, 2.09643984274, 0.981814993073, 2.0, 2.99486163261, 1.47693495519, 1.0, 3.0, -1.0, 1.82372810641, -0.84458832631, 2.0, 2.06704436721, -0.611589195174, 2.55149502398, 0.861401240555, 2.80605626745, 3.0, -0.848685102662, -0.839776648315, -1.0, -0.931064836593, 0.817786401532, -1.0, 1.80540591501, -1.0, 2.33097405109, -1.0, -1.0, 2.0, 0.390773914754, 0.285415866747, 2.27480217042, 2.51513201755, -0.8049883557, 2.43028302588, 0.0, 1.56674376695, 3.0, -0.795470266823, -1.0, 2.0, 2.0, 3.0, -0.253498030577, 0.42059797392, 1.41836642193, 0.0, 2631.0, 503.0, 404.0
1.87783154026, -1.0, 2.0, -1.0, -1.0, 1.59007552914, -1.0, -0.838767024923, -1.0, 0.0, 2.0, 1.84300198018, 1.20348683848, 0.054334341135, -0.557977685852, -1.0, 3.0, 2.6965763618, 2.09061438015, -1.0, 2.0, 2.02971230489, -0.693864894394, 1.0909711975, -1.0, 3.0, 3.0, -0.909005769398, 1.43114139132, 2.0, 2.43465872168, 2.0, 2.62135189035, -0.158605293528, 3.0, 0.677008871057, 2.23941781767, -0.470768332274, 2.18718588328, -1.0, 0.0, -1.0, 0.171470813729, -1.0, -1.0, 1.15912534754, 2.0, 0.553891135508, 0.638350113884, -1.0, 2822.0, 498.0, 403.0
-0.61494469654, -0.210457443839, -1.0, 1.53783391582, 2.0, 0.221925448132, -0.860346364305, -1.0, 2.0, 1.0, -0.986510231915, -0.0448351593401, -0.888928075355, -1.0, 0.241205105229, 2.87312523823, 2.0, -0.904811344997, -0.766860185683, -1.0, 0.0, 0.0, 2.03059434875, 1.32715196439, 2.0, 2.94695230724, 1.11907286374, 1.0, 1.58194745948, -1.0, 0.0, -0.827382195649, -1.0, 2.21234572387, 1.0, -0.281063032099, -1.0, 3.0, 0.0, 2.87161499852, 2.88289470433, -0.122844298251, -0.870415119049, 2.570763549, -0.0231859401812, 2.28112865904, -0.611662602964, 0.000287294239471, -0.325362024109, 0.289694508381, 3172.0, 494.0, 408.0
2.0, 0.511449258209, 2.0, -1.0, -1.0, 1.44992156108, 1.54561819348, 0.681174713237, -1.0, -0.503886429126, 2.0344792167, -0.128632331523, 1.0, 2.6250537284, -1.0, -1.0, 1.50596663074, 2.35759437328, 2.0, 0.209132124827, 2.14600149721, 0.0, 0.131094993878, 2.0, -0.198317731288, 3.0, -0.903517240197, -0.959181400937, 2.0, 2.0, -0.762676779742, 0.707145588413, 0.629031727393, 0.285415866747, -0.98628749736, -0.610547372928, 2.0, 2.26789079693, -0.132105809737, 0.0, 2.82406310986, -1.0, -0.896626305831, -1.0, -1.0, 3.0, 2.0, 0.908473188733, -0.816567335297, -1.0, 3160.0, 485.0, 414.0
-0.432080508255, -1.0, 1.0, -1.0, 2.12790072053, 1.88037103054, 1.89165622117, -0.244714338431, 1.0, 2.08780408552, -1.0, -0.869852864683, 2.0, 2.0, 1.0, 2.30182738397, 2.44074139353, 2.0, 2.00431634323, 3.0, -0.810345859764, -0.654852100973, 0.0967702721292, 2.77062481408, 0.257810931437, -1.0, -1.0, -1.0, -1.0, -0.790233652146, 3.0, 2.0, -1.0, 0.285415866747, -0.98628749736, 0.736615261277, 1.0, 2.43028302588, -0.983604230145, 1.56674376695, 3.0, 0.99194293821, -1.0, 1.74991401347, -0.7810403112, 2.07807157064, 1.8342908, 1.37510159625, 0.425087740692, 0.0, 3159.0, 484.0, 418.0
-0.61494469654, 0.0, 1.10991049973, 2.0, 2.0, 0.16567731356, -0.860346364305, -1.0, 2.0, 1.40138500733, -0.280140746602, -0.0448351593401, -0.850719046086, -1.0, -0.340751594703, 2.87312523823, 2.0, -0.25166319672, -0.977439520539, -1.0, 0.0, 0.0, 0.168756475014, -0.719375336862, 2.0, 2.94695230724, 1.11907286374, 1.0, 3.0, -1.0, 0.701050932396, -0.853672201035, -1.0, 0.285415866747, -0.526178175628, 1.0, -1.0, 3.0, -0.196614264667, 1.56674376695, 2.91920595603, -0.136782486387, -0.870415119049, 2.79467090286, -0.732778722413, 1.92965975862, -0.611662602964, 0.0, -0.0510121833699, 1.55696819457, 3270.0, 492.0, 412.0
2.10244171018, -1.0, 1.0, -0.0675296691273, 2.99779315625, 2.0, 1.89165622117, -0.214958001385, 1.0, 2.08780408552, -1.0, -1.0, 2.0, 2.0, 1.0, 2.06807178073, 2.44074139353, 1.0, 2.00431634323, 3.0, -0.78980928535, -0.654852100973, -1.0, 2.77062481408, 0.257810931437, -1.0, -1.0, -1.0, -1.0, -1.0, -1.0, 2.0, -1.0, 0.285415866747, 0.467577713694, 0.736615261277, 1.0, 2.71050502021, -0.983604230145, 1.56674376695, 3.0, 0.491099945424, -1.0, 0.03786914337, -0.7810403112, 2.07807157064, 1.8342908, -0.264559745886, 0.425087740692, 0.0, 3254.0, 483.0, 419.0
-0.530668541511, 0.0, -1.0, 2.0, 0.636781176888, 0.221925448132, -0.860346364305, 0.619270056987, 2.0, -0.941688201861, -0.280140746602, -0.0448351593401, -0.850719046086, -1.0, -0.340751594703, 2.87312523823, 0.399394845111, -0.25166319672, -0.987578307088, 0.59906416475, 0.0, 0.0, 0.168756475014, -0.719375336862, 2.0, 2.94695230724, 1.11907286374, 1.0, 3.0, -1.0, 0.701050932396, -0.827382195649, -1.0, -0.689410449456, -0.526178175628, 1.0, -1.0, 3.0, -0.196614264667, 2.0, 2.91920595603, -0.136782486387, -0.587772556457, 2.79467090286, -0.0231859401812, 2.95338582738, -0.611662602964, 0.0, -0.0510121833699, 1.55696819457, 3286.0, 481.0, 409.0
1.0, 0.78451077108, -1.0, 2.30304459058, 2.51248945904, 0.0, 2.0, -1.0, -0.0171419720285, 0.446395451425, -1.0, -0.885182043097, -1.0, 1.0, -0.916368712054, 2.02578237837, 1.89700045103, -1.0, 2.05979417903, -1.0, 0.0, 2.81859031358, 2.0, 0.0, 2.0, 2.35303802246, 0.0, 1.48151102325, 2.34506021675, -0.51391229776, -0.596522170995, 2.0, -1.0, 2.0, 1.0, -0.87670525324, -1.0, 0.364536295299, -0.135394900745, 1.96750176283, 2.0, 1.0, -1.0, 1.02664262362, -0.391517149387, -1.0, 2.49415221012, -0.526991886964, -0.57779882181, 0.0, 3146.0, 496.0, 402.0
2.10244171018, -0.448209865653, 2.86706673153, 2.13838500416, 1.17117622229, 2.0, 2.99486163261, 1.47693495519, 1.0, 3.0, -1.0, 1.82372810641, -0.84458832631, 2.0, -1.0, 1.76156400737, 2.72326559909, 2.0, 2.0, 3.0, -0.848685102662, -0.839776648315, -1.0, 0.929700163811, 0.817786401532, 2.32777635263, 2.24964415329, -1.0, 2.33097405109, -0.535688827143, -1.0, -1.0, 0.0327946667444, -0.0640355030191, -0.501298585986, 0.870669894076, -0.660163903419, 1.96472445937, -0.871242885694, 0.0, 3.0, -0.795470266823, -1.0, 2.0, 2.0, 3.0, -0.253498030577, -0.19765264519, 1.41836642193, 0.0, 2724.0, 508.0, 394.0
1.33211122053, 0.0, -1.0, 1.0, 1.36362208251, 0.0, 2.79604862004, -0.838767024923, 1.92879190603, 0.446395451425, 2.0, -1.0, -1.0, 1.0, -1.0, 2.0, 2.0, -1.0, 2.81110082617, -1.0, -0.761719699167, 2.0, 2.78043401666, 2.0, 2.41793182907, 2.31684463777, 2.56255970844, -0.739756316208, 2.69445950238, -1.0, 3.0, 0.0875047369189, -1.0, 0.808554799594, 1.0, 1.91945649676, -1.0, 2.13816250711, 2.09871227199, -1.0, 1.7316636935, 1.8394530942, 0.0, 2.85902912267, 2.27784248518, -1.0, 1.0, -0.823857996489, -0.975920499966, 0.0, 2665.0, 511.0, 403.0
2.10244171018, -0.448209865653, 2.73969524126, 2.09643984274, -0.606771586629, 2.0, 2.99742279513, 1.47693495519, 1.0, 3.0, -1.0, 1.82372810641, -0.973413850654, 2.0, 2.5563607622, -0.611589195174, 2.55149502398, 0.861401240555, 2.0, 3.0, -0.848685102662, -0.839776648315, -1.0, 0.929700163811, 1.48886098524, -1.0, 1.80540591501, -1.0, 2.33097405109, -0.535688827143, -1.0, 2.0, 1.84670233476, -0.540733485268, 2.0, 0.870669894076, 1.0, 2.43028302588, 1.58220404571, 1.56674376695, 3.0, -0.795470266823, -1.0, 2.0, 2.0, 2.63016335751, -0.253498030577, -0.55788348483, 1.80304354115, 0.694077692318, 2633.0, 508.0, 414.0
2.69340649097, -1.0, 2.0, -1.0, -1.0, 3.0, -1.0, 0.482441992039, -1.0, 2.17725715976, 2.0, 1.84300198018, 1.0, 3.0, -0.275284573226, -1.0, 3.0, 2.0, 2.09061438015, -1.0, 1.2914918661, 2.0, -1.0, 1.81320718179, -0.934321442867, 3.0, 3.0, -0.942751880957, 2.0, 2.01241646815, 2.43465872168, 2.16969346281, 2.40544988455, 0.555904949471, 3.0, -0.580017618457, 2.0, -0.470768332274, 0.0818705872359, 2.0, -0.569905804011, -1.0, 0.0, -1.0, -1.0, 2.52486461108, 2.0, -0.268146339288, -0.6176215461, -1.0, 2871.0, 500.0, 418.0
1.0, 1.78070030723, -1.0, 1.83777879622, 2.0, -0.838153117003, 2.0, -1.0, -0.0171419720285, 0.446395451425, -1.0, -0.454759446991, -1.0, 1.0, 0.0, 2.41941973978, 2.0, -0.0365217822905, 2.99227105747, -1.0, 0.504528072862, 2.81859031358, 2.77834545144, -0.821640405778, 2.0, -1.0, 1.67610782561, -0.137409706299, 1.58194745948, -1.0, 3.0, 2.0, -1.0, 2.0, 1.0, -0.538285048258, -1.0, 3.0, 2.0, 1.96750176283, 2.0, -0.66896248284, 1.9109607136, 1.02664262362, 1.0, -1.0, -0.54943592389, -0.745060645068, 1.04671598151, 0.0, 3023.0, 501.0, 410.0
2.48410020756, -1.0, 2.37678562262, -1.0, -1.0, 3.0, -1.0, 0.298157874141, -1.0, 0.0, 2.0, 1.84300198018, 1.0, 3.0, 2.02986679253, -1.0, 3.0, 2.75471524001, -0.899553359279, -1.0, 2.0, 2.0, -0.819122578479, 2.80464828708, 2.0, 3.0, 3.0, -0.909005769398, 1.13687285735, 1.72079989348, 2.43465872168, 2.0, 2.40544988455, 0.533240892812, 3.0, 0.537431093599, 2.0, -0.470768332274, 3.0, -1.0, 1.47569980334, -1.0, 0.171470813729, -1.0, -1.0, 2.87504846619, 2.0, -0.664149678057, -0.325637887906, -1.0, 2824.0, 505.0, 430.0
1.0, 1.94320125746, -1.0, -0.0240496472829, 1.68244567965, 0.0, -0.863559617581, -1.0, 1.92879190603, 0.300012851338, 2.0, -1.0, -1.0, -0.816406171164, 3.0, 2.0, 2.0, -1.0, 1.83253099694, -1.0, 2.21065600811, 0.0, -0.693864894394, 0.0, 2.0, 1.56910385258, 0.0, 1.22493313419, 3.0, -1.0, 3.0, 2.0, -1.0, 2.0, 1.0, -0.117523557829, -0.697358470894, 3.0, 2.0, -1.0, 2.95884382874, 1.26766954373, 0.81546439392, 0.691991961175, 1.46097841794, -1.0, 1.0, -0.611326480353, -0.598481187845, 2.09117691097, 2930.0, 506.0, 410.0
1.97770641484, -0.256263646892, 2.0, -1.0, 2.53187812765, -0.59643197753, -1.0, 2.49429446998, -1.0, 0.0, 2.0, -0.792650541929, 1.27911816294, 3.0, -0.576771090183, -1.0, 3.0, 2.55783597774, 2.0, -1.0, 2.0, 2.0, 0.527300937684, 0.0, -1.0, 3.0, -0.779216149607, 1.66067419475, 2.0, 2.0, 2.0, 0.687576696814, 1.71732233194, 0.533240892812, 2.33037072958, 0.0, 2.0, 1.0, 3.0, -0.533672425485, 0.375837061043, -0.677600863839, 0.0312382446417, -1.0, -1.0, 3.0, 2.0, 0.0, -0.970294703481, -1.0, 2841.0, 500.0, 419.0
-0.61494469654, -0.210457443839, -1.0, 1.53783391582, 2.0, 0.221925448132, -0.860346364305, -1.0, 2.0, 1.0, -0.986510231915, -0.0448351593401, -0.888928075355, -1.0, 0.241205105229, 2.87312523823, 2.0, -0.904811344997, -0.766860185683, -1.0, 0.0, 0.0, 0.168756475014, 1.32715196439, 2.0, 2.94695230724, 1.11907286374, 1.0, 1.58194745948, -1.0, 0.0, -0.827382195649, -1.0, 2.0, 1.0, 1.0, -1.0, 3.0, 0.0, 2.87161499852, 2.88289470433, -0.122844298251, -0.870415119049, 2.570763549, -0.0231859401812, 1.92965975862, -0.611662602964, 0.0, 0.0, 0.289694508381, 3196.0, 494.0, 408.0
1.0, -0.602009322427, 1.42805953368, -0.0803043997645, 1.75025180425, 0.0, 1.9392429901, -1.0, 1.92879190603, 0.478813046561, 2.0, -1.0, -1.0, -0.816406171164, 0.618166178485, -1.0, 2.15305502121, -0.10255753676, 1.0, -1.0, 2.21065600811, 1.92468072401, -0.908750896347, -0.673012800331, 2.0, 1.93631694283, 0.0, 0.0, 3.0, -1.0, 2.23021516781, 2.0, -1.0, 2.0, 1.0, -0.117523557829, -0.697358470894, 3.0, 2.0, 0.160691380623, 0.767167280232, 1.26766954373, 0.680802640645, 2.24862868963, 0.626399316628, -1.0, -0.675658518808, -0.611326480353, -0.522301528855, 2.43879068118, 3245.0, 492.0, 426.0
-0.61494469654, -0.210457443839, -1.0, 1.54994936329, 2.0, 0.221925448132, -0.860346364305, -0.878622055943, 2.00488708958, 1.0, -0.311813822697, -0.0448351593401, -0.888928075355, -1.0, 0.241205105229, 2.87312523823, 2.0, -0.904811344997, -0.766860185683, -1.0, -0.266490077107, -0.589126054937, 0.168756475014, 1.32715196439, 1.08795442608, 2.94695230724, 1.11907286374, 1.31256542678, 2.68425081746, -0.315380550405, 0.0, -0.827382195649, -1.0, 2.0, 2.33037072958, -0.19264279589, -1.0, 3.0, 0.0, 2.87161499852, 2.75101153311, -0.122844298251, -0.870415119049, 2.570763549, 1.64384925366, -1.0, -0.611662602964, 0.0, 0.0, 0.289694508381, 3291.0, 487.0, 409.0
1.0, 0.0, -1.0, 2.30304459058, 2.0, 0.0, 2.0, -1.0, -0.0171419720285, 0.446395451425, -1.0, -0.885182043097, -1.0, 1.0, -0.916368712054, 2.02578237837, 2.0, -1.0, 2.05979417903, -1.0, 0.0, 2.81859031358, 2.0, 0.0, 2.0, 2.35303802246, 0.0, 1.48151102325, 2.34506021675, -0.51391229776, -0.596522170995, 2.0, -1.0, 2.0, 1.0, -0.87670525324, -1.0, 0.364536295299, -0.135394900745, 1.96750176283, 2.0, 1.0, -1.0, 1.02664262362, 1.0, -1.0, 2.49415221012, -0.526991886964, -0.57779882181, 0.0, 3154.0, 496.0, 402.0
2.89943345303, 1.78214519676, 1.53448522694, 2.09643984274, 0.981814993073, 2.0, 2.99486163261, 1.47693495519, 1.0, 2.0, -1.0, 1.82372810641, -0.84458832631, 2.10831063419, 2.06704436721, -0.611589195174, 2.55149502398, 0.237748233501, 2.0, 3.0, -0.848685102662, -0.839776648315, -1.0, -0.190893121996, -0.709190294641, -1.0, 2.71254922974, -0.595824052561, 2.50781034442, -1.0, -1.0, 2.0, 0.390773914754, -0.852355963319, 2.0, 2.51513201755, 1.0, 2.43028302588, -0.857987632822, 1.79158888171, 3.0, -0.824180507978, 1.22670600379, 2.0, 2.0, 3.0, -0.253498030577, 0.42059797392, 1.41836642193, 0.613252178433, 2686.0, 520.0, 407.0
2.08644233228, 0.0, -0.802362062869, 1.0, 1.36362208251, 0.0, -1.0, -0.838767024923, 1.92879190603, 0.446395451425, 2.0, -1.0, -1.0, 1.52632130201, -1.0, 0.404230621608, 2.0, -1.0, 2.81110082617, -1.0, -0.761719699167, 2.0, 2.78043401666, 0.289641737634, 2.41793182907, 2.31684463777, 2.89915027128, -0.739756316208, 2.69445950238, -1.0, 3.0, 0.0875047369189, -1.0, 0.808554799594, 1.0, 1.91945649676, -1.0, 2.13816250711, 2.09871227199, 1.59570813844, 2.0, 1.8394530942, 0.0, 2.85902912267, 1.83882304483, -1.0, 1.0, -0.823857996489, -0.981785923125, 0.0, 2738.0, 515.0, 403.0
2.0, 3.0, -0.580481404517, -0.888255321206, -1.0, -0.985360875211, 2.34539236713, -0.886426356146, 1.0, 2.0, 2.98914574078, 2.12541879708, 3.0, -0.739631898828, 3.0, 1.87523461238, 2.6975610502, -0.98435680831, 1.0, 2.64801725892, 1.0, 2.0, 2.0, -1.0, 2.69172584094, 0.567883513967, 0.0, -0.595824052561, -0.708868535174, 2.70097608371, 1.0, 1.0, 2.0, -0.519120824705, 1.0, -0.117523557829, -1.0, 0.567214959171, 2.0, -0.933330123014, 2.0, -0.136782486387, 1.36849309758, 2.39801203375, 0.289507750868, -1.0, 2.0, 2.07794308758, -0.626760609392, -0.825168743802, 2826.0, 513.0, 418.0
2.89943345303, -0.615532707791, 2.32317106488, 2.09643984274, 0.981814993073, 2.22179703205, 2.98324667881, 1.47693495519, 1.0, 3.0, -1.0, 1.82372810641, -0.84458832631, 2.0, 2.06704436721, -0.611589195174, 2.55149502398, 0.861401240555, 2.80605626745, 3.0, -0.848685102662, -0.839776648315, -1.0, 1.63407291163, 0.817786401532, -1.0, 1.80540591501, -1.0, 2.33097405109, -1.0, -1.0, 2.58114912437, 0.155078436822, 0.285415866747, 2.27480217042, 2.51513201755, -0.8049883557, 2.43028302588, 2.11913483023, 1.56674376695, 3.0, -0.795470266823, -1.0, 2.0, 1.06347738333, 3.0, -0.253498030577, 0.42059797392, 1.41836642193, 0.0, 2657.0, 521.0, 417.0
2.0, -1.0, 2.0, -1.0, -1.0, 1.93416215037, -1.0, 0.0, -1.0, 0.0, 2.0, 0.268645218964, 1.27911816294, 1.42539120507, -0.57982657462, -1.0, 3.0, 2.0, 2.0, -1.0, 2.0, 2.0, 1.0, 2.0, -1.0, 3.0, 3.0, -0.909005769398, 2.0, 2.0, 2.0, 2.0, -1.0, 0.556318579485, 3.0, 0.0, 2.05139249114, 3.0, 3.0, 0.0, -0.230594508252, -1.0, -0.519749228566, -0.768798346436, -1.0, 3.0, 2.0, 0.0, 0.0, -1.0, 2884.0, 505.0, 418.0
1.87732651025, -1.0, 2.0, -1.0, -1.0, 3.0, -1.0, 1.85338673751, -1.0, 0.0, 2.0, 2.68300501985, 1.0, 3.0, -0.275284573226, -1.0, 1.72209541077, 2.31555641392, 2.09061438015, -1.0, 2.0, 2.0, -0.693864894394, 1.0909711975, -1.0, 0.649878602529, 3.0, -0.909005769398, 2.0, 2.0, 1.70720001457, 2.0, -0.622490125823, 0.533240892812, 0.414197091949, 0.0, 2.0, -0.470768332274, 3.0, -1.0, 0.0, -1.0, 0.171470813729, -1.0, -1.0, 3.0, 2.0, 0.0, -0.325637887906, -1.0, 3083.0, 502.0, 417.0
1.0, 1.94320125746, -1.0, -0.0240496472829, 2.0, -0.846292731216, 1.9392429901, -1.0, 1.92879190603, 0.300012851338, 2.0, -1.0, -1.0, -0.816406171164, 3.0, 2.0, 2.0, -1.0, 1.0, -1.0, 2.21065600811, 0.0, -0.693864894394, 0.0, 2.0, 1.20030434418, 0.0, 0.0, 3.0, -1.0, 3.0, 2.0, -1.0, 2.0, 1.0, -0.117523557829, -0.697358470894, 3.0, 2.0, -1.0, 2.95884382874, 1.26766954373, -0.183571131156, 2.0, 1.46097841794, -1.0, 1.0, -0.611326480353, -0.598481187845, 2.09117691097, 3078.0, 505.0, 415.0
1.0, 1.94320125746, -1.0, -0.0240496472829, 2.3425532946, -0.846292731216, 1.9392429901, -1.0, 2.28361843373, 0.300012851338, 2.0, -1.0, -1.0, -0.816406171164, 3.0, 2.0, 2.0, 1.51391026034, 1.0, -1.0, 2.21065600811, 0.0, -0.693864894394, 0.0, -0.597828635645, 2.46925439323, 0.0, 0.0, 3.0, -1.0, 3.0, 2.0, -1.0, 2.0, 1.0, -0.117523557829, -0.697358470894, 3.0, 2.0, -1.0, 2.95884382874, 1.26766954373, -0.183571131156, 2.0, 1.46097841794, -1.0, 1.0, -0.611326480353, -0.598481187845, 2.09117691097, 3009.0, 507.0, 415.0
2.0, -1.0, 2.0, -1.0, -1.0, 1.93416215037, -1.0, 0.0, -1.0, 2.80426810341, 2.0, -0.75018934483, 1.27911816294, 3.0, 1.68243287013, -1.0, 3.0, 1.40261409219, 2.0, -1.0, 2.0, 2.0, 1.0, 0.787340930175, -1.0, 3.0, 3.0, -0.909005769398, 2.0, 2.0, 2.0, 2.0, 2.0, 0.533240892812, 3.0, 0.0, 1.43955067276, 1.0, 3.0, 0.13341600704, 0.375837061043, -1.0, -0.519749228566, -1.0, -1.0, 3.0, 2.07508474742, 2.40694081955, -0.605530738189, -1.0, 2878.0, 502.0, 426.0
2.89943345303, -0.448209865653, 1.90834218194, 2.09643984274, 0.981814993073, 2.0, 2.99486163261, 1.47693495519, 1.0, 3.0, -1.0, 1.82372810641, -0.84458832631, 2.0, 2.06704436721, -0.683829303045, 2.55149502398, 0.861401240555, 2.0, 3.0, -0.848685102662, -0.839776648315, -1.0, -0.931064836593, 0.885459476744, -1.0, 1.80540591501, -1.0, 2.33097405109, -1.0, -1.0, 2.0, 0.390773914754, 0.285415866747, 2.0, 2.51513201755, 1.0, 2.48467605803, 0.0, 1.56674376695, 3.0, -0.795470266823, -1.0, 2.0, 2.0, 3.0, -0.253498030577, 0.42059797392, 1.41836642193, -0.564347240491, 2863.0, 512.0, 422.0
-0.61494469654, -0.210457443839, -1.0, 1.53783391582, 2.0, 0.221925448132, -0.860346364305, -1.0, 2.0, 1.0, -0.986510231915, -0.0448351593401, -0.888928075355, -1.0, 0.241205105229, 2.87312523823, 2.0, -0.904811344997, -0.766860185683, -1.0, 0.0, 0.0, 0.168756475014, 1.32715196439, 2.0, 2.94695230724, 1.11907286374, 1.0, 1.58194745948, -1.0, 0.0, -0.827382195649, -1.0, 2.0, 1.0, -0.281063032099, -1.0, 3.0, 0.0, 2.87161499852, 2.88289470433, -0.122844298251, -0.870415119049, 2.570763549, -0.0231859401812, 1.92965975862, -0.611662602964, 1.29303834973, 0.0, 0.289694508381, 3199.0, 494.0, 408.0
0.0261624334527, -0.602009322427, 1.42805953368, -0.0803043997645, 1.75025180425, 0.0, 1.9392429901, -1.0, 1.92879190603, 0.446395451425, 2.0, -1.0, -1.0, -0.816406171164, 0.618166178485, -1.0, 2.0, -1.0, 1.0, 1.18704701679, 2.21065600811, 1.92468072401, -0.908750896347, 0.0, 2.0, 2.31684463777, -0.0671174033548, -0.534884306072, 3.0, -1.0, 3.0, 2.0, -1.0, 2.0, 1.0, -0.117523557829, -0.697358470894, 3.0, 2.0, 0.0208470332683, 0.767167280232, 1.26766954373, 0.680802640645, 2.0, 0.626399316628, -1.0, -0.675658518808, -0.611326480353, -0.598481187845, 1.84719156387, 3182.0, 496.0, 418.0
-0.61494469654, 0.461104836518, -1.0, 2.0, 2.0, 0.292246914022, -0.860346364305, -1.0, 2.0, 1.0, -0.690265580272, -0.0448351593401, -0.850719046086, -1.0, -0.114885906054, 2.0, 2.72326559909, -0.25166319672, -0.766860185683, -1.0, 1.44557259486, 0.0, 0.168756475014, 0.0, 2.33368939319, 2.97473245855, 1.11907286374, 1.0, 3.0, -0.535688827143, 0.0, -0.827382195649, -1.0, 1.25815989167, 1.7437196503, 0.168868897371, -1.0, 3.0, 0.0, 2.0, 2.72739564714, -0.136782486387, -0.870415119049, 2.17279492753, 0.626399316628, 0.358455570371, -0.611662602964, 0.0, -0.851825090498, 1.55696819457, 3229.0, 496.0, 407.0
1.33211122053, 0.0, -0.802362062869, 1.0, 1.36362208251, 0.0, -1.0, -0.838767024923, 1.92879190603, 0.446395451425, 2.0, -1.0, -1.0, 1.0, -1.0, 2.0, 2.0, -1.0, 2.81110082617, -1.0, -0.761719699167, 2.0, 2.78043401666, 0.289641737634, 2.41793182907, 2.31684463777, 2.89915027128, -0.739756316208, 2.69445950238, -1.0, 3.0, 0.0875047369189, -1.0, 0.808554799594, 1.0, 1.91945649676, -1.0, 2.13816250711, 2.09871227199, 1.59570813844, 1.7316636935, 1.8394530942, 0.0, 2.85902912267, 1.83882304483, -1.0, 1.0, -0.823857996489, -0.975920499966, 0.0, 2752.0, 515.0, 403.0
2.89943345303, -0.615532707791, 2.32317106488, 2.94939124011, 0.981814993073, 2.22179703205, 2.17117856423, 1.47693495519, 1.0, 3.0, -1.0, 1.82372810641, -0.84458832631, 2.0, 2.06704436721, -0.611589195174, 2.55149502398, 0.861401240555, 2.80605626745, 3.0, -0.848685102662, -0.839776648315, -1.0, 1.63407291163, 0.817786401532, -1.0, 1.80540591501, -1.0, 2.33097405109, -1.0, -1.0, 2.58114912437, 0.155078436822, 0.285415866747, 2.27480217042, 2.51513201755, -0.8049883557, 2.43028302588, 2.11913483023, 1.56674376695, 3.0, -0.795470266823, -1.0, 2.0, 1.06347738333, 3.0, -0.253498030577, 0.42059797392, 1.41836642193, 0.0, 2683.0, 521.0, 417.0
2.0, -1.0, 2.0, -1.0, -0.793653357608, 1.93416215037, -1.0, 0.0, -1.0, 2.80426810341, 2.0, -0.75018934483, 1.27911816294, 3.0, 1.68243287013, -1.0, 3.0, 1.40261409219, 2.0, -1.0, 2.0, 2.0, 1.0, 0.787340930175, -1.0, 3.0, 3.0, -0.909005769398, 2.0, 2.0, 2.0, 2.0, 2.78451699947, 0.533240892812, 3.0, 0.0, 1.43955067276, 0.226747060028, 3.0, 0.13341600704, 0.375837061043, -1.0, -0.519749228566, -1.0, -1.0, 3.0, 2.07508474742, 2.40694081955, -0.605530738189, -1.0, 2882.0, 502.0, 426.0
1.0, 1.94320125746, -1.0, 0.165974490214, 1.83502284817, -0.846292731216, 1.9392429901, -1.0, 1.92879190603, 0.300012851338, 2.0, -1.0, -1.0, -0.816406171164, 2.84501709922, 1.49973635463, 1.63527736717, -0.632399807954, 1.0, -1.0, 2.21065600811, 0.54416085501, -0.693864894394, 0.354982152899, 2.0, 1.20030434418, 0.0, 0.0, 3.0, -1.0, 3.0, 2.0, -1.0, 2.0, 1.0, -0.117523557829, -0.697358470894, 0.552553808163, 2.0, -1.0, 2.95884382874, 1.26766954373, -0.183571131156, 2.0, 1.62335887066, -1.0, 1.0, -0.611326480353, -0.598481187845, 2.09117691097, 3103.0, 505.0, 415.0
2.0, 3.0, -0.580481404517, -0.888255321206, -1.0, -0.985360875211, 2.34539236713, -0.886426356146, 1.0, 2.0, 2.98914574078, 2.12541879708, 3.0, -0.739631898828, 3.0, 1.87523461238, 2.6975610502, -0.98435680831, 1.0, 2.64801725892, 1.0, 2.0, 2.0, -1.0, 2.69172584094, 0.567883513967, 0.0, -0.595824052561, -0.708868535174, 2.70097608371, 1.0, 1.0, 2.0, -0.519120824705, -0.446442481761, -0.117523557829, -1.0, 0.567214959171, 2.0, -0.933330123014, 2.0, -0.136782486387, 1.36849309758, 2.39801203375, 0.289507750868, -1.0, 2.0, 2.07794308758, -0.626760609392, -0.825168743802, 2851.0, 513.0, 418.0
2.10244171018, -0.448209865653, 2.73969524126, 2.09643984274, 0.0, 2.0, 2.99742279513, 1.47693495519, 1.0, 3.0, -1.0, 1.82372810641, -0.973413850654, 2.0, 2.5563607622, -0.611589195174, 2.55149502398, 0.861401240555, 2.0, 3.0, -0.848685102662, -0.839776648315, -1.0, 0.929700163811, 1.48886098524, -1.0, 1.80540591501, -1.0, 2.33097405109, -0.535688827143, -1.0, 2.0, 1.84670233476, -0.540733485268, 2.0, 0.870669894076, 1.0, 2.43028302588, 1.58220404571, 2.71196539684, 3.0, -0.795470266823, -1.0, 2.0, 2.0, 2.63016335751, -0.253498030577, -0.55788348483, 1.41836642193, 0.694077692318, 2691.0, 520.0, 424.0
1.0, -0.602009322427, -1.0, 2.13980110887, 1.75025180425, 0.0, 1.9392429901, -1.0, 1.92879190603, 0.446395451425, 2.0, -1.0, -1.0, -0.816406171164, 0.618166178485, -1.0, 2.0, -1.0, 1.0, -1.0, 2.21065600811, 1.92468072401, -0.908750896347, 0.0, 2.0, 2.84017143835, 0.0, 0.0, 3.0, -1.0, 3.0, 2.0, -1.0, 2.0, 1.0, -0.117523557829, -0.697358470894, 3.0, 2.0, 0.160691380623, 0.767167280232, 1.26766954373, 0.130580886722, 2.0, 2.1452852428, -1.0, 0.184568376111, -0.622420166055, -0.598481187845, 2.09117691097, 3131.0, 502.0, 422.0
2.0, -1.0, 2.0, -1.0, -1.0, 1.93416215037, -1.0, -0.136575955146, -1.0, 0.0, 2.0, 0.268645218964, 1.27911816294, 1.42539120507, -0.57982657462, -1.0, 3.0, 2.0, 2.0, -1.0, 2.0, 0.780682798011, 1.0, 2.0, -1.0, 3.0, 3.0, -0.909005769398, 2.0, 2.0, 2.0, 2.0, -1.0, 0.556318579485, 3.0, 0.0, 2.05139249114, 3.0, 3.0, 0.0, -0.230594508252, -1.0, -0.519749228566, -0.768798346436, -1.0, 3.0, 2.0, 0.0, 0.0, -1.0, 2922.0, 505.0, 418.0
