1.0, 0.0, 2.0, 1.0, 3.0, 2.0, 1.0, 2.0, 3.0, 3.0, 0.0, 1.0, 2.0, 2.0, 0.0, 2.0, 3.0, -1.0, 0.0, 0.0, -1.0, -1.0, 3.0, -1.0, -1.0, 3.0, 3.0, 2.0, 0.0, 3.0, 1.0, 0.0, 2.0, 2.0, 1.0, -1.0, 2.0, -1.0, 1.0, -1.0, 3.0, -1.0, 1.0, 2.0, 1.0, 1.0, -1.0, 0.0, -1.0, 0.0, 95189.0, 563.0, 99459.0
0.0, 0.0, 2.0, 0.0, 0.0, -1.0, 3.0, 0.0, 1.0, 1.0, 2.0, 1.0, 0.0, 2.0, 1.0, 1.0, 2.0, 0.0, 2.0, -1.0, 1.0, -1.0, -1.0, 2.0, 1.0, -1.0, 0.0, 3.0, 2.0, 3.0, -1.0, 3.0, 2.0, -1.0, 2.0, 0.0, 3.0, 1.0, 3.0, -1.0, 2.0, -1.0, -1.0, 1.0, 1.0, 0.0, 0.0, 1.0, 0.0, 3.0, 94946.0, 565.0, 99465.0
2.0, 2.0, 2.0, -1.0, 0.0, 2.0, 2.0, 1.0, 0.0, 0.0, 0.0, 0.0, 0.0, 1.0, 0.0, 1.0, -1.0, 1.0, 3.0, 1.0, -1.0, 3.0, -1.0, -1.0, -1.0, 1.0, 0.0, 3.0, 2.0, -1.0, -1.0, -1.0, 1.0, -1.0, 2.0, 0.0, 2.0, -1.0, -1.0, 1.0, -1.0, 3.0, 1.0, 1.0, 2.0, 2.0, 1.0, 3.0, -1.0, 1.0, 95424.0, 501.0, 99513.0
1.0, 1.0, -1.0, 0.0, 2.0, 1.0, 3.0, 2.0, 1.0, -1.0, -1.0, 0.0, -1.0, 0.0, 2.0, 3.0, 3.0, -1.0, 3.0, -1.0, 1.0, -1.0, 0.0, 2.0, 0.0, 2.0, 1.0, 0.0, -1.0, 2.0, 2.0, 3.0, 1.0, -1.0, 0.0, 3.0, -1.0, 1.0, -1.0, -1.0, 0.0, 0.0, 1.0, 1.0, 3.0, -1.0, -1.0, -1.0, 2.0, -1.0, 95483.0, 477.0, 99523.0
-1.0, 1.0, 2.0, 2.0, 3.0, -1.0, 2.0, 0.0, 0.0, 2.0, 0.0, 1.0, 2.0, 0.0, 0.0, 2.0, 3.0, -1.0, 0.0, 0.0, 1.0, 0.0, 1.0, -1.0, -1.0, -1.0, 1.0, 1.0, 0.0, -1.0, 1.0, 0.0, 3.0, 3.0, 2.0, 3.0, 3.0, 0.0, 3.0, 3.0, 3.0, 2.0, 2.0, 1.0, 2.0, 1.0, 1.0, -1.0, 3.0, 2.0, 94600.0, 612.0, 99422.0
0.0, 0.0, 2.0, 1.0, 1.0, 3.0, 3.0, -1.0, 0.0, 1.0, 0.0, 3.0, -1.0, 0.0, 0.0, 3.0, -1.0, 1.0, 0.0, 2.0, -1.0, 2.0, 0.0, -1.0, -1.0, 1.0, 2.0, 3.0, 1.0, 2.0, 1.0, 3.0, 3.0, -1.0, 3.0, -1.0, 2.0, 2.0, 0.0, 2.0, 1.0, 0.0, 3.0, 1.0, 3.0, 1.0, 0.0, 3.0, -1.0, 2.0, 94834.0, 583.0, 99429.0
-1.0, 0.0, -1.0, 2.0, 2.0, 1.0, 3.0, 2.0, 2.0, 1.0, 2.0, -1.0, 1.0, -1.0, -1.0, 1.0, 0.0, 0.0, 1.0, 0.0, -1.0, 3.0, 1.0, -1.0, 0.0, 0.0, -1.0, -1.0, 3.0, 0.0, -1.0, 0.0, 3.0, -1.0, 2.0, 2.0, 0.0, 1.0, -1.0, -1.0, 2.0, 2.0, 1.0, 1.0, 1.0, 0.0, 1.0, -1.0, 2.0, 1.0, 95188.0, 521.0, 99499.0
-1.0, -1.0, -1.0, 3.0, 0.0, 0.0, 2.0, -1.0, 1.0, -1.0, 2.0, 0.0, 0.0, 2.0, 0.0, 2.0, 3.0, -1.0, 3.0, 0.0, 0.0, 1.0, -1.0, 1.0, -1.0, 2.0, 2.0, 1.0, -1.0, -1.0, 1.0, 3.0, 1.0, -1.0, 3.0, 1.0, 0.0, 3.0, 3.0, 2.0, 2.0, 2.0, 0.0, 2.0, 0.0, 1.0, 1.0, -1.0, 3.0, 1.0, 95258.0, 542.0, 99468.0
0.0, 1.0, 0.0, 2.0, -1.0, -1.0, 3.0, 1.0, 3.0, 1.0, -1.0, 1.0, 3.0, 2.0, -1.0, 1.0, -1.0, -1.0, 3.0, 0.0, 0.0, 2.0, 3.0, 0.0, 1.0, 0.0, -1.0, -1.0, 2.0, 1.0, 1.0, -1.0, 1.0, 0.0, 0.0, 2.0, 3.0, 1.0, -1.0, 2.0, 0.0, 2.0, 1.0, -1.0, -1.0, -1.0, 1.0, 2.0, 0.0, 2.0, 95053.0, 538.0, 99485.0
2.0, 1.0, 1.0, 2.0, 2.0, 3.0, 1.0, 0.0, 0.0, 2.0, 2.0, 3.0, -1.0, 0.0, -1.0, 1.0, 3.0, 3.0, 1.0, -1.0, 0.0, 0.0, 2.0, 3.0, 1.0, -1.0, 0.0, 2.0, 2.0, 1.0, 0.0, 0.0, 2.0, 1.0, 2.0, -1.0, -1.0, -1.0, 1.0, -1.0, 2.0, 0.0, 0.0, -1.0, 0.0, 3.0, 0.0, 1.0, -1.0, 1.0, 94706.0, 582.0, 99444.0
2.0, 0.0, -1.0, 0.0, 0.0, -1.0, 3.0, 3.0, 2.0, 1.0, 2.0, 0.0, -1.0, 0.0, -1.0, 3.0, 2.0, 3.0, 2.0, 2.0, 0.0, 1.0, 1.0, 3.0, 2.0, 0.0, 3.0, -1.0, -1.0, 1.0, 0.0, 3.0, 3.0, 0.0, 0.0, -1.0, 0.0, 0.0, 2.0, 3.0, -1.0, 2.0, 1.0, 3.0, 1.0, 1.0, 1.0, 2.0, -1.0, -1.0, 94881.0, 568.0, 99448.0
2.0, 0.0, 2.0, 0.0, 1.0, 0.0, 1.0, 3.0, 1.0, 0.0, -1.0, 0.0, -1.0, 1.0, 1.0, -1.0, 0.0, 3.0, 2.0, 0.0, -1.0, 2.0, 1.0, 3.0, -1.0, 3.0, -1.0, -1.0, 3.0, 3.0, 0.0, 2.0, 0.0, 2.0, 3.0, 0.0, 3.0, 2.0, 1.0, 0.0, 3.0, 2.0, 3.0, 1.0, 2.0, 1.0, 1.0, 2.0, -1.0, 3.0, 94675.0, 600.0, 99422.0
0.0, 3.0, -1.0, 0.0, -1.0, 2.0, 0.0, -1.0, -1.0, 3.0, 2.0, 1.0, 2.0, -1.0, 3.0, 2.0, 1.0, 3.0, 0.0, 0.0, 1.0, 0.0, 1.0, 2.0, 0.0, 2.0, -1.0, 1.0, 2.0, -1.0, 3.0, 3.0, 1.0, 1.0, 0.0, -1.0, 2.0, 2.0, 1.0, 0.0, 0.0, 2.0, -1.0, 3.0, -1.0, 1.0, 1.0, 3.0, 0.0, -1.0, 94846.0, 580.0, 99450.0
1.0, 0.0, 3.0, 3.0, 1.0, 0.0, -1.0, 2.0, 2.0, 2.0, 1.0, 2.0, 2.0, 1.0, -1.0, -1.0, 1.0, 1.0, 0.0, 3.0, 2.0, 2.0, 2.0, 0.0, 0.0, -1.0, 1.0, -1.0, 2.0, 1.0, -1.0, 0.0, 0.0, -1.0, 1.0, -1.0, 3.0, 0.0, -1.0, -1.0, -1.0, 0.0, 1.0, -1.0, -1.0, 0.0, 0.0, -1.0, 3.0, -1.0, 95278.0, 508.0, 99523.0
0.0, 0.0, -1.0, 1.0, 0.0, -1.0, 3.0, 0.0, 0.0, -1.0, 0.0, 2.0, 3.0, 0.0, 2.0, -1.0, 1.0, -1.0, 2.0, 3.0, 1.0, 1.0, 2.0, 2.0, 3.0, 3.0, 2.0, 3.0, 2.0, 2.0, 0.0, 2.0, 3.0, 1.0, 1.0, 0.0, 0.0, 0.0, -1.0, 1.0, 1.0, 3.0, 3.0, -1.0, 3.0, 2.0, 2.0, 1.0, 1.0, 0.0, 94546.0, 614.0, 99408.0
1.0, 0.0, 2.0, -1.0, 2.0, 1.0, 1.0, -1.0, -1.0, 0.0, 3.0, 2.0, 0.0, 2.0, -1.0, 0.0, -1.0, 2.0, 2.0, 2.0, -1.0, 0.0, -1.0, 0.0, 2.0, 3.0, 2.0, 1.0, 1.0, 1.0, -1.0, -1.0, 0.0, -1.0, 0.0, 1.0, 1.0, 2.0, 0.0, 3.0, 3.0, 3.0, -1.0, 2.0, 2.0, 1.0, 1.0, 0.0, 1.0, -1.0, 95168.0, 544.0, 99484.0
0.0, 2.0, -1.0, 1.0, 2.0, 3.0, -1.0, 3.0, 3.0, 3.0, 1.0, 0.0, 1.0, 0.0, 1.0, 3.0, 1.0, 0.0, 0.0, 0.0, 0.405131141314, 2.0, 0.0, -1.0, 0.0, 3.0, -1.0, -1.0, -1.0, 1.0, 2.1919832122, 2.0, 3.0, 2.0, 3.0, 0.0, 2.0, -1.0, 1.59665632337, 0.0, 0.0, 2.0, 3.0, 1.0, 3.0, -1.0, 1.0, -1.0, -1.0, 1.0, 94945.0, 566.0, 99455.0
0.0, 1.0, 0.0, -1.0, 3.0, 1.0, 2.0, 0.227621743807, 3.0, 0.0, 3.0, -1.0, -1.0, 1.0, 1.0, -1.0, 2.0, -1.0, 3.0, 3.0, -1.0, 0.0, -0.222588407611, 1.0, -1.0, 3.0, 2.0, 2.0, 0.0, 0.0, 0.0, 1.02394262519, 1.0, -1.0, 1.0, 2.0, 2.0, 2.0, 0.0, 3.0, 1.0, 2.0, -1.0, 2.0, -1.0, -1.0, 0.0, 1.0, 1.0, -1.0, 94886.0, 549.0, 99469.0
-1.0, 0.0, 0.0, 0.0, 2.0, -1.0, -1.0, -1.0, 1.0, 1.0, -1.0, -1.0, 0.0, 0.0, 2.0, 1.0, 1.0, -1.0, 3.0, 2.0, -1.0, 1.0, 1.39225168642, 2.0, 3.0, 1.0, 1.0, 3.0, 0.0, 1.98444605147, 3.0, 3.0, 1.0, -1.0, 2.0, -1.0, 2.0, 2.0, 2.0, 1.0, 3.0, 0.0, 2.0, 2.0, 1.0, -1.0, 0.0, 0.0, -1.0, -1.0, 95315.0, 531.0, 99485.0
0.0, 0.640942373775, 2.0, 0.0, 0.0, -1.0, 3.0, 0.0, 1.0, 1.0, 2.0, 1.0, 0.0, 2.0, 1.0, 1.0, 2.0, 0.0, 2.0, -1.0, 1.0, -1.0, 0.0, 2.0, 1.0, -1.0, 0.0, 3.0, 2.0, 3.0, -1.0, 3.0, 2.0, -1.0, 2.0, 0.0, 3.0, 1.0, 3.0, -1.0, 2.0, -1.0, -1.0, 1.0, 0.0, 0.0, 0.0, 1.0, 0.0, 3.0, 94697.0, 584.0, 99450.0
2.0, 2.0, 2.0, -1.0, 0.0, 2.0, 2.0, 1.0, 0.0, 0.0, 0.0, 0.0, 0.0, 1.0, 0.0, 0.439869973815, -1.0, 1.0, 3.0, 1.0, -1.0, 3.0, 1.1336444329, -1.0, -1.0, 1.0, 0.0, 3.0, 2.0, -1.0, -1.0, -1.0, 1.0, -1.0, -0.76945070811, 0.0, 2.0, -1.0, -1.0, 1.0, -1.0, 3.0, 1.0, 1.0, 2.0, 2.0, 1.0, 3.0, -1.0, 1.0, 95316.0, 510.0, 99511.0
1.0, 1.0, -1.0, 0.0, 2.0, 1.0, 1.49659852481, 2.0, 1.0, -1.0, 0.0, 0.0, -1.0, 0.0, 2.0, 3.0, 3.0, -1.0, 3.0, -1.0, 1.0, -1.0, 0.0, 2.26569149675, 0.0, 2.0, 1.0, 0.0, 0.0, 2.0, 2.0, 3.0, 1.86089226946, -1.0, 0.0, 0.478716501982, -1.0, 1.0, -1.0, -1.0, 2.01426280877, 0.0, 1.0, 1.0, 2.62720908636, -1.0, -1.0, -1.0, 2.0, -1.0, 95029.0, 511.0, 99500.0
-1.0, 0.0, -1.0, 2.39325324761, 3.0, -1.0, -1.0, 0.0, 3.0, 0.0, -1.0, 1.0, 1.0, 2.18033411693, 1.0, 1.0, 3.0, 1.0, 0.0, -1.0, -1.0, 2.0, 3.0, -1.0, -1.0, 0.587230129206, 2.39894216396, 1.0, -1.0, 2.0, 0.0, 3.0, 1.0, 2.26199526768, -1.0, 2.05003088224, -0.831834963128, 1.0, -1.0, 3.0, 2.0, 0.0, 0.0, 2.0, 1.0, 1.0, 1.0, 3.0, 2.0, 1.0, 95242.0, 535.0, 99477.0
-1.0, 1.0, 2.0, 2.0, 3.0, -1.0, 2.0, 0.0, 0.0, 2.0, 0.0, 1.0, 2.0, 0.0, 0.0, -0.241021302066, 3.0, -1.0, 0.0, 0.0, 1.0, 0.0, 1.0, 0.551484569888, -1.0, -1.0, 1.0, 1.0, 0.0, -1.0, 1.0, 0.0, 3.0, 3.0, 3.0, 3.0, 3.0, 0.0, 0.616826014724, 3.0, 3.0, 2.0, 2.0, 1.0, 2.0, 1.0, 1.0, -1.0, 3.0, 2.0, 94405.0, 627.0, 99411.0
0.0, 0.0, 2.07108919276, 1.0, 1.0, 3.0, 3.0, -1.0, 0.0, 1.03569603994, 0.0, 3.0, -1.0, 0.0, 0.0, 3.0, -1.0, 1.0, 0.0, 2.0, -1.0, 2.0, 0.0, -1.0, -1.0, 1.0, 2.0, 3.0, 1.0, 2.0, 1.0, 3.0, 3.0, 2.09985186704, 2.0, -1.0, 2.0, 2.0, 0.0, 2.0, 1.08891418847, 0.0, 3.0, 1.0, 3.0, 2.7965824509, 0.0, 3.0, -1.0, 2.0, 94780.0, 601.0, 99418.0
1.31848377194, -1.0, -1.0, 3.0, 0.0, 0.0, 2.0, -1.0, 1.0, 1.23371963831, 2.0, 0.0, 0.0, 2.0, 0.0, 2.0, 3.0, -1.0, 3.0, 0.0, 0.0, 1.0, -1.0, 1.0, -0.450276143247, 2.12401870046, 2.0, 1.0, -1.0, -1.0, 0.336999899463, 3.0, 1.0, -1.0, 3.0, 1.0, 0.95041725806, 3.0, 3.0, 2.0, 1.63755614147, 2.0, 0.0, 2.0, 0.0, 1.0, 1.0, -1.0, 3.0, 1.56862657731, 94752.0, 586.0, 99423.0
0.0, 1.0, 0.0, 2.0, -1.0, -1.0, 3.0, 1.0, 3.0, 1.0, 1.64396965082, 1.0, 3.0, 2.0, -1.0, 1.0, -1.0, -1.0, 3.0, 0.0, 0.0, 2.0, 1.03473560372, 0.0, 1.0, -0.232090363967, -1.0, -1.0, 2.0, 1.0, 0.588447746755, -1.0, 1.0, 0.0, 0.0, 2.0, 3.0, 1.0, -1.0, 2.0, 0.0, 2.0, 0.973743382699, -0.162025907201, -1.0, -1.0, 1.0, 2.0, 0.0, 2.0, 94680.0, 566.0, 99458.0
0.0, 2.0, -1.0, 1.0, 1.68204431956, 3.0, 2.0, 3.0, 3.0, 1.0, 2.0, 2.0, -0.267815218967, -0.361389505026, 1.0, 2.0, -1.0, 0.0, 1.0, 3.0, -1.0, 3.0, 0.0, -1.0, 3.0, 3.0, 1.0, 0.0, 2.0, 3.0, 0.0, 1.0, -1.0, 1.0, 2.0, 0.0, 0.0, -1.0, 1.0, 0.0, 1.0, 0.0, 3.0, 1.97183489741, 3.0, 2.0, 1.0, 1.0, 0.0, 3.0, 94497.0, 633.0, 99398.0
2.0, 1.0, 1.0, 2.0, 2.0, 3.0, 1.0, 0.0, 0.0, 2.0, 2.0, 3.0, -1.0, 0.0, -1.0, 1.0, 3.0, 2.47963995323, 1.0, -1.0, 0.0, 0.0, 2.0, 3.0, 1.0, -1.0, 0.0, 2.0, 2.0, 1.0, 0.0, 0.0, 2.0, 0.952877695743, 2.0, -1.0, 0.324193098106, -1.0, 1.0, -1.0, 2.0, 0.0, 0.0, -1.0, 0.0, 3.0, 0.0, 0.0579214364617, -1.0, 1.0, 94572.0, 592.0, 99434.0
2.0, 2.80037027926, 2.0, -1.0, 2.49055911671, 0.0, 1.0, 3.0, 1.0, 2.0, 1.0, -1.0, -1.0, -0.173515976871, 1.0, 3.0, 2.0, 0.0, 2.0, 3.0, -0.845685507055, 2.0, 0.0, 2.57601686181, 2.85722339966, 0.0, -1.0, 2.0, -1.0, 1.0, 3.0, 1.0, 2.0, 1.0, 1.0, 1.0, -1.0, -1.0, 0.0, -1.0, 3.0, 1.0, -1.0, 0.0, 3.0, 1.0, 0.0, 0.0, 3.0, 3.0, 95065.0, 579.0, 99442.0
2.0, 0.0, -1.0, 0.0, 0.0, 1.39773920474, 3.0, 3.0, 2.0, 1.0, 2.0, 0.0, -1.0, 0.0, -1.0, 3.0, 2.0, 3.0, 2.0, 2.0, 0.0, 1.0, 1.0, 3.0, 2.5951227987, 0.0, 3.0, -1.0, -1.0, 1.0, 0.0, 3.0, 3.0, -0.881352201743, 0.0, -1.0, -0.270197214536, -0.532746093801, 2.0, 3.0, -1.0, 2.0, 1.0, 3.0, 1.0, 1.0, 1.0, 2.0, -1.0, -1.0, 95185.0, 550.0, 99463.0
1.0, 0.0, 0.708678040654, 1.0, 2.0, 3.0, 0.0, -1.0, 1.76460391509, 1.0, 1.0, 0.0, 0.0, 0.0, 1.65523275161, 0.0, 2.0, -1.0, 1.0, -1.0, 3.0, 0.0, -1.0, -1.0, 0.0, 1.0, 2.39365139904, -1.0, 2.0, 3.0, 1.0, 3.0, 2.0, 1.0, 1.0, 3.0, 2.0, 3.0, 0.219901374452, 3.0, 2.0, 0.0, -1.0, 0.0, -1.0, -1.0, 0.0, 1.0, -1.0, 3.0, 94731.0, 567.0, 99453.0
3.0, 1.0, 1.0, 2.0, -1.0, 3.0, -1.0, -1.0, -1.0, 3.0, -1.0, 2.0, -1.0, 0.0, -1.0, 2.14622956312, -1.0, 3.0, 3.0, 3.0, 2.0, 1.0, -1.0, -1.0, -1.0, 0.0, -1.0, 1.0, 0.0, 2.0, 1.0, 2.0, 0.0, -1.0, 3.0, 3.0, 0.0, 2.0, 0.0, 2.0, -1.0, -0.426150544537, 1.0, 1.0, -1.0, 0.0, 1.0, 0.0, 3.0, 2.0, 95757.0, 503.0, 99508.0
2.0, 0.0, 2.0, 1.88283394436, 1.0, 0.0, 1.0, 3.0, 1.98180949764, 0.0, -1.0, 0.0, -1.0, 1.0, 1.0, -1.0, 0.0, 3.0, 2.0, 0.0, -1.0, 2.66282947357, 1.0, 1.0, -1.0, 3.0, -1.0, -1.0, 3.0, 3.0, 0.0, 2.0, 0.0, 2.0, 3.0, 0.0, 3.0, 2.0, 1.0, 0.0, 3.0, 0.117318744412, 3.0, 1.0, 0.0, 1.0, 1.0, 2.0, -0.403664652474, 3.0, 94511.0, 619.0, 99411.0
1.64822530759, 0.0, 2.0, 1.0, -1.0, -1.0, -1.0, 1.0, 3.0, 1.0, -1.0, -0.243827677048, 2.0, -1.0, 0.0, 2.0, -0.108480094463, 3.0, 2.0, 3.0, 2.0, 3.0, 3.0, 0.911900975037, 1.0, -1.0, 0.0, 1.0, 0.0, 1.0, -1.0, 1.0, 1.45932871694, -1.0, 0.0, 1.0, 3.0, 2.0, 1.0, 0.0535945736209, -1.0, 0.0, 2.41329295974, 1.0, -1.0, -1.0, 0.0, 3.0, 0.0, 2.0, 94960.0, 563.0, 99468.0
1.0, 0.0, 0.0, 0.0, 3.0, 0.0, 0.0, 1.0, 2.0, 1.0, 1.0, 1.0, 2.0, 3.0, -1.0, 3.0, 2.0, -0.0493027509427, 0.0, 2.0, -1.0, 0.0, 2.0, 0.0, -1.0, 3.0, 3.0, 2.0, 3.0, 2.55885182059, 1.0, 2.0, 0.0, -1.0, -1.0, 1.0, 3.0, 3.0, 2.0, 3.0, 2.0, -1.0, 1.0, 1.0, 1.0, 0.0, -1.0, 1.0, 0.0, 3.0, 94665.0, 635.0, 99407.0
3.0, 1.0, 1.0, 2.0, -1.0, 3.0, -1.0, -1.0, -1.0, 3.0, -1.0, 2.0, -1.0, 0.0, -1.0, 1.0, -1.0, 3.0, 3.0, 3.0, 2.0, 1.0, -1.0, -1.0, -1.0, 0.0, -1.0, 1.0, 0.0, 2.0, 1.0, 2.0, 0.0, -1.0, 0.0, 3.0, 0.0, 2.0, 0.0, 2.0, -1.0, -1.0, 1.0, 1.0, -1.0, 0.0, 1.0, 0.0, 3.0, 2.0, 95831.0, 493.0, 99527.0
-1.0, 3.0, -1.0, 3.0, 2.0, 1.0, 1.0, -1.0, 0.0, 0.0, -1.0, 2.0, -1.0, 2.0, 1.0, -1.0, 1.0, 1.0, -1.0, 1.0, 0.0, 3.0, -1.0, 0.0, 2.71258863766, 0.0, -1.0, 1.0, 2.0, -1.0, -1.0, 2.0, 2.0, 1.0, 2.0, 0.0, -1.0, -0.106718490556, -0.673875237704, 0.0, 3.0, 2.0, 2.0, 0.0, 3.0, 3.0, -1.0, 2.0, -1.0, -1.0, 95777.0, 488.0, 99541.0
1.0, 2.4660811958, -1.0, 3.0, 1.0, 0.0, -1.0, 2.0, 2.0, 2.0, 1.0, 2.0, 2.0, 1.0, -1.0, -1.0, 1.0, -1.0, 0.0, 3.0, 2.0, 2.0, 2.0, 2.0, 0.0, -1.0, 1.0, -1.0, 2.0, 1.0, -1.0, 0.0, 1.54907696998, -1.0, 1.0, -1.0, 3.0, 0.0, -1.0, -1.0, -1.0, 0.0, 1.0, -1.0, -1.0, 0.0, 0.0, -1.0, 3.0, -1.0, 95533.0, 477.0, 99542.0
2.0, 3.0, 3.0, -1.0, 0.0, 2.0, 1.0, 0.0, -1.0, 0.0, 1.0, 3.0, -1.0, 1.0, 3.0, 1.38292597355, 2.0, 3.0, 2.0, 0.0, 2.0, 2.0, -1.0, 3.0, 0.0, 3.0, 0.0, 0.0, 0.0, 3.0, 2.0, 1.0, 0.0, -1.0, 1.0, 3.0, -1.0, 1.0, 1.0, 1.0, 1.0, 1.0, 2.74536086341, -1.0, 1.0, 3.0, 1.78567266787, 3.0, -1.0, 2.0, 94846.0, 610.0, 99421.0
1.0, 1.0, 1.0, -1.0, -1.0, 2.0, 3.0, 0.0, 2.0, 1.0, 1.0, 0.0, -1.0, 0.0, -1.0, 2.0, 1.0, 2.0, -1.0, 3.0, 0.0, 3.0, 3.0, -1.0, 0.0, 2.0, 2.0, 2.0, 0.0, 3.0, 1.0, 0.0, 3.0, -1.0, 2.0, 1.0, -1.0, 2.0, 3.0, 1.0, 1.0, 0.0, 3.0, 3.0, 2.0, 0.0, 0.0, 1.0, 2.0, 3.0, 94630.0, 618.0, 99410.0
0.0, 2.0, -1.0, 1.0, 2.0, 3.0, 2.0, 3.0, 3.0, 1.0, 2.0, 2.0, -1.0, 0.0, 1.0, 2.0, -1.0, 0.0, 1.0, 3.0, -1.0, 3.0, 0.0, -1.0, 3.0, 3.0, 1.0, 0.0, 2.0, 3.0, 0.0, 1.0, -1.0, 1.0, 2.0, 0.0, 0.0, -1.0, 1.0, 0.0, 1.0, 0.0, 3.0, 2.0, 3.0, 2.0, 1.0, 1.0, 0.0, 3.0, 94656.0, 617.0, 99411.0
0.0, 2.0, 0.0, 3.0, 0.0, 1.0, 1.0, 3.0, 0.59280646292, -1.0, 2.0, -1.0, 2.66504124357, 1.0, 3.0, 1.0, 2.0, 0.0, 0.0, 1.0, -1.0, 3.0, 2.0, 3.0, 0.0, 3.0, 1.0, 0.575987041141, 3.0, -1.0, 0.0, 0.0, 2.0, 2.95919819461, 1.0, 3.0, -1.0, 1.0, 2.0, 1.0, 2.0, 0.0, -1.0, 0.0, -1.0, 2.0, 1.0, 2.0, -1.0, 1.0, 94732.0, 615.0, 99419.0
-0.948315208706, 0.0, 3.0, 1.0, 0.0, -1.0, 0.574843112968, 0.0, 0.0, -1.0, 0.0, 2.67805568684, 3.0, 0.0, 2.0, -1.0, 1.0, 2.09080131396, 2.0, 3.0, 1.0, 1.0, 2.0, 0.0, 3.0, 3.0, 2.0, 3.0, 2.0, 2.0, 0.0, 2.1417005688, 3.0, 1.0, 0.107887790446, 0.0, 0.0, 0.0, -1.0, 1.0, 2.61107567647, 3.0, 3.0, -1.0, 3.0, 2.0, 2.0, 1.0, 1.0, 0.0, 94711.0, 632.0, 99408.0
0.0, 1.0, 2.0, -1.0, 0.0, 1.0, -1.0, 0.0, 0.0, 1.0, 1.0, 3.0, -1.0, 3.0, -1.0, 3.0, 1.0, 0.0, 2.0, -1.0, -1.0, -1.0, -1.0, 1.0, 1.0, 1.0, 2.0, 1.0, 1.0, -1.0, -1.0, 2.0, 3.0, 3.0, 3.0, 0.0, 0.0, -1.0, 2.0, 2.0, 0.0, 0.0, 1.0, -1.0, -1.0, -1.0, 0.0, -1.0, 1.0, -1.0, 95588.0, 488.0, 99542.0
0.0, 1.0, 2.0, -1.0, 0.0, 1.0, -1.0, 0.0, 0.0, 1.0, 1.0, 3.0, -1.0, 3.0, -1.0, 3.0, 1.0, 0.0, 2.0, -1.0, -1.0, -1.0, -1.0, 1.0, 1.0, 1.0, 2.0, 1.0, 1.0, -1.0, -1.0, 2.0, 3.0, 3.0, 3.0, 0.0, 0.0, -1.0, 2.0, 2.0, 0.0, -0.399365284123, 1.0, -1.0, -1.0, -1.0, 0.0, -1.0, 1.0, -1.0, 95588.0, 488.0, 99542.0
3.0, 0.0, 2.0, 1.0, 1.0, -1.0, 3.0, -1.0, 1.0, 2.0, 0.0, 1.0, 3.0, 3.0, -1.0, 1.0, -1.0, 1.0, 1.0, 0.0, 3.0, 2.0, -1.0, 1.0, 0.0, 3.0, 2.26830957047, -0.401814863456, -1.0, 1.0, -1.0, 2.0, -1.0, 2.0, 3.0, 1.0, 0.0, -1.0, 0.0, 2.0, 2.0, 3.0, 1.0, 0.0, 2.0, 3.0, 0.0, 3.0, 2.0, 2.0, 95238.0, 579.0, 99445.0
-1.0, 1.0, 0.0, 0.0, 1.0, -1.0, 1.62691725106, 1.0, 1.0, 2.0, -1.0, -1.0, 1.0, 2.0, 2.0, 3.0, 2.0, 0.0, 0.0, 1.0, 2.0, 2.0, 1.26866545417, -1.0, -1.0, 0.0, -1.0, 0.0, 2.0, -1.0, 1.0, 3.0, 1.0, 3.0, 3.0, 0.0, 2.0, 0.0, 2.0, 0.0, 0.772282775642, 0.872541641879, -1.0, 0.463056506773, 2.0, 0.0, 0.0, 1.0, 3.0, 3.0, 94647.0, 595.0, 99440.0
-1.0, 0.0, -1.0, 2.0, 3.0, 1.0, 3.0, 2.0, 2.23273094881, 1.0, 2.0, -1.0, 2.19801540834, -1.0, -1.0, 1.0, 0.0, 0.0, 1.0, 0.0, -1.0, 3.0, 1.0, -1.0, 0.0, 0.0, -1.0, -1.0, 3.0, 0.0, -1.0, 0.0, 3.0, -1.0, 2.0, 2.0, 0.0, 2.33863226898, -1.0, -1.0, 2.0, 2.0, 1.0, 1.0, 1.0, 0.0, 1.0, -1.0, 2.0, 1.0, 95285.0, 521.0, 99499.0
-0.062292309585, 2.0, 3.0, 2.0, 3.0, 2.0, 2.0, -1.0, 3.0, 1.0, -1.0, 2.0, -1.0, 2.0, 2.0, -1.0, 0.0, 1.0, 2.0, -1.0, 1.0, 3.0, 3.0, -1.0, -1.0, 0.0, 2.0, 0.0, 0.939177222894, 3.0, -1.0, 2.0, 1.0, 0.0, 1.0, 0.0, 3.0, 0.0, 1.0, 3.0, -1.0, -1.0, 3.0, 0.0, -1.0, 1.0, 0.0326502884887, 1.0, -1.0, 0.0, 95155.0, 542.0, 99490.0
-1.0, 3.0, -1.0, 3.0, 2.0, 1.0, 1.0, -1.0, 0.0, 0.0, -1.0, 2.0, -1.0, 2.0, 1.0, -1.0, 1.0, 1.0, -1.0, 1.0, 0.0, 3.0, -1.0, 0.0, 3.0, 0.0, -1.0, 1.0, 2.0, -1.0, -1.0, 2.0, 2.0, 1.0, 2.0, 0.0, -1.0, 0.0, 0.0, 0.0, 3.0, 2.0, 2.0, 0.0, 3.0, 3.0, -1.0, 2.0, -1.0, -1.0, 95658.0, 505.0, 99532.0
3.0, 2.0, 1.0, -1.0, 3.0, 3.0, 2.0, 2.0, 2.0, 2.0, 0.0, -1.0, 1.0, 3.0, 0.0, 0.0, 0.0, 1.0, 1.0, 1.0, 0.0, 2.0, -1.0, -1.0, 0.0, 0.0, 0.0, 3.0, -1.0, 2.0, 2.0, 3.0, 1.0, -1.0, 2.0, 0.0, 3.0, -1.0, -1.0, 2.0, 1.0, 1.0, 3.0, -1.0, 3.0, -1.0, 0.0, -1.0, -1.0, 2.0, 95288.0, 535.0, 99478.0
-1.0, -1.0, -1.0, 1.0, 1.0, 1.0, 1.0, 1.0, 2.0, 1.53811995749, 3.0, -1.0, 2.0, -1.0, 1.0, -1.0, -1.0, 3.0, 0.0, -1.0, 0.0, 0.0, 1.0, 0.0, 3.0, 0.0, 2.0, 3.0, -1.0, -1.0, 2.0, 0.152935416966, 3.0, -1.0, 3.0, 0.0, 1.46962899888, -1.0, -1.0, -0.414458785173, 3.0, 0.0, 0.0, 2.83453703343, 0.0, 1.30062849888, 2.0, -1.0, 3.0, 2.0, 95591.0, 510.0, 99521.0
-1.0, 3.0, 1.0, 0.0, -1.0, 3.0, 2.0, 0.0, 0.0, 3.0, 1.0, 1.0, -1.0, 1.0, 2.0, 0.0, 0.0, 2.0, 2.0, 1.0, 2.0, 2.0, 1.0, 1.0, -1.0, 0.0, 3.0, 2.0, -1.0, 0.0, 1.0, 1.0, 2.0, 1.0, -1.0, 3.0, 0.0, -1.0, -1.0, 3.0, 3.0, 0.0, 0.0, 2.0, -1.0, 2.0, 2.0, -1.0, 3.0, 3.0, 94895.0, 584.0, 99441.0
1.0, -1.0, -1.0, 2.0, -1.0, 3.0, 1.0, 1.0, 1.0, 2.0, 3.0, -1.0, 2.0, 2.0, 1.0, 3.0, 0.0, 2.0, 0.0, -1.0, 1.0, -1.0, 0.0, -1.0, 0.0, 0.0, 1.0, 3.0, 3.0, -1.0, 1.0, 2.0, 2.0, 0.0, 3.0, 2.0, 1.0, 0.0, 3.0, -1.0, 1.0, 2.0, 2.0, 3.0, -1.0, 0.0, 0.0, 3.0, 0.0, 0.0, 94761.0, 589.0, 99434.0
0.0, 2.0, 0.0, 3.0, 0.0, 1.0, 1.0, 3.0, 0.0, -1.0, 2.0, -1.0, 2.0, 1.0, 3.0, 1.0, 2.0, 0.0, 0.0, 1.0, -1.0, 3.0, 2.0, 3.0, 0.0, 3.0, 1.0, -1.0, 3.0, 3.0, 0.0, 0.0, 2.0, 1.0, 1.0, 3.0, -1.0, 1.0, 2.0, -1.0, 2.0, 0.0, -1.0, 0.0, -1.0, 2.0, 1.0, 2.0, -1.0, 1.0, 94771.0, 597.0, 99432.0
0.0, 2.0, -1.0, 1.0, 2.0, 3.0, -1.0, 3.0, 3.0, 3.0, 1.0, 0.0, 1.0, 0.0, 1.0, 3.0, 1.0, 0.0, 0.0, 0.0, 1.0, 2.0, 0.0, -1.0, 0.0, 3.0, -1.0, -1.0, -1.0, 1.0, 2.0, 2.0, 3.0, 2.0, 3.0, 0.0, 2.0, -1.0, 1.0, 0.0, 0.0, 2.0, 3.0, 1.0, 3.0, -1.0, 1.0, -1.0, -1.0, 1.0, 94946.0, 566.0, 99455.0
0.0, 1.0, 0.0, -1.0, 3.0, 1.0, 2.0, 0.0, 3.0, 0.0, 3.0, -1.0, -1.0, 1.0, 1.0, -1.0, 2.0, -1.0, 3.0, 3.0, -1.0, 0.0, 2.0, 1.0, -1.0, 3.0, 2.0, 2.0, 0.0, 0.0, 0.0, 1.0, 1.0, -1.0, 1.0, 2.0, 2.0, 2.0, 0.0, 3.0, 1.0, 2.0, -1.0, 2.0, -1.0, -1.0, 0.0, 1.0, 1.0, -1.0, 94986.0, 549.0, 99469.0
-1.0, 0.0, 1.0, -1.0, 0.0, 0.0, 2.0, 3.0, 3.0, -1.0, 0.0, 2.0, 1.0, 3.0, 1.0, -1.0, 0.0, 1.0, 0.0, 1.0, -1.0, 2.0, 1.0, 0.0, -1.0, 0.0, 3.0, 0.0, 1.0, 1.0, 2.0, -1.0, 2.0, -1.0, -1.0, 1.0, 0.0, -1.0, 1.0, 1.0, -1.0, 2.0, 0.0, 2.0, -1.0, -1.0, 0.0, 3.0, 2.0, -1.0, 95349.0, 520.0, 99517.0
-1.0, 2.0, -1.0, 1.0, -1.0, 3.0, -1.0, 1.0, 1.0, -1.0, -1.0, 2.0, 3.0, 0.0, 0.0, 3.0, 2.0, 2.0, 0.0, 2.0, 0.0, -1.0, 3.0, 1.0, 2.0, 0.0, 1.0, 2.0, 1.0, 2.0, 0.0, 0.0, 0.0, -1.0, 0.0, 0.0, 2.0, 2.0, 1.0, 1.0, -1.0, 0.0, -1.0, -1.0, 0.0, 1.0, 3.0, 1.0, 0.0, 2.0, 94915.0, 555.0, 99473.0
1.0, 0.0, 3.0, 1.0, 2.0, 3.0, 0.0, -1.0, 2.0, 1.0, 1.0, 0.0, 0.0, 0.0, 2.0, 0.0, 2.0, -1.0, 1.0, -1.0, 3.0, 0.0, -1.0, -1.0, 0.0, 1.0, 2.0, -1.0, 2.0, 3.0, 1.0, 3.0, 2.0, 1.0, 1.0, 3.0, 2.0, 3.0, 2.0, 3.0, 2.0, 0.0, -1.0, 0.0, -1.0, -1.0, 0.0, 1.0, -1.0, 3.0, 94813.0, 567.0, 99453.0
0.0, 2.0, 3.0, 1.0, -1.0, 0.0, 2.0, 0.0, 0.0, 1.0, -1.0, 0.0, 1.0, 2.0, -1.0, 0.0, 3.0, 2.0, 3.0, 2.0, 1.0, 0.0, 3.0, 3.0, 1.77871562708, 1.0, 3.0, 2.0, 3.0, 3.0, 0.0, 0.0, 0.0, 2.0, -1.0, 2.0, 2.0, 3.0, 1.0, -1.0, 1.0, -1.0, 0.0, 2.0, 2.0, 3.0, 3.0, -1.0, 1.0, -1.0, 94805.0, 621.0, 99411.0
0.0, 2.0, 3.0, 1.0, -1.0, 0.0, 2.0, 0.0, 0.0, 1.0, -1.0, 0.0, 1.0, 2.0, -1.0, 0.0, 3.0, 2.0, 3.0, 2.0, 1.0, 0.0, 3.0, 3.0, 2.0, 1.0, 3.0, 2.0, 3.0, -1.0, 0.0, 0.0, 0.0, 2.0, -1.0, 2.0, 2.0, 3.0, 1.0, 1.0, 1.0, -1.0, 0.0, 2.0, 2.0, 3.0, 3.0, -1.0, 1.0, -1.0, 94813.0, 624.0, 99417.0
2.0, 1.0, 0.0, 0.0, 1.0, 0.0, -1.0, 2.0, 0.0, -1.0, 2.0, -1.0, 2.0, 2.0, -1.0, 1.0, -1.0, -1.0, -1.0, 2.0, 3.0, 0.0, 3.0, -1.0, 0.0, 2.0, 3.0, -1.0, -1.0, 1.0, 1.0, -1.0, 1.0, 1.0, -1.0, 2.0, -1.0, 0.0, 3.0, 0.0, -1.0, -1.0, 1.0, 2.0, 1.0, 3.0, 0.0, -1.0, 3.0, 0.0, 95871.0, 508.0, 99557.0
-1.0, 0.0, 1.0, -1.0, 0.0, 0.0, 2.0, 3.0, 3.0, -1.0, 0.0, 2.0, 1.0, 3.0, 1.0, -1.0, 0.0, 1.0, 0.0, 1.0, -1.0, 2.0, 1.0, 0.0, -1.0, -0.880797186644, 3.0, 0.0, 1.0, 1.0, 2.0, -0.429627297425, 2.0, -1.0, -1.0, 1.0, 0.0, -1.0, 1.0, 1.0, -1.0, 2.0, 0.0, 2.0, -1.0, -1.0, 0.0, 3.0, 2.0, 0.855033635603, 95228.0, 531.0, 99503.0
-1.0, 1.0, 3.0, 0.0, 2.0, 0.0, 2.0, -1.0, 1.0, 3.0, -1.0, 0.0, -1.0, 2.0, -1.0, 2.0, 3.0, -1.0, 2.0, -1.0, 3.0, 2.0, 0.0, 2.0, -1.0, 1.0, -1.0, 2.0, 3.0, 0.0, 0.0, 1.0, 1.0, 2.0, 2.0, 3.0, -1.0, 0.0, 3.0, 3.0, 0.0, 2.0, 3.0, 3.0, 1.0, 0.0, 1.0, 1.0, 1.0, 1.0, 94937.0, 585.0, 99442.0
-1.0, 1.0, 3.0, 0.0, 2.0, 0.0, 2.0, -1.0, 1.0, 3.0, -1.0, 0.0, -1.0, 2.0, -1.0, 2.0, 3.0, -1.0, 2.0, -1.0, 3.0, 2.0, 0.0, 2.0, -1.0, 1.0, -1.0, 2.0, 3.0, 0.0, 0.0, 1.0, 1.0, 2.0, 2.0, 3.0, -1.0, 0.0, 3.0, 3.0, 0.0, 2.0, 3.0, 3.0, 1.0, 0.0, 1.0, 1.0, 0.67765522467, 1.0, 94937.0, 585.0, 99442.0
-1.0, 3.0, 1.0, 0.0, -1.0, 3.0, 3.0, 0.0, 0.0, 3.0, 1.0, 1.0, -1.0, 1.0, 2.0, 0.0, 0.0, 2.0, 2.0, 1.0, 2.0, 2.0, 1.0, 1.0, -1.0, 0.0, 3.0, 2.0, -1.0, 0.0, 1.0, 1.0, 2.0, 1.0, -1.0, 3.0, 0.0, -1.0, -1.0, 3.0, 3.0, 0.0, 0.0, 2.0, -1.0, 2.0, 2.0, -1.0, 3.0, 3.0, 94939.0, 584.0, 99441.0
-0.73649750828, 1.0, 1.0, -1.0, -1.0, 2.0, 3.0, 0.0, 2.0, 1.0, 1.0, 0.0, -1.0, 0.0, -1.0, 2.0, 1.0, 2.0, -1.0, 1.58539064569, 0.0, 3.0, 3.0, -1.0, 0.0, 2.0, 2.0, 2.0, 0.0, 3.0, 1.0, 0.0, 3.0, -1.0, 1.27564057884, 1.0, -1.0, 2.0, 3.0, 1.0, 1.0, 0.0, 3.0, 3.0, 2.0, 0.0, 0.0, 1.0, 2.0, 3.0, 94760.0, 605.0, 99429.0
3.0, 2.0, 1.0, -1.0, 3.0, 3.0, 2.0, 2.0, 2.0, 2.0, 0.0, -1.0, 1.0, 3.0, 0.0, 0.0, 0.0, 1.0, 1.0, 1.0, 0.0, 2.0, -1.0, -1.0, 0.0, 0.0, 0.0, 3.0, -1.0, 2.0, 2.0, 3.0, 1.0, -1.0, 2.0, 0.0, 3.0, -1.0, -1.0, 2.0, 1.0, 1.0, 3.0, -1.0, 3.0, -1.0, 0.0, -1.0, -1.0, 3.0, 95316.0, 535.0, 99478.0
-1.0, -1.0, 1.0, -1.0, 3.0, -1.0, 2.0, -1.0, 0.0, 2.0, 0.0, -1.0, 2.0, 3.0, 3.0, 2.0, 3.0, -1.0, -1.0, 0.0, 1.0, 2.0, 1.0, -1.0, 1.0, 1.0, 2.0, -1.0, 2.0, 0.0, 3.0, 2.0, 1.0, -1.0, 3.0, 3.0, 0.0, -1.0, 3.0, 2.0, 1.0, 0.0, 0.0, 0.0, 2.0, -1.0, 0.0, 2.0, -1.0, 1.0, 95569.0, 515.0, 99513.0
-1.0, -1.0, 1.0, -1.0, 3.0, -1.0, 2.0, -1.0, 0.0, 2.0, 0.0, -1.0, 2.0, 3.0, 3.0, 2.0, 3.0, -1.0, -1.0, 0.0, 1.0, 2.0, 1.0, -1.0, 1.0, 1.0, 2.0, -1.0, 2.0, 0.0, 2.83282962752, 2.0, 1.0, -1.0, 3.0, 3.0, 0.0, -1.0, 3.0, 2.0, 1.0, 0.0, 0.0, 0.0, 2.0, -1.0, 0.0, 2.0, -1.0, 1.0, 95569.0, 515.0, 99513.0
1.0, 0.0, 0.0, -0.0043970945578, -1.0, -1.0, 0.0, 3.0, 2.0, -1.0, -1.0, 0.0, 2.0, 1.0, 0.0, 2.0, 2.0, 0.0, -1.0, 3.0, 2.0, 0.0, 1.0, -1.0, 2.0, 2.0, 3.0, 0.0, 1.0, 1.0, 1.0, 2.0, 3.0, -1.0, 3.0, 1.0, -1.0, 1.0, 3.0, 3.0, 2.0, -1.0, 1.0, 2.0, 3.0, -1.0, 0.0, 0.0, 1.0, 2.0, 94908.0, 581.0, 99450.0
1.0, 2.0, -1.0, 2.55934978689, 2.0, 0.0, 2.0, 0.0, 2.0, 1.0, -1.0, 3.0, 2.0, 2.0, 1.0, 2.0, 3.0, 2.0, 3.0, -1.0, 1.0, -1.0, 3.0, -1.0, -1.0, -1.0, 1.0, 2.0, 0.0, 1.10439407613, -0.0343706384409, 3.0, 0.0, -1.0, -1.0, 1.0, 2.0, 1.0, 1.0, 0.985341147695, 3.0, 1.0, 0.0, 0.0, 0.0, -1.0, -1.0, 0.486757906617, 3.0, 1.0, 95261.0, 561.0, 99468.0
3.0, 1.0, 2.0, -1.0, 3.0, 3.0, 1.0, 2.0, -1.0, -1.0, 2.0, 2.0, 1.0, 1.0, 2.0, 1.0, 0.0, 2.0, 0.0, -1.0, 2.0, -1.0, -1.0, 3.0, -1.0, 1.0, 3.0, -1.0, -1.0, -1.0, 0.0, 0.0, -1.0, 3.0, 3.0, 2.0, 3.0, -1.0, 0.0, 3.0, 3.0, 0.0, 0.0, 2.0, 0.0, 0.0, -1.0, 1.0, -1.0, 0.0, 95700.0, 514.0, 99522.0
-1.0, -1.0, -1.0, 1.0, 1.0, 1.0, 1.0, 1.0, 2.0, 1.0, 3.0, -1.0, 2.0, -1.0, 1.0, -1.0, -1.0, 3.0, 0.0, 1.0, 0.0, 0.0, 1.0, 0.0, 3.0, 0.0, 2.0, 3.0, -1.0, -1.0, 2.0, 3.0, 3.0, -1.0, 3.0, 0.0, 2.0, -1.0, -1.0, 0.0, 3.0, 0.0, 0.0, 2.0, 0.0, 1.0, 2.0, -1.0, 3.0, 2.0, 95466.0, 526.0, 99503.0
0.0, -1.0, 0.0, 0.0, 2.0, 1.0, 3.0, -1.0, 0.0, -1.0, -1.0, 2.0, 3.0, 0.0, 3.0, -1.0, -1.0, -1.0, 0.0, -1.0, 0.0, 2.0, 1.0, -1.0, 0.0, 1.0, 2.0, 1.0, 1.0, -1.0, 3.0, 1.0, 1.0, 3.0, 3.0, 1.0, 0.0, 0.0, 0.0, 3.0, 2.0, 1.0, 2.0, 1.0, 0.0, -1.0, -1.0, -1.0, 3.0, 1.0, 95309.0, 524.0, 99509.0
0.0, -1.0, 0.0, 0.0, 2.0, 1.0, 3.0, -1.0, 0.0, -1.0, -1.0, 2.0, 3.0, 0.0, 3.0, -1.0, -1.0, -1.0, 0.0, -1.0, 0.0, 2.0, 1.0, -1.0, 0.0, 1.0, 2.0, 1.0, 1.0, -1.0, 3.0, 1.0, 1.0, 3.0, 3.0, 1.0, 0.0, 0.0, 0.0, 3.0, 2.0, 1.0, 2.0, 1.0, 0.0, -1.0, -1.0, -1.0, 3.0, 1.0, 95309.0, 524.0, 99509.0
2.0, 2.0, 0.0, 1.0, 0.0, 3.0, 0.0, 2.0, 1.0, 0.0, 0.0, 1.0, 1.0, 2.0, 1.0, 3.0, 0.0, 0.0, -1.0, 0.0, -1.0, 2.0, 3.0, 3.0, 1.0, 3.0, -1.0, 0.0, 2.0, 1.0, -1.0, 3.0, -1.0, 2.0, 1.0, 0.0, 2.0, 1.0, 3.0, 3.0, 2.0, 1.0, 1.0, -1.0, 2.0, -1.0, 2.0, -1.0, 3.0, 1.0, 94739.0, 618.0, 99432.0
2.0, 2.0, 0.0, 1.0, 0.0, 3.0, 0.0, 2.0, 1.0, 0.0, 0.0, 1.0, 1.0, 2.0, 1.0, 3.0, 0.0, 0.0, -1.0, 0.0, -1.0, 2.0, 3.0, 3.0, 1.0, 3.0, -1.0, 0.0, 2.0, 1.0, -1.0, 3.0, -1.0, 2.0, 1.0, 0.0, 2.0, 1.0, 3.0, 3.0, 2.0, 1.0, 1.0, -1.0, 2.0, -1.0, 2.0, -1.0, 3.0, 1.0, 94739.0, 618.0, 99432.0
1.0, -1.0, 2.0, -1.0, 1.0, -1.0, 0.0, 0.0, -1.0, -1.0, 0.0, 2.0, -1.0, 2.0, -1.0, 2.0, -1.0, 3.0, 2.0, -1.0, -1.0, 3.0, 0.0, 1.0, 2.0, 0.0, 3.0, 0.0, 1.0, -1.0, -1.0, 3.0, 0.0, 3.0, 1.0, 1.0, 2.0, 3.0, 3.0, 1.0, 3.0, 0.0, 1.0, 3.0, 0.0, 2.0, 1.0, -1.0, 3.0, 2.0, 95470.0, 530.0, 99503.0
0.0, 0.0, 1.0, 1.0, 3.0, 3.0, -1.0, 2.0, 0.0, 2.0, 1.0, -1.0, 3.0, 1.0, 0.0, 1.0, 2.0, 0.0, -1.0, 2.0, -1.0, 0.0, -1.0, 0.0, 1.0, 3.0, 1.0, 1.0, 3.0, 1.0, -1.0, 2.0, 3.0, -1.0, 3.0, 2.0, 0.0, 1.0, 2.0, 2.0, 2.0, 3.0, 2.0, 1.0, 3.0, 0.0, 0.0, 2.0, 0.0, 3.0, 94896.0, 626.0, 99421.0
-1.0, 0.0, 0.0, 0.0, 2.0, -1.0, -1.0, -1.0, 1.0, 1.0, -1.0, -1.0, 0.0, 0.0, 2.0, 1.0, 1.0, -1.0, 3.0, 2.0, -1.0, 1.0, 2.0, 2.0, 3.0, 1.0, 1.0, 3.0, 0.0, 1.0, 3.0, 3.0, 1.0, -1.0, 2.0, -1.0, 2.0, 2.0, 2.0, 1.0, 3.0, 0.0, 2.0, 2.0, 1.0, 0.0, 0.0, 0.0, -1.0, -1.0, 95142.0, 549.0, 99471.0
0.0, 3.0, 3.0, -1.0, 2.0, 2.0, 0.0, 1.0, -1.0, 3.0, 0.0, 0.0, 1.0, 3.0, 2.0, 0.0, 3.0, 1.0, 3.0, 1.0, 1.0, 2.0, 2.0, 0.0, 0.0, 1.0, -1.0, 0.0, 3.0, -1.0, 3.0, -1.0, 0.0, 2.0, 1.0, 2.0, 1.0, -1.0, -1.0, 1.0, 3.0, 0.0, -1.0, 2.0, 1.0, 2.0, 1.0, 0.0, -1.0, 1.0, 94822.0, 592.0, 99440.0
1.0, 0.0, 2.0, -1.0, 2.0, 2.64029649639, 1.0, -1.0, -1.0, 0.0, 3.0, 2.0, 0.0, 2.0, -1.0, -0.86790652087, -1.0, 2.0, 2.0, 2.0, 1.61200813805, 0.0, -1.0, 0.0, 2.0, 3.0, 2.0, 1.0, 1.0, 1.0, -1.0, -1.0, 0.0, -1.0, -0.759449885877, 1.0, 1.0, 2.0, 0.0, 3.0, 3.0, 2.66556152709, -1.0, 2.0, 2.0, 1.0, 1.0, 0.0, 1.0, -1.0, 95562.0, 530.0, 99506.0
0.0, 2.0, 0.0, -1.0, -1.0, 0.0, 2.0, 0.0, 0.750061953513, -1.0, 1.0, 0.0, 0.0, 1.0, 2.0, 1.0, 0.0, 0.0, 1.0, -1.0, 3.0, 2.0, 1.0, 3.0, -1.0, 3.0, 2.0, -1.0, 1.0, -1.0, 1.0, 0.0, -1.0, 1.0, 2.0, 2.0, 2.0, 0.0, -1.0, 3.0, -1.0, -1.0, -1.0, 1.0, 2.0, 3.0, 3.0, -1.0, 1.0, 3.0, 95251.0, 537.0, 99503.0
0.0, 2.0, 3.0, 2.0, 3.0, 2.0, 2.0, -1.0, 1.0, 1.0, -1.0, 2.0, -1.0, 2.0, 2.0, -1.0, 0.0, 1.0, 2.0, -1.0, 1.0, 3.0, 3.0, -1.0, -1.0, 0.0, 2.0, 0.0, 1.0, 3.0, -1.0, 2.0, 1.0, 0.0, 1.0, 0.0, 3.0, 0.0, 1.0, 3.0, -1.0, -1.0, 3.0, 0.0, -1.0, 1.0, -1.0, 1.0, -1.0, 0.0, 95343.0, 530.0, 99510.0
2.0, 3.0, 3.0, -1.0, 0.0, 2.0, 1.0, 0.0, -1.0, 0.0, 1.0, 3.0, -1.0, 1.0, 3.0, -1.0, 2.0, 3.0, 2.0, 0.0, 2.0, 2.0, -1.0, 3.0, 0.0, 3.0, 0.0, 0.0, 0.0, 3.0, 2.0, 1.0, 0.0, -1.0, 1.0, 3.0, -1.0, 1.0, 1.0, 1.0, 1.0, 1.0, 2.0, -1.0, 1.0, 3.0, 2.0, 3.0, -1.0, 2.0, 94970.0, 591.0, 99438.0
3.0, 0.0, 2.0, 1.0, 1.0, -1.0, 3.0, -1.0, 1.0, 2.0, 0.0, 1.0, 3.0, 3.0, -1.0, 1.0, -1.0, 1.0, 1.0, 0.0, 3.0, 2.0, -1.0, 1.0, 0.0, 3.0, 3.0, 0.0, -1.0, 1.0, -1.0, 2.0, 0.0, 2.0, 3.0, 1.0, 0.0, -1.0, 0.0, 2.0, 2.0, 1.0, 1.0, 0.0, 2.0, 3.0, 0.0, 3.0, 2.0, 2.0, 94997.0, 589.0, 99434.0
0.0, 2.0, 0.0, -1.0, -1.0, 0.0, 2.0, 0.0, -1.0, -1.0, 1.0, 0.0, 0.0, 1.0, 2.0, 1.0, 0.0, 0.0, 1.0, -1.0, 3.0, 2.0, 1.0, 3.0, -1.0, 3.0, 2.0, -1.0, 1.0, -1.0, 1.0, 0.0, -1.0, 1.0, 2.0, 2.0, 2.0, 0.0, -1.0, 3.0, -1.0, -1.0, -1.0, 1.0, 2.0, 3.0, 3.0, -1.0, 1.0, 3.0, 95401.0, 526.0, 99516.0
1.0, -1.0, -1.0, 1.0, -1.0, 3.0, 2.64311963434, 1.0, 1.0, 2.0, 3.0, -1.0, 2.0, 2.0, 1.0, 3.0, 3.0, 2.0, 0.0, -1.0, 1.0, -1.0, 0.0, -1.0, 0.0, 0.0, 1.0, 3.0, 3.0, -1.0, 1.0, 2.0, 2.0, 1.66201394172, 3.0, 2.0, 1.0, 0.0, 3.0, -1.0, 1.0, 2.0, 2.0, 3.0, -1.0, 0.0, 2.71296504401, 3.0, 0.0, 0.0, 95199.0, 589.0, 99434.0
2.0, 1.0, 0.0, 0.0, 1.0, 0.0, -1.0, 2.0, 0.0, -1.0, 2.0, -1.0, 2.0, 2.0, -1.0, 1.0, -1.0, -1.0, -1.0, 2.0, 3.0, 0.0, -0.729174656798, 0.185695290906, 0.0, 2.0, 3.0, -1.0, -1.0, -1.0, 1.0, -1.0, 0.858447801224, 1.0, -1.0, 1.59625333762, -1.0, 0.0, 3.0, 0.0, 3.0, 1.83031044541, 1.0, 2.0, 1.1692949333, 3.0, 0.0, -1.0, 2.96010071873, 0.0, 95730.0, 519.0, 99535.0
-1.0, 2.0, -1.0, 1.0, -1.0, 3.0, -1.0, 1.0, 1.0, -1.0, -1.0, 2.0, 3.0, 2.08341062689, 0.0, 3.0, 2.83703150854, 2.0, 0.0, 2.0, 0.0, -1.0, 3.0, 1.0, 2.0, 0.0, 1.0, 2.0, 1.0, 2.0, 0.0, 0.0, 0.0, -0.615141288194, 0.0, 0.0, 2.0, 2.0, 1.0, 1.0, -1.0, 0.0, -1.0, -1.0, 0.0, 1.0, 3.0, 1.0, 0.0, 2.0, 95043.0, 555.0, 99473.0
3.0, 1.0, 2.0, -1.0, 3.0, 3.0, 1.0, 2.0, -1.0, -1.0, 2.0, 2.0, 1.0, 1.0, 2.0, 1.0, 0.0, 2.0, 0.0, -1.0, 2.0, -1.0, -0.379579640994, 3.0, -1.0, 1.0, 3.0, -1.0, -1.0, -1.0, 0.0, 0.0, -1.0, 3.0, 3.0, 2.0, 3.0, -1.0, 0.528059110391, 3.0, 3.0, 0.0, 0.0, 2.0, 0.0, 0.0, -1.0, 1.0, -1.0, 0.0, 95478.0, 533.0, 99507.0
2.0, 2.0, 1.0, 3.0, 3.0, 1.0, 3.0, 2.0, 2.0, -1.0, -1.0, 0.0, 3.0, 3.0, 2.0, 0.0, 3.0, -1.0, -1.0, 0.0, 3.0, 1.0, 1.0, 3.0, 0.0, 0.0, 3.0, 2.0, 0.0, -1.0, 0.0, 1.0, 0.0, -1.0, 1.0, 3.0, -1.0, -1.0, 0.0, 1.0, 2.0, 0.0, -1.0, -1.0, -1.0, 1.0, 0.0, 2.0, -1.0, 2.0, 95165.0, 550.0, 99477.0
3.0, 2.0, 3.0, 2.0, 3.0, 0.0, 0.0, -1.0, 2.0, 0.0, 1.0, 2.0, 2.0, 1.0, 3.0, 3.0, 3.0, 2.0, 3.0, 0.0, 1.0, 0.0, 2.0, -1.0, 1.0, 1.0, -1.0, 2.0, -1.0, 0.0, 1.0, 0.0, 0.0, 1.0, -1.0, 3.0, -1.0, -1.0, 1.0, 2.0, 1.0, -1.0, 2.0, 0.0, 1.0, -1.0, 0.0, 1.0, 0.0, 2.0, 94827.0, 600.0, 99437.0
2.0, 1.0, 2.0, -1.0, 3.0, 0.0, 1.0, 3.0, 1.0, 2.0, 1.0, -1.0, -1.0, 0.0, 1.0, 3.0, 2.0, 0.0, 2.0, 3.0, 0.0, 2.0, 0.0, 2.0, 2.0, 0.0, -1.0, 2.0, -1.0, 1.0, 3.0, 1.0, 2.0, 1.0, 1.0, 1.0, -1.0, -1.0, 0.0, -1.0, 3.0, 1.0, -1.0, 0.0, 3.0, 1.0, 0.0, 0.0, 3.0, 3.0, 94867.0, 594.0, 99434.0
0.0, 2.0, 2.0, 2.0, 0.0, 3.0, 1.0, -1.0, -1.0, -1.0, 2.0, 3.0, -1.0, 2.0, 1.0, 1.0, 1.0, 0.0, 2.0, 0.0, 0.0, 2.0, 0.0, 0.0, 1.0, 3.0, 1.0, 1.0, 3.0, 2.0, 1.0, 3.0, 1.0, -1.0, 2.0, 3.0, 1.0, 0.0, 0.0, 2.0, 0.0, -1.0, 1.0, -1.0, -1.0, 0.0, 1.0, 3.0, 2.0, -1.0, 94763.0, 607.0, 99440.0
0.0, 0.0, 1.0, 1.0, 3.0, 3.0, -1.0, 2.0, 0.0, 2.0, 1.0, -1.0, 3.0, 1.0, 0.0, 1.0, 2.0, 0.0, -1.0, 2.0, -0.0401110965721, 0.0, -1.0, 0.0, 1.0, 3.0, 1.0, 1.0, 3.0, 1.0, -1.0, 2.0, -1.0, -1.0, 3.0, 2.0, 0.0, 1.0, 2.0, 2.0, 2.0, 3.0, -0.470025407314, 1.0, 3.0, 0.0, 0.0, 2.0, 0.0, 3.0, 94777.0, 631.0, 99424.0
-1.0, 2.0, -1.0, -1.0, 1.0, 2.0, 0.0, 2.0, 1.0, 3.0, 2.0, 1.0, 2.0, 3.0, 2.0, 1.0, 1.0, -1.0, 3.0, 3.0, 0.0, 0.0, 0.0, -1.0, -1.0, 2.0, 0.0, 1.0, 2.0, 2.0, -1.0, 1.0, 0.0, -1.0, -1.0, 1.0, -1.0, -1.0, 3.0, 2.0, 3.0, 0.0, 3.0, 1.0, 3.0, -1.0, -1.0, 1.0, 2.0, 0.0, 95406.0, 538.0, 99496.0
