5.01825965761, 1.40918619281, 0.945746377222, 1.03308238146, 5.6395078964, 0.835000038401, 4.42769870886, 0.969495727719, 0.954771084142, 2.15210605845, 2.42944482019, 0.995445652507, 4.75834394549, 0.975245637557, 1.09000017851, 1.00328345805, 1.01864555076, 1.21065516454, 3.6910803616, 1.11738428696, 0.882004323562, 69.3516894273, 0.950750303805, 2.61057227747, 1.05340615968, 1.06693166397, 0.908607372122, 89.8650084211, 19.3127733502, 409.065163736, 0.0
5.77015581558, 1.35897731816, 1.08236267781, 1.14917793134, 2.60623410293, 0.968097155343, 1.10649915571, 1.0858847933, 0.965139341148, 4.81534066232, 2.97315958991, 0.999785091726, 3.26039948185, 0.925023132687, 1.09000048926, 1.02738231397, 1.00781333455, 0.970372649311, 9.38907299199, 1.08641814663, 0.957833109394, 11.7517814073, 1.09231426659, 4.62333029345, 1.08872518951, 1.9168040434, 1.1725894765, 8.23100151306, 7.08799526669, 7.1230991424, 0.536193029491
1.54605046666, 1.10409099743, 0.895530909594, 0.990628806704, 3.09280685268, 0.827210092829, 1.76062428118, 0.978956752501, 0.926619182734, 4.2670359852, 3.8730692317, 0.958736450509, 1.61915173337, 1.16675467742, 1.0900009166, 1.06176387333, 1.04779732168, 1.05109139334, 9.50589900027, 1.1194789124, 0.967665813633, 224.231442256, 0.940947544082, 4.78260714257, 1.18484743418, 2.75305653829, 0.972081786814, 132.850001079, 16.4371520851, 357.718411903, 0.0
2.14883134007, 1.08049406113, 1.02030279493, 1.09834972069, 6.66508328109, 0.950845754372, 5.8332601306, 0.85440654091, 0.951141637347, 3.30703553296, 7.61574429301, 0.89177903291, 2.37947429717, 1.00206943559, 1.0900005328, 1.03675667967, 1.00258693663, 1.05073067764, 8.09433444623, 1.1131109557, 0.816484239615, 374.386550147, 1.15890901397, 2.29131607711, 1.06068821386, 1.74459711287, 1.00854909907, 168.730537071, 14.0442649418, 424.221984788, 2.14477211796
2.98183935345, 1.001421073, 0.827288471755, 1.16822983294, 6.44720999766, 0.72217999317, 4.08071742704, 1.06241729842, 0.926316516558, 1.92923787593, 5.17566439047, 1.05360640559, 1.6480854117, 0.949659056964, 1.09000017214, 1.02401057216, 1.0323752406, 1.22642439622, 9.95691096072, 1.05846528571, 0.962393067397, 42.5598006619, 1.16254931598, 2.41368930347, 0.989365909645, 2.42765848291, 1.24195541114, 90.5202752175, 14.3456300988, 407.31297155, 0.536193029491
5.41852533009, 1.35723206705, 0.754148042495, 1.01958672487, 1.65941023977, 0.790249742734, 3.87138012992, 0.866780120676, 0.952746816407, 4.95448693405, 5.74027902292, 0.862794717939, 2.55258116872, 1.17824222141, 1.0900002015, 1.05293761532, 1.04943616217, 1.2220299698, 5.71018680232, 1.16047487081, 0.936756206994, 376.719249914, 1.17541681953, 1.26632785001, 1.16205006492, 5.04885250235, 1.1250554466, 46.9377894566, 8.27484851587, 135.93407112, 4.82573726542
2.51113245753, 1.17238957723, 1.10299394198, 1.0755206856, 2.69203672694, 0.734248018317, 1.24951480528, 1.08803636218, 0.94071168105, 4.80565137734, 1.83270987188, 0.959776318656, 4.65013042162, 1.00375235864, 1.09000064548, 1.04621134723, 1.02265247689, 1.22945775884, 5.68060219537, 0.974940983182, 0.872517385042, 254.754434793, 1.16390768054, 4.54180629394, 1.06714930093, 2.85093864508, 1.00414079928, 27.9904719566, 10.3873889355, 570.991302954, 2.68096514745
2.56451598535, 1.370265617, 0.731941234772, 1.1816699862, 5.52143427104, 0.876720562637, 2.01183543249, 0.861957907609, 0.982342934943, 2.78241344602, 3.06645451608, 0.966250796877, 1.24392569916, 0.981657935215, 1.0900005799, 1.0798011609, 1.01404831568, 0.970206183051, 5.95899618591, 1.12348432986, 0.943158306587, 369.021220871, 0.91986275714, 5.25830721601, 1.2221440392, 5.00039960948, 0.88876640706, 84.5123570256, 14.0554441813, 756.469072788, 1.07238605898
3.72297268445, 1.13758555512, 1.16553082638, 1.03239889502, 2.18159314958, 0.711313375181, 1.79355705139, 1.00038758625, 0.907150740713, 5.26627715795, 1.57822548168, 0.896252298848, 2.6342976474, 1.26540321827, 1.09000029104, 1.00333266944, 1.04841828324, 1.10447128327, 4.79105726665, 0.994317046002, 0.800182891138, 180.111535169, 1.14398127607, 5.64701079531, 0.973506732791, 4.11278935625, 1.11377394366, 87.0727588764, 14.5168173597, 148.176847145, 0.536193029491
2.51113245753, 1.17238957723, 1.12771937313, 1.0755206856, 2.69203672694, 0.734248018317, 1.24951480528, 1.09803184948, 0.94071168105, 4.80565137734, 1.75076376276, 0.959776318656, 4.65013042162, 1.00375235864, 1.09000064548, 1.06539449631, 1.02265247689, 1.22945775884, 5.68060219537, 0.974940983182, 0.872517385042, 254.754434793, 1.16390768054, 4.54180629394, 1.06714930093, 2.85093864508, 1.00414079928, 30.075031531, 7.51882274216, 158.378950941, 4.28954423592
5.77471424249, 1.23151979542, 1.16128186572, 0.942427092209, 2.25871291433, 0.76219228368, 4.64438272269, 1.01338630695, 0.974349498951, 1.9851147947, 3.10775526776, 1.09882866083, 4.82630295642, 1.15841146656, 1.09000014679, 1.04805751113, 1.01602900805, 0.860015478755, 6.61375764925, 1.17811200596, 0.78763289648, 50.2779284346, 1.01520189604, 5.59294301961, 1.15750815019, 3.3935718463, 1.12040549623, 40.647561321, 11.5452272933, 316.137451743, 2.41286863271
1.14950017037, 1.24785206426, 0.927342509687, 0.926523883397, 5.29078923524, 0.914738174964, 2.13060660032, 0.911197955564, 0.918422848242, 4.78727093405, 3.78759912225, 0.969491184683, 4.08245368063, 0.818010705493, 1.0900000516, 1.01820300201, 1.01537791274, 1.05986131244, 4.05853252066, 0.953157831816, 0.903307383717, 22.3924616815, 0.964262898449, 3.83970582934, 1.23991639573, 3.47296418868, 1.04189630893, 774.907705283, 28.0101457962, 7124.13175539, 0.0
2.088603365, 1.40140984792, 0.79910093303, 0.933646978317, 6.08383035859, 0.942771684381, 1.18915743655, 0.85721727245, 0.931112422097, 5.41865807894, 3.42136016345, 0.848357382697, 2.95018406735, 1.25060179432, 1.09000051475, 1.0761576142, 1.04465309755, 1.18316633812, 3.90366701644, 1.10663476229, 0.942313466882, 382.429295105, 1.05701225744, 4.16983026462, 1.11464269345, 1.66478185319, 1.04588977481, 350.635142076, 30.8026523394, 615.487954005, 0.0
3.38456323933, 1.35165336958, 0.76432799893, 0.991862840695, 4.67662154018, 0.843206796804, 4.82775398753, 0.900728238173, 0.914834841823, 4.75567174473, 2.37572505542, 0.820725806692, 3.85132498544, 1.04578327677, 1.09000016399, 1.02223359593, 1.03013332553, 0.999002326105, 5.27140446576, 1.07781619477, 0.794042096156, 245.543705318, 1.05832698147, 3.1086207356, 0.966761617053, 3.01130768581, 1.15253063571, 805.836725762, 23.9790714889, 2303.88127271, 0.0
1.48717193138, 1.38522660417, 0.923402653657, 1.17607828899, 5.37798319247, 0.962896104065, 1.36853360504, 0.947780073139, 0.939803210337, 2.83432859638, 5.26298725471, 0.996849515678, 3.58779026526, 0.973256479718, 1.09000002851, 1.04696152172, 1.027965468, 1.0365657273, 9.67083733482, 0.991905481553, 0.974475154363, 27.4522946523, 1.04684785614, 4.49806485208, 1.21022407616, 1.52812238451, 0.971400370878, 464.956187485, 24.4473746461, 1030.68987335, 0.268096514745
3.8259405084, 1.41755756226, 0.934674411789, 1.04410911924, 3.26612993544, 0.806745131154, 3.45453807603, 0.84106748154, 0.930888697766, 2.92413502531, 3.63487334577, 0.922374301938, 4.23108475752, 1.27529803031, 1.0900008652, 1.0356022856, 1.02518466676, 0.99878472625, 7.25077682003, 0.987792517575, 0.796252483955, 224.783399636, 1.07229275629, 2.22335096609, 1.14586904282, 2.59764647069, 1.23420718168, 190.357112138, 25.0399530666, 2362.33965157, 0.268096514745
4.24682393276, 1.38800397462, 1.07459431712, 1.15139527513, 6.42682034484, 0.809178603531, 4.61541221218, 1.02858796807, 0.984385906305, 4.02779161685, 5.09094250621, 0.887797521067, 4.32703217909, 1.22661992952, 1.090000244, 1.07436045366, 1.02864485385, 0.972076292752, 9.50589900027, 0.910472982034, 0.810053877216, 69.3516894273, 0.97788340288, 2.7962361544, 1.03811866742, 2.22752023048, 0.902735558084, 267.974528683, 16.3915435118, 287.476167523, 1.87667560322
3.8259405084, 1.21924848413, 1.14333633402, 1.13227835351, 4.962131575, 0.847113490748, 3.45453807603, 0.832105525733, 0.902631458269, 2.37998972297, 2.79865236684, 0.987930222886, 4.52771584122, 1.01217381734, 1.09000080745, 1.08713645881, 1.01235989206, 0.955410192349, 3.5187454085, 1.1227645424, 0.996989270036, 332.437364266, 1.13694876031, 1.79180140824, 1.19606707507, 5.34895351711, 1.19657602497, 110.56572465, 15.4440406033, 1904.8587855, 1.87667560322
1.98055679452, 1.0148008268, 1.10094746936, 1.17591878443, 3.85415807661, 0.804645575976, 4.71327632744, 0.840537530602, 0.995284732913, 1.70952600941, 3.86194047391, 1.07462304011, 3.25535774373, 0.85144926283, 1.09000062777, 1.07175397997, 1.03232553873, 0.817315752051, 7.1251407546, 1.04633262847, 0.985167205937, 139.805968125, 1.06954402359, 4.44941229823, 0.992912533186, 3.30566241633, 0.884488220103, 215.436872491, 15.4104859753, 527.783743452, 1.34048257373
1.54605046666, 1.10409099743, 0.895530909594, 0.990628806704, 2.34747582699, 0.827210092829, 2.3279643642, 0.923836813696, 0.926619182734, 5.85614008707, 3.8730692317, 0.958736450509, 1.61915173337, 1.16675467742, 1.0900009166, 1.05168576045, 1.04779732168, 1.05109139334, 3.27314191356, 0.916012386557, 0.96051638023, 224.231442256, 0.948228570995, 3.96442378132, 1.18484743418, 2.75305653829, 0.972081786814, 296.128666364, 17.4934461198, 1753.77079401, 0.536193029491
5.77471424249, 1.23151979542, 1.16128186572, 0.893681796839, 2.25871291433, 0.76219228368, 4.64438272269, 1.01338630695, 0.974349498951, 1.9851147947, 3.10775526776, 1.09882866083, 4.82630295642, 1.15841146656, 1.09000014679, 1.04805751113, 1.01602900805, 0.860015478755, 6.61375764925, 1.17811200596, 0.78763289648, 50.2779284346, 1.01520189604, 5.59294301961, 1.15750815019, 3.3935718463, 1.12040549623, 116.52112243, 16.6126842727, 333.184179794, 0.804289544236
5.85936741183, 1.42541538983, 0.983618117234, 0.990988076851, 1.45135569156, 0.828198519068, 2.71539991641, 0.924168794506, 0.921353296974, 1.65134935281, 4.66308416006, 0.946099746585, 2.8405535188, 1.16675467742, 1.09000029539, 1.05656406623, 1.03637730711, 1.13171049047, 9.73139569778, 1.12774783279, 0.892153094257, 224.231442256, 0.972531366461, 1.45965716682, 1.00676259556, 2.8858072047, 1.07797210794, 93.8590832296, 12.2040089473, 276.964669546, 4.28954423592
3.32121863845, 1.22219644551, 0.935891521529, 1.155970798, 6.0362210876, 0.750217626719, 5.8688637774, 0.850501194176, 0.919077421185, 5.49433774774, 7.32397327014, 0.85960971948, 1.53574579332, 1.0275208705, 1.09000055376, 1.09964917459, 1.02478624002, 0.885923702844, 5.15070096055, 1.00251495822, 0.991413752241, 28.8586036093, 1.18060722034, 4.93108756427, 0.989169164258, 3.74610838905, 0.964796442161, 244.802119231, 13.7855621982, 196.449253181, 5.36193029491
4.24682393276, 1.38514967067, 1.07459431712, 0.834386608021, 6.42682034484, 0.809178603531, 4.71963729287, 1.02858796807, 0.984385906305, 4.02779161685, 5.09094250621, 0.887797521067, 4.32703217909, 1.22661992952, 1.090000244, 1.07436045366, 1.02864485385, 0.972076292752, 9.50589900027, 0.910472982034, 0.810053877216, 329.509017248, 0.97788340288, 2.7962361544, 1.03811866742, 2.22752023048, 0.902735558084, 115.101882444, 21.0497670282, 1228.34479521, 2.68096514745
2.56451598535, 1.370265617, 0.731941234772, 1.1816699862, 5.52143427104, 0.876720562637, 2.00374372089, 0.861957907609, 0.982342934943, 2.78241344602, 4.7952539444, 0.966250796877, 1.24392569916, 0.981657935215, 1.0900005799, 1.0798011609, 1.02948826753, 0.932887393374, 5.95899618591, 1.12348432986, 0.936974427184, 369.021220871, 0.91986275714, 5.77719386693, 1.23920070088, 5.00039960948, 0.88876640706, 314.071368583, 14.8658865099, 864.526000659, 4.02144772118
2.44569458725, 1.0579902875, 0.878508211277, 1.08163400744, 1.87222206818, 0.775730704388, 1.26937862719, 1.03137011428, 0.934513701698, 6.1173483072, 5.55498434617, 1.05696743542, 2.05980081955, 0.98257402534, 1.09000051743, 1.04845296256, 1.00595426162, 1.04764258557, 4.53553782702, 1.16002454634, 0.945341482953, 385.545187947, 0.918267514652, 3.10561453829, 1.1600996262, 3.14149641523, 1.13602396213, 402.082865793, 15.3925767661, 3049.38262023, 2.68096514745
1.81584058635, 1.14308716868, 0.823847713961, 1.12376096816, 4.67584896528, 0.781863776823, 4.87366160361, 1.08450875679, 0.939730250669, 3.41874976219, 6.81859853235, 0.998881301676, 2.97032627438, 1.03973565344, 1.0900004152, 1.09464980923, 1.0207759177, 1.18144029552, 5.10391255918, 1.15749892477, 0.784535865401, 299.853750154, 1.10681376594, 2.26321198332, 1.11120178117, 5.26874284059, 1.17877548949, 137.967228035, 11.6950375637, 857.753110434, 5.36193029491
1.51998602991, 1.20228339559, 1.06255130016, 0.917289269436, 5.35094070772, 0.719750880748, 1.98725027944, 0.921830216095, 0.907789676041, 3.43222738271, 4.72111920433, 0.858060654894, 2.06318183474, 1.06641540147, 1.09000013151, 1.01753046712, 1.01586029031, 0.848112324906, 5.04459784164, 1.07834132948, 0.780225264923, 377.16624668, 1.05238298172, 3.99396566122, 1.13129902683, 4.87413530906, 1.04731412922, 338.550163231, 15.4750180298, 449.442896039, 4.02144772118
3.32121863845, 1.09640849175, 0.935891521529, 1.155970798, 6.0362210876, 0.750217626719, 5.86679150583, 0.850501194176, 0.919077421185, 4.2670359852, 7.32397327014, 0.85960971948, 1.53574579332, 1.0275208705, 1.09000055376, 1.1034214835, 1.02478624002, 0.885923702844, 5.15070096055, 1.00251495822, 0.991413752241, 28.8586036093, 1.18060722034, 4.93108756427, 1.0027629881, 3.74610838905, 0.994489108279, 1004.19278351, 42.0517945694, 991.207502879, 0.536193029491
5.77471424249, 1.23151979542, 1.16128186572, 0.942427092209, 2.25871291433, 0.76219228368, 4.64438272269, 1.01338630695, 0.974349498951, 4.80565137734, 3.10775526776, 1.09882866083, 4.32578912361, 1.16004574938, 1.09000013594, 1.04805751113, 1.01602900805, 0.860015478755, 6.61375764925, 1.17811200596, 0.78763289648, 50.2779284346, 1.01520189604, 5.59294301961, 1.10466068759, 3.3935718463, 1.14226955079, 711.683086823, 38.9376317456, 4147.9736827, 0.0
3.89031656311, 1.39692176929, 0.736474142001, 1.12295226423, 5.29748072261, 0.917606151288, 2.54842014654, 1.04390872061, 0.957321841418, 1.99724055245, 3.17107701869, 1.05274370922, 2.62153543181, 0.923935493644, 1.0900002053, 1.03536696152, 1.0473720414, 0.831783540674, 3.76509239017, 1.08535556673, 0.9135160774, 176.27681911, 0.938950073944, 5.97892619686, 1.10302856743, 3.74114408961, 1.09848304874, 555.358563794, 32.8947867254, 4292.19595132, 0.0
2.088603365, 1.40140984792, 0.79910093303, 0.933646978317, 6.08383035859, 0.942771684381, 1.18915743655, 0.85721727245, 0.931112422097, 5.41865807894, 3.42136016345, 0.848357382697, 2.95018406735, 1.25060179432, 1.0900009461, 1.04354866621, 1.01951632772, 1.18316633812, 3.90366701644, 1.10663476229, 0.942313466882, 382.429295105, 1.05701225744, 3.1086207356, 1.11464269345, 1.66478185319, 1.21860312536, 1607.8667418, 47.0228039788, 2795.77680996, 0.0
1.53052713505, 1.00253798339, 0.738410100221, 0.991891780711, 4.55346185899, 0.862931671055, 5.90229964252, 1.05292563845, 0.989562500772, 6.01406706075, 2.05095831175, 0.947528389704, 1.76670589511, 1.03598132968, 1.09000074226, 1.08154150944, 1.01962758591, 0.988901150013, 9.97454016376, 1.09210014167, 0.783653255228, 53.0393186993, 1.04331777355, 2.78212677311, 1.16677095725, 4.57596557616, 1.25843321417, 1968.05416948, 30.356116986, 3508.69820924, 0.0
3.74891897182, 1.06905171974, 1.10094746936, 1.21136447789, 3.85415807661, 0.804645575976, 4.32530677704, 0.840537530602, 0.9753609944, 1.70952600941, 3.86194047391, 1.07462304011, 3.25535774373, 0.85144926283, 1.0900009166, 1.08439996811, 1.03232553873, 0.817315752051, 7.8716443896, 1.04633262847, 0.985167205937, 141.171695904, 1.06954402359, 4.44941229823, 1.11940172246, 3.30566241633, 1.08211785722, 1279.26125283, 26.442608404, 12818.8214043, 0.0
2.98183935345, 1.001421073, 0.827288471755, 1.16822983294, 6.44720999766, 0.72217999317, 4.66523640777, 1.06241729842, 0.926316516558, 1.92923787593, 5.17566439047, 1.05360640559, 1.6480854117, 0.949659056964, 1.09000017214, 1.02401057216, 1.0323752406, 1.14618610403, 9.95691096072, 1.05846528571, 0.962393067397, 42.5598006619, 1.16254931598, 2.41368930347, 0.989365909645, 2.42765848291, 1.24195541114, 905.519634728, 40.6563992674, 4039.04687376, 0.0
5.31901715771, 1.06098737301, 0.916544284711, 1.03896321898, 3.47355214271, 0.907457916364, 5.79803783438, 0.939527170869, 0.984580480222, 6.08137729003, 6.27251205877, 0.818771329879, 3.99356979375, 0.815337617757, 1.09000058111, 1.07748106395, 1.04409924871, 0.974286347012, 7.02759869984, 0.946060207101, 0.895509284999, 355.505346851, 0.940663286625, 2.96523374109, 1.0712639498, 4.51171499564, 0.939685152327, 589.678318508, 35.132776257, 2319.21240513, 0.268096514745
3.70913542167, 1.41755756226, 0.96271591443, 1.04410911924, 3.26612993544, 0.806745131154, 5.0883601097, 0.84106748154, 0.930888697766, 2.92413502531, 3.63487334577, 0.922374301938, 4.23108475752, 1.24414404592, 1.0900008652, 1.0356022856, 1.02518466676, 0.99878472625, 7.25077682003, 0.987792517575, 0.796252483955, 224.783399636, 1.07229275629, 2.22335096609, 1.14586904282, 2.59764647069, 1.23420718168, 508.75146163, 34.0517317903, 1042.91394108, 0.536193029491
4.88483893696, 1.40108160224, 1.14601728399, 0.950459784936, 2.4839445315, 0.899389851341, 5.69506180817, 1.0641285548, 0.947038516154, 3.03306890145, 5.88765723652, 1.05437554465, 4.08396726422, 1.2138883551, 1.09000018114, 1.00687981248, 1.02845332706, 0.928225511391, 8.20703228761, 1.11940443296, 0.810467226351, 275.547032464, 1.05185579603, 5.38398564685, 1.22907080152, 1.9792174511, 1.04425824645, 717.208582725, 27.3458987337, 3317.95220544, 0.268096514745
2.02958608287, 1.21662260956, 0.927939511071, 0.910922763226, 1.55471027984, 0.989465246571, 2.91600444039, 0.949670001301, 0.942573512439, 4.24661959023, 2.79455806939, 0.848357382697, 4.1117837899, 0.922327390958, 1.09000098285, 1.08574767384, 1.03930277946, 0.871469778131, 7.1894869914, 1.09014740337, 0.804626488414, 330.100524738, 1.11416828557, 3.15418226933, 1.16828321423, 3.79956384996, 1.14717629066, 655.576128661, 26.6028531368, 4780.61012954, 0.268096514745
3.24105402922, 1.08030717957, 0.804338571032, 0.944126323948, 4.95467451895, 0.776992307419, 1.77884398181, 0.900897866821, 0.908820405485, 5.22456948059, 3.05738994364, 0.966621638066, 3.57247783106, 1.14912038908, 1.09000025701, 1.10634006197, 1.03837963273, 0.944212563529, 8.05683854376, 1.16339916276, 0.912360988376, 305.82363074, 1.19537031902, 1.03753303645, 1.20012165046, 2.63531962438, 1.22588560023, 264.451403776, 16.1377675762, 983.778576625, 3.21715817694
5.34111321858, 1.28540620342, 0.75787210907, 0.981925529039, 5.94489974598, 0.887201848718, 5.05707311318, 0.859062958682, 0.923896198247, 1.32017349743, 1.64900349585, 0.890124298287, 2.82029388915, 1.20390258769, 1.09000024027, 1.04365445594, 1.02780407112, 1.17072209292, 5.72375190757, 1.00106973863, 0.837645056403, 32.8917053557, 1.06559122505, 5.30637516346, 1.1122066626, 4.04101704251, 1.25934837582, 510.19649553, 16.5754954537, 740.262501102, 1.60857908847
2.48405276796, 1.35425227391, 1.1482089168, 1.08408814758, 4.64026706399, 0.77295991153, 1.42966293406, 1.09680394548, 0.942099331151, 2.93860605525, 1.79263043079, 0.822773846748, 3.32983550556, 1.19844955774, 1.09000032677, 1.09997463606, 1.03023456743, 1.11350295026, 5.51353749042, 1.11568821711, 0.837008769855, 239.848333575, 1.16398549411, 2.49481391734, 1.01681964312, 1.4917248135, 1.00687482391, 1419.91623581, 32.4095881808, 1977.9466212, 0.536193029491
4.31935854044, 1.24855299096, 1.11312422904, 0.871352365127, 4.89719451916, 0.847619679095, 5.44817137839, 0.861317566466, 0.929234595869, 1.6957305187, 3.86837509125, 1.09712503143, 4.14430453736, 0.898259036798, 1.09000049304, 1.06182847287, 1.02782897832, 0.921053976114, 7.14242861467, 1.032823752, 0.790266784199, 37.3903039029, 1.19111350492, 3.60150303447, 1.03395178415, 5.04885250235, 1.20237873817, 492.811471245, 20.501870683, 1272.64927841, 0.804289544236
1.99085809251, 1.39400292372, 0.970510432209, 1.01353133757, 5.91842797453, 0.857756851001, 1.0182536375, 1.09414851286, 0.930356041965, 2.46071643589, 6.12027740942, 0.890014741419, 4.04330241587, 1.21605520351, 1.09000081736, 1.01960480053, 1.03330646494, 1.22412339891, 7.1297098085, 0.916937473872, 0.989202467027, 317.637849584, 1.02662013487, 4.23257589354, 1.12526100725, 3.66616097608, 1.13658863835, 232.162110394, 20.1570153863, 1111.53996039, 1.34048257373
2.088603365, 1.40140984792, 0.790656578099, 0.933646978317, 6.08383035859, 0.942771684381, 1.18915743655, 0.85721727245, 0.931112422097, 5.41865807894, 3.42136016345, 1.07096953332, 2.95018406735, 1.25060179432, 1.09000051475, 1.0761576142, 1.04465309755, 1.18316633812, 3.90366701644, 1.10663476229, 0.942313466882, 382.429295105, 1.05701225744, 4.16983026462, 1.11464269345, 2.46523072472, 1.04588977481, 432.210712346, 19.5771924238, 2634.84404739, 1.07238605898
4.39393039324, 1.24524947245, 1.14083816845, 1.21713811907, 6.85344184435, 0.75903650972, 4.29743051204, 0.986809779729, 0.993780471758, 1.92941192456, 3.7258581706, 1.04551683006, 1.51692140007, 1.00921430946, 1.09000046771, 1.01641072206, 1.00258693663, 0.879024566472, 3.62842721359, 1.16631964318, 0.909015609256, 91.5015174049, 1.15890901397, 2.55191565427, 1.17219865521, 5.32037646097, 1.01996429805, 134.021918338, 22.714861222, 817.820147101, 1.07238605898
5.85936741183, 1.42541538983, 1.08377400927, 0.816221101635, 1.88686110078, 0.828198519068, 2.71539991641, 0.924168794506, 0.95598187794, 1.65134935281, 4.66308416006, 0.946099746585, 4.52541097741, 1.03500183529, 1.09000029539, 1.05656406623, 1.03637730711, 1.13171049047, 9.73139569778, 1.12774783279, 0.892153094257, 33.1238074109, 0.972531366461, 1.75996900187, 1.00676259556, 2.8858072047, 1.07797210794, 149.136541772, 22.6820228624, 571.226247232, 0.804289544236
2.02958608287, 1.12559033062, 0.927939511071, 0.910922763226, 1.58181568546, 0.989465246571, 2.91600444039, 0.949670001301, 0.942573512439, 4.24661959023, 6.48223528442, 0.848357382697, 4.1117837899, 0.922327390958, 1.09000062827, 1.08574767384, 1.03930277946, 0.871469778131, 7.1894869914, 1.09014740337, 0.804626488414, 330.100524738, 1.11416828557, 3.15418226933, 1.16828321423, 3.79956384996, 1.14717629066, 202.291158717, 17.9936707458, 591.881958044, 2.14477211796
2.98183935345, 1.001421073, 0.776713798909, 1.16822983294, 6.85651743601, 0.72217999317, 4.08071742704, 1.06241729842, 0.926316516558, 1.92923787593, 5.17566439047, 1.0859610857, 2.77030894445, 0.899403351394, 1.09000017214, 1.02401057216, 1.0323752406, 0.9785936208, 9.95691096072, 1.05846528571, 0.962393067397, 42.5598006619, 1.00660505476, 2.41368930347, 0.989365909645, 2.42765848291, 1.24195541114, 487.831782077, 20.4645818026, 755.739283965, 1.87667560322
5.01825965761, 1.40918619281, 0.945746377222, 1.03308238146, 5.6395078964, 0.817369193718, 4.42769870886, 0.969495727719, 0.954771084142, 5.22681422675, 2.42944482019, 0.995445652507, 4.99207137549, 0.975245637557, 1.09000017851, 1.00328345805, 1.01864555076, 1.21065516454, 3.6910803616, 1.11738428696, 0.882004323562, 69.3516894273, 0.950750303805, 2.61057227747, 1.05340615968, 1.06693166397, 0.908607372122, 159.718042859, 12.3406499515, 613.636119051, 10.1876675603
3.15719923034, 1.42541538983, 0.983618117234, 1.06030629788, 1.93121329571, 0.864854332537, 5.44946013375, 1.03101576436, 0.965749437234, 5.79640968491, 2.38002865751, 0.988963814612, 1.36308439056, 0.862888380203, 1.09000003847, 1.06362136338, 1.02576826034, 1.06859351689, 7.53751067773, 0.989205981382, 0.804407973094, 64.3641015694, 1.0275053216, 5.71411996616, 1.19137299599, 3.81672803613, 1.27262905656, 202.622730653, 15.3216466965, 1191.1122746, 5.09383378016
1.43938999912, 1.20228339559, 1.06255130016, 0.917289269436, 5.35094070772, 0.719750880748, 1.98725027944, 0.921830216095, 0.907789676041, 3.43222738271, 4.72111920433, 0.858699601853, 2.06318183474, 1.06641540147, 1.09000013151, 1.01928132339, 1.01586029031, 0.848112324906, 5.04459784164, 1.07834132948, 0.780225264923, 371.663876231, 1.05238298172, 3.99396566122, 1.13129902683, 4.87413530906, 1.13198073443, 164.203613406, 11.8450690379, 2075.70717075, 6.43431635389
4.04013394818, 1.24375351579, 1.16336770442, 0.954175697277, 6.84548694931, 0.920468295587, 5.17498143392, 1.0721407169, 0.998966953447, 2.06460835889, 7.40347584559, 0.915558288547, 1.49870408277, 1.27049721381, 1.09000004055, 1.07029750707, 1.01846682639, 0.915701073083, 3.09994682629, 1.00055097437, 0.806541982193, 223.100401003, 0.998346813867, 1.83400559981, 1.22255191044, 1.7953515263, 1.09400589499, 732.916783681, 37.1292889963, 4801.32424168, 0.0
2.07882363215, 1.08691002945, 0.999838666919, 1.15511768578, 5.0710930988, 0.727511425878, 2.56517302348, 1.05213405923, 0.901559211146, 4.29973909517, 1.9371359567, 0.960688922775, 1.01636190869, 0.853023393596, 1.090000187, 1.06531786033, 1.01505725871, 1.07236532769, 9.20540915614, 1.04444920567, 0.966522392704, 194.13178086, 1.12395222345, 2.7028435316, 1.15075331295, 2.0534845208, 1.00509500223, 1630.90526727, 35.1956356256, 11184.4543926, 0.0
2.22519551424, 1.36932191004, 1.1165405793, 1.05553938716, 4.23595972371, 0.722993521406, 5.61891030515, 1.00662775149, 0.984074628855, 2.89499723625, 7.6102303312, 0.898683502037, 2.70804164046, 1.13207046846, 1.09000011997, 1.08825572522, 1.01555187043, 1.2116468377, 7.7415980341, 1.03682548708, 0.783389201974, 198.989247427, 1.19504388637, 1.42195575231, 0.988983969632, 1.72175322984, 0.943847764822, 717.354999796, 37.8651875877, 4519.80468501, 0.0
5.41852533009, 1.35723206705, 0.754148042495, 1.01958672487, 1.65941023977, 0.790249742734, 3.87138012992, 0.866780120676, 0.952746816407, 4.95448693405, 5.74027902292, 1.09712503143, 2.55258116872, 1.17824222141, 1.09000027861, 1.05293761532, 1.04818715449, 1.2220299698, 5.71018680232, 1.16047487081, 0.936756206994, 187.051834403, 1.08807823155, 1.26632785001, 1.16205006492, 5.04885250235, 1.1250554466, 1515.92942467, 33.9751946904, 18142.0276515, 0.0
5.85936741183, 1.42541538983, 1.08377400927, 0.816221101635, 1.88686110078, 0.768053107251, 2.71539991641, 0.924168794506, 0.95598187794, 1.65134935281, 4.66308416006, 0.946099746585, 4.90594807513, 1.03500183529, 1.09000096966, 1.05656406623, 1.03637730711, 1.13171049047, 9.73139569778, 1.12774783279, 0.828782463244, 33.1238074109, 0.972531366461, 1.75996900187, 1.00676259556, 2.8858072047, 1.07797210794, 1400.20292253, 36.0639258935, 20326.2406948, 0.0
5.77471424249, 1.23281581845, 1.16128186572, 0.893681796839, 2.25871291433, 0.76219228368, 4.64438272269, 1.01338630695, 0.974349498951, 1.9851147947, 3.10775526776, 1.09882866083, 4.82630295642, 1.15841146656, 1.09000014679, 1.04805751113, 1.01602900805, 0.860015478755, 6.61375764925, 1.17811200596, 0.894284650969, 50.2779284346, 1.01520189604, 5.59294301961, 1.15750815019, 3.3935718463, 1.12040549623, 1679.41806419, 46.4313908074, 4326.28627168, 0.0
3.74891897182, 1.24375351579, 1.16336770442, 0.954175697277, 6.84548694931, 0.920468295587, 5.17498143392, 1.00731277051, 0.997982602459, 2.06460835889, 7.40347584559, 0.915558288547, 1.49870408277, 1.27049721381, 1.09000004055, 1.07029750707, 1.01846682639, 0.915701073083, 3.09994682629, 1.00055097437, 0.770168768193, 223.100401003, 0.998346813867, 1.83400559981, 1.11940172246, 1.7953515263, 1.09400589499, 1418.45219657, 45.8586428745, 2587.35876396, 0.268096514745
3.09007870232, 1.16969253829, 1.08705911518, 0.904265587457, 1.71708941328, 0.774736953448, 4.38213708848, 0.917721004863, 0.947763449967, 1.60032971255, 5.46590973807, 0.862794717939, 2.68450460529, 1.12928319214, 1.09000036455, 1.03491566712, 1.01698406061, 1.00540635221, 3.19945302703, 1.04746217823, 0.921495320275, 315.914014711, 1.17541681953, 1.75042519241, 0.980134483792, 4.52706103482, 1.03151441791, 1994.99719166, 37.2763777013, 1567.35914256, 0.536193029491
4.34027692042, 1.39671971226, 1.15627731314, 0.839547935192, 6.35034794983, 0.87688798501, 3.80012084329, 0.932795671461, 0.953959062546, 4.89239360907, 2.76764180738, 1.01657465041, 2.61369326022, 0.832422243821, 1.09000082546, 1.07281843415, 1.02782897832, 1.11353970625, 3.46188125409, 1.11881245811, 0.769244650602, 341.755709444, 1.15332436366, 4.37607882984, 1.15444722652, 1.4911720752, 1.14262124895, 733.443325099, 36.6605048924, 4544.94322688, 0.536193029491
5.06931940979, 1.28011241628, 1.1457804228, 1.0322289992, 3.30753054288, 0.763708121474, 1.57532419741, 1.03749421543, 0.997352289731, 6.00768580565, 5.62760212957, 0.908989733472, 2.897345654, 1.03057820359, 1.09000045533, 1.07361366975, 1.04703304744, 1.02178052554, 9.93892231657, 1.0443135874, 0.968791187843, 209.348458658, 1.08421981491, 4.01320695521, 1.13970692806, 4.05543649803, 1.21223865937, 1380.70366825, 33.0075377613, 9525.9101255, 0.536193029491
2.4779491741, 1.15696281314, 0.85049963534, 0.816221101635, 1.54615207293, 0.719954709127, 4.35109701816, 0.838949150409, 0.977658224178, 1.50922423518, 2.21385994589, 1.03473911824, 2.01427885067, 1.17985341849, 1.09000031795, 1.03089465724, 1.04112283185, 1.21013912432, 5.76909144119, 1.01935789392, 0.982069311203, 221.967743648, 1.03827883157, 1.70271415053, 1.23142480295, 4.93616044834, 1.20542539091, 1191.95732635, 26.7284891691, 24737.3957897, 0.536193029491
3.23342587479, 1.41868280124, 0.829993871326, 1.07713492656, 1.63931384681, 0.985853035716, 5.19773478559, 1.02649522072, 0.998972829943, 5.89275013202, 6.60597081019, 0.871455559247, 4.83799147956, 1.17061881906, 1.09000041793, 1.01345280585, 1.03455074016, 1.09703231343, 9.26429337645, 1.16368150788, 0.831195845045, 74.055631481, 0.912664129584, 3.20552550639, 1.15641532198, 1.49462485958, 1.13673941199, 419.303113841, 16.2695624123, 1454.74160079, 3.75335120643
2.4779491741, 1.15696281314, 0.85049963534, 0.816221101635, 1.54615207293, 0.719954709127, 4.13340764577, 0.838949150409, 0.977658224178, 1.50922423518, 2.38741946239, 1.03473911824, 2.06815284899, 1.17985341849, 1.0900009516, 1.03089465724, 1.04112283185, 1.21013912432, 5.76909144119, 1.01935789392, 0.982069311203, 78.6476538647, 1.03827883157, 1.49574807146, 1.23142480295, 4.93616044834, 1.20542539091, 316.349289764, 17.1585284549, 2091.70112442, 3.48525469169
2.14883134007, 1.08049406113, 1.02030279493, 1.09834972069, 6.66508328109, 0.950845754372, 3.07747125722, 0.832763312497, 0.951141637347, 3.30703553296, 7.61574429301, 0.844324787104, 2.37947429717, 1.00206943559, 1.0900005328, 1.03675667967, 1.04258273275, 1.05073067764, 8.09433444623, 1.1131109557, 0.816484239615, 374.386550147, 1.0740508134, 2.29131607711, 1.06068821386, 1.74459711287, 1.00854909907, 662.769206421, 18.8801337977, 4273.11547877, 1.60857908847
2.48405276796, 1.35425227391, 1.1482089168, 1.08408814758, 4.64026706399, 0.77295991153, 1.42966293406, 1.09680394548, 0.942099331151, 2.93860605525, 1.79263043079, 0.964294432459, 3.32983550556, 1.20295705224, 1.09000032677, 1.09997463606, 1.03702295315, 1.07775225337, 5.51353749042, 1.11568821711, 0.837008769855, 239.848333575, 1.16398549411, 2.49481391734, 1.01681964312, 1.4917248135, 1.00687482391, 632.985272028, 22.2803562688, 6555.01458974, 0.804289544236
2.43137076871, 1.42860204772, 0.763488865462, 0.805905246163, 5.86356351143, 0.768053107251, 4.92666061248, 0.889150866006, 0.96120901583, 2.06917386569, 3.7635492228, 1.09075658209, 2.12963644291, 0.938479178035, 1.09000096966, 1.0666482438, 1.00391242701, 1.08610498528, 3.15899866704, 1.17128966023, 0.917094115555, 117.757659323, 1.04054792253, 3.90520641793, 1.10077269711, 1.78315303192, 1.16456685549, 352.040495068, 21.4220505039, 6314.15308806, 1.34048257373
5.77015581558, 1.35897731816, 1.08236267781, 1.14917793134, 2.60623410293, 0.968097155343, 1.10649915571, 1.0858847933, 0.965139341148, 4.81534066232, 2.97315958991, 0.999785091726, 3.26039948185, 0.837812766442, 1.09000048926, 1.02738231397, 1.00781333455, 0.970372649311, 9.38907299199, 1.08641814663, 0.957833109394, 11.7517814073, 1.09231426659, 4.62333029345, 1.08872518951, 1.9168040434, 1.23809984612, 413.313178723, 21.8693457419, 5560.12551421, 1.34048257373
1.54605046666, 1.10409099743, 0.895530909594, 0.990628806704, 2.34747582699, 0.885838268336, 2.3279643642, 0.923836813696, 0.926619182734, 5.85614008707, 3.8730692317, 0.858989303536, 1.61915173337, 1.16675467742, 1.0900009166, 1.00379069571, 1.04779732168, 1.05109139334, 3.27314191356, 0.916012386557, 0.96051638023, 224.231442256, 0.948228570995, 1.79180140824, 1.18586856245, 2.75305653829, 1.20170946049, 998.649880489, 20.0990157923, 3070.79992971, 1.60857908847
4.88483893696, 1.4118274881, 0.885782757342, 0.950459784936, 2.4839445315, 0.899389851341, 5.69506180817, 1.0641285548, 0.947038516154, 3.03306890145, 5.88765723652, 1.05437554465, 4.08396726422, 0.815337617757, 1.09000018114, 1.00687981248, 1.02845332706, 0.928225511391, 8.20703228761, 1.11940443296, 0.810467226351, 275.547032464, 1.05185579603, 5.38398564685, 1.23452469836, 1.9792174511, 1.04425824645, 593.251636715, 25.3895772495, 1546.88391592, 0.804289544236
2.4779491741, 1.15696281314, 0.85049963534, 0.816221101635, 1.54615207293, 0.719954709127, 4.13340764577, 0.838949150409, 0.977658224178, 1.50922423518, 2.38741946239, 1.03473911824, 2.06815284899, 1.17985341849, 1.09000062623, 1.03089465724, 1.04112283185, 1.21013912432, 5.76909144119, 1.01935789392, 0.982069311203, 78.6476538647, 1.03827883157, 2.07467060953, 1.23142480295, 4.93616044834, 1.20542539091, 495.064375756, 23.3503526501, 1756.62029313, 0.804289544236
2.088603365, 1.40140984792, 0.79910093303, 0.933646978317, 6.08383035859, 0.942771684381, 1.18915743655, 0.85721727245, 0.931112422097, 5.41865807894, 3.42136016345, 0.848357382697, 2.95018406735, 1.25060179432, 1.09000051475, 1.0761576142, 1.04465309755, 1.18316633812, 3.90366701644, 1.10663476229, 0.942313466882, 382.429295105, 1.05701225744, 4.16983026462, 1.11464269345, 1.66478185319, 1.04588977481, 250.040369565, 28.4352976953, 3480.76607716, 1.34048257373
1.54605046666, 1.10409099743, 0.895530909594, 0.990628806704, 2.34747582699, 0.827210092829, 2.3279643642, 0.836103834793, 0.902103549925, 5.85614008707, 3.8730692317, 0.895958279391, 1.61915173337, 1.16675467742, 1.09000095056, 1.05168576045, 1.04779732168, 1.05109139334, 3.27314191356, 0.916012386557, 0.996989270036, 224.231442256, 0.948228570995, 3.96442378132, 1.18484743418, 2.75305653829, 1.19657602497, 375.525587614, 28.9975615566, 1647.77492648, 1.87667560322
4.31935854044, 1.07808669544, 1.11312422904, 0.958711699366, 3.62649724702, 0.847619679095, 5.48395220137, 0.861317566466, 0.949324628251, 1.6957305187, 3.86837509125, 0.895225662608, 4.14430453736, 0.898259036798, 1.09000049304, 1.06182847287, 1.02782897832, 0.921053976114, 7.14242861467, 1.03153334065, 0.790266784199, 37.3903039029, 1.16654004375, 3.60150303447, 1.03395178415, 4.27059999413, 1.20237873817, 662.946031501, 27.167194317, 1384.22923889, 1.34048257373
3.70913542167, 1.06098737301, 0.96271591443, 1.04410911924, 3.26612993544, 0.933473731549, 5.0883601097, 0.84106748154, 0.930888697766, 2.92413502531, 3.63487334577, 0.922374301938, 4.23108475752, 1.24414404592, 1.0900008652, 1.0356022856, 1.02518466676, 0.850582919075, 7.25077682003, 0.946060207101, 0.796252483955, 282.393055551, 1.07229275629, 2.09869996358, 1.14586904282, 2.59764647069, 1.23420718168, 157.674927051, 24.2816041161, 1286.50447976, 3.48525469169
3.32121863845, 1.22219644551, 0.935891521529, 1.155970798, 6.0362210876, 0.750217626719, 5.86679150583, 0.850501194176, 0.919077421185, 4.2670359852, 7.32397327014, 0.85960971948, 1.53574579332, 1.0275208705, 1.09000055376, 1.09964917459, 1.02478624002, 0.885923702844, 5.15070096055, 1.00251495822, 0.991413752241, 28.8586036093, 1.18060722034, 4.93108756427, 0.989169164258, 3.74610838905, 0.994489108279, 493.154763341, 32.1398439611, 758.676605989, 0.804289544236
3.33591064381, 1.23180620461, 0.977437054715, 1.06030629788, 1.93121329571, 0.864854332537, 5.44946013375, 1.03101576436, 0.965749437234, 5.79640968491, 2.38002865751, 0.988963814612, 1.36308439056, 0.862888380203, 1.09000003847, 1.06281441485, 1.02576826034, 1.06859351689, 7.53751067773, 0.989205981382, 0.804407973094, 64.3641015694, 1.0275053216, 5.71411996616, 1.19137299599, 3.81672803613, 1.27262905656, 1230.85901851, 31.4355781542, 1323.5620537, 1.60857908847
5.85936741183, 1.42541538983, 0.983618117234, 0.990988076851, 1.88686110078, 0.828198519068, 2.71539991641, 0.924168794506, 0.921353296974, 1.65134935281, 4.66308416006, 0.946099746585, 2.8405535188, 1.03500183529, 1.09000029539, 1.05656406623, 1.03637730711, 1.13171049047, 9.73139569778, 1.12774783279, 0.892153094257, 33.1238074109, 0.972531366461, 1.75996900187, 1.00676259556, 2.8858072047, 1.07797210794, 399.283188374, 30.9167800589, 2942.9883556, 1.34048257373
3.24105402922, 1.02204218934, 0.804338571032, 0.944126323948, 4.95467451895, 0.776992307419, 1.77884398181, 0.900897866821, 0.908820405485, 5.22456948059, 7.1490934848, 0.966621638066, 3.57247783106, 1.13311177797, 1.09000025701, 1.10634006197, 1.03837963273, 0.944212563529, 8.05683854376, 1.1366121529, 0.912360988376, 305.82363074, 1.19537031902, 1.583369352, 1.20012165046, 2.63531962438, 1.22588560023, 285.384679726, 28.6191078668, 3441.33670987, 1.60857908847
2.56451598535, 1.370265617, 0.731941234772, 1.1816699862, 5.52143427104, 0.895780927793, 2.01183543249, 0.87913178387, 0.944482490153, 2.78241344602, 3.06645451608, 0.966250796877, 1.24392569916, 0.981657935215, 1.09000042585, 1.0798011609, 1.01404831568, 1.08159377055, 5.95899618591, 1.12348432986, 0.943158306587, 369.021220871, 0.919975162811, 5.25830721601, 1.2221440392, 5.00039960948, 0.88876640706, 312.572472812, 18.0193154224, 2981.13672452, 4.82573726542
2.84671408419, 1.21853128025, 1.0236337581, 0.964874941527, 4.77888632028, 0.9971675729, 1.24836783538, 1.09062694307, 0.982342934943, 2.42097781329, 4.35945066236, 1.0465326009, 4.14631354742, 1.25458084844, 1.09000028437, 1.09183231509, 1.04422023136, 1.0936817117, 8.49070482696, 1.11005144828, 0.800230832338, 107.007328228, 1.15934064323, 2.09750229693, 1.0560728687, 3.59798746024, 1.26313241247, 435.387913388, 23.1869675089, 1157.70524391, 2.14477211796
3.38533162444, 1.00253798339, 0.738410100221, 0.991891780711, 4.55346185899, 0.858637779542, 5.90229964252, 1.05292563845, 0.989562500772, 6.01406706075, 2.05095831175, 0.947528389704, 1.76670589511, 1.03598132968, 1.09000074226, 1.08154150944, 1.01962758591, 0.988901150013, 9.87799633155, 1.09210014167, 0.783653255228, 53.0393186993, 1.07637808279, 2.78212677311, 1.15075331295, 4.57596557616, 1.25843321417, 362.86546212, 18.5778665158, 2630.92465291, 2.14477211796
5.31901715771, 1.40291187412, 0.916544284711, 1.03896321898, 3.47355214271, 0.812605551788, 5.79803783438, 0.939527170869, 0.984580480222, 6.08137729003, 6.27251205877, 0.818771329879, 2.62747730843, 0.815337617757, 1.09000058111, 1.07748106395, 1.04409924871, 0.974286347012, 6.66177368127, 0.987792517575, 0.895509284999, 355.505346851, 0.940663286625, 2.96523374109, 1.0712639498, 4.51171499564, 0.939685152327, 261.533005315, 20.6178577018, 1198.67805842, 2.14477211796
4.88483893696, 1.4118274881, 0.885782757342, 0.950459784936, 2.4839445315, 0.899389851341, 5.69506180817, 1.0641285548, 0.947038516154, 1.90403342891, 5.88765723652, 1.05437554465, 4.08396726422, 0.815337617757, 1.09000018114, 1.00687981248, 1.02845332706, 0.928225511391, 8.20703228761, 1.11940443296, 0.810467226351, 275.547032464, 1.05185579603, 5.38398564685, 1.23452469836, 1.9792174511, 1.04425824645, 273.811260358, 29.049534192, 1060.58714239, 2.68096514745
3.75317468955, 1.02548765718, 0.99887862589, 0.876366974617, 3.32752000362, 0.92670600144, 4.49376485533, 0.937048400774, 0.927693334869, 5.53690144135, 3.76934899346, 0.978968704407, 4.06594932172, 1.2295617224, 1.09000049589, 1.02563349149, 1.02974335695, 0.909518577023, 9.58980138704, 1.11489290464, 0.832397867788, 266.147928281, 1.09276714806, 5.99839716548, 1.09015916037, 2.98261260547, 1.04374129233, 632.172876246, 22.0187828692, 993.845462747, 5.63002680965
1.9742059707, 1.41868280124, 0.829993871326, 1.07713492656, 1.63931384681, 0.914349795742, 5.19773478559, 1.02649522072, 0.998972829943, 5.89275013202, 6.60597081019, 0.871455559247, 4.83799147956, 1.17061881906, 1.09000041793, 1.01345280585, 1.03455074016, 1.09703231343, 9.26429337645, 1.16368150788, 0.831195845045, 74.055631481, 0.912664129584, 3.20552550639, 1.15641532198, 1.60933326873, 1.13673941199, 1041.59071819, 30.7509357067, 946.519865351, 3.21715817694
1.9742059707, 1.41868280124, 0.829993871326, 1.07713492656, 1.63931384681, 0.914349795742, 5.19773478559, 1.02649522072, 0.998972829943, 5.07447753171, 5.55498434617, 1.05696743542, 2.14677015197, 1.17061881906, 1.09000041793, 1.01345280585, 1.03455074016, 1.04764258557, 9.26429337645, 1.16368150788, 0.831195845045, 74.055631481, 0.912664129584, 3.20552550639, 1.15641532198, 1.60933326873, 1.20596825752, 399.059548063, 16.3250485719, 4033.6776793, 5.8981233244
2.44569458725, 1.0579902875, 0.878508211277, 1.1673856063, 1.87222206818, 0.775730704388, 1.26937862719, 1.03137011428, 0.934513701698, 6.17052732882, 5.55498434617, 1.05696743542, 2.05980081955, 0.98257402534, 1.09000051743, 1.04845296256, 1.00595426162, 1.04764258557, 4.53553782702, 1.16002454634, 0.945341482953, 385.545187947, 0.918267514652, 3.10561453829, 1.1600996262, 3.14149641523, 1.13602396213, 2541.7018533, 37.6939557903, 14029.8665165, 0.0
2.44569458725, 1.0579902875, 0.878508211277, 1.08163400744, 1.87222206818, 0.775730704388, 5.20182200866, 1.03137011428, 0.934513701698, 6.1173483072, 5.55498434617, 1.05696743542, 2.05980081955, 0.98257402534, 1.09000051743, 1.04845296256, 1.00595426162, 1.04764258557, 4.53553782702, 1.16002454634, 0.873072043686, 385.545187947, 0.918267514652, 3.10561453829, 1.1600996262, 3.14149641523, 1.14031111789, 1250.3299572, 43.4200965726, 57888.8342626, 0.0
3.10242523797, 1.17238957723, 1.10299394198, 1.0755206856, 2.69203672694, 0.734248018317, 1.24951480528, 1.08803636218, 0.94071168105, 4.80565137734, 1.83270987188, 0.959776318656, 4.65013042162, 0.914758470166, 1.09000064548, 1.04621134723, 1.02265247689, 1.22945775884, 5.68060219537, 0.974940983182, 0.872517385042, 254.754434793, 1.16390768054, 4.54180629394, 1.06714930093, 2.85093864508, 1.00414079928, 929.643201509, 43.4929102097, 21674.9976773, 0.268096514745
2.43137076871, 1.42860204772, 0.763488865462, 0.805905246163, 4.52653722075, 0.828198519068, 4.92666061248, 0.839651538608, 0.96120901583, 2.06917386569, 3.7635492228, 1.09075658209, 2.12963644291, 0.938479178035, 1.09000029539, 1.0666482438, 1.00391242701, 1.08610498528, 3.15899866704, 1.17128966023, 0.917094115555, 117.757659323, 1.04054792253, 3.90520641793, 1.10077269711, 1.47723605128, 1.16456685549, 1507.5771001, 45.7366928833, 7734.43626584, 0.0
2.8684103495, 1.16677106772, 1.03381594489, 1.17591878443, 6.67064419306, 0.713392103043, 3.92178761617, 1.0009128477, 0.950471485533, 5.32615736749, 7.31887309717, 0.868922820936, 3.51730715141, 1.26276348172, 1.09000039267, 1.07493968539, 1.00351829664, 0.828211074691, 7.33787271396, 1.14991608119, 0.996104804094, 244.175933733, 0.974604944929, 1.90861906291, 1.2226866623, 2.79807984436, 0.884488220103, 1522.51638159, 44.3787114573, 6683.96505491, 0.0
3.38456323933, 1.35165336958, 0.76432799893, 0.844181450532, 4.67662154018, 0.843206796804, 4.82775398753, 0.900728238173, 0.914834841823, 4.75567174473, 2.37572505542, 0.820725806692, 1.89294463464, 1.04578327677, 1.09000016399, 1.02223359593, 1.03013332553, 0.999002326105, 5.27140446576, 1.07781619477, 0.794042096156, 245.543705318, 0.917367249953, 3.1086207356, 0.966761617053, 3.01130768581, 1.15253063571, 1475.32765683, 45.6779695522, 6007.1550042, 0.268096514745
1.98055679452, 1.06905171974, 1.10094746936, 1.21136447789, 3.85415807661, 0.804645575976, 4.71327632744, 0.840537530602, 0.995284732913, 1.70952600941, 3.86194047391, 1.07462304011, 3.25535774373, 0.85144926283, 1.09000049392, 1.07175397997, 1.03232553873, 0.817315752051, 7.1251407546, 1.04633262847, 0.985167205937, 139.805968125, 1.06954402359, 4.44941229823, 1.22255191044, 3.30566241633, 1.08211785722, 1189.66386405, 43.8075117836, 11425.3568435, 0.0
2.56386605958, 1.00416168978, 1.12113600051, 1.08677938257, 1.96777318538, 0.752615160412, 1.79749718603, 1.0882016883, 0.944386403449, 1.31688788277, 6.55607711753, 0.906402721943, 1.40003424978, 0.891041309497, 1.09000096188, 1.05406669662, 1.03541891228, 1.17732528043, 6.61399124933, 1.11112081055, 0.948590908016, 111.411014373, 1.16437152554, 2.91568421917, 1.12180946992, 3.94185167023, 0.914083023388, 2701.87574607, 39.9303585378, 3894.15574557, 0.536193029491
3.42338116871, 1.02548765718, 0.99887862589, 0.876366974617, 3.32752000362, 0.92670600144, 4.49376485533, 0.937048400774, 0.927693334869, 5.53690144135, 3.76934899346, 0.978968704407, 4.06594932172, 1.2295617224, 1.09000049589, 1.02563349149, 1.02974335695, 0.909518577023, 9.58980138704, 1.14174190538, 0.832397867788, 250.550249995, 1.09276714806, 5.99839716548, 1.09015916037, 2.98261260547, 1.04374129233, 1001.39053077, 41.7321360421, 6411.54514669, 0.536193029491
1.54605046666, 1.10409099743, 0.895530909594, 0.990628806704, 2.34747582699, 0.827210092829, 2.3279643642, 0.836103834793, 0.902103549925, 5.85614008707, 3.8730692317, 0.891161374563, 1.61915173337, 1.03500183529, 1.09000095056, 1.05168576045, 1.04779732168, 1.05109139334, 3.27314191356, 0.916012386557, 0.996989270036, 33.1238074109, 0.948228570995, 3.96442378132, 1.18484743418, 2.75305653829, 1.19657602497, 844.869388625, 39.9746599219, 7835.68156594, 0.536193029491
3.23342587479, 1.41868280124, 0.829993871326, 1.12376096816, 1.63931384681, 0.985853035716, 5.19773478559, 1.01422685513, 0.998972829943, 5.89275013202, 6.60597081019, 0.871455559247, 4.83799147956, 1.17061881906, 1.09000041793, 1.01345280585, 1.03455074016, 1.09703231343, 9.26429337645, 1.02019530633, 0.831195845045, 74.055631481, 0.912664129584, 2.26321198332, 1.15641532198, 1.06483663253, 1.13673941199, 1753.46220026, 34.6180985679, 14735.0963986, 0.536193029491
2.07882363215, 1.08691002945, 0.999838666919, 1.15511768578, 5.0710930988, 0.727511425878, 2.56517302348, 1.05213405923, 0.901559211146, 4.29973909517, 1.9371359567, 0.960688922775, 1.01636190869, 0.853023393596, 1.090000187, 1.06531786033, 1.01505725871, 1.07236532769, 9.20540915614, 1.04444920567, 0.966522392704, 194.13178086, 1.12395222345, 2.7028435316, 1.16677095725, 2.0534845208, 1.00509500223, 478.253843801, 18.8107565293, 2120.77213089, 4.28954423592
