3.0, -0.173896247664, 0.0, 0.0, 1.0, 2.0, -1.0, 1.0, 0.0, 0.210126509828, 2.0, 1.0, 2.0, -1.0, -1.0, 2.0, 2.0, 1.0, -0.880513734203, 1.0, -1.0, -1.0, 2.64211046784, 3.0, 2.0, 0.0, 0.0, 1.0, 0.815943250962, 0.0, 2.0, 0.0, 0.0, 2.96830773404, 0.0, 1.0, 3.0, -1.0, 0.493889878769, 2.0, -1.0, -1.0, 2.0, 2.0, -1.0, 1.0, 3.0, 2.0, -1.0, -1.0, 97311.0, 563.0, 99505.0
2.0, 2.0, 3.0, 2.0, 2.0, 0.0, 1.0, -1.0, 1.0, 3.0, 0.0, -1.0, -1.0, 2.0, 1.0, 0.0, 1.0, 2.0, -1.0, 2.0, 1.0, 2.0, 3.0, -1.0, 0.0, 2.0, 1.0, 0.0, 1.0, -1.0, 2.0, 0.0, -1.0, 1.0, 0.0, 1.0, -1.0, 3.0, 1.0, 3.0, 2.0, 1.0, 2.0, -1.0, 0.0, 0.0, 2.0, 1.0, 1.0, -1.0, 97230.0, 593.0, 99464.0
2.0, -1.0, -1.0, 2.0, 2.0, 0.0, 3.0, 1.0, 1.0, 1.0, 3.0, 2.0, 1.0, 3.0, 0.0, 3.0, 1.0, 1.0, -1.0, 0.0, 0.0, 2.0, 0.0, -1.0, 1.0, 2.0, 1.0, -1.0, 0.0, -1.0, 2.0, 2.0, 0.0, 3.0, -1.0, 2.0, -1.0, 0.0, 0.0, 3.0, 1.0, 1.0, 0.0, 0.0, 1.0, -1.0, -1.0, 2.0, 3.0, -1.0, 97322.0, 575.0, 99473.0
3.0, 3.0, -1.0, 2.0, 1.0, -1.0, 0.0, 1.46900968594, 0.0, 0.0, 0.0, -0.565658483905, 2.0, -1.0, -1.0, 0.0, 0.0, -0.71742777918, -1.0, 2.0, 1.0, 0.0, 2.0, -1.0, 1.0, 0.0, 0.0, 0.0, 3.0, 2.0, 0.0, 1.0, 0.0, -1.0, 2.01725824773, 0.0, -1.0, 1.0, 2.92404087702, 2.0, 2.0, 2.0, 1.0, 0.615579716837, 1.0, 0.0, 1.0, 3.0, 2.1517491279, 2.0, 97112.0, 596.0, 99471.0
1.0, 3.0, 1.0, -1.0, 3.0, 1.29449366179, 1.0, -1.0, 2.0, 1.0, 0.0, 2.0, 3.0, -0.143968303541, 1.0, -0.0912126912293, 2.0, 1.0, 0.0, 2.0, 2.0, -1.0, 2.0, 0.0, -1.0, 0.0, -0.734065874125, 0.0, 1.0, 0.0, 2.0, 0.0, 0.0, 1.0, -1.0, 3.0, 2.0, -0.252789644211, -1.0, 0.0, 3.0, 1.0, 1.0, 1.0, -1.0, 0.0, 2.0, -1.0, 0.0, -1.0, 97111.0, 602.0, 99476.0
0.0, 3.0, 2.0, 0.0, 3.0, 1.0, 2.0, 0.0, 1.0, 0.0, 0.0, 0.0, -1.0, 2.0, 0.0, 1.0, 0.0, 0.0, -1.0, 3.0, -0.829726306423, 2.0, 1.0, 1.0, 2.0, 2.0, -1.0, 2.3719878895, 1.0, 2.0, 2.17039510549, 1.0, 2.0, 3.0, 1.0, 2.0, 0.0, 3.0, 2.0, 0.0, 1.0, -1.0, 1.0, 3.0, 2.0, 1.0, -1.0, 2.0, 3.0, 0.0, 97058.0, 650.0, 99416.0
-0.330313658074, 3.0, 2.0, 0.0, 3.0, 1.0, 2.0, 0.0, 1.0, 0.0, 0.0, 0.0, -1.0, 2.0, 0.0, 1.0, 0.0, 0.0, -1.0, 3.0, -0.829726306423, 2.0, 1.0, 1.0, 2.0, 1.8523623804, -1.0, 2.3719878895, 1.0, 2.0, 2.17039510549, 1.0, 2.0, 3.0, 1.0, 2.0, 0.0, 3.0, 2.0, 0.0, 1.0, -1.0, 1.0, 3.0, 2.0, 1.0, -1.0, 2.0, 3.0, 0.0, 97058.0, 650.0, 99416.0
-0.842647305241, 1.31126135121, -0.958420616592, -1.0, -0.790321860191, 2.0, 0.0, -1.0, 1.0, 1.0, 2.0, 1.0, 0.0, 2.0, 2.0, 2.0, 2.0, 1.0, -1.0, -1.0, 0.0, 3.0, 1.0, 2.0, 2.0, 0.0, -1.0, 1.0, 1.0, 2.0, 1.0, 1.0, 0.0, 3.0, 3.0, 0.0, 3.0, 1.0, 2.0, -1.0, -1.0, 0.465336439798, 0.0, 2.0, 0.0, 1.0, 2.0, -1.0, 2.50499633556, -1.0, 97419.0, 563.0, 99487.0
3.0, -1.0, 1.0, -1.0, 1.0, 1.0, 1.0, 0.0, -1.0, 0.0, 0.0, 1.0, -1.0, -1.0, 0.0, 2.0, 3.0, 0.0, 1.0, -1.0, 0.0, 2.0, 2.0, 0.0, 1.0, 0.0, -1.0, 1.0, -1.0, 3.0, 2.0, 2.0, 1.0, 1.0, 0.0, 1.0, 0.0, -1.0, 0.0, 1.0, 2.0, 2.0, 3.0, 1.0, -1.0, 2.0, 0.0, 0.0, -1.0, -1.0, 97328.0, 564.0, 99498.0
2.0, 2.0, -1.0, 1.0, 2.0, 0.0, 1.0, -1.0, 1.0, 2.0, -1.0, 2.0, 0.0, -1.0, 2.0, 3.0, 0.0, 0.0, 0.0, 0.0, 2.0, 3.0, 0.0, 0.0, 2.0, 0.0, 3.0, 1.0, 1.0, -1.0, 2.0, 1.0, 1.0, 1.0, -1.0, -1.0, 0.0, 1.0, 0.0, 0.481328935076, 2.0, 2.0, -1.0, 1.0, 1.0, 0.0610931545205, 1.0, 2.0, 1.45854471585, 1.0, 96942.0, 635.0, 99440.0
2.0, 0.352915363315, 0.0, 3.0, 3.0, 2.0, -0.036989892623, 2.0, 0.0, 2.0, -0.424246739363, 2.0, -1.0, 0.0, 1.0, 1.53705853892, 1.0, 2.0, 3.0, -1.0, 3.0, 1.0, 2.31284115845, 2.0, 1.3102193205, 0.41738493025, 1.1704386256, 0.0, 0.880966449396, 1.76874264587, 1.0, 0.0, 1.0, 0.0, -1.0, 0.0, 2.0, 3.0, 0.0, 2.0, -1.0, -1.0, 0.0, 2.0, 2.0, 3.0, 2.0, 1.0, 2.0233424458, -1.0, 97028.0, 659.0, 99414.0
2.0, 1.0, 2.22871682113, -1.0, 2.0, 0.89421714555, 1.0, 1.0, 1.0, 0.0, 2.0, 3.0, 1.45530912471, -1.0, 0.0, -1.0, 0.0, -1.0, 1.11120982686, 0.0, 2.0, 1.0, -1.0, 3.0, 2.0, -1.0, 1.0, 2.0, -1.0, 1.0, 3.0, 1.0, 2.0, 2.0, 0.0, -1.0, 0.0, 0.0, 1.0, 2.0, -1.0, 0.0, 2.0, -0.735950951107, 2.0, 0.11869935889, -1.0, 1.0, 3.0, -1.0, 97387.0, 556.0, 99501.0
0.0, 2.0, 1.0, -1.0, 1.0, 3.0, 1.0, 2.0, 0.299843752898, -1.0, 0.242494244352, -1.0, 0.0, -1.0, 3.0, 1.0, 0.0, 0.0, 1.0, 1.0, 0.0, 2.0, -1.0, 0.0, 3.0, -1.0, 2.90045960697, -1.0, -1.0, -1.0, 2.0, 0.0, 1.0, 0.0, -0.549290709201, -1.0, 2.0, -1.0, 2.53204498568, 2.0, 3.0, 1.0, 3.0, 1.0, -1.0, 1.0, -1.0, 0.0, 0.0, 0.0, 97438.0, 544.0, 99529.0
1.0, 1.1698807342, -0.519672737701, 1.0, 2.0, 1.0, 1.0, 3.0, 2.0, 3.0, -1.0, 3.0, 0.0, 1.83480508972, 0.0, 0.0, 1.99322044139, 0.627588459526, -0.937667271569, 1.0, 2.0, 3.0, 1.0, 1.0, 2.69154723106, 2.18702146211, 1.0, 0.0, 0.0, 0.561730055711, 0.0, 2.0, -0.691235891483, 1.0, 0.0, -0.0476952574466, -1.0, 0.0, 2.0, 0.0, 1.23703015317, 2.22741971853, 0.0, 0.0, 2.0, 2.0, -0.942478861904, 3.0, 2.0, -1.0, 96950.0, 645.0, 99422.0
1.0, 3.0, 0.0, 1.0, -1.0, 1.0, 1.0, 3.0, 2.0, 3.0, 1.0, 3.0, 0.0, -1.0, 0.0, 0.0, 2.0, 2.0, 0.0, 1.0, 2.0, 3.0, 1.0, 1.0, 3.0, 2.0, 1.0, 0.0, 0.0, 1.0, 0.0, 2.0, 1.0, 1.0, 0.0, 0.0, -1.0, 0.0, 2.0, 0.0, 0.0, 2.0, 0.0, 0.0, 2.0, 2.0, -1.0, 3.0, 2.0, -1.0, 96736.0, 675.0, 99395.0
2.0, 3.0, 0.0, 1.0, 2.0, 0.0, -1.0, -0.648407032162, 2.0, -1.0, 1.0, 1.56269626191, -1.0, 0.0, 0.0, 2.0, 1.0, -1.0, -1.0, 3.0, 1.0, 1.0, 2.0, 0.0, -1.0, -1.0, 0.0, 1.0, -1.0, 1.0, 1.0, -0.0515920840789, 1.91371092341, 2.0, 1.0, -1.0, -1.0, 0.0, -1.0, 0.0, 3.0, 0.0551689435417, 3.0, -1.0, -1.0, 2.0, 0.0, 3.0, 1.0, -1.0, 97552.0, 540.0, 99535.0
2.0, 0.0, 0.0, 1.0, 1.0, 0.747810102259, 0.0, 0.0, 2.0, -1.0, 2.95236202024, -0.624859054378, 3.0, -1.0, -1.0, 1.0, 2.0, 1.0, 1.0, -1.0, 0.0, 3.0, -1.0, 1.0, 2.0, 2.0, 0.0, 1.0, 0.0, 1.0, 0.0, 3.0, 0.0, -1.0, 0.0, 0.672621971599, -1.0, 0.0, 0.0, 2.0, 2.0, 2.0, 2.0, 2.0, 1.0, 2.0, 0.0, 1.0, 2.0, 0.0, 96972.0, 630.0, 99435.0
3.0, -1.0, 1.0, -0.896039355735, 1.0, 1.0, 1.0, 0.0, -1.0, 1.94129579604, 0.0, 1.0, -1.0, -1.0, 0.0, -0.988587074488, 3.0, 0.0702007057865, 1.0, -1.0, 0.0, 2.0, 2.0, 0.0, 1.0, 0.0, -1.0, 1.0, -1.0, 3.0, 2.0, 2.0, 1.0, 1.0, 0.0, 1.0, 0.0, -1.0, 0.0, 1.0, 2.0, 2.0, 3.0, 1.0, -1.0, 2.0, 0.0, 0.0, -1.0, -1.0, 97403.0, 548.0, 99510.0
2.0, -1.0, -1.0, 2.0, 2.0, 0.0, 3.0, 1.0, 1.0, 1.0, 3.0, 2.0, 1.0, 3.0, 0.0, 3.0, 1.0, 1.0, -1.0, 0.0, 0.0, 2.0, 0.0, -1.0, 1.0, 2.0, 1.0, -1.0, 0.0, -1.0, -0.474987948271, 2.0, 0.0, 3.0, 0.664902767532, 2.0, -1.0, 0.0, -0.79881017793, 3.0, 1.0, 1.0, 0.0, 0.0, 1.0, -1.0, -1.0, 2.0, 3.0, -1.0, 97252.0, 582.0, 99473.0
3.0, 3.0, 1.0, 3.0, 3.0, -1.0, 2.0, -1.0, 0.0, 1.0, 2.0, 1.0, 0.0, 0.0, 1.0, 1.0, -1.0, 3.0, -1.0, -1.0, -1.0, -1.0, 1.0, -1.0, -1.0, -1.0, 2.0, 0.0, 1.0, 0.0, 1.0, 1.0, 0.0, -1.0, 2.0, 2.0, 1.0, 2.0, -1.0, 1.0, 1.0, 2.0, 2.0, 0.0, -1.0, -1.0, 3.0, -1.0, 1.0, 3.0, 97680.0, 531.0, 99547.0
3.0, 1.0, 1.98730456147, 1.0, 2.01310240529, 0.0, 1.0, -1.0, 2.0, -0.220113502522, 0.0, 1.0, -1.0, 0.0, 3.0, 0.0, -1.0, -1.0, 2.0, 1.0, 0.0, -1.0, 2.0, 0.0, 3.0, 0.0, 1.38121011006, 2.0, 3.0, -1.0, -1.0, 0.0, 1.0, 1.0, 1.0, 2.0, -1.0, 1.0, -1.0, 1.0, -0.741964146071, 2.0, -1.0, 0.0, 2.0, 2.0, -1.0, 0.0, 1.0, -1.0, 97353.0, 563.0, 99497.0
0.0, 3.0, 0.0, 2.0, 0.0, 2.0, 1.0, -1.0, 0.0, 2.0, 1.0, 0.0, 1.0, 0.0, 1.0, -0.112027420044, 2.0, 3.0, -1.0, 2.0, 1.0, 1.0, 1.0, 3.0, 1.0, 3.0, -1.0, -1.0, -1.0, -1.0, 1.0683312495, 1.0, 0.0, 2.0, 0.0, 0.0, 0.781397852458, 0.0, 3.0, 3.0, 3.0, 1.0, 2.0, 1.0, 1.0, 1.17606273692, 1.0, 2.0, 0.0, -1.0, 97028.0, 638.0, 99425.0
2.0, 2.0, 1.0, 1.0, 3.0, 2.0, 2.0, 3.0, 2.0, 0.0, 0.0, 1.0, 2.0, 3.0, 0.0, 2.0, 1.0, 1.0, 2.0, 3.0, 1.0, 3.0, 1.0, 2.0, 2.0, 0.0, 1.0, 0.0, 0.0, -1.0, 0.0, 0.0, 0.0, 2.0, -1.0, 0.0, 1.0, 0.0, 1.0, 2.0, 1.0, 0.0, 2.0, 1.0, 1.0, 3.0, -1.0, 0.0, 0.0, -1.0, 96790.0, 683.0, 99385.0
2.0, 1.0, 1.0, 0.978675243823, 2.0, 2.0, 1.0, 0.960632358699, 1.0, 0.0, 0.0, 3.0, 1.0, -1.0, 0.0, -1.0, 0.0, -1.0, 2.0, 0.0, 2.0, 1.0, -1.0, 3.0, 2.0, 0.0, 1.0, 2.0, -1.0, 1.0, 3.0, 1.0, 2.0, 1.43054798516, 0.549228620469, -1.0, 0.0, 0.0, 1.0, 2.0, -1.0, 0.0, 2.0, -1.0, 0.842730554991, 0.0, -1.0, 1.0, 3.0, -1.0, 97205.0, 587.0, 99467.0
1.0, -1.0, 3.0, 3.0, 0.0, 3.0, 1.0, -1.0, -1.0, 2.0, 2.0, 0.0, 0.0, 1.0, 0.0, 2.0, 0.0, 1.0, 0.0, 1.0, -1.0, 1.0, 2.0, 2.0, 0.0, 1.0, -1.0, 0.0, 0.0, 1.0, 1.0, -1.0, 3.0, 3.0, 2.0, 2.0, 1.0, 3.0, 0.0, 0.0, 0.0, 0.0, 1.0, 0.0, 2.0, 2.0, -1.0, 2.0, -1.0, 1.0, 97057.0, 619.0, 99437.0
1.0, 2.0, 3.0, 0.0, 1.0, -1.0, 2.0, 1.0, 0.0, 2.0, 0.021993704749, 2.0, 0.0, -1.0, 0.0, 1.0, 0.0, 0.0, 3.0, 2.0, 0.515758149229, 2.0, 2.0, -1.0, 3.0, 2.0, 1.0, 0.0, 1.0, -1.0, 3.0, 1.0, 0.0, 1.25644677611, 0.0, -1.0, 1.0, -1.0, 2.0, -1.0, 2.0, 1.0, 0.0, 0.0, -1.0, 2.0, -1.0, 0.0, 0.0, 3.0, 97022.0, 613.0, 99454.0
1.0, 2.0, 1.0, -1.0, 2.0, 2.0, 0.0, -1.0, 1.0, 1.0, 2.0, 1.0, 0.0, 2.0, 0.0, 2.0, 2.0, 1.0, -1.0, -1.0, 0.0, 3.0, 1.0, 2.0, 2.0, 0.0, -1.0, 1.0, 1.0, 2.0, 1.0, 1.0, 0.0, 3.0, 3.0, 0.0, 3.0, 1.0, 2.0, -1.0, -1.0, 1.0, 0.0, 2.0, 0.0, 1.0, 2.0, -1.0, 0.0, -1.0, 97102.0, 604.0, 99445.0
2.0, 1.0, 1.0, -1.0, 2.0, 2.0, 1.0, 1.0, 1.0, 0.0, 2.0, 3.0, 1.0, -1.0, 0.0, -1.0, 0.0, -1.0, 2.0, 0.0, 2.0, 1.0, -1.0, 3.0, 2.0, 0.0, 1.0, 2.0, -1.0, 1.0, 3.0, 1.0, 2.0, 2.0, 0.0, -1.0, 0.0, 0.0, 1.0, 2.0, -1.0, 0.0, 2.0, -1.0, 2.0, 0.0, -1.0, 1.0, 3.0, -1.0, 97286.0, 568.0, 99484.0
-1.0, 2.0, 0.0, -1.0, 2.0, 0.0, 2.47264207575, 0.0, 1.0, 1.0, 0.0, 3.0, 0.0, -1.0, 1.0, 2.0, 0.0, 1.0, 1.0, -1.0, 1.0, 0.0, 2.0, -1.0, 0.0, 2.0, 1.0, -1.0, 3.0, 2.0, -1.0, 2.0, 0.0, 2.0, 1.0, -0.802754349168, 2.0, 0.359043872745, 1.0, 3.0, 2.0, -1.0, -1.0, -1.0, 0.0, 1.0, 3.0, 1.0, 2.14459578731, 1.0, 97285.0, 577.0, 99489.0
-0.842647305241, 1.31126135121, -0.958420616592, -1.0, -0.790321860191, 2.0, 0.0, -1.0, 1.0, 1.0, 2.0, 1.0, 0.0, 2.0, 2.0, 2.0, 2.0, 1.0, -1.0, -1.0, 0.591131301345, 3.0, 1.0, 2.0, 2.0, 0.0, -1.0, 1.0, 2.16151068487, 2.0, 1.0, 1.0, 0.0, 3.0, 3.0, 0.0, 3.0, -0.808163698761, 2.0, -1.0, -1.0, -0.171522605276, 0.0, 2.0, -0.335736246642, 1.0, 2.0, -1.0, 2.50499633556, -1.0, 97534.0, 549.0, 99502.0
1.0, 2.22071387022, 3.0, 0.0, 1.0, -1.0, 2.0, 1.0, 0.0, 2.0, 2.0, 2.0, 0.0, -1.0, 0.0, 1.0, 0.0, 0.0, 3.0, 2.0, 1.09212788506, 2.64755358472, 2.0, -1.0, 3.0, 0.493184513699, 1.0, 0.03746653267, 1.0, -1.0, 3.0, 1.0, 0.0, 0.0919859612405, 0.0, -1.0, 1.0, -1.0, 2.0, -1.0, 2.0, 1.0, 0.0, -0.814989725869, -1.0, 2.0, -1.0, 0.921010607355, 0.0, 3.0, 97117.0, 594.0, 99469.0
1.31411120792, -1.0, 0.303578886108, 3.0, 0.0, 2.87927689777, 1.0, -1.0, -1.0, 2.0, 2.0, 0.0, 0.0, 1.0, 0.0, 2.0, 0.0, 1.0, 0.0, 1.0, -1.0, 1.0, 2.0, 2.0, 0.0, 1.0, 0.837474596074, 0.0, 0.0, 1.0, 2.7505294614, -0.14922973961, 3.0, 0.849135754699, 2.0, 2.0, 1.0, 3.0, 0.0, -0.926202968223, 0.0, 0.0, 1.0, 0.0, 2.7978799097, 2.0, 0.915157403747, 2.0, -1.0, 1.0, 96890.0, 660.0, 99414.0
2.0, 2.0, 1.0, 1.0, 3.0, 2.0, 2.53402612476, 1.57971741319, 2.0, 0.0, 0.0, 0.253460812064, 2.0, 3.0, 0.0, 2.0, 1.0, 1.0, 2.0, 3.0, 1.0, 3.0, -0.0254567238219, 2.0, 2.0, 0.0, 1.0, 0.0, -1.0, -1.0, 0.0, 0.0, 0.0, 2.0, -1.0, -0.700937726578, 1.0, 0.0, 1.0, 2.0, 1.9436699475, 0.0, 2.0, 1.0, 1.0, 3.0, -1.0, 1.23949309541, 0.0, -1.0, 97050.0, 657.0, 99412.0
2.0, 2.0, 3.0, 2.0, 2.0, 0.0, 1.0, -1.0, 1.0, 3.0, 0.0, -1.0, -1.0, 2.64929942578, 1.0, 0.0, 0.685888481011, 2.0, -1.0, 2.0, 1.0, 2.0, 3.0, -1.0, 0.0, 2.38242806057, 1.0, 0.0, 1.0, -1.0, 2.0, 0.0, -0.477092804895, 1.0, 0.0, 1.99308841799, -1.0, 0.0, 1.0, 3.0, 2.0, 1.0, 2.0, -1.0, 0.0, 0.0, 2.18467582532, 1.0, 1.0, -1.0, 97055.0, 609.0, 99446.0
2.0, 0.0, 0.0, 1.0, 1.0, 1.0, 0.0, 0.0, 2.0, -1.0, 2.0, 1.0, 3.0, -1.0, -1.0, 1.0, 2.0, 1.0, 1.0, -1.0, 0.0, 3.0, -1.0, 1.0, 2.0, 2.0, 0.0, 1.0, 0.0, 1.0, 0.0, 3.0, 0.0, -1.0, 0.0, 1.0, -1.0, 0.0, 0.0, 2.0, 2.0, 2.0, 2.0, 2.0, 1.0, 2.0, 0.0, 1.0, 2.0, 0.0, 96956.0, 640.0, 99426.0
2.0, 0.0, 0.0, 1.0, 1.0, 1.43272053948, 0.0, -0.752973815967, 2.0, -1.0, 2.0, -0.773079556074, 3.0, -1.0, -1.0, 1.0, 2.0, 1.0, 1.0, -0.78787681566, 0.0, 3.0, -1.0, 1.0, 2.0, 2.0, 0.0, 1.0, 0.0, 1.0, 0.0, 3.0, -0.576737951618, -1.0, 0.0, 1.0, -1.0, 0.0, 0.788524076586, 2.61377006303, 2.0, 1.0, 2.0, 1.7660442575, 1.0, 2.27366806319, 1.68994541054, 1.0, 2.0, 0.0, 97197.0, 598.0, 99459.0
2.0, -1.0, 2.22871682113, -1.0, 2.0, 0.89421714555, 1.0, 1.0, 1.0, 0.0, 2.0, 3.0, 1.45530912471, -1.0, 0.0, -1.0, -0.0933236102356, -1.0, 1.11120982686, 0.0, 2.0, 1.0, -1.0, 3.0, 2.0, -1.0, 1.0, 2.0, -1.0, 1.0, 3.0, 1.0, 2.0, 2.0, 0.0, -1.0, 0.0, 0.0, 1.0, 2.0, -1.0, 0.0, 2.0, -0.735950951107, 2.0, 0.11869935889, -1.0, 1.0, 3.0, 0.260453475732, 97343.0, 559.0, 99499.0
0.0, 2.0, 1.0, -1.0, 1.0, 3.0, 1.0, 2.0, 1.0, -1.0, 1.0, -1.0, 0.0, -1.0, 3.0, 1.0, 0.0, 0.0, 1.0, 1.0, 0.0, 2.0, -1.0, 0.0, 3.0, -1.0, 1.0, -1.0, -1.0, -1.0, 2.0, 0.0, 1.0, 0.0, 0.0, -1.0, 2.0, -1.0, 2.0, 2.0, 3.0, 1.0, 3.0, 1.0, -1.0, 1.0, -1.0, 0.0, 0.0, 0.0, 97271.0, 561.0, 99513.0
3.0, 3.0, 1.0, 3.0, 3.0, -1.0, 2.0, -1.0, 0.0, -0.173921115244, 2.0, 1.0, 0.0, 0.0, 1.0, 1.0, -1.0, 3.0, -1.0, -1.0, -1.0, -1.0, 1.0, -1.0, -1.0, 0.0176050461493, 2.0, 0.0, 1.0, 0.0, 1.0, 1.0, 0.0, -1.0, 2.0, 2.0, 1.0, 2.0, -1.0, 1.18540990156, 1.0, 2.0, 2.0, 0.0, -1.0, -1.0, 3.0, -1.0, 2.00471912365, 3.0, 97565.0, 543.0, 99530.0
0.0, 2.0, 1.0, -1.0, 1.0, 3.0, 1.0, 2.47786365747, 1.0, -1.0, 1.0, -0.125994374308, 0.0, -1.0, 2.08092105926, 1.0, 0.0, 0.0, 2.33504335231, 1.71372581706, 0.0, 2.0, -1.0, 0.0, 3.0, -1.0, 1.0, -1.0, -1.0, -1.0, 2.0, 0.0, 1.0, 0.0, 0.0, -1.0, 2.0, -1.0, 2.0, 0.869966333402, 3.0, 1.0, 3.0, 1.0, -1.0, 1.0, -1.0, 0.0, 0.0, -1.0, 97325.0, 554.0, 99513.0
1.0, 1.1698807342, -0.519672737701, 1.0, -1.0, 1.0, 1.0, 3.0, 2.0, 3.0, 1.0, 3.0, 0.0, -1.0, 0.0, 0.0, 2.0, 2.0, -0.937667271569, 1.0, 2.0, 3.0, 1.0, 1.0, 2.69154723106, 2.0, 1.0, 0.0, 0.0, 1.0, 0.0, 2.0, -0.691235891483, 1.0, 0.0, -0.0476952574466, -1.0, 0.0, 2.0, 0.0, 0.0, 2.22741971853, 0.0, 0.0, 2.0, 2.0, -1.0, 3.0, 2.0, -1.0, 97018.0, 628.0, 99442.0
2.0, 0.0, 2.0, 1.0, 0.389680227081, 0.0, 3.0, -1.0, -1.0, 1.0, 2.15885257305, 1.0, 1.0, 2.0, 3.0, -1.0, 2.0, 2.0, 2.0, 0.0, 1.0, 1.0, 2.0, 0.357594630856, 2.0, 1.0, 1.0, 0.0, 0.0, 0.0, 3.0, 0.0, 1.0, 2.0, 2.0, 2.0, 0.0, 2.0, 2.0, 0.0, 3.0, -1.0, 0.0, 1.0, 1.0, 1.0, -1.0, 3.0, -1.0, 3.0, 97004.0, 660.0, 99413.0
2.0, 2.0, 2.0, 0.0, 0.0, 1.0, 0.0, 1.0, 2.0, 1.0, 2.0, 0.0, -1.0, -1.0, -1.0, 2.0, 2.0, 1.0, 1.0, 2.0, -1.0, 1.0, -0.530641308104, -1.0, 3.0, 1.0, 2.0, 2.0, 2.0, 0.0, 0.0, -1.0, 1.0, -1.0, 0.0, 0.0, 1.0, 1.0, 0.0, 0.0, 0.0, -1.0, 3.0, 2.0, 0.0, 1.0, 0.840978515876, 3.0, 2.0, -1.0, 97310.0, 580.0, 99481.0
2.0, 2.0, 1.0, 1.0, 2.0, 0.0, 1.0, -1.0, 1.0, 2.0, -1.0, 2.0, 0.0, -1.0, 2.0, 3.0, 0.0, 0.0, 0.0, 0.0, 2.0, 2.0, 0.0, 0.0, 2.0, 0.0, 3.0, 2.08457221189, 0.124036464801, -1.0, 2.0, 1.0, 1.0, 1.0, -1.0, -1.0, 0.0, 1.0, 0.0, 2.0, 2.0, 1.00750337926, -1.0, 1.0, 1.0, 3.0, 1.0, 2.0, 0.0, 1.0, 96908.0, 648.0, 99425.0
0.0, 3.0, 2.0, 0.0, 3.0, 1.0, 2.0, 0.0, 1.0, 0.0, 0.0, 0.0, -1.0, 2.0, 0.0, 1.0, 0.0, 0.0, -1.0, 3.0, 2.0, 2.0, 1.0, 1.0, 2.0, 2.0, -1.0, 0.0, 1.0, 2.0, 2.0, 1.0, 2.0, 3.0, 1.0, 2.0, 0.0, 3.0, 2.0, 0.0, 1.0, -1.0, 1.0, 3.0, 2.0, 1.0, -1.0, 0.0, 3.0, 0.0, 96931.0, 669.0, 99404.0
3.0, -1.0, 1.0, -1.0, 1.0, 1.0, 1.0, 0.0, -1.0, 0.0, 0.0, 1.0, -1.0, -1.0, 0.0, 2.0, 3.0, 0.0, 1.0, -1.0, 0.0, 2.0, 2.0, 0.0, 1.0, 0.0, -1.0, 1.0, -1.0, 3.0, 2.0, 2.0, 1.0, 1.0, 0.0, 1.0, 0.0, -1.0, 0.0, 1.0, 2.0, 2.0, 3.0, 1.0, -1.0, 2.0, 0.0, 0.0, -0.204377819795, -1.0, 97215.0, 579.0, 99482.0
0.0, 2.0, 1.76399445919, -1.0, 1.0, 2.58478543272, 1.0, 2.47786365747, 1.0, -1.0, 1.0, -0.125994374308, 0.0, -1.0, 2.08092105926, 1.0, 0.0, 0.0, 2.33504335231, 1.71372581706, 0.0, 2.0, -1.0, 0.0, 3.0, 0.0840836707456, 1.0, -1.0, -1.0, -1.0, 2.0, 0.0, 1.0, 0.0, 0.0, -1.0, 2.0, -1.0, 2.0, 0.869966333402, 3.0, 1.0, 3.0, 1.0, -1.0, 1.0, -1.0, 0.0, 0.0, -1.0, 97224.0, 566.0, 99496.0
2.0, 2.0, 3.0, 2.0, 2.0, 0.0, 1.0, -1.0, 1.0, 3.0, 0.0, -1.0, -1.0, 2.0, 1.0, 0.0, 0.685888481011, 2.0, -1.0, 2.0, 1.0, 2.0, 3.0, -1.0, 0.0, 2.0, 1.0, 0.0, 1.0, -1.0, 2.0, 0.0, -1.0, 1.0, 0.0, 1.99308841799, -1.0, 3.0, 1.0, 3.0, 2.0, 1.0, 2.0, -1.0, 0.0, 0.0, 2.18467582532, 1.0, 1.0, -1.0, 97249.0, 593.0, 99464.0
-1.0, 2.0, 0.0, -1.0, 0.612200367271, 0.0, 1.0, 0.0, 0.669325585869, 1.0, 2.96890134252, 3.0, 0.0, -1.0, 1.0, 2.0, 0.0, 1.55719750096, 1.0, -1.0, 1.0, 2.32121375064, 2.0, -1.0, -0.539521550806, 2.0, 1.0, -1.0, 0.757548350045, 2.0, -1.0, 2.0, 0.0, 2.0, -1.0, 0.0, 2.0, 2.0, 1.0, 3.0, 2.0, -1.0, -1.0, -1.0, 0.0, 1.0, 3.0, 1.0, 2.0, 1.0, 97430.0, 558.0, 99506.0
-1.0, 0.0, -1.0, 3.0, -1.0, 0.0, -1.0, -1.0, 2.0, 0.0, 0.393723789798, -1.0, -1.0, 2.0, 1.0, 2.0, 1.0, 1.0, -0.671494783902, 2.0, 1.0, -1.0, 0.0, 3.0, -1.0, 0.0, 0.0, -1.0, 1.0, 2.0, 3.0, 0.0, 3.0, 1.0, 0.0, 1.0, 2.0, -1.0, 2.0, 2.0, -1.0, 3.0, 2.0, 0.0, 2.0, 3.0, 1.66601951344, 1.0, 3.0, -1.0, 97637.0, 547.0, 99529.0
1.0, 3.0, 0.0, 1.0, -1.0, 0.539367786568, 1.0, 3.0, 2.0, 3.0, 1.0, 3.0, 0.0, -1.0, 1.31969879023, 0.0, 2.0, 2.0, 0.0, 1.0, 2.32389549057, 3.0, 1.0, 1.0, 3.0, 2.0, 1.0, 0.0, 0.0, 1.0, 0.0, 2.0, 0.223851461164, 1.0, 0.0, 0.0, -1.0, 0.0, 2.71643906368, 0.0, 0.0, 2.0, 0.0, 0.0, 2.0, 2.0, -1.0, 3.0, 2.0, -1.0, 96745.0, 675.0, 99395.0
2.19938779545, 2.0, 1.0, 1.0, 2.0, 2.0, 2.99257602325, -1.0, 0.0, 1.0, 2.0, 2.0, -1.0, -1.0, 0.0, 0.0, -1.0, 2.0, 2.0, -1.0, 2.0, 3.0, -1.0, 3.0, 2.0, -1.0, -0.562626818644, 1.0, -1.0, 1.0, -0.184293958655, 0.259623989775, -0.967653472064, 2.0, 3.0, 0.0, -1.0, -1.0, 2.51956754044, 1.0, 0.0, 1.0, 1.0, -0.259735471215, 0.0, 1.0, 1.0, 1.0, -1.0, -1.0, 97713.0, 540.0, 99536.0
2.0, 3.0, -1.0, 1.0, 2.0, 0.0, 1.0, 0.0, 2.0, -1.0, 1.0, 1.0, -1.0, 1.05012192073, 0.0, 2.0, -0.509119226972, -1.0, -1.0, 3.0, 1.0, 1.0, 2.0, 1.128468424, -1.0, 0.0, -0.68900976893, 1.66333732269, -1.0, 1.874072874, 1.0, 0.0, 1.0, 2.0, 1.79054953269, -1.0, -1.0, 0.0, -1.0, 0.0, 3.0, 2.0, 3.0, -1.0, -1.0, -0.244681151804, 0.0, 3.0, 1.0, -1.0, 97640.0, 541.0, 99543.0
-1.0, 2.0, 0.0, -1.0, 2.0, 0.0, 2.47264207575, 0.0, 1.0, 1.0, 2.0, 3.0, 0.0, -1.0, -0.711236903169, 2.0, 0.0, 1.0, 1.0, -1.0, 1.0, 0.0, 2.0, -1.0, 0.779383704411, 2.0, 1.0, -1.0, 3.0, 2.0, -1.0, 2.0, 0.0, 2.0, 1.16736872355, -0.802754349168, 2.0, 0.359043872745, -0.770596163955, 3.0, 2.0, -1.0, -1.0, -1.0, 0.0, 1.0, 3.0, 1.0, 2.14459578731, 1.0, 97482.0, 548.0, 99519.0
3.0, 1.0, 1.98730456147, 1.0, 2.01310240529, 0.0, 1.0, -1.0, 2.0, -0.220113502522, 0.0, 1.0, -1.0, 0.0, 3.0, 2.50157888308, -1.0, -1.0, 0.169540252494, 1.0, 0.0, -1.0, 2.0, 0.0, 3.0, 0.0, 1.38121011006, 2.0, 3.0, -1.0, -1.0, 0.0, 1.0, 1.0, 1.0, 2.0, -1.0, 1.0, -1.0, 1.0, -0.741964146071, 2.0, -1.0, 0.0, 2.0, 2.0, -1.0, 0.0, 2.2476232079, -1.0, 97394.0, 563.0, 99497.0
0.0, 3.0, 0.0, 2.0, 0.0, 2.0, 1.0, -1.0, 0.0, 2.0, 1.0, 0.0, 1.0, 0.0, 1.0, 2.0, 2.0, 3.0, -1.0, 2.0, 1.0, 1.0, 1.0, 3.0, 1.0, 3.0, -1.0, -1.0, -1.0, -1.0, 2.0, 1.0, 0.0, 2.0, 0.0, 0.0, 2.0, 0.0, 3.0, 3.0, 3.0, 1.0, 2.0, 1.0, 1.0, 1.0, 1.0, 2.0, 2.0, -1.0, 97135.0, 638.0, 99425.0
3.0, -1.0, 2.0, 3.0, 1.0, 2.0, 1.0, 1.0, 0.0, 1.0, 1.0, 2.0, 3.0, 2.15366446978, 2.33324052977, 2.0, 0.0, 1.0, 1.0, 1.0, -1.0, 1.0, 1.0, -1.0, 0.0, 1.01732629655, 0.0, 0.0, 0.0, 2.0, 2.0, 3.0, 0.0, 0.843123052606, 0.0, -1.0, 1.0, 2.35651344457, 2.0, 1.0, 2.0, 0.0, -1.0, -1.0, 3.0, -1.0, 2.0, 0.0, 3.0, 3.0, 97101.0, 639.0, 99433.0
2.0, 2.0, 1.0, 1.0, 3.0, 2.0, 2.0, 3.0, 2.0, 0.0, 0.0, 1.0, 2.0, 3.0, 0.0, 2.0, 1.0, 1.0, 2.0, 3.0, 1.0, 3.0, 1.0, 2.0, 2.0, -0.0727003490512, 1.0, 0.0, 0.0, -1.0, 0.0, 0.0, 0.0, 2.0, -1.0, 0.0, 1.0, 3.0, 1.0, 2.0, 1.0, 0.0, 2.5936867331, 1.0, 1.0, 3.0, -1.0, 0.0, 0.0, -1.0, 96865.0, 683.0, 99385.0
1.51886651893, 1.0, 0.0, 1.0, -1.0, 3.0, 2.37555884089, -1.0, -1.0, -1.0, 0.0, 3.0, -0.0698083790768, 0.0, 1.0, 3.0, 0.0, -1.0, -1.0, -1.0, 0.0, 2.0, 1.0, 2.0, 2.0, 2.0, 2.0, 0.0, 0.0, 2.0, 3.0, 0.0, 1.0, 2.0, 2.0, -1.0, 1.0, -1.0, 0.0, 2.0, 0.0, 1.0, 2.0, 3.0, 1.0, -1.0, -1.0, 2.0, 0.0, 2.0, 97264.0, 591.0, 99471.0
2.81302943265, -1.0, -1.0, 2.0, 2.02355991759, 0.0, 3.0, 1.0, 1.0, 1.0, 3.0, 2.0, 1.0, 3.0, 0.0, 3.0, 1.0, 1.0, -1.0, 0.0, 1.53239828183, 2.0, -0.744916927621, -1.0, 1.0, 2.0, 1.0, 0.123207481726, 1.64429299404, -1.0, 2.0, 2.66994361453, 0.0, 3.0, -1.0, 2.0, -1.0, 0.0, 1.37852945171, 3.0, 1.0, 1.0, 0.0, -0.139541733571, 1.0, -1.0, 0.591498511559, 2.0, 3.0, -1.0, 97449.0, 590.0, 99471.0
2.0, 0.0, 0.0, 3.0, 3.0, 2.0, 0.0, 2.0, 0.0, 2.0, 1.0, 2.0, -1.0, 0.0, 1.0, 1.0, 1.0, 2.0, 3.0, -1.0, 3.0, 1.0, 0.0, 2.0, 1.0, 2.0, -1.0, 0.0, 1.0, 2.0, 1.0, 0.0, 1.0, 0.0, -1.0, 0.0, 2.0, 3.0, 0.0, 2.0, -1.0, -1.0, 0.0, 2.0, 2.0, 3.0, 2.0, 1.0, -1.0, -1.0, 97150.0, 625.0, 99442.0
2.0, 0.0, 0.0, 1.0, 1.0, 1.0, 0.0, 0.0, 2.0, -1.0, 2.0, 1.0, 3.0, -1.0, -1.0, 1.0, 2.0, 1.0, 1.0, -1.0, 0.0, 3.0, -1.0, 1.0, 2.0, 2.0, 0.0, 1.0, 0.0, 1.0, 0.0, 3.0, -0.576737951618, -1.0, 0.0, 1.0, -1.0, 0.0, 0.788524076586, 2.0, 2.0, 1.0, 2.0, 2.0, 1.0, 2.0, 0.0, 1.0, 2.0, 0.0, 97113.0, 624.0, 99444.0
3.0, -1.0, 2.0, 3.0, 1.0, 2.0, 1.0, 1.0, 0.0, 1.0, 1.0, 2.0, 3.0, 2.0, 1.0, 2.0, 0.0, 1.0, 1.0, 1.0, -1.0, 1.0, 1.0, -1.0, 0.0, 2.0, 0.0, 0.0, 0.0, 2.0, 2.0, 3.0, 0.0, -1.0, 0.0, -1.0, 1.0, 2.0, 2.0, 1.0, 2.0, 0.0, -1.0, -1.0, 3.0, -1.0, 2.0, 0.0, 3.0, 3.0, 97164.0, 621.0, 99442.0
1.0, 2.0, 1.33551931672, -1.0, 1.87889736696, 2.0, 0.0, -1.0, 2.20890371808, 2.0, 2.0, 1.0, 0.0, 2.0, 0.0, 2.0, 2.0, 1.0, -1.0, -1.0, 0.0, 3.0, 1.0, 1.42768672861, 2.0, 0.0, -1.0, 1.0, 1.0, 2.0, 1.0, 1.0, 0.0, 3.0, 3.0, 0.0, 3.0, 1.0, 2.0, -1.0, -1.0, 1.0, 0.0, 2.0, 0.0, 1.0, 2.0, -1.0, 0.0, -1.0, 97119.0, 604.0, 99445.0
-1.0, 2.0, 0.0, -1.0, 2.0, 0.0, 1.0, 0.0, 1.0, 1.0, 0.0, 3.0, 0.0, -1.0, 1.0, 2.0, 0.0, 1.0, 1.0, -1.0, 1.0, 0.0, 2.0, -1.0, 0.0, 2.0, 1.0, -1.0, 3.0, 2.0, -1.0, 2.0, 0.0, 2.0, -1.0, 0.0, 2.0, 2.0, 1.0, 3.0, 2.0, -1.0, -1.0, -1.0, 0.0, 1.0, 3.0, 1.0, 2.0, 1.0, 97325.0, 572.0, 99492.0
0.0, -1.0, -1.0, 0.0, -1.0, 0.0, 3.0, 3.0, 1.0, -1.0, 0.0, 3.0, 1.0, 1.0, -1.0, 2.0, 1.0, 0.0, 2.0, 1.0, 3.0, 3.0, -1.0, 3.0, 2.0, 0.0, 0.0, 2.0, -1.0, -1.0, 2.0, 0.0, 0.0, 0.0, 1.0, 0.0, 3.0, 0.0, 2.0, 0.0, -1.0, -1.0, 2.0, -1.0, 1.0, 3.0, 0.0, 1.0, 1.0, -1.0, 97354.0, 571.0, 99493.0
0.0, -1.0, -1.0, 0.0, -1.0, 0.0, 3.0, 3.0, 1.0, -1.0, 0.0, 3.0, 1.0, 1.0, -1.0, 2.0, 0.95664409668, 0.0, 2.0, 1.0, 3.0, 3.0, -1.0, 3.0, 2.0, 0.0, 0.0, 2.0, -1.0, -1.0, 2.0, 0.0, 0.0, 0.0, 1.0, 0.0, 3.0, 0.0, 2.0, 0.0, -1.0, -1.0, 2.0, -1.0, 1.0, 3.0, 0.0, 1.0, 1.0, -1.0, 97354.0, 571.0, 99493.0
1.0, 2.0, 3.0, -0.964055447503, 1.0, -1.0, 2.0, -0.336147985115, 0.0, 1.0, 0.021993704749, 2.0, 1.13402510778, -1.0, 2.66786155223, 1.0, 0.0, 0.0, 3.0, 2.0, 0.515758149229, 2.0, 2.0, -1.0, 3.0, 2.0, 1.0, 0.0, 1.0, -1.0, 2.83666718342, 1.0, 0.0, 1.25644677611, -0.299455993572, -1.0, 1.0, -1.0, 2.0, -1.0, 0.482734646785, 1.0, 0.0, 0.0, -1.0, 2.0, -1.0, 0.0, 0.0, 3.0, 97148.0, 594.0, 99471.0
1.31411120792, -1.0, 0.303578886108, 3.0, 0.0, 2.87927689777, 1.0, -1.0, -1.0, 2.0, 2.0, 0.0, 0.0, 1.0, 0.0, 2.0, 0.0, -0.027016869259, 0.777913404216, 1.0, -1.0, 1.0, 2.0, 2.0, 0.0, 1.0, 0.837474596074, 0.0, 0.0, 1.0, 2.79016481688, -0.14922973961, 3.0, 0.849135754699, 2.0, 2.0, 1.0, 3.0, 0.0, -0.926202968223, 0.0, 0.0, 1.0, 0.0, 2.7978799097, 2.00736092078, 0.915157403747, 2.0, -1.0, 1.0, 96894.0, 660.0, 99414.0
2.0, 2.0, 1.0, 1.0, 3.0, 2.0, 2.53402612476, 1.57971741319, 2.0, 0.0, 0.0, 1.0, 2.0, 3.0, 0.0, 2.0, 1.0, 1.0, 2.0, 3.0, 1.0, 3.0, 1.0, 2.0, 2.0, 0.0, 1.0, 0.0, -1.0, -1.0, 0.0, 0.0, 0.0, 2.0, -1.0, -0.700937726578, 1.0, 0.0, 1.0, 2.0, 2.0229030808, 0.0, 2.0, 1.0, 1.0, 3.0, -1.0, 0.0, 0.0, -1.0, 97054.0, 657.0, 99412.0
3.0, 3.0, -1.0, 2.0, 1.0, -1.0, 0.0, 3.0, 0.0, 0.0, 0.0, 1.0, 2.0, -1.0, -1.0, 0.0, 0.0, -0.71742777918, -1.0, 2.0, 1.0, 0.0, 2.0, -1.0, 1.0, 0.0, 0.0, 0.0, 3.0, 2.0, 0.0, 1.0, 0.0, 3.0, 2.0, 0.0, -1.0, 1.0, 1.0, 2.0, 2.0, 2.0, 1.0, 1.0, 1.0, 0.0, 1.0, 3.0, 2.1517491279, 2.0, 97060.0, 624.0, 99453.0
1.0, 2.0, 3.0, 0.0, 1.0, -1.0, 2.0, 1.0, 0.0, 2.0, 2.0, 2.0, 0.0, -1.0, 0.0, 1.0, 0.0, 0.0, 3.0, 2.0, 2.0, 2.0, 2.0, -1.0, 3.0, 2.0, 1.0, 0.0, 1.0, -1.0, 3.0, 1.0, 0.0, 2.0, 0.0, -1.0, 1.0, -1.0, 2.0, -1.0, 2.0, 1.0, 0.0, 0.0, -1.0, 2.0, -1.0, 0.0, 0.0, 3.0, 97067.0, 613.0, 99454.0
0.671680392628, 2.0, 0.0, -0.442493364934, 2.0, 0.0, 0.409473588535, 1.0, 2.71649563391, 2.0, 2.0, 2.0, 1.0, -1.0, 1.0, -0.247728585275, -0.90181372197, 3.0, -0.567131467817, 3.0, 2.39018495593, 0.0, 0.0, 2.0, 2.0, 1.1125973064, -1.0, 1.0, -0.626224956595, 2.0, 1.21675715782, 0.0, 0.0, 1.0, 0.0, 1.83035050881, 2.41756413976, 1.0, 1.0, 1.0, 0.0, 3.0, 3.0, 0.0, 0.0, 1.0, 0.0, 3.0, -1.0, -1.0, 97017.0, 640.0, 99446.0
1.0, 2.0, 0.0, -1.0, 2.0, 0.0, 2.0, 1.0, 2.0, 2.0, 2.0, 2.0, 1.0, -1.0, 1.0, 0.0, -1.0, 3.0, 0.0, 3.0, 2.0, 0.0, 0.0, 2.0, 2.0, 1.0, -1.0, 1.0, 0.0, 2.0, 2.0, 0.0, 0.0, 1.0, 0.0, -1.0, 3.0, 1.0, 1.0, 1.0, 0.0, 3.0, 2.0, 0.0, 0.0, 1.0, 0.0, 3.0, -1.0, -1.0, 96983.0, 641.0, 99448.0
2.0, 0.0, 0.0, 3.0, 3.0, 2.0, -0.036989892623, 2.0, 0.0, 2.0, -0.424246739363, 2.0, -1.0, 0.0, 1.0, 1.53705853892, 1.0, 2.0, 3.0, -1.0, 3.0, 1.0, 0.0, 2.0, 1.0, 2.0, -1.0, 0.0, 1.0, 2.0, 1.0, 0.0, 1.0, 0.0, -1.0, 0.0, 2.0, 3.0, 0.0, 2.0, -1.0, -1.0, 0.0, 2.0, 2.0, 3.0, 2.0, 1.0, 2.0233424458, -1.0, 97090.0, 640.0, 99426.0
2.0, -1.0, 0.0, -1.0, 2.0, 2.03690502499, 3.0, 0.0, 2.0, 0.0, 0.0, 1.0, 0.0, -1.0, 0.0, -1.0, 1.0, 0.0, 2.0, 0.0, 0.0, 0.0, 1.0, -0.389351793569, 3.0, 2.0, 2.0, 1.0, 3.0, 1.0, -1.0, 0.0, 2.0, 2.0, 2.0, -1.0, 1.0, 1.0, 2.0, 1.0, 1.0, 2.0, 2.0, -0.0801822614839, -1.0, 1.0282001636, 1.0, 3.0, 0.0, 1.0, 97015.0, 642.0, 99429.0
2.0, 3.0, 1.0, -1.0, 0.0, 1.0, 3.0, 1.0, 3.0, -1.0, 0.0, 0.0, 0.0, -0.154243780049, 0.0, -1.0, 2.0, 1.0, -1.0, 2.0, 3.0, 1.00076930058, 2.0, -0.987327345037, 1.0, 2.0, 1.0, 2.0, 3.0, -1.0, 1.0, -1.0, 2.0, 2.0, 1.97041938699, 1.0, 2.0, -1.0, 1.0, 0.0, 2.0, 1.0, 1.0, 0.0, 1.0, 0.0, -1.0, 2.0, 1.17633165829, 2.0, 97287.0, 603.0, 99460.0
2.0, 2.0, 1.0, 2.0, 1.0, 2.0, 3.0, 1.0, 2.0, 3.0, -1.0, 2.0, 2.0, 1.0, 0.0, 0.0, 3.0, 3.0, -1.0, -1.0, 1.0, 1.0, 0.0, 2.0, 0.0, 0.0, 1.0, -1.0, 0.0, 1.0, 0.0, 0.0, 1.0, 0.0, -1.0, 0.0, 0.0, -1.0, 2.0, 1.0, -1.0, 1.0, 3.0, 1.0, -1.0, -1.0, 2.0, 3.0, 0.0, -1.0, 97215.0, 598.0, 99462.0
3.0, 2.0, 0.0, 0.0, 1.0, 2.0, -1.0, 1.0, 0.0, -1.0, 2.0, 1.0, 2.0, -1.0, -1.0, 2.0, 2.0, 1.0, 0.0, 1.0, -1.0, -1.0, 0.0, 3.0, 2.0, -1.0, 0.0, 1.0, 1.0, 0.0, 2.0, 0.0, 0.0, 3.0, 0.0, 1.0, 3.0, -1.0, 1.0, 2.0, -1.0, -1.0, 2.0, 2.0, -1.0, 1.0, 3.0, 2.0, -1.0, -1.0, 97402.0, 557.0, 99519.0
2.19938779545, 2.0, 1.0, 1.0, 2.0, 2.0, 2.61551089367, -1.0, 0.0, 1.0, 1.0, 2.0, -1.0, -1.0, 0.0, 0.0, -1.0, 2.0, 2.0, -1.0, 2.0, 3.0, -1.0, 3.0, 2.0, -1.0, -0.562626818644, 1.0, -1.0, 1.0, 0.0, 0.259623989775, 2.10588195493, 2.0, 3.0, 0.0, -1.0, -1.0, 2.51956754044, 1.0, 0.0, 1.0, 1.0, 2.0, 0.0, 1.0, 1.0, 1.0, -1.0, -1.0, 97657.0, 556.0, 99518.0
3.0, 0.0, -1.0, 0.0, 0.0, 1.0, -1.0, 1.0, 2.0, 0.0, 0.0, 2.0, 1.0, 2.0, 1.0, 1.0, 0.0, -1.0, 0.0, 3.0, 2.0, -1.0, 3.0, 2.0, 2.0, 0.0, -1.0, -1.0, 2.0, -1.0, 0.0, 1.0, 3.0, 3.0, 0.0, 0.0, 3.0, 2.0, 1.0, 1.0, 2.0, 2.0, 2.0, 1.0, 1.0, 1.0, -1.0, 1.0, 1.0, 0.0, 97073.0, 631.0, 99447.0
2.0, 2.0, 2.0, 0.0, 0.0, 1.0, 0.0, 1.0, 2.0, 1.0, 2.0, 0.0, -1.0, -1.0, -1.0, 2.0, 2.0, 1.0, -0.193391655323, 2.0, -1.0, 1.0, 0.0, -1.0, 3.0, 1.0, 2.0, 2.0, 2.0, 0.0, 0.0, -1.0, -1.0, -1.0, 0.0, 0.0, 1.0, 1.0, 0.0, 1.0, 0.0, -1.0, 3.0, 2.0, 0.0, 1.0, 1.0, 3.0, 2.0, -1.0, 97323.0, 582.0, 99481.0
2.0, 2.0, 1.0, 1.0, 2.0, 0.0, 1.0, -1.0, 1.0, 2.0, -1.0, 2.0, 0.0, -1.0, 2.0, 3.0, 0.0, 0.0, 0.0, 0.0, 2.0, 2.0, 0.0, 0.0, 2.0, 0.0, 3.0, 1.0, 1.0, -1.0, 2.0, 1.0, 1.0, 1.0, -1.0, -1.0, 0.0, 1.0, 0.0, 2.0, 2.0, 2.0, -1.0, 1.0, 1.0, 3.0, 1.0, 2.0, 0.0, 1.0, 96924.0, 648.0, 99425.0
0.0, 3.0, 1.79202742491, 0.0, 3.0, 0.959320013239, 1.58404076039, 0.0, 1.0, 0.0, 0.0, 0.0, -1.0, 2.0, 0.0, 1.0, 0.0, 0.0, -1.0, 2.46747776101, 2.0, 2.0, 1.0, 1.0, 2.0, 2.0, -1.0, 0.0, 1.0, 2.0, 2.0, 1.0, 2.1278107172, 3.0, 1.0, 2.0, 0.0, 3.0, 2.0, 0.0, 1.0, -1.0, 2.0, 3.0, 2.0, 1.0, -1.0, 0.0, 3.0, 0.0, 96937.0, 669.0, 99404.0
2.1749979509, 2.1623501567, 1.0, -0.896039355735, 1.0, 2.47240434982, 1.0, 0.0, -1.0, 1.94129579604, 0.396972920972, 1.0, -1.0, 0.282667562109, 0.0, -0.988587074488, 3.0, 0.0702007057865, 0.393099457119, -1.0, 0.0, 2.0, 2.0, 0.0, 1.0, 0.0, -1.0, 1.0, -1.0, 3.0, 2.0, 2.0, 0.521794950254, 1.0, 0.0, 1.0, 0.0, -1.0, 0.0, 1.0, 2.0, 2.0, 3.0, 1.0, -1.0, 2.0, 0.0, 0.0, -1.0, -1.0, 97307.0, 581.0, 99488.0
-1.0, 2.0, 0.0, 2.0, 3.0, 0.0, 1.0, 2.0, 2.0, -1.0, 1.0, -1.0, -1.0, 1.0, 2.0, -1.0, 0.0, -1.0, 1.0, 0.0, -1.0, 0.0, -1.0, -1.0, 0.0, 2.0, 1.0, -1.0, 0.0, 2.0, 0.0, 1.0, -1.0, 1.0, 2.0, 3.0, 1.0, 0.0, 0.0, 0.0, 3.0, 1.0, 0.0, 1.0, 2.0, 3.0, 0.0, 2.0, 3.0, 1.0, 97292.0, 581.0, 99495.0
3.0, 1.0, 2.0, 1.0, 2.0, 0.0, 1.0, -1.0, 2.0, 3.0, 0.0, 1.0, -1.0, 0.0, 3.0, 0.0, -1.0, -1.0, 2.0, 1.0, 0.0, -1.0, 2.0, 0.0, 3.0, 0.0, 1.0, 2.0, 3.0, -1.0, -1.0, 0.0, 1.0, 1.0, 1.0, 2.0, -1.0, 1.0, -1.0, 1.0, 2.0, 2.0, -1.0, 0.0, 2.0, 2.0, -1.0, 2.0, 1.0, -1.0, 97402.0, 581.0, 99487.0
3.0, -0.173896247664, 0.0, 0.0, 1.0, 2.0, -1.0, 1.0, 0.0, -1.0, 2.0, 1.0, 2.0, -1.0, -1.0, 2.0, 2.0, 1.0, 0.0, 1.0, -1.0, -1.0, 1.38217082171, 3.0, 2.0, 0.0, 0.0, 1.0, 0.815943250962, 0.0, 2.0, 0.0, 0.0, 3.0, 0.0, 1.0, 3.0, -1.0, 1.0, 2.0, -1.0, -1.0, 2.0, 2.0, -1.0, 1.0, 3.0, 2.0, -1.0, -1.0, 97284.0, 569.0, 99502.0
2.0, -1.0, 0.0, 2.0, 1.0, 3.0, 3.0, 1.0, 2.0, -1.0, 1.0, 3.0, 0.108737017249, 1.0, 1.0, 1.0, 0.0, 0.0, 0.0, 2.0, 0.0, 2.0, 2.0, 2.0, 0.0, 0.0, 0.0, 0.120055539315, 0.0, 0.0, 1.0, 3.0, 1.0, 0.0, -1.0, 0.0, 2.0, 0.105214361864, 2.0, 1.0, 3.0, 1.0, -1.0, 3.0, -1.0, 0.0, 1.0, 2.0, 3.0, 2.0, 96860.0, 685.0, 99400.0
-1.0, 0.0, -1.0, 3.0, -1.0, 0.0, -1.0, -1.0, 2.0, 0.0, 1.0, -1.0, -1.0, 2.0, 1.0, 2.0, 1.0, 1.0, 1.0, 2.0, 1.0, -1.0, 0.0, 3.0, -1.0, 0.0, 0.0, -1.0, 1.0, 2.0, 3.0, 0.0, 3.0, 1.0, 0.0, 1.0, 2.0, -1.0, 2.0, 2.0, -1.0, 3.0, 2.0, 0.0, 2.0, 3.0, 2.0, 1.0, 3.0, -1.0, 97590.0, 565.0, 99515.0
2.0, 2.0, 0.0, 2.0, -1.0, 0.0, 3.0, 0.0, 1.64613299023, 2.0, 2.0, 0.0, 3.0, 3.0, 0.0, 1.0, 0.0, 0.0, 1.0, 3.0, 1.0, 0.0, 0.0, 2.0, 2.0, -1.0, 1.0, 0.0, 2.0, 0.0, 3.0, 0.0, 1.0, 1.6158011903, 1.0, 2.0, 1.0, 2.0, 1.0, -1.0, 3.0, 0.0, 1.0, 3.0, 1.0, 0.0, 0.713021284496, 1.0, 3.0, 1.0, 96916.0, 717.0, 99386.0
3.0, 2.0, 0.0, 0.0, 1.0, 2.0, -1.0, 1.0, 0.0, -1.0, 2.95364281184, 1.0, 2.0, -1.0, -1.0, 2.0, 2.0, 1.0, 2.01228744612, 1.0, -1.0, -1.0, 0.0, 3.0, 2.0, -1.0, 0.0, 1.0, 1.0, 0.0, 2.0, 0.0, 0.0, 2.20665637956, 0.0, 1.0, 3.0, -1.0, 1.0, 2.0, -1.0, -1.0, 2.0, 2.0, -1.0, 1.0, 3.0, 2.0, -1.0, -1.0, 97426.0, 557.0, 99519.0
1.0, 3.0, 1.0, 0.0, 3.0, 2.0, 0.0, 1.0, 3.0, 1.0, 2.0, 0.0, 1.0, 3.0, -1.0, 0.0, 1.0, 2.36360946316, 0.0, 1.0, 3.0, 2.0, 0.0, 3.0, 2.0, 0.634258800767, 0.0, 0.0, 1.0, 0.0, 0.0, 3.0, 1.0, 1.0, 2.0, 0.0, 2.0, 1.0, 0.0, 3.0, 2.0, 1.0, 0.0, -0.54567736441, -1.0, 2.0, -1.0, 2.0, 0.0, 3.0, 96870.0, 683.0, 99388.0
0.0, -1.0, 1.64181758313, -1.0, 0.0, 2.07825939109, 3.0, 1.0, 0.0, 0.0, 3.0, 3.0, -1.0, 2.0, 2.14101790519, 0.0, 1.0, -1.0, 1.0, 0.0, 2.0, 1.0, 0.0, 2.0, -1.0, 1.0, 1.0, 1.0, 3.0, 2.0, 3.0, -1.0, 1.0, -1.0, -1.0, 3.0, 1.0, 0.0, -1.0, 2.0, 2.0, 0.0, 1.0, -1.0, -1.0, 2.0, 2.50908028896, -1.0, 1.0, 2.0, 97553.0, 570.0, 99507.0
0.0, 2.0, 1.0, 1.0, 2.0, 2.0, 1.0, -1.0, 0.0, 1.0, 1.0, 2.0, -1.0, -1.0, 0.0, 0.0, -1.0, 2.0, 2.0, -1.0, 2.0, 3.0, -1.0, 3.0, 2.0, 0.0, 0.0, 1.0, -1.0, 1.0, 0.0, 0.0, -1.0, 2.0, 3.0, 0.0, -1.0, -1.0, 2.0, 1.0, 0.0, 1.0, 1.0, 2.0, 0.0, 1.0, 1.0, 1.0, -1.0, -1.0, 97443.0, 571.0, 99507.0
2.0, 2.0, 2.0, 0.0, 0.0, 1.0, 0.0, 1.0, 2.0, 1.0, 2.0, 0.0, -1.0, -1.0, -1.0, 2.0, 2.0, 1.0, 1.0, 2.0, -1.0, 1.0, 0.0, -1.0, 3.0, 1.0, 2.0, 2.0, 2.0, 0.0, 0.0, -1.0, -1.0, -1.0, 0.0, 0.0, 1.0, 1.0, 0.0, 1.0, 0.0, -1.0, 3.0, 2.0, 0.0, 1.0, 1.0, 3.0, 2.0, -1.0, 97338.0, 582.0, 99481.0
1.0, 1.0, 1.0, -1.0, 3.0, 2.0, 0.0, 1.0, 3.0, 3.0, 2.0, 0.0, 1.0, 3.0, -1.0, 0.0, 1.0, 2.0, 0.0, 1.0, 3.0, 2.0, 0.0, 3.0, 2.0, -1.0, 0.0, 0.0, 1.0, 0.0, 0.0, 3.0, 1.0, 1.0, 2.0, 0.0, 2.0, 1.0, 0.0, 3.0, 2.0, 1.0, 0.0, 2.0, -1.0, 2.0, -1.0, 2.0, 0.0, 3.0, 97007.0, 671.0, 99407.0
3.0, 3.0, -1.0, 2.0, 1.0, 3.0, 0.0, 3.0, 0.0, 0.0, 0.0, 1.0, 2.0, -1.0, -1.0, 0.0, 0.0, 0.0, -1.0, 2.0, 1.0, 0.0, 2.0, -1.0, 1.0, 0.0, 0.0, 0.0, 3.0, 2.0, 3.0, 1.0, 0.0, 3.0, 2.0, 0.0, -1.0, 1.0, 1.0, 2.0, 2.0, 2.0, 1.0, 1.0, 1.0, 0.0, 1.0, 3.0, 2.0, 2.0, 97016.0, 652.0, 99425.0
-1.0, 2.0, 0.0, 2.0, 3.0, 0.0, 1.0, 2.0, 2.0, -1.0, 1.0, 0.169373260833, -1.0, 1.0, 2.0, -1.0, 0.0, -1.0, 1.0, 0.308825428703, -1.0, 0.0, -1.0, -1.0, 0.0, 2.0, 1.0, -1.0, 0.0, 2.0, 0.0, 1.0, -1.0, 1.0, 2.0, 3.0, 1.0, -0.135942501476, 0.0, 0.0, 3.0, 1.0, 0.0, 1.0, 2.0, 3.0, 0.0, 2.0, 3.0, 0.795424249699, 97283.0, 591.0, 99486.0
3.0, 2.0, -1.0, 2.0, 3.0, 1.0, -1.0, 0.0, 2.0, 1.0, -1.0, 0.0, 2.0, -1.0, 0.0, -1.0, 3.0, -1.0, 1.0, 2.0, 1.0, 3.0, 0.0, 1.0, 0.0, 1.06730331125, -1.0, 1.0, -1.0, 1.0, 3.0, 2.0, 0.0, 2.0, -1.0, -1.0, -1.0, -1.0, 1.0, 2.0, 3.0, 1.0, 1.0, 1.0, 2.0, 2.0, 0.0, 0.0, 1.0, 2.0, 97558.0, 576.0, 99501.0
