-1.0, 3.0, 2.0, 0.0, -1.0, -1.0, -1.0, 1.0, 0.0, 3.0, -1.0, 3.0, -1.0, -1.0, 1.0, 3.0, 0.0, 3.0, 3.0, 2.0, -1.0, 0.0, 0.0, -1.0, 2.0, 3.0, 1.0, 3.0, 0.0, 0.0, 0.0, 2.0, 1.0, -1.0, 2.0, 0.0, 1.0, 1.0, 2.0, 3.0, 2.0, 3.0, 2.0, 1.0, -1.0, -1.0, -1.0, -1.0, 3.0, 0.0, 1478.0, 517.0, 408.0
2.0, 1.0, 0.0, 0.0, 0.0, -1.0, 0.0, 1.0, 0.0, 0.373225290933, -1.0, -1.0, 3.0, 0.0, -1.0, 0.0, -1.0, -1.0, 1.0, -1.0, -1.0, -1.0, 0.0, -1.0, 3.0, 0.0, 0.0, 3.0, 2.0, 3.0, -1.0, 1.0, 2.0, -1.0, 2.0, -1.0, 2.0, 3.0, 1.0, 2.0, 2.0, 2.0, 0.630187060005, -1.0, 1.0, -1.0, 1.0, -1.0, 0.96232147965, 2.69175452424, 1711.0, 495.0, 392.0
2.0, 1.0, -1.0, 1.0, -1.0, 1.0, -1.0, 0.0, 1.0, 0.0, 3.0, 3.0, 0.23552691148, -1.0, 3.0, -1.0, 2.0, 2.0, -1.0, 2.0, 1.77835249346, 3.0, -1.0, -0.928225038658, 1.0, -0.421724642095, 2.0, 3.0, 0.0, 1.0, -1.0, 1.0, -1.0, 2.0, 1.98926124658, 0.0, -1.0, 2.0, 2.0, -1.0, 0.0, 2.0, 0.0, 2.0, -1.0, 0.0, 3.0, -1.0, -1.0, 3.0, 1610.0, 509.0, 405.0
2.0, 1.0, 0.0, 0.0, 0.0, -1.0, 0.0, 1.0, 0.0, 0.0, -1.0, -1.0, 3.0, 0.0, 2.0, 0.0, -1.0, -1.0, 1.0, -1.0, -1.0, -1.0, 0.0, -1.0, 3.0, 0.0, 0.0, 3.0, 2.0, 3.0, -1.0, 1.0, 2.0, -1.0, 2.0, -1.0, 2.0, 3.0, 0.943068250942, 2.79639906448, 2.0, 2.16333978381, 2.0, -1.0, 1.0, -1.0, 1.0, -1.0, 1.0, 2.0, 1688.0, 514.0, 397.0
-1.0, 3.0, 3.0, -0.60631664127, 2.0, 0.0, 1.0, 3.0, 1.0, 3.0, 0.0, -1.0, -1.0, 1.1722226939, -1.0, 2.0, 3.0, 3.0, 0.0, 2.0, 0.0, 3.0, -1.0, 3.0, 2.0, 1.0, 1.0, 1.0, -1.0, 2.14619887184, 1.0, -1.0, -1.0, 3.0, 0.0, 2.0, -1.0, 2.0, 0.0, 1.0, -1.0, 3.0, -1.0, 1.0, -1.0, 3.0, 1.0, -1.0, 0.0, -1.0, 1669.0, 505.0, 438.0
-1.0, 3.0, 2.0, 0.0, -1.0, -1.0, -1.0, 1.0, 0.0, 3.0, -1.0, 3.0, -1.0, -1.0, 1.0, 3.0, 0.0, 3.0, 3.0, 2.68156233833, -1.0, 0.0, 0.0, -1.0, 2.0, 3.0, 0.379766787145, 3.0, 0.0, 0.0, 0.0, 2.0, 1.0, -1.0, 2.0, 0.0, 1.0, 1.0, 2.0, 3.0, 2.0, 3.0, 2.0, 1.0, -1.0, -1.0, -1.0, -1.0, 3.0, 0.0, 1481.0, 517.0, 408.0
-1.0, 3.0, 3.0, 2.0, 0.0, -0.468314894486, 1.0, 3.0, 1.0, 3.0, 0.0, -1.0, -1.0, 0.0, -1.0, 2.0, 3.0, 3.0, 0.0, 2.0, 0.0, 3.0, -1.0, 3.0, 2.0, 1.0, 1.0, 1.0, -1.0, -0.668663083882, 1.0, -0.556323126861, -1.0, 3.0, -0.899892547002, 2.0, -1.0, 2.0, 0.0, 1.0, -1.0, 3.0, -1.0, 1.0, -1.0, 3.0, 2.0, -1.0, 0.0, -1.0, 1764.0, 496.0, 440.0
1.0, -1.0, 1.0, -0.0507405622747, 0.0, 3.0, 3.0, 0.0, -1.0, -1.0, 3.0, -1.0, 2.0, 2.0, 2.0, 1.0, -1.0, 1.0, 1.44565534823, 3.0, 1.0, 2.0, 1.0, 1.0, -0.896499119644, -0.619346810248, -1.0, 3.0, 0.0, 2.0, 3.0, 1.0, 1.0, 2.0, 3.0, -1.0, 0.0, -1.0, 0.183515330741, 1.0, 2.0, -1.0, 0.0, 0.0, 2.0, 0.0, -1.0, -0.761216788315, 2.0, -1.0, 1622.0, 512.0, 417.0
2.0, 1.0, -1.0, 1.0, -1.0, 1.0, -1.0, 0.0, 1.0, 0.0, 3.0, -0.305373566398, 0.23552691148, -1.0, 3.0, -1.0, 2.0, 2.0, -1.0, 2.0, 1.77835249346, 3.0, -1.0, -0.928225038658, 1.0, -0.421724642095, 2.0, 3.0, 0.0, 1.0, -1.0, 1.0, -1.0, 2.0, 1.98926124658, 0.0, -1.0, 2.0, 2.0, -1.0, 0.0, 2.0, 0.0, 2.0, -1.0, 0.0, 3.0, -1.0, -1.0, 3.0, 1679.0, 509.0, 405.0
2.0, 1.0, 0.0, 0.0, 0.0, -1.0, 0.0, 1.0, 0.0, 0.0, -1.0, -1.0, 3.0, 0.0, 2.0, 0.0, -1.0, -1.0, 1.0, -1.0, -1.0, -1.0, 0.0, -1.0, 3.0, 0.0, 0.0, 3.0, 2.0, 3.0, -1.0, 1.0, 2.0, -1.0, 2.0, -1.0, 2.0, 3.0, 1.0, 2.0, 2.0, 2.0, 2.0, -1.0, 1.0, -1.0, 1.0, -1.0, 1.0, 2.0, 1712.0, 514.0, 397.0
-1.0, 3.0, 2.0, 0.0, -1.0, -1.0, 2.78700959826, 1.0, 0.0, 3.0, -1.0, 3.0, -1.0, -1.0, 1.0, 3.0, 0.0, 3.0, 3.0, 2.0, 0.85781595522, 1.26337069061, 0.0, -1.0, 2.61833540452, 3.0, 1.0, 1.28537608502, 0.0, 0.550266770296, 0.0, 2.0, 1.0, -1.0, 2.0, 0.0, 1.72598053002, 1.0, 2.0, 3.0, 1.08794681639, 3.0, 2.0, 2.0, -1.0, -1.0, -1.0, -1.0, 3.0, 0.0, 1565.0, 545.0, 432.0
0.28345083737, 1.63024824259, -1.0, 2.0, -1.0, 3.0, 1.0, 2.0, 0.0, -1.0, -1.0, 3.0, -1.0, 3.0, 3.0, 0.0, 2.0, 1.0, 0.0, 3.0, -1.0, 3.0, 2.58990242073, 3.0, 1.0, 2.7732683619, 2.0, 3.0, 2.18169568537, -0.413039069457, -0.639261662227, 2.44760144386, 0.0, -1.0, 2.0, 1.0, 3.0, 2.0, 1.98781687894, 2.0, 0.0, -1.0, 1.0, -1.0, 2.12867643858, 1.0, 2.0, -1.0, 3.0, 1.0, 1556.0, 565.0, 451.0
0.823981009083, 2.0, 3.0, -1.0, -1.0, 2.26124801806, 2.0, -1.0, 2.0, 1.0, 1.95430518504, -1.0, 1.0, 1.0, 1.0, 1.0, 0.0, -0.752668179985, 3.0, 3.0, 0.0, 2.0, 2.0, 2.0, 3.0, 2.89091375679, 1.0, 0.0, 0.0, -1.0, -0.390402591994, -1.0, 0.0, -1.0, -1.0, -1.0, 0.0, 3.0, 3.0, -1.0, -1.0, 0.0, 1.0, 1.0, 3.0, 1.0, -0.683182465222, 2.0, 1.0, -1.0, 1621.0, 533.0, 423.0
3.0, 0.0, -1.0, 3.0, 2.0, 3.0, 2.0, 3.0, 0.0, 3.0, -0.644145317828, 3.0, -1.0, 2.0, -1.0, 1.0, -1.0, 0.0, 1.0, -1.0, -1.0, 1.0, 0.0, 1.0, 2.0, 2.0, 2.0, -0.606458235059, -1.0, 1.0, 3.0, -1.0, 0.0, 2.0, -1.0, 1.0, 2.0, 2.0, 1.0, 2.0, -1.0, -1.0, 3.0, 2.0, 0.0, 3.0, 2.0, -1.0, -1.0, 1.0, 1562.0, 525.0, 434.0
2.0, 2.0, -1.0, 0.0, 2.06459683315, 0.0, -1.0, 3.0, -1.0, -1.0, -1.0, -1.0, 1.0, 0.0, -1.0, 1.0, -0.35492158239, 1.0, 0.0, 2.0, 1.0, 1.0, 2.0, 0.0, -0.253886961071, -1.0, 1.0, 2.02946662514, 3.0, 0.516714069589, 2.0, -1.0, 1.0, -1.0, -0.757943804012, 2.0, 2.0, 1.0, -1.0, 2.12876582104, -1.0, 0.502428080251, 3.0, 3.0, 1.0, -1.0, 0.218844615, 0.0, 1.89848515494, 0.0, 1794.0, 511.0, 434.0
2.0, 3.0, 2.0, -1.0, 1.0, 0.0, 1.0, 3.0, 3.0, -1.0, 0.0, 0.0, 3.0, -1.0, 2.0, 0.0, -1.0, 2.90707750777, -1.0, -1.0, -1.0, 0.0, 0.0, 1.0, 2.0, 2.0, -1.0, 2.0, -1.0, -1.0, 2.0, -1.0, 3.0, -1.0, 3.0, -1.0, 3.0, 1.0, -0.369492219578, 3.0, 2.0, 2.0, 2.00021434746, 2.0, -0.470281611241, 1.0, 0.0, -0.528607108799, 0.0, -0.673513344928, 1700.0, 518.0, 426.0
1.0, -1.0, 0.0, 2.0, 3.0, -1.0, -1.0, -1.0, -1.0, 1.0, 0.0, 0.0, 1.0, 2.0, 1.0, 2.0, 1.0, -1.0, 3.0, -1.0, 1.0, 0.0, -1.0, 1.0, -1.0, 2.0, 1.0, 1.0, 0.0, 2.0, -1.0, 2.0, 1.0, 3.0, 0.0, 0.0, 2.0, -1.0, 0.0, -0.510326800933, -1.0, 2.58404852245, 1.0, 3.0, 2.0, -1.0, 2.0, 0.0, -0.448181680012, 3.0, 1773.0, 516.0, 432.0
-1.0, 3.0, 2.0, 0.0, -1.0, -1.0, 2.78700959826, 1.0, 0.0, 3.0, -1.0, 3.0, -1.0, -1.0, 1.0, 3.0, 0.0, 3.0, 3.0, 2.0, 0.85781595522, 0.0, 0.0, -1.0, 2.58119143101, 3.0, 1.0, 1.28537608502, 0.0, 0.550266770296, 0.0, 2.0, 1.0, -1.0, 2.0, 0.0, 1.0, 1.0, 2.0, 3.0, 1.08794681639, 3.0, 2.0, 2.0, -1.0, -1.0, -1.0, -1.0, 3.0, 0.0, 1586.0, 545.0, 432.0
3.0, 0.0, -1.0, 3.0, 2.0, 3.0, 2.0, 3.0, 0.0, 3.0, -1.0, 2.37657179173, -1.0, 2.0, -1.0, 1.0, -1.0, 0.0, 1.0, -1.0, 0.303287266658, -0.986884785545, 0.0, 1.0, 2.0, 2.0, 2.0, 1.0, -1.0, 1.0, 3.0, -1.0, 0.0, 2.0, -0.583120546803, 1.0, 2.0, 2.0, 1.0, 2.0, -1.0, -1.0, 3.0, 2.0, 0.0, 3.0, 2.0, -1.0, -1.0, 1.0, 1652.0, 541.0, 441.0
-1.0, 3.0, 3.0, -0.60631664127, 2.0, 0.0, 1.0, 3.0, -0.198925721141, 3.0, 0.0, -1.0, -1.0, 1.1722226939, -1.0, 1.57789747526, 3.0, 3.0, 0.0, 2.0, 0.0, 3.0, -1.0, 3.0, 2.0, 1.0, 1.0, 1.0, -1.0, 2.14619887184, 1.0, -1.0, -1.0, 3.0, 0.0, 2.0, -1.0, 2.0, 0.0, 1.0, -1.0, 3.0, 2.0, 2.03011649657, -1.0, 3.0, 0.260358524551, -1.0, 0.0, -1.0, 1735.0, 524.0, 449.0
0.0, 2.0, -1.0, -1.0, -1.0, 1.0, -1.0, 2.0, 2.0, 1.0, 3.0, 1.0, 1.0, 1.0, -1.0, -1.0, 3.0, -1.0, 0.0, 1.0, 1.0, 3.0, -1.0, 2.0, -1.0, 1.0, 0.0, 0.0, 0.0, -1.0, -1.0, 0.0, 2.0, 2.0, 3.0, 2.0, 0.0, -1.0, 2.0, 1.0, 0.0, -1.0, 1.0, 3.0, 2.0, 1.0, 2.0, 3.0, 0.0, 1.0, 1783.0, 520.0, 439.0
0.28345083737, 0.0725510595433, -1.0, 2.0, -1.0, 3.0, 1.0, 2.96304814134, 0.0, -1.0, -1.0, 3.0, -1.0, 3.0, 3.0, 0.0, 2.0, 1.0, 0.0, 3.0, -1.0, 3.0, 2.58990242073, 3.0, 1.0, 2.7732683619, 2.0, 3.0, 2.18169568537, -0.413039069457, 1.64753141522, 2.44760144386, 0.0, -1.0, 2.0, 1.0, 3.0, 2.0, 1.98781687894, 0.759546978744, 0.0, -1.0, 0.0189342578425, -1.0, 2.12867643858, 1.0, 2.0, -1.0, 3.0, 1.0, 1635.0, 579.0, 463.0
3.0, 0.0, -1.0, 3.0, 2.0, 3.0, 2.0, 3.0, 0.0, 3.0, -1.0, 2.37657179173, -1.0, 2.0, 1.03037146207, 1.0, -1.0, 0.0, 1.0, -1.0, 0.303287266658, -0.986884785545, 0.0, 1.0, 2.0, 2.0, 2.0, 1.0, -1.0, 0.421047691181, 3.0, -1.0, 0.0, 2.0, -0.583120546803, 1.0, 1.03279760715, 2.0, -0.806225141165, 2.0, -1.0, -1.0, 3.0, 2.0, 0.0, 3.0, 2.0, -1.0, -1.0, 1.0, 1649.0, 548.0, 439.0
0.0, 0.0, 3.0, -1.0, 1.0, -1.0, 1.0, 2.0, 0.0, 0.0, 2.0, 1.0, 3.0, 0.0, -1.0, 1.0, -1.0, 1.0, 1.0, 1.0, -1.0, 3.0, 2.0, 0.0, 2.0, 2.0, -1.0, 0.0, -1.0, 2.0, 3.0, 2.0, 3.0, 0.0, -1.0, -1.0, 0.0, 0.0, 0.0, -1.0, -1.0, 1.0, 1.0, 1.0, -1.0, 3.0, 2.0, 2.0, -1.0, -1.0, 1819.0, 528.0, 441.0
2.0, 0.0, -1.0, -1.0, -1.0, 2.0, 2.0, 0.0, 1.0, 2.0, 1.0, 1.0, 0.0, 2.0, 2.0, 3.0, 3.0, -1.0, -1.0, 3.0, 0.0, -1.0, 2.0, -1.0, 0.0, 0.0, 1.0, 0.0, -0.174493718676, 0.0, 0.0, -1.0, 1.0, 2.0, -0.734429805733, 1.0, 2.0, -1.0, 3.0, -1.0, 0.0, 1.0, 3.0, 3.0, 2.0, 0.0, 3.0, -1.0, -1.0, 2.0, 1829.0, 543.0, 439.0
3.0, 0.0, -1.0, 1.0, 1.0, 1.0, 2.0, -1.0, -1.0, 2.0, 0.0, 0.0, 2.0, 0.341100822792, 0.0, 1.0, 2.0, -1.0, -1.0, 2.0, -1.0, -1.0, 3.0, 0.0, 1.0, 0.0, 2.0, -1.0, 0.0, -1.0, 2.0, -1.0, 0.0, 2.0, 2.0, 0.0, 2.11153603935, 3.0, 1.0, -1.0, -1.0, -1.0, 2.0, 1.0, -1.0, 2.0, 1.0, 0.0, 1.0, 3.0, 1974.0, 520.0, 447.0
-1.0, 3.0, 3.0, 2.0, 0.0, 0.0, 1.0, 3.0, 1.0, 3.0, 0.0, -1.0, -1.0, 0.0, -1.0, 2.0, 3.0, 3.0, 0.0, 2.0, 0.0, 3.0, -1.0, 3.0, 2.0, 1.0, 1.0, 1.0, -1.0, 2.0, 1.0, -1.0, -1.0, 3.0, 0.0, 2.0, -1.0, 2.0, 0.0, 1.0, -1.0, 3.0, -1.0, 1.0, -1.0, 3.0, 1.0, -1.0, 0.0, -1.0, 1798.0, 522.0, 452.0
0.0, 2.0, -1.0, -1.0, -1.0, 1.0, -1.0, 2.0, 2.0, 1.0, 3.0, 1.0, 1.0, 1.0, -1.0, -1.0, 3.0, -1.0, 0.0, 2.19118267838, 1.0, 3.0, -1.0, 2.0, 1.27710687882, 1.0, 0.0, -0.374149385315, 0.0, -1.0, -1.0, 0.0, 2.0, 2.0, 3.0, 2.0, 0.0, -1.0, 2.10857975721, 1.0, 0.0, -1.0, 1.0, 3.0, 2.0, 1.0, 2.0, 2.90721696438, 0.0, 1.0, 1787.0, 533.0, 451.0
3.0, 0.0, -1.0, 3.0, 2.0, 3.0, 2.0, 3.0, 0.0, 3.0, -1.0, 3.0, -1.0, 2.0, -1.0, 1.0, -1.0, 0.0, 1.0, -1.0, 0.0, 1.0, 0.0, 1.0, 2.0, 2.0, 2.0, 1.0, -1.0, 1.0, 3.0, -1.0, 0.0, 2.0, -1.0, 1.0, 2.0, 2.0, 1.0, 2.0, -1.0, -1.0, 3.0, 2.0, 0.0, 3.0, 2.0, -1.0, -1.0, 1.0, 1678.0, 552.0, 456.0
0.0, 2.0, 1.0, 0.0, 3.0, 2.0, 2.0, 3.0, 0.0, 3.0, 3.0, -1.0, 1.0, -1.0, 1.0, 2.0, 1.0, 2.0, 3.0, 3.0, 0.0, 1.0, 0.0, 3.0, 0.0, 3.0, 2.0, 1.0, -1.0, 1.0, -1.0, 2.79320237096, 1.0, -0.895926903334, 3.0, 2.74776489974, 1.38358748152, -1.0, 2.0, -1.0, 2.21988090948, 1.0, 1.0, 2.0, 3.0, 2.0, 1.0, -1.0, -1.0, 0.0, 1651.0, 601.0, 472.0
2.0, 0.0, 0.0477062040339, -1.0, 0.0, 1.0, -1.0, 2.45957213325, 0.0, 0.0, 2.0, 2.0, 3.0, -0.747297815105, 3.0, 2.0, 3.0, 3.0, 3.0, 3.0, -0.208274909737, -1.0, 1.0, 0.0, 0.223878280396, 1.0, -0.900137335826, 0.0, 1.0, 1.0, 3.0, 2.0, 2.0, 1.28868960601, 1.0, -1.0, 1.0, 3.0, -1.0, -1.0, 1.0, 2.48275738501, 2.0, 1.0, 2.0, 0.0, -1.0, 0.0, -1.0, 3.0, 1727.0, 591.0, 453.0
2.0, -1.0, 0.0, -1.0, -1.0, -1.0, 0.0, -1.0, 3.0, 2.0, 2.0, 0.0, -0.715161382442, 1.0, 2.0, 0.089972729122, 2.0, -1.0, -1.0, -1.0, 0.0, 1.0, 2.0, -0.990169967976, 3.0, 3.0, 2.0, -0.841435683041, 3.0, 0.0, 3.0, 0.0, 1.896602915, 3.0, 0.0, 3.0, 1.0, 2.0, 2.38631514448, 1.0, 0.765024631079, 1.0, 1.0, -1.0, 0.0, 0.0, 1.0, 2.0, 2.0, 2.0, 1761.0, 562.0, 454.0
1.0, -1.0, 0.0, 2.0, 3.0, -1.0, -1.0, -1.0, -1.0, 1.0, 0.0, 0.0, 1.0, 2.0, 1.0, 2.0, 1.0, -1.0, 3.0, -1.0, 1.0, 0.0, -1.0, 1.0, -1.0, 2.0, 1.0, 1.0, 0.0, 2.0, -1.0, 2.0, 3.0, 3.0, 0.0, 0.0, 2.0, -1.0, 0.0, 1.0, -1.0, 2.0, 1.0, 3.0, 2.0, -1.0, 2.0, 0.0, 0.0, 3.0, 1847.0, 530.0, 451.0
2.0, 0.0, -1.0, -1.0, -1.0, 2.0, 2.0, 0.0, 1.0, 2.0, 1.0, 1.0, 0.0, 2.0, 2.0, 3.0, 3.0, -1.0, -1.0, 3.0, 0.0, -1.0, 2.0, 3.0, 0.0, 0.0, 1.0, 0.0, -1.0, 0.0, 0.0, -1.0, 1.0, 2.0, 0.0, 1.0, 2.0, -1.0, 3.0, -1.0, 0.0, 1.0, 3.0, 3.0, 2.0, 0.0, 3.0, -1.0, -1.0, 2.0, 1826.0, 556.0, 447.0
1.0, 1.0, 2.0, 0.0, 2.0, -1.0, 1.0, 3.0, -1.0, -1.0, 3.0, 3.0, -1.0, -1.0, 0.0, -1.0, 0.0, 3.0, 1.0, 2.0, -0.166022357259, 1.0, -1.0, -1.0, 0.0, 0.0, 1.0, -1.0, -1.0, 1.0, 2.0, -1.0, 1.0, 2.0, 1.0, 0.0, 2.0, 2.0, -1.0, 1.0, 0.0, 3.0, -1.0, 1.0, 0.0, 0.0, 0.0, 3.0, 3.0, 2.0, 1830.0, 536.0, 444.0
1.0, 2.15633012698, 3.0, -1.0, -1.0, 1.9248617415, 2.0, -1.0, 2.0, 1.0, 1.0, -1.0, 1.0, 1.0, 2.0, 1.0, 1.21475069475, 0.0, 3.0, -1.0, 0.0, 2.0, 2.0, 2.0, 3.0, -0.447360167284, 1.0, 0.0, 0.0, -1.0, 0.0, -1.0, 0.0, -0.942697539932, -1.0, -1.0, 0.0, 3.0, 3.0, -1.0, -1.0, 0.0, 1.0, 1.0, 3.0, 1.0, 0.0, 1.62254754998, 1.0, -1.0, 1889.0, 553.0, 442.0
1.0, 2.0, 0.0, 0.603582278981, 2.0, 2.0, -1.0, 1.0, -1.0, -1.0, 0.0, 2.0, 2.0, 1.92174324658, 2.0, 1.0, -0.839562863805, -0.490049424968, 3.0, -1.0, 2.96831448852, 0.0, 1.0, 2.31259897998, 1.0, 1.0, -1.0, 1.0, 0.114203391266, 2.0, -1.0, 3.0, -1.0, 2.0, 3.0, -1.0, 0.0, 1.0, 1.0, 0.0, -0.169967883597, 0.0, 2.0, 3.0, 2.67150995145, 1.0, 3.0, 2.4039593099, -1.0, 3.0, 1824.0, 582.0, 451.0
0.0, -1.0, 1.0, 0.0, 0.0, 3.0, 3.0, 0.0, -1.0, -1.0, 3.0, -1.0, 2.0, 2.0, 2.0, 1.0, -1.0, 1.0, 1.44565534823, 3.0, 1.0, 2.0, 1.0, 1.0, -0.896499119644, 0.928549362117, -1.0, 3.0, 0.0, 2.0, 3.0, 1.0, 1.0, 1.51387068315, 3.0, 2.0, 0.0, -1.0, 2.0, 1.0, 2.0, -1.0, 0.0, 0.0, 2.0, 0.0, -1.0, -1.0, 2.0, -1.0, 1801.0, 543.0, 455.0
3.0, -1.0, 2.56601389183, 1.0, 2.0, 1.69960380431, 1.0, 0.0, 1.0, -1.0, 0.577612594578, 0.0, 3.0, 2.0, 3.0, 2.3079411093, 3.0, -1.0, 0.0, 0.0, 2.0, 2.0, 1.0, 1.0, 3.0, -1.0, 3.0, 2.96939879186, -1.0, -1.0, 0.0, 1.99329521948, 1.0, 0.0, 1.0, -0.869976020563, -0.684589982412, 2.89048240372, 2.0, 3.0, 2.63712779923, 2.0, 3.0, -1.0, 2.0, 1.0, -1.0, 1.0, -1.0, -1.0, 1735.0, 559.0, 467.0
1.0, 1.0, 3.0, -1.0, 3.0, -1.0, 2.0, 2.0, 2.0, 1.0, 1.0, 1.0, 1.0, 3.0, 3.0, 1.0, 1.0, 2.0, 3.0, 1.0, -1.0, 3.0, -1.0, -1.0, 0.0, -1.0, 0.0, 2.0, 0.0, 1.0, 0.0, 2.0, 2.0, 3.0, 0.0, 3.0, 2.0, 2.0, 2.0, -1.0, -1.0, 0.0, 2.0, 0.0, -1.0, 0.0, 1.0, -1.0, -1.0, 2.0, 1744.0, 562.0, 465.0
2.0, 1.0, 0.0, 3.0, 1.0, -1.0, 3.0, 2.0, 0.0, 0.0, -1.0, -1.0, 1.0, 0.0, -1.0, 0.0, 0.0, 1.0, 1.0, -1.0, 2.0, 2.0, -1.0, -1.0, 0.0, 3.0, 0.0, 0.0, -1.0, 3.0, 1.0, -1.0, 0.0, 3.0, 1.0, 0.0, -1.0, 3.0, -1.0, -1.0, -1.0, 3.0, 2.0, 1.0, -1.0, 1.0, 1.0, 2.0, 3.0, 1.0, 1906.0, 531.0, 454.0
2.0, 2.0, -1.0, 0.0, 3.0, 0.0, -1.0, 3.0, -1.0, -1.0, -1.0, -1.0, 1.0, 0.0, -1.0, 1.0, 0.0, 1.0, 0.0, 2.0, 1.0, 1.0, 2.0, 0.0, 0.0, -1.0, 1.0, 2.0, 2.0, 1.0, 2.0, -1.0, 1.0, -1.0, 0.0, 2.0, 2.0, 1.0, -1.0, 2.0, -1.0, 1.0, 3.0, 3.0, 1.0, 0.0, 1.0, 0.0, 2.0, 0.0, 1864.0, 540.0, 454.0
2.0, 1.0, 0.0, 3.0, 0.538228012368, -1.0, 3.0, 2.0, -0.236672550223, -0.976143210315, -1.0, -1.0, 1.0, 0.0, 2.0, 0.0, 0.0, 1.0, 1.0, -1.0, 2.0, 2.0, -0.0864023388762, -1.0, 0.0, 3.0, 0.0, 0.0, -1.0, 3.0, 1.0, -1.0, 0.0, 3.0, 1.0, 0.0, -1.0, 3.0, -1.0, -1.0, -1.0, 3.0, 3.0, 1.0, -1.0, 1.0, 1.0, 2.0, 3.0, 1.0, 1863.0, 545.0, 454.0
3.0, 1.0, 1.0, 0.0, 0.0, -1.0, -1.0, -1.0, -1.0, 2.0, 1.0, 1.0, 2.0, -1.0, 3.0, -1.0, 1.0, 0.0, 2.0, -1.0, 0.0, 2.0, -1.0, 2.0, 2.0, 1.0, 1.0, 0.0, 3.0, -1.0, 2.0, 0.0, -1.0, -1.0, 2.0, 1.0, -1.0, -1.0, 0.0, 0.0, 0.0, 2.0, 1.0, 0.0, 1.0, 3.0, 2.0, 3.0, 1.0, 0.0, 1893.0, 536.0, 445.0
0.823981009083, 2.0, 3.0, -1.0, -1.0, 2.26124801806, 2.0, -1.0, 2.0, 1.0, 1.95430518504, -1.0, 1.0, 1.0, 2.0, 1.0, 0.0, -0.186259998141, 3.0, 3.0, 0.0, 2.0, 2.0, 2.0, 3.0, 1.34833435036, 1.0, 0.0, 0.0, -1.0, -0.390402591994, -1.0, 0.0, -1.0, -1.0, -1.0, 0.0, 3.0, 3.0, -1.0, -1.0, 0.0, 1.0, 1.0, 3.0, 1.0, 0.0, 2.0, 1.0, -1.0, 1878.0, 563.0, 451.0
1.0, -1.0, 0.0, -1.0, 2.0, 0.0, 3.0, 2.0, 3.0, -1.0, 1.0, 0.0, 1.0, -1.0, 1.0, 3.0, 3.0, 1.0, 3.0, 3.0, 2.0, 0.0, 2.0, 0.0, 3.0, 0.0, 1.0, 1.0, 2.0, -1.0, -1.0, 0.0, 3.0, -1.0, 2.0, 2.0, 1.0, -1.0, 3.0, 1.0, 0.0, 1.0, 1.0, 2.0, -1.0, -1.0, 0.0, 2.0, -1.0, 1.0, 1829.0, 547.0, 465.0
-1.0, 2.0, 0.0, 2.0, 2.1926634939, -1.0, -1.0, -1.0, 0.0, -1.0, 2.46452710688, 3.0, -1.0, -1.0, -1.0, 0.0, 2.0, 0.0, 2.0, 1.0, 2.14933245248, 0.0, 2.0, 1.0, 1.0, 2.0, 2.0, -0.280214277471, 3.0, 0.286190434829, 2.6196675669, -1.0, 3.0, 0.0, -0.634324162021, 3.0, 0.471634479199, 2.0, 2.0, 1.0, 2.0, -1.0, 3.0, 1.0, -1.0, 0.0, 3.0, 0.0, 3.0, 0.0, 1842.0, 546.0, 460.0
0.0, -1.0, 1.0, 0.0, 0.0, 3.0, 3.0, 0.0, -1.0, -1.0, 3.0, -1.0, 2.0, 2.0, 2.0, 1.0, -1.0, 1.0, 1.0, 3.0, 1.0, 2.0, 1.0, 1.0, 0.0, -0.0518395640816, -1.0, 3.0, 0.0, 2.0, 3.0, 1.0, 1.0, 1.0, 2.49771828562, 2.0, 0.0, -1.0, 2.0, 1.0, 2.0, -1.0, 0.0, -0.659382259139, 2.0, 0.0, -1.0, -1.0, 2.0, -1.0, 1853.0, 545.0, 461.0
1.0, 2.0, 3.0, -1.0, -1.0, -1.0, 1.0, 0.0, 2.0, 3.0, 2.0, 0.0, 3.0, 2.0, 2.0, 2.0, 1.0, 1.0, -1.0, -1.0, 0.0, -1.0, 2.0, 3.0, 1.0, 0.0, 0.0, 1.0, -1.0, 3.0, 1.0, 1.0, 3.0, 2.0, -1.0, -1.0, 2.0, 2.0, -1.0, 1.0, -1.0, 3.0, 3.0, -1.0, 1.0, 3.0, 2.0, 0.0, 0.0, -1.0, 1840.0, 560.0, 463.0
0.0, -1.0, 2.0, 3.0, 2.0, 3.0, 2.0, 3.0, 2.0, 2.0, -1.0, 1.0, 3.0, -1.0, 1.0, 0.0, 3.0, 3.0, 2.0, 0.0, 0.0, -0.420491931464, 0.0, -1.0, -1.0, 0.616027345364, 0.0, 2.0, 1.0, 0.0, -1.0, 1.0, 1.0, 1.0, 1.0, -1.0, 0.0, 3.0, -1.0, -1.0, -1.0, 0.0, 3.0, 2.0, 1.0, 3.0, -0.776800054494, 0.0, 0.0, -0.0290324521848, 1814.0, 571.0, 461.0
2.39744517476, -1.0, 0.442096126575, 2.72982006082, 3.0, -0.83932564205, 2.0, 1.0, 1.0, 2.0, -1.0, 1.0, 0.0, -1.0, 0.0, 3.0, 2.0, 0.0, 0.0, 1.0, 0.0, 0.217669679582, 0.0, 1.0, 2.0, 2.0, 2.0, 2.0, -1.0, -1.0, 3.0, -1.0, 0.0, 3.0, 2.0, -1.0, 1.0, 3.0, 2.0, -1.0, -1.0, 1.0, 3.0, 0.0, -1.0, 2.0, 0.0, 3.0, 3.0, 2.0, 1814.0, 560.0, 476.0
1.0, 1.0, 3.0, -1.0, 3.0, -1.0, 2.0, 2.0, 2.87645357273, 1.0, 1.0, 1.0, 1.0, 3.0, 3.0, 1.0, 1.0, 2.0, 3.0, 1.0, -1.0, 3.0, -1.0, 3.0, 0.0, -1.0, 0.0, 2.0, 1.47472805409, 1.00456735458, 0.0, 2.0, 2.0, 3.0, 0.0, 3.0, 1.42191347908, 2.0, 2.0, -1.0, -1.0, -0.185364252396, 2.0, 0.0, -1.0, 0.0, 1.0, -1.0, -1.0, 2.87469455303, 1739.0, 575.0, 475.0
-0.513808848051, -0.162673813123, -1.0, 3.0, 3.0, 1.0, 3.0, -1.0, 2.0, 0.0, 1.0, 1.0, 3.0, 2.0, 1.0, -1.0, 3.0, 0.0, 1.0, 2.0, -1.0, 3.0, 2.0, 0.0, -1.0, 2.0, 0.854040467975, 3.0, -1.0, 2.0, 2.0, -0.635694723282, 0.0, -0.976185998229, 3.0, 1.0, -1.0, -1.0, 3.0, -1.0, 1.0, 3.0, 1.0, 2.0, 0.0, 1.0, 2.42453526053, 1.0, 2.0, 0.0, 1780.0, 561.0, 467.0
1.0, 1.0, 3.0, -1.0, 3.0, -1.0, 2.0, 2.0, 2.0, 1.0, 1.0, 1.0, 1.0, 3.0, 3.0, 1.0, 1.0, 2.0, 3.0, 1.0, -1.0, 3.0, -1.0, -1.0, 0.0, -1.0, 0.0, 2.0, 0.0, 1.0, 0.0, 2.0, 2.0, 3.0, 0.0, 3.0, 1.42191347908, 2.0, 2.0, -1.0, -1.0, 0.0, 2.0, 0.0, -1.0, 0.0, 1.0, -1.0, -1.0, 2.0, 1752.0, 562.0, 465.0
2.0, 1.0, 0.122433341803, 0.103980230765, 1.0, -1.0, 3.0, 2.258111937, 0.0, 0.0, -1.0, -1.0, 1.0, 0.0409691470186, -1.0, 0.0, 0.0, 1.0, 1.0, -1.0, 2.0, 2.0, -1.0, -1.0, 0.0, 3.0, 0.0, 0.0, -1.0, 3.0, 1.91168013563, -1.0, 0.0, 3.0, 1.0, 0.0, -1.0, 3.0, -1.0, -1.0, -1.0, 2.59121211978, 1.84266178656, 1.0, -1.0, 1.0, 1.0, 2.0, 3.0, 1.0, 1950.0, 531.0, 454.0
2.0, 2.0, -1.0, 0.0, 3.0, 0.0, -1.0, 3.0, -1.0, -1.0, -1.0, -1.0, 1.0, 0.0, -1.0, 1.0, 0.0, 1.0, 0.0, 2.0, 1.0, 1.0, 2.0, 0.0, 0.0, -1.0, 1.0, 2.0, 2.0, 1.0, 1.11863629203, -1.0, 1.0, -1.0, 0.0, 2.0, 2.0, 1.0, -1.0, 2.0, -1.0, 1.0, 3.0, 3.0, 1.0, 0.0, 1.0, 0.0, 2.0, 0.0, 1883.0, 540.0, 454.0
-1.0, 0.0, -1.0, 1.0, 2.0, 1.0, 0.0, 3.0, 2.0, 2.0, 2.0, 3.0, -1.0, -1.0, 1.0, 3.0, 2.0, 1.0, 0.0, 3.0, -1.0, 3.0, -1.0, -1.0, 2.0, 0.0, 2.0, 0.0, 3.0, 2.0, 1.0, 0.0, 2.0, 1.0, 1.0, 0.0, 3.0, 1.0, 0.0, -1.0, -1.0, 2.0, 1.0, 2.0, -1.0, -1.0, 1.0, 0.0, -1.0, 0.0, 1868.0, 549.0, 454.0
-1.0, 1.0, 1.0, 0.0, 3.0, 2.0, 3.0, 1.0, -1.0, 3.0, 0.0, 1.0, 3.0, 2.0, 0.0, -1.0, -1.0, 1.0, 2.0, -1.0, 2.0, 1.0, 0.0, 1.0, -1.0, 0.0, 2.0, 2.0, -1.0, -1.0, 3.0, 3.0, 1.0, 0.0, 2.0, -1.0, 1.0, 2.0, 0.0, -1.0, 2.0, 3.0, 2.0, 0.0, 1.0, 1.0, 2.0, 0.0, -1.0, 0.0, 1885.0, 576.0, 452.0
1.0, 2.0, 3.0, -1.0, -1.0, 0.0, 2.0, -1.0, 2.0, 1.0, 1.0, -1.0, 1.0, 1.0, 2.0, 1.0, 0.0, 0.0, 3.0, 3.0, 0.0, 2.0, 2.0, 2.0, 3.0, 0.0, 1.0, 0.0, 0.0, -1.0, 0.0, -1.0, 0.0, -1.0, -1.0, -1.0, 0.0, 3.0, 3.0, -1.0, -1.0, 0.0, 1.0, 1.0, 3.0, 1.0, 0.0, 2.0, 1.0, -1.0, 1950.0, 563.0, 451.0
1.0, -1.0, 0.0, -1.0, 2.11386720843, 0.0, 3.0, 2.0, 3.0, -1.0, 1.0, 0.0, 1.0, -1.0, 1.0, 3.0, 3.0, 1.0, 3.0, 3.0, 2.0, 0.0, 2.0, 0.0, 3.0, 0.0, 1.0, 1.0, 2.0, -1.0, -1.0, 0.0, 3.0, -1.0, 2.0, 2.0, 1.0, -1.0, 3.0, 1.0, 0.0, 1.0, 1.0, 0.569192589869, -1.0, -1.0, 0.0, 2.0, -1.0, 1.0, 1834.0, 547.0, 465.0
0.0, 2.0, -1.0, -1.0, -1.0, 1.0, -1.0, 2.0, 2.0, 1.0, 3.0, 1.0, 1.0, 1.0, -1.0, -1.0, 3.0, -1.0, 0.0, 1.0, 1.0, 3.0, -1.0, 1.68093729955, 0.801831533269, 1.0, 0.0, 0.0, 0.0, -1.0, -1.0, 0.0, 2.0, 2.0, 3.0, 2.0, 0.0, 1.3889586964, 2.0, 1.0, 0.559829286448, -1.0, 1.0, 3.0, 2.0, 1.0, 2.0, 3.0, 0.0, 1.0, 1847.0, 551.0, 463.0
1.0, 1.0, 2.0, 0.0, 2.0, -1.0, 1.04193646827, 3.0, 0.814640928969, -1.0, 3.0, 3.0, -1.0, -1.0, 0.0, -1.0, 0.0, 3.0, 1.67572713722, 2.0, -0.166022357259, 1.0, -1.0, -1.0, 0.0, 0.0, 1.0, -1.0, -1.0, 1.0, 2.0, -1.0, 3.0, 2.0, 1.0, 0.0, 1.43236486442, 2.0, 0.904356327332, 1.0, 0.0, 3.0, -1.0, 1.0, 0.0, 0.0, 0.0, 3.0, 3.0, 2.0, 1860.0, 566.0, 462.0
1.0, -1.0, 0.0, 1.26521078445, 2.92027411957, 1.18429314122, -1.0, -1.0, -1.0, 1.0, 0.0, 0.0, 1.0, 2.0, 1.0, 2.0, 1.50366627159, -1.0, 3.0, -1.0, 1.0, 0.0, 2.69887262096, 1.0, -1.0, 2.8824406248, 0.758423849943, 1.0, -0.251983759617, 2.0, -1.0, 2.31383609726, 3.0, 3.0, 0.0, 0.0, 2.0, -1.0, 0.0, 1.86998494157, -1.0, 2.0, 1.0, 3.0, 2.0, -1.0, 2.72729762016, -0.33353724228, 3.0, 3.0, 1795.0, 562.0, 470.0
2.55570941375, 0.0, -1.0, -1.0, 2.0, 3.0, 1.0, 3.0, 0.0, 2.0, -1.0, 0.0, -0.935348484687, 1.0, -0.173399452793, -1.0, 2.0, 1.51234759087, 1.0, 1.0, 0.0, 0.0, -1.0, 1.7592502297, 0.0, 1.0, 2.0, 2.0, -1.0, 0.0, 3.0, -1.0, 3.0, 3.0, 1.0, -1.0, 3.0, 0.0, 2.0, 2.0, 3.0, 0.0, 0.0, 1.0, 2.0, 3.0, 2.38332151062, 3.0, 1.0, 0.354630527996, 1754.0, 598.0, 475.0
2.0, 0.0, 1.0, -1.0, 0.0, 1.0, -1.0, 2.45957213325, 0.0, 0.0, 2.0, 2.0, 3.0, -0.747297815105, 3.0, 2.0, 3.0, 3.0, 3.0, 3.0, -0.208274909737, -1.0, 1.0, 0.0, 0.223878280396, 1.0, 0.0, 0.0, 1.0, 1.0, 3.0, 2.0, 2.0, 3.0, 1.0, -1.0, 1.0, 3.0, -1.0, -1.0, 1.0, 2.48275738501, 2.0, 1.0, 2.0, 0.0, -1.0, 0.0, -1.0, 3.0, 1770.0, 605.0, 466.0
-0.62704200158, 3.0, 1.0, 3.0, -1.0, 0.0, 3.0, -1.0, 1.0, 2.85490141588, 2.0, 3.0, 1.0, -0.644225273771, -1.0, -1.0, 0.0, 0.0, -1.0, 1.0, 0.0, 3.0, -1.0, -0.423074423176, 1.0, 0.0, 0.0, 3.0, 1.95424687342, 0.0, 3.0, 3.0, 1.0, 1.8039672146, 0.0, 1.0, 3.0, 0.0, -1.0, 2.0, 2.0, 1.0, 3.0, 3.0, -1.0, 2.0, -1.0, 1.0, 2.0, 2.0, 1770.0, 566.0, 468.0
2.90668150505, -1.0, 2.24455846774, 2.0, 2.0, 1.0, -1.0, 2.0, 1.0, 1.0, 1.0, -1.0, 3.0, 2.0, 2.0, 3.0, 2.0, 1.0, 2.0, 3.0, 0.0, 0.796355961271, -1.0, 0.0, -1.0, 0.960033763211, 0.0, -1.0, 1.0, 0.0, 0.0, 3.0, 1.0, 2.0, 1.0, 3.0, 1.0, 3.0, 0.0, -1.0, 3.0, 3.0, -1.0, 0.0, -1.0, 0.0, -1.0, 1.0, 2.0, 0.0, 1791.0, 575.0, 467.0
0.0, 1.0, 3.0, 2.0, 1.0, 0.0, 1.0, 3.0, 2.0, 1.0, 1.0, 2.0, 2.0, 0.0, 1.0, 1.0, -1.0, -1.0, 1.0, -1.0, -1.0, 3.0, 3.0, -1.0, 0.0, -1.0, 0.0, 3.0, 3.0, 3.0, -1.0, 2.0, 1.0, 1.0, -1.0, 0.0, 0.0, 2.0, 3.0, 2.0, -1.0, 2.0, -1.0, 0.0, 3.0, 2.0, 2.0, 2.0, -1.0, -1.0, 1806.0, 565.0, 465.0
0.0, 0.0, -1.0, -1.0, 0.0, 1.0, 3.0, 3.0, 0.0, 2.0, 0.0, 2.0, 0.0, -1.0, 1.90516092156, 3.0, 2.0, 2.26245875066, 1.0, 1.28637575104, 2.0, 2.0, 1.0, -1.0, 0.0, 3.0, -0.900137335826, 2.0, 2.0, 0.0, -1.0, 3.0, 3.0, 0.0, 1.0, 3.0, 2.0, 2.0, 1.0, -1.0, 1.0, 3.0, 2.0, 2.0, 1.0, -1.0, 2.2537173321, 1.0, -1.0, 0.0, 1767.0, 592.0, 484.0
2.0, 0.934885972764, -1.0, 2.0, 3.0, -1.0, 0.0, 0.0, 2.0, -0.838537411257, -1.0, 3.0, 2.85414446551, 1.0, -1.0, 3.0, 0.0, -1.0, 1.76148681281, -0.356950597372, 0.0, -1.0, 2.0, 1.0, 0.0, 3.0, 0.0, 0.0, 1.0, 3.0, 1.0, 1.0, 2.0, 3.0, 2.0, 2.0, -0.537155480637, 0.568465882993, 2.0, 3.0, -1.0, 0.0, 2.0, -1.0, 3.0, 2.34388355445, -1.0, 2.0, 0.0, 0.0240659000265, 1779.0, 562.0, 482.0
3.0, 0.0, -1.0, 1.0, 1.0, 1.0, 2.0, -1.0, -1.0, 2.0, 0.0, 0.0, 2.0, 0.341100822792, 0.0, 1.0, 2.0, -1.0, -1.0, 2.0, 3.0, -1.0, 3.0, 0.0, 1.0, 0.0, 2.0, -1.0, 0.0, -1.0, 2.0, -1.0, 0.0, 2.0, 2.0, 0.0, 2.0, 3.0, 1.0, -1.0, -1.0, -1.0, 2.0, 1.0, -1.0, 2.0, 1.0, 0.0, 1.0, 3.0, 1990.0, 534.0, 454.0
2.0, 2.0, -1.0, 0.0, 2.06459683315, 0.0, -1.0, 3.0, -1.0, -1.0, -1.0, -1.0, 1.0, 0.0, -1.0, 1.0, 0.0, 1.0, 0.0, 2.0, 1.0, 1.0, 2.0, 0.0, 0.0, -1.0, 1.0, 2.0, 2.0, 1.0, 2.0, -1.0, 1.0, -1.0, 0.0, 2.0, 2.0, 1.0, -1.0, 2.12876582104, -1.0, 1.0, 3.0, 3.0, 1.0, 0.0, 1.0, 0.0, 2.0, 0.0, 1890.0, 540.0, 454.0
2.0, 3.0, 1.0, -1.0, 0.0, 1.0, 2.0, 2.0, 0.0, 2.0, 0.0, 1.0, 2.0, 3.0, -1.0, 1.0, 1.88676510696, 3.0, -1.0, -1.0, 2.0, 3.0, 0.0, 1.0, -1.0, 1.0, 2.0, 1.0, -1.0, 1.0, 3.0, 3.0, 1.0, -0.791772109381, 0.0, 0.0, 2.0, -1.0, 0.0, -1.0, -1.0, 1.0, 3.0, -1.0, -0.941067166519, 3.0, 1.0, 3.0, 2.0, 2.0, 1869.0, 555.0, 467.0
2.0, 0.0, 3.0, 3.0, 0.0, 3.0, 0.0, 1.0, -1.0, 3.0, 1.0, 3.0, 2.0, 0.0, 3.0, -1.0, 1.0, 2.0, 2.0, -1.0, 0.0, -1.0, 2.0, -1.0, 1.0, 3.0, 0.0, 0.0, 2.0, 2.0, -1.0, 1.0, 0.0, 0.0, 0.0, -1.0, 2.0, -1.0, -1.0, 3.0, 2.0, 1.0, 1.0, -1.0, 2.0, 0.0, 2.0, -1.0, 0.0, 1.0, 1872.0, 574.0, 464.0
1.0, -1.0, 0.0, 1.1518389144, 3.0, 1.18429314122, -1.0, -1.0, -1.0, 1.0, 0.0, 0.0, 1.0, 2.0, 1.0, 2.0, 1.50366627159, -1.0, 3.0, -1.0, 1.0, 0.0, 0.406827933466, 1.0, -1.0, 2.0, 1.0, 1.0, -0.251983759617, 2.0, -1.0, 2.0, 3.0, 3.0, 0.0, 0.0, 2.0, -1.0, 0.0, 1.86998494157, -1.0, 2.0, 1.0, 3.0, 2.0, -1.0, 2.72729762016, -0.33353724228, 3.0, 3.0, 1867.0, 562.0, 470.0
0.0, 2.0, 1.0, 0.0, 3.0, 2.0, 2.0, 3.0, 0.0, 3.0, 3.0, -1.0, 1.0, -1.0, 1.0, 2.0, 1.0, 2.0, 3.0, 3.0, 0.0, 1.0, 0.0, 3.0, 0.0, 3.0, 2.0, 1.0, -1.0, 1.0, -1.0, 2.0, 1.0, 0.0, 3.0, 2.0, 0.0, -1.0, 2.0, -1.0, -1.0, 1.0, 1.0, 2.0, 3.0, 2.0, 1.0, -1.0, -1.0, 0.0, 1762.0, 601.0, 481.0
0.0, 0.0, 3.0, -0.744224635507, 2.0, 1.98497365661, 3.0, 2.0, 0.0, 2.0, 3.0, 3.0, -1.0, 1.0, -1.0, 1.0, -1.0, 0.0, 1.0, 2.0, 2.0, 0.0, 2.52732570949, 1.0, 1.0, 2.0, 0.0, 1.0, -1.0, 2.0, -1.0, 3.0, 2.0, -1.0, 3.0, 3.0, 2.0, 3.0, 0.0, -1.0, 2.0, 1.0, -1.0, 0.0, 3.0, 0.0, 1.0, 1.0, 2.0, 1.0, 1780.0, 597.0, 474.0
2.0, 2.0, -1.0, 2.0, 3.0, 1.0, 2.0, -1.0, -1.0, 1.0, 3.0, 0.0, 0.0, 2.0, 0.0, -1.0, 1.14640887265, 2.78452441501, 0.0, 3.0, 1.0, 2.0, -1.0, 1.0, 3.0, 1.0, 2.0, 1.0, -1.0, 0.0, 1.0, 3.0, 2.0, -1.0, -1.0, 3.0, 3.0, 2.0, 1.0, 1.0, 0.0, -1.0, 3.0, 0.0, 2.0, -0.606091386719, 1.0, -1.0, 1.0, 0.0, 1784.0, 566.0, 470.0
2.0, 2.0, -1.0, 2.0, 3.0, 1.0, 2.0, -1.0, -1.0, 1.0, 3.0, 0.0, 0.0, 2.0, 0.0, -1.0, -1.0, 2.0, 0.0, 3.0, 1.0, 2.0, -1.0, 1.0, 3.0, 1.0, 2.0, 1.0, -1.0, 0.0, 0.0, 3.0, 2.0, -1.0, -1.0, 3.0, 3.0, 2.0, 1.0, 1.0, 0.0, -1.0, 3.0, 0.0, 2.0, 0.0, 1.0, -1.0, 1.0, 0.0, 1878.0, 573.0, 466.0
0.0, -1.0, 1.0, 0.0, 2.0, -1.0, 2.0, 1.0, 2.0, -1.0, -1.0, 3.0, 0.0, -1.0, -1.0, 3.0, -1.0, 0.0, 3.0, 1.0, 3.0, 3.0, 0.0, 1.0, 1.0, 1.0, 0.0, 1.0, 0.0, 3.0, 2.0, 2.0, 1.0, 1.0, 2.0, -1.0, 1.0, 2.0, -1.0, -1.0, 0.0, 2.0, -1.0, 3.0, 0.0, 0.0, 0.0, 3.0, 1.0, 3.0, 1908.0, 551.0, 456.0
-1.0, 2.0, 0.0, 2.0, 2.1926634939, -1.0, -1.0, -1.0, 0.0, -1.0, 0.0, 3.0, -1.0, -1.0, -1.0, 0.0, 2.0, 0.0, 2.0, 1.0, 0.0, 0.0, 2.0, 1.0, 1.0, 2.0, 2.0, 0.0, 3.0, 1.0, 2.6196675669, -1.0, 3.0, 0.0, -0.634324162021, 3.0, 1.0, 2.0, 2.0, 1.0, 2.0, -1.0, 3.0, 1.0, -1.0, 0.0, 3.0, 0.0, 3.0, 0.0, 1899.0, 546.0, 460.0
2.0, 0.0, -1.0, -1.0, -1.0, 2.0, 2.0, 0.0, 1.0, 2.0, 1.0, 2.34026040068, 0.0, 2.0, 2.0, 3.0, 3.0, -1.0, -1.0, 3.0, 0.0, -1.0, 2.0, 3.0, 0.0, 0.0, 1.0, -0.459164979042, -1.0, 0.0, 0.0, -1.0, 1.0, 0.0, -0.206283545466, 1.0, 2.0, -1.0, 3.0, 0.313660732405, 0.0, -1.0, 3.0, 3.0, 2.0, 0.0, 3.0, -1.0, -1.0, 2.0, 1919.0, 553.0, 455.0
1.0, -1.0, 3.0, 3.0, -1.0, 3.0, 0.0, 2.0, 0.0, 0.0, 0.0, -1.0, 1.0, 1.0, 2.0, 2.0, 1.0, -1.0, 3.0, 3.0, -1.0, 3.0, 2.0, 2.0, -0.779594843693, 2.0, 0.0, -1.0, 3.0, 2.0, 0.0, 3.0, 0.0, 1.0, 0.0, -1.0, 1.0, 1.0630179313, 2.0, 0.0, 0.0, 3.0, 1.0, 1.0, 1.0, 1.0, -1.0, -1.0, 0.0, -1.0, 1898.0, 568.0, 457.0
2.0, 0.0, 3.0, 3.0, 0.0, 3.0, 0.0, 1.0, -1.0, 3.0, 1.0, 1.78887618372, 2.0, 0.0, 3.0, -1.0, 1.0, 2.0, 0.557120115625, -1.0, 0.0, 0.768701700832, 2.0, -1.0, 1.0, 3.0, 0.0, 0.0, 2.0, 2.0, -1.0, 1.0, 0.0, 0.0, 0.748687520027, -1.0, 2.0, -1.0, -1.0, 3.0, 2.0, 1.0, -1.0, -1.0, 2.0, 0.0, 2.0, -1.0, 1.67693661658, 0.241441849585, 1871.0, 566.0, 468.0
0.0, -1.0, 1.0, 0.0, 0.0, 3.0, 3.0, 0.0, -1.0, -1.0, 3.0, -1.0, 2.0, 2.0, 2.0, 1.0, -1.0, 1.0, 1.0, 3.0, 1.0, 2.0, 1.0, 1.0, 0.0, 0.0, -1.0, 3.0, 0.0, 2.0, 3.0, 1.0, 1.0, 1.0, 3.0, 2.0, 0.0, -1.0, 2.0, 1.0, 2.0, -1.0, 0.0, 0.0, 2.0, 0.0, -1.0, -1.0, 2.0, -1.0, 1872.0, 556.0, 467.0
-1.0, 1.0, -1.0, 2.0, 1.0, 0.0, 2.67176851831, 0.389253021561, 0.0, 3.0, -1.0, 2.12967427947, 2.0, 2.0, 3.0, 3.0, 3.0, 0.0, 0.0, 1.0, 1.0, 0.0, 2.0, 1.0, -1.0, -1.0, -1.0, 0.0, 2.0, -1.0, 3.0, -1.0, 1.0, 1.0, 0.0, 1.0, -1.0, -1.0, 1.0, 3.0, 0.0, 2.0, 2.0, 1.0, 1.83282617916, 3.0, 3.0, 3.0, 3.0, 0.885890330369, 1814.0, 578.0, 493.0
0.0, 1.0, 3.0, 2.0, 1.0, 0.0, 1.10594683854, 3.0, 2.0, 3.0, 1.0, 2.0, 2.04131298111, 0.0, 1.0, 1.0, -1.0, -1.0, 1.0, -1.0, 0.608870107214, 3.0, 3.0, -0.667490440664, 0.0, -1.0, 0.0, 3.0, 3.0, 3.0, -1.0, 2.0, 1.0, 1.0, -1.0, 0.0, 0.0, 2.0, 3.0, 2.0, -1.0, 2.0, -1.0, 0.0, 3.0, 2.0, 2.0, 2.0, -1.0, -1.0, 1796.0, 579.0, 472.0
2.90668150505, -1.0, 2.24455846774, 2.54932947901, 2.0, 1.0, -1.0, 2.0, 1.0, 1.0, 1.0, -1.0, 3.0, 2.0, 2.0, 3.0, 2.5905981489, 1.0, 2.0, 3.0, 0.0, 0.796355961271, -1.0, 0.0, -1.0, 0.960033763211, 0.0, -1.0, 1.0, 0.0, 0.0, 3.0, 1.0, 2.0, 1.0, 3.0, 1.0, 3.0, 0.0, -1.0, 3.0, 3.0, -1.0, 0.0, 1.05751613816, 0.0, -1.0, 1.0, 2.04215360062, 0.0, 1786.0, 594.0, 479.0
2.0, 1.0, -1.0, 2.0, 3.0, -1.0, 0.0, 0.0, 2.0, -0.838537411257, -1.0, 3.0, 1.0, 1.0, -1.0, 3.0, 0.0, -1.0, 1.76148681281, -0.356950597372, 0.0, -1.0, 2.0, 1.0, 0.0, 3.0, 0.0, 0.0, 1.0, 3.0, 1.0, 1.0, 2.0, 3.0, 2.0, 2.0, -0.537155480637, 0.568465882993, 2.0, 3.0, -1.0, 0.0, 2.0, 3.0, 3.0, 1.0, -1.0, 2.0, 0.0, 1.0, 1844.0, 573.0, 488.0
2.0, 2.0, -1.0, 2.0, -1.0, 1.0, -1.0, 2.0, 1.0, 0.658887668744, 1.23359315806, 1.0, -1.0, 1.0, -1.0, -1.0, 2.0, 1.0, 3.0, 0.0, -1.0, 1.0, 0.0, -1.0, 3.0, 1.0, 0.0, 0.845634558456, 3.0, 0.0, 0.0, -1.0, 3.0, 3.0, -1.0, 1.0, 0.0, 0.0, 2.0, 2.0, 1.0, -1.0, -1.0, 3.0, 3.0, 0.627349442978, 2.0, 2.0, 0.0, 3.0, 1967.0, 549.0, 464.0
3.0, 0.0, -1.0, 1.0, 1.0, 1.0, 2.0, -1.0, -1.0, 2.0, 0.0, 0.0, 2.0, 0.0, 0.0, 1.0, 2.0, -1.0, 3.0, 2.0, 3.0, -1.0, 3.0, 0.0, 1.0, 0.0, 2.0, -1.0, 0.0, -1.0, 2.0, -1.0, 0.0, 2.0, 2.0, 0.0, 2.0, 3.0, 1.0, -1.0, -1.0, -1.0, 2.0, 1.0, -1.0, 2.0, 1.0, 0.0, 1.0, 3.0, 2002.0, 547.0, 463.0
-0.92419573434, -1.0, -1.0, -0.5911556369, 2.71723415512, 3.0, 2.0, 1.0, 1.0, 2.0, 1.0, 2.0, 2.0, 0.0, 3.0, 1.0, 2.0, 0.0, 2.0, 3.0, 0.0, 2.0, 1.0, 2.0, 3.0, -1.0, 1.14516498231, 1.0, 3.0, 2.0, 1.0, -1.0, 1.0, -1.0, 3.0, 0.0, 0.737773995199, 0.0, 1.0, 2.0, 3.0, -1.0, 1.0, -1.0, -1.0, 1.0, 3.0, -1.0, 0.0, 0.0, 1961.0, 553.0, 484.0
-1.0, 0.0, -1.0, 0.304287039252, 2.0, 1.31232365843, 0.0, 3.0, 2.0, 2.0, 2.0, 3.0, -1.0, -1.0, 1.0, 3.0, 2.0, 1.33486293185, 0.0, 3.0, -1.0, 3.0, -1.0, -1.0, 2.06018617208, 0.0, 2.0, -0.488060895684, 2.0, 2.0, 1.0, 0.0, 2.0, 1.0, 1.0, 0.0, 3.0, 1.0, 0.980510666931, -1.0, -1.0, 2.0, 1.0, 2.0, 1.80948646654, -0.725617263952, 1.0, 0.0, -1.0, 0.0, 1908.0, 568.0, 466.0
-1.0, 1.0, 1.0, 0.0, 3.0, 2.0, 3.0, 1.0, -1.0, 3.0, 0.0, 1.0, 3.0, 2.0, 0.720164362808, -1.0, -1.0, 1.0, 2.65694778263, 3.0, 2.0, 1.0, 0.0, 1.0, -1.0, 0.0, 2.0, 2.0, -1.0, -1.0, 3.0, 3.0, 1.0, 0.0, 2.0, -1.0, 1.0, 2.0, 0.0, -1.0, 2.0, 3.0, 2.0, 0.0, 1.0, 1.0, 2.0, 0.0, -1.0, 0.0, 1901.0, 586.0, 461.0
2.0, 0.0, 1.31715945693, 3.0, 0.0, 3.0, 0.0, 1.0, -1.0, 3.0, 1.0, 2.20584710371, 2.0, 0.0, 3.0, -1.0, 1.07420891118, 2.0, 2.0, -1.0, 0.0, -1.0, 2.20991612847, -1.0, 1.0, 2.0, 0.0, 0.0, 2.0, 2.0, -1.0, 1.0, 0.0, 0.260515878524, 0.0, -1.0, 2.0, -1.0, -1.0, 3.0, 2.0, 1.0, 1.0, -1.0, 2.0, 1.18789993888, 2.0, -1.0, 0.0, 1.0, 1910.0, 574.0, 464.0
-1.0, 2.0, 0.0, 2.0, 3.0, -1.0, -1.0, -1.0, 0.0, -1.0, 0.0, 3.0, -1.0, -1.0, -1.0, 0.0, 2.0, 0.0, 2.0, 1.0, 0.0, 0.0, 2.0, 1.0, 1.0, 2.0, 2.0, 0.0, 3.0, 1.0, 2.0, -1.0, 3.0, 0.0, 1.0, 3.0, 1.0, 2.0, 2.0, 1.0, 2.0, -1.0, 3.0, 1.0, -1.0, 0.0, 3.0, 0.0, 3.0, 0.0, 1896.0, 556.0, 467.0
2.0, 0.0, 3.0, 3.0, 0.0, 3.0, 0.0, 1.0, -1.0, 3.0, 1.0, 3.0, 2.0, 0.0, 3.0, -1.0, 1.0, 2.0, 2.0, -1.0, 0.0, 0.768701700832, 2.0, -1.0, 1.0, 3.0, 0.0, 0.0, 2.0, 2.0, -1.0, 1.0, 0.0, 0.0, 0.0, -1.0, 2.0, -1.0, -1.0, 3.0, 2.0, 1.0, -1.0, -1.0, 2.0, 0.0, 2.0, -1.0, 0.0, 0.241441849585, 1876.0, 566.0, 468.0
2.0, 2.0, -1.0, 2.0, -1.0, 1.0, -1.0, 2.0, 1.0, 0.658887668744, 1.23359315806, 1.0, -1.0, 1.0, -1.0, -1.0, 2.0, 1.0, 3.0, 0.319939180614, -1.0, 1.0, 0.0, -1.0, 3.0, 1.0, 0.0, 0.845634558456, 3.0, 0.0, 0.0, 3.0, 3.0, 2.73210207404, -1.0, 1.0, 0.0, 2.12509375505, 2.0, 2.81832354037, 1.0, -1.0, -1.0, 3.0, 3.0, 2.94066468379, 2.0, 2.0, 0.0, 3.0, 1878.0, 562.0, 468.0
-1.0, 2.68730577809, -1.0, 2.0, 1.0, 0.0, 2.67176851831, 0.389253021561, 0.0, 3.0, -1.0, 0.0, 2.0, 2.0, 3.0, 3.0, 3.0, 0.0, 0.0, 1.0, 1.0, 0.0, 2.0, 1.0, -1.0, -1.0, -1.0, 0.0, 2.0, -1.0, 3.0, -1.0, 1.0, 1.0, 0.0, 1.0, -1.0, -1.0, 3.0, 3.0, 0.0, 2.0, 2.0, -0.173865589044, 1.83282617916, 3.0, 3.0, 3.0, 2.93833208625, 2.43860238787, 1842.0, 578.0, 493.0
0.0, 2.0, 1.0, -0.416029977518, 3.0, 0.625961761165, 2.0, 3.0, 0.0, 3.0, 3.0, -1.0, 1.0, -1.0, 1.0, 2.0, 1.0, 2.0, 3.0, 3.0, 0.0, 1.0, 0.0, 3.0, 0.0, 1.65336152581, 2.0, 1.0, -1.0, 1.0, -1.0, 2.0, 1.0, 0.0, 3.0, 2.0, 0.0, -1.0, 2.51116796663, -1.0, -1.0, 1.0, 1.0, 2.0, 3.0, -0.498752633263, 2.97150322518, -1.0, -1.0, 0.0, 1790.0, 601.0, 481.0
