0.280025221236, 0.853164372899, 2.20729547391, 0.405153546974, 53.8694396555, 10.6441807162, 0.463217194802, 2.52962583591, 18.4999128576, 41.6428759261, 0.254304420087, 0.0
0.10083421683, 0.844128100556, 2.10005391846, 0.678846348951, 94.5247537367, 15.7654413353, 0.604384011545, 0.0162539013421, 10.6823081101, 47.8386155699, 0.0649756168813, 0.125
0.10083421683, 0.897766636348, 2.08691730017, 0.693631412512, 13.0750727622, 1.15041209863, 0.604384011545, 0.0125831261939, 18.1080950449, 46.581110136, 0.0166078739318, 0.5
0.499285015067, 0.823339541848, 2.69806409404, 0.423171301123, 20.9024128688, 1.96273315826, 0.507122628482, 2.52962583591, 1.00719222117, 31.419409676, 0.0264936731122, 0.78125
0.128609143363, 0.867234148732, 2.13377168941, 0.562612700546, 18.7317819576, 1.07399415032, 0.155806620188, 1.04529212664, 1.19158406842, 42.0669032748, 0.00121254786936, 0.538461538462
0.280025221236, 0.853164372899, 2.01953132578, 0.496745364601, 20.9024128688, 45.8465365496, 0.507122628482, 3.17175550113, 1.00923372458, 49.7651678655, 0.0, 0.0
0.280025221236, 0.853164372899, 2.01953132578, 0.496745364601, 20.9024128688, 1.96273315826, 0.507122628482, 3.17175550113, 1.00923372458, 43.0069351924, 0.017292560091, 0.7
0.145692151631, 0.843547927718, 2.12381669777, 0.401679436597, 40.3540624514, 2.17743000859, 0.0675838942092, 0.002674295005, 14.8404622808, 57.6612179499, 0.0152514705228, 0.125
0.280025221236, 0.853164372899, 2.01953132578, 0.496745364601, 20.9024128688, 1.96273315826, 0.507122628482, 3.17175550113, 1.00923372458, 57.137785327, 0.00952948696751, 0.470588235294
0.618835962374, 0.948252317519, 2.61141428618, 0.562612700546, 56.4693289835, 1.07399415032, 0.131828629892, 0.54601984657, 1.19158406842, 62.5737496586, 0.0236183162393, 0.0
0.280025221236, 0.892635750243, 2.57541810546, 0.691260485145, 20.9024128688, 1.01807462415, 0.0519348147702, 3.23401509612, 1.00923372458, 77.0207253817, 0.00863108474133, 0.222222222222
0.10083421683, 0.844128100556, 2.08691730017, 0.526548486652, 13.5378392968, 1.3388858277, 0.604384011545, 2.66133078352, 33.0863671409, 87.0647719001, 0.00636498774618, 0.454545454545
0.10083421683, 0.844128100556, 2.13377168941, 0.526548486652, 94.5247537367, 13.5737975198, 0.604384011545, 2.94684475792, 5.75367921666, 76.482230964, 0.0216814656236, 0.0
0.826892005941, 0.83288398566, 2.61141428618, 0.562612700546, 27.9688426766, 1.96273315826, 0.6605094395, 0.117216072502, 1.19158406842, 94.7353774688, 0.00826743113784, 0.0
0.10083421683, 0.910030417952, 2.02219348664, 0.526548486652, 94.5247537367, 1.3388858277, 0.288406791351, 2.94684475792, 13.7705947785, 111.873114652, 0.000905448420518, 0.0
0.10083421683, 0.844128100556, 2.13377168941, 0.526548486652, 94.5247537367, 1.3388858277, 0.288406791351, 2.94684475792, 33.0863671409, 86.6259062221, 0.00735565167884, 0.111111111111
0.826892005941, 0.83288398566, 2.61141428618, 0.562612700546, 27.9688426766, 1.96273315826, 0.6605094395, 0.117216072502, 1.19158406842, 73.1460227395, 0.0223428814484, 0.0
0.145692151631, 0.892635750243, 2.10005391846, 0.678846348951, 18.7317819576, 15.7654413353, 0.604384011545, 0.002674295005, 10.6823081101, 96.3763777394, 0.00596276984771, 0.0
0.103983533335, 1.10580615475, 2.13377168941, 0.528377605336, 95.8126116053, 1.3388858277, 0.507122628482, 2.94684475792, 33.0863671409, 92.4634468101, 0.0157355559649, 0.0
0.101928750998, 0.897766636348, 2.13377168941, 0.525061104234, 54.4284768867, 1.05762563118, 0.19075853535, 2.69424058217, 1.19158406842, 101.264450564, 0.000480091127963, 0.461538461538
0.10083421683, 0.897766636348, 2.08691730017, 0.696049427545, 13.0750727622, 1.15041209863, 0.604384011545, 0.0125831261939, 21.5549608865, 104.047056945, 0.00476609815085, 0.0
0.128609143363, 0.867234148732, 2.13377168941, 0.562612700546, 18.7317819576, 1.07399415032, 0.155806620188, 1.04529212664, 1.19158406842, 72.7855256662, 0.00905024045861, 0.333333333333
0.280025221236, 0.853164372899, 2.01953132578, 0.420989642543, 20.9024128688, 1.96273315826, 0.507122628482, 3.17175550113, 1.00923372458, 61.7456712405, 0.026365901126, 0.0
0.113406160462, 0.837960286211, 2.13377168941, 0.446028171991, 10.7626852597, 1.07399415032, 0.0503658395063, 2.69424058217, 1.19158406842, 107.803311348, 0.00231467986141, 0.142857142857
0.100627016615, 0.822584733888, 2.10738085915, 0.526548486652, 46.7406477515, 1.3388858277, 0.288406791351, 2.94684475792, 18.1080950449, 79.3016670014, 0.012037147044, 0.0909090909091
0.128609143363, 0.867234148732, 2.94395991997, 0.562612700546, 94.5247537367, 1.07136872639, 0.155806620188, 1.04529212664, 1.19158406842, 82.7708607156, 0.00778430697558, 0.55
0.101928750998, 0.897766636348, 2.13377168941, 0.525061104234, 54.4284768867, 1.05762563118, 0.19075853535, 2.69424058217, 1.19158406842, 78.0937711978, 0.00374929803289, 0.766666666667
0.123655585238, 0.853164372899, 2.94395991997, 0.562612700546, 18.7317819576, 1.06963249512, 0.155806620188, 1.04529212664, 1.19158406842, 70.6046681824, 0.00612150814374, 0.588235294118
0.101928750998, 0.897766636348, 2.13377168941, 0.525061104234, 54.4284768867, 1.05762563118, 0.19075853535, 2.69424058217, 1.19158406842, 100.120219484, 0.00432547731048, 0.631578947368
0.128609143363, 0.867234148732, 2.94395991997, 0.55576917043, 18.7317819576, 1.07399415032, 0.0503658395063, 1.04529212664, 1.19158406842, 82.7708607156, 0.00748125231183, 0.611111111111
0.101928750998, 0.897766636348, 2.58625629297, 0.505264633444, 54.4284768867, 2.70521813881, 0.178079145807, 2.69424058217, 18.1080950449, 73.5590625848, 0.0170846455581, 0.25
0.113406160462, 0.837960286211, 2.13377168941, 0.44552152368, 10.7626852597, 1.07399415032, 0.0503658395063, 2.69424058217, 1.19158406842, 59.8704780692, 0.00965782157264, 0.5625
0.23143429337, 0.83288398566, 9.03465227374, 0.405153546974, 53.8694396555, 1.60774502387, 0.6605094395, 3.12319290062, 18.7476632934, 298.624128045, 0.000940060840056, 0.0
0.10083421683, 0.948545107051, 2.08691730017, 0.691260485145, 13.0750727622, 1.15041209863, 0.604384011545, 0.0125831261939, 23.97876031, 141.182089597, 0.00458177439102, 0.0
0.101928750998, 0.897766636348, 3.79528317089, 0.427288470993, 82.9315334838, 1.05762563118, 0.507122628482, 2.69424058217, 1.19158406842, 185.249305568, 0.00223911503261, 0.25
0.10083421683, 0.844128100556, 2.13377168941, 0.510216793739, 82.6151631927, 1.3388858277, 0.288406791351, 4.95080285049, 25.0761642704, 155.471110905, 0.00288600993221, 0.0
0.10083421683, 0.844128100556, 2.02219348664, 0.526548486652, 94.5247537367, 1.3388858277, 0.288406791351, 2.94684475792, 13.7705947785, 107.63569354, 0.00526073554573, 0.0
0.10083421683, 0.844128100556, 2.08691730017, 0.526548486652, 13.5378392968, 1.3388858277, 0.604384011545, 2.66133078352, 33.0863671409, 104.182174013, 0.0057076922097, 0.0
0.10083421683, 0.844128100556, 2.08691730017, 0.526548486652, 13.5378392968, 1.3388858277, 0.604384011545, 2.66133078352, 33.0863671409, 104.08981393, 0.00595670614712, 0.0
0.280025221236, 0.853164372899, 2.20729547391, 0.404719684394, 53.8694396555, 43.1065122723, 0.463217194802, 2.52962583591, 18.4999128576, 57.7376081447, 0.339862904317, 0.333333333333
0.100627016615, 0.897766636348, 2.10738085915, 0.526548486652, 94.5247537367, 1.3388858277, 0.288406791351, 2.94684475792, 18.1080950449, 67.1299529322, 0.0169780455775, 0.478260869565
0.100627016615, 0.897766636348, 2.10738085915, 0.526548486652, 46.7406477515, 1.3388858277, 0.288406791351, 2.94684475792, 18.1080950449, 164.468384684, 0.00414510259932, 0.0
0.145692151631, 0.867234148732, 2.94395991997, 0.553751731656, 18.7317819576, 2.17743000859, 0.0503658395063, 1.04529212664, 6.40835959326, 85.3865919957, 0.0232689447524, 0.0
0.10083421683, 0.844128100556, 3.64407111632, 0.623750443257, 13.5378392968, 1.3388858277, 0.0315642891369, 2.66133078352, 1.00923372458, 155.020264699, 0.0047587687491, 0.0
0.10083421683, 0.844128100556, 2.13377168941, 0.64053626609, 94.5247537367, 13.5737975198, 0.604384011545, 2.94684475792, 5.75367921666, 69.4124449085, 0.0299057140794, 0.0
0.10083421683, 0.844128100556, 2.02791833055, 0.526548486652, 94.5247537367, 15.9982001391, 0.604384011545, 2.94684475792, 5.75367921666, 69.1137426513, 0.0781355252869, 0.0
0.101928750998, 0.897766636348, 2.13377168941, 0.525061104234, 54.4284768867, 1.05762563118, 0.19075853535, 2.69424058217, 1.19158406842, 108.463571108, 0.00339906226642, 0.75
0.101928750998, 0.897766636348, 3.79528317089, 0.525061104234, 54.4284768867, 1.05762563118, 0.19075853535, 2.69424058217, 1.19158406842, 224.026134743, 0.00444060535526, 0.0
0.129489957108, 0.853164372899, 2.01953132578, 0.630006831619, 18.8869242642, 1.96273315826, 0.507122628482, 3.17175550113, 1.00923372458, 99.7936434975, 0.00829970187922, 0.0
0.10083421683, 0.820355365786, 2.13377168941, 0.526548486652, 92.0954969373, 1.12999853039, 0.288406791351, 4.82465996272, 25.0761642704, 89.5976363561, 0.0108652082388, 0.222222222222
0.10083421683, 0.844128100556, 2.13377168941, 0.526548486652, 82.6151631927, 1.3388858277, 0.288406791351, 4.95080285049, 25.0761642704, 92.4107511502, 0.0138593059104, 0.2
0.10083421683, 0.844128100556, 2.13377168941, 0.525061104234, 82.6151631927, 1.3388858277, 0.288406791351, 2.32412233524, 33.0863671409, 106.388470379, 0.00571199530086, 0.0
0.10083421683, 0.844128100556, 2.09628758776, 0.525061104234, 82.6151631927, 1.3388858277, 0.288406791351, 2.32412233524, 33.0863671409, 99.0143006551, 0.00808428385367, 0.125
0.113406160462, 0.837960286211, 2.13377168941, 0.446028171991, 10.7626852597, 1.07399415032, 0.0503658395063, 2.69424058217, 1.19158406842, 107.712184289, 0.00531808227813, 0.222222222222
0.10083421683, 0.844128100556, 2.10005391846, 0.478320866365, 37.0047771227, 1.05762563118, 0.604384011545, 0.0162539013421, 10.6823081101, 111.62343633, 0.00539786328922, 0.0
0.130174576018, 0.867234148732, 8.76933855298, 0.524851405042, 94.5247537367, 2.34443863958, 0.820512115736, 0.86048703941, 3.02044747707, 360.772089311, 0.00451561903803, 0.0
0.10083421683, 0.844128100556, 2.13377168941, 0.526548486652, 94.5247537367, 1.3388858277, 0.288406791351, 2.94684475792, 33.0863671409, 121.837776486, 0.00478625503939, 0.0
0.10083421683, 0.844128100556, 2.08691730017, 0.526548486652, 13.5378392968, 1.3388858277, 0.604384011545, 2.66133078352, 33.0863671409, 120.037321654, 0.00500340532214, 0.0
0.113406160462, 0.822213060097, 2.03281184136, 0.562612700546, 4.81964263627, 1.07399415032, 0.6605094395, 2.52962583591, 1.19158406842, 86.4932510443, 0.010029808024, 0.52380952381
0.10083421683, 0.844128100556, 2.13377168941, 0.526548486652, 94.5247537367, 13.5737975198, 0.604384011545, 2.94684475792, 5.75367921666, 71.962826407, 0.0501529610355, 0.0
0.120687620627, 0.905232883784, 8.76933855298, 0.402333413823, 4.19080848381, 2.34443863958, 0.820512115736, 0.86048703941, 3.02044747707, 305.202728344, 0.00372164612105, 0.222222222222
0.10083421683, 0.844128100556, 2.13377168941, 0.526548486652, 54.4284768867, 1.3388858277, 0.178079145807, 2.94684475792, 33.0863671409, 148.371250903, 0.00474923928537, 0.235294117647
0.280025221236, 0.834436867106, 2.69806409404, 0.423171301123, 20.9024128688, 1.96273315826, 0.507122628482, 2.52962583591, 1.00719222117, 68.4984368032, 0.0291854916527, 0.416666666667
0.101928750998, 0.897766636348, 3.79528317089, 0.525061104234, 54.4284768867, 1.05762563118, 0.19075853535, 2.69424058217, 1.19158406842, 217.150243384, 0.00420608979017, 0.454545454545
0.826892005941, 0.83288398566, 2.61141428618, 0.562612700546, 27.9688426766, 10.5821375477, 0.6605094395, 2.52962583591, 1.19158406842, 69.4726101438, 0.113077225883, 0.0
0.10083421683, 0.844128100556, 2.12381776315, 0.526548486652, 27.9688426766, 1.3388858277, 0.288406791351, 2.94684475792, 33.0863671409, 84.7380094192, 0.016023081958, 0.222222222222
0.10083421683, 0.844128100556, 2.01106498106, 0.526548486652, 94.5247537367, 1.3388858277, 0.288406791351, 2.94684475792, 13.7705947785, 96.2123087691, 0.0100699963725, 0.285714285714
0.10083421683, 0.83288398566, 2.13377168941, 0.526548486652, 27.9688426766, 1.96273315826, 0.6605094395, 0.117216072502, 1.19158406842, 131.263746463, 0.00409634125031, 0.78125
0.10083421683, 0.844128100556, 2.10005391846, 0.678846348951, 94.5247537367, 1.05762563118, 0.604384011545, 0.0162539013421, 10.6823081101, 98.9868208961, 0.00949721271693, 0.157894736842
0.10083421683, 0.844128100556, 3.48886452898, 0.689661404859, 94.5247537367, 15.7654413353, 0.674356487721, 0.0185370706683, 10.6823081101, 85.9908586023, 0.0239933551501, 0.0
0.10083421683, 0.844128100556, 2.07025738313, 0.64053626609, 94.5247537367, 13.5737975198, 0.604384011545, 2.94684475792, 1.19158406842, 134.318543794, 0.00484188457334, 0.0
0.10083421683, 0.905232883784, 2.13377168941, 0.526548486652, 94.5247537367, 13.5737975198, 0.604384011545, 2.92850014996, 5.75367921666, 71.8316691154, 0.121296083724, 0.111111111111
0.101928750998, 0.897766636348, 3.79528317089, 0.525061104234, 54.4284768867, 2.70521813881, 0.19075853535, 2.69424058217, 18.1080950449, 103.126090348, 0.0176452100911, 0.0
0.10083421683, 0.910030417952, 2.02219348664, 0.526548486652, 94.5247537367, 1.3388858277, 0.288406791351, 2.94684475792, 13.7705947785, 84.0098811669, 0.0154488715901, 0.428571428571
0.10083421683, 0.844128100556, 2.09628758776, 0.525061104234, 82.6151631927, 1.12106819926, 0.313127895194, 2.32412233524, 33.0863671409, 78.4532785881, 0.0234462920642, 0.307692307692
0.129489957108, 0.844128100556, 2.01953132578, 0.630006831619, 18.8869242642, 1.96273315826, 0.507122628482, 3.17175550113, 1.00923372458, 73.6903402904, 0.0215765729523, 0.552631578947
0.88759947166, 0.853164372899, 2.11919932813, 0.478320866365, 83.5706298397, 1.01261283753, 0.507122628482, 0.86048703941, 1.19158406842, 74.2331059039, 0.0329810150871, 0.125
0.825538829253, 0.848779421744, 2.5552455367, 0.58739608287, 41.7486147145, 9.89972063792, 0.19075853535, 2.66133078352, 5.75367921666, 74.4467036204, 0.392189134304, 0.0
0.10083421683, 0.844128100556, 2.10875826831, 0.526548486652, 82.6151631927, 1.3388858277, 0.0441684462492, 4.95080285049, 25.0761642704, 93.2179763285, 0.0120662246316, 0.333333333333
0.101928750998, 0.897766636348, 2.08691730017, 0.526548486652, 13.5378392968, 2.70521813881, 0.19075853535, 2.69424058217, 1.19158406842, 78.2349932018, 0.0167188380736, 0.611111111111
0.767929793858, 0.853164372899, 2.11919932813, 0.478320866365, 83.5706298397, 1.02481515328, 0.507122628482, 4.69590994775, 1.19158406842, 67.6002404227, 0.058251031726, 0.733333333333
0.767929793858, 0.922272835208, 2.13377168941, 0.427288470993, 82.9315334838, 5.17352384852, 0.507122628482, 4.69590994775, 1.19158406842, 66.7352660329, 0.108001420749, 0.708333333333
0.80979303765, 0.83288398566, 2.61141428618, 0.562612700546, 27.9688426766, 1.96273315826, 0.6605094395, 2.32412233524, 1.19158406842, 80.1992613493, 0.0802810382439, 0.0
0.101928750998, 0.897766636348, 2.08691730017, 0.526548486652, 13.5378392968, 13.4277575917, 0.19075853535, 2.69424058217, 1.19158406842, 70.9442769894, 0.0352008017681, 0.533333333333
0.108006501939, 0.905232883784, 8.76933855298, 0.454193471347, 94.5247537367, 1.86232276701, 0.19075853535, 0.86048703941, 11.7813974245, 153.099392528, 0.00488042940302, 0.142857142857
0.128609143363, 0.844128100556, 2.94395991997, 0.562612700546, 94.5247537367, 1.07136872639, 0.258489645679, 1.04529212664, 5.75367921666, 93.5109263002, 0.0096513663047, 0.722222222222
0.10083421683, 0.844128100556, 2.13377168941, 0.525061104234, 82.6151631927, 1.3388858277, 0.288406791351, 2.94684475792, 38.4773526637, 73.6089935807, 0.0247140169707, 0.5
0.123655585238, 0.853164372899, 2.94395991997, 0.562612700546, 18.7317819576, 1.06963249512, 0.155806620188, 1.04529212664, 1.19158406842, 148.54415915, 0.00488342019656, 0.235294117647
0.10083421683, 0.875665435396, 2.13377168941, 0.678846348951, 94.5247537367, 1.3388858277, 1.96772152512, 2.94684475792, 33.0863671409, 211.394949931, 0.0049190957006, 0.0
0.128609143363, 0.867234148732, 2.94395991997, 0.55576917043, 18.7317819576, 1.07399415032, 0.0503658395063, 1.04529212664, 1.19158406842, 114.844569243, 0.00592578365103, 0.0909090909091
0.49355810926, 0.844128100556, 2.13377168941, 0.526548486652, 82.6151631927, 1.3388858277, 0.288406791351, 4.95080285049, 25.0761642704, 93.6826599226, 0.0394443174575, 0.0
0.10083421683, 0.844128100556, 2.13377168941, 0.526548486652, 94.5247537367, 1.3388858277, 0.604384011545, 2.94684475792, 33.0863671409, 92.2252993999, 0.0168586867477, 0.409090909091
0.767929793858, 0.922272835208, 2.11919932813, 0.427288470993, 82.9315334838, 5.17352384852, 0.507122628482, 4.69590994775, 1.19158406842, 85.6712461381, 0.120478922243, 0.05
0.101928750998, 0.841481052889, 6.6489908741, 0.463451470631, 25.0518830539, 1.31827287652, 0.19075853535, 4.82465996272, 15.9294393867, 207.610708047, 0.00517710162896, 0.0
0.280025221236, 0.853164372899, 2.57541810546, 0.404719684394, 53.8694396555, 1.01807462415, 0.463217194802, 2.52962583591, 18.4999128576, 135.470002915, 0.00569454898006, 0.0
0.331584569095, 0.892635750243, 2.58625629297, 0.678846348951, 18.7317819576, 5.32885666278, 0.281793472462, 0.145709506601, 9.57014594638, 78.3325143058, 0.0694128984531, 0.125
0.10083421683, 0.844128100556, 3.79528317089, 0.525061104234, 54.4284768867, 1.3388858277, 0.604384011545, 2.66133078352, 34.9174842025, 255.773790472, 0.00514387281155, 0.0
0.101962863021, 0.905232883784, 8.76933855298, 0.430992869792, 94.5247537367, 1.07136872639, 2.40018866839, 0.122754768053, 3.02044747707, 767.680554507, 0.00501784619209, 0.0877192982456
0.331584569095, 0.892635750243, 2.58625629297, 0.678846348951, 18.7317819576, 7.17170769225, 0.604384011545, 0.145709506601, 10.6823081101, 90.8988646316, 0.116997293226, 0.0
0.10083421683, 0.844128100556, 2.05167110578, 0.401679436597, 82.6151631927, 1.3388858277, 0.288406791351, 4.95080285049, 32.6137579133, 147.894006431, 0.00555455304857, 0.0
