0.722860066348, 1.11281836298, 87.540986712, 0.410177285854, 19.1231738532, 38.9061373332, 0.97849383831, 0.441412981365, 13.8345328744, 7819.54142112, 0.472219716665, 0.111111111111
0.884435054196, 1.04002793187, 82.8775022328, 0.441829800307, 54.790065935, 23.9367854184, 1.81694109464, 0.110227048994, 16.8015361984, 8603.89691296, 0.518980786641, 0.188405797101
0.779752422832, 0.979858734782, 88.9676813473, 0.532941329499, 60.9437300481, 31.1102586172, 0.72468122681, 0.176611911259, 13.1380161898, 4049.2547073, 0.732443122912, 0.0
0.841175433876, 0.987811915589, 87.354347419, 0.413095226703, 59.5344872275, 29.3527382206, 0.839940352192, 0.199954725177, 13.7001517746, 5033.15641028, 0.502577035626, 0.1
0.801033979494, 1.04668210364, 85.6648442618, 0.553178044695, 64.0713636204, 49.2814989556, 0.371112629984, 1.67612342419, 16.7266317827, 3365.94656229, 0.856778759629, 0.0
0.691367776228, 1.04038524328, 90.1718329472, 0.40402270915, 57.2512728642, 32.7637456478, 0.534732106454, 1.741969726, 13.9894039082, 6123.3691698, 0.431835387126, 0.410256410256
0.887928054077, 0.907830184899, 93.9853959706, 0.416748573945, 22.3046551029, 33.8503428213, 1.11475601005, 0.898957325591, 19.5289761704, 6114.61648178, 0.583283046962, 0.169811320755
0.637238126864, 0.982699151059, 91.10208261, 0.480485190005, 63.9897068523, 35.7936597653, 0.0540729222496, 0.773549051615, 18.4079034913, 5346.34431972, 0.400168331441, 0.5
0.693897054463, 1.00447453569, 91.8896753289, 0.414796253079, 67.1366380498, 45.3474789562, 0.129866861684, 1.51541142278, 18.7712485349, 7015.82693636, 0.777667100845, 0.0
0.653393612521, 0.964080707725, 93.9382596619, 0.469358110203, 63.1924543151, 48.8427761801, 0.336388460901, 2.33591050678, 16.7533565398, 4872.72996667, 0.600076490585, 0.631578947368
0.712891327123, 1.0086406508, 89.1699534515, 0.491668236582, 86.6057815603, 47.2059817052, 1.03611077368, 2.11391683063, 19.911145481, 8151.03373764, 0.474135600542, 0.0425531914894
0.851589743954, 1.02710080982, 88.2368512739, 0.476517399442, 70.821827106, 34.2176926227, 0.89482349054, 2.68401574, 17.6745009049, 6205.76056769, 0.649095035998, 0.55
0.863644950283, 0.945486685945, 80.8293192387, 0.47108673978, 60.2318514368, 6.76295889494, 1.59818749696, 0.0691764068549, 19.5749735695, 5957.46403253, 0.299020415225, 0.142857142857
0.696883305732, 0.930641167941, 84.989244493, 0.511914502227, 61.8948622837, 16.7517148529, 0.843808348135, 0.839222607971, 18.4883768282, 3468.03827042, 0.248422717344, 0.166666666667
0.860562272029, 0.951136342591, 90.7503107566, 0.500814356005, 72.8092147591, 5.29544943373, 1.10734957356, 0.0439832400952, 17.5698262746, 7531.61086539, 0.191356555326, 0.0294117647059
0.643457682034, 0.883811761087, 90.7429261222, 0.556103555108, 68.9645207467, 18.0296008274, 0.601180859486, 0.185309432478, 19.42769129, 3588.44325707, 0.452715908749, 0.4375
0.87599222117, 0.888647338569, 88.8712088983, 0.451128993332, 89.6844171599, 47.0720711642, 0.777425535368, 1.10636177168, 19.7140306042, 3139.46319711, 0.777935627858, 0.0
0.870633889624, 0.866185625032, 87.9302048619, 0.670855730271, 83.8477209879, 24.9399671894, 0.463792045535, 0.427633485831, 14.7001828811, 2028.74636402, 0.532714856377, 0.0
0.802068600246, 0.842020714797, 90.3196282325, 0.420165346868, 54.3733254059, 22.4880155339, 1.20111162696, 1.17420056895, 18.9514706224, 4342.03227266, 0.427729449789, 0.275862068966
0.712093591946, 0.875796856681, 86.5538604498, 0.448621482689, 60.0171651519, 4.92684929281, 1.46637074236, 1.03324242604, 16.7706053714, 3938.44635738, 0.228399911035, 0.601990049751
0.775078688948, 0.821764573808, 89.985669966, 0.69502532179, 82.1055940593, 21.2999710292, 0.83439119843, 0.0531215864974, 16.460493266, 2071.61248021, 0.545479504367, 0.473684210526
0.821674406897, 0.98124827022, 85.2358654417, 0.43247465231, 67.6569038153, 6.84899593846, 1.52860199239, 2.3672316711, 18.602815662, 5529.37017867, 0.310616551553, 0.31884057971
0.741698884936, 0.841345884639, 89.4966086024, 0.621180642746, 88.5965406359, 37.5246028042, 0.210204777808, 1.33639439173, 17.7887623593, 1664.76361169, 0.567144332367, 0.0
0.787658280094, 0.881127993272, 87.6330870211, 0.604478464555, 82.1126126234, 8.21566818227, 1.39767607547, 0.729510578912, 18.0411168686, 4484.72765134, 0.317974606067, 0.31884057971
0.56458476743, 0.835481237646, 89.4729972358, 0.513306400888, 93.768040903, 24.7399463365, 0.10537183611, 0.519758249227, 19.7543281954, 2176.51653733, 0.149037197287, 0.0
0.305020812791, 0.902117687395, 90.8797380732, 0.417952773003, 84.7603144743, 28.09161312, 0.0201136059154, 3.01036532445, 18.8716400534, 3225.84247275, 0.377746417152, 0.161290322581
0.894511748719, 0.842894716423, 89.6817637109, 0.593718300615, 97.7827675142, 14.8290366791, 0.70073696569, 0.147903613742, 17.8623866623, 2798.63331282, 0.449353456821, 0.0588235294118
0.85011485203, 0.83915239892, 93.3582901683, 0.447694142193, 82.8216826118, 16.3899220725, 0.148740202194, 2.25068840818, 14.5779762501, 3157.41061938, 0.489776343743, 0.2
0.636950834863, 0.979193933729, 89.1691448265, 0.43601765439, 93.8447747603, 15.2992301252, 1.08068864512, 3.67823103951, 17.6672989899, 7800.29692076, 0.450622911842, 0.372549019608
0.78634981715, 0.914794649337, 92.9391975307, 0.433793478465, 98.9667447479, 18.2241516114, 0.158810689875, 3.0083059382, 17.7714389569, 3471.60070035, 0.51085193807, 0.0
0.820896862765, 0.831920857093, 87.3888092728, 0.413577162848, 89.8219819353, 8.64585953095, 0.774863359598, 4.19114632431, 15.8704647984, 3118.14882792, 0.306616928909, 0.521739130435
