0.119175295932, 0.906947278105, 2.07324923499, 0.4949068207, 33.8096041129, 1.86337945321, 0.718932651203, 3.06208874446, 10.9677045183, 104.244916765, 0.015496810877, 0.0714285714286
0.119175295932, 1.08752504473, 2.63086795692, 0.643076490929, 4.69229572413, 1.86337945321, 0.0605375366451, 1.12673715129, 10.9677045183, 161.662370979, 0.00663269150007, 0.5625
0.119175295932, 0.914604042068, 2.63086795692, 0.569577419337, 33.8096041129, 1.6271304238, 0.179031180277, 4.18714222469, 10.9677045183, 109.956534451, 0.00884023134553, 0.0
0.119175295932, 0.83756736115, 2.63086795692, 0.550319515904, 47.6616733195, 1.86337945321, 0.179031180277, 0.292024952865, 10.9677045183, 114.881616371, 0.00821213509446, 0.0
0.119175295932, 1.05310083628, 2.89108693986, 0.4949068207, 33.8096041129, 1.86337945321, 0.443616802966, 3.06208874446, 39.8096517174, 217.918907218, 0.0043149096682, 0.0
0.201917723565, 0.83756736115, 2.0119742758, 0.579635922088, 38.7414470167, 1.9225642326, 0.541998588771, 1.12673715129, 10.1739907008, 102.321843886, 0.0211872675836, 0.111111111111
0.749823633977, 1.00022398551, 2.26719167053, 0.551460523773, 27.4508984634, 43.1860873611, 0.778009828948, 3.06208874446, 1.30153468695, 0.0, 1.0, 0.0
0.119175295932, 0.939062101834, 2.07324923499, 0.4949068207, 33.8096041129, 1.86337945321, 0.179031180277, 3.06208874446, 10.9677045183, 66.9945290604, 0.0456170544731, 0.333333333333
0.119175295932, 1.00383678116, 2.89108693986, 0.504661198032, 33.8096041129, 1.12228061193, 0.401438376268, 3.06208874446, 17.8094052355, 133.744769867, 0.00720720143038, 0.0
0.110475674941, 0.826917264841, 2.0119742758, 0.579635922088, 38.7414470167, 3.55246668923, 0.541998588771, 0.258793864261, 10.1739907008, 72.7231141299, 0.0359625762357, 0.5
0.319737286839, 0.847500217031, 2.0031459463, 0.562684239882, 33.4106209613, 2.83434502263, 0.200410977464, 3.59023128604, 11.9914947757, 77.2046355507, 0.0340719998806, 0.0
0.782178267842, 1.07211489148, 2.0031459463, 0.550319515904, 25.7156468407, 2.67537025007, 0.0605375366451, 0.175390700295, 3.27553164383, 61.2450452123, 0.134587150015, 0.466666666667
0.201917723565, 0.83756736115, 2.0119742758, 0.610910124914, 38.7414470167, 2.83434502263, 0.541998588771, 1.12673715129, 10.1739907008, 105.841514191, 0.0312059404157, 0.0
0.119175295932, 0.939062101834, 2.0119742758, 0.562684239882, 58.2894021754, 3.5867236815, 0.179031180277, 1.12673715129, 10.1739907008, 87.4450112309, 0.0273806387165, 0.294117647059
0.319297944804, 0.995915590291, 4.35361101707, 0.692560787155, 52.5571600755, 3.5867236815, 0.547683721297, 3.00725294845, 17.8094052355, 314.125549579, 0.0, 0.0
0.744770338836, 0.823883232519, 2.0119742758, 0.4949068207, 38.7414470167, 7.59246233696, 0.541998588771, 2.20518653857, 10.1739907008, 51.5097760913, 0.32756805587, 0.222222222222
0.201917723565, 0.83756736115, 2.0119742758, 0.550319515904, 71.5039464367, 3.55246668923, 0.541998588771, 0.258793864261, 10.1739907008, 98.5507685582, 0.0189581524856, 0.166666666667
0.699063408837, 0.868021518968, 2.13918880233, 0.652386268131, 71.5039464367, 8.46723688902, 0.225548311946, 3.06208874446, 1.36846236405, 67.3393815052, 0.0546160426016, 0.0
0.201917723565, 0.959245805492, 2.0119742758, 0.550319515904, 71.5039464367, 26.8236635364, 0.274558387755, 0.258793864261, 6.91870234041, 65.5598095183, 0.151059147043, 0.3
0.782178267842, 1.07211489148, 2.0119742758, 0.53866486399, 25.7156468407, 8.5974658184, 0.0605375366451, 0.175390700295, 3.27553164383, 57.5054344349, 0.159968205179, 0.0
0.119175295932, 0.914604042068, 2.63086795692, 0.569577419337, 76.6787095444, 1.86337945321, 0.179031180277, 0.292024952865, 10.9677045183, 123.693503377, 0.00998454016789, 0.0
0.119175295932, 1.08752504473, 2.63086795692, 0.643076490929, 4.69229572413, 1.86337945321, 0.0605375366451, 1.12673715129, 10.9677045183, 130.211691534, 0.00830367948804, 0.0
0.119175295932, 0.839692267668, 2.3773256708, 0.646874526236, 33.4106209613, 1.36234639634, 0.547683721297, 1.12673715129, 11.9914947757, 117.548958118, 0.0154148628568, 0.25
0.119175295932, 0.83756736115, 2.0119742758, 0.646874526236, 33.4106209613, 1.36234639634, 0.547683721297, 0.0287663676501, 11.9914947757, 128.310763291, 0.00931896574294, 0.0
0.201917723565, 0.83756736115, 2.0119742758, 0.562684239882, 33.8096041129, 2.83434502263, 0.0605375366451, 1.12673715129, 10.1739907008, 119.52513038, 0.0213954739472, 0.0
0.117112829598, 0.8927887183, 2.0119742758, 0.632418396043, 30.4337278648, 1.05864917206, 2.65949799764, 3.03588409591, 21.6411593671, 229.428919673, 0.00679237060582, 0.0
0.247393321351, 0.83756736115, 2.0119742758, 0.550319515904, 33.8096041129, 1.86337945321, 0.547683721297, 3.00725294845, 17.8094052355, 108.095851892, 0.0279095571561, 0.142857142857
0.201917723565, 0.83756736115, 2.0119742758, 0.550319515904, 71.5039464367, 3.55246668923, 0.541998588771, 0.258793864261, 10.1739907008, 84.9453203178, 0.0407637725182, 0.15
0.119175295932, 0.939062101834, 2.07324923499, 0.4949068207, 52.5571600755, 3.5867236815, 0.179031180277, 3.06208874446, 10.9677045183, 102.051355847, 0.0362123894429, 0.125
0.201917723565, 0.839692267668, 2.3773256708, 0.562684239882, 15.4550446101, 2.83434502263, 0.0605375366451, 1.12673715129, 10.1739907008, 83.881662677, 0.0442075975649, 0.444444444444
0.319737286839, 0.868021518968, 2.0031459463, 0.696895616527, 81.9717017037, 2.67537025007, 0.778009828948, 3.06208874446, 1.30153468695, 101.134104358, 0.0439194556508, 0.0
0.201917723565, 0.83756736115, 2.0119742758, 0.562684239882, 38.7414470167, 2.83434502263, 0.541998588771, 1.12673715129, 10.1739907008, 83.9692772919, 0.0508980483425, 0.25
0.201917723565, 0.83756736115, 2.0119742758, 0.562684239882, 33.8096041129, 2.83434502263, 0.0605375366451, 1.12673715129, 3.15462823402, 106.319072914, 0.0337883856947, 0.133333333333
0.119175295932, 0.939062101834, 2.07324923499, 0.4949068207, 33.8096041129, 1.86337945321, 0.179031180277, 3.06208874446, 10.9677045183, 92.5606863899, 0.0306963075175, 0.6
0.117112829598, 0.8927887183, 3.32121324385, 0.632418396043, 30.4337278648, 1.05864917206, 2.65949799764, 3.03588409591, 21.6411593671, 370.900551804, 0.00559815302226, 0.0
0.201917723565, 0.83756736115, 2.0119742758, 0.562684239882, 33.8096041129, 2.83434502263, 0.0605375366451, 1.12673715129, 3.15462823402, 116.731273227, 0.0267376252654, 0.25
0.319297944804, 0.83756736115, 2.0119742758, 0.550319515904, 52.5571600755, 3.5867236815, 0.547683721297, 3.00725294845, 29.0162399191, 96.0940229222, 0.0743757233862, 0.111111111111
0.782178267842, 1.07211489148, 2.0031459463, 0.550319515904, 25.7156468407, 2.67537025007, 0.0605375366451, 0.175390700295, 3.27553164383, 71.0879989071, 0.0897387673207, 0.4
0.782178267842, 1.07211489148, 2.0031459463, 0.561979227146, 25.7156468407, 2.67537025007, 0.0605375366451, 0.175390700295, 18.7263841053, 98.4191355449, 0.120035919057, 0.0
0.699063408837, 0.83756736115, 2.00774423388, 0.550319515904, 38.7414470167, 1.86337945321, 0.459594368568, 0.258793864261, 10.1739907008, 88.1842700498, 0.0844079186686, 0.133333333333
0.744770338836, 0.85916130045, 2.0119742758, 0.652386268131, 71.5039464367, 8.5974658184, 0.778009828948, 3.06208874446, 1.36846236405, 89.8561036113, 0.155883120139, 0.0
0.30065592009, 0.868021518968, 2.42053654829, 0.687918904207, 71.5039464367, 13.4049157096, 0.778009828948, 1.38370980086, 1.36846236405, 95.9906896399, 0.129581467172, 0.0
0.319297944804, 0.83756736115, 2.0119742758, 0.550319515904, 52.5571600755, 3.5867236815, 0.962664829462, 3.00725294845, 17.8094052355, 68.0804695335, 0.120969176895, 0.4
0.319297944804, 0.83756736115, 2.0119742758, 0.550319515904, 52.5571600755, 3.5867236815, 0.547683721297, 3.00725294845, 17.8094052355, 82.9278059743, 0.0698544591904, 0.2
0.201917723565, 0.83756736115, 2.0119742758, 0.579635922088, 38.7414470167, 1.9225642326, 0.443616802966, 4.8730942526, 10.1739907008, 82.7481671859, 0.0681032295735, 0.533333333333
0.699063408837, 0.83756736115, 2.0119742758, 0.550319515904, 38.7414470167, 7.59246233696, 0.459594368568, 0.258793864261, 10.1739907008, 58.5773700869, 0.299247948098, 0.0
0.744770338836, 0.823883232519, 2.0119742758, 0.561979227146, 94.7104691246, 7.59246233696, 0.541998588771, 0.258793864261, 10.1739907008, 76.5532031412, 0.270309856528, 0.125
0.319737286839, 0.868021518968, 2.13918880233, 0.652386268131, 71.5039464367, 8.87243527054, 0.778009828948, 3.06208874446, 1.36846236405, 64.8817398445, 0.171403201545, 0.72
0.119175295932, 1.08752504473, 2.63086795692, 0.643076490929, 4.69229572413, 1.86337945321, 0.0605375366451, 1.12673715129, 10.9677045183, 127.287845782, 0.0138827152938, 0.0
0.319737286839, 1.07211489148, 2.63086795692, 0.436850820073, 25.7156468407, 2.71142285509, 0.778009828948, 0.292024952865, 1.36846236405, 123.665500469, 0.0196221614574, 0.611111111111
0.119175295932, 1.03088216388, 2.89108693986, 0.4949068207, 49.4985325593, 1.86337945321, 0.0354922411052, 3.06208874446, 39.8096517174, 122.875992417, 0.0188799048412, 0.631578947368
0.119175295932, 0.83756736115, 2.89108693986, 0.4949068207, 33.8096041129, 1.49667454363, 0.443616802966, 3.06208874446, 10.1739907008, 117.619137184, 0.0188842029916, 0.7
0.119175295932, 1.08752504473, 2.63086795692, 0.4949068207, 33.8096041129, 1.86337945321, 0.179031180277, 0.105382920961, 10.9677045183, 148.406056559, 0.00965424090309, 0.0
0.119175295932, 0.939062101834, 2.05513400238, 0.476288778525, 52.5571600755, 3.5867236815, 0.443616802966, 1.1408442107, 39.8096517174, 125.200974927, 0.0220831315931, 0.0
0.201917723565, 0.969288254501, 2.0119742758, 0.476095574932, 33.8096041129, 1.86337945321, 0.0605375366451, 1.12673715129, 39.8096517174, 122.780046022, 0.0245934555226, 0.307692307692
0.119175295932, 1.03088216388, 2.89108693986, 0.4949068207, 38.7414470167, 1.86337945321, 0.0113641520743, 3.06208874446, 39.8096517174, 231.019404111, 0.00891069367609, 0.0
0.133735541029, 1.07211489148, 2.68578158177, 0.544002692784, 64.4274399905, 1.86337945321, 1.96643029526, 4.16073892321, 41.2869856693, 245.381100662, 0.00854513546846, 0.0
0.119175295932, 0.939062101834, 2.05513400238, 0.4949068207, 52.5571600755, 3.5867236815, 0.179031180277, 1.1408442107, 10.9677045183, 112.001461346, 0.0291359006519, 0.222222222222
0.201917723565, 0.83756736115, 2.0119742758, 0.562684239882, 65.1510175876, 2.83434502263, 0.0605375366451, 1.12673715129, 3.15462823402, 95.2974245469, 0.0534538657311, 0.193548387097
0.201917723565, 0.83756736115, 2.0119742758, 0.562684239882, 38.7414470167, 2.83434502263, 0.541998588771, 1.12673715129, 10.1739907008, 101.828345139, 0.0434131294414, 0.25
0.201917723565, 0.83756736115, 2.0119742758, 0.562684239882, 33.8096041129, 2.83434502263, 0.0605375366451, 1.12673715129, 10.1739907008, 102.331900087, 0.0387991297161, 0.193548387097
0.262478352491, 0.823883232519, 2.0119742758, 0.550319515904, 94.7104691246, 7.59246233696, 0.541998588771, 0.146142465264, 24.4067506929, 101.538544752, 0.061996445531, 0.0
0.319737286839, 0.826174152773, 2.42053654829, 0.562684239882, 33.4106209613, 2.83434502263, 0.778009828948, 3.06208874446, 34.4688610281, 108.718340311, 0.046741188819, 0.0
0.201917723565, 0.83756736115, 2.0119742758, 0.550319515904, 38.7414470167, 3.55246668923, 0.778009828948, 0.258793864261, 10.1739907008, 104.081679038, 0.0566279997186, 0.0
0.427590367431, 0.868021518968, 2.63086795692, 0.652386268131, 71.5039464367, 8.46723688902, 0.778009828948, 0.292024952865, 1.36846236405, 91.4262882025, 0.06791281415, 0.363636363636
0.112719005553, 0.83756736115, 2.24868360999, 0.550319515904, 47.6616733195, 1.86337945321, 0.179031180277, 0.292024952865, 10.9677045183, 109.761259106, 0.037319523412, 0.35
0.201917723565, 0.83756736115, 2.0119742758, 0.562684239882, 33.8096041129, 2.83434502263, 0.0605375366451, 1.12673715129, 3.15462823402, 93.1366541702, 0.0460784873471, 0.606060606061
0.117112829598, 0.956518617474, 4.48155860277, 0.550797152977, 30.4337278648, 1.05612267496, 2.65949799764, 3.03588409591, 24.3141754726, 612.557123066, 0.00669852674409, 0.0
0.119175295932, 1.00103406699, 4.48155860277, 0.550797152977, 25.4389582462, 1.94287945771, 0.997913358909, 0.10113916557, 21.6411593671, 412.802688032, 0.00621884244719, 0.222222222222
0.117112829598, 0.956518617474, 3.32121324385, 0.632418396043, 30.4337278648, 1.05864917206, 2.65949799764, 3.03588409591, 24.3141754726, 477.355322586, 0.0070093831219, 0.0
0.119175295932, 1.00383678116, 2.89108693986, 0.504661198032, 33.8096041129, 1.12228061193, 0.401438376268, 3.06208874446, 17.8094052355, 121.411319692, 0.0276481964828, 0.416666666667
0.119175295932, 0.939062101834, 2.05513400238, 0.4949068207, 52.5571600755, 3.5867236815, 0.179031180277, 1.1408442107, 10.1739907008, 74.2591527832, 0.0976801645311, 0.5
0.744770338836, 0.823883232519, 2.0119742758, 0.550319515904, 38.7414470167, 7.59246233696, 0.541998588771, 0.258793864261, 10.1739907008, 93.3294534207, 0.186203787456, 0.0
0.699063408837, 0.884221011785, 2.0119742758, 0.556789685399, 38.7414470167, 7.59246233696, 0.0969863163435, 0.258793864261, 8.78962470567, 101.437986844, 0.15112251426, 0.0
0.749823633977, 0.969288254501, 2.63086795692, 0.579635922088, 27.4508984634, 8.46723688902, 0.778009828948, 0.292024952865, 1.36846236405, 71.1779494739, 0.263510990004, 0.533333333333
0.782178267842, 0.969288254501, 2.0031459463, 0.563538460627, 27.4508984634, 8.46723688902, 0.0605375366451, 1.1408442107, 1.36846236405, 68.4081191216, 0.285886274453, 0.5
0.319737286839, 0.823883232519, 2.0119742758, 0.550319515904, 94.7104691246, 7.59246233696, 0.541998588771, 0.146142465264, 10.1739907008, 89.9286698611, 0.0826779284993, 0.363636363636
0.782178267842, 0.884221011785, 2.0119742758, 0.550319515904, 38.7414470167, 7.59246233696, 0.0969863163435, 0.258793864261, 21.6504380656, 85.2331869327, 0.212206308624, 0.411764705882
0.256520590391, 0.847500217031, 2.42053654829, 0.562684239882, 93.3301865234, 2.83434502263, 0.778009828948, 1.12673715129, 11.9914947757, 86.6047345484, 0.0971184639494, 0.448275862069
0.699063408837, 0.853009281193, 2.0119742758, 0.509362665277, 38.7414470167, 7.59246233696, 0.0605375366451, 0.258793864261, 10.1739907008, 92.6499291875, 0.237924914139, 0.3
0.319737286839, 0.868021518968, 2.13918880233, 0.569577419337, 71.5039464367, 8.87243527054, 0.778009828948, 3.06208874446, 1.36846236405, 85.525929795, 0.0830537879233, 0.739130434783
0.749823633977, 1.00022398551, 2.26719167053, 0.551460523773, 27.4508984634, 8.46723688902, 0.778009828948, 1.1408442107, 1.30153468695, 93.2461678016, 0.343617132206, 0.0769230769231
0.699063408837, 0.846961917353, 2.0119742758, 0.699834186934, 29.2963124584, 33.0165003309, 0.688649378376, 4.60463973444, 8.78962470567, 71.8204150689, 0.494674320635, 0.0
0.699063408837, 0.932569286296, 2.29680176044, 0.699834186934, 78.7774047638, 43.3738384032, 0.688649378376, 4.60463973444, 8.78962470567, 63.5049165851, 0.506978040179, 0.454545454545
0.59252168696, 0.884221011785, 2.0119742758, 0.550319515904, 38.7414470167, 7.59246233696, 0.0969863163435, 0.258793864261, 10.1739907008, 80.1731181731, 0.336862255969, 0.142857142857
0.479570255119, 0.884221011785, 2.0119742758, 0.550319515904, 38.7414470167, 22.5534277703, 0.0969863163435, 0.258793864261, 10.1739907008, 79.9200380526, 0.305867692795, 0.315789473684
0.744770338836, 0.821771461591, 2.0119742758, 0.550319515904, 38.7414470167, 7.59246233696, 0.541998588771, 0.258793864261, 10.1739907008, 77.0344276373, 0.311178924364, 0.45
0.8020868719, 1.00022398551, 2.26719167053, 0.551460523773, 27.4508984634, 8.46723688902, 0.460701861462, 3.31711851254, 1.30153468695, 72.9085262646, 0.218072634794, 0.727272727273
0.8020868719, 0.868021518968, 2.26719167053, 0.652386268131, 71.5039464367, 8.87243527054, 0.778009828948, 3.06208874446, 1.36846236405, 98.5669753829, 0.0752992102287, 0.739130434783
0.14078305276, 1.11323382347, 5.68809481933, 0.632418396043, 91.8712674654, 1.05864917206, 2.78672254684, 3.03588409591, 24.3141754726, 956.473205085, 0.0078648678446, 0.0
0.201917723565, 0.83756736115, 2.0119742758, 0.550319515904, 71.5039464367, 26.8236635364, 0.390362989228, 0.258793864261, 6.91870234041, 68.9540910684, 0.38548747889, 0.6
0.699063408837, 0.846961917353, 2.29680176044, 0.550319515904, 78.7774047638, 33.0165003309, 0.688649378376, 4.782332656, 10.1739907008, 91.1556202329, 0.55874378203, 0.2
0.117112829598, 0.956518617474, 4.48155860277, 0.550797152977, 30.4337278648, 1.05612267496, 2.65949799764, 0.292024952865, 24.3141754726, 634.458581104, 0.00830941224391, 0.120567375887
0.133307744805, 1.18110239381, 4.35361101707, 0.699799603867, 64.4274399905, 3.35466361791, 0.977992311864, 3.00725294845, 41.2869856693, 372.485713537, 0.00855384119343, 0.0
0.782178267842, 1.07211489148, 2.0119742758, 0.53866486399, 25.7156468407, 8.5974658184, 0.0605375366451, 0.175390700295, 3.27553164383, 83.1115022291, 0.411180678059, 0.405405405405
0.744770338836, 0.85916130045, 2.0119742758, 0.687918904207, 71.5039464367, 8.5974658184, 0.778009828948, 3.06208874446, 1.36846236405, 75.0344782733, 0.276319773982, 0.555555555556
0.845236501319, 0.969288254501, 2.63086795692, 0.576456847872, 33.4106209613, 8.46723688902, 0.0969863163435, 1.1408442107, 1.36846236405, 93.4210586845, 0.20147910358, 0.3
0.119175295932, 1.05310083628, 2.89108693986, 0.4949068207, 33.8096041129, 1.86337945321, 0.443616802966, 3.06208874446, 39.8096517174, 214.388556733, 0.00985132685463, 0.125
0.319297944804, 0.995915590291, 4.35361101707, 0.692560787155, 52.5571600755, 3.5867236815, 0.547683721297, 3.00725294845, 17.8094052355, 82.0216712789, 0.146137579169, 0.5
0.749823633977, 0.969288254501, 2.63086795692, 0.617395311914, 33.1898072805, 12.4566492468, 0.688649378376, 0.176541956593, 1.30153468695, 98.1641742733, 0.235127834745, 0.222222222222
