3.0, 1.0, 0.0, 0.0450611798989, 1.0, 3.0, 3.0, 1.0, 1.2628575293, 2.0, 1.05371836029, 2.0, 0.0, 0.0, -0.418421887582, 0.0210731051574, 0.0, 0.0, 1.39056792504, 2.0, 2.23562239423, 1.0, 1.0, -0.474888511222, 1.22223114018, -0.12228473409, 2.0, 0.0, 0.678655381934, 3.0, 3.0, -1.0, 3.0, 2.85597250959, 0.0, 1.0, -0.050333237708, 3.0, -0.317951164331, 2.0, 0.455654569953, 2.44041678922, 0.0, 2.0, 2.29160270345, 2.0, 3.0, 0.228938359354, 3.0, 3.0, 95555.0, 749.0, 99393.0
-1.0, 1.5565402508, 0.434479847667, 3.0, -0.82025398634, -0.711058809897, -0.162163819452, -1.0, -0.512354962624, -1.0, 2.28820789776, -0.166982566264, -0.325193600877, -1.0, -0.0738945345368, -0.0926412152292, -0.624592441132, -1.0, 0.0, 1.0, -0.88439577196, -1.0, -0.914018518709, -1.0, -0.033749543206, 3.0, -1.0, 1.0, 1.294450087, 2.0, 0.0, 1.0, 0.0, -0.818490132643, 3.0, 0.866100216791, -0.747885135659, -0.557773277243, 0.250666078211, 0.800022445502, 1.0, 0.421488340484, -1.0, 1.36380158754, -1.0, 0.848162227579, 1.0, -1.0, 0.0, 1.98437488061, 96960.0, 435.0, 99624.0
2.0, 0.389351068445, 2.49933400065, 0.0, 1.0, 0.908313723034, 0.0509054880234, 1.0, 2.13569384842, 1.0, -0.084493938788, 2.24104119421, 0.0, 1.05315094955, 1.0512115725, 1.23537173847, 3.0, 0.459378107834, 0.0446480935901, 2.17358158441, 2.0, 0.780211109377, 2.91906021549, 1.0, 0.00793753449807, 0.221873220006, -0.551175410741, 1.0, 1.67404597571, 1.0, 0.0, 0.0, 0.888579642529, -0.599959820289, 2.0, 0.0, 0.337345026872, 0.0, 0.738389668463, 0.0, 0.980817994451, -0.033838661895, 0.073897045592, 3.0, 3.0, 1.91532592393, -1.0, 1.0, 0.0, 0.0, 95230.0, 702.0, 99409.0
-1.0, 1.5565402508, 2.81189786899, 0.960388793604, 2.83647648751, 3.0, 3.0, -0.802332582179, 3.0, -1.0, 2.0, 1.0, -1.0, -1.0, -0.964196086926, -0.831848906184, -0.764081251701, -0.616682354818, 1.62188497768, -0.563425847115, 0.843646917947, -1.0, 0.0, -1.0, 2.34436955747, 3.0, -1.0, 1.6457471886, 2.0, -0.9190243267, -0.715996329743, 1.0, 0.0, -0.818490132643, 0.525319492799, 0.703295202207, 3.0, 2.32320589844, -0.680528483741, 1.0, 1.0, -1.0, 0.264476784453, 1.0, -1.0, 1.0, -0.564971383446, -1.0, 0.0, 1.65450181562, 97550.0, 436.0, 99613.0
-1.0, 1.5565402508, 1.0, 3.0, 2.99734279927, 2.99780671205, 1.32010656839, 1.40997828325, 3.0, -1.0, 1.91655393957, 2.15551020546, -1.0, -1.0, 2.0, 1.45692247811, -0.90630065206, -1.0, 1.62188497768, -0.878151143635, 0.0, -1.0, -0.912063851151, -1.0, 0.969106385416, 0.728763903738, -0.977307536397, 0.336235078734, 2.0, 2.99518603603, 0.0, 1.0, 0.0, -0.942501107096, 3.0, -0.639119361594, 3.0, 1.0, -0.699143102115, -0.688101284781, 1.0, -0.793269994328, -1.0, 0.785480579026, 0.418594818603, 1.0, -0.564971383446, -1.0, -0.380365041027, 1.98437488061, 97277.0, 453.0, 99593.0
-1.0, 1.5565402508, 1.0, 3.0, 2.99734279927, 2.99780671205, 3.0, -0.520648741469, 3.0, -1.0, 2.0, 2.15551020546, -1.0, -1.0, 2.0, 1.45692247811, -0.90630065206, -1.0, 1.62188497768, -0.878151143635, 0.843646917947, -1.0, 0.0, -1.0, 0.969106385416, 0.728763903738, -0.977307536397, 0.336235078734, 2.0, 2.81166804348, 0.0, 1.0, 0.0, -0.818490132643, 3.0, -0.639119361594, 3.0, 1.0, -0.699143102115, 1.0, 1.0, -0.793269994328, -1.0, 0.785480579026, -1.0, 1.0, -0.564971383446, -1.0, 0.0, 1.98437488061, 97342.0, 459.0, 99591.0
3.0, -1.0, 0.715978512569, 0.315768559088, 0.0, -0.131172502079, 0.568420353313, -1.0, 0.0, 2.0, 1.05371836029, 2.0, 3.0, 3.0, -0.0738945345368, 1.0, 1.0, 1.60689751336, 0.0, 0.238357853028, -0.366398119368, 1.0, 1.0, 0.0, 1.0, 0.0, 0.0, 2.0, 0.0, 0.732156967692, 1.74160750624, 2.84529573024, 1.1348719861, -0.263791205712, -0.28325315358, 2.0, 2.0, 0.0, 0.0, 0.0, 2.0, 1.76766146208, 0.838310792132, 3.0, 2.0, 1.0, 3.0, 1.0, -0.367314329525, -0.344071474264, 95259.0, 730.0, 99408.0
-1.0, 1.5565402508, 1.0, 3.0, 0.577567628665, 2.99780671205, 1.32010656839, 1.40997828325, 3.0, -1.0, -0.251364803111, 2.15551020546, -1.0, -1.0, 2.0, 1.45692247811, -0.90630065206, -1.0, 1.62188497768, -0.878151143635, 0.0, -1.0, -0.912063851151, 1.12127206384, 0.969106385416, 0.728763903738, -0.992039121375, 0.336235078734, 2.0, 2.99518603603, -0.256605871636, -0.533439064239, 0.0, -0.818490132643, 3.0, 0.703295202207, 3.0, 1.0, -0.699143102115, -0.688101284781, 1.0, -0.793736991947, -1.0, 0.785480579026, 0.418594818603, 1.0, -0.564971383446, -1.0, -0.380365041027, 2.16126391646, 97086.0, 472.0, 99577.0
-1.0, 1.5565402508, 2.81189786899, 0.960388793604, 2.83647648751, 3.0, 3.0, -0.802332582179, 3.0, -1.0, 2.0, 1.0, -1.0, -1.0, -0.913180424778, 1.49264918314, -0.764081251701, -0.616682354818, 1.62188497768, -0.563425847115, 0.0, -1.0, 0.0, -1.0, 2.34436955747, 3.0, -1.0, 1.6457471886, 2.0, -0.9190243267, -0.711089444212, 1.0, 0.0, -0.818490132643, 2.98820461452, 0.703295202207, 3.0, 1.97687841732, -0.680528483741, 1.0, 1.0, -1.0, 0.264476784453, 1.0, -1.0, 1.0, -0.564971383446, -1.0, 0.0, 1.65450181562, 97512.0, 451.0, 99602.0
2.0, 0.389351068445, 2.49933400065, 0.0, 1.0, 0.908313723034, 0.0509054880234, 1.0, 0.0, 1.0, -0.084493938788, 1.5334837866, 0.0, 1.05315094955, 1.0512115725, 1.23537173847, 3.0, 2.0, 0.0446480935901, 2.17358158441, 2.0, 0.780211109377, 2.91906021549, 1.0, 0.00793753449807, 0.266727650711, -0.551175410741, 1.0, -1.0, 1.0, 0.0, 0.0, 0.888579642529, -0.599959820289, 2.0, 0.0, 0.337345026872, 0.0, 0.738389668463, 0.0, 0.441759990124, 2.48444910319, 0.0, 3.0, 3.0, 1.91532592393, -1.0, 1.0, 0.0, 0.0, 95314.0, 684.0, 99422.0
-1.0, 1.5565402508, 1.0, 3.0, -0.82025398634, -0.658748173895, -0.162163819452, -1.0, -0.225815986633, -1.0, 2.28820789776, -0.166982566264, -0.325193600877, -1.0, -0.0738945345368, 1.49264918314, -0.624592441132, -1.0, 0.0, 1.0, -0.88439577196, -1.0, -0.914018518709, -1.0, 1.44989478015, 3.0, -1.0, 1.0, 2.0257925332, 2.0, -0.776896138541, 1.0, 0.0, -0.818490132643, 3.0, 0.866100216791, 3.0, -0.557773277243, 0.0, 0.800022445502, 1.0, -1.0, -1.0, 1.36380158754, -1.0, 0.848162227579, 1.0, -1.0, 0.0, 2.53934764704, 97062.0, 442.0, 99614.0
-1.0, 1.5565402508, 2.81189786899, 0.960388793604, 2.83647648751, 2.36532802561, 3.0, -0.197435412074, 3.0, -1.0, 2.0, 1.0, -1.0, -1.0, -0.964196086926, -0.831848906184, -0.764081251701, -0.616682354818, 1.62188497768, -0.563425847115, 0.843646917947, -1.0, 0.0, -1.0, 2.34436955747, 3.0, -1.0, 1.6457471886, 2.0, -0.950541536038, -0.715996329743, 1.0, 0.0, -0.942501107096, 0.525319492799, -0.639119361594, 3.0, 2.32320589844, -0.680528483741, 1.0, 1.0, -1.0, 0.264476784453, 1.0, -1.0, 1.0, -0.564971383446, -1.0, 0.0, 1.65450181562, 97447.0, 437.0, 99608.0
-0.151977783954, -1.0, 0.0, -0.207164263079, 0.0, -0.457135161062, 2.0, 1.0, 2.34085983051, 1.0, 2.09481858784, 2.0, 0.762501949205, 0.569390939732, 0.0, 1.49264918314, 0.0, 2.61274142278, 1.0, 2.95750411693, 1.0, 2.0, 2.0, 3.0, 2.0, 0.990156226359, -0.605461865143, 0.0, 1.1648199375, 1.1623526663, 3.0, 1.0, 3.0, 3.0, 3.0, 2.0, 0.0, 2.0, 1.0, 0.0545190043714, -0.676567330095, -1.0, 2.0, 1.0, 2.83581687709, 0.401778117597, 0.0, 2.0, 1.88686585731, 3.0, 95836.0, 694.0, 99414.0
-0.151977783954, -0.48143727375, 0.0, -0.207164263079, 0.0, -0.457135161062, -0.172365929297, 1.0, 2.34085983051, 2.66084617309, 2.09481858784, 2.0, 3.0, 1.0, 0.0, 1.49264918314, 0.0, 2.61274142278, 1.0, 2.97314879696, 1.0, 2.0, 2.0, 3.0, 2.0, 0.990156226359, -0.890163429264, 0.0, -0.388129809864, 1.68580926998, 3.0, 1.0, 2.72848958823, 3.0, 3.0, 1.0, 0.0, 2.0, 1.0, -0.428637771596, 1.0, -1.0, 2.0, 1.42142133725, 2.59365937084, 0.401778117597, 0.0, 0.936972037403, 1.88686585731, 1.99002936104, 95649.0, 722.0, 99401.0
1.04017269704, 0.389351068445, 1.0960195505, 0.14089448567, 1.0, 1.0, 0.0, 1.0, 0.0, -0.740630123709, -0.084493938788, 1.0, 0.0, -1.0, 2.01474854788, 1.23537173847, 3.0, 2.0, 0.0, 1.50870859238, 1.35169479522, 0.780211109377, 0.0613738101319, 1.0, 0.0, 0.389359164779, 1.83043650716, 1.0, -1.0, 2.66389088376, 0.0, -1.0, 2.4251287953, -0.726042628371, 2.83579813181, 0.0, 3.0, 0.0, 1.28082076379, 0.0, 0.284857599131, 1.78040445751, 0.0, 3.0, 3.0, 0.41738283957, -1.0, 1.0, 0.486831606524, 0.0, 95470.0, 663.0, 99444.0
2.0, 0.0506982722333, 1.0960195505, -0.13329282703, 2.0, 0.158175416411, 0.108665421396, 0.0, 2.0, -0.34567872546, 0.521850937473, 2.0, 0.0369985705727, -0.266283101634, 3.0, 3.0, 2.96386641459, 2.39253204186, 0.847790467168, -1.0, 2.38193205697, -1.0, 1.0, 0.0, 1.03173874418, 0.479500200835, -1.0, 2.47696969864, 2.43532644784, 0.842537947041, 3.0, 1.36282509941, 0.0, 0.300707146568, 2.61103842319, 0.0, 0.0, 0.312688875923, 1.98388206513, -0.367022354657, 0.0, 1.09754577658, 0.834962174577, 0.0, 0.785792797267, 3.0, 1.98338320102, 1.17532705717, -1.0, 1.0, 95469.0, 689.0, 99417.0
3.0, -1.0, 0.789226563973, 0.315768559088, 1.98024999511, -0.131172502079, 0.568420353313, 1.82407256539, 0.0, 2.0, 1.05371836029, 2.0, 3.0, 1.0, -0.0738945345368, 1.0, 1.0, 1.60689751336, 0.0551999149471, 0.238357853028, -0.366398119368, -0.684657362743, 3.0, 0.0, 1.0, 0.0, 0.0, 2.51833945915, -0.124566080324, 0.107758547642, -0.973986602644, 2.84529573024, 1.1348719861, -0.263791205712, -0.28325315358, 1.28656080551, 2.34165543128, 0.0, -0.317951164331, 0.338428381557, 2.0, 1.76766146208, 0.838310792132, 3.0, 2.0, 2.53192716066, 3.0, 1.60212564454, -0.367314329525, -0.344071474264, 95390.0, 714.0, 99408.0
-1.0, 1.5565402508, 1.69490153234, 3.0, -0.902280244792, 1.30727546874, 3.0, 0.0, 1.31358170388, -1.0, 2.93112987494, 1.0, 2.01287681403, -1.0, 2.0, -0.898280014655, 1.57842161847, -1.0, 0.675779550033, -0.404627030944, 0.0, -1.0, 0.0, -1.0, 0.0, 0.43465308158, -1.0, 1.00280628624, 2.43532644784, 2.0, -0.0822828426079, 1.0, 1.50929755393, -0.996690249151, 3.0, 0.866100216791, 3.0, 2.31623042466, 0.0, 0.336667449635, 2.5707481476, -1.0, -1.0, -0.855426000016, -0.789562693337, 1.33884911263, -0.798953298619, 1.07431105444, -0.884130717366, -0.635374081627, 96878.0, 481.0, 99571.0
-1.0, 1.5565402508, 1.69490153234, 3.0, -0.902280244792, 1.30727546874, 3.0, 0.0, 1.31358170388, -1.0, 2.93112987494, 1.0, 2.01287681403, -1.0, 2.0, -0.898280014655, -0.908091181873, -1.0, 0.675779550033, -0.404627030944, 0.0, -1.0, 0.0, -1.0, 0.0, 0.43465308158, -1.0, 1.00280628624, 2.43532644784, 2.0, -0.0822828426079, 1.0, 1.50929755393, -0.996690249151, 3.0, 0.866100216791, 3.0, 2.31623042466, 0.0, 0.336667449635, 2.5707481476, -1.0, -1.0, -0.854325786719, -0.789562693337, 1.33884911263, -0.798953298619, 1.07431105444, -0.884130717366, -0.635374081627, 96959.0, 464.0, 99584.0
-0.203091317618, -0.834035547348, 2.0, -0.443265174533, -0.95390791604, 0.0, 0.0, 0.0, 3.0, 1.11387555243, 2.0, 2.53780061155, 2.0, 1.0, 0.0683623002188, 1.0, -0.00185224318755, -0.0159402030886, 2.20402903187, 1.0, 0.901324490124, -0.471264981942, 0.0302752786313, 2.0, -0.242995930308, 1.40023402198, -0.998406985245, 0.0, 0.0, -0.973495619045, 2.0, 0.0812858827349, 2.00466633148, -0.149691445833, 1.6379758449, -0.0170504832704, 2.75272798947, 1.0, -0.17031529927, 0.336667449635, -1.0, 0.702496763268, 0.956449272159, 2.09576782929, 1.98600885843, 2.0, 0.606238816197, 2.0, 2.0, 0.0, 95442.0, 679.0, 99426.0
-1.0, 1.5565402508, 1.0960195505, 3.0, -0.20469325715, 0.158175416411, 3.0, 0.0, 1.31358170388, -1.0, 2.0, 1.0, 2.01287681403, -1.0, 2.0, -0.234349531263, -0.624592441132, -1.0, 0.675779550033, 1.0, 0.0, -1.0, 0.0, -1.0, 0.0, 0.43465308158, -1.0, 1.00280628624, 2.0, 2.0, 0.0, 1.0, 0.0, -0.996690249151, 3.0, 0.866100216791, 3.0, 2.31623042466, 0.0, 0.336667449635, 1.0, -1.0, -1.0, 0.0690180895178, -0.789562693337, 1.33884911263, 1.0, -0.274140219489, 0.0, 1.98437488061, 96186.0, 559.0, 99507.0
-1.0, 1.5565402508, 1.0, 3.0, 1.0, 3.0, 3.0, 0.0, 3.0, -1.0, 2.0, 1.0, -0.976437959095, -1.0, 2.0, -0.546465962719, -0.624592441132, -1.0, -0.532738748195, 1.0, 0.0, -1.0, -0.866358930981, 0.494038253353, 0.0, 1.76606569073, -1.0, 1.00280628624, 2.0, 2.0, -0.380068161914, 1.0, 0.0, -0.915385832329, 2.45654035431, 0.866100216791, 3.0, 2.17958766041, 0.0, 0.336667449635, 1.0, -1.0, -1.0, 1.42142133725, -1.0, 0.375907224268, 1.0, -1.0, 0.0, 2.51480820099, 96935.0, 503.0, 99555.0
-1.0, -1.0, 1.0, 3.0, -0.72998865876, 0.158175416411, 3.0, 0.0, 2.90599249822, -1.0, 2.0, 1.79026171441, 2.01287681403, -1.0, 0.210443165311, -0.234349531263, -0.698530976115, -1.0, 0.0, 1.0, 0.0, -1.0, 0.0, 2.44425646252, 0.0, 0.43465308158, -1.0, 1.00280628624, 2.0, 2.0, 0.0, 1.26517860759, 0.0, -0.818490132643, 3.0, 0.866100216791, 3.0, 2.48152094715, -0.454679942267, 0.336667449635, 1.0, -1.0, -1.0, 3.0, -1.0, 1.33884911263, 1.0, -1.0, 0.0, 2.233121773, 96432.0, 533.0, 99524.0
0.62811291612, 1.0, 1.87915509629, 2.14212133802, 2.66735179585, 2.19966673583, -0.369658871662, 1.48538134729, -0.202440849905, 0.0, 3.0, 1.0, 1.0, 2.0, 2.39096264723, 3.0, 0.0, -0.913521447912, 0.0746607440388, -0.596436567785, -0.894804933945, -0.7893783082, 1.56481927548, 2.49393308904, 1.03173874418, 2.05711848583, -1.0, 1.89073206963, 0.947962338594, 1.60195378999, 3.0, 1.25319091353, 2.0, -1.0, 1.0, 2.86414048754, 3.0, 1.0, -0.0335783989143, 3.0, 0.0, 0.0, -1.0, 0.0, -0.772076095138, 3.0, -1.0, 2.20772959696, 2.0, 1.0, 96395.0, 597.0, 99475.0
-1.0, 1.5565402508, 1.0, 3.0, -0.330925206131, 3.0, -0.162163819452, -1.0, -0.225815986633, -1.0, 2.28820789776, 1.0, -1.0, -1.0, 2.0, 1.49264918314, -0.624592441132, -1.0, 0.0, -0.796053665744, 0.124242118624, -1.0, 0.0, -1.0, 0.0, 3.0, -1.0, 1.0, 2.0, 2.40281790306, 0.0, 0.817314814247, 0.0, -0.818490132643, 3.0, 0.866100216791, 2.26376067904, 0.172188048779, 0.0, 1.0, 1.0, -1.0, -1.0, 1.0, -1.0, 1.0, 1.0, -1.0, 0.0, 1.98437488061, 96592.0, 507.0, 99553.0
0.593868637789, -1.0, 0.0, 0.0962711544851, -1.0, -0.903916579547, 0.0, 0.0, 2.0, -0.824407474669, 0.480967290695, 0.112786330332, 1.3454114867, -1.0, -1.0, 2.0, 0.115115502298, 0.0, 3.0, 1.89721407985, -0.0764550333967, -0.819816141709, 2.0, -0.876989815162, 0.405428168863, 2.00428071796, 0.0, 2.0, -0.0943172931982, 0.113643764254, -0.229508146857, 2.0, 3.0, 1.0, -1.0, 1.0, 0.0, 0.0, 0.412312867217, 0.253774545005, -0.28219269307, 2.0, 1.96878674665, 1.25459687797, 0.0, 1.33884911263, 1.0, -1.0, 1.0, 0.427006461972, 95602.0, 612.0, 99489.0
-0.151977783954, -1.0, 0.0, -0.207164263079, 0.0, -0.457135161062, 2.0, 1.0, 2.34085983051, 1.0, 2.09481858784, 2.0, 3.0, 1.0, 0.0, 1.49264918314, 0.0, 2.61274142278, 1.0, 2.95750411693, 1.0, 2.0, 2.0, 3.0, 2.0, 0.990156226359, -0.605461865143, 0.0, 2.0, 1.1623526663, 3.0, 1.0, 3.0, 3.0, 3.0, 1.0, 0.0, 2.0, 1.0, 0.0545190043714, 1.0, -1.0, 2.0, 1.0, 2.0, 0.401778117597, 0.0, 2.0, 1.88686585731, 3.0, 95789.0, 709.0, 99405.0
-1.0, 1.5565402508, 1.0, 3.0, 2.99734279927, 3.0, 3.0, 0.0, 3.0, -1.0, 2.0, 2.15551020546, -1.0, -1.0, 2.0, 1.45692247811, -0.90630065206, -1.0, 1.62188497768, -0.878151143635, 0.0, -1.0, 0.0, -1.0, -0.0912396660514, 3.0, -0.977307536397, 0.336235078734, 2.0, 2.81166804348, 0.0, 1.0, 0.0, -0.818490132643, 3.0, -0.639119361594, 3.0, 1.0, 0.0, 1.0, -0.426344576237, -0.793269994328, -1.0, 2.53697637775, -1.0, 1.0, -0.564971383446, -1.0, 0.0, 1.98437488061, 97048.0, 489.0, 99560.0
0.693678543319, -0.98428296386, 2.96279410932, 1.83291956095, 1.0, -0.304982542792, 3.0, 0.0, 1.94860457891, -1.0, 2.0, 2.72488221478, -0.00949773745998, -1.0, 2.0, -0.234349531263, -0.0683510073507, -1.0, 0.879528186803, -0.959407891612, -0.3652140715, 0.391658723603, -0.203067380661, -1.0, 0.309751453947, -0.670373875722, -1.0, 1.00280628624, 0.711255771346, 2.19602107926, 0.0, 1.0, 0.0, -0.818490132643, -1.0, 0.674190742881, 1.42803665813, 0.172188048779, 0.0, 1.66928764588, 1.0, 0.935403038104, -1.0, 1.0, 1.93633634953, -0.93508756827, 1.4805841977, 0.951976482749, 0.0, 1.98437488061, 96058.0, 566.0, 99502.0
0.64933785504, -1.0, 2.0, 1.0, 2.55748081024, 0.0, 1.697388525, 0.0, 3.0, 1.11387555243, 2.0, -0.89638552179, 1.3236919494, 2.84075951119, -0.4810440544, 1.37232181672, 1.68807375319, -1.0, 0.353788488432, 0.451120898704, 1.0, 2.60803698641, 1.29621511533, 2.98937452579, -0.0115889532928, 2.85710669525, -0.997349933954, 0.0, 0.0, 0.663885629445, 2.0, 2.93570412292, 1.10395854734, 0.0, -1.0, 0.0, -0.496847285413, 0.0, 3.0, 1.91842427862, -1.0, 0.465233901678, -1.0, 3.0, -0.27882661129, 2.0, 2.08496889916, 2.26879273441, 2.2896620935, 0.0, 95853.0, 645.0, 99449.0
2.0, 0.389351068445, 2.49933400065, 0.0, 1.0, 0.908313723034, 0.0509054880234, 1.0, 2.13569384842, 1.0, -0.084493938788, 2.24104119421, 0.0, 1.05315094955, 1.0512115725, 1.23537173847, 3.0, 0.459378107834, 0.0446480935901, 2.17358158441, 2.0, 0.780211109377, 2.91906021549, 1.0, 0.00793753449807, 0.221873220006, -0.551175410741, 1.0, 1.67404597571, 1.0, 0.0, 0.0, 0.888579642529, -0.599959820289, 2.0, 0.0, 0.337345026872, 0.0, 0.738389668463, -0.389266929717, 0.980817994451, -0.033838661895, 0.073897045592, 3.0, 3.0, 1.91532592393, -1.0, 1.0, 0.0, 0.0, 95230.0, 702.0, 99409.0
-1.0, 1.5565402508, 1.0, 3.0, 1.42633035089, 3.0, -0.162163819452, 1.29855427936, -0.225815986633, -1.0, -0.955014627362, 1.0, -1.0, 0.832922658864, 0.0, 1.49264918314, 0.0, -1.0, 0.0, 1.0, -0.524569230023, -1.0, 0.0, -1.0, 1.91286532486, 2.79016579866, -1.0, 1.8214165351, 2.0, 2.0, 0.0, 1.0, 0.20757590401, -0.818490132643, 3.0, 0.866100216791, 2.26376067904, 0.172188048779, 0.0, 1.0, 1.0, -1.0, 1.36865183972, 0.101278960977, -0.0478995803925, 1.0, 1.0, 0.710735244843, 0.0, 1.51716930198, 96102.0, 580.0, 99497.0
2.0, -0.702459516388, 2.99743286085, 2.0, 2.0, 1.00160767561, 0.915215866904, 1.48538134729, 0.367099158811, 0.0, 3.0, -1.0, 2.0, -0.274891013042, 2.89585013374, 3.0, -0.617727108122, 1.46319808711, -0.229776302875, -1.0, 0.230341171587, -0.684657362743, 1.56481927548, 2.94673517511, 0.00857064615249, 2.68535168976, -0.794632034307, 0.403072693963, 1.19473301564, 1.0, -0.975841836589, 0.849360564731, 2.0, -1.0, 1.0, 1.19000997246, -0.00294093006482, 0.0, 2.21643247303, 3.0, 0.0895619304108, 1.53583626535, -1.0, 3.0, 2.68575985458, 3.0, -0.246117664338, 2.0, 2.0, 1.0, 96233.0, 614.0, 99463.0
0.64933785504, -1.0, 1.21488331368, 1.0, 2.33795153907, 0.0, 0.0, 2.48837064955, 3.0, 1.11387555243, 2.0, 0.386545507143, 1.87708487814, 1.72551204539, 3.0, -0.827392804705, 1.0, -0.440287350846, 0.189827025745, -1.0, 1.0, 1.0, 1.29621511533, 2.0, -0.0115889532928, 1.40023402198, -0.997349933954, 0.0, -0.316793680132, 0.663885629445, 2.76600561279, 1.0, 1.10395854734, 0.0, -1.0, -0.972026712559, -0.119595361098, 0.0, 2.0, 1.0, -0.603099139844, -0.251053382668, -1.0, 3.0, 1.64474203069, 2.0, 2.16564118246, 2.0, 0.0, -0.397329436715, 95724.0, 629.0, 99459.0
-1.0, -1.0, 0.360679385553, 3.0, 2.66929887337, 2.31855546534, 1.80153361838, -0.0376770193944, 3.0, -0.569003120949, 2.5276574574, 1.0, -0.55440413996, -1.0, -0.445494256624, -0.995572554369, -0.0387656774616, -1.0, 0.0, -0.525738125415, -0.937060139144, -1.0, 2.89010170919, 1.23341872195, 0.0, 1.81424871774, -1.0, -0.63623704716, 2.08759849293, 2.0, -0.309324924931, 0.9946273415, -0.182981046136, 2.63763092758, 0.864701292979, 0.874147035591, 2.28055755945, 0.318808261921, 0.80244173819, -0.497060656085, -0.807286367585, -1.0, 1.10738052003, 1.1179169196, 3.0, 0.44025625825, -0.97978467679, -1.0, -0.447964924211, 2.11220654787, 96700.0, 512.0, 99538.0
-0.151977783954, -1.0, 0.509228011368, 0.625772601247, 0.0, -0.457135161062, 2.0, 1.0, 1.46472395834, 1.0, 2.09481858784, 2.16264638348, 0.762501949205, 0.569390939732, 0.0, 1.49264918314, 0.0, 2.61274142278, 1.0, 2.95750411693, 1.0, 2.0, 2.0, 3.0, 2.0, 0.990156226359, -0.605461865143, 0.0, 1.1648199375, 1.1623526663, 3.0, 2.04336228413, 3.0, 3.0, 3.0, 2.0, 1.79003914717, 2.0, 1.05793609636, 0.0545190043714, -0.677580396568, 0.107214941844, 2.0, 1.0, 2.85187824525, 0.401778117597, 0.0, 2.0, 1.88686585731, 3.0, 95805.0, 712.0, 99401.0
-1.0, 1.5565402508, 1.0, 3.0, 1.0, 2.17632915458, 3.0, 0.0, 3.0, -1.0, -0.657611407158, 1.0, 2.01287681403, -1.0, 2.0, -0.546465962719, -0.624592441132, -1.0, -0.910523424731, 1.0, -1.0, -1.0, 0.0, -1.0, 0.0, 0.43465308158, -1.0, 1.00280628624, 2.84648052533, 2.0, 0.0, 2.65000169472, 0.0, -0.818490132643, 3.0, 0.866100216791, 3.0, -0.383642791311, 0.0, -0.246275472526, 1.0, -1.0, -1.0, 1.0, -1.0, 2.0914518658, 1.0, -1.0, 0.0, 0.932988163946, 96770.0, 484.0, 99568.0
-1.0, 1.78928839024, 0.296322089545, 3.0, -0.783229196326, 3.0, -0.280000071567, -1.0, -0.225815986633, -1.0, 2.28820789776, 1.0, -1.0, -1.0, 2.5106730359, 1.49264918314, -0.624592441132, -1.0, 0.0, 1.0, 0.124242118624, -1.0, 0.0, -1.0, 0.0, -0.389537132587, -1.0, 1.8214165351, 2.0, 2.0, 2.04783369016, 2.01180937826, 0.0, -0.818490132643, 3.0, 0.866100216791, 2.26376067904, 0.172188048779, 0.0, 1.0, 1.0, -1.0, -0.807839437533, -0.587965561306, 0.441601825213, 1.0, -1.0, -1.0, 0.0, 1.98437488061, 96566.0, 492.0, 99564.0
-1.0, 1.5565402508, 1.0, 1.24483396741, 1.0, 2.47312674714, 3.0, 0.0, 3.0, -1.0, 2.0, 1.0, 2.01287681403, -1.0, 2.0, -0.546465962719, -0.624592441132, -1.0, -0.532738748195, 1.0, 0.0, -1.0, 0.0, -1.0, 0.0, 0.43465308158, -1.0, 1.00280628624, 2.0, 2.0, 0.0, 1.0, 0.0, -0.663710648219, 3.0, 0.866100216791, 3.0, 1.9874626435, 0.0, 0.336667449635, 1.0, -1.0, -1.0, 1.0, -1.0, 1.33884911263, 1.0, -1.0, 0.0, 1.98437488061, 96575.0, 518.0, 99541.0
2.0, 1.0, 1.0, 1.0, 2.0, 2.19966673583, -0.369658871662, 1.48538134729, -0.202440849905, 0.0, 0.776595772121, 1.0, 1.13018473405, -0.780888765168, 2.1103171576, 0.655481236815, 0.0, -0.913521447912, 0.0, -0.596436567785, 1.0, -0.7893783082, 2.0198561193, 2.49393308904, -0.0521705433098, 1.69555366742, -1.0, -0.773457598494, 0.947962338594, 1.0, 3.0, 1.1249045627, 2.06885983532, -1.0, 1.0, 2.78721139569, 3.0, 1.0, -0.0335783989143, -0.115914043328, 0.0, 1.95201478254, -1.0, 1.99522052385, -0.45254445012, 3.0, -1.0, 0.109705909296, 1.1965377679, 1.04113462221, 95960.0, 601.0, 99471.0
-1.0, 1.5565402508, 1.0, 3.0, 2.99734279927, 2.99780671205, 3.0, -0.520648741469, 3.0, -1.0, 1.91655393957, 2.15551020546, -1.0, -1.0, 2.0, 1.45692247811, -0.90630065206, -1.0, 1.62188497768, -0.878151143635, 0.843646917947, -1.0, -0.912063851151, -1.0, 0.969106385416, 0.728763903738, -0.977307536397, 0.336235078734, 2.0, 2.99518603603, 0.0, 1.0, 0.0, -0.818490132643, 3.0, -0.639119361594, 3.0, 1.0, -0.699143102115, 1.0, 1.0, -0.793269994328, -1.0, 0.785480579026, -1.0, 1.0, -0.564971383446, -1.0, -0.380365041027, 1.98437488061, 97484.0, 440.0, 99604.0
1.84109176748, 1.0, 0.0, 1.0, 2.0, 2.19966673583, -0.369658871662, 1.48538134729, -0.202440849905, 0.0, -0.33215417893, 1.0, 1.13018473405, -0.780888765168, 2.85489693786, 0.655481236815, 0.0, -0.913521447912, 0.793591821273, -0.596436567785, 1.0, -0.7893783082, 2.0198561193, 2.49393308904, -0.0521705433098, 1.69555366742, -1.0, 1.14280272508, 0.947962338594, 1.0, 3.0, 0.0963733217974, 2.06885983532, 0.370780063197, 1.0, 2.78721139569, 3.0, 1.0, -0.0335783989143, -0.260061963481, 0.0, 1.95201478254, -1.0, 1.99522052385, -0.45254445012, 3.0, -1.0, 0.109705909296, 1.1965377679, 1.04113462221, 95757.0, 634.0, 99450.0
1.65772799933, 1.5565402508, 2.53905358383, 3.0, 1.0, 0.158175416411, 3.0, 0.0, 3.0, -1.0, 2.83627319256, 1.0, -0.00949773745998, 0.160187734241, 2.0, -0.234349531263, -0.72598344333, -1.0, -0.754282499998, 1.11070561294, -0.0523359803819, -1.0, 0.0, -1.0, 0.0, 0.43465308158, -1.0, 1.00280628624, 1.30228797328, 2.0, 0.0, 1.24097618831, 0.0, -0.818490132643, 1.23749535279, 0.674190742881, 3.0, 0.172188048779, 0.0, 1.66928764588, 1.0, -1.0, -1.0, 1.0, -1.0, 1.5709824217, 1.0, 0.951976482749, 0.0, 1.98437488061, 96246.0, 570.0, 99500.0
0.64933785504, -1.0, 2.26352684988, 1.0, 2.5460397643, 0.0, 0.0, 0.0, 2.94392766633, 1.11387555243, 2.0, 1.0, 2.0, 1.94272775414, 0.0, 1.0, 1.0, -1.0, 0.353788488432, 0.260890227682, 1.0, 2.60803698641, 1.29621511533, 2.97283611764, -0.0115889532928, 2.85710669525, -0.998850200526, 0.0, -0.405437538223, 0.663885629445, 1.58819595528, 0.485695472196, 1.10395854734, 0.0, -1.0, 0.0, -0.287024395938, 0.0, 3.0, 0.864358296414, -1.0, 0.465233901678, -1.0, 3.0, 0.100917287524, 2.0, 2.08496889916, 1.06651897508, 0.437803774285, 0.0, 95579.0, 656.0, 99439.0
-1.0, 1.5565402508, 1.0, 3.0, -0.783229196326, 0.0, -0.162163819452, -1.0, -0.225815986633, -0.564003128656, 2.28820789776, -0.203679133263, 0.0785803604852, -1.0, 2.0, 0.861380934676, -0.624592441132, -1.0, 0.0, 1.11070561294, 0.124242118624, -1.0, 0.0, 1.63234983744, 0.0, 0.0370357674255, -1.0, 1.8214165351, 2.0, 0.904840180902, 0.0, 1.60240670706, -0.485812281935, -0.818490132643, 3.0, 0.866100216791, 2.26376067904, 0.172188048779, 0.0, 1.0, 1.15018074257, -1.0, 0.0, -0.587965561306, 0.441601825213, 1.0, 0.290739300293, 0.228938359354, 0.342545319849, 1.98437488061, 95813.0, 563.0, 99509.0
-1.0, -1.0, 0.360679385553, 3.0, 2.66929887337, 2.31855546534, 1.80153361838, -0.0376770193944, 3.0, 0.672632983834, 2.5276574574, 1.0, -0.55440413996, -1.0, -0.445494256624, -0.995572554369, -0.0387656774616, -1.0, 0.0, -0.525738125415, -0.911970322064, -1.0, 2.89010170919, 1.23341872195, 0.0, 1.81424871774, -1.0, -0.63623704716, 2.08759849293, 2.0, -0.309324924931, 0.9946273415, -0.182981046136, 2.0, 0.864701292979, 0.874147035591, 2.28055755945, 0.318808261921, 0.80244173819, -0.497060656085, -0.684660417019, -1.0, 1.10738052003, 1.1179169196, 3.0, 0.44025625825, -0.97978467679, -1.0, -0.447964924211, 1.98437488061, 96632.0, 527.0, 99530.0
-0.203091317618, -1.0, 2.0, -0.443265174533, -0.95390791604, 0.0, 0.0, 0.0, 3.0, 1.11387555243, 1.35860879673, -1.0, 2.30681460355, 1.0, 0.0683623002188, 1.0, -0.435554900991, -0.0159402030886, 2.20402903187, 1.0, 0.901324490124, -0.471264981942, 0.0302752786313, 2.0, -0.242995930308, 1.40023402198, -0.998406985245, 0.0, 0.0, -1.0, 2.0, 0.0812858827349, 1.0, -0.744208778222, 1.6379758449, -0.0170504832704, 2.75272798947, 1.0, -0.17031529927, 1.0, -1.0, 0.702496763268, 0.956449272159, 2.09576782929, 1.98600885843, 2.0, 0.606238816197, 2.0, 2.0, 0.0, 95543.0, 649.0, 99445.0
1.09814483468, -1.0, 0.0, 0.0962711544851, -1.0, -0.903916579547, -0.37894523859, 0.0, 2.0, -0.824407474669, -0.404444091354, 0.112786330332, 1.3454114867, -1.0, 2.0, 2.0, 0.115115502298, 0.0, 0.675779550033, 0.451120898704, -0.0764550333967, 0.881303358048, 2.0, -1.0, 0.405428168863, 2.00428071796, -0.997349933954, 2.0, -0.0943172931982, 0.113643764254, -0.229508146857, 2.0, 3.0, 1.0, -1.0, 1.0, 0.0, 0.0, 0.412312867217, 0.253774545005, -0.28219269307, 2.03285764121, 1.96878674665, 1.25459687797, 0.0, 1.33884911263, 1.0, -1.0, 1.0, 0.427006461972, 95343.0, 624.0, 99468.0
-1.0, 1.5565402508, 1.0, 3.0, -0.739632005665, 3.0, -0.162163819452, -1.0, -0.225815986633, -1.0, 2.50919501508, 1.0, -1.0, -1.0, 2.0, 1.49264918314, -0.624592441132, -1.0, 0.0, -0.181541096345, -0.88439577196, -1.0, -0.975229513099, -1.0, 0.0, 3.0, -1.0, 1.0, 1.16693594336, 2.4590949493, 0.0, 2.70243268834, 0.0, -0.638472562388, 3.0, 0.866100216791, 0.0, 0.441024853595, 0.0, 1.0, 1.0, -1.0, -1.0, 0.641922880534, -1.0, 1.0, 1.0, 2.70501750943, 0.0, 1.98437488061, 96767.0, 479.0, 99574.0
-1.0, 0.557937893136, 1.0, 3.0, 2.99734279927, 3.0, 3.0, 0.0, 1.6783667126, -1.0, 2.05118901296, 2.15551020546, -1.0, -0.742534709167, 2.0, 1.45692247811, -0.90630065206, 0.0874322713428, 0.0, -0.878151143635, 0.0, -1.0, 0.0, -1.0, -0.0912396660514, 3.0, -0.977307536397, 0.336235078734, 2.0, 2.81166804348, 0.0, 1.0, 0.0, -0.818490132643, 3.0, -0.639119361594, 3.0, 1.0, 0.0, 1.0, 1.0, -0.793269994328, -1.0, 0.279774238113, -1.0, 1.0, -0.564971383446, -1.0, 0.0, 1.98437488061, 96834.0, 508.0, 99548.0
-1.0, 2.59356272191, 1.0, 3.0, -0.783229196326, 0.0, -0.162163819452, -1.0, -0.225815986633, -1.0, 2.28820789776, 1.0, 0.0785803604852, -1.0, 2.0, 2.04123226888, -0.624592441132, -1.0, 2.12950386281, 1.11070561294, 0.124242118624, -0.529060666591, 0.0, -1.0, 0.0, 0.0370357674255, -1.0, 1.8214165351, 2.0, 0.92238815794, 0.0, -0.307922570976, -0.485812281935, -0.818490132643, -0.695488142307, 0.866100216791, 2.26376067904, 0.172188048779, 0.0, 1.0, 0.478834044123, -1.0, 0.0, -0.587965561306, 0.441601825213, 1.0, 3.0, 0.228938359354, 0.0, 1.98437488061, 96007.0, 530.0, 99532.0
-1.0, 1.5565402508, 1.0, 3.0, 1.0, 2.17632915458, 3.0, 0.0, 3.0, -1.0, -0.657611407158, 1.0, 2.01287681403, -1.0, 2.0, -0.546465962719, -0.624592441132, -1.0, -0.532738748195, 1.0, 0.0, -1.0, 0.0, -1.0, 0.0, 0.43465308158, -1.0, 1.00280628624, 2.0, 2.0, 0.0, 2.65000169472, 0.0, -0.818490132643, 3.0, 0.866100216791, 3.0, 1.9874626435, 0.0, 0.336667449635, 1.0, -1.0, -1.0, 1.0, -1.0, 0.76453338481, 1.0, -1.0, 0.0, 1.98437488061, 96741.0, 502.0, 99556.0
0.64933785504, -1.0, 1.0, 1.0, 2.58578610866, -0.190897195568, 0.0, 0.0, 3.0, 2.0, 2.0, -1.0, -0.460362710436, 1.0, 3.0, 2.24131934818, 1.0, -1.0, 2.21971628221, 0.888068186779, 1.0, -1.0, 3.0, 2.0, -0.242995930308, 0.162782553757, -0.997349933954, 0.0, -0.331886829359, -0.232117170607, 2.58990967233, 0.485695472196, 0.0, 0.0, -1.0, 0.0, 1.54879716071, 0.0, 0.0, 1.20850901727, -1.0, 2.0, -1.0, 1.49638244891, 1.38108352963, 2.0, -1.0, 2.0, 2.0, 0.0, 95836.0, 607.0, 99468.0
0.0, 0.461806373287, 1.06713854524, 2.0, 1.46044651241, -0.393339626752, -0.446142046812, -0.318132589248, 1.46659008436, -0.564003128656, 2.27498151451, 1.0, 1.0, 2.0, 2.64821880842, 0.25193575529, 0.0, -1.0, 0.453830940159, 2.03152501704, 0.0, 2.19177847996, 2.99875124964, -1.0, 0.0, 3.0, -1.0, 1.35316192925, -0.348805769728, -0.913293235334, 0.66506571462, -1.0, -0.254824693625, 0.0, -0.59084541229, -0.180806086325, 0.245508643996, 0.312688875923, -0.102525457026, -0.48042332117, -0.955934418219, 0.0, 1.0, 2.17799714455, 0.962714862103, -0.137075671058, 1.94155989991, 0.272411378421, 0.0, 0.0, 95373.0, 632.0, 99457.0
-1.0, 1.5565402508, 1.0, 3.0, -0.783229196326, 0.0, -0.162163819452, -1.0, -0.225815986633, -0.564003128656, 2.28820789776, 1.0, 0.0785803604852, -1.0, 2.0, 0.861380934676, -0.624592441132, -1.0, 0.0, 1.11070561294, -0.773739117238, -1.0, 0.0, 1.46725755108, -0.0804849604014, 0.0370357674255, -1.0, 1.8214165351, 2.0, 0.904840180902, 0.0, 1.60240670706, -0.485812281935, -0.955395251029, 3.0, 0.866100216791, 2.26376067904, 0.172188048779, 0.0, 1.75693673443, 1.33301799086, -1.0, 0.0, -0.587965561306, 0.441601825213, 1.0, 0.290739300293, 0.228938359354, 0.342545319849, 1.98437488061, 95975.0, 545.0, 99521.0
-1.0, 1.5565402508, 1.0, 3.0, -0.82025398634, -0.658748173895, -0.162163819452, -1.0, -0.225815986633, -1.0, 2.28820789776, -0.166982566264, -0.325193600877, -1.0, -0.0738945345368, 1.49264918314, -0.624592441132, -1.0, 0.0, 1.0, -0.88439577196, -1.0, -0.914018518709, -1.0, 1.44989478015, 3.0, -1.0, 1.0, 2.0257925332, 2.0, 0.0, 1.0, 0.0, -0.818490132643, 3.0, 0.866100216791, 0.0, -0.557773277243, 0.0, 0.800022445502, 1.0, -1.0, -1.0, 1.36380158754, -1.0, 0.848162227579, 1.0, -1.0, 0.0, 1.98437488061, 96845.0, 455.0, 99604.0
-1.0, 1.5565402508, 1.0, 3.0, -0.739632005665, 3.0, -0.162163819452, -1.0, -0.225815986633, -1.0, 2.40552788559, 1.0, -0.460362710436, 1.0, 3.0, 1.49264918314, -0.624592441132, -1.0, 0.0, -0.738150535952, -0.88439577196, -1.0, -0.975229513099, -1.0, -0.82769119985, 3.0, -1.0, 1.0, 1.43980627228, 2.4590949493, 0.0, 2.70243268834, 0.0, -0.638472562388, 1.51475288795, 0.866100216791, -0.0921539938256, 0.172188048779, 0.0, 1.0, 1.0, -1.0, -1.0, 0.641922880534, -1.0, 2.96644498849, 1.0, 0.0656987833503, 0.0, 1.73586410642, 96779.0, 476.0, 99580.0
0.0, 0.461806373287, -0.848549782702, 2.0, 1.46044651241, -0.393339626752, -0.446142046812, -0.318132589248, 1.46659008436, -0.564003128656, 2.27498151451, 1.0, 1.0, 2.0, 2.64821880842, 0.25193575529, 0.0, -1.0, 0.453830940159, 1.90212588312, 0.0, 2.0, 2.99875124964, -1.0, 0.0, 3.0, -1.0, 1.10747607481, -0.348805769728, -0.771202593295, 0.66506571462, -1.0, 2.58566481868, 0.0, -0.59084541229, -0.180806086325, 0.245508643996, 0.312688875923, -0.102525457026, -0.48042332117, -0.955934418219, 0.0, 1.0, 2.17799714455, 0.962714862103, -0.137075671058, 1.94155989991, 0.324202063655, 0.0, 0.0, 95579.0, 617.0, 99472.0
-1.0, 1.5565402508, 1.0, 3.0, 1.0, 3.0, 0.27924650858, 0.0, 2.22994373275, -1.0, 2.0, 2.15551020546, -1.0, -1.0, 2.0, 1.45692247811, -0.0330943091716, -1.0, 1.62188497768, -0.878151143635, 0.0, -1.0, 0.0, -1.0, 0.0, 3.0, -0.977307536397, 0.336235078734, 2.0, 2.81166804348, 0.0, 1.0, 0.0, -0.818490132643, 3.0, 0.866100216791, 3.0, 1.0, 0.0, 1.0, 1.0, -1.0, -0.667282002938, 0.785480579026, -1.0, 0.570367664994, -0.564971383446, -1.0, 0.0, 1.98437488061, 96674.0, 521.0, 99535.0
0.64933785504, -1.0, 2.0, 1.0, 2.5460397643, 0.0, 2.6935836448, 0.0, 3.0, 1.11387555243, 2.0, 1.0, 2.0, 2.84075951119, -0.4810440544, 1.0, 1.68807375319, -1.0, 0.353788488432, 0.451120898704, 1.0, 0.632304624885, 1.29621511533, 2.97283611764, -0.23440904639, 2.85710669525, -0.997349933954, 0.0, 0.0, 0.663885629445, 2.0, 0.485695472196, 1.10395854734, -0.633728843934, -1.0, 0.0, -0.496847285413, 0.0, 3.0, 1.91842427862, -1.0, 0.465233901678, -1.0, 3.0, 0.100917287524, 2.0, 2.08496889916, 2.26879273441, 2.0, 0.0, 95886.0, 637.0, 99448.0
2.0, 0.389351068445, 2.49933400065, 0.0, 1.0, 0.908313723034, 0.0, 1.0, 0.0, 1.0, -0.084493938788, 0.282737575953, 0.0, -1.0, 1.0512115725, 1.23537173847, 3.0, 2.0, 0.0446480935901, 2.17358158441, 1.71282882938, 0.780211109377, 2.91906021549, 1.0, 0.00793753449807, 0.266727650711, -0.551175410741, 0.255602105402, -1.0, 1.0, 0.0, 0.0, 0.888579642529, -0.726042628371, 2.0, 0.0, 1.89516863784, 0.0, 0.738389668463, 0.0, 0.441759990124, 2.48444910319, 0.0, 0.641922880534, 3.0, 1.58589936834, -1.0, 1.0, 0.0, 0.0, 95362.0, 669.0, 99431.0
0.64933785504, -1.0, 1.0, 0.400843230658, 2.58578610866, -0.190897195568, -0.138141850921, 0.0, 3.0, 2.0, 2.0, -1.0, -0.460362710436, 1.0, 3.0, 2.24131934818, 2.19500912922, -1.0, 2.21971628221, 0.790526202835, -0.4304689799, -1.0, 3.0, 2.0, -0.242995930308, 0.162782553757, -0.997349933954, 0.0, -0.331886829359, -0.921594036214, 2.58990967233, 0.485695472196, 0.0, 0.0, -1.0, 0.0, 1.54879716071, 0.0, 0.0, 1.36247617587, -1.0, 2.0, -1.0, 1.49638244891, 0.884660068246, 1.51115177508, -1.0, 2.0, 2.0, 0.0, 95928.0, 591.0, 99479.0
-1.0, 2.91149773744, 0.0, 1.0, -0.97738237963, 2.10469894839, 0.0, 1.29700681242, -0.301201687336, 1.04132176616, -1.0, -0.105203381638, 1.3454114867, -1.0, -1.0, 1.03204489884, 0.115115502298, -0.595545751556, 0.196045081893, 1.16021538972, -1.0, -0.819816141709, 2.0, -0.5214405754, 0.0, 0.298007249301, 0.0, 2.0, -0.117547974834, 1.0220533029, 1.01005476134, 2.0, 1.10395854734, 1.0, -1.0, -0.457383476059, 0.0, 0.0, 0.412312867217, 0.253774545005, -0.28219269307, 2.33963419537, 1.96878674665, 0.373587511973, 0.0, 2.0, 1.0, -1.0, 0.720065525381, 1.02577396339, 95787.0, 588.0, 99515.0
-1.0, -1.0, 1.0, 3.0, 1.0, 0.158175416411, 2.98927784604, 1.93446795179, 3.0, -1.0, 2.0, 1.0, -1.0, -1.0, -0.428597039935, -0.47830060804, -0.846442458215, -1.0, 1.28298603726, 2.68435248173, 0.0, -0.910556416162, 0.505922212319, 1.46725755108, 0.0, 3.0, -1.0, 1.0, 2.7604356117, 2.0, -0.309324924931, 1.0, 0.0, -0.818490132643, 3.0, 0.24814263756, 0.44779743216, 1.0, 0.581034844925, 0.336667449635, 0.00775927727678, -1.0, -1.0, 0.381239134637, -1.0, 2.5294312364, 1.0, 1.20209591486, 0.0, 1.98437488061, 96471.0, 550.0, 99512.0
1.09814483468, -1.0, 2.0, 1.0, 2.5460397643, 0.0, 0.127349262997, -0.359749362921, 0.0, 0.833652437832, 0.920944772903, 1.0, 2.0, 2.72967563235, 0.0, 1.0, -0.902278084076, -1.0, 0.353788488432, 0.451120898704, 1.36560806518, -1.0, 0.0, -1.0, 2.93037461214, 2.51090825894, -0.997349933954, 0.691430601465, 0.0, 2.12505608361, 2.0, 1.36282509941, 1.14823979126, -0.558270401429, -1.0, 2.06349669725, 2.26376067904, 0.0, 3.0, 1.91842427862, -1.0, 0.465233901678, -1.0, 3.0, 0.100917287524, 2.0, 2.08496889916, -0.968240044823, 2.0, 0.264551911049, 96122.0, 577.0, 99487.0
1.65772799933, 1.5565402508, 2.53905358383, 3.0, 1.0, 0.158175416411, 3.0, 0.0, 3.0, -1.0, 2.0, 1.0, -0.00949773745998, -1.0, 2.0, -0.234349531263, -0.72598344333, -1.0, -0.754282499998, 1.11070561294, -0.3652140715, -1.0, 0.0, -1.0, 0.0, 0.43465308158, -1.0, 1.00280628624, 1.30228797328, 2.0, 0.0, 1.24097618831, 0.0, -0.818490132643, 1.23749535279, 0.674190742881, 3.0, 0.172188048779, 0.0, 1.66928764588, 1.0, -1.0, -1.0, 1.0, -1.0, 1.5709824217, 1.0, 0.951976482749, 0.0, 1.98437488061, 96288.0, 555.0, 99509.0
-1.0, 1.5565402508, 1.0960195505, 3.0, 0.674419676544, 0.158175416411, 3.0, 0.0, 1.31358170388, -1.0, 2.0, 1.0, 2.01287681403, -1.0, 2.0, -0.234349531263, 1.0, -1.0, 0.675779550033, 1.0, 0.0, -1.0, 0.0, -1.0, 0.0, 2.54250172507, -1.0, 1.00280628624, 2.0, 2.0, 0.0, 1.0, 0.0, -0.996690249151, 3.0, 0.866100216791, 3.0, 0.0, 0.0, 0.336667449635, 1.0, -1.0, -1.0, 0.0690180895178, -0.789562693337, 1.33884911263, 1.0, -0.274140219489, 0.0, 1.98437488061, 96138.0, 576.0, 99494.0
-1.0, 1.5565402508, 0.93409642848, 3.0, -0.902280244792, 0.158175416411, 3.0, 0.0, 1.31358170388, -1.0, 2.0, 1.0, 2.01287681403, -1.0, 2.0, -0.998226819202, -0.908091181873, -1.0, 0.675779550033, -0.557138155575, 0.0704270634086, -1.0, 0.0, 1.9854419211, 0.0, 0.43465308158, -1.0, 1.00280628624, 2.43532644784, 2.0, -0.0822828426079, 1.0, 1.50929755393, -0.996690249151, 3.0, 0.866100216791, 3.0, 2.9487085609, 0.0, 0.336667449635, 1.0, -1.0, -1.0, 0.0690180895178, 1.60206397062, 1.33884911263, -0.798953298619, -0.274140219489, -0.884130717366, -0.635374081627, 96786.0, 487.0, 99563.0
-1.0, 1.5565402508, 1.0, 3.0, -0.820576343573, 0.662874241448, -0.162163819452, -1.0, -0.225815986633, -1.0, 2.28820789776, -0.166982566264, -0.325193600877, -1.0, -0.0738945345368, 1.49264918314, -0.624592441132, -1.0, 0.0, 1.0, -0.88439577196, -1.0, -0.8018987017, -1.0, 0.0, 1.59223848908, -1.0, 1.0, 2.0, 2.0, 1.60348996014, 1.11508227202, 0.0, -0.818490132643, 3.0, -0.106915357234, 0.0, 0.0, 0.0, 0.292208684317, 1.0, 0.383544548017, -1.0, 1.0, -1.0, 2.43902990315, 0.00518030313892, -1.0, 0.0, 0.194254646593, 96214.0, 497.0, 99559.0
-0.203091317618, -1.0, 2.0, -0.443265174533, -0.95390791604, 0.0, 0.0, 0.0, 3.0, 1.11387555243, 1.35860879673, -1.0, 2.0, 1.0, 0.0683623002188, 1.0, -0.435554900991, -0.0159402030886, 2.20402903187, 1.0, 0.901324490124, -0.471264981942, 0.0302752786313, 2.0, -0.242995930308, 1.40023402198, -0.998406985245, 0.0, 0.0, -1.0, 2.0, 0.0812858827349, 1.0, -0.149691445833, 1.6379758449, -0.0170504832704, 2.75272798947, 1.0, -0.17031529927, 1.0, -1.0, 0.702496763268, 0.956449272159, 2.09576782929, 1.98600885843, 2.0, 0.606238816197, 2.0, 2.0, 0.0, 95449.0, 668.0, 99436.0
2.40712675929, 2.67331152883, 1.0, 2.0, 2.0, 2.0, 1.53321234993, 2.84767604199, 2.0, 0.267683068051, 3.0, 2.0, 1.29256082649, -0.575326042903, 2.39096264723, 1.31342498958, 0.0, -0.5945372712, 1.24486324066, -0.510939515004, 1.73832561513, -0.684657362743, 0.482947189681, 2.49393308904, 2.73354908376, 2.0, -0.794632034307, 2.0, 0.628846955185, 1.0, 1.7403839502, 2.54616206117, 2.0, -1.0, 3.0, -0.819572937145, 3.0, 1.0, 0.0, 3.0, 0.0, 0.70832469923, 0.264476784453, 2.30064942224, 0.0, 2.78245300021, 0.161465594199, 2.20772959696, -0.305667616392, 1.0, 96193.0, 637.0, 99446.0
-1.0, 1.5565402508, 1.0, 3.0, -0.82025398634, -0.711058809897, -0.162163819452, -1.0, -0.225815986633, -1.0, 2.28820789776, -0.166982566264, -0.325193600877, -1.0, -0.0738945345368, 1.49264918314, -0.624592441132, -1.0, 0.0, 1.0, -0.88439577196, -1.0, -0.914018518709, -1.0, -0.033749543206, 3.0, -1.0, 1.0, 0.514815363873, 2.0, 0.0, 1.0, 0.0, -0.818490132643, 3.0, 0.866100216791, -0.747885135659, -0.557773277243, 0.0, 0.800022445502, 1.0, 0.421488340484, -1.0, 1.36380158754, -1.0, 0.848162227579, 1.0, -1.0, 0.0, 1.98437488061, 96821.0, 454.0, 99608.0
1.09814483468, -1.0, 2.0, 1.0, 2.5460397643, 0.0, 0.0, -0.359749362921, 2.94392766633, 0.833652437832, 0.920944772903, 1.0, 2.0, 2.72967563235, 0.0, 1.0, -0.902278084076, -1.0, 0.353788488432, 0.451120898704, 1.36560806518, -1.0, 1.29621511533, 2.97283611764, -0.469468172695, 2.51090825894, -0.997349933954, 0.691430601465, 0.0, 0.663885629445, 2.0, 1.36282509941, 1.10395854734, -0.558270401429, -1.0, 2.06349669725, -0.778873452286, 0.0, 3.0, 1.91842427862, -1.0, 0.465233901678, -1.0, 3.0, 0.100917287524, 2.0, 2.08496889916, -0.274140219489, 2.0, 0.264551911049, 96081.0, 582.0, 99485.0
1.09814483468, -1.0, 2.0, 1.0, 2.5460397643, 0.0, 0.0, -0.359749362921, 2.94392766633, 0.833652437832, 0.920944772903, 1.0, 2.0, 2.72967563235, 0.0, 1.0, -0.902278084076, -1.0, 0.353788488432, 0.451120898704, 1.36560806518, -1.0, 0.0, -1.0, -0.469468172695, 2.080184152, -0.997349933954, 0.691430601465, 0.0, 2.12505608361, 2.0, 1.36282509941, 1.14823979126, -0.558270401429, -1.0, 2.06349669725, 2.26376067904, 0.0, 3.0, 1.91842427862, -1.0, 0.465233901678, -1.0, 3.0, 0.100917287524, 2.0, 2.08496889916, -0.274140219489, 2.0, 0.264551911049, 95951.0, 587.0, 99478.0
0.693678543319, -0.983997188961, 2.96279410932, 3.0, 1.0, 0.158175416411, 3.0, 0.0, 1.94860457891, -1.0, 2.0, 1.0, -0.00949773745998, -1.0, 2.0, -0.234349531263, -0.72598344333, -1.0, 0.879528186803, 1.11070561294, -0.3652140715, -1.0, 0.0, -1.0, 0.309751453947, -0.670373875722, -1.0, 1.00280628624, 0.711255771346, 2.0, 0.0, 1.0, 0.0, -0.818490132643, -1.0, 0.674190742881, 1.42803665813, 0.172188048779, 0.0, 1.66928764588, 1.0, 0.935403038104, -1.0, 1.0, 1.93633634953, -0.93508756827, 1.4805841977, 0.951976482749, 0.0, 1.98437488061, 96172.0, 546.0, 99513.0
0.64933785504, -1.0, 0.063767986646, 1.0, 2.92422307657, 0.0, 0.0, 0.0, 3.0, 1.11387555243, 2.0, 1.54123077484, 2.0, 2.58977052221, 3.0, 1.0, 1.0, 0.459378107834, 2.20402903187, 2.86540995503, 1.0, 1.0, 3.0, 0.0312357307215, -0.242995930308, 1.40023402198, -0.997349933954, 0.0, 0.0, -1.0, 2.0, 0.485695472196, 2.89254074628, 0.0, -1.0, 1.33190281943, 1.54879716071, 0.0, 3.0, 1.46455019431, -1.0, -0.033838661895, 0.073897045592, 0.617183315492, 1.38108352963, 2.49098701045, 0.606238816197, 2.0, -0.367314329525, 0.0, 95650.0, 677.0, 99425.0
0.64933785504, -1.0, 2.0, -0.443265174533, 2.5460397643, 0.0500541952903, 0.0, 0.0, 3.0, 1.11387555243, 1.35860879673, -1.0, 2.0, 1.0, 1.86547123415, 1.76095260613, 0.143725380529, -1.0, 2.41471028843, 0.0, 0.901324490124, -0.192579662023, -0.87795079293, 2.0, -0.242995930308, -0.335059753095, -0.997349933954, 0.0, 0.0, -1.0, 2.0, 0.664520465385, 1.0, 0.0, 1.29604312903, -0.0170504832704, 2.75272798947, 0.0, 1.64868788322, 1.0, -1.0, 0.702496763268, 0.956449272159, 1.80383264376, 1.98600885843, 2.0, 0.606238816197, 2.0, 2.0, 0.0, 95712.0, 647.0, 99447.0
-1.0, 1.5565402508, 1.0, 3.0, -0.783229196326, 3.0, -0.162163819452, -1.0, -0.225815986633, -1.0, 0.218469907214, 2.27259362984, 1.586981297, -1.0, 2.0, 1.49264918314, -0.624592441132, -1.0, 0.796405407089, 1.11070561294, 2.29314071352, -1.0, 0.0172262891808, -1.0, 0.0, 3.0, -1.0, 0.357276220718, 2.0, 0.92238815794, 0.0, -0.750884220798, -0.485812281935, -0.818490132643, 3.0, -0.632492789502, 2.26376067904, 0.172188048779, 0.0, 1.0, -0.995021295541, -1.0, 0.0, -0.587965561306, 0.441601825213, 1.0, 3.0, 0.0606479144883, 0.0, 1.98437488061, 96358.0, 509.0, 99546.0
-1.0, 1.5565402508, 1.0, 3.0, -0.783229196326, 0.940080993425, -0.162163819452, -1.0, -0.225815986633, -1.0, 2.28820789776, 1.0, -1.0, -1.0, 2.0, 1.49264918314, -0.624592441132, -1.0, 0.0, 2.17358158441, 0.124242118624, -1.0, 0.0, -1.0, 0.0, -0.427033929334, -1.0, 1.8214165351, 2.0, 2.0, 0.0, 2.01180937826, 0.0, -0.818490132643, 3.0, 0.866100216791, 2.26376067904, 0.172188048779, -0.631240930165, 1.0, 1.0, -1.0, 2.4699373833, -0.587965561306, -0.840980294861, 1.0, -1.0, -1.0, 0.0, 1.98437488061, 96731.0, 481.0, 99578.0
2.40712675929, 1.0, 1.0, 2.0, 2.0, 2.81604280932, 0.502964504447, 2.96753399084, 2.0, 0.267683068051, 3.0, 2.29794322401, 1.29256082649, -0.575326042903, 2.39096264723, 1.31342498958, 0.0, -0.5945372712, 1.24486324066, -0.510939515004, 1.73832561513, -0.684657362743, 0.482947189681, 2.49393308904, 2.73354908376, 2.0, -0.794632034307, 2.0, 0.229740615676, 1.50312654522, 1.7403839502, 2.9957428323, 2.0, -0.592374729596, 3.0, 0.0, 3.0, 0.977485094141, 0.0, 3.0, 0.300317806364, 0.70832469923, 0.264476784453, 2.30064942224, 0.0, 2.78245300021, 0.161465594199, 2.20772959696, 2.0, 1.0, 96133.0, 652.0, 99434.0
0.64933785504, -1.0, 2.0, 1.0, 2.5460397643, 0.0, 2.6935836448, 0.0, 3.0, 1.11387555243, 0.480967290695, 1.0, 2.0, 2.84075951119, -0.4810440544, 1.0, 1.68807375319, -1.0, 0.353788488432, 0.451120898704, 1.0, 0.632304624885, 1.8044926694, 2.97283611764, -0.956936607389, 2.85710669525, -0.997349933954, 0.0, 0.0, 0.663885629445, 2.0, 0.485695472196, 1.10395854734, -0.633728843934, -1.0, 0.0, -0.496847285413, 0.0, 3.0, 1.91842427862, -1.0, 0.465233901678, -1.0, 3.0, 0.100917287524, 2.0, 2.08496889916, 2.26879273441, 2.0, 0.0, 96043.0, 625.0, 99465.0
-1.0, 1.5565402508, 1.0, 3.0, -0.783229196326, 3.0, -0.162163819452, -1.0, -0.225815986633, -1.0, 1.66212998906, 2.27259362984, 3.0, -1.0, 2.0, 1.49264918314, -0.624592441132, -1.0, 0.796405407089, 0.796518142001, 2.29314071352, -1.0, 0.0172262891808, -1.0, 0.0, 3.0, -1.0, 0.357276220718, 0.225574618543, 0.92238815794, 0.0, -0.750884220798, -0.485812281935, -0.818490132643, 1.73980368314, -0.632492789502, 2.26376067904, 0.172188048779, -0.084599802149, 1.0, 1.0, -1.0, 0.0, -0.587965561306, 0.441601825213, -0.713718986858, 3.0, 0.0606479144883, 0.0, 1.53687658908, 96341.0, 511.0, 99546.0
-1.0, 1.5565402508, 1.0, 3.0, 1.42633035089, 2.78504596203, -0.162163819452, 1.29855427936, -0.225815986633, -1.0, 1.22072663012, 1.0, -1.0, 0.456470834943, 0.0, -0.233121895092, 0.0, -1.0, 0.0, 1.0, -0.524569230023, -1.0, 0.0, -1.0, 1.91286532486, 2.79016579866, -1.0, 1.8214165351, 2.0, 2.27309633543, 0.0, 1.0, 0.20757590401, -0.818490132643, 2.27046474996, -0.107685180147, 0.159543077154, -0.408877197188, 0.0, 1.0, 1.0, -1.0, 1.46727836208, 0.101278960977, -0.0478995803925, 1.0, 1.0, 0.710735244843, 0.0, 1.98437488061, 95837.0, 596.0, 99482.0
0.64933785504, -1.0, 2.0, 1.90947291453, 2.88467789829, 0.0, -0.360957127595, 0.0, 3.0, 1.11387555243, 1.433918309, -1.0, 2.0, 0.502723004655, 0.0683623002188, -0.473302986699, 0.143725380529, 0.403765563017, 2.20402903187, 0.0191903562831, 0.901324490124, -0.795428195667, -0.327313650183, 2.0, -0.242995930308, 1.40023402198, -0.997349933954, 0.0, 0.0, -1.0, 2.0, 0.664520465385, 1.82012560542, 0.0, 1.29604312903, -1.0, 1.26085504244, 0.0, 3.0, 0.456802831617, -1.0, 0.702496763268, 0.956449272159, 3.0, 1.59051140086, 2.0, 0.334512972072, 2.0, 2.0, 0.0, 95548.0, 651.0, 99441.0
0.683418524931, -1.0, 2.0, 1.0, 2.94742024046, 0.0, 0.0, -0.359749362921, 2.94392766633, 0.833652437832, 1.60213633479, 0.211647438183, 2.0, 2.93059263037, 0.0, 0.133407553782, 2.31309960669, -1.0, 0.353788488432, -0.77926042641, 1.36560806518, -1.0, 1.29621511533, 2.97283611764, -0.469468172695, 2.51090825894, -0.997349933954, 0.691430601465, 0.0, 0.663885629445, 2.0, 1.36282509941, 1.4840062729, -0.558270401429, -1.0, 2.06349669725, -0.778873452286, 0.0, 3.0, 1.91842427862, -1.0, 0.465233901678, -1.0, -0.7890670577, 0.100917287524, 2.0, 2.93281827696, -0.274140219489, 2.0, 0.366267277755, 96158.0, 573.0, 99488.0
0.64933785504, -1.0, 0.063767986646, 1.0, 2.92422307657, 0.0, -0.237445133709, 1.58149342623, 3.0, 1.35374621951, 2.0, 1.54123077484, 2.0, 2.58977052221, 3.0, 1.0, 1.0, 2.0, 2.20402903187, 2.86540995503, 1.89481019301, 1.0, 3.0, 0.190532240784, -0.242995930308, 1.40023402198, -0.997349933954, 0.0, 0.0, -1.0, 2.0, 0.485695472196, 2.50511953802, 0.0, 0.256080452586, 1.33190281943, 1.54879716071, 0.0, 3.0, 1.46455019431, -0.481321786574, 0.383983908647, 0.0, 0.617183315492, 1.38108352963, 2.41849969906, 0.606238816197, 2.0, -0.367314329525, 0.0, 95576.0, 711.0, 99403.0
-1.0, 1.5565402508, 1.0, 3.0, 0.748977760444, 2.17632915458, 3.0, 0.0, 3.0, -1.0, -0.657611407158, 1.0, 2.01287681403, -1.0, 2.0, -0.546465962719, -0.624592441132, -1.0, -0.532738748195, 1.0, -0.692587242445, -1.0, 0.0, 1.31367504759, 0.0, 0.43465308158, -1.0, 1.00280628624, 2.0, 2.59934545391, 0.0, 2.65000169472, 0.0, -0.818490132643, 3.0, 0.866100216791, 3.0, 1.9874626435, 0.0, 0.336667449635, 1.0, -1.0, -1.0, 1.0, -1.0, 0.232632035919, 1.0, -1.0, 0.0, 1.98437488061, 96826.0, 498.0, 99558.0
-1.0, 1.5565402508, 1.0, 3.0, 0.727328526666, 1.05255222088, 3.0, 0.0, 1.31358170388, -1.0, 0.0806316669149, 1.0, 2.00946909011, -1.0, 2.0, -0.234349531263, -0.624592441132, -1.0, 0.675779550033, -0.557138155575, 0.0, -1.0, 0.0, -1.0, 0.0, 0.43465308158, -1.0, 1.00280628624, 0.0623832663326, 2.0, 0.0, 1.0, 1.50929755393, -0.996690249151, 3.0, 0.866100216791, 3.0, 2.31623042466, 0.0, 2.24986426927, 1.0, -1.0, -1.0, 0.0690180895178, -0.789562693337, 1.33884911263, -0.798953298619, -0.274140219489, -0.884130717366, -0.635374081627, 96668.0, 490.0, 99561.0
0.693678543319, 1.5565402508, 2.53905358383, 3.0, 1.0, 0.158175416411, -0.369658871662, 0.0, 3.0, -1.0, 3.0, 1.0, -0.00949773745998, -1.0, 2.0, -0.234349531263, -0.72598344333, -1.0, -0.864016675963, 1.11070561294, -0.3652140715, -1.0, 0.0, 2.49393308904, 0.0, -0.670373875722, -1.0, 1.00493357447, 0.486968053751, 2.0, 0.0, 1.0, 0.0, -0.818490132643, -1.0, 0.674190742881, 1.42803665813, 0.172188048779, 0.0, 1.66928764588, 1.0, 0.935403038104, -1.0, 1.0, -0.772076095138, -0.93508756827, 1.4805841977, 0.951976482749, 0.0, 1.98437488061, 96270.0, 542.0, 99526.0
2.40712675929, 1.0, 1.0, 2.0, 2.0, 2.81604280932, 1.53321234993, 2.96753399084, 2.0, 0.267683068051, 3.0, 2.29794322401, 1.29256082649, -0.575326042903, 2.39096264723, 1.31342498958, 0.0, -0.5945372712, 1.24486324066, -0.510939515004, 1.73832561513, -0.684657362743, 0.482947189681, 2.49393308904, 2.73354908376, 2.0, -0.794632034307, 2.0, 0.628846955185, 1.0, 1.7403839502, 2.9957428323, 2.0, -0.0860098648113, 3.0, 0.0, 3.0, 1.0, 0.0, 3.0, 0.0, 0.70832469923, 0.264476784453, 2.30064942224, 0.0, 2.78245300021, 0.161465594199, 2.20772959696, 2.0, 1.0, 96079.0, 671.0, 99425.0
-1.0, 1.5565402508, 1.0, 3.0, -0.783229196326, 0.0, -0.162163819452, -1.0, -0.225815986633, -1.0, 2.28820789776, 1.0, 0.0785803604852, -1.0, 2.0, 1.49264918314, -0.624592441132, -1.0, 0.0, 1.11070561294, 0.124242118624, -1.0, 0.0, -1.0, 0.0, 0.0370357674255, -1.0, 1.8214165351, 2.0, 0.92238815794, 0.0, -0.307922570976, -0.485812281935, -0.818490132643, 3.0, 0.866100216791, 2.26376067904, 0.172188048779, 0.0, 1.0, 0.478834044123, -1.0, 0.0, -0.587965561306, 0.441601825213, 1.0, 3.0, 0.228938359354, 0.0, 1.98437488061, 95905.0, 549.0, 99519.0
1.09814483468, -1.0, 0.0, 0.0962711544851, -1.0, -0.903916579547, 0.0, 0.0, 2.0, -0.824407474669, 0.480967290695, 0.112786330332, 1.3454114867, -1.0, -1.0, 2.0, 0.115115502298, 0.0, 3.0, 0.451120898704, -0.0764550333967, -0.819816141709, 2.0, -0.876989815162, 0.405428168863, 2.00428071796, -0.997349933954, 2.0, -0.0943172931982, 0.113643764254, -0.229508146857, 2.0, 3.0, 1.0, -1.0, 1.0, 0.0, 0.0, 0.412312867217, 0.253774545005, -0.28219269307, 2.03285764121, 1.96878674665, 1.25459687797, 0.0, 1.33884911263, 1.0, -1.0, 1.0, 0.427006461972, 95561.0, 593.0, 99490.0
-1.0, 1.5565402508, 1.0, 3.0, 1.0, 3.0, 0.27924650858, 0.0, 2.22994373275, -1.0, 2.0, 2.15551020546, -1.0, -1.0, 2.0, 1.45692247811, -0.0330943091716, -1.0, 1.62188497768, -0.878151143635, 0.0, -1.0, 0.0, -1.0, 0.0, 3.0, -0.977307536397, 0.336235078734, 2.13627658135, 2.81166804348, -0.447822935551, 1.0, 0.0, -0.818490132643, 3.0, 0.866100216791, 1.29198142367, 1.0, 0.0, 1.0, 1.0, -1.0, -0.667282002938, 0.785480579026, -1.0, 0.570367664994, 0.763280924887, -1.0, 0.0, 2.0622165849, 96494.0, 540.0, 99523.0
2.1006637567, 1.0, 1.0, 2.0, 2.0, 2.0, -0.369658871662, 1.48538134729, 2.0, -0.229608776064, 3.0, 2.0, 1.0, 0.0, 2.0, 2.23791782135, 0.0, -0.5945372712, 0.0746607440388, 1.16234373271, 0.357687435949, -0.684657362743, 1.56481927548, 2.49393308904, 0.309751453947, 2.0, -0.794632034307, 2.0, 0.628846955185, 1.0, 1.7403839502, 1.0, 2.0, -1.0, 1.0, 0.0, 1.27290600906, 2.25568280407, 2.02114390655, 3.0, 0.0, 0.589927378872, -1.0, 2.30064942224, 0.0, 3.0, 0.161465594199, 2.20772959696, 2.9989640417, 1.0, 95913.0, 665.0, 99429.0
-0.122694268793, 1.5565402508, 1.0, 1.24483396741, 1.0, 3.0, 3.0, 0.0, 3.0, -1.0, 2.48149759354, 2.41729850589, 2.13095971951, -1.0, 2.0, -0.546465962719, -0.624592441132, -1.0, -0.532738748195, 0.940442026734, 2.72365250155, -1.0, 0.0, -1.0, 1.03173874418, 0.43465308158, -1.0, 1.00280628624, 2.0, 2.0, 0.0, 1.0, 0.0, -0.818490132643, 3.0, 0.866100216791, 3.0, 0.617219290534, 0.0, 0.336667449635, 1.0, -1.0, -1.0, 1.0, -1.0, 1.33884911263, 1.0, -1.0, 0.0, 2.76150118486, 96608.0, 530.0, 99529.0
0.64933785504, -1.0, 2.0, 1.90947291453, 2.5460397643, 0.0, -0.360957127595, 0.0, 0.416494502737, 1.11387555243, 1.433918309, -1.0, 2.0, 1.0, 2.3214882664, -0.473302986699, 0.143725380529, 0.403765563017, 2.55030716495, 0.0191903562831, 0.901324490124, -0.900464033461, -0.811682163695, 2.0, -0.242995930308, 1.40023402198, -0.997349933954, 0.0, 0.0, -1.0, 2.0, 1.45463858112, -0.249622147422, -0.0521132672041, 1.29604312903, -1.0, 2.75272798947, 2.34140715326, 3.0, 0.456802831617, -1.0, 0.702496763268, 0.956449272159, -0.417642153772, 1.59051140086, 2.0, 0.334512972072, 2.0, 2.0, 0.0, 95744.0, 632.0, 99454.0
-1.0, -1.0, 1.0, 3.0, 1.0, 0.158175416411, 2.98927784604, 1.93446795179, 3.0, -1.0, 2.0, -0.203679133263, -1.0, -1.0, -0.428597039935, -0.47830060804, -0.846442458215, -1.0, 1.28298603726, 2.68435248173, 0.0, -0.910556416162, 0.505922212319, 1.63234983744, -0.170557084348, 3.0, -1.0, 1.0, 2.7604356117, 2.0, -0.921910693625, 1.0, 0.0, -0.818490132643, 3.0, 0.24814263756, 0.44779743216, 1.0, 0.581034844925, 0.336667449635, 0.00775927727678, -1.0, -1.0, 0.381239134637, -1.0, 2.5294312364, 1.0, 1.20209591486, 0.0, 1.98437488061, 96526.0, 537.0, 99522.0
-1.0, 1.5565402508, 1.0, 3.0, -0.783229196326, 3.0, -0.162163819452, -1.0, -0.225815986633, -1.0, 2.28820789776, 0.0353498233523, 0.0785803604852, -1.0, 2.0, 1.49264918314, -0.624592441132, -1.0, 0.0, 1.11070561294, 0.124242118624, -1.0, 0.0, -1.0, 0.0, 3.0, -1.0, 2.00207210009, 2.0, 0.92238815794, 0.0, -0.307922570976, -0.485812281935, -0.818490132643, 3.0, -0.632492789502, 2.26376067904, 0.172188048779, -0.78026151027, 1.0, 1.0, -1.0, 0.0, -0.587965561306, 0.441601825213, 1.0, 3.0, 0.228938359354, 0.0, 1.98437488061, 96318.0, 520.0, 99545.0
2.1006637567, 1.0, 1.0, 2.0, 2.0, 2.0, -0.369658871662, 1.48538134729, 2.0, 0.0, 3.0, 2.0, 1.0, 0.0, 2.0, 2.23791782135, 0.0, -0.5945372712, 0.0746607440388, -1.0, 0.357687435949, -0.684657362743, 1.56481927548, 2.49393308904, 0.309751453947, 2.0, -0.794632034307, 2.0, 0.628846955185, 1.0, 1.7403839502, 1.0, 2.0, -1.0, 1.0, 0.0, 3.0, 1.0, 2.21643247303, 3.0, 0.0, 0.589927378872, -1.0, 2.30064942224, 0.0, 3.0, 0.161465594199, 2.20772959696, 2.9989640417, 1.0, 96027.0, 649.0, 99438.0
0.64933785504, -1.0, 2.0, -0.443265174533, 2.5460397643, 0.0, 0.0, 0.0, 3.0, 1.11387555243, 2.07226787306, -1.0, 2.0, 1.21404670464, 1.86547123415, 1.0, 0.143725380529, -1.0, 2.20402903187, 0.0, 2.27137092822, -1.0, 0.0302752786313, 0.948579397721, -0.242995930308, 3.0, -0.997349933954, 0.0, 0.0, -1.0, 2.0, 0.664520465385, 1.0, 0.0, 1.29604312903, -0.967473846501, 2.75272798947, 0.0, 3.0, 1.0, -1.0, 0.702496763268, 0.956449272159, 3.0, 1.98600885843, 1.16053700297, 0.606238816197, 2.0, -0.0243562885804, 1.00693482928, 95916.0, 632.0, 99453.0
