0.254105319366, 0.923718608363, 80.0687411194, 0.478838475942, 92.5162406945, 12.8619120756, 0.329422997795, 0.2055348895, 3.74335469744, 1547.33895545, 0.199817869431, 0.5625
0.605365775442, 0.820821906309, 90.0024139717, 0.558833229535, 40.7629303561, 40.6320762897, 0.5199705369, 4.80092632291, 1.1341260975, 1710.43932752, 0.273925565118, 0.444444444444
0.805329384318, 0.842628187917, 85.6223579147, 0.434128732268, 87.1623327665, 25.1939732143, 0.428892616516, 0.752655774893, 2.53981337862, 1607.27648368, 0.576672630469, 0.44
0.207725359266, 0.890953118821, 88.41267719, 0.488350341579, 46.0194995965, 22.0520940037, 0.0879199042019, 1.61208508006, 11.2709844421, 1832.7260932, 0.185979324025, 0.25
0.718317033628, 0.936666788643, 83.2558353123, 0.462268819653, 97.1473005809, 47.5768584458, 0.951248184636, 3.04143064797, 4.59641397216, 1326.53683546, 0.596284977339, 0.0
0.36473707194, 0.889683535498, 80.9910496585, 0.415514567723, 48.1844304626, 1.11283058675, 0.380864905234, 2.63737937094, 12.8061454295, 1914.52161571, 0.0227732717863, 0.0
0.418610969524, 0.890953118821, 88.9291597097, 0.488350341579, 46.0194995965, 19.2200309456, 0.0879199042019, 1.61208508006, 11.2709844421, 1723.43643432, 0.390993607093, 0.153846153846
0.850609659714, 0.826149033689, 92.1845715127, 0.575640538826, 71.8869740616, 41.1238946854, 0.705741814328, 0.85885170356, 8.99452933467, 1565.49665915, 0.406132947924, 0.588235294118
0.605365775442, 0.820821906309, 90.0024139717, 0.558833229535, 40.7629303561, 40.6320762897, 0.5199705369, 4.80092632291, 1.1341260975, 1867.07296557, 0.370090984275, 0.434782608696
0.292731448992, 0.933220079536, 89.8337321587, 0.579713072461, 58.1978990477, 30.2782892824, 0.730999165987, 2.15965281026, 14.857357781, 2219.99701685, 0.278096378601, 0.0
0.36473707194, 0.878529874693, 80.9910496585, 0.415514567723, 48.1844304626, 4.53888301767, 0.380864905234, 2.63737937094, 12.8061454295, 2771.85424944, 0.0571311422998, 0.0
0.322714621062, 0.849969954938, 90.3091341737, 0.59800024705, 68.9915081983, 32.612576795, 0.730679644914, 2.58031057435, 7.78808881633, 2533.52523154, 0.19690607866, 0.0
0.36473707194, 0.889683535498, 80.9910496585, 0.415514567723, 48.1844304626, 1.11283058675, 0.380864905234, 2.63737937094, 12.8061454295, 2056.03106975, 0.0287023608827, 0.0434782608696
0.430600698819, 0.822255269317, 84.5744735202, 0.657314099816, 62.4373676768, 35.5888107061, 0.108085725464, 4.33716647454, 14.5873916878, 2053.59897142, 0.413483056595, 0.0
0.322714621062, 0.849969954938, 90.3091341737, 0.59800024705, 68.9915081983, 32.612576795, 0.730679644914, 2.58031057435, 7.78808881633, 2056.92147511, 0.353830034558, 0.0
0.605365775442, 0.820821906309, 90.0024139717, 0.558833229535, 40.7629303561, 40.6320762897, 0.5199705369, 4.80092632291, 1.1341260975, 1937.33434035, 0.686568068208, 0.3
0.254105319366, 0.923718608363, 80.0687411194, 0.512373138775, 92.5162406945, 12.8619120756, 0.329422997795, 0.2055348895, 3.74335469744, 3371.09021049, 0.15666960656, 0.0
0.155293437294, 0.973234924599, 91.1881160741, 0.536587368595, 83.9299642774, 29.6386466833, 0.344260347629, 0.546569551056, 14.5873916878, 4011.82244152, 0.083157143202, 0.0
0.263387630847, 0.966340726066, 89.8089265764, 0.619112150183, 20.7145676311, 25.7561911285, 0.347129672464, 3.85613720962, 9.71408438827, 3750.69905528, 0.100601226482, 0.0
0.113205411663, 1.17482698498, 93.593306417, 0.439135054925, 11.2191797874, 14.0190304591, 0.674207414309, 0.744288009154, 16.4917797564, 11369.2830596, 0.0650278261519, 0.0
0.430600698819, 0.822255269317, 84.5744735202, 0.657314099816, 92.5039618279, 35.5888107061, 0.108085725464, 4.33716647454, 4.83561442214, 3066.82948105, 0.225506782858, 0.0
0.417762664944, 0.820303591081, 90.3422443357, 0.563417571251, 73.6697613439, 28.6415550064, 0.834940792539, 0.588172518049, 13.4682401681, 2850.31979277, 0.308604417664, 0.0
0.155293437294, 0.973234924599, 91.1881160741, 0.536587368595, 83.9299642774, 29.6386466833, 0.344260347629, 0.546569551056, 4.83561442214, 2555.36861643, 0.313731377678, 0.0
0.467389537674, 1.0304320429, 83.564783078, 0.448958164021, 73.2254427679, 2.28598062075, 0.336718379622, 4.48922235934, 9.20602233444, 3934.55624257, 0.0412108012317, 0.272727272727
0.207725359266, 0.890953118821, 81.6901414738, 0.488350341579, 46.0194995965, 19.2200309456, 0.0879199042019, 1.61208508006, 11.2709844421, 2438.96569494, 0.211947897942, 0.473684210526
0.296084704972, 0.913182641591, 82.5587988746, 0.616128229781, 81.0957141841, 10.3347592928, 0.659134055161, 0.17938198182, 6.91582669411, 2745.01944468, 0.139773195523, 0.52380952381
0.145370462221, 0.913156976308, 94.7815314036, 0.456389302785, 50.6616534217, 22.5016634205, 0.649750692698, 3.90680904327, 12.5596991932, 2742.75182131, 0.158406605527, 0.3
0.32823841646, 0.966340726066, 84.8919467094, 0.587099135104, 20.7145676311, 25.7561911285, 0.303981726416, 3.85613720962, 9.71408438827, 4329.5293442, 0.0773763011424, 0.125
0.207725359266, 0.890953118821, 88.41267719, 0.488350341579, 46.0194995965, 22.0520940037, 0.0879199042019, 2.2554177037, 11.2709844421, 2428.93307754, 0.290055856226, 0.277777777778
0.323743450517, 0.915814829804, 92.6809897738, 0.426232075092, 94.5867513791, 6.48484255979, 0.318701270661, 2.78783356423, 15.0096110863, 3521.79288996, 0.147360563689, 0.470588235294
0.36473707194, 0.889683535498, 80.9910496585, 0.415514567723, 48.1844304626, 1.11283058675, 0.380864905234, 2.63737937094, 15.8878814031, 2931.02268034, 0.0447623072047, 0.478260869565
0.254105319366, 0.923718608363, 80.0687411194, 0.512373138775, 93.9466414164, 12.8619120756, 0.329422997795, 0.2055348895, 3.74335469744, 2178.24290524, 0.207689206451, 0.75
0.605365775442, 0.820821906309, 90.0024139717, 0.478838475942, 93.1699045012, 40.6320762897, 0.329422997795, 4.80092632291, 1.1341260975, 2185.56136294, 0.387012216019, 0.25
0.850609659714, 0.826149033689, 92.1845715127, 0.50301811755, 71.8869740616, 41.1238946854, 0.483597305036, 0.85885170356, 5.38727687836, 2080.69512743, 0.509324648136, 0.375
0.417762664944, 0.820303591081, 90.3422443357, 0.660926926135, 73.6697613439, 28.6415550064, 0.834940792539, 0.588172518049, 13.4682401681, 2183.50694907, 0.515397746731, 0.3
0.296084704972, 0.913182641591, 82.5587988746, 0.616128229781, 81.0957141841, 10.3347592928, 1.18770340351, 0.17938198182, 6.91582669411, 5549.96406949, 0.0923375028667, 0.0
0.147746046535, 0.905963639334, 92.4148874647, 0.526790367177, 7.32614839828, 16.3252787648, 1.3151382187, 3.05615584972, 13.8427492273, 5309.15120678, 0.0949570098132, 0.0
0.119585251945, 0.8791521739, 92.6553656421, 0.660926926135, 31.3606572211, 32.0150774435, 1.06861018677, 1.49463445098, 7.97294347522, 4529.34144488, 0.133243758244, 0.0
0.613291790707, 0.915814829804, 92.6809897738, 0.426232075092, 94.5867513791, 6.48484255979, 0.178311028686, 2.78783356423, 15.0096110863, 4125.68343613, 0.150513042473, 0.0
0.147746046535, 0.905963639334, 92.4148874647, 0.526790367177, 7.32614839828, 16.3252787648, 0.649750692698, 3.05615584972, 16.514541173, 4042.49095603, 0.21155632185, 0.125
0.296084704972, 0.913182641591, 82.5587988746, 0.616128229781, 81.0957141841, 10.3347592928, 1.18770340351, 0.17938198182, 6.91582669411, 4218.30413221, 0.147218547325, 0.177777777778
0.513622958145, 0.929773257937, 88.41267719, 0.65360442344, 1.83831789554, 22.0520940037, 0.758639017384, 0.182598344544, 19.0636464465, 4135.98631784, 0.147504163262, 0.0
0.386349668938, 0.838665093185, 84.543006258, 0.642897061159, 89.4453614031, 38.1844369683, 1.39285214189, 0.569364553384, 16.3024532712, 3783.76044546, 0.24647991735, 0.0
0.311216826785, 0.849969954938, 85.8727788809, 0.534469065756, 48.4898482384, 24.7510562973, 1.77933883262, 2.2352137837, 8.94008335801, 3422.25020378, 0.277690140372, 0.0
0.322714621062, 0.849969954938, 90.3091341737, 0.59800024705, 68.9915081983, 32.612576795, 0.730679644914, 2.58031057435, 7.78808881633, 2581.18560719, 0.417943915086, 0.2
0.805329384318, 0.842628187917, 85.6223579147, 0.434128732268, 87.1623327665, 21.1724093483, 0.428892616516, 0.752655774893, 6.18479759425, 2591.7754396, 0.419804621681, 0.0
0.464596160426, 1.01254916574, 82.3737128048, 0.529139166591, 97.377545324, 41.3841305123, 0.413244158977, 4.2326200922, 17.5616778112, 3414.88753693, 0.400441904392, 0.0
0.155293437294, 0.913156976308, 91.1881160741, 0.536587368595, 50.6616534217, 42.8236248079, 0.344260347629, 0.546569551056, 8.40341506416, 3155.81705185, 0.325950077121, 0.166666666667
0.254105319366, 0.923718608363, 80.0687411194, 0.558833229535, 92.5162406945, 18.1141765674, 0.5199705369, 0.2055348895, 3.74335469744, 3041.05340667, 0.255683632947, 0.3125
0.647671142301, 1.0304320429, 83.8885029428, 0.448958164021, 73.2254427679, 2.28598062075, 0.198696991021, 2.78651902151, 6.47158163536, 4346.49419138, 0.110855636602, 0.222222222222
0.679084430546, 1.03949231377, 87.0806129637, 0.433303483189, 78.4007338511, 2.29378419028, 0.532906283351, 2.78651902151, 7.38332282726, 5055.13630106, 0.122723208284, 0.1875
0.342836376878, 0.933641363919, 89.9654876247, 0.582091405899, 78.0904839303, 3.74246935212, 1.9821632375, 1.00465947325, 17.9309183364, 5650.85234074, 0.0882389233726, 0.185185185185
0.646601640232, 0.936666788643, 85.8727788809, 0.438904184913, 97.1473005809, 46.5136064502, 0.951248184636, 2.6884049325, 8.94008335801, 2634.58247084, 0.34078483836, 0.375
0.342836376878, 0.823011431018, 89.9654876247, 0.582091405899, 78.0904839303, 3.74246935212, 1.9821632375, 1.00465947325, 17.9309183364, 3751.77061361, 0.129308369452, 0.576576576577
0.231751495676, 1.07523002946, 87.6045798111, 0.556917409927, 48.5160392217, 8.49473075089, 0.761695460941, 1.41559520134, 18.3182136022, 7221.42440781, 0.0802491442307, 0.588235294118
0.418610969524, 1.06373452552, 87.0294605621, 0.523244601317, 41.1827460642, 11.5181974442, 0.989351049585, 4.01952062771, 1.69288382052, 4464.16417649, 0.0712205351866, 0.75
0.464596160426, 1.01254916574, 82.3737128048, 0.529139166591, 92.6359305844, 41.3841305123, 0.413244158977, 4.2326200922, 17.5616778112, 2506.75260953, 0.547300607751, 0.363636363636
0.850609659714, 0.842628187917, 92.1845715127, 0.434128732268, 87.1623327665, 31.5163523955, 0.428892616516, 0.85885170356, 6.18479759425, 2402.27885017, 0.696321747297, 0.6
0.511208751023, 1.05270439891, 84.4066561318, 0.668898576323, 90.9852387194, 10.886852821, 0.318701270661, 4.10645810201, 10.7776543427, 5990.2599958, 0.0977525335422, 0.0
0.119585251945, 0.8791521739, 92.6553656421, 0.563417571251, 31.3606572211, 32.0150774435, 1.06861018677, 1.49463445098, 7.97294347522, 4165.58604387, 0.207501633248, 0.0
0.296084704972, 0.913182641591, 82.5587988746, 0.63169263703, 81.0957141841, 10.3347592928, 1.18770340351, 0.17938198182, 6.91582669411, 4199.45757821, 0.160598111585, 0.0892857142857
0.679084430546, 1.0219883081, 83.1676546621, 0.433303483189, 78.4007338511, 2.29378419028, 0.532906283351, 2.78651902151, 7.06085470923, 4986.16110837, 0.149597151674, 0.142857142857
0.377157542202, 1.02769498821, 87.2413895556, 0.664547188698, 92.1854949897, 38.209693869, 0.250756744882, 4.68591573794, 7.69766189321, 4150.88565175, 0.240437744462, 0.0
0.292731448992, 0.968563377713, 89.8337321587, 0.572403113018, 58.1978990477, 30.2782892824, 0.303981726416, 2.15965281026, 14.857357781, 3940.42893149, 0.271939649886, 0.0
0.417762664944, 0.820303591081, 88.41267719, 0.563417571251, 73.6697613439, 28.6415550064, 0.834940792539, 0.588172518049, 13.4682401681, 3440.13145704, 0.291080652296, 0.125
0.311216826785, 0.821911428653, 85.8727788809, 0.534469065756, 48.4898482384, 44.2425847682, 1.80702250983, 2.2352137837, 8.94008335801, 3861.96742474, 0.389268320295, 0.0
0.417762664944, 0.820303591081, 90.3422443357, 0.660926926135, 73.6697613439, 28.6415550064, 0.834940792539, 0.588172518049, 13.4682401681, 2697.57786019, 0.45180339479, 0.0
0.41087651298, 0.880354928, 80.7015107744, 0.554080143257, 31.0633464445, 36.9226589976, 1.28368898149, 2.83669927437, 4.36295957577, 3120.44824182, 0.43999319899, 0.193181818182
0.805329384318, 0.826149033689, 85.6223579147, 0.50301811755, 71.8869740616, 41.1238946854, 0.483597305036, 0.752655774893, 5.38727687836, 2671.67837755, 0.576514496426, 0.0
0.322714621062, 0.821911428653, 94.6695195805, 0.59800024705, 68.9915081983, 32.612576795, 1.80702250983, 2.58031057435, 7.78808881633, 3346.20533561, 0.429756721881, 0.285714285714
0.145370462221, 0.966340726066, 84.8919467094, 0.587099135104, 20.7145676311, 25.7561911285, 0.303981726416, 3.85613720962, 9.71408438827, 3427.99169954, 0.315019418954, 0.315789473684
0.613291790707, 0.915814829804, 90.841264319, 0.426232075092, 94.5867513791, 6.48484255979, 0.758035518823, 2.78783356423, 15.0096110863, 3305.7555891, 0.263472298479, 0.444444444444
0.613291790707, 0.915814829804, 92.6809897738, 0.426232075092, 94.5867513791, 6.48484255979, 0.178311028686, 2.78783356423, 15.0096110863, 3776.14636724, 0.269123706564, 0.380952380952
0.207725359266, 1.06373452552, 87.0294605621, 0.523244601317, 41.1827460642, 11.5181974442, 0.989351049585, 4.01952062771, 1.69288382052, 4929.5909849, 0.116120532761, 0.4
0.679084430546, 1.0219883081, 86.0294783997, 0.433303483189, 78.4007338511, 2.29378419028, 0.532906283351, 4.48922235934, 9.65367194565, 4496.96278281, 0.159029485043, 0.4375
0.467389537674, 1.0304320429, 83.564783078, 0.448958164021, 73.2254427679, 2.28598062075, 0.336718379622, 4.48922235934, 9.20602233444, 4594.60162531, 0.134408240495, 0.291666666667
0.805329384318, 0.842628187917, 85.6223579147, 0.434128732268, 87.1623327665, 25.1939732143, 0.428892616516, 0.752655774893, 2.53981337862, 2769.68552039, 0.434426299439, 0.545454545455
0.196037368644, 0.933641363919, 89.9654876247, 0.582091405899, 12.3638541168, 6.17267062095, 1.99200687841, 1.00465947325, 17.9309183364, 7823.87975997, 0.0890713085709, 0.651162790698
0.820018155212, 1.2070019273, 82.8375678964, 0.577859725661, 48.9360994188, 3.04816567275, 1.39851990672, 2.6884049325, 10.4873062437, 13681.9473947, 0.100476616112, 0.0
0.646601640232, 0.936666788643, 83.2558353123, 0.462268819653, 97.1473005809, 46.5136064502, 0.951248184636, 3.04143064797, 19.5871091693, 2721.94244964, 0.663542940892, 0.285714285714
0.679084430546, 1.0219883081, 83.8885029428, 0.433303483189, 78.4007338511, 2.29378419028, 0.532906283351, 2.78651902151, 7.06085470923, 5008.07457696, 0.182538767977, 0.583333333333
0.604248544726, 0.846458241771, 94.3950384391, 0.504565443294, 88.9372483119, 30.0339252983, 1.99798257412, 1.03717474168, 5.81930750087, 2882.02339992, 0.507677280621, 0.0
0.113205411663, 1.17482698498, 93.593306417, 0.439135054925, 22.7857881212, 14.0190304591, 0.674207414309, 4.96019809562, 16.4917797564, 10800.8189066, 0.102638746352, 0.545454545455
0.147746046535, 0.905963639334, 92.4148874647, 0.526790367177, 7.32614839828, 16.3252787648, 1.3151382187, 3.05615584972, 13.8427492273, 7078.24178283, 0.106815000639, 0.0
0.132831460986, 1.06853273099, 84.7324363298, 0.62647795348, 72.7560768122, 25.8573400298, 1.30024486818, 2.92333990437, 15.5825062354, 9858.65955936, 0.103214022782, 0.0
0.147746046535, 0.905963639334, 92.4148874647, 0.526790367177, 7.32614839828, 16.3252787648, 1.3151382187, 3.05615584972, 13.8427492273, 6188.25048176, 0.161414471262, 0.125
0.647671142301, 1.0304320429, 83.564783078, 0.448958164021, 73.2254427679, 2.28598062075, 0.198696991021, 4.48922235934, 9.20602233444, 6509.48379951, 0.149927387794, 0.472222222222
0.877408094895, 0.833103230789, 85.833332019, 0.52131228653, 41.453149645, 30.4957008948, 1.85002161753, 4.25708089636, 13.7167890844, 3350.97404933, 0.487515037065, 0.0869565217391
0.166702864445, 0.862989215557, 80.1174109937, 0.503093635205, 97.4883290529, 35.5630527725, 1.38262133284, 4.13897492036, 6.96238506023, 3517.37035365, 0.401189685054, 0.4
0.119585251945, 0.8791521739, 92.6553656421, 0.613126046361, 31.3606572211, 32.0150774435, 1.18770340351, 1.49463445098, 7.97294347522, 4664.28296461, 0.210846848267, 0.157894736842
0.166702864445, 0.850810522277, 87.6045798111, 0.532836227432, 5.60123322597, 33.7335752289, 1.46818838334, 0.712950204018, 17.9299371456, 4407.33207588, 0.279386408409, 0.192307692308
0.342836376878, 0.933641363919, 89.9654876247, 0.582091405899, 44.6278937578, 6.17267062095, 1.9821632375, 1.00465947325, 17.9309183364, 6570.78105068, 0.144553684341, 0.269230769231
0.418610969524, 1.06373452552, 87.0294605621, 0.493699602877, 41.1827460642, 12.0028706927, 0.989351049585, 4.01952062771, 1.69288382052, 4514.88155294, 0.241918984472, 0.344827586207
0.158743078151, 0.838665093185, 84.543006258, 0.642897061159, 89.4453614031, 38.1844369683, 1.39285214189, 0.569364553384, 15.0664840302, 3561.64976685, 0.376901997257, 0.236111111111
0.554402857108, 1.0178688359, 88.0582663106, 0.48182021178, 70.3608592908, 6.02498339856, 0.413014122844, 1.77368000489, 7.70622720759, 4231.51997428, 0.335568963115, 0.558823529412
0.61003402871, 0.821911428653, 83.2558353123, 0.534469065756, 48.4898482384, 20.7408645804, 1.80702250983, 2.2352137837, 19.5871091693, 3696.07696479, 0.41092769378, 0.204081632653
0.288509368231, 1.04023565475, 90.5757068927, 0.613311138494, 50.6044411211, 13.9378252885, 0.127412736957, 1.57472532649, 9.90173829868, 4122.36499824, 0.338004164616, 0.533333333333
0.831392862775, 0.906084480936, 84.5744735202, 0.657314099816, 62.4373676768, 35.5888107061, 0.108085725464, 0.142187023157, 14.5873916878, 3128.56013835, 0.474402045501, 0.1
0.554402857108, 0.993935749411, 91.5742872597, 0.602914358395, 96.2001603826, 6.02498339856, 0.413014122844, 1.7101637852, 14.707569623, 4390.5469726, 0.259926895674, 0.578947368421
0.377157542202, 0.913156976308, 87.2413895556, 0.685786437514, 12.9656605943, 38.209693869, 0.345539757465, 4.68591573794, 7.69766189321, 3992.73925148, 0.361228920134, 0.363636363636
