0.0, 2.0, 2.0, -0.195527435013, -0.0864820705205, 0.0, 0.0, 2.0, 0.0, 3.0, 0.0, 3.0, -0.652397175275, 3.0, -1.0, 0.0, -1.0, -1.0, 1.0, 2.0, -1.0, 3.0, 2.46387974917, 3.0, -1.0, 2.38501011548, 0.0, -1.0, -1.0, 0.0, 0.20768286963, -1.0, 1.0, -1.0, 2.0, 1.0, -0.239064510662, -1.0, 3.0, 1.0, 0.374778734342, 0.0, -1.0, 0.0, 1.0, 0.0, 0.0, 1.36013718366, 0.427895475769, 1.0, 97757.0, 585.0, 99500.0
0.0, 2.0, 2.0, 3.0, 1.0, -1.0, -1.0, 2.0, 0.0, 1.15970747515, 2.0, -0.590757464072, 2.0, -1.0, 0.0, 3.0, 1.0, -1.0, 1.0, 3.0, 3.0, 0.0, 0.0, 0.0, 2.0, 1.0, -1.0, 2.0, -0.55802319136, -0.100064872564, 2.0, 0.0, -0.167802516399, 0.0, 0.0, 1.30387820286, 3.0, 1.0, -1.0, -1.0, 0.0, 1.94725270439, 1.0, 0.912798837204, 1.0, 1.0, -1.0, 2.0, 1.0, -1.0, 97789.0, 572.0, 99511.0
2.0, -0.980799009173, 0.784164494749, -1.0, 0.847117172399, 2.0, 2.0, 1.0, 0.0, 0.0, -1.0, 0.0, 3.0, -0.270894593759, 1.0, 1.80003680528, 1.0, 1.0, -0.271684819877, 2.0, 1.54674184338, 0.0, 1.18430576787, 1.0, 3.0, 2.0, 0.0, -1.0, 2.63561618721, 2.0, -1.0, -1.0, 0.0, 1.0, 1.0, -1.0, 2.0, 1.0, -1.0, 2.0, 0.0, 2.0, -0.248353762527, 0.0, 0.644837572047, 0.283077232902, 0.0, 0.0, 0.0, 0.937890148838, 97418.0, 644.0, 99471.0
2.0, -1.0, 3.0, 1.0, 1.0, -1.0, 0.0, 2.0, 0.0, 1.0, -1.0, 0.0, 1.0, 2.0, -1.0, 2.0, 0.0, -1.0, 2.0, 0.0, 1.0, 0.0, -1.0, 1.0, -1.0, 2.0, 1.0, 3.0, -1.0, 1.0, 0.0, -0.944726546768, -0.757512653457, 2.0, 3.0, 1.0, 0.710118628838, 1.0, 0.0, 0.0, 1.0, 0.0, 2.0, -1.0, 0.0, 3.0, 0.0, -1.0, -1.0, 1.0, 97857.0, 553.0, 99530.0
1.0, -1.0, -0.224687565292, 0.0, 3.0, -1.0, 2.0, -1.0, 2.0, 3.0, 1.0, -1.0, 0.0, 0.436347551431, 3.0, -0.357043534398, -1.0, 0.997569830339, 2.0, 1.34496154067, 0.0, 1.57481759561, 0.0, 0.0, -1.0, 1.0, 1.0, 2.0, 1.0, 0.0, 2.0, -0.0459410209567, 2.0, 2.0, 0.0, 1.0, 0.46964298638, -1.0, 2.0, 0.0, 0.0, 0.0, 0.0, 2.84342217461, 2.0, 2.0, 0.731380955156, 1.40620588305, 1.0, 0.0, 97495.0, 652.0, 99452.0
2.0, -1.0, 3.0, 1.0, 1.0, -1.0, 0.0, 2.0, 2.64915149457, 1.0, -1.0, 0.0, 1.0, 2.0, -1.0, 2.0, 0.0999377613111, -1.0, 2.91307070705, 0.0, 1.0, 0.0, -1.0, 1.0, -1.0, 2.0, 1.0, 3.0, 2.88162282716, 1.0, 0.0, 0.0, -1.0, -1.0, 3.0, 1.0, 0.0, 1.0, 0.0, 0.0, 1.0, 0.0, 2.0, -1.0, 0.0, 3.0, 0.0, -1.0, -1.0, 1.0, 97807.0, 565.0, 99519.0
1.0, 1.95789926112, 1.0, -0.234825502169, 1.69055322682, 3.0, 1.29429097653, 1.34286249684, 0.0, 0.0, 3.0, 0.0, 1.0, 3.0, 2.0, 3.0, 3.0, 0.694962107616, 2.0, 2.0, 1.0, 2.0, 1.0, 0.0980762345353, 2.05329520614, 0.0, 3.0, -1.0, 1.0, -1.0, 2.0, 3.0, 2.0, 3.0, 1.0, 2.82565915186, 0.0, 2.0, 1.62817390556, 2.0, 3.0, 3.0, 2.01885675847, 0.0, 2.40889162478, 0.0, 2.0, 2.0, 2.0, 1.0, 97574.0, 729.0, 99402.0
0.159051987511, -1.0, 3.0, 1.0, 0.894471542238, -1.0, 0.0, 2.0, -0.11536878224, 1.0, -1.0, -0.6832297068, 1.31996717163, 2.0, -1.0, 2.0, 0.0, 0.0171446564576, 2.0, 0.0, 2.27179655, 0.0, -1.0, 2.0, -1.0, 2.0, 1.0, 2.18546800192, 2.0, 1.55842908395, 0.0, 0.0, 0.67658533014, 2.0, -0.102684606357, 1.0, 0.0, 1.0, 0.0, 0.0, 1.0, 0.0, 2.0, -1.0, 0.0, 3.0, 0.0, -1.0, -1.0, 1.35592361726, 97648.0, 593.0, 99497.0
0.0, 2.0, 2.0, -0.195527435013, 2.0, -0.972807195013, 2.88737856866, 2.0, 0.0, 3.0, 2.0, 3.0, 1.0, 3.0, -1.0, 0.0, -1.0, -1.0, 1.0, 2.66603932786, -1.0, 1.4469258425, 0.618977841237, 3.0, -1.0, -0.392862785656, 0.0, -1.0, 1.87583404851, 0.0, 0.20768286963, -1.0, 1.0, -1.0, 2.0, 1.0, 0.117354969015, -1.0, -1.0, 1.0, 0.374778734342, -0.220495556043, -1.0, -0.561072514902, 1.0, 0.0, 0.86148040023, 1.36013718366, 0.0, 1.0, 97887.0, 569.0, 99510.0
3.0, 0.360551844817, 0.0, 1.0, 2.0, -1.0, 0.352698232506, 3.0, 0.0, 0.0, 2.0, 0.0, 2.0, 3.0, 2.35795435005, 1.0, 2.0, 0.0743263678384, 2.09293616052, 1.0, 0.0, -0.617748080804, 0.0, 3.0, -0.638530525684, 2.0, -1.0, 2.0, 1.0, 2.0, -1.0, 0.0, 1.05617908108, 0.0, 2.53476003429, -1.0, 2.2497795795, 0.413133008983, 1.0, 1.0, 2.0, 2.86777257461, 3.0, 2.36567647116, 1.0, 2.48416982155, 1.0, -0.941593408569, 1.0, -0.129540026364, 97659.0, 648.0, 99448.0
1.0, 0.0, 2.0, 1.58326012729, 3.0, 2.0, -0.818409689092, 2.97640518902, 3.0, -0.14147866229, 2.0, -1.0, 3.0, 2.0, 1.0, 2.14749003744, 2.0, 2.0, 1.35637549933, 3.0, 1.82316966956, 2.0, 0.0, 0.0, 0.0, 1.0, -1.0, -1.0, 2.62828605032, -0.232906912497, 0.762493423027, 0.0, 0.873241286396, 2.0, 2.38271643821, -1.0, 3.0, 0.0, 0.139402708927, 2.0, 0.572763241552, 2.0, 2.0, 2.0, 2.10437461152, 1.0, 0.990456420844, -0.460362477126, 0.996440039669, 0.0, 97581.0, 683.0, 99428.0
2.34273803884, 0.0, 0.0, 0.414968809575, 2.55260110172, -1.0, 3.0, 2.0, 0.0, 2.0, 1.0, 2.0, 0.0, 0.883662205816, 1.0, 1.0, 0.0, 0.0, 2.41709407463, 0.0, 1.0, 0.2860564012, 3.0, 1.0, 2.0, 1.0, -1.0, 3.0, 2.35216659784, 0.0, 3.0, 0.481442905761, 3.0, 3.0, 2.18459105503, -0.71424552478, 2.0, 3.0, 0.0651003618275, 0.0, 0.0, 1.44554207522, 1.0, 0.0, 2.40889162478, 3.0, 1.0, 1.0, -1.0, 0.0, 97507.0, 689.0, 99419.0
2.0, -0.980799009173, 0.784164494749, -1.0, 0.847117172399, 2.29406564128, 2.0, 1.0, 0.0, 0.0, -1.0, 0.0, 3.0, -0.270894593759, 1.0, 1.80003680528, 1.0, 1.0, -0.271684819877, 2.21251061829, 1.54674184338, 0.0, 1.18430576787, 2.34426124594, 3.0, 2.0, 0.0, -1.0, 2.63561618721, 2.0, 0.897384849802, -1.0, 1.8069332803, 1.0, 1.0, -1.0, 2.0, 1.0, -1.0, 2.0, -0.209549593538, 2.0, -0.248353762527, 0.0, 0.644837572047, 0.283077232902, 0.0, 0.0, 0.0, 0.937890148838, 97388.0, 660.0, 99458.0
1.45394076157, -1.0, 3.0, 1.0, 1.0, -1.0, 0.0, 2.0, 0.0, 1.0, -0.963899218685, 0.0, 1.0, 2.0, -1.0, 2.0, 0.0, -1.0, 2.0, 0.0, 1.0, 0.0, 0.964210844888, 1.0, -1.0, 2.0, 1.0, 3.0, -0.620036219378, 1.0, -0.266394067695, -0.944726546768, -0.757512653457, 2.0, 3.0, 1.0, 0.0969275282892, 1.0, 2.91237572564, 0.0, 1.0, -0.958553978225, 2.0, -1.0, 0.0, 3.0, 0.0, -1.0, -1.0, -0.562910235149, 97898.0, 540.0, 99538.0
1.0, 2.0, 1.0, 0.0, 1.69055322682, 3.0, 1.29429097653, 2.0, 0.0, -0.469489243833, 3.0, 2.95025661919, 1.0, 1.43471021788, 2.0, 3.0, 3.0, 0.0, 2.0, 2.0, 1.0, 2.0, 1.0, 0.0980762345353, 2.06898604716, 0.0, 3.0, -0.81005227795, 1.0, 0.842968939156, 2.0, 3.0, 2.0, 3.0, 1.0, 3.0, 0.0, 1.96585996888, 0.0651003618275, 2.0, 3.0, 3.0, 3.0, 0.0, 1.0, 0.0, 2.0, 2.0, 2.49716568813, 1.0, 97518.0, 746.0, 99388.0
2.0, -0.988258009205, 0.784164494749, -1.0, 0.847117172399, 2.0, 2.0, 1.0, 0.0, 0.0, -1.0, 0.0, 3.0, -0.270894593759, 1.0, 1.80003680528, -1.0, 1.0, -0.271684819877, 2.0, 3.0, 0.0, 1.18430576787, 1.0, 3.0, 2.0, 0.0, -1.0, 0.540620183938, 2.0, -1.0, -1.0, 0.0, 1.0, 1.0, -1.0, 2.0, 1.0, -1.0, 2.0, 0.0, 2.0, -0.248353762527, 0.0, 1.03706988046, 0.283077232902, 0.0, 0.0, 0.0, 1.0, 97439.0, 633.0, 99478.0
2.0, -1.0, 3.0, 1.0, 1.0, -1.0, 0.0, 2.0, 0.0, 1.0, -1.0, 0.0, 1.0, 2.0, -1.0, 2.0, -0.0480528071034, -1.0, 2.0, 0.0, -1.0, 0.0, -1.0, 1.0, -1.0, 2.0, 1.0, 3.0, 2.4302427222, 1.0, 0.0, 0.0, -0.757512653457, 2.0, 3.0, 1.0, 0.0, 1.0, 0.0, 0.0, 1.0, 0.0, 2.03319728641, -1.0, 0.0, 3.0, 0.0, -1.0, -1.0, 1.0, 97766.0, 569.0, 99520.0
0.0, 2.0, 2.0, -0.195527435013, -0.0864820705205, 0.0, 0.346479296016, 2.0, 0.0, 3.0, 0.0, -0.426874547757, -0.652397175275, 3.0, -1.0, 0.0, -1.0, -1.0, 1.0, 2.97787479715, -1.0, 3.0, 2.46387974917, 3.0, -1.0, 2.38501011548, 0.0, -1.0, -1.0, -0.389933053828, 0.20768286963, -1.0, 1.0, -1.0, 2.0, 1.0, -0.239064510662, -1.0, 1.6880888397, 1.0, 0.374778734342, 0.0, -1.0, 1.28768507158, 1.0, -0.827089076896, 0.0, 1.36013718366, 0.427895475769, 1.0, 97788.0, 569.0, 99513.0
-0.153632345125, 0.0, 0.0, -1.0, 0.847117172399, -1.0, 3.0, 2.0, 0.0, 2.0, 0.490534935336, 2.33388497643, 0.0, 0.0, 1.0, 1.0, -0.465089137236, 0.0, 2.0, 0.0, 1.0, 0.2860564012, 3.0, 1.0, 2.0, 1.0, -0.502296400218, 2.44682150332, 2.35216659784, 0.0, 3.0, 2.2198249685, 3.0, 3.0, 1.81960343418, 2.49871476349, 2.0, 3.0, 0.0651003618275, 0.0, 0.0, 0.715768299356, 1.0, 0.0, 2.40889162478, 3.0, 1.0, 1.0, -1.0, 0.0, 97430.0, 688.0, 99423.0
0.0, -1.0, 2.0, 0.0, 0.0, 2.0, 3.0, 1.0, 2.0, 0.0, 0.0, 3.0, 1.0, 2.0, -1.0, 2.0, -1.0, -0.663158505744, 1.5601586701, 3.0, 0.0223900045604, 0.0, 2.80717311338, 1.40731042307, 3.0, 1.82772964512, 0.0, 3.0, -0.546098806307, 0.0, 1.0, -1.0, 0.0, -1.0, -1.0, 1.0, 1.0, 2.0, 0.0, -0.14644999026, 1.25731718221, 1.0, -0.782513338336, 1.0, 1.0, -1.0, -1.0, -1.0, -1.0, 3.0, 97947.0, 554.0, 99529.0
1.0, -1.0, 1.0, 1.0, 0.0, -0.475445794833, 2.0, 0.054929628893, -0.558674902858, 0.0, 1.0, 2.89981001675, -1.0, 3.0, 0.235057190836, -0.551422898005, 1.0, 0.0, 1.44225984754, -0.771994551131, 1.45767871181, 0.404632305743, 0.0, -1.0, -0.989439226012, -0.386022642498, -1.0, 0.0776042215529, -1.0, 0.326571917642, 2.0, 0.738968427498, 2.40592165952, 1.0, 2.0, 0.0, 2.74576166484, 1.0, -1.0, -0.817472700299, 1.46576877712, -0.0932793115946, -1.0, 0.783930238869, 0.0, 0.0, 3.0, 2.0, -1.0, 0.576624033839, 97798.0, 552.0, 99531.0
1.03753770769, 0.0, 2.0, 1.58326012729, 1.89661672619, 2.9150110356, 0.352698232506, 2.97640518902, 3.0, -0.0285339392963, 2.0, -1.0, 3.0, 2.0, 1.0, 0.0, 2.0, 2.0, 1.35637549933, 3.0, 1.82316966956, 2.0, 0.0, 0.0, 0.0, 1.0, -1.0, -1.0, 2.62828605032, -0.232906912497, 0.762493423027, 0.0, 2.89863517427, 2.0, 2.38271643821, -1.0, 3.0, 0.0, 0.139402708927, 2.0, -0.389082481253, 2.0, 2.0, 2.0, 2.10437461152, 1.0, 0.990456420844, -0.717194978523, 0.996440039669, 0.0, 97535.0, 687.0, 99426.0
0.0, 2.0, 2.0, -1.0, 2.0, -0.972807195013, 2.88737856866, 2.0, 0.0, 3.0, 2.0, 3.0, 1.0, 3.0, -1.0, 0.0, -1.0, -1.0, 1.0, 2.74291205888, -1.0, 1.4469258425, 0.618977841237, 3.0, -1.0, -0.392862785656, 0.0, -1.0, 1.87583404851, 0.0, 0.20768286963, -1.0, 1.0, -1.0, 2.0, 1.0, 0.117354969015, -1.0, -1.0, 1.0, 0.374778734342, -0.220495556043, -1.0, -0.561072514902, 1.0, 0.0, 0.86148040023, 1.36013718366, 0.0, 1.0, 97919.0, 555.0, 99522.0
0.0, 2.02494604058, 2.0, -0.195527435013, 2.0, 0.0, 0.0, 2.0, 0.0, 3.0, 2.0, 3.0, -0.838909634147, 3.0, -1.0, -0.794805225713, -0.710206890784, -1.0, 1.0, 2.0, -1.0, 3.0, 1.0, 2.40201841379, -1.0, 1.0, 0.0, -1.0, -1.0, 0.0, 2.38702842414, -1.0, 1.0, -1.0, 2.0, 1.0, 0.0, -1.0, 3.0, 1.0, 0.374778734342, 0.0, -1.0, 0.0, 1.0, 0.0, 0.0, 0.604973138727, 0.0, 1.54530832436, 97869.0, 571.0, 99510.0
1.0, -1.0, 2.0, 2.0, 0.142855618459, 1.0, 0.0, 0.416979493059, 0.0, 3.0, 3.0, 3.0, 2.0, 3.0, 2.0, 2.0, -0.573386660346, 1.0, 2.0, 2.0, -0.283886092233, 1.50249834683, 0.435530336721, 1.0, -1.0, 0.0, -1.0, 3.0, 3.0, 2.0, -1.0, 0.0, 2.0, 1.0, -0.0723117802096, -0.303918790052, 3.0, -0.234071207167, 1.0, 1.0, 3.0, 0.0, 1.0, 0.0, 1.0, 0.631280642608, 1.0, 1.0, 1.90978134542, -0.0154314167101, 97494.0, 681.0, 99429.0
0.0, -1.0, 0.947328392146, 3.0, 1.0, -1.0, -1.0, 2.0, 0.0, -0.259301456029, 0.024318025653, -0.261574239954, 2.0, -1.0, 0.0, 3.0, -1.0, -1.0, 2.16905753173, 3.0, 3.0, 0.0, 0.908269058328, -0.00587032126758, 2.0, 1.0, -1.0, 2.0, -0.969695408438, 3.0, 3.0, 0.0, 1.0, 0.0, 0.487023325884, 2.0, 2.52100632804, -0.550793705386, -0.94228838737, -1.0, 2.0, 2.0, -0.834453967415, -1.0, 1.11673447207, 1.0, -1.0, 2.0, 1.0, -1.0, 98059.0, 518.0, 99554.0
0.190969092081, 2.0, 2.0, -0.195527435013, 2.0, -0.972807195013, 1.67540910243, 2.0, 0.0, 3.0, 2.0, 2.8047110215, 1.0, 3.0, -1.0, -0.561843325542, -1.0, -1.0, 1.0, 2.66603932786, 1.54554208525, 2.0, 0.618977841237, 3.0, -1.0, 0.76075106841, 0.0, -1.0, -0.669879063997, 0.0, 0.20768286963, 0.952147777355, 1.0, -1.0, 2.0, 0.803957839131, 1.39530163614, -1.0, 3.0, 1.0, 0.374778734342, -0.220495556043, -1.0, -0.561072514902, 1.0, -0.293940663702, 0.86148040023, 1.48803002703, 0.0, 0.507101031967, 97835.0, 576.0, 99495.0
1.0, 2.0, 1.0, 0.0, 1.69055322682, 3.0, 1.29429097653, 2.0, -0.693859801323, -0.469489243833, 3.0, 2.95025661919, 1.0, 1.43471021788, 2.0, 3.0, 3.0, 0.0, 2.0, 2.0, 1.0, 2.0, 1.31521596103, 0.0980762345353, 2.06898604716, 0.0, 0.743486976648, -0.81005227795, 1.0, 0.842968939156, 2.0, 3.0, 2.0, 3.0, 1.0, 3.0, 0.0, 1.96585996888, 0.0651003618275, 2.0, 2.0, 3.0, 3.0, 0.0, 1.34877567718, 0.0, 2.0, 2.0, -0.403089650737, 1.0, 97525.0, 732.0, 99403.0
0.0, -1.0, 2.36734488543, 3.0, 1.8750014525, -1.0, -1.0, 2.0, 0.0, 2.0, -1.0, 0.174779232353, 2.0, -1.0, 0.0, 2.58293796235, -1.0, -1.0, -0.271684819877, -0.173751721065, -1.0, 0.0, 0.908269058328, -0.00587032126758, 2.0, 1.0, -1.0, 2.0, -0.969695408438, 3.0, 3.0, 2.17228378489, 1.0, 0.0, 2.69898747065, 2.19324402244, 2.69995205754, -0.550793705386, -0.705564864839, -1.0, 2.0, 2.0, -0.834453967415, 2.51248954425, 1.0, 1.0, -1.0, 2.0, 0.991589011253, -1.0, 98222.0, 499.0, 99569.0
1.0, -0.681561936598, -0.309943181856, 0.0, 1.0, 2.88093984102, 0.0, -0.284240349023, 0.531116180535, 1.0, -1.0, 2.41132811345, -0.596811144904, 1.0, -1.0, 1.68436062555, -0.859863014032, 1.0, 1.0, 0.0, 1.96241035064, 1.26536773292, 0.0, 1.51830605028, -0.459335581526, -1.0, -1.0, 1.0, -0.610924285117, 0.501510221999, 0.258660837143, 0.974470319112, 0.0, -1.0, 2.0, 1.30387820286, 1.0, -1.0, 0.552173621288, -0.0855877683601, 2.0, 0.0, 1.0, 1.51730600842, -1.0, -0.857063970452, -1.0, 3.0, -0.793623014227, 0.0, 97822.0, 545.0, 99540.0
-0.0485187443315, 0.0, 2.0, 1.58326012729, 3.0, 2.0, -0.818409689092, 2.97640518902, 3.0, -0.14147866229, 0.960157746353, -1.0, 3.0, 0.819556676149, 1.0, 2.14749003744, 2.0, 1.19906286022, 1.35637549933, 3.0, 1.82316966956, 2.0, -0.0628232043045, 0.0, 0.0, 1.0, -1.0, -1.0, 2.62828605032, -0.232906912497, 0.762493423027, 0.0, 1.0, 2.90010661143, 2.38271643821, -1.0, 3.0, 0.0, 0.139402708927, 0.0, 0.572763241552, 2.0, 2.0, 2.0, 2.10437461152, 1.0, 2.59725072152, -0.460362477126, -0.596871277418, 0.0, 97595.0, 664.0, 99439.0
-0.443996977294, -1.0, 3.0, 1.0, 1.31019655212, -1.0, 0.0, 2.0, 0.0, 1.0, -1.0, 0.0, 1.0, 2.0, -1.0, 2.0, 0.0, 0.0171446564576, 2.0, -0.380767384343, 0.198345547128, 1.04354718992, -1.0, 2.5936757593, -1.0, 2.0, 1.63167031294, 2.18546800192, 2.0, 0.143635566001, -0.408129279262, 0.0, 0.946443251657, 0.604664496253, 3.0, 1.0, 0.0, 0.111563633113, -0.954804873135, 0.0, 1.0, 0.0, 2.0, -1.0, 0.0, 3.0, 0.0, -1.0, -1.0, 1.35592361726, 97607.0, 596.0, 99492.0
0.0, 0.0, 0.375114379399, 3.0, 0.0, -0.952981873377, -1.0, 1.0, 0.0, 1.0, 2.0, 3.0, 2.0, 2.0, 0.0, 1.0, -0.780657496628, 0.65761357499, 1.59067835871, 1.8213339302, 2.0, -0.210855803938, 0.0, 1.0, -1.0, 1.0, -1.0, -1.0, 1.0, 1.0, 0.0, 2.0, 2.0, 3.0, -1.0, 2.0, 0.0, 2.0, 2.0, 0.572309385057, -1.0, 1.0, 2.0, 2.0, 1.67528185641, 0.0, 1.15468253143, -1.0, 2.0, 0.152725852411, 97580.0, 617.0, 99465.0
1.0, 0.0, 0.910504141098, 0.269864464212, 2.55260110172, -0.981365212339, 3.0, 2.11023246838, 0.0, 1.29348370536, 1.0, 0.27382729812, 0.0, 0.0, 1.0, 1.0, 0.0, 0.0, 2.4853405837, 0.0, 3.0, 0.776800590394, 1.61726536422, -0.337618476872, 2.0, 1.0, -1.0, 3.0, 2.35216659784, -0.735788267839, 3.0, 0.481442905761, 3.0, 3.0, 1.81960343418, -0.71424552478, 2.0, 3.0, 0.0651003618275, 1.23630971237, 0.0, 1.44554207522, 1.0, 1.0, 1.0, 3.0, 1.0, 0.210968222241, -1.0, 0.30413432077, 97465.0, 672.0, 99433.0
0.568725393651, -1.0, 1.0, 1.85277734977, 0.0, 2.0, -0.271676368439, 0.0, 2.0, 1.37769930956, 0.0, 1.0, 2.48712600164, -0.293336573241, 1.0, 2.0, 1.0, 0.0, 0.742861950904, 0.988941669103, 1.0, -0.0725090274463, 0.0, 3.0, 1.0, 0.0, -1.0, 1.0, -0.0776449149374, 1.0, 3.0, 2.0, -0.360281176347, 2.0, 1.0, 0.0, 0.0, 2.0, -0.273086804206, 2.50320241878, 1.38439206953, 0.75977157932, 0.0, 1.04900451538, 1.0, 3.0, 0.678605667792, 2.0, 3.0, -1.0, 97355.0, 707.0, 99418.0
0.0, -1.0, 0.947328392146, 2.94069601118, 1.8750014525, -1.0, -1.0, 2.0, 0.0, 2.0, -1.0, -0.261574239954, 2.0, -1.0, 0.0, 2.58293796235, -1.0, 1.61198713644, -0.271684819877, 3.0, 3.0, 0.0, 0.908269058328, -0.00587032126758, 3.0, 1.0, -1.0, 2.0, -0.969695408438, 3.0, 3.0, 0.0, 1.0, 0.897836522589, 2.57402589682, 2.19324402244, 2.69995205754, -0.550793705386, -0.705564864839, -1.0, 2.0, 2.0, -0.834453967415, 2.51248954425, 1.0, 1.0, -1.0, 2.0, 1.0, -1.0, 98141.0, 529.0, 99545.0
2.0, -1.0, 3.0, 1.0, 1.0, -1.0, 0.0, 2.0, 0.0, 1.0, -1.0, 0.0, 1.0, 2.0, -1.0, 2.0, 0.0, -1.0, 2.0, -0.51495815011, 1.0, -0.461121986771, -1.0, 1.0, -1.0, 2.31568413424, 1.0, 3.0, 2.0, 1.0, 0.0, 0.0, -0.757512653457, 2.0, 3.0, 0.217251239465, 0.0, 0.872991111174, 0.0, 0.0, 1.0, 0.0, 2.0, -1.0, 0.0, 3.0, 0.0, -1.0, -1.0, 1.0, 97748.0, 570.0, 99519.0
0.0, 2.0, 2.0, -0.195527435013, -0.0864820705205, 0.0, 0.0, 2.0, 0.0, 3.0, 0.0, 3.0, -0.652397175275, 3.0, -1.0, 0.0, -1.0, -1.0, 1.0, 2.59818930466, -1.0, 3.0, 2.46387974917, 3.0, -1.0, 2.38501011548, 0.0, -0.641816465647, -1.0, -0.546634901064, 0.20768286963, -1.0, 1.0, -1.0, 2.0, 1.0, -0.239064510662, -1.0, 3.0, 0.0, 0.137764775731, 0.0, -1.0, 0.0, 1.0, 0.0, 1.0, 2.76656732872, 0.427895475769, 1.0754198254, 97859.0, 568.0, 99514.0
0.966330894012, -1.0, 3.0, 1.0, 0.894471542238, -0.972807195013, 0.0, 2.0, 1.52740974751, 1.0, -1.0, -0.6832297068, 1.31996717163, 2.0, -1.0, 2.0, 0.543670826428, 0.0171446564576, 2.87640801445, 0.0, 2.27179655, 0.0, -0.44811213343, -0.612600972208, -1.0, 2.0, 1.0, 2.18546800192, 2.0, 0.698711917148, 0.633562167101, 0.0, 0.67658533014, 2.0, -0.102684606357, 1.0, 0.0, 1.0, 0.0, 0.0, 1.0, 0.0, 2.0, -1.0, 0.0, 3.0, 0.0, -1.0, -1.0, 1.35592361726, 97692.0, 591.0, 99496.0
0.0, 2.2645580027, 2.0, -0.195527435013, 2.0, -1.0, 2.88737856866, 2.96766467119, 0.0, 3.0, 2.0, 3.0, 1.0, 2.41836222482, -1.0, 0.0, -1.0, -1.0, 1.0, 2.66603932786, -1.0, 1.4469258425, 0.618977841237, 3.0, -1.0, -0.392862785656, 0.0, -1.0, 1.87583404851, 0.0, 0.20768286963, -1.0, 1.0, -1.0, 2.0, 1.0, 0.117354969015, -1.0, -0.402756230973, 1.0, 0.374778734342, -0.220495556043, -1.0, -0.561072514902, 1.0, 0.0, -0.136211159599, 1.36013718366, 0.0, 1.0, 97815.0, 582.0, 99501.0
-0.183433090079, 0.0, 0.327113949851, 0.0, 0.0, 1.58765762759, 0.0, 1.23806776704, 2.0, 1.0, 1.0, 2.14633235361, -0.819916000372, 1.0, 0.0, 1.0, 2.18317944656, 1.0, 1.0, 0.184512596676, 1.07072222982, 3.0, 0.352344720655, -1.0, 0.38492342318, 0.34658576268, 0.0, 2.0, 1.41037083849, 0.0, 3.0, 1.80507195584, -0.063900643309, 2.0, 0.0, 2.88058259638, 0.0, 2.22318060797, 2.0, 0.0, -0.332400009578, 1.58138459339, 0.0, 0.0, 0.611048846818, 0.211502440181, 2.0, 1.0, 3.0, 2.98954591296, 97296.0, 725.0, 99413.0
2.0, -1.0, 3.0, 1.0, 1.0, -1.0, 0.0, -0.466134835488, 0.0, 1.0, -1.0, 0.0, 1.0, 2.0, -1.0, 2.0, 0.0, -1.0, 2.0, 0.150869914083, 1.0, 0.0, 0.287437670367, 1.0, -0.015573276298, 0.825104924394, 1.0, 3.0, 2.0, 1.0, 0.0, 0.0, -1.0, 2.0, 3.0, 1.0, 0.0, 1.0, 0.0, 1.27418832424, 1.0, 0.0, 2.0, -1.0, 0.0, 3.0, 0.0, -1.0, -1.0, 1.0, 97513.0, 617.0, 99485.0
2.0, 2.29024297033, 3.0, 1.0, 0.894471542238, -1.0, 0.0, 2.0, -0.11536878224, 0.316187240797, -1.0, 0.0, 1.0, 2.0, -1.0, 2.0, 0.0, 0.0171446564576, 2.0, 0.0, 1.0, 0.0, 1.11708868083, 1.0, -1.0, 2.0, 1.0, 2.18546800192, 2.0, 1.55842908395, 0.0, 0.0, 0.67658533014, 0.662846351155, -0.102684606357, 2.11332617564, 0.0, 1.77033053266, 0.0, 0.0, 1.0, 0.0, 2.0, -1.0, 0.0, 3.0, 0.0, -1.0, -1.0, 1.35592361726, 97423.0, 641.0, 99454.0
1.45394076157, -1.0, 3.0, 1.0, 1.0, -1.0, 0.0, 2.0, 1.00097537311, -0.0936109199286, -0.963899218685, 0.0, 1.0, 2.0, -1.0, 2.0, 0.0, -1.0, 2.0, 0.0, 1.0, 0.0, 0.964210844888, 1.0, -1.0, 0.797519363676, 1.0, 3.0, -0.620036219378, 1.0, -0.266394067695, -0.944726546768, -0.757512653457, 2.0, 3.0, 1.0, 0.0969275282892, 1.19334382421, 2.91237572564, 0.0, 1.0, -0.958553978225, -1.0, -1.0, 0.0307782764797, 3.0, 0.440261742411, -1.0, -1.0, 1.28876657124, 97843.0, 541.0, 99539.0
0.0, 2.0, 2.0, -0.195527435013, 2.0, -0.972807195013, 1.67540910243, 2.0, 0.0, 3.0, 1.69535108421, 2.8047110215, 1.0, 3.0, -1.0, -0.561843325542, -1.0, -1.0, 1.0, 2.66603932786, 1.54554208525, 2.08869724915, 0.618977841237, 3.0, -1.0, 1.0, 0.0, -1.0, 1.0042115194, 0.0, 0.20768286963, 0.952147777355, 1.0, -1.0, 2.0, 0.803957839131, 1.39530163614, -1.0, 3.0, 1.0, 0.374778734342, -0.220495556043, 2.0, -0.561072514902, 1.0, 0.0, 0.86148040023, 1.36013718366, 0.0, 1.0, 97742.0, 611.0, 99471.0
3.0, 1.0, -1.0, 1.84821952354, 0.0, 2.0, 2.1188985436, 0.0, 0.0, 2.0, 3.0, 0.0, 1.0, 0.0, 1.89572072175, 0.0, 2.53348237013, 1.0, 3.0, 0.867619611877, 1.12055013325, 2.0, 0.584236030508, 3.0, -0.0107549944416, 2.0, -1.0, -0.895180334916, -1.0, -0.153918337997, 3.0, 1.75680013968, 1.0, 0.864154661181, 1.0, -0.132585132973, 0.0932080020409, 2.65378037068, 2.0, 1.0, 0.0, 0.0, 0.0, 2.49207188344, 3.0, 0.0, 0.604583828954, 2.0, 0.647018141777, 2.0, 97508.0, 702.0, 99412.0
0.0, -1.0, 2.2646653164, 3.0, 1.8750014525, -1.0, -1.0, 2.0, 0.0, 2.0, -1.0, 0.174779232353, 2.0, -1.0, 0.0, 2.58293796235, -1.0, -1.0, 1.31283766006, 1.36048306498, 3.0, 0.0, 0.908269058328, -0.00587032126758, 2.0, 1.0, -1.0, 2.0, -0.969695408438, 3.0, 3.0, -0.230430281806, 1.0, 0.0, -0.528687143315, 2.19324402244, 2.69995205754, -0.550793705386, -0.705564864839, -1.0, 2.0, 2.0, -0.834453967415, 2.51248954425, 1.0, 1.0, 2.0, 2.0, 1.0, -1.0, 98144.0, 512.0, 99556.0
1.0, -0.681561936598, -0.309943181856, 0.0, 1.0, 2.88093984102, -0.211761695326, -0.284240349023, 0.531116180535, 1.0, -1.0, 2.41132811345, -0.596811144904, 1.0, -1.0, 1.68436062555, -0.859863014032, 1.0, 1.0, 0.0, 1.7480066429, 1.26536773292, 0.0, 1.51830605028, -0.459335581526, -1.0, -1.0, 1.0, -0.610924285117, 1.0, 2.0, -0.233611120114, 0.0, -1.0, 2.0, -0.79258092906, 0.311466669061, -1.0, 0.552173621288, -0.665390076441, 2.0, 0.0, -1.0, 2.0, -1.0, -0.857063970452, -1.0, 3.0, -0.793623014227, 0.0, 97998.0, 498.0, 99577.0
0.00562462253182, 0.0, 2.89672162461, 0.329222906103, 2.85853654016, 2.0, 1.0, 1.0, 3.0, -0.061464235481, 1.43910821118, 0.36930246952, 3.0, 3.0, 1.0, -0.012562170758, 2.0, 0.0, 1.0, 3.0, 2.0, 2.0, 0.0, 0.0, 0.0, 1.0, -1.0, -1.0, 2.62828605032, 2.0, 1.0, 0.0, 1.32771265823, 1.89885535679, 0.402075162763, -1.0, 0.0, 0.418224536689, 0.0, 2.48644907738, 0.0, 1.07073761154, 2.0, 2.0, 2.10437461152, 1.0, 2.3575436066, -0.460362477126, 3.0, 2.0, 97364.0, 717.0, 99404.0
-0.443996977294, -1.0, 3.0, 1.0, 1.31019655212, -1.0, -0.224079975182, 2.0, 0.0, 1.0, -1.0, 0.0, 1.0, 2.0, -1.0, 2.32581150479, 0.0, 0.0171446564576, 2.0, -0.380767384343, 0.198345547128, 1.04354718992, 0.813263878467, 2.5936757593, -1.0, 2.0, 1.63167031294, 2.18546800192, 2.0, 0.143635566001, -0.490335439376, 0.0, 0.946443251657, 0.604664496253, 3.0, 1.0, 0.0, 0.111563633113, 2.0200293566, 0.0, 1.0, 0.0, 2.0, -1.0, 0.0, 3.0, 0.0, -1.0, -1.0, 1.35592361726, 97481.0, 626.0, 99465.0
2.0, -1.0, 3.0, 1.0, 1.0, -1.0, 0.0, 2.0, 0.0, 1.0, 0.54863801345, -0.136662273888, 1.0, 2.0, -1.0, 2.0, -0.0480528071034, -1.0, 2.0, 0.0, -1.0, 0.0, -1.0, 1.0, -1.0, 2.0, 1.0, 3.0, 2.4302427222, 1.0, 0.0, 0.0, -0.757512653457, 2.0, 3.0, 1.0, 0.0, 1.0, 0.975189065661, 0.0, 1.0, 0.0, 2.03319728641, -1.0, 0.0, 2.39024998177, 0.0, -1.0, -1.0, 1.0, 97709.0, 588.0, 99503.0
0.0, 0.653310779126, 1.0, 3.0, 0.0, 1.0, -1.0, 2.0, 0.0, 1.0, 0.938450829425, 2.46342253253, -0.447456695138, 2.0, 0.0, 1.0, 0.532095794701, -0.22774300425, 3.0, 3.0, 0.90599452179, -1.0, 0.0, 1.0, -1.0, 1.0, -0.929941909264, 1.0, 1.0, 1.0, -0.293967487154, -0.303413121805, 2.0, 3.0, -1.0, 2.0, 0.0, -0.269365288881, 2.0, 0.0, 0.548105447649, 1.0, 1.0, 2.0, 1.67528185641, 1.60624773058, 0.0, 0.104574649056, 2.0, -0.055715400712, 97335.0, 675.0, 99435.0
1.0, -1.0, 1.0, 1.0, 0.0, -0.475445794833, 0.352698232506, 0.054929628893, -0.558674902858, 0.0, 1.0, 2.89981001675, -1.0, 3.0, -0.00664405572695, -0.551422898005, 1.0, 0.0, 1.44225984754, -0.771994551131, 1.45767871181, 0.404632305743, 0.0, -1.0, -0.989439226012, -0.386022642498, 0.782690889492, 2.60287287901, -1.0, -0.484459538884, 2.0, 0.738968427498, 2.40592165952, 1.0, 2.54426397786, 0.655812197343, 2.74576166484, 1.0, -1.0, -0.817472700299, 1.46576877712, -0.0932793115946, -1.0, 0.783930238869, 0.0, 0.0, 3.0, 2.53672943962, -1.0, 0.576624033839, 97781.0, 568.0, 99523.0
2.7825915155, -1.0, 2.31733182951, 1.0, 2.2475325599, -1.0, 0.0, 2.62458494166, 2.64915149457, 1.0, -0.934204911225, 2.54035109076, 1.0, 2.0, -1.0, 1.86340824284, 0.0999377613111, -1.0, 3.0, 0.0, 1.0, 0.0, -1.0, 1.0, -1.0, 2.0, 1.0, 3.0, 2.88162282716, 1.0, -0.671885320076, 0.0, -1.0, -1.0, 3.0, 1.0, 0.0, 1.0, -0.432632989415, 0.0, 1.0, 0.0, 2.0, -1.0, 0.0, 3.0, 0.604583828954, -1.0, -1.0, -0.807695929902, 98129.0, 531.0, 99546.0
1.45394076157, -1.0, 3.0, 1.0, 1.0, -1.0, 0.0, 2.0, 0.0, 1.0, -0.963899218685, -0.312267662544, 1.0, 2.0, -1.0, 2.0, 0.0, -1.0, 2.0, 0.935882614994, -0.771729045674, 0.0, 0.964210844888, 1.0, -1.0, 2.0, 1.0, 3.0, -0.620036219378, 1.0, -0.266394067695, -0.944726546768, -0.757512653457, 2.0, 3.0, 1.0, 0.0969275282892, 1.0, 2.91237572564, 0.0, 1.0, -0.958553978225, 2.0, -1.0, 0.0, 2.9595872282, 1.08172388665, -1.0, -0.426787208537, 0.497989148077, 97793.0, 563.0, 99525.0
0.190969092081, 2.0, 2.0, -0.195527435013, 2.0, -0.972807195013, 1.67540910243, 2.0, 0.0, 3.0, 2.0, 2.8047110215, 1.0, 3.0, -1.0, -0.561843325542, -1.0, -1.0, 1.0, 2.66603932786, 2.02115822421, 2.0, 0.618977841237, 3.0, -1.0, 0.76075106841, 0.0, -1.0, -0.669879063997, 0.0, 1.13162800036, 0.952147777355, 1.0, -1.0, 1.6851268832, 2.91507125276, 1.39530163614, -1.0, 3.0, 1.0, 0.374778734342, -0.220495556043, -1.0, 0.696982465272, 1.0, -0.293940663702, 0.86148040023, 1.48803002703, 0.0, 0.507101031967, 97787.0, 590.0, 99481.0
1.20631994714, -1.0, 2.0, 0.0, 0.0, -0.718840679932, 3.0, 1.0, 1.81076304913, 1.0, 0.0, 3.0, 1.0, 2.00658566808, -0.756852210302, 1.97687646074, -0.361333813733, 1.0, 1.0, 1.88171993671, 0.988967052971, 0.0, 1.0, 2.0, 1.0, 1.7434226495, 0.134716396737, 1.20093232631, -1.0, -0.754517378797, -0.0465967608887, 0.0, -0.063900643309, -1.0, -1.0, 0.384050510082, 1.0, -1.0, 2.54612379391, 0.0, 2.0, 1.54537623112, 0.0, 1.0, 1.09139413624, 0.564457975347, 0.090043636414, -1.0, 2.0, 3.0, 97592.0, 612.0, 99475.0
1.0, -0.681561936598, 2.0, 0.0, 1.0, 2.88093984102, 0.0, -0.284240349023, 0.643038070004, 1.0, -1.0, 2.41132811345, -0.596811144904, -0.688380719703, -1.0, 1.68436062555, -0.859863014032, -0.394398700463, 1.0, 0.0, 1.96241035064, 1.26536773292, -0.0628232043045, 1.51830605028, 0.0, -1.0, -1.0, 1.0, -0.610924285117, 0.501510221999, 0.258660837143, 0.974470319112, 0.0, -1.0, 2.0, 1.30387820286, 1.0, -1.0, 0.552173621288, -0.0855877683601, -0.00693593371202, 0.0529738399882, 1.0, 1.51730600842, -1.0, -0.857063970452, -1.0, 3.0, -0.793623014227, 0.0, 97876.0, 528.0, 99555.0
-0.443996977294, -1.0, 3.0, 1.0, 1.31019655212, -1.0, 0.0, 2.0, 0.0, 1.0, -1.0, 0.0, -0.810093222556, 2.0, -1.0, 2.0, 0.0, 0.0171446564576, 2.0, -0.959186780793, 0.198345547128, 1.04354718992, -1.0, -0.0998301288015, -1.0, -1.0, 1.63167031294, 2.18546800192, 2.0, 0.143635566001, -0.408129279262, 0.0, 0.946443251657, 0.604664496253, 3.0, 1.0, 0.0, 0.111563633113, -0.954804873135, 0.0, 1.0, 0.0, 2.0, -1.0, 0.0, 3.0, 0.0, -0.0568612429545, -1.0, 1.35592361726, 97617.0, 571.0, 99518.0
0.0, 0.0, 0.375114379399, 2.82443399025, 0.0, -0.952981873377, -1.0, 1.0, 0.0, 1.0, 2.0, 3.0, 2.0, 2.0, 0.0, 1.0, -0.780657496628, 0.65761357499, 1.59067835871, 1.8213339302, 2.0, -0.210855803938, 0.0, 1.0, -0.767438897131, 0.598192513346, -1.0, -0.701477525182, 0.927809471364, 1.0, -0.0465967608887, 2.0, -0.556265072655, 3.0, -1.0, 2.0, 0.0, 2.0, 2.0, 0.572309385057, -1.0, 1.0, 0.545266908532, 2.0, 1.67528185641, -0.0875723736133, 1.15468253143, -1.0, 2.0, 0.152725852411, 97594.0, 607.0, 99478.0
0.539488380236, -1.0, 2.07040395722, 0.0, 0.0, 0.479284467455, 3.0, 1.0, 2.0, 1.94041561395, 1.42305928609, 0.615059154883, 1.0, 2.12246134058, -0.0703117283952, 1.04231328367, -0.361333813733, -0.22774300425, 1.0, 1.19646916464, 0.988967052971, 0.0, 1.0, 1.0, 3.0, -0.545633793353, 0.0, 3.0, -1.0, 0.0, 0.0, 1.1778138384, 2.39046442371, -1.0, -1.0, 1.0, 1.0, 2.0, 1.0, 0.0, 2.18421253364, 1.54537623112, 2.0, 1.90159571939, 1.824382205, -0.363300627609, 0.090043636414, -0.201262321938, -0.447725282922, 3.0, 97417.0, 674.0, 99441.0
1.0, 2.76420641721, -0.0784954179293, 0.269864464212, 2.55260110172, -0.981365212339, 3.0, 2.11023246838, 0.0, 1.29348370536, 1.0, 0.27382729812, 0.0, 0.0, 1.0, 1.0, -0.930025066581, 0.0, 2.4853405837, 0.0, 3.0, 0.776800590394, 1.61726536422, -0.337618476872, 2.0, 1.0, -1.0, 3.0, 2.35216659784, -0.735788267839, 3.0, 0.481442905761, 3.0, 3.0, 1.81960343418, 1.59123773738, 2.0, 3.0, 0.0651003618275, 1.23630971237, 2.83171119223, 1.44554207522, 1.0, 1.0, 1.0, 3.0, 1.0, 0.210968222241, -1.0, 0.30413432077, 97563.0, 674.0, 99432.0
0.0, -1.0, -0.380007794161, 2.94069601118, 2.09780158892, -1.0, -1.0, 2.0, 0.0, 2.0, -1.0, -0.261574239954, 2.94322897927, -1.0, 0.0, 2.58293796235, -1.0, 1.61198713644, 0.526155008467, 3.0, 3.0, 0.0, 0.908269058328, -0.00587032126758, 3.0, 1.1551534892, -1.0, 2.0, -0.969695408438, 3.0, 3.0, 0.0, 1.0, 2.0, 2.57402589682, 2.19324402244, 2.69995205754, -0.550793705386, -0.954804873135, -0.124552333623, 2.0, 2.0, -0.834453967415, 2.51248954425, 1.0, 1.0, -1.0, 2.0, 1.0, 2.66941556392, 98053.0, 564.0, 99517.0
0.0, 2.02494604058, 2.0, -0.195527435013, 2.0, 0.0, 0.0, 2.32540922853, 0.0, 3.0, 2.0, 3.0, -0.838909634147, 3.0, -1.0, -0.794805225713, -0.609248422262, -1.0, 1.0, 2.0, -1.0, 3.0, 1.0, -0.922313286461, -1.0, 1.0, 0.0, -1.0, -1.0, 0.0, 2.38702842414, -0.952500443278, 1.0, -1.0, 2.0, 1.0, 0.607621953299, -1.0, 3.0, 1.0, 1.13012196559, 0.0, -1.0, 0.0, 1.0, 2.16185246969, 0.0, 1.36013718366, 0.0, 1.0, 97985.0, 552.0, 99527.0
1.0, 0.0, 0.0, -1.0, 2.55260110172, -1.0, 3.0, 2.0, 0.0, 2.0, 1.0, 2.0, 0.0, 0.0, 0.653675039154, 0.0787574042066, 0.0, 0.0, 2.0, 0.0, 1.0, 0.2860564012, 3.0, 1.0, 1.63809002077, 1.0, -1.0, 3.0, 2.35216659784, 0.0, 3.0, 0.481442905761, 3.0, 1.0, 1.81960343418, -0.71424552478, 2.0, 3.0, 0.0651003618275, 0.0, 0.0, 1.44554207522, -0.248353762527, 0.0, 2.51815495604, 3.0, 1.0, 1.0, -1.0, 0.0, 97472.0, 675.0, 99431.0
0.0, 2.0, 2.0, 3.0, 1.0, -1.0, -1.0, 2.0, 0.0, 1.15970747515, 2.0, -0.590757464072, 2.0, -1.0, 0.0, 3.0, 1.0, -1.0, 1.0, 3.0, 3.0, 0.0, 0.0, 0.0, 2.0, 1.0, -1.0, 2.0, -0.55802319136, -0.100064872564, 2.0, 0.0, -0.167802516399, 0.0, 0.0, 1.30387820286, 3.0, 1.0, -1.0, -1.0, 0.0, 1.94725270439, 1.0, 0.912798837204, 1.0, 1.0, -1.0, -1.0, 1.0, -1.0, 97815.0, 558.0, 99519.0
2.0, -0.980799009173, 0.784164494749, -0.167473041964, 0.165319918414, 2.0, 2.0, 1.0, 0.0, 0.0, -1.0, 1.05023723159, 3.0, -0.270894593759, 1.0, 1.80003680528, 1.0, 1.0, -0.271684819877, 2.0, 1.54674184338, 0.0, 1.18430576787, 1.0, 3.0, 2.0, 0.0, -1.0, 2.63561618721, 2.0, -1.0, -1.0, 0.0, 1.0, 1.0, -1.0, 2.0, 1.0, -1.0, 2.0, 0.0, 2.0, -0.248353762527, 0.0, 0.644837572047, 0.283077232902, 0.0, 0.0, 0.0, 0.937890148838, 97381.0, 658.0, 99459.0
2.0, -1.0, 3.0, 1.0, 1.0, -1.0, 0.0, 2.0, 0.0460314170361, 1.0, -1.0, 0.0, 1.0, 2.0, -1.0, 0.750991617306, 0.0999377613111, -1.0, 1.19274400069, 0.0, 1.0, 0.0, -1.0, 1.0, -1.0, 2.0, 1.0, 3.0, 2.88162282716, 1.0, 0.0, 0.0, 0.873241286396, -1.0, 3.0, 1.0, 2.20459124589, 1.0, 0.0, 0.0, 1.0, 0.0, 2.0, -1.0, 0.0, 3.0, 0.0, -1.0, -1.0, 1.0, 97687.0, 575.0, 99506.0
1.0, 1.95789926112, 1.0, 1.19445895677, 1.69055322682, 3.0, 1.29429097653, 1.34286249684, 0.0, 0.0, 3.0, 0.0, 1.0, 3.0, 2.0, 3.0, 3.0, 0.694962107616, 2.0, 2.0, 1.0, 2.56404648747, 1.0, 0.0980762345353, -1.0, 0.0, 3.0, -1.0, 1.0, -1.0, 2.0, 3.0, 2.0, 3.0, -0.102684606357, 2.82565915186, 0.0, 2.0, 1.62817390556, 2.0, 3.0, 3.0, 2.01885675847, 0.0, 2.40889162478, 0.0, 2.0, -1.0, 2.0, 1.0, 97626.0, 698.0, 99415.0
0.0, 2.0, 2.0, -0.195527435013, 2.0, -0.972807195013, 2.88737856866, 2.0, 0.0, 3.0, 2.0, 3.0, 1.0, 3.0, -1.0, 0.0, -1.0, -1.0, 1.0, 2.66603932786, -1.0, 1.4469258425, 0.618977841237, 3.0, -1.0, -0.392862785656, 0.0, -1.0, 1.87583404851, 0.0, 0.20768286963, -1.0, 1.0, -1.0, 2.0, 1.0, 0.117354969015, -1.0, -1.0, 0.657978910525, 0.374778734342, -0.220495556043, -1.0, 2.36567647116, 1.0, 0.0, 0.86148040023, 1.36013718366, 0.0, 1.0, 97828.0, 583.0, 99496.0
2.0, 2.29024297033, 3.0, 1.0, 0.894471542238, -1.0, 0.0, 2.44928302317, -0.11536878224, 0.316187240797, -1.0, 0.0, 1.0, 2.0, -1.0, 2.0, 0.0, 0.0171446564576, 2.0, 0.0, 1.0, 0.0, -1.0, 1.0, -1.0, 2.0, 1.0, 2.18546800192, 2.0, 1.55842908395, 0.0, 0.0, 0.67658533014, 2.0, -0.102684606357, 1.0, 0.0, 1.68490016578, 0.0, 0.0, 1.0, 0.0, 2.0, -1.0, 0.0, 3.0, 0.0, -1.0, -1.0, -0.055715400712, 97502.0, 624.0, 99472.0
2.0, -0.980799009173, 0.784164494749, -1.0, 0.847117172399, 2.29406564128, 2.0, 1.0, 0.0, 0.0, -1.0, 0.0, 3.0, -0.270894593759, 1.0, -0.922519809536, 1.0, 1.0, -0.271684819877, 2.21251061829, 1.54674184338, 0.0, 1.18430576787, 0.641516014318, 3.0, 2.0, 0.0, -1.0, 2.63561618721, 2.0, 0.897384849802, -1.0, 1.8069332803, 1.0, 1.0, -1.0, 2.0, 1.0, -1.0, 2.0, -0.209549593538, 2.0, -0.248353762527, 0.0, 0.644837572047, 0.283077232902, 0.0, 0.0, 0.0, 0.937890148838, 97385.0, 646.0, 99468.0
-0.667365420943, -0.681561936598, -0.309943181856, 0.0, 1.0, 2.88093984102, 0.0, -0.284240349023, 0.531116180535, 1.0, -1.0, 2.41132811345, -0.596811144904, 1.0, -1.0, 1.73151477817, -0.859863014032, 1.0, 1.0, 0.0, 1.7480066429, 1.86656991935, 1.12013789445, 1.51830605028, -0.459335581526, -1.0, -1.0, 1.0, -0.825382673396, 1.0, 2.0, -0.233611120114, 0.0, -1.0, 2.0, 0.0, 1.0, -1.0, 0.552173621288, -0.839754330959, 2.0, 0.0, -1.0, 2.0, -1.0, -0.857063970452, -1.0, 3.0, -0.793623014227, 0.0, 98117.0, 493.0, 99584.0
0.0, 0.0, -0.121932359765, 3.0, 0.0, -0.952981873377, -1.0, 1.0, 0.0, 1.0, 2.0, 3.0, 2.0, 2.0, 0.0, 1.0, -0.780657496628, -0.22774300425, -0.212561855242, 1.8213339302, 2.0, -1.0, 0.0, -0.316007992978, -1.0, 1.0, -0.726083644039, -1.0, 1.0, 1.0, -0.241204335558, 2.0, 2.0, 3.0, -1.0, 2.0, 0.0, 2.0, 2.0, -0.402294295632, -1.0, 1.0, 2.0, 2.0, 1.67528185641, 0.571241563819, 1.15468253143, -1.0, 0.997101893815, -0.055715400712, 97542.0, 604.0, 99479.0
2.0, -0.988258009205, 0.784164494749, -1.0, 0.847117172399, 2.0, 2.0, 1.0, 0.0, 0.0, -1.0, 0.0, 3.0, -0.270894593759, 1.0, 1.80003680528, -1.0, 1.0, -0.271684819877, 2.0, 2.89776738734, 0.0, 1.18430576787, 1.0, 3.0, 2.0, 0.0, -1.0, 0.540620183938, 2.0, -1.0, -1.0, 0.0, -1.0, 1.0, 0.222066289815, 2.0, 1.0, -1.0, 2.0, 0.0, 2.0, -0.248353762527, 0.0, 1.48749598718, 0.283077232902, 0.0, 0.0, 0.0, 1.0, 97436.0, 628.0, 99481.0
0.0, 2.0, 2.0, 0.975532632666, 2.0, -0.310028365563, 0.0, 2.0, 0.0, 3.0, 2.50679463806, 3.0, 1.0, 3.0, -1.0, 0.0, -0.735116864374, 1.82878439842, 0.238709251532, 1.23009273155, 1.0, 2.40948956365, 1.0, 3.0, -0.873118971813, 1.0, 0.0, -1.0, -1.0, 0.0, 2.0, 0.289851696856, 1.0, -1.0, 2.0, 1.30386500948, 0.0, -1.0, 3.0, 1.09168646326, 1.0, 0.0, -1.0, 0.0, 1.0, 0.0, 0.0, 1.0, 0.0, 1.0, 97571.0, 639.0, 99452.0
0.0, 2.0, -0.530456894463, -0.195527435013, -0.0864820705205, 0.0, 0.346479296016, 2.0, 0.0, 3.0, 0.0, -0.821709284913, -0.652397175275, 3.0, -1.0, 0.0, -1.0, -1.0, 1.0, 1.89062943887, -1.0, 3.0, 2.46387974917, 3.0, -1.0, -0.156915510198, 0.0, -0.479848073351, -1.0, -0.389933053828, 0.20768286963, -1.0, 1.0, -1.0, 2.0, 1.0, -0.239064510662, 1.0, 1.6880888397, 1.0, 0.374778734342, 0.0, -1.0, 1.28768507158, 1.0, -0.827089076896, 0.0, 1.36013718366, 0.427895475769, 1.0, 97792.0, 566.0, 99521.0
3.0, 1.0, -1.0, 1.84821952354, 0.0, 2.0, 2.1188985436, 0.0, 0.0, 2.0, 3.0, 0.0, 1.0, 0.0, 0.665224831555, 0.0, 2.0, 1.0, 3.0, 0.867619611877, 1.85535701727, 2.0, 1.0, 3.0, 0.760442915977, 2.0, -1.0, 1.0, -1.0, 0.0, 3.0, 2.0, 1.0, 1.0, 1.0, 1.0, 0.0932080020409, 2.0, -0.927959364866, 0.0, 0.0, 0.0, 0.0, 2.29434622266, 3.0, 0.0, 0.604583828954, 2.0, 0.250727290073, 2.0, 97482.0, 699.0, 99418.0
0.0, 2.0, 2.0, -1.0, 2.0, -0.972807195013, 2.88737856866, 2.0, 0.0, 3.0, 2.0, 3.0, 1.0, 3.0, -1.0, 0.0, -1.0, -1.0, 1.0, 2.74291205888, -1.0, 1.4469258425, 0.618977841237, 3.0, -1.0, -0.392862785656, 0.0, -1.0, -1.0, 0.0, 0.40128473383, -0.969066795585, 1.0, -1.0, 2.0, 1.0, 0.117354969015, -1.0, -1.0, 1.0, 0.374778734342, -0.220495556043, -1.0, -0.561072514902, 1.0, 0.0, 0.86148040023, 1.36013718366, 0.0, 1.0, 97948.0, 537.0, 99531.0
0.0, 0.0, 0.0, 0.346740493122, 2.55260110172, -1.0, 3.0, 2.0, 0.0, 2.0, 1.0, 2.0, 0.0, 0.883662205816, 1.0, 1.0, 0.0, 0.0, 2.41709407463, 0.0, -0.137745583883, 0.2860564012, 3.0, 1.55609416878, 2.0, 0.215670408006, -1.0, 3.0, 2.35216659784, -0.0138424040271, 3.0, 0.481442905761, 3.0, 3.0, 2.18459105503, -0.71424552478, 2.0, 3.0, 0.0651003618275, 0.0, 0.0, 2.09232923177, 1.0, 0.0, 2.40889162478, 3.0, 1.0, 1.36013718366, 0.448964094232, -0.35466147954, 97378.0, 708.0, 99408.0
1.0, -1.0, 2.0, 1.7041454014, 0.142855618459, 1.0, -0.337448328264, 0.416979493059, 0.0, 3.0, 3.0, 3.0, 2.0, 2.42385928652, 2.0, 2.39538758747, 1.96240766951, 1.0, 2.0, 2.0, -0.283886092233, 1.50249834683, 0.435530336721, 1.0, -1.0, 0.0, -1.0, 3.0, 3.0, 2.0, -1.0, 0.0, 2.0, 1.0, -0.0723117802096, -0.303918790052, 0.0, -0.234071207167, 1.0, 1.0, 3.0, 0.0, 1.0, 0.0, 1.0, 0.631280642608, -0.449542942366, 1.0, 1.90978134542, -0.0154314167101, 97392.0, 692.0, 99422.0
2.2243300274, 2.0, 2.30585155686, -0.195527435013, 2.0, -0.972807195013, 1.67540910243, 2.0, 0.0, 3.0, 0.024318025653, 2.97361828449, 1.0, 3.0, -1.0, -0.561843325542, -1.0, -1.0, 1.0, 2.66603932786, 1.54554208525, 2.0, 0.618977841237, 3.0, -0.767544451425, 0.76075106841, 0.0, 0.710324696104, -0.669879063997, 0.0, 0.20768286963, 0.952147777355, 1.0, -1.0, 2.0, 0.803957839131, 1.39530163614, 0.0155868071349, 3.0, 1.0, 0.374778734342, -0.220495556043, -1.0, -0.561072514902, 1.0, -0.293940663702, 0.86148040023, 1.48803002703, 0.0, 1.36984860347, 97764.0, 599.0, 99482.0
0.0, -1.0, 2.36734488543, 3.0, 1.8750014525, -1.0, -1.0, 2.0, 0.0, 2.0, -1.0, 0.174779232353, 2.0, -1.0, -0.167465822162, 2.58293796235, -1.0, -1.0, -0.271684819877, -0.372471462732, -1.0, 0.0, 0.908269058328, -0.00587032126758, 2.0, 1.0, -1.0, 2.84748976902, -0.969695408438, 3.0, 3.0, 2.17228378489, 1.0, 0.0, 2.69898747065, 2.19324402244, 2.69995205754, 2.22985883425, -0.705564864839, 2.0, 2.0, 2.0, 1.80843135755, 2.97232560587, 1.0, 1.0, -1.0, 2.0, 0.991589011253, -1.0, 98078.0, 546.0, 99530.0
-0.443996977294, -1.0, 3.0, 1.0, 1.31019655212, -1.0, 0.0, 2.0, -0.931457994824, 1.0, -1.0, 0.0, 1.0, 2.0, -1.0, 2.0, 0.0, 0.0171446564576, 2.0, -0.380767384343, 0.331476821174, 1.04354718992, -1.0, 2.5936757593, -1.0, 2.0, 1.63167031294, 2.18546800192, 2.0, 0.143635566001, -0.408129279262, 0.0, 0.946443251657, 0.604664496253, -0.0280130325123, 1.0, -0.000614715201135, 1.07906186056, -0.954804873135, 0.0, 1.0, 0.0, 2.0, -1.0, 0.0, 3.0, 0.0, -1.0, -1.0, 1.35592361726, 97662.0, 582.0, 99507.0
2.0, -1.0, 3.0, 1.0, 1.0, -1.0, 0.693491189463, -0.898171316901, 0.0, 1.0, -1.0, -0.206368389238, 1.0, 2.0, -1.0, 2.0, 0.0, -1.0, 0.59999682362, -0.51495815011, 1.0, -0.461121986771, -1.0, 1.0, 1.72769030153, 2.31568413424, 1.0, -0.676957804611, 2.0, 1.0, 0.0, 0.0, -0.757512653457, 2.0, 3.0, 0.217251239465, 0.0, 0.872991111174, 0.0, 0.0, 1.0, 0.0, 2.0, -1.0, 0.0, 3.0, 0.0, -1.0, -1.0, 1.0, 97776.0, 564.0, 99530.0
0.0, 2.2645580027, 2.0, -0.195527435013, 2.0, -1.0, 2.88737856866, 2.96766467119, 0.0, 0.511145989012, 2.0, 3.0, 1.0, 2.41836222482, -1.0, 0.375296923254, -1.0, -1.0, 1.0, 2.66603932786, -1.0, 1.4469258425, 0.618977841237, 3.0, -1.0, -0.392862785656, -0.531426663509, -1.0, 1.87583404851, 0.747144293646, 0.20768286963, -1.0, 1.0, -1.0, 2.0, 1.0, 0.117354969015, -1.0, -0.402756230973, 1.0, 0.374778734342, -0.17048929406, -1.0, -0.561072514902, 1.0, -0.747611816231, -0.136211159599, 1.36013718366, 0.0, -0.508252194221, 97967.0, 532.0, 99536.0
-0.153094102144, -1.0, 1.26579426928, 1.34284815652, 0.0, -0.919340529967, 3.0, 1.0, 2.0, -0.30308809188, 0.0965768293712, 3.0, -0.099449745515, 2.0, -1.0, 2.0, -1.0, 1.0, 1.0, 1.18920641586, 2.62771512542, 0.0, 3.0, 2.0, 1.45342230812, 1.0, -0.434964773118, 3.0, -1.0, 0.0, 2.19457301892, 0.0, 0.0, -1.0, 0.185896460287, 1.0, 1.0, 2.0, 0.0, 0.0, -0.408051491059, 1.0, 1.35346373737, 2.36567647116, 0.245839218661, -1.0, -1.0, -0.663357683909, -1.0, 1.0, 97600.0, 597.0, 99483.0
1.45394076157, -1.0, 3.0, 1.0, 1.0, -1.0, -0.758247887706, 1.70894689621, 0.525985073415, -0.0936109199286, -0.981307590079, -0.910587747347, 1.0, 2.0, -1.0, 2.0, 0.0, -1.0, 2.0, 0.0, 1.0, 0.0, 0.964210844888, 1.0, -1.0, 0.797519363676, 1.56674998333, 3.0, -0.620036219378, 1.0, -0.266394067695, -0.944726546768, -0.757512653457, 1.7245974506, 3.0, 1.0, 0.0969275282892, 1.19334382421, 2.91237572564, 0.0, -0.0580618313595, -0.958553978225, -1.0, -1.0, 0.0307782764797, 3.0, 0.440261742411, 1.3260844522, -1.0, 1.28876657124, 97953.0, 521.0, 99555.0
0.0, 2.0, 2.0, -0.195527435013, 2.0, -0.972807195013, 1.67540910243, 1.0, 0.0, 3.0, 1.69535108421, 2.8047110215, 1.0, 3.0, -1.0, -0.561843325542, -1.0, 2.1491134012, 1.0, 2.66603932786, 2.08283771558, 2.08869724915, 0.618977841237, 3.0, -1.0, 1.0, 0.0, -1.0, 1.0042115194, 0.0, 1.96259849642, 0.952147777355, 1.0, -1.0, 2.0, 0.803957839131, -0.12069538973, 0.983237171466, 3.0, 1.0, 0.374778734342, -0.220495556043, 2.0, -0.561072514902, 1.0, 0.0, 0.86148040023, 1.36013718366, 0.0, 1.0, 97645.0, 640.0, 99449.0
-0.130944780713, -0.895272228261, 2.0, 0.0, 1.0, 2.83425934163, 0.0, 2.0, -1.0, 1.0, 3.0, 1.0, -0.0746446963463, 1.0, -1.0, 1.77931964873, -0.859863014032, 1.0, 0.854307491809, 0.0, 2.0, 1.1528391419, 0.0, -1.0, 1.0, 0.0360841309477, -1.0, 1.0, -0.610924285117, 1.0, -0.0465967608887, 0.114793673112, 0.0, -1.0, 2.0, 0.0, 1.0, -1.0, 2.48458850299, -0.131516335322, 2.0, 0.0, -1.0, 1.21128544951, -0.672090323419, -0.857063970452, -1.0, 3.0, -0.793623014227, -0.0416617162533, 97859.0, 540.0, 99547.0
0.0, -1.0, 2.2646653164, 3.0, 1.24738324835, -0.49161775185, -1.0, 2.24125108211, 0.0, 2.0, -1.0, 0.174779232353, 2.0, -1.0, 1.89572072175, 2.58293796235, -1.0, -1.0, 1.31283766006, 1.36048306498, 3.0, 0.0, 0.908269058328, -0.421137917224, 2.0, 1.0, -1.0, 2.0, -0.969695408438, 3.0, 3.0, -0.352894134039, -0.0146635826438, 0.0, -0.528687143315, 2.19324402244, 2.69995205754, -0.550793705386, -0.705564864839, -1.0, 2.0, 2.0, -0.834453967415, 2.51248954425, 1.0, 1.0, 2.0, 2.0, 1.0, -1.0, 98102.0, 531.0, 99549.0
1.0, -0.681561936598, -0.309943181856, 0.0, 1.0, 2.88093984102, -0.211761695326, -0.284240349023, 0.531116180535, 1.0, -1.0, 2.41132811345, -0.993584827028, 1.0, -1.0, 1.68436062555, -0.859863014032, 1.0, 2.26807181573, 0.0, 1.7480066429, 1.26536773292, 0.0, 0.922880391627, -0.459335581526, -1.0, -1.0, 1.0, -0.610924285117, 1.0, 2.0, -0.233611120114, 0.0, -1.0, 2.0, -0.79258092906, 0.311466669061, 1.5512144908, 0.0, -0.665390076441, 2.0, 0.0, -1.0, 2.0, -0.926680308631, -0.857063970452, -1.0, 3.0, -0.793623014227, 0.0, 97937.0, 511.0, 99567.0
0.0, 0.653310779126, 1.0, 3.0, 0.0, -1.0, -1.0, 2.0, 0.0, 1.0, 0.938450829425, 2.46342253253, -0.447456695138, 2.0, 0.0, 1.0, 0.532095794701, 1.23530733978, 3.0, 3.0, 0.90599452179, -1.0, 0.0, 1.0, -1.0, 1.0, -0.929941909264, 1.0, 1.0, 1.0, -0.293967487154, -0.303413121805, 2.0, 3.0, -1.0, 2.0, 0.0, -0.269365288881, 2.0, 0.0, 0.548105447649, 1.0, 1.0, 2.85720754782, 1.67528185641, 1.60624773058, 0.0, 0.104574649056, 2.0, -0.055715400712, 97391.0, 656.0, 99442.0
0.0, 2.0, 2.0, -1.0, 2.0, -0.972807195013, 2.88737856866, 2.0, 0.0, 3.0, 2.0, 3.0, 1.0, 3.0, -1.0, 0.0, -1.0, -1.0, 1.0, 2.74291205888, -1.0, 1.4469258425, 0.803109351596, 0.697934491356, -1.0, -0.50505863198, 0.0, -1.0, 1.87583404851, 0.0, 0.20768286963, -1.0, 0.0998225913856, -1.0, 2.0, 0.263659701799, 0.117354969015, -1.0, -1.0, 2.8279206491, -0.68955693927, -0.220495556043, -1.0, -0.561072514902, 1.97541087333, 0.0, -0.803084876053, 1.36013718366, 0.0, -0.608755339876, 98230.0, 490.0, 99581.0
0.190969092081, 2.0, 2.0, -0.195527435013, 2.0, -0.972807195013, 1.67540910243, 2.0, 0.0, 3.0, 2.0, 2.8047110215, 1.0, 3.0, -1.0, 1.97687646074, -1.0, -1.0, 1.0, 2.66603932786, 2.02115822421, 2.0, 0.618977841237, 3.0, -1.0, 0.76075106841, -0.106096004028, -1.0, -0.669879063997, -0.53796509202, 1.13162800036, 0.952147777355, 1.0, -0.516945777449, 1.6851268832, 2.9710592358, -0.360842187449, -1.0, 3.0, 1.0, 0.873740326264, -0.220495556043, -1.0, 0.696982465272, 1.0, -0.293940663702, 0.86148040023, -1.0, 0.0, 0.507101031967, 97874.0, 573.0, 99493.0
-0.483446811557, -0.961776269537, 2.0, 0.0, 1.0, 2.88093984102, 0.0, 0.414811361605, 2.18068445258, 1.0, -1.0, 2.41132811345, -0.810093222556, -0.688380719703, -1.0, 1.68436062555, -0.888569989065, -0.394398700463, 1.0, 0.0, 1.96241035064, 1.26536773292, -0.0628232043045, 1.51830605028, 0.0, -1.0, -1.0, 1.0, -0.610924285117, 0.501510221999, 0.258660837143, 0.444708202226, 0.0, -1.0, 2.0, 1.30387820286, 1.0, -1.0, -0.903178398836, -0.0855877683601, -0.00693593371202, 0.0529738399882, 1.0, 1.51730600842, -1.0, -0.857063970452, -1.0, 3.0, -0.793623014227, 0.0, 97882.0, 515.0, 99564.0
-0.443996977294, -1.0, 3.0, 1.0, 1.31019655212, -1.0, 0.0, 2.0, 0.0, -0.589498713274, -1.0, 0.0, -0.596811144904, 2.0, -1.0, 2.0, 0.0, -0.703537198495, 2.0, -0.959186780793, 0.198345547128, 1.04354718992, -1.0, -0.0998301288015, -1.0, -1.0, 1.63167031294, 2.11243551343, 2.0, 0.143635566001, -0.408129279262, 0.0, -0.620208259068, 0.604664496253, 3.0, 1.0, 0.0, 0.111563633113, -0.954804873135, 0.0, 1.0, 0.0, 2.0, -1.0, 0.0, 3.0, 0.0, -0.0568612429545, -1.0, 1.35592361726, 97842.0, 527.0, 99563.0
0.0, 0.0, 0.375114379399, 2.82443399025, 0.0, -0.952981873377, -1.0, 1.0, 1.03316883776, 1.0, 2.0, 3.0, 2.0, 2.06826560464, 0.0, 1.0, -0.780657496628, 0.65761357499, 1.59067835871, 1.8213339302, 2.1819514017, -0.210855803938, 0.0, 0.815882272307, -0.767438897131, 0.598192513346, -1.0, -0.701477525182, 0.927809471364, 1.0, -0.258129770058, 2.0, -0.556265072655, 3.0, -1.0, 2.0, 0.0, 2.0, 2.0, 0.572309385057, -0.317471713815, 1.0, 0.545266908532, 2.0, 1.67528185641, -0.0875723736133, 1.15468253143, -1.0, 2.0, 0.152725852411, 97515.0, 624.0, 99459.0
1.0, 2.76420641721, -0.0784954179293, 0.269864464212, 2.55260110172, -0.981365212339, 3.0, 2.11023246838, 0.0, 1.29348370536, 1.0, 0.27382729812, 0.0, 0.0, 1.0, 1.0, -0.930025066581, 0.0, 2.4853405837, 0.0, 3.0, 0.776800590394, 1.61726536422, -0.337618476872, 2.0, 1.0, -1.0, 3.0, 2.35216659784, -0.735788267839, 3.0, 0.481442905761, 3.0, 3.0, 1.81960343418, 1.59123773738, 2.0, 3.0, 0.0651003618275, 1.23630971237, 2.83171119223, 1.44554207522, 1.0, 1.0, 1.0, 3.0, 1.0, -0.546253276116, -1.0, 0.30413432077, 97609.0, 660.0, 99440.0
1.0, 0.0, 2.05792827653, 1.0, 3.0, 2.0, 0.0, 2.89259236343, 3.0, -0.0285339392963, 2.0, 0.873378633558, 3.0, 2.0, 2.45556502221, 0.0, 2.0, -0.0565204950824, 1.0, 3.0, 2.61483994985, 2.0, 0.0, 0.0, 0.0, -0.47757407819, -1.0, -1.0, 1.00248096559, 2.0, 0.762493423027, 0.0, 1.32771265823, 2.0, 2.38795246253, -1.0, -0.300810319688, 0.0, 0.139402708927, 2.0, 0.0, 2.0, 2.0, 2.35838388209, 2.10437461152, 1.0, 2.0, -0.779582125189, 2.77564855458, 0.0, 97458.0, 703.0, 99412.0
