2.0, 0.0755535310289, 2.79779348093, 3.0, 3.0, 0.0, 1.8159114491, 2.0, 0.0, -0.442552345379, 2.12642393202, 2.0, 3.0, 1.0, 2.0, 0.0, 3.0, 3.0, 0.87707676213, 2.0, 2.0, 3.0, 0.0, 1.60495016523, 1.74661419103, -0.224423714662, -1.0, 2.0, 0.0, 1.0, 2.0, 3.0, 0.0, -0.135763544534, 2.0, 2.0, 3.0, 1.0, -1.0, 1.0, 2.0, 2.0, 0.0, 1.0, 1.0, 3.0, 1.0, 1.0, 3.0, -1.0, 93699.0, 653.0, 99409.0
-1.0, 3.0, 1.0, -1.0, 2.0, -1.0, -1.0, 3.0, 1.0, 0.0, -1.0, 2.0, -1.0, 0.89389972991, 1.0, 1.0, 0.0, 2.0, 1.0, 1.0, 2.0, -0.777251469282, 0.0, 0.0, 0.0, 2.0, -1.0, -1.0, 0.0, -1.0, 2.0, 1.0, -1.0, 3.0, 1.0, -1.0, 0.0, 2.0, 1.0, 0.0, 1.0, 0.0, 1.0, -1.0, 3.0, -1.0, -1.0, 3.0, 2.0, 0.0, 94582.0, 483.0, 99551.0
2.0, -1.0, 0.0, 3.0, 2.0, 0.0, 2.0, 1.49895192014, 0.0, 0.0, 1.67970351835, 0.963764536248, 1.0, 1.86542045884, -1.0, 2.0, -0.440343362875, 2.22441625231, 0.0, -1.0, 1.0, -0.910580453303, 2.0, -1.0, 1.93677714487, -1.0, 0.0, 2.0, 1.10520700146, 2.0, 3.0, 3.0, 0.947306272616, -1.0, 1.21030983639, 0.402862685621, 1.0, -1.0, 0.0, -1.0, 1.56130825828, 0.0, 2.0, 1.0, 3.0, 0.0307537775734, -1.0, -1.0, 1.0, 2.0, 94165.0, 518.0, 99511.0
0.0, 2.0, 3.0, 3.0, 1.0, 0.0, 1.0, 3.0, 0.0, -0.387034963379, 1.0, 3.0, 2.0, 2.0, 0.0, 0.543112145162, 0.0, 0.0, -1.0, 0.0, 0.0, 1.0, 3.0, 0.0, 3.0, 0.0, 1.0, 1.0, 1.0, 0.0, 1.0, 3.0, -1.0, -1.0, 2.0, 1.0, 2.0, -1.0, 2.0, -1.0, 2.0, 2.0, 2.22801454165, 1.0, 2.0, 1.91188911165, -1.0, 3.0, 1.0, 2.0, 93481.0, 598.0, 99437.0
1.0, 0.0, -1.0, 2.0, 0.0, 0.0, 1.0, 0.0, 1.0, 0.0, 0.0, 1.0, 2.0, -1.0, 1.6037402143, 2.0, 1.0, -0.106037715024, 0.0, 1.0, 1.0, -1.0, 3.0, 1.0, 3.0, -1.0, -1.0, 2.0, 0.0, -1.0, -1.0, -0.261836855504, 0.0, -1.0, 2.0, -1.0, 3.0, 0.857346019469, 1.0, 1.0, 3.0, 0.0, -1.0, 0.0, 2.0, 2.0, 0.0, 3.0, 2.0, 1.0, 93744.0, 550.0, 99492.0
1.0, 1.14177532302, 0.0, 1.0, 1.0, 2.0, 2.68410865086, 1.0, 0.0, 1.0, 0.0, -1.0, 0.0, 2.0, 1.0, 1.0, 0.0306370885236, 0.0, 2.0, 0.0, 2.0, 1.0, 1.0, 2.0, 0.0, 2.0, -0.0597938887554, 0.0, 2.0, 3.0, 0.0, 1.0, 3.0, 2.0, 2.0, -1.0, -0.744711880644, 2.0, 3.0, 3.0, 1.0, 0.0, 2.0, 2.0, 0.0, 2.0, -0.502256085533, 1.0, -1.0, 2.0, 93226.0, 610.0, 99436.0
1.0, 3.0, 0.0, 1.0, 1.0, 2.0, 1.2741288754, 1.0, 0.0, 1.0, 0.0, 1.74841182224, 0.0, 2.0, 1.0, 1.0, 0.0306370885236, 0.0, 2.0, 0.0, 2.0, 1.0, 0.0, 1.3733948327, 1.13106212076, 2.0, -0.262186098841, -0.00413399160861, 2.0, 0.912063250323, 0.0, 1.0, 2.64488691802, 2.0, 0.0, -1.0, -1.0, 2.0, 3.0, 3.0, -1.0, 0.0, 2.0, 2.0, 0.0, 1.55904037279, 0.0, 1.0, -1.0, 2.0, 92938.0, 626.0, 99427.0
1.0, 0.0, 2.06018747563, 2.0, 0.0, 0.0, 1.0, 0.0, 1.0, 0.0, 0.0, 2.14512651602, 2.0, -1.0, 0.0, 3.0, 1.0, 0.0, 0.0, 0.395820752229, -0.580345037702, -0.690975165226, 3.0, 1.0, 3.0, -1.0, -1.0, 2.80124072949, 0.0, -1.0, -1.0, 1.0, 0.673792584032, -1.0, 2.81253189062, -1.0, 0.243738028692, 2.97706555664, 1.0, 2.0, 3.0, 0.0, -1.0, 0.0, 2.0, 2.0, 0.0, 3.0, 2.0, 1.0, 93808.0, 544.0, 99489.0
1.0, 3.0, 0.0, 0.0, 1.38956628701, 2.0, 1.0, 0.861901594283, 0.0, -0.0300435565016, -0.0795828829712, -1.0, 0.0, 2.0, 1.0, 1.93425194939, -1.0, 1.82843042145, 2.0, 0.0, 1.0, 0.0, -0.578857524239, 2.0, 1.0, -0.559671498356, 0.0, 0.0, 1.89579246444, 3.0, 0.0, 1.0, 3.0, 2.0, 2.0, -1.0, -1.0, 0.598367546359, 3.0, 3.0, 1.0, 1.43833264707, 1.8781100234, 2.0, 0.0, 2.34223180805, 0.0, 1.0, -1.0, -0.755203484532, 93565.0, 569.0, 99467.0
1.0, 3.0, 0.0, 1.0, 1.0, 2.0, 1.0, 1.0, 0.0, 1.0, 0.0, -1.0, 0.0, 2.0, 1.0, 1.0, 0.0306370885236, 0.0, 2.0, 0.0, 2.0, 1.0, 1.0, 2.0, 0.0, 2.0, -0.262186098841, 0.0, 2.0, 3.0, 0.0, 1.0, 3.0, 2.0, 2.0, -1.0, -1.0, 2.0, 3.0, 3.0, 1.0, 0.0, 2.0, 2.0, 0.0, 2.0, 0.0, 1.0, -1.0, 2.0, 93010.0, 622.0, 99425.0
1.0, 0.0, 2.06018747563, 2.0, 0.0, 0.0, -0.373348027993, 0.0, 1.0, 0.0, 0.0, 2.14512651602, 0.16025728684, -1.0, 0.0, 3.0, 1.0, 0.0, 0.0755294605406, 0.395820752229, -0.580345037702, -0.690975165226, 3.0, 0.966961742913, 3.0, -1.0, -1.0, 2.80124072949, 0.0, -1.0, -1.0, 1.0, 0.673792584032, -1.0, 2.81253189062, -1.0, 0.243738028692, 2.97706555664, 1.0, 2.0, 3.0, 0.0, 1.0, 0.0, 2.37873076267, 2.0, 0.0, 3.0, 2.0, 1.0, 93473.0, 557.0, 99475.0
-1.0, -1.0, 0.0, 1.0, 1.0, 0.0, 2.0, -0.988934909987, 0.0, 0.0, -1.0, -1.0, 2.0, -0.649360540832, 2.0, 1.0, -1.0, 1.0, -1.0, -1.0, 0.303285209835, 2.0, -1.0, -1.0, 0.0, 2.0, 2.0, -1.0, 2.0, 0.0, 1.0, 1.0, 1.0, 0.0, 0.0, 1.0, 3.0, 3.0, -0.766324587071, -1.0, 0.0, -1.0, 2.0, -0.956806756862, 3.0, 1.0, 0.143678494492, 0.0, 1.0, 1.50426783235, 94717.0, 471.0, 99579.0
0.782573281198, 2.65928810835, -1.0, 2.0, 2.0, 2.0, 0.0, 1.0, 2.0, 2.0, 3.0, 0.361574672792, 1.0, 0.0, 0.425463784371, 1.0, 0.47877130924, 0.336375195419, -1.0, 2.71624648857, 1.0, 0.0, -1.0, 2.5923651188, 3.0, 0.0, 2.0, 2.0, 0.0, 1.0, -1.0, -1.0, 0.0, -1.0, -1.0, 3.0, -1.0, 0.323396124639, 1.0, 0.0, -1.0, 1.0, 0.0, 1.0, 3.0, 2.0, 2.0, 0.986112231084, -0.661857889406, -1.0, 94076.0, 541.0, 99496.0
1.0, 0.0, -1.0, 2.0, 0.0, 0.0, 1.0, 0.0, 1.0, 0.0, 0.0, 1.0, 2.0, -1.0, 0.0, 2.0, 1.0, 0.0, 0.0, 1.0, 1.0, -1.0, 3.0, 1.0, 3.0, -1.0, -1.0, 2.0, 0.0, -1.0, -1.0, 1.0, 0.0, -1.0, 2.0, -1.0, -1.0, 2.0, 1.0, 1.0, 3.0, 0.0, -1.0, 0.0, 2.0, 2.0, 0.0, 3.0, 2.0, 1.0, 93777.0, 532.0, 99500.0
2.0, -0.104746050156, 2.0, 1.85806623313, 1.0, 2.0, 0.0, -1.0, 1.0, 0.0, 0.0, 2.0, 0.0, 0.0, -0.233041361847, 2.0, 0.0, 0.0, 0.0, 1.0, 3.0, 3.0, 0.0, 2.0, 2.0, 1.0, 0.0, 0.0, 3.0, -1.0, 2.0, 0.0, 0.620207063917, 3.0, 3.0, -1.0, -1.0, 2.0, 2.0, 1.00970580384, 0.0, 1.0, 1.0, 2.03453609533, 0.0, -1.0, 2.0, -1.0, -1.0, -1.0, 93543.0, 571.0, 99471.0
0.0, 0.0, 2.0, -1.0, -1.0, 2.0, 0.0, 1.0, 2.0, 2.0, 3.0, 3.0, -1.0, 0.910423214579, -1.0, -1.0, 3.0, 0.0, 1.0, 2.0, -0.953206765994, 0.0, 0.0, 1.0, -1.0, -1.0, 3.0, 1.0, 0.0, 0.0, 2.0, 2.0, 0.0, 2.0, -1.0, 3.0, 3.0, 1.0, 1.0, -1.0, 1.0, 0.0, 2.0, 0.0, 0.0, 0.0, 1.0, 1.0, 3.0, -0.682985148848, 94257.0, 518.0, 99506.0
3.0, 0.0, 3.0, 0.0, 1.0, 0.0, 0.0, 1.0, 2.0, 1.47041064778, 2.0, 2.0, 2.0, 3.0, 0.646195431132, 0.0, 1.0, 0.0, 0.0, 0.0, 0.0, 1.0, 0.0, 2.99769332837, 1.0, 2.0, 2.7049429441, -1.0, 1.94977245326, 3.0, 1.21565151105, 2.0, 0.0, 0.0, 3.0, 1.0, -1.0, 3.0, 1.0, 2.0, 2.0, 2.38397061325, 0.0, -1.0, 2.0, -1.0, 1.0, -0.636099525665, 1.0, 3.0, 93465.0, 608.0, 99432.0
1.0, 0.0, 2.06018747563, 2.0, 0.0, 0.0, 1.0, 0.0, 1.0, 0.0, 0.0, 1.0, 2.0, -1.0, 0.0, 3.0, 1.0, 0.0, 0.0, 1.0, -0.580345037702, -0.690975165226, 3.0, 1.0, 3.0, -1.0, -1.0, 2.80124072949, 0.0, -1.0, -1.0, 1.0, 0.0, -1.0, 2.0, -1.0, -1.0, 2.97706555664, 1.0, 1.0, 3.0, 0.0, -1.0, 0.0, 2.0, 2.0, 0.0, 3.0, 2.0, 1.0, 93869.0, 526.0, 99497.0
-1.0, 2.32387798394, 0.0, 0.0, 2.0, 0.709476806169, -0.0883371280815, 0.0, -0.380313577979, -0.198069268261, 1.60692179767, 1.0, 1.33519212957, 0.0, -1.0, -1.0, 2.0, -1.0, 2.0, 2.0, 1.0, 0.0, 2.0, 0.0, 2.0, -0.247493747353, 0.0, -0.714822291082, 3.0, -1.0, 3.0, -1.0, 1.0, 3.0, 1.04112133527, 2.0, 0.940694312606, 2.0, 1.0, 1.0, -0.307260327109, 1.0, 1.0, -0.840784578312, -1.0, 3.0, -0.0387618164561, 0.904421186645, 2.0, -1.0, 93743.0, 550.0, 99495.0
1.0, 3.0, -1.0, 2.0, 2.0, 2.0, 0.0, 1.0, 2.0, 2.0, 3.0, 2.0, 1.0, 0.0, 1.0, 1.0, 0.0, 3.0, -1.0, 2.0, 1.0, 0.0, -1.0, 1.0, 3.0, 0.0, 2.0, 2.0, 1.10054059563, 1.0, -1.0, 1.64946879613, 0.0, -1.0, -1.0, 3.0, -1.0, 2.0, 1.50692024947, 0.0, -1.0, 1.0, 0.0, -1.0, 3.0, 2.0, 2.0, 1.0, 0.0, -1.0, 94145.0, 550.0, 99479.0
-1.0, 1.11094852804, 2.92595750881, 0.0, 2.0, 1.0, 1.0, 2.0, 1.0, 1.0, 0.0, -1.0, 2.0, 2.0, -1.0, -1.0, -1.0, 2.26054422549, 0.0, 2.0, 1.0, 0.0, -1.0, -1.0, 3.0, -1.0, -1.0, 0.146833137799, 1.0, 1.0, 2.99940050533, -0.0373278791942, 1.0, -1.0, -1.0, 2.0, 2.0, 2.0, 2.0, 0.0, -1.0, 0.0, -1.0, 1.0, 3.0, 0.0, 3.0, 3.0, -1.0, -1.0, 94838.0, 479.0, 99544.0
2.0, 0.0, -0.341374408897, 3.0, 1.0, 1.0, 0.0, 3.0, 3.0, 0.613749464893, -1.0, 2.0, 1.0, 2.18502926468, 0.709404555854, 1.0, -1.0, 0.0, 0.0, 1.0, 3.0, 1.0, 0.0, 0.0, 0.0, 3.0, 2.0, 0.0, 3.0, 1.0, 0.798086263257, 1.0, 1.0, 1.0, 0.0, 1.0, 0.0, 1.42725929694, 2.0, -1.0, 0.706511095546, 0.0, 2.50036600231, 0.0, 2.0, 2.0, 2.0, 1.07128245038, 1.0, 2.0, 93216.0, 646.0, 99421.0
-1.0, -1.0, 0.0, 0.0, 1.0, 0.0, 2.0, 0.0, 0.0, 0.0, -1.0, -1.0, 2.0, 2.0, 2.0, 1.0, -1.0, 0.0612916710646, -1.0, -1.0, -1.0, 2.0, -1.0, -1.0, 1.0, -1.0, 2.0, -1.0, 2.0, 0.0, 1.0, 1.81446569223, 1.0, 0.0, 0.0, 1.0, 3.0, 3.0, -1.0, -1.0, 0.0, -1.0, 2.0, 0.0, 2.60120560673, 1.0, -1.0, 0.0, 1.0, 2.0, 94769.0, 465.0, 99581.0
0.0, 3.0, 0.0, -0.266246896934, 1.0, 0.630258247975, 3.0, 1.0, 0.0, 1.0, 1.0, 0.0, 1.0, 2.0, -1.0, 1.0, 2.0, 2.0, 2.0, 3.0, 1.0, 3.0, 0.0, 2.99769332837, -0.0550474130516, -1.0, -1.0, 1.0, 0.0, 1.0, 1.6851489731, 3.0, 0.0, 2.0, 1.0, 1.0, 0.0, -0.413558746204, 3.0, 0.0, 2.00514181364, 3.0, 3.0, 0.0, 2.0, 2.0, 2.0, -1.0, 2.0, 0.0, 93560.0, 621.0, 99430.0
0.0, 1.0, -0.0520235885361, 3.0, 2.0, -0.462762495218, 2.0, 3.0, 0.0, 2.0, 1.0, 1.0, 1.0, -1.0, -1.0, 2.0, 0.0, 1.0, 0.0, 1.41446401828, -0.427250851506, -1.0, 2.0, -1.0, 0.0, -1.0, 0.0, 2.0, 1.0, 1.27451897437, 3.0, 3.0, 1.53904063545, -1.0, -1.0, 1.0, 1.0, -1.0, 0.0, -1.0, 2.0, 0.0, 2.0, 1.0, 3.0, 2.0, -1.0, -1.0, 1.0, 2.0, 94055.0, 520.0, 99504.0
2.0, 1.11301712772, 2.0, 0.0, -0.14299349023, -1.0, 2.0, 2.0, 2.0, 1.0, 0.0, -1.0, -1.0, -0.403587611134, 2.0, 1.03689431321, 2.0, 0.0, 2.0, 2.0, -1.0, -0.510708314939, 2.0, -0.918976130125, 0.0, 0.0, 0.0, 1.0, 0.0, 1.0, 1.0, 0.132979311295, 3.0, 0.107216742096, 2.0, 3.0, 2.0, -1.0, 1.0, 0.0, 1.0, 1.0, 2.17577111879, 0.0, 1.0, 2.0, 0.0360083597654, -1.0, 0.0, -1.0, 93764.0, 550.0, 99490.0
2.0, 1.11301712772, 2.0, 0.0, 0.731929534584, -1.0, 2.0, 2.0, 2.0, 1.0, 0.0, -1.0, -1.0, -0.403587611134, 0.163843199165, -1.0, 2.0, 0.0, -1.0, 2.0, -1.0, -0.744692361087, 2.0, -0.918976130125, 0.0, 0.0, 0.0, 1.0, 0.0, 1.0, 1.0, -0.465135970863, 3.0, 1.87990622129, 2.0, 3.0, 2.0, -1.0, 1.0, 0.0, 1.0, 1.0, 2.17577111879, 0.0, 1.0, 2.0, 1.0, -1.0, 0.0, -1.0, 94009.0, 524.0, 99511.0
0.0, 0.0, 3.0, 2.0, 3.0, 1.0, 1.0, 3.0, 0.0, 1.0, -1.0, 1.0, 0.0, -1.0, 2.0, 0.0, 1.0, 3.0, 2.0, 2.0, 0.0, 3.0, 3.0, 1.0, 0.0, 3.0, 1.0, 0.0, 1.0, 2.0, -1.0, 2.0, 1.0, 3.0, 2.0, 0.0, 0.0, 1.0, 3.0, 1.0, 0.0, 2.0, 3.0, 0.0, 2.0, 2.0, 1.0, 1.0, 2.0, 2.0, 93470.0, 650.0, 99417.0
1.0, 1.0, 1.0, 0.0, 2.0, 0.0, 0.0663855990553, 0.851283126848, 0.0, 0.0, 2.0, -0.406894260535, 0.618547762427, -1.0, 0.0, 2.0, -1.0, 0.0, 2.0, 0.0, 2.0, 2.0, 1.0, 1.0, 1.0, -0.879030677451, 1.0, 1.74919017069, 1.23681163767, 3.0, -0.485420382715, 1.0, 1.0, -1.0, 0.0, -0.31243066129, 3.0, 2.15837098655, 2.0, 2.0, -1.0, 0.0, 1.0, 0.0288527317256, 3.0, 3.0, 1.0, 0.790685468459, -1.0, 0.917185789853, 93165.0, 598.0, 99454.0
1.0, 3.0, 0.0, 0.0, 1.0, 2.0, 1.0, 1.0, 0.0, 1.0, 0.0, -1.0, 0.0, 2.0, 1.0, 1.0, -1.0, 0.0, 2.0, 0.0, 2.50840961498, 1.0, 1.0, 2.0, 1.0, -1.0, 0.0, 0.0, 2.0, 3.0, 0.0, 1.0, 3.0, 2.3878414427, 2.0, -1.0, -1.0, 2.0, 3.0, 0.451582447019, 1.0, 0.0, 2.0, 2.0, 0.0, 2.0, 0.0, 1.0, -1.0, 2.0, 93334.0, 591.0, 99454.0
0.0, 2.32398767559, 3.0, 3.0, 1.0, 0.0, 1.0, 3.0, 0.0, 1.0, 1.0, 3.0, 2.0, 2.0, 0.0, 2.0, -0.214217323896, 0.0, -1.0, 0.0, 0.0, 1.0, 3.0, 0.0, 3.0, 0.0, 1.0, 1.0, 1.0, 0.0, 1.0, 3.0, -1.0, -0.710570560847, 2.0, -0.468695710791, 2.0, -1.0, 2.0, -1.0, -1.0, 2.0, 2.0, -1.0, 2.2637930998, 1.0, -1.0, -1.0, 1.0, 1.11997150723, 93786.0, 551.0, 99474.0
-0.315009590002, 0.0, 3.0, 2.0, 0.396023039248, 1.0, 1.0, 3.0, 0.0, 1.0, -1.0, 1.0, 0.0, -1.0, 2.0, 0.0, 1.0, 3.0, 2.0, 0.0, 0.0, 3.0, 3.0, 1.0, 0.0, 3.0, 1.0, -0.940251874497, -0.214768146665, 2.0, -1.0, 0.478146378212, 0.983615292036, 2.0, 2.0, 0.0, 0.0, 1.0, 3.0, 1.0, 0.0, 1.3890024432, 3.0, 0.0, 2.0, 2.0, 1.0, 1.0, 2.0, 2.0, 93112.0, 637.0, 99423.0
-1.0, 2.32387798394, 0.0, 0.0, 2.0, 2.0, 1.0, 0.0, -0.380313577979, 0.844556715652, -1.0, 1.0, 2.0, 0.0, -1.0, -1.0, 2.60483985723, -1.0, 2.0, 1.0, -1.0, 0.0, 2.0, 0.0, 2.0, 1.0, 0.0, -0.714822291082, 3.0, -1.0, 3.0, -1.0, 1.0, 3.0, 1.04112133527, 2.0, -1.0, 2.0, 1.0, 1.0, 0.0, 1.0, 1.0, -0.840784578312, -1.0, 3.0, -1.0, 1.0, 2.0, -1.0, 94543.0, 489.0, 99539.0
1.0, 3.0, 0.0, 0.0, 1.0, 1.55368714265, 1.0, 0.185487761643, 0.0, 1.0, 0.0, -1.0, 0.0, 2.0, 1.0, 1.0, -1.0, 0.0, 2.06218612827, 0.0, 2.0, 1.0, 1.0, 2.0, 1.0, -1.0, 0.0, 0.0, 2.0, 3.0, 0.0, 1.0, 1.0, 2.0, 2.0, 0.320734995499, -1.0, 2.0, 3.0, 3.0, 1.0, 0.0, 2.0, 2.0, 0.0, 2.0, 0.0, 1.0, -1.0, 2.0, 93149.0, 605.0, 99444.0
-1.0, -1.0, 0.0, -0.8212204456, -0.746601190391, 0.581473464334, 0.28416260255, 0.0, 0.0, 0.878195872125, -1.0, -1.0, 2.0, 2.0, 2.0, 1.0, -1.0, 0.0612916710646, -1.0, -1.0, -1.0, 2.0, -1.0, -1.0, 1.70208000633, -1.0, 2.1674675402, -1.0, 2.0, 0.0, 1.0, 1.12153032981, 1.0, 0.597487437968, 2.35374597596, 1.0, 2.4169002448, 3.0, -1.0, -1.0, 0.0, -1.0, 2.0, 0.0, 2.60120560673, 1.0, -1.0, 0.0, 1.0, 2.0, 95148.0, 432.0, 99606.0
0.0, 3.0, 0.0, 0.0, 1.0, 2.39364183498, 3.0, 0.0, 0.0, 1.0, 1.0, 0.0, 1.0, 2.0, -1.0, 1.0, 2.0, 2.0, 2.0, 3.0, 1.0, 3.0, 0.0, 2.99769332837, -0.0550474130516, -1.0, 1.0, 0.0777285687879, 0.0, 1.0, 1.6851489731, 2.0, 0.0, 2.0, 1.0, 1.0, 0.0, 3.0, 3.0, 0.0, 2.0, 3.0, 3.0, 0.0, 2.0, 2.0, 2.0, -1.0, 2.0, 0.0, 93509.0, 631.0, 99423.0
2.0, 0.0, 2.0, 2.0, 1.0, 2.0, 0.0, -1.0, 1.0, 0.0, -0.141837339639, 2.0, 0.0, 0.0, -1.0, 2.0, 0.0, 0.0, 0.0, 1.0, 3.0, 3.0, 0.0, 2.0, 2.0, 1.0, 0.0, 0.0, 3.0, -1.0, 2.0, 0.623764778825, 2.0, 3.0, 3.0, -1.0, -1.0, 0.774493619376, 0.413760111793, 2.15031566943, 0.0, 1.0, 1.0, 2.0, 0.0, -1.0, 2.0, -1.0, -1.0, -1.0, 93749.0, 552.0, 99485.0
2.0, 1.0, 0.0, 3.0, 2.54096127414, 0.0, 2.0, 3.0, 0.0, 2.0, 1.0, 1.0, 1.0, -1.0, -1.0, 2.0, 0.0, 0.12742839921, 0.0, 1.0, 1.0, -1.0, 2.0, -1.0, 0.0, -1.0, 0.0, 2.0, -1.0, 2.0, 3.0, 3.0, 0.0, -1.0, -1.0, 1.0, 1.0, -1.0, 0.0, -1.0, 1.0, 0.0, 1.67999196328, 1.0, 3.0, 2.0, -1.0, -1.0, 1.0, 2.0, 94372.0, 504.0, 99524.0
0.0, 0.0, 2.0, -1.0, -1.0, 2.0, 0.0, 1.0, 2.0, 2.0, 3.0, 3.0, -1.0, 0.910423214579, -1.0, -1.0, 3.0, 0.0, 1.0, 2.0, -0.953206765994, -0.759246413042, 0.0, 1.0, -1.0, -1.0, 3.0, 1.0, 0.0, 0.0, 2.0, 2.0, 0.0, 2.0, -1.0, -1.0, 3.0, 1.0, 1.0, 0.248473598008, 1.0, 0.0, 2.0, 0.0, 0.0, 0.0, 1.0, 1.0, 3.0, -0.682985148848, 94301.0, 507.0, 99516.0
3.0, 0.0, 3.0, 0.0, 1.0, 0.0, 0.0, 1.0, 2.0, 2.0, 2.0, 2.0, 2.0, 3.0, 0.646195431132, 0.0, 1.0, 0.0, 0.0, 0.0, 0.0, 1.0, 0.0, 3.0, 1.0, 2.0, 1.0, -1.0, 2.67615713926, 3.0, 0.0, -1.0, 0.0, 0.0, 3.0, 1.0, -1.0, 3.0, 1.0, 2.0, 2.0, 2.38397061325, 0.0, -1.0, 2.0, -1.0, 1.0, 2.24666887245, 1.0, 3.0, 93492.0, 614.0, 99431.0
1.0, -1.0, 0.0, 2.0, 3.0, 1.0, 2.0, 0.0, 2.0, 2.0, 2.0, 1.0, 0.0, 2.0, 2.0, -0.561909955013, 3.0, 0.58827964063, 3.0, 3.0, -1.0, 3.0, 1.0, 0.0, 1.0, 3.0, 1.0, 1.0, 0.0, 2.0, 0.0, 2.0, 0.0, -1.0, 0.0, -1.0, 1.0, 3.0, 2.0, 2.43525506217, 3.0, 2.07693051828, 0.0, 2.0, 0.136229911446, 2.0, 1.0, -1.0, 1.0, 1.0, 93822.0, 597.0, 99441.0
2.81124292692, 0.0, 2.0, 0.0, 1.0, -1.0, 2.43083770269, 2.0, 2.0, 1.0, 0.0, -1.0, -1.0, 1.0, 2.0, -1.0, 2.0, 0.0, 2.0, 2.4918977183, -1.0, 1.0, 2.0, -1.0, 0.0, 0.0, 0.0, 1.0, 0.0, 1.0, 1.0, 2.0, 3.0, 0.0, 2.0, 3.0, 2.0, -1.0, 1.0, 0.0, 1.0, 0.319388614562, 1.0, 0.0, 1.0, 2.0, 0.646454440455, -1.0, 0.0, -1.0, 93829.0, 550.0, 99486.0
-1.0, 2.32387798394, 0.0, 0.0, 2.0, 0.709476806169, 1.0, 0.0, -0.380313577979, -0.198069268261, -1.0, 1.0, 2.0, 0.0, -1.0, -1.0, 2.0, -1.0, 2.0, 1.0, 1.0, 0.0, 2.0, 0.0, 2.0, 1.0, 0.0, -0.714822291082, 3.0, -1.0, 3.0, -1.0, 1.0, 3.0, 1.04112133527, 2.0, -1.0, 2.0, 1.0, 1.0, -0.307260327109, 1.0, 1.0, -0.840784578312, -1.0, 3.0, -0.587182479522, 0.904421186645, 2.0, -1.0, 94209.0, 507.0, 99526.0
0.0, 1.0, 1.08013146288, 1.0, 3.0, 0.0, 3.0, 2.0, 1.05162374112, 3.0, 0.0, 1.0, -1.0, 1.14711707617, 2.14519118365, 3.0, 2.0, 0.360514297661, 1.42053408759, 1.0, 1.0, 0.0, -0.294312906332, 1.0, 0.0, 3.0, -0.634767155259, -1.0, 0.0, -1.0, 1.55739284427, 0.0, 1.0, 1.0, 1.10711153191, -1.0, -1.0, 2.94389090156, -1.0, -0.429657594193, 2.0, 2.0, 0.0, 1.0, 1.45231289997, 2.0, 2.15567468213, 2.25259144422, 0.0, 3.0, 93514.0, 585.0, 99453.0
3.0, 0.0, 1.0, 3.0, 1.0, -1.0, 0.623215852326, 0.0, 2.0, 3.0, 1.0, 2.0, 3.0, 3.0, 2.0, 0.0, 0.0, -0.242564256677, 2.39743002669, 1.0, 1.0, 2.18950314389, 2.0, 0.0, 0.0, 2.0, 1.13544773836, 1.0, 2.0, -0.0438876991105, 1.0, 1.38366679662, 2.50817736808, -1.0, 2.0, 3.0, 2.42069865411, 3.0, 0.0, 2.0, 1.0, 0.0, 1.0, 3.0, 1.0, 3.0, 2.0, 0.0, 1.0, 1.0, 93228.0, 655.0, 99401.0
2.0, 0.0, 0.0, 3.0, 1.0, 1.0, 0.0, 3.0, 3.0, 0.613749464893, 1.60692179767, 2.0, 1.0, 2.0, 0.709404555854, 1.0, -1.0, 0.0, 0.0, 2.0, 3.0, 1.0, 0.0, 0.0, 0.0, 3.0, 2.0, 0.0, 3.0, 1.0, 0.798086263257, 1.0, 1.0, 1.0, 0.0, 1.0, 0.0, 2.74136346423, 2.0, -1.0, 0.706511095546, 0.0, 2.50036600231, 0.0, 2.0, 2.0, 2.0, 1.07128245038, 1.0, 2.0, 93225.0, 659.0, 99409.0
2.0, 0.0, -0.0025732193381, 3.0, 1.0, 1.0, 2.38078247915, 3.0, 3.0, 0.613749464893, 1.60692179767, 2.0, 1.0, 2.0, 0.709404555854, 1.49357447492, -1.0, 0.0, 0.0, 2.0, 3.0, 1.0, 0.0, 0.0, 0.0, 3.0, 1.6762785916, 0.0, 3.0, 1.0, 0.798086263257, 1.0, 1.0, 1.0, 0.0, 1.0, 0.0, 2.74136346423, 2.0, -1.0, 2.47426176996, 0.0, 1.73346793402, 0.0, 0.529152502813, 2.0, -0.13099536203, 1.07128245038, 1.0, 2.0, 93225.0, 659.0, 99409.0
0.255266626078, 3.0, 0.0, -1.0, 2.0, 1.0, 1.0, 3.0, 2.60723469609, 1.0, 2.0, 0.0217271640259, 1.0, 0.576292970497, 1.03836388886, 2.0, 1.0, 0.0, 2.0, 0.0, 2.0, 3.0, 1.75384604835, 2.0, 1.0, 1.0, -1.0, -1.0, 0.0, 1.41470850438, 0.0, 2.0, 1.0, 3.0, 0.0, 1.6105435821, 1.0, -0.626320943915, 0.0, 0.467231956425, 0.0, 0.0, -1.0, 2.0, 2.4188672027, 2.0, 0.0, -1.0, 0.0, 1.0, 93230.0, 596.0, 99443.0
2.0, 1.0, 0.0, -1.0, 2.0, 0.0141109996404, 2.0, -0.643557418901, 0.0, 2.0, 1.0, 1.0, 1.0, 1.86542045884, -1.0, 2.0, 1.10328837797, 1.0, 0.0, -1.0, 1.0, -1.0, 2.0, -1.0, 0.0, -1.0, 0.0, 2.0, -1.0, 1.99796725738, 3.0, 3.0, 0.0, -1.0, -0.354343339338, 1.0, 1.0, -1.0, 0.0, -1.0, 2.0, 0.0, 2.0, 1.0, 3.0, 1.75843007117, -1.0, -1.0, 1.0, 2.0, 94587.0, 481.0, 99544.0
2.03208803302, 0.0, 2.0, -0.9458107501, 1.0, -1.0, 2.0, 2.0, 2.0, 1.0, -0.436905150558, -1.0, -1.0, 1.0, 2.0, -1.0, 2.0, 0.0, 2.0, 2.0, 1.0, 1.0, -0.334493582889, -1.0, 0.0, 0.0, 0.0, 1.0, 0.880549278597, 1.0, 2.85789425516, 2.0, 3.0, 0.0, 2.0, 3.0, 2.0, -1.0, 1.0, 0.0, 1.0, 1.0, 1.0, 0.0, 1.0, 2.0, 1.0, -1.0, 1.37432133949, -1.0, 93985.0, 550.0, 99484.0
1.0, 1.0, 1.0, 0.0, 2.0, 0.0, 0.0, -1.0, 0.0, 0.0, 2.0, 1.0, 1.40976398986, -1.0, 0.0, 2.0, -1.0, 0.0, 2.0, 0.0, 2.0, 2.0, 1.0, 1.0, 1.0, -1.0, 0.667204985054, 2.0, 0.0, 3.0, 0.0, 1.0, 1.0, -1.0, 0.0, 3.0, 3.0, 1.21700797483, 2.0, 2.0, 2.0, 0.0, 0.0582367803109, 0.0, 3.0, 3.0, 1.0, 3.0, 3.0, 1.0, 93219.0, 613.0, 99440.0
1.0, 0.0, -0.100346390417, 2.0, 0.0, 0.0, 0.0728463006303, -0.906606704024, 1.0, 0.0, 0.0, 1.0, 1.72001413753, -1.0, 0.0, 2.0, 1.0, 0.0, 0.0, 1.0, 1.0, -1.0, 3.0, 1.0, 3.0, -1.0, -0.017123883226, 1.93302541677, 0.0, -1.0, -1.0, 1.0, 0.0, -0.0466284545055, 2.0, 3.0, -1.0, 2.0, 1.0, 1.0, 3.0, 0.0, -1.0, 0.0, -0.0683428936598, 2.0, 0.29168248028, 3.0, 2.0, 1.0, 93317.0, 573.0, 99476.0
0.0, -1.0, 2.0, -1.0, -1.0, 2.0, 0.0, 1.0, 2.0, 2.0, 3.0, 3.0, -1.0, 0.910423214579, -1.0, -1.0, 2.60563251688, 0.0, 1.0, 2.0, -0.953206765994, -0.759246413042, 0.0, 1.0, -1.0, -1.0, 3.0, 1.0, 0.0, 0.0, 2.0, 2.0, 0.0, 2.0, -1.0, -1.0, 3.0, 1.84581029559, 1.0, 0.248473598008, 1.0, 0.0, 0.0, 0.0, 0.0, 0.0, 1.0, 1.0, 3.0, -0.682985148848, 94389.0, 497.0, 99527.0
2.07053450649, 0.0, 0.0, 3.0, 2.0, 0.15874157608, 1.0, 3.0, 1.92339601664, 0.0, 2.0, 1.01025237364, 2.55932484476, 2.0, 0.217871422758, 1.0, -1.0, 0.0, 1.62422225381, 2.0, 2.97628663457, 1.21725072654, -0.127375134842, 0.0, 1.0, 3.0, 2.0, 0.0, 3.0, 1.0, 1.0, 1.0, 1.14546515892, 1.0, 0.0, 1.0, 0.0, 0.832568575398, 2.27990824053, 0.247830158572, 2.89732839848, -0.370780089531, 2.0, 0.0, 2.0, 2.0, 2.0, 0.0, 1.0, 2.0, 93068.0, 674.0, 99398.0
-1.0, 2.97143717614, 2.92595750881, 0.0, 2.0, 1.0, 1.0, 2.0, 1.0, 1.0, 0.0, -1.0, 2.0, 2.0, -1.0, -1.0, -1.0, 2.26054422549, 0.0, 2.06699696383, 1.0, -0.956295094105, -1.0, -1.0, 3.0, -1.0, -1.0, 0.146833137799, 1.0, 1.0, 2.99965858761, -0.0373278791942, 1.0, -1.0, -1.0, 1.63939436005, 2.0, 2.0, 2.0, 0.0, -1.0, 0.0, -1.0, 1.0, 2.53628034, 0.0, 3.0, 3.0, -1.0, -1.0, 95070.0, 467.0, 99555.0
0.255266626078, 3.0, 0.0, -1.0, 2.0, 1.0, 1.0, 3.0, 2.0, 1.0, 2.0, 0.0217271640259, 1.0, 0.0, 1.03836388886, 2.0, 1.0, 0.0, 2.0, 0.0, 2.0, 3.0, 1.75384604835, 2.0, 1.0, 1.0, -1.0, -1.0, 0.0, 1.41470850438, 0.0, 2.0, 1.0, 2.0, 0.0, 1.0, 1.0, 1.0, 0.0, -1.0, 0.0, 0.0, -1.0, 2.0, 2.4188672027, 2.0, 0.0, -1.0, 0.0, 1.0, 93159.0, 600.0, 99445.0
0.653817548546, 3.0, -1.0, 2.0, 2.0, 2.0, 0.0, 1.0, 3.0, 2.08138569277, 3.0, 2.0, 1.62860358724, 0.0, 1.0, 0.0874251772874, -0.157697612671, 2.65121445933, -1.0, 2.0, 1.0, 0.0, 1.0, 2.70352324858, 3.0, 0.0, 2.3478297241, 2.0, 1.10054059563, 1.0, -1.0, 1.64946879613, 0.0, -1.0, -1.0, 2.67512426813, -1.0, 2.0, 1.50692024947, 0.0, 1.0, 1.0, 0.0, -1.0, 3.0, 2.0, 2.0, -0.106883395151, -0.984020162502, -1.0, 94236.0, 556.0, 99473.0
0.0, 2.95786004666, 3.0, 3.0, 1.0, 0.0, 1.0, 3.0, 0.0, 1.0, 1.0, 3.0, 0.251271490513, 2.44867228599, 0.0, 2.0, 0.0, 0.0, -1.0, 0.0, 1.34939010657, 1.0, 3.0, 0.0, 3.0, 0.0, 0.460123425432, 1.0, 1.0, 0.0, 1.73112907021, 3.0, -1.0, -0.710570560847, 2.0, 1.0, 2.0, -1.0, 2.0, -1.0, 2.0, 2.0, 2.0, -0.561398979742, 2.0, 1.0, -1.0, -1.0, 1.0, 1.4080717504, 93687.0, 562.0, 99461.0
0.0, 2.0, 3.0, 3.0, 1.0, 0.0, 1.0, 3.0, 0.0, -0.387034963379, 1.0, 3.0, 2.0, 2.0, 0.0, 0.543112145162, 0.0, 1.0, -1.0, 0.0, 0.0, 2.40887942248, 3.0, 0.0, 3.0, 0.0, 1.08191065217, 1.0, 1.0, 0.0, 1.0, 3.0, -1.0, -1.0, 2.0, 1.0, -0.646142613974, -1.0, 2.0, -1.0, 2.0, 0.0, 2.22801454165, 1.0, 2.0, 1.91188911165, -1.0, 3.0, 0.848792332047, 2.0, 93540.0, 580.0, 99445.0
-1.0, -1.0, 0.0, 0.0, 1.0, 0.0, 2.0, 0.0, 0.0, 0.0, -1.0, -1.0, 2.0, 2.0, 2.0, 0.393303988975, -1.0, 0.0612916710646, -1.0, -1.0, -1.0, 2.0, 0.131460315373, -1.0, 1.0, -1.0, -0.553267648767, -1.0, 2.0, 0.0, 1.0, 1.81446569223, 1.0, 0.0, 0.0, 1.0, 3.0, 3.0, -1.0, -1.0, 0.0, -1.0, 2.0, 0.0, 2.60120560673, 1.0, -1.0, 0.0, 1.0, 2.0, 94692.0, 467.0, 99581.0
-1.0, -1.0, 0.0, 1.0, 1.0, 0.0, 1.25502460586, -0.988934909987, 0.0, 0.0, -1.0, -1.0, 2.09452084759, -0.675065057756, 2.0, 1.0, -1.0, 1.0, -1.0, -1.0, 0.303285209835, 2.0, -1.0, -1.0, 0.0, 2.0, 2.0, -1.0, 2.0, 0.0, -0.246437916966, 1.0, 1.0, 0.0, 0.543188024088, 1.0, -1.0, 3.0, -0.766324587071, -1.0, 0.0, -1.0, 2.0, -0.956806756862, 3.0, 1.0, 0.143678494492, 0.0, 1.0, 1.50426783235, 94698.0, 453.0, 99587.0
0.0, 2.95786004666, 3.0, 3.0, 1.0, 0.0, 1.0, 3.0, 0.0, 1.0, 1.0, 3.0, 0.22204308215, 2.44867228599, -0.504734895629, 2.0, 0.0, 0.0, -1.0, -0.822827177527, 1.34939010657, 1.0, 3.0, 0.0, 3.0, 0.0, 0.460123425432, 1.0, 1.0, 0.0, 1.73112907021, 3.0, -1.0, -0.710570560847, 2.0, 1.0, 2.0, -1.0, 0.569278193818, -1.0, 2.0, 2.0, 2.0, -0.561398979742, 2.0, 1.0, -0.865984244744, -1.0, 1.0, 1.4080717504, 94104.0, 530.0, 99491.0
1.0, 3.0, -1.0, 2.0, 2.0, 2.0, 0.0, 1.0, 1.92339601664, 2.0, 3.0, 2.0, 1.0, 0.0, 1.0, 0.0874251772874, 0.0, 3.0, -1.0, 2.0, 1.0, 0.0, 1.0, 1.0, 3.0, 0.0, 2.3478297241, 2.0, 1.10054059563, 1.0, -1.0, 1.64946879613, 0.0, -1.0, -1.0, 3.0, -1.0, 2.0, 1.50692024947, 0.0, 1.0, 1.0, 0.0, -1.0, 3.0, 2.0, 2.0, -0.106883395151, 0.0, -1.0, 93818.0, 573.0, 99459.0
0.712880591157, 1.0, 0.0, -1.0, 2.0, 0.0141109996404, 2.0, -0.643557418901, 0.0, 2.0, 1.0, 1.0, 1.0, 0.926757519656, -1.0, 2.0, 1.10328837797, 1.0, 0.0, -1.0, 1.0, -1.0, 2.0, 0.0, 0.0, -1.0, 0.0, 2.0, -1.0, 1.99796725738, 3.0, 3.0, 0.0, -1.0, -0.354343339338, 1.0, 1.0, -1.0, 0.0, -1.0, 2.0, 0.0, 2.0, 1.0, 3.0, 2.0, -1.0, -1.0, 1.0, 2.0, 94279.0, 495.0, 99529.0
0.0, 1.0, 1.08013146288, 1.0, 3.0, 0.0, 3.0, 2.0, 1.05162374112, 3.0, 0.0, 1.0, -1.0, 1.14711707617, 2.0, 3.0, 2.0, 1.0, 1.42053408759, 1.0, 1.0, 0.0, -0.294312906332, 1.0, 0.0, 3.0, -0.634767155259, -1.0, 0.0, -1.0, 1.55739284427, 0.0, 1.0, 1.0, 1.10711153191, -1.0, -1.0, 2.94389090156, -1.0, -1.0, 2.0, 0.0, 0.0, 1.0, 0.508614856197, 2.0, 1.0, 2.25259144422, 0.0, 3.0, 93623.0, 570.0, 99464.0
3.0, 2.14869858362, 0.0, -0.3911389527, 2.0, 1.0, 1.0, 3.0, 2.0, 1.0, 2.0, 0.0, 1.0, 0.0, 1.03836388886, 0.0, 1.0, 0.0, 2.0, 0.0, 2.0, 3.0, 2.0, 2.87546068025, 0.139937967777, 1.0, -1.0, -1.0, 0.0604838815681, 2.0, 0.0, 2.0, 1.0, 1.07276509378, 0.143611214846, 2.36452412122, 1.0, 1.0, 0.0, -1.0, 0.0, -0.464594971142, -1.0, 2.0, 2.4188672027, 2.0, 2.50841459678, -1.0, 0.0, 1.0, 93145.0, 618.0, 99434.0
1.0, 0.0, -1.0, 2.0, 0.0, -0.629564892162, 1.0, 0.0, 1.0, 0.0, 0.0, 1.0, 1.76944086564, -1.0, 0.0, 2.0, 1.0, 0.0, 0.0, 0.0890015929987, 1.0, -1.0, 3.0, 1.0, 3.0, -1.0, -1.0, 2.80124072949, 0.0, -0.874020321829, 0.0353646919845, 1.0, -0.659363269495, -1.0, 2.0, -1.0, -1.0, 2.0, 1.0, 1.0, 3.0, -0.947202051714, -1.0, 0.0, 2.0, 2.0, 0.0, 3.0, 2.0, 1.0, 94177.0, 508.0, 99526.0
-1.0, -1.0, 0.0, 0.0, 1.0, 0.581473464334, -0.170143826298, 0.0, 0.0, 0.878195872125, -1.0, -1.0, 2.0, 2.0, 2.0, 1.0, -1.0, 0.0612916710646, -1.0, -1.0, -1.0, 2.0, -1.0, -1.0, 1.70208000633, -1.0, 2.0, -1.0, 2.0, 0.0, 1.0, 1.81446569223, 1.0, 0.597487437968, 2.35374597596, 1.0, 3.0, 3.0, -1.0, -1.0, 0.0, -1.0, 2.0, 0.0, 2.60120560673, 1.0, -1.0, 0.0, 1.0, 2.0, 94866.0, 465.0, 99581.0
2.07053450649, 0.0, 0.0, 3.0, 2.0, 1.0, 1.0, 3.0, 3.0, 0.0, 2.0, 2.0, 2.55932484476, 2.0, 2.0, 1.0, -1.0, 0.0, 1.62422225381, 2.0, 3.0, 1.0, -0.127375134842, 0.0, 1.0, 3.0, 2.0, 0.0, 3.0, 1.0, 1.0, 1.0, 1.0, 1.0, 0.0, 1.0, 0.0, 3.0, 2.0, 0.247830158572, 3.0, -0.370780089531, 2.0, 0.0, 2.0, 2.0, 2.0, 0.0, 1.0, 2.0, 93365.0, 674.0, 99398.0
-1.0, 2.0, 0.0, -1.0, -1.0, -1.0, 1.0, 1.0, -1.0, 0.0, 3.0, -1.0, 1.0, 0.0, 0.0, 1.0, 1.0, -1.0, 2.0, 3.0, 3.0, -1.0, 3.0, 2.0, 2.0, -0.593659680143, 0.0, 0.0, -1.0, 3.0, 2.04361975289, -1.0, 0.0, 2.0, 1.0, 2.0, -1.0, 0.469926536687, 2.0, 3.0, 1.0, 0.0, 0.963963331231, -1.0, -1.0, 1.0, 2.77745647419, 1.0, 2.0, 0.0, 95159.0, 478.0, 99574.0
3.0, 2.14869858362, 0.0, -0.3911389527, 2.19401796195, 1.0, 2.23759616166, 3.0, 2.0, 1.0, 2.0, 0.0, 1.0, 0.0, 1.03836388886, 1.53971648523, 1.0, 0.0, 1.11557252352, 0.0, 2.0, 1.71040060123, 2.0, 2.94962194604, 0.139937967777, 1.0, -1.0, -1.0, 0.0604838815681, 2.0, 0.0, 2.0, 0.65721316079, 1.07276509378, 0.143611214846, 2.36452412122, 1.0, 1.0, 0.0, -1.0, 0.0, -0.464594971142, -1.0, 2.0, 2.4188672027, 2.0, 2.50841459678, -1.0, 0.0, 1.0, 93173.0, 618.0, 99434.0
-1.0, 2.0, 2.0, 0.0, 1.85770112183, 1.0, 1.0, 2.66655163455, 1.0, 1.0, 0.0, -1.0, 2.0, 2.0, -1.0, -1.0, -1.0, 0.0, 0.0, 2.0, 1.0, 0.0, -1.0, -1.0, 3.0, -1.0, -1.0, 3.0, 1.0, -0.78131807391, 2.0, 0.0, 3.0, 2.0, -1.0, 2.0, 2.0, 2.0, 2.0, 2.60647452689, -1.0, 0.0, -1.0, 1.0, 2.992870874, 0.0, 3.0, 3.0, -1.0, -1.0, 95012.0, 482.0, 99552.0
2.0, 0.0, 0.0, 3.0, 1.0, 1.0, 1.0, 3.0, 3.0, 0.0, 2.0, 2.0, 1.0, 2.0, 2.0, 1.41064491831, -1.0, -0.309282404771, 0.0, 2.0, 3.0, 1.0, 0.0, 0.0, 0.0, 3.0, 2.0, 0.0, 3.0, 1.0, 1.0, 0.390820149664, 1.0, 1.0, 0.0, 1.0, 0.0, 3.0, 2.0, -1.0, 3.0, 0.0, 2.0, 0.0, 2.0, 2.0, 2.0, 0.0, 1.0, 2.0, 93234.0, 659.0, 99409.0
0.0, 0.998645033193, 3.0, 1.74312277391, 3.0, 1.66117743887, 1.0, 3.0, 0.0, 1.0, -1.0, 1.0, 0.0, -1.0, 2.0, 0.0, 1.0, 3.0, 2.0, 2.0, 0.0, 3.0, 3.0, 1.14910531004, 1.48359554952, 3.0, 1.0, -0.0383608439874, 1.0, 2.0, -1.0, 2.0, 1.95332671702, 3.0, 2.9348456927, 0.0, 0.0, -0.197282944996, 3.0, 1.0, 0.0, 1.34759515511, 3.0, 0.0, 2.0, 2.01076422425, 1.0, 1.0, 2.0, 2.0, 93567.0, 650.0, 99417.0
-1.0, 2.0, 0.0, -1.0, -1.0, -1.0, -0.257405345122, 1.0, -1.0, 0.0, 0.180887985653, -1.0, 1.0, 0.0, -1.0, 1.0, 1.0, -1.0, 2.0, 3.0, 3.0, -1.0, 3.0, 2.0, 2.0, 1.0, 0.0, 0.0, 0.0, 1.11788763214, 2.0, -1.0, 0.0, 2.0, 1.0, 2.0, -1.0, 0.0, 2.0, 3.0, 1.72529578266, 0.277415674726, 1.0, -1.0, -1.0, 1.0, 2.0, 1.0, 2.0, -0.997044904706, 94736.0, 484.0, 99561.0
0.0, 3.0, 0.0, 0.0, 1.0, 2.39364183498, 3.0, 0.0, 0.0, 1.0, 1.0, 0.0, 1.0, 2.0, -1.0, 1.0, 2.0, 2.0, 2.0, 3.0, 2.0, 3.0, 0.0, 2.99769332837, -0.0550474130516, -1.0, 1.0, 0.0777285687879, 0.0, 1.0, 1.6851489731, 2.19160162385, 0.0, 2.0, 2.03647136688, 1.0, 0.0, 3.0, 3.0, 0.0, 2.0, 3.0, 3.0, 2.21056656283, 2.33674736338, 2.51428947189, 2.0, -1.0, 1.31608938284, 0.0, 93637.0, 631.0, 99423.0
1.0, 3.0, 0.0, 0.0, 1.0, 2.0, 1.0, 1.0, 0.0, 1.0, 0.0, -1.0, 0.0, 2.0, 1.0, 1.0, -1.0, 0.0, 2.0, 0.0, 2.0, 1.0, 1.0, 2.0, 1.0, -1.0, 0.0, 0.0, 2.0, 3.0, 0.0, 1.0, 3.0, 2.0, 2.0, -1.0, -1.0, 2.0, 3.0, 3.0, 1.0, 0.0, 2.0, 2.0, 0.0, 2.0, 0.0, 1.0, -1.0, 2.0, 93405.0, 591.0, 99454.0
-1.0, -1.0, 0.0, 1.0, 1.0, 0.0, 2.0, 0.0, 0.0, 0.0, -1.0, -1.0, 2.0, 2.0, 2.0, 1.0, -1.0, 1.0, -1.0, -1.0, -1.0, 2.0, -1.0, -1.0, 0.0, 2.0, 2.0, -1.0, 2.0, 0.0, 1.0, 1.0, 1.0, 0.0, 0.0, 1.0, 3.0, 3.0, -1.0, -1.0, 0.0, -1.0, 2.0, 0.0, 3.0, 1.0, -1.0, 0.0, 1.0, 2.0, 94637.0, 484.0, 99568.0
1.0, 2.0, 3.0, 2.68170891073, 2.0, -1.0, 1.0, 0.0, -1.0, 2.0, 0.0, 2.0, -1.0, -1.0, -1.0, -1.0, 2.0, 0.0, -1.0, -0.603343539384, -1.0, -1.0, 0.0, 0.0, 0.0, 3.0, 2.0, 2.0, 1.0, 1.0, 0.0, 1.0, 1.0, -1.0, 0.0, 2.0, 1.0, -1.0, 0.0, 0.0, 1.0, 0.0, 2.0, 2.0, 3.0, 1.0, -1.0, 3.0, 2.0, 1.0, 94720.0, 492.0, 99543.0
0.0, 2.0, 3.0, 3.0, 1.0, 0.0, 1.0, 3.0, 0.0, 1.0, 1.0, 3.0, 2.0, 2.0, 0.0, 2.0, 0.0, 0.0, -1.0, 0.0, 0.0, 1.0, 3.0, 0.0, 3.0, 0.0, 1.0, 1.0, 1.0, 0.0, 1.0, 3.0, -1.0, -0.710570560847, 2.0, 1.0, 2.0, -1.0, 2.0, -1.0, 2.0, 2.0, 2.0, -1.0, 2.0, 1.0, -1.0, -1.0, 1.0, 1.4080717504, 93699.0, 562.0, 99461.0
1.0, 1.0, 1.0, 0.0, 2.0, 0.0, 0.0, 0.851283126848, 0.0, 0.0, 2.28276426516, 1.0, -1.0, -1.0, 0.0, 2.0, -0.799813586897, 0.0, 2.0, 0.0, 2.0, 2.0, 1.0, 1.0, 1.0, -0.879030677451, 1.0, 2.0, 1.23681163767, 3.0, 0.0, 1.0, 1.0, -1.0, 0.0, 3.0, 3.0, 2.15837098655, 2.0, 2.0, -1.0, 0.0, 1.0, 0.0288527317256, 2.38253608511, 3.0, 1.0, 3.0, -1.0, 1.0, 93540.0, 580.0, 99468.0
1.0, 3.0, 0.0, 0.0, 1.0, 2.0, 1.0, 0.861901594283, 0.0, -0.0300435565016, -0.0795828829712, -1.0, 0.0, 2.0, 1.0, 1.93425194939, -1.0, 1.82843042145, 2.0, 0.0, 2.0, 0.0, -0.578857524239, 2.0, 1.0, -0.559671498356, 0.0, 0.0, 1.89579246444, 3.0, 0.0, 1.0, 3.0, 2.0, 2.0, -1.0, -1.0, 2.0, 3.0, 3.0, 1.0, 0.0, 1.8781100234, 2.0, 0.0, 2.34223180805, 0.0, 1.0, -1.0, -0.755203484532, 93588.0, 569.0, 99467.0
2.0, 2.0, 1.0, 1.04817334169, 0.0, 1.0, 2.0, 0.372180834938, 0.0, 3.0, 0.0, 1.87900158172, 1.42903634992, 1.0, 3.0, -1.0, 2.01290021127, 2.0, -0.156686588485, 0.0, 1.0, 2.0, 0.0, 0.106326143421, 1.0, 3.0, 3.0, 3.0, 1.0, 2.0, 2.0, 0.0, 2.0, 3.0, 0.859625230504, 1.0, 1.0, 0.0, 1.0, -1.0, 0.678495157835, -1.0, 0.151908264672, 3.0, 2.0, 0.607918390756, 1.0, -1.0, 2.0, 0.0, 93296.0, 629.0, 99430.0
3.0, 3.0, 0.0, -1.0, 2.0, 1.0, 1.0, 3.0, 2.0, 0.0812175751424, 2.0, 0.0, 1.0, 0.0, 1.0, 0.0, 1.0, 0.0, 2.0, 0.0, 2.0, 3.0, 2.0, 2.0, 1.0, 1.0, -1.0, -1.0, 0.0, 2.0, 0.0, 2.0, 1.0, 2.0, 0.0, 1.0, 1.0, 1.0, 0.0, -1.0, 0.0, 0.0, -1.0, 2.0, 2.0, 2.0, 0.0, -1.0, 0.0, 1.0, 93198.0, 600.0, 99445.0
1.0, 0.0, -1.0, 2.0, 0.0, 0.0, 1.0, 0.0, 1.0, 0.0, 0.0, 1.0, 2.0, -1.0, 0.0, 2.0, 1.0, 0.0, 0.0, 1.0, 1.0, -1.0, 3.0, 1.0, 3.0, -1.0, -1.0, 2.80124072949, 0.0, -1.0, -1.0, 1.0, 0.0, -1.0, 2.0, -1.0, -1.0, 2.0, 1.0, 1.0, 3.0, 0.0, -1.0, 0.0, 2.0, 2.0, 0.0, 3.0, 2.0, 1.0, 93793.0, 532.0, 99500.0
0.0, 3.0, 0.0, 0.0, 1.0, 0.0, 3.0, 1.0, 0.0, 1.0, 1.0, 0.0, 1.0, 2.0, -1.0, 1.0, 2.0, 2.0, 2.0, 3.0, 1.0, 3.0, 0.0, 2.99769332837, -0.0550474130516, -1.0, -1.0, 1.0, 0.0, 1.0, 1.6851489731, 3.0, 0.0, 2.0, 1.0, 1.0, 0.0, 3.0, 3.0, 0.0, 2.0, 3.0, 3.0, 0.0, 2.0, 2.0, 2.0, -1.0, 2.0, 0.0, 93595.0, 621.0, 99430.0
-1.0, 3.0, 1.0, -1.0, 2.0, -1.0, -1.0, 3.0, 1.0, 0.0, -1.0, 0.0389076083237, -1.0, 1.0, 1.0, 1.0, 0.0, 2.0, 1.0, 1.0, 2.0, 0.0, 0.0, 0.0, 0.0, 2.0, -1.0, -1.0, 0.0, -1.0, 2.0, 0.746776002545, -1.0, 3.0, 1.0, -1.0, 2.5150172311, 2.0, -0.238841629739, 0.0, 1.0, 0.0, 1.0, 0.204123657131, 3.0, -1.0, -1.0, 3.0, 2.0, 0.0, 94241.0, 514.0, 99530.0
-0.181971918307, 0.177108456409, 2.0, -0.551971273831, 1.0, 0.31167363025, 2.0, 2.0, 2.0, 1.0, 2.82123099169, -1.0, -1.0, -0.675612909848, 0.0797754510422, -1.0, 1.56163989013, -0.921185502713, 0.857562559201, 2.0, -1.0, 1.0, 2.0, -1.0, 1.83614353472, 0.0, 0.0, 1.0, 0.0, 1.0, 1.0, 2.0, 3.0, 0.0, 2.80408037659, 3.0, 2.0, -1.0, 1.0, -0.841253903612, 2.0, 0.412180387166, 1.0, 1.48170726561, 1.0, 2.0, 1.0, -1.0, 0.0, -1.0, 94408.0, 508.0, 99521.0
2.0, 1.0, 0.0, 3.0, 2.0, 0.0, 2.0, 3.0, 0.0, 2.0, 1.0, 1.0, 1.0, -1.0, -1.0, 2.0, 0.0, 1.0, 0.0, 2.46780306648, 1.0, -1.0, 2.85850749171, -1.0, 0.0, -0.324311631598, 0.0, -1.0, -1.0, 2.0, 3.0, 3.0, 0.0, -1.0, -1.0, 1.0, 1.0, -1.0, 0.307512962044, -1.0, -0.196160117463, 0.0, 2.0, 1.0, 3.0, 2.0, -1.0, -1.0, 2.96652461312, 2.0, 94320.0, 510.0, 99517.0
-1.0, 3.0, 1.0, -1.0, 2.0, -1.0, -1.0, 3.0, 1.0, 0.0, -1.0, 0.0389076083237, -1.0, 1.0, 1.0, 1.0, 0.0, 2.0, 1.0, 1.0, 2.0, 0.0, 1.94329835927, 0.0, 0.0, -0.629353118526, 0.04358081079, -1.0, 0.0, -1.0, 2.0, 0.746776002545, -1.0, 3.0, 1.0, -1.0, 2.5150172311, 2.0, -0.238841629739, 0.0, 1.0, 0.0, 1.0, 0.204123657131, 3.0, -1.0, -1.0, 3.0, 2.0, 0.0, 94308.0, 505.0, 99536.0
2.0, 1.0, 0.0, 3.0, 2.0, 0.0, 2.0, 3.0, 0.0, 2.0, 1.0, 1.0, 1.0, -1.0, -1.0, 2.0, 0.0, 1.0, 0.0, 1.0, 1.0, -1.0, 2.0, -1.0, 0.0, -1.0, 0.0, 2.0, -1.0, 2.0, 3.0, 3.0, 0.0, -1.0, -1.0, 1.0, 1.0, -1.0, 0.0, -1.0, 2.0, 0.0, 2.0, 1.0, 3.0, 2.0, -1.0, -1.0, 1.0, 2.0, 94424.0, 504.0, 99524.0
1.0, 2.0, 3.0, 2.0, 2.0, -1.0, 1.0, 0.0, -1.0, 0.701844935732, 0.0, 2.5711009247, -0.620686334401, -1.0, -1.0, -1.0, 1.64330002789, 0.0, 2.0, 1.0, -1.0, -1.0, 0.0, 0.0, 0.0, 3.0, 2.0, 2.45769391423, 1.0, 1.0, 0.608229864534, 1.0, 1.0, -1.0, 0.0, 2.0, 1.0, -1.0, 0.0, 0.0, 1.0, 3.0, 2.0, 2.0, 3.0, 1.0, -1.0, 2.89462090785, 2.0, 1.0, 94531.0, 519.0, 99513.0
0.0, 0.0, 2.0, -1.0, -1.0, 2.0, 0.0, 1.0, 2.0, 2.0, 3.0, 3.0, -1.0, 1.0, -1.0, -1.0, 3.0, 0.0, 1.0, 2.0, 2.0, 0.0, 0.0, 1.0, -1.0, -1.0, 3.0, 1.0, 0.0, 0.0, 2.0, 2.0, 0.0, 2.0, -1.0, 3.0, 3.0, 1.0, 1.0, 2.0, 1.0, 0.0, 2.0, 0.0, 0.0, 0.0, 1.0, 1.0, 3.0, 0.0, 93927.0, 561.0, 99476.0
2.0, 1.11301712772, 2.0, 0.0, -0.14299349023, -1.0, 2.0, 2.0, 2.0, 1.0, 0.0, -1.0, -1.0, -0.403587611134, 2.0, -1.0, 2.0, 0.0, 2.0, 2.0, -1.0, -0.744692361087, 2.0, -0.918976130125, 0.0, 0.0, 0.0, 1.0, 0.0, 1.0, 1.0, 0.132979311295, 3.0, 0.587175818808, 2.0, 3.0, 2.0, -1.0, 1.0, 0.0, 1.0, 1.0, 2.17577111879, 0.0, 1.0, 2.0, 1.0, -1.0, 0.0, -1.0, 93908.0, 538.0, 99497.0
2.0, 1.0, 0.0, -1.0, 2.0, -0.280770392987, 2.0, -0.643557418901, 0.0, 2.0, 1.0, 1.0, 1.0, 1.86542045884, -1.0, 2.0, 1.10328837797, 1.0, 0.0, -1.0, 1.0, -1.0, 2.0, -1.0, 0.0, -1.0, 0.0, 2.0, -1.0, 1.99796725738, 3.0, 3.0, 0.0, -1.0, -0.354343339338, 1.0, 1.0, -1.0, 0.0, -1.0, 2.0, 0.0, 2.0, 1.0, 3.0, 1.75843007117, -1.0, 3.0, 1.0, 2.0, 94503.0, 498.0, 99530.0
1.0, 1.0, 1.0, 0.0, 2.0, 0.0, 0.0663855990553, 0.851283126848, 0.0, 0.0, 2.0, -0.406894260535, 0.618547762427, -1.0, 0.0, 2.0, -1.0, 0.0, 2.0, 0.0, 2.0, 2.0, 1.0, 1.0, 1.0, -0.879030677451, 1.0, 2.0, 1.23681163767, 3.0, -0.485420382715, 1.0, 1.0, -1.0, 0.0, 3.0, 3.0, 2.15837098655, 2.0, 2.0, -1.0, 0.0, 1.0, 0.0288527317256, 3.0, 3.0, 1.0, 0.790685468459, -1.0, 0.917185789853, 93270.0, 598.0, 99454.0
-0.600997556673, -0.309713512538, 3.0, 2.0, 0.396023039248, 1.0, 1.0, 3.0, 0.0, 1.0, -1.0, 2.0, 0.0, -1.0, 2.0, 0.0, 1.0, 3.0, 2.0, 0.0, 0.0, 3.0, 3.0, 1.0, 0.0, 3.0, 1.0, -0.940251874497, -0.214768146665, 2.0, -1.0, 1.56070729257, -0.821549550808, 2.0, 2.0, 0.0, 0.0, 1.0, 3.0, 1.0, 0.0, 1.3890024432, 3.0, 0.0, 2.0, 2.0, 1.0, 1.0, 2.0, 2.0, 93482.0, 612.0, 99442.0
1.60111682612, 2.0, 3.0, 2.0, 2.0, -1.0, 0.645050920845, -0.183547361875, -1.0, 2.0, 0.654648095592, 1.0, -1.0, -1.0, -1.0, -0.920458611604, 2.0, 0.0, -1.0, 1.0, -1.0, -1.0, 0.79141121067, 0.0, 0.984533024632, 2.73439439095, 1.50330184899, 2.0, 1.0, 1.0, -0.401618347119, 1.0, 0.0, -1.0, 0.0, 1.61845652137, 1.0, -1.0, 0.0, 0.0, 1.0, 3.0, 0.105919446902, 2.0, 3.0, 1.0, 0.00163529011794, 3.0, 2.0, 1.0, 94486.0, 517.0, 99516.0
-0.271883964623, 0.0, -0.519544719269, 2.0, 3.0, 2.50963950264, 2.0, 0.0, 2.0, 2.0, 0.927010794672, 1.0, 0.0, 2.0, 2.0, -0.561909955013, 3.0, 0.58827964063, 3.0, 3.0, -1.0, 3.0, 1.0, 0.0, 1.0, 3.0, 1.0, 1.0, 0.0, 2.0, 0.0, 2.0, 0.0, -1.0, 0.0, 0.148269087817, 1.0, 3.0, 2.91448241091, 2.43525506217, 3.0, 2.07693051828, 2.0, 2.58207303978, 0.136229911446, 2.0, 1.0, -1.0, 1.0, 1.0, 93970.0, 609.0, 99436.0
0.0, 2.0, 3.0, 3.0, 1.0, 0.0, 1.0, 3.0, 0.0, -0.387034963379, 1.0, 3.0, 2.0, 2.0, 0.0, 0.543112145162, 0.0, 0.360514297661, -1.0, 0.0, 0.0, 1.0, 3.0, 0.0, 3.0, 0.0, 1.0, 1.0, 1.0, 0.0, 1.0, 3.0, -1.0, -1.0, 2.0, 1.0, -0.646142613974, -1.0, 2.0, -1.0, 2.0, 2.0, 2.22801454165, 1.0, 2.0, 1.91188911165, -1.0, 3.0, 0.848792332047, 2.0, 93558.0, 580.0, 99445.0
