1.0, 2.0, 0.999071045439, 1.0, 2.0, 0.266367444901, 2.0, 0.0, 0.0, -1.0, -1.0, 0.0, 2.40923687353, -1.0, 2.0, -0.977376501, 3.0, -1.0, 3.0, -1.0, 0.0, -1.0, 1.96913080078, -1.0, 2.0, 0.0, 2.29616085444, -1.0, 2.0, 2.0, -0.846672922487, -1.0, -1.0, 1.99632808077, 0.0, -1.0, -1.0, -1.0, 0.0, 0.160384408719, 2.0, -1.0, 0.0, 0.0, 1.0, -1.0, -0.41044003322, -0.152322214689, 0.00995852221232, 2.0, 96769.0, 472.0, 99605.0
2.45765314798, 2.0, 3.0, 0.0, 1.0, 2.0, 2.0, 2.0, 2.0, 0.0, 2.0, 2.0, -0.579925987411, 3.0, -1.0, -1.0, 3.0, 0.292289777784, -1.0, -1.0, 0.0, -1.0, 3.0, 1.0, 1.0, 0.0, -1.0, 2.97488869207, 1.0, 3.0, 3.0, 1.06237646625, 0.0, 0.0, 3.0, 1.0, 1.0, 1.0, 2.0, 2.66934411993, 3.0, 1.99595254578, -1.0, 1.6847442185, -0.695330026922, -1.0, 0.0, -1.0, 1.0, 2.0, 96584.0, 545.0, 99521.0
1.0, 0.0, 3.0, -1.0, -1.0, 0.0, 2.3237174179, -0.323860523024, 1.18167468892, 1.0, -1.0, 2.97312630725, 0.855408747067, 1.0, 1.0, 0.0, 0.0, 2.0, 2.0, 0.0, 1.0, 0.0, 1.0, -1.0, 2.0, 0.0, 3.0, -1.0, 2.0, 0.810814084063, 2.0, 1.00734431251, -1.0, 3.0, 0.0, 0.0, 2.0, 0.136741923727, 0.57136331197, 0.0, 3.0, -1.0, 1.0, 1.0, 3.0, -1.0, -1.0, 1.0, 3.0, 2.11807218746, 96013.0, 600.0, 99496.0
1.0, 0.0, 0.0, -1.0, -1.0, 1.0, 3.0, 0.263393458406, -1.0, 1.04302924653, 1.0, -1.0, -1.0, -1.0, 2.0, 2.58958219134, 3.0, 2.0, 1.05643424209, -1.0, 1.0, 1.38907012675, 0.0, -1.0, 3.0, -0.867287715034, 0.0, 0.0, -1.0, 3.0, 2.0, -1.0, 0.0466024070759, 3.0, 1.06813504522, 2.0, 2.37608610068, 0.0, 1.92120323914, 2.0, 0.0, 0.0, -1.0, 2.0, -0.412069617435, -1.0, 0.0, 2.0, 1.0, 0.0, 96366.0, 521.0, 99539.0
-1.0, 1.0, 0.0, -1.0, 0.0, 0.0, -1.0, 2.0, -1.0, 0.0, 2.03467427276, 0.0, -1.0, 0.0, 1.0, 1.0, 2.0, 2.0, 3.0, -1.0, 0.0, 1.0, 1.0, 2.0, 0.0, 2.0, -1.0, 2.0, -1.0, -1.0, 3.0, 3.0, -0.946374435535, 1.0, 2.0, -1.0, 3.0, 1.0, 0.0, 1.0, 1.0, 2.0, 2.0, 3.0, -1.0, -1.0, -1.0, -1.0, -0.0167432240036, 3.0, 96484.0, 502.0, 99562.0
-1.0, 1.0, 0.0, -1.0, 0.0, 0.0, -1.0, 2.0, -1.0, 0.0, 2.03467427276, 0.0, -0.579925987411, 0.0, 1.0, 1.09778760777, 2.0, 2.0, 3.0, -1.0, 0.0, 1.0, 1.0, 2.0, 0.0, 2.0, -1.0, 2.0, -1.0, -1.0, 3.0, 3.0, -0.946374435535, 0.793521006091, 2.0, -1.0, 3.0, 1.0, 0.0, 1.0, 1.0, 2.0, 2.0, 3.0, -1.0, -1.0, -1.0, -1.0, -0.0167432240036, 3.0, 96484.0, 502.0, 99562.0
3.0, -1.0, -1.0, 1.0, 3.0, 2.0, 2.0, 2.0, -1.0, 0.0, 0.576438602798, 2.0, -0.672329853517, 0.496400747443, -1.0, 3.0, -1.0, -1.0, -0.954661171429, 0.0, 2.0, -0.610881063028, 0.808053474235, -1.0, 0.66704049912, 1.00383937778, -1.0, 1.0, -1.0, 1.28073979263, -0.523439628158, 0.453722418856, -1.0, 2.0, 3.0, 1.0, 0.968029762247, -0.926340046684, 1.0, -1.0, 1.71479042322, 1.0, 0.0, -1.0, 0.0, -0.0240865094657, -1.0, -1.0, -0.915082068311, 3.0, 97509.0, 428.0, 99657.0
3.0, 2.0, 2.0, 3.0, 2.0, 1.0, 3.0, 0.0, -1.0, -1.0, -0.850726809407, 2.0, -1.0, 3.0, 1.81602494311, 0.392329274153, -1.0, 1.0, 3.0, 2.93202358409, 1.0, 0.0, -0.765256579236, -1.0, 3.0, 2.0, 0.0, 2.31597258768, 3.0, 1.0, 2.0, 2.0, -1.0, 3.0, 3.0, 3.0, 0.450247675938, 1.0, 1.0, 0.0, 0.0, -1.0, -1.0, 1.0, -1.0, -1.0, 0.0, -1.0, 1.0, 0.525177663038, 96640.0, 540.0, 99532.0
2.0, 0.0, 0.404938114208, -1.0, 0.0, 0.0, 0.0, 3.0, 2.0, -1.0, 0.0, -0.853339252683, 1.90201696053, -1.0, 2.0, -1.0, 3.0, 3.0, 2.15212668794, -1.0, 2.0, 3.0, 1.0, 1.0, 1.38516828139, 0.0, 3.0, -0.335751832342, 1.0, 2.0, -1.0, 1.0, 2.0, 1.0, 0.845138200182, 0.0, 0.0, 1.0, 1.35735197975, 0.0, 0.0, 3.0, 3.0, 1.0, -1.0, 3.0, 1.0, 3.0, 0.0, 1.0, 95925.0, 605.0, 99491.0
2.0, 0.0, 1.0, -1.0, 0.0, 0.0, 0.0, 3.0, 2.0, -1.0, 0.0, 0.0, 1.0, -1.0, 2.0, -1.0, 3.0, 0.597668437855, 1.0, -1.0, 2.0, 3.0, -0.290083971481, 1.0, 2.0, -0.875349227282, 3.0, 2.0, 1.0, 2.0, -1.0, 1.0, 0.808519274308, -0.470164670539, 0.0, 0.0, 0.0, 1.0, 2.0, 0.0, 0.0, 3.0, 2.21343927474, 1.0, -1.0, 2.85449235485, 3.0, 3.0, 0.121938045586, 1.0, 95835.0, 607.0, 99491.0
3.0, -1.0, -1.0, 1.0, 3.0, 2.0, 2.0, 2.0, -1.0, 0.0, 0.576438602798, 2.0, -0.672329853517, 0.496400747443, -1.0, 3.0, -1.0, -1.0, -0.954661171429, 0.0, 2.0, -0.610881063028, 0.808053474235, -1.0, 0.66704049912, 1.00383937778, -1.0, 1.0, -1.0, 1.28073979263, -1.0, 0.453722418856, -1.0, 2.0, 3.0, 1.0, 0.968029762247, 0.0, 1.0, -1.0, 0.0, 1.0, 0.0, -1.0, 0.0, -0.0240865094657, -1.0, -1.0, -0.915082068311, 3.0, 97236.0, 447.0, 99641.0
1.0, 0.0, 2.0, -1.0, 2.0, 0.56996435207, 1.0, 2.0, 3.0, 1.26941908564, -0.135595133202, -1.0, 0.0714184369673, 1.0, -1.0, 1.0, 0.0, 1.0, 3.0, -1.0, 1.0, -1.0, 2.0, 2.0, 3.0, 1.0, 0.0, 3.0, -1.0, 0.0, 0.0112752104057, 0.0, -1.0, 2.98278150935, 0.0, 2.0, 1.2557130718, 1.7344377662, 0.0, 2.0, 2.14855399091, 1.0, 0.0, 1.11819393289, 1.0, 0.114914010221, 2.0, 0.0, 0.790399591018, 1.23819276075, 95970.0, 613.0, 99481.0
2.0, -0.235725529418, 2.0, 2.0, 0.0, 1.0, 0.0, 2.15970785922, 0.0, 1.62094857342, 1.0, -1.0, -1.0, -1.0, 1.0, -1.0, -0.0837056710312, 1.68471070517, -0.807592909188, -1.0, -1.0, 0.0, -1.0, -1.0, 1.0, 3.0, -1.0, 2.0, 3.0, 1.0, -1.0, -1.0, -1.0, -1.0, 0.827036635018, 1.0, 2.0, -1.0, 0.0, 2.0, 3.0, 0.269132512509, -1.0, 0.0, 1.0, -1.0, 0.0532633716098, 2.0, -1.0, 3.0, 97124.0, 455.0, 99630.0
1.49138779644, 0.0, 0.0, -1.0, -1.0, 1.0, 2.27219141641, 2.0, -1.0, 3.0, 1.0, -1.0, -1.0, -1.0, 2.07180928051, 1.0, 3.0, 2.0, 1.0, -1.0, 1.0, 2.0, 0.0, -1.0, 3.0, 1.60723809719, 0.0, 0.0, -1.0, 3.0, 2.0, -1.0, -1.0, 3.0, 0.493636235911, -0.727239698058, 2.0, 0.0, 3.0, 2.0, 0.0, 0.0, -1.0, 2.0, 3.0, -1.0, 0.0, 2.0, 1.0, 0.0, 96582.0, 510.0, 99554.0
1.0, -0.834653009665, 2.0, -1.0, 2.0, 2.0, 1.0, 2.0, 3.0, 3.0, 0.0, -1.0, -1.0, 1.0, -1.0, 1.0, 0.0, 1.0, 3.0, -1.0, 1.0, -1.0, 2.0, 2.0, 3.0, 1.0, 0.0, 3.0, -1.0, 0.0, 0.0112752104057, 0.0, -1.0, 0.0, 0.0, 2.0, -0.700510098215, 2.0, 0.0, 2.0, 2.0, 1.0, 0.0, 1.6223369668, 1.0, -1.0, 2.0, 0.0, 3.0, -0.0643682076316, 96405.0, 544.0, 99528.0
0.0, 2.16691604367, 3.0, 2.0, 0.0, 0.0, 0.0, 3.0, -1.0, 1.0, 2.0, 1.0, -1.0, 1.0, 2.56049043236, 1.0, 3.0, 2.0, 1.0, 1.0, 3.0, 1.0, -1.0, 0.0, 3.0, 3.0, -1.0, 0.0, 2.0, 3.0, 2.0, -1.0, 0.0, 2.0, 0.0, 3.0, 0.0, -0.97395104191, -1.0, 1.0, 1.0, 0.336408076033, -1.0, 2.0, 2.0, -1.0, 2.0, 0.455398657904, 2.0, 1.0, 96363.0, 585.0, 99498.0
1.0, 0.0, 0.0, -1.0, -1.0, 1.0, 2.27219141641, 2.0, -1.0, -1.0, 1.0, -1.0, -1.0, -1.0, 2.0, 1.0, 3.0, 2.0, 1.0, -1.0, 1.0, 2.0, 0.0, -1.0, 3.0, 1.0, 0.0, 0.0, -1.0, 3.0, 2.0, -1.0, -1.0, 3.0, 0.0, 2.0, 2.0, 0.0, 3.0, 2.0, 0.0, 0.0, -1.0, 2.0, 3.0, -1.0, 0.0, 2.0, 1.0, 0.0, 96499.0, 512.0, 99551.0
0.411351865832, 2.0, 3.0, 0.0, 1.0, 2.0, 2.0, 2.0, 2.0, 0.0, 2.0, 2.0, -0.579925987411, 3.0, -1.0, -1.0, 3.0, 0.0, -1.0, -1.0, 0.0, -1.0, 3.0, 1.0, 1.0, 0.0, 0.812264149564, 1.0, 1.0, 3.0, 3.0, 1.06237646625, 0.0, 0.0, 3.0, 1.0, 1.0, 1.0, 2.0, 2.66934411993, 3.0, 1.99595254578, -1.0, -0.206254507911, -0.695330026922, -1.0, 0.0, -1.0, 1.0, 2.0, 96354.0, 563.0, 99511.0
1.5020377351, 0.0, 3.0, 2.0, 0.0, 0.0, 0.0, 3.0, -1.0, 1.0, 2.0, -0.41936151239, -0.382278822171, 1.0, 2.0, 1.0, 3.0, 2.0, 0.256886212703, 1.0, 3.0, 1.0, -1.0, 0.0, 3.0, 3.0, -1.0, 0.0, 2.0, 3.0, 2.0, -1.0, -0.299308642558, 2.0, 0.0, 3.0, 0.0, 0.0, -1.0, 1.0, 1.0, 1.0, -1.0, 2.0, 2.0, 1.54121909553, 2.0, 1.26363483093, 2.0, 1.0, 95937.0, 640.0, 99462.0
1.0, 0.0, 2.0, -1.0, 2.0, 0.56996435207, 1.0, 2.0, 3.0, 3.0, -0.135595133202, -1.0, -1.0, 1.0, -1.0, 1.0, 0.0, 1.0, 3.0, -1.0, 1.0, -1.0, 2.0, 2.0, 3.0, 1.0, 0.0, 3.0, -1.0, 0.0, 0.0112752104057, 0.0, -1.0, 2.98278150935, 0.0, 2.0, 1.2557130718, 1.7344377662, 0.0, 2.50422386849, 2.14855399091, 1.0, 0.0, 1.11819393289, 1.0, 0.114914010221, 2.0, 0.0, 0.790399591018, 1.23819276075, 96103.0, 594.0, 99489.0
-1.0, 0.984197229671, -0.237961844685, -1.0, 0.0, 0.0, -1.0, 2.0, -1.0, 0.0, 0.0, 0.0, -1.0, -1.0, 1.0, 1.0, 2.0, 2.0, 3.0, -1.0, 0.0, 1.0, 1.0, 2.0, 0.0, 2.0, -0.697048048292, 2.0, -1.0, -1.0, 3.0, 3.0, 2.0, 1.0, 2.0, -1.0, 3.0, 1.0, 0.0, 0.528384254501, 1.0, 2.64589695492, 2.0, 3.0, -1.0, -1.0, -1.0, -1.0, 0.0, 3.0, 96512.0, 503.0, 99559.0
0.0, 0.0, 3.0, 2.0, -0.0580190119819, 0.0, 0.0, 3.0, -1.0, 1.0, 2.0, 1.0, -1.0, 1.0, 2.0, 1.0, 3.0, 2.0, 1.0, 1.0, 3.0, 1.12609125859, -1.0, -0.636851443688, 3.0, 3.0, -1.0, 0.0, 2.0, 3.0, 0.105700357726, -1.0, 0.0, 2.0, 0.130329071639, 3.0, 1.24424726205, 0.0, -1.0, 1.0, 1.0, 1.0, -1.0, 2.0, 2.0, -1.0, 2.55345569908, 2.0, 2.0, -0.17051856925, 96193.0, 587.0, 99496.0
-1.0, 2.0, 1.0, -1.0, 0.0, 3.0, 0.0, 3.0, 3.0, 2.0, 0.5910626835, 2.0, -1.0, -0.451913972931, -1.0, 1.0, 1.0, 1.60228618389, 1.0, 1.0, 1.0, 1.0, 0.0, 1.0, 1.0, -1.0, 2.0, -1.0, 0.0, 1.18995005591, 0.437961329452, 0.0, 1.0, 2.0, 0.0, -1.0, 1.0, -1.0, 1.0, 3.0, 1.11021735571, 2.0, -0.179202883603, -1.0, 3.0, 3.0, 0.0, 2.0, 0.0, 2.0, 96176.0, 583.0, 99508.0
2.0, 2.0, 3.0, 3.0, 1.0, -1.0, 0.0, -1.0, -1.0, 0.0, -1.0, 1.0, -1.0, 2.0, 0.0, 3.0, 0.0, 0.0, 1.0, 1.0, 2.0, 1.586777707, 1.0, 1.0, 2.0, 2.0, 2.0, -1.0, 3.0, 0.0, 1.0, 0.0, 0.0, 3.0, 0.138541925545, 0.446833160551, 2.0, 3.0, 2.0, 0.0, 1.0, 2.0, -1.0, 3.0, 1.0, 0.0, 3.0, 1.75923098353, 3.0, 0.0, 96095.0, 621.0, 99470.0
-0.0135911281509, 2.0, 3.0, 3.0, 1.0, -1.0, 0.0, -1.0, -1.0, 0.0, -1.0, 2.67757330883, -1.0, 2.0, 0.0, 3.0, 0.0, 0.0, 1.0, 1.0, 1.08521416852, 1.586777707, 1.0, 1.0, 2.0, 2.0, 2.0, 0.488923296678, 3.0, 0.0, 1.0, 0.0, 1.4949405698, 3.0, 0.138541925545, 0.446833160551, -0.00113014713822, 3.0, 2.0, -0.0853862704298, 1.0, 2.0, 0.248133230504, 3.0, 1.0, 0.0, 3.0, 1.75923098353, 1.63467129899, 0.0, 95851.0, 658.0, 99454.0
-1.0, 0.466332290469, 0.741493716721, -1.0, 2.0, 1.0, 0.0, 0.0, 0.0, 3.0, 2.0, -1.0, 2.0, 1.0, -1.0, 1.0, 1.0, 2.16343108182, 0.0, 0.0, 1.0, -1.0, 3.0, 2.39396386005, 3.0, 1.0, 1.0, 0.55929567185, -1.0, 3.0, 1.0, 0.0, 0.0, 3.0, 1.0, 2.0, 0.0, -0.407643363319, 1.0, 2.56624269146, 1.0, -1.0, 0.0, 2.0, 3.0, 3.0, 3.0, -1.0, -1.0, -1.0, 96298.0, 575.0, 99507.0
1.5020377351, 0.0, 3.0, 0.471263935386, 0.0, 1.84110267446, 0.0, 3.0, -1.0, -0.997624510125, 2.0, -0.41936151239, -0.382278822171, 1.0, 2.0, 1.0, 3.0, 2.0, 0.256886212703, 1.0, 3.0, 1.0, 1.0, 0.0, 3.0, 1.2271798005, 0.812264149564, 2.0, 2.0, 3.0, 2.0, -1.0, -0.299308642558, 2.0, 0.736210693979, 3.0, 0.0, 0.0, -1.0, 1.0, 1.0, -1.0, -1.0, 2.0, 2.0, 1.54121909553, 2.0, 1.26363483093, 0.63277403515, 1.0, 95905.0, 644.0, 99455.0
-1.0, 1.19526908893, 0.0, -1.0, 0.0, 0.412401897268, -1.0, 2.0, -1.0, 0.0, 0.0, 0.0, -1.0, 0.0, 1.60095455867, 0.968795209191, 2.02567144439, 2.0, 1.71114775671, -1.0, 0.0, 1.0, 1.0, 2.0, 0.0, 2.21114666985, -1.0, 2.0, 0.941036659034, 1.121538649, 3.0, 3.0, 2.0, 1.0, 2.0, -1.0, 3.0, 1.0, 0.0, 0.58596017962, 1.0, 2.0, 2.0, 3.0, -1.0, -1.0, -1.0, -1.0, 0.0, 3.0, 96158.0, 545.0, 99522.0
1.0, 2.0, 0.999071045439, 1.0, -1.0, 0.266367444901, 2.0, 0.0, 0.0, -1.0, 1.17419038197, 0.0, 2.40923687353, -1.0, 2.0, -0.977376501, 3.0, -1.0, 3.0, -1.0, 1.0, -1.0, 1.96913080078, -1.0, 2.85528897591, 1.5092116565, 2.41363760495, -1.0, 2.0, 2.0, -0.846672922487, -1.0, -1.0, 1.99632808077, 0.0, -1.0, -1.0, 0.136741923727, 0.0, 0.160384408719, 2.0, -1.0, 1.66435372409, 0.0, 1.0, -1.0, -0.41044003322, -0.152322214689, 0.00995852221232, 1.53185854165, 96674.0, 491.0, 99595.0
1.0, 0.0, 0.0, -1.0, -1.0, 1.0, 1.2872577639, 2.0, -1.0, -1.0, 1.0, -1.0, -1.0, -1.0, 2.0, 2.13589420686, 3.0, 2.0, 1.0, -1.0, 1.0, 1.93668216045, 0.0, -1.0, 3.0, 1.59862736041, 0.0, 0.0, 0.841000420329, 3.0, 2.0, -1.0, -1.0, 3.0, 0.0, 2.0, 2.0, 0.0, 3.0, 2.0, -1.0, 0.0, -1.0, 2.0, -0.696060457947, -1.0, 0.0, 0.529735950434, 1.0, 0.768187853762, 96628.0, 500.0, 99561.0
2.45765314798, 2.0, 3.0, 0.0, -0.515738329025, 2.0, 2.0, 2.0, 2.0, 0.597367481042, 2.0, 2.0, -1.0, 3.0, -1.0, -1.0, 3.0, 0.292289777784, -1.0, -1.0, 0.0, -1.0, 3.0, 1.0, 1.0, 0.0, -1.0, 2.97488869207, 1.0, 3.0, 3.0, 0.364658811312, 0.0, 0.0, 3.0, 1.0, 1.0, 1.0, 2.0, 2.66934411993, 3.0, 1.99595254578, -1.0, 1.6847442185, -0.695330026922, -1.0, 0.0, -1.0, 1.0, 2.0, 96691.0, 533.0, 99534.0
1.0, 0.0, 2.0, -1.0, 2.0, 2.0, 1.0, 2.0, 3.0, 3.0, 0.0, -1.0, -1.0, 1.0, -1.0, 1.0, 0.0, 1.0, 3.0, -1.0, 1.0, -1.0, 2.0, 2.0, 3.0, 1.0, 0.0, 3.0, -1.0, 0.0, 0.0112752104057, 0.0, -1.0, 0.0, 0.0, 2.0, 1.0, 2.0, 0.0, 2.0, 2.0, 1.0, 0.0, 1.6223369668, 1.0, -1.0, 2.0, 0.0, 3.0, -0.0643682076316, 96181.0, 577.0, 99501.0
1.0, 0.0, 0.0, -1.0, -1.0, 1.0, 1.2872577639, 2.0, -1.0, -1.0, 1.0, -1.0, -1.0, -1.0, 2.0, 1.0, 3.0, 2.0, 1.0, -1.0, 1.0, 1.93668216045, 0.0, -1.0, 3.0, 1.59862736041, -0.261443009556, 0.0, -1.0, 3.0, 2.0, -1.0, -1.0, 3.0, 0.0, 2.0, 2.0, 0.0, 2.58888826848, 2.0, -1.0, 0.0, -1.0, 2.0, 3.0, -1.0, -0.911850643982, 2.0, 1.0, 0.768187853762, 96797.0, 489.0, 99579.0
3.0, -0.251782053083, 2.0, 3.0, 2.0, 1.0, 3.0, 0.0, -1.0, -1.0, -0.850726809407, 2.0, -1.0, 3.0, 1.81602494311, 0.392329274153, -1.0, 1.0, 3.0, 2.93202358409, 1.0, 0.0, 1.0, -1.0, 3.0, 2.0, 0.0, -1.0, 3.0, 1.0, 2.0, 1.13149434521, -1.0, 3.0, 3.0, 3.0, 0.450247675938, 0.660796879043, 1.0, 0.0, 0.0, -1.0, -0.627464460811, 2.339691456, -1.0, -1.0, 1.11984201611, -0.370586641435, 1.0, 1.64388282547, 96541.0, 543.0, 99524.0
2.0, 2.0, 3.0, 3.0, 1.0, -1.0, 0.0, -1.0, -1.0, 0.0, -1.0, 1.0, -1.0, 2.0, 0.0, 3.0, 0.0, 0.0, 1.0, 1.0, 2.0, 3.0, 1.0, 1.0, 2.0, 2.0, 2.0, -1.0, 3.0, 0.0, 1.0, 0.0, 0.0, 3.0, 1.0, 1.0, 2.0, 3.0, 2.0, 0.0, 1.0, 2.0, -1.0, 3.0, 1.0, 0.0, 3.0, -1.0, 3.0, 0.0, 96215.0, 610.0, 99478.0
2.0, 1.79887701308, 3.0, 3.0, 1.0, -1.0, 0.0, -1.0, -1.0, 0.0, -1.0, 1.0, -1.0, 2.0, 0.0, 3.0, -0.0960020853161, 0.0, 1.0, 1.0, 2.0, 3.0, 1.0, 1.0, 2.0, 2.0, 2.0, -1.0, 3.0, 0.0, 1.0, 0.0, 0.0, 3.0, 1.0, 1.0, 2.0, 3.0, 2.0, 0.0, 1.0, 2.0, -1.0, 3.0, 1.0, 0.0, 3.0, -1.0, 3.0, 0.0, 96215.0, 610.0, 99478.0
2.36779223835, 1.19526908893, 0.0, -1.0, 0.0, 0.412401897268, -1.0, 2.0, -1.0, 0.0, 0.0, -1.0, -0.305323009969, 0.0, 1.60095455867, 0.968795209191, 2.02567144439, 2.0, 1.71114775671, -1.0, 0.0, 1.08126754126, 1.0, 2.0, 0.0, 2.21114666985, -1.0, 2.0, 0.941036659034, 1.121538649, 3.0, 3.0, 2.0, 0.488709112725, 2.0, 2.0, 3.0, 1.0, 0.0, -0.998001585368, 1.0, 2.0, 2.0, 3.0, -1.0, -1.0, -1.0, -1.0, 0.0, 3.0, 96080.0, 562.0, 99512.0
-1.0, 1.19526908893, 0.0, -1.0, 0.0, 0.412401897268, -1.0, 2.0, -1.0, 0.0, 0.0, 0.0, -1.0, 0.0, 1.60095455867, 0.968795209191, 2.0, 2.0, 3.0, -1.0, 0.0, 1.0, 1.0, 2.0, 0.0, 2.21114666985, -1.0, 2.0, -1.0, 1.121538649, 3.0, 3.0, 2.0, 1.0, 2.0, -1.0, 3.0, 1.0, 0.0, 1.0, 1.0, 2.0, 2.0, 3.0, -1.0, -1.0, -1.0, -1.0, 0.0, 3.0, 96275.0, 528.0, 99536.0
0.0, 0.0, 3.0, 2.0, 0.567589535121, 0.778662979184, 0.0, 3.0, -1.0, 1.0, 2.0, 1.0, -1.0, 1.0, 1.00437593056, 1.0, 3.0, 2.0, 1.0, 1.0, 3.0, -1.0, -1.0, 0.0, 0.0, 3.0, -1.0, 0.0, 2.0, 3.0, 2.0, -1.0, -0.560403361131, 0.0, 0.0, 3.0, 0.0, 0.0, 1.84870136197, 0.796123763444, 1.0, 1.0, -1.0, 2.0, 2.0, -1.0, 2.0, 2.0, 2.0, 1.0, 96075.0, 588.0, 99496.0
0.464288352081, 1.0, 2.0, 2.0, 0.0, 1.0, 0.0, 0.484374829045, 0.0, 1.0, 1.0, 1.1164454096, -1.0, -1.0, -1.0, -1.0, 0.0, 1.0, 0.0, -1.0, -1.0, 0.0, -1.0, -1.0, 1.0, 3.0, -1.0, 2.0, 3.0, 1.0, -1.0, -1.0, -1.0, -1.0, 1.60255078667, 1.0, 2.0, -1.0, -0.735175466993, 2.0, 3.0, 1.0, -1.0, -0.639444182213, 1.0, 2.0, 1.38023044554, 2.0, -1.0, 3.0, 97199.0, 454.0, 99629.0
-1.0, 1.0, 0.0, -1.0, 0.0, 0.0, 0.0792218783306, 2.0, -1.0, -0.158477099944, 2.03467427276, 0.0, -1.0, 0.0, 1.0, 1.0, 2.0, 2.0, 3.0, -1.0, 0.0, 1.0, 1.0, 2.0, 0.0, 2.0, -1.0, 2.0, -1.0, -1.0, 3.0, 3.0, -0.946374435535, 1.0, 2.0, 0.49146247931, 3.0, 1.0, 0.0, 1.0, 1.0, 2.81821256876, 2.0, 3.0, -1.0, -1.0, -1.0, -1.0, 1.63467129899, 0.0, 96238.0, 528.0, 99540.0
3.0, -1.0, -1.0, 1.0, 3.0, 2.0, 2.0, 2.0, -1.0, 0.0, 0.0, 2.0, -0.672329853517, 0.0, -1.0, 3.0, -1.0, -1.0, -0.954661171429, 0.0, 2.0, -0.610881063028, 0.808053474235, -1.0, 1.03370978336, 1.00383937778, -1.0, 1.0, -1.0, 2.0, -1.0, 0.453722418856, 0.0, 2.0, 3.0, 1.0, 2.0, 0.0, 1.0, -1.0, 0.0, 1.0, 0.0, -1.0, 0.0, 2.0, -1.0, -1.0, -0.704730198236, 3.0, 97166.0, 461.0, 99627.0
2.0, 3.0, 3.0, 1.0, 1.0, 1.0, 3.0, -1.0, -1.0, 0.0, -1.0, 1.0031586921, -1.0, 3.0, 3.0, 2.65854513707, -0.371008365938, 1.0, -0.385272905295, -1.0, 3.0, 2.0, 2.77730441946, -1.0, -0.295834180122, 0.824968265786, 0.0, 2.0, -1.0, -1.0, -0.517266474381, 0.0, 2.0, -0.145304942937, 0.0, 1.0, 0.0, 2.73227444224, 3.0, 0.0, 3.0, -1.0, 2.0, 2.69478831474, -1.0, 2.10723264543, 2.59761893249, 1.0, 1.0, 0.191041992853, 96609.0, 555.0, 99513.0
2.0, 1.0, 2.0, 2.0, 0.0, 1.0, 0.0, 2.15970785922, 0.0, 1.62094857342, 1.0, 1.0, -1.0, -1.0, 1.0, -1.0, 0.0, 1.0, 0.0, -1.0, -1.0, 0.0, -1.0, -1.0, 1.0, 3.0, -1.0, 2.0, 3.0, 1.0, -1.0, -1.0, -1.0, -1.0, 3.0, 1.0, 2.0, -1.0, 0.0, 2.0, 3.0, 0.269132512509, -1.0, 0.0, 1.0, -1.0, 0.0532633716098, 2.0, -1.0, 3.0, 96983.0, 488.0, 99604.0
1.0, 0.0, 0.0, -1.0, -1.0, 1.68856648914, 0.41499872705, 2.50962243442, -1.0, -1.0, 1.0, -1.0, -1.0, -1.0, 2.69129577708, -0.977178977708, 3.0, 2.0, 1.0, -1.0, 1.0, 1.93668216045, 0.0, -1.0, 3.0, 1.59862736041, -0.261443009556, 0.0, -1.0, 3.0, 2.0, -1.0, -1.0, 3.0, 0.0, 2.0, 2.0, 0.0, 2.58888826848, 2.0, -1.0, 0.0, -1.0, 2.0, 3.0, -1.0, -0.911850643982, 2.0, 1.0, 0.768187853762, 97016.0, 472.0, 99596.0
1.5020377351, 0.0, 3.0, -0.848384385769, 0.0, 0.0, -0.045677439559, 3.0, -1.0, 1.0, 2.0, 1.1721238755, -0.382278822171, 1.0, 2.0, 1.0, 3.0, 2.0, 0.488690893175, 1.0, 3.0, 1.0, -1.0, 0.0, 3.0, 3.0, -1.0, 0.0, 2.0, 3.0, 2.0, -1.0, -0.872528179301, 2.0, 0.0, 3.0, 0.0, 0.0, -1.0, 1.0, 1.0, 1.0, -1.0, 2.0, 2.0, -1.0, 2.0, 2.0, 2.66900174496, 1.0, 96238.0, 593.0, 99490.0
2.0, 3.0, 3.0, 1.0, 1.0, 1.0, 3.0, -1.0, -1.0, 0.0, -1.0, 0.0, -1.0, 3.0, 3.0, 2.0, 2.0, 1.0, 2.0, -1.0, 3.0, 2.0, 2.0, -1.0, 0.0, 1.0, 0.0, 2.0, -1.0, -1.0, 1.0, 0.0, 2.0, 0.0, 0.0, 1.0, 0.0, 1.0, 3.0, 0.0, 3.0, -1.0, 2.0, 3.0, -1.0, 2.0, 3.0, 1.0, 1.0, 3.0, 96511.0, 571.0, 99501.0
1.79022752956, 2.0, 2.0, 3.0, 2.0, 1.0, 3.0, 0.0, -1.0, -1.0, -0.850726809407, 2.0, -1.0, 3.0, 1.81602494311, 0.392329274153, -1.0, 1.0, 3.0, 2.93202358409, 1.0, 0.0, -0.765256579236, -1.0, 3.0, 2.0, -0.967275299741, 2.31597258768, 3.0, 1.0, 0.994109641344, 2.0, -1.0, 3.0, 3.0, 3.0, 0.561400935829, -0.754872124136, 1.0, 0.0, 0.0, -1.0, -1.0, 1.0, -1.0, -1.0, 0.0, -1.0, 1.0, 0.525177663038, 96843.0, 503.0, 99558.0
-0.802180305865, 2.0, 2.0, 1.0, 2.0, -1.0, -0.576827018471, 0.0, 0.0, -1.0, -1.0, 0.0, 1.0, -1.0, 2.0, -0.907352542319, 3.0, -1.0, 3.0, 3.0, 0.0, -1.0, 1.0, -1.0, 2.51371819092, 0.0, 0.0, -1.0, 2.0, 2.0, -1.0, -1.0, -1.0, -1.0, 0.0, -1.0, -1.0, -1.0, -1.0, 0.915126629247, 2.0, -1.0, 0.0, 0.0, 1.0, 3.0, 1.0, 1.43237581124, 1.0, 2.0, 97371.0, 446.0, 99648.0
-1.0, 1.0, 0.0, -1.0, 0.0, 0.0, -1.0, 2.0, -1.0, 0.0, 0.0, 0.0, -1.0, 0.0, 1.0, 1.0, 2.0, 2.0, 3.0, -1.0, 0.0, 1.0, 1.0, 2.0, 0.0, 2.0, -1.0, 2.0, -1.0, -1.0, 3.0, 3.0, 2.0, 1.0, 2.0, -1.0, 3.0, 1.0, 0.0, 1.0, 1.0, 2.0, 2.0, 3.0, -1.0, -1.0, -1.0, -1.0, 0.0, 3.0, 96356.0, 516.0, 99548.0
0.0, 0.0, 3.0, 2.0, 0.0, 0.0, 0.0, 3.0, -1.0, 1.0, 2.0, 1.0, -1.0, 1.0, 2.0, 1.0, 3.0, 2.0, 1.0, 1.0, 3.0, 1.0, -1.0, 0.0, 3.0, 3.0, -1.0, 0.0, 2.0, 3.0, 2.0, -1.0, 0.0, 2.0, 0.0, 3.0, 0.0, 0.0, -1.0, 1.0, 1.0, 1.0, -1.0, 2.0, 2.0, -1.0, 2.0, 2.0, 2.0, 1.0, 96076.0, 604.0, 99482.0
0.0, 0.0, 3.0, 2.0, 0.567589535121, 0.0, 0.0, 3.0, -1.0, 1.0, 2.0, 1.0, -1.0, 1.0, 1.00437593056, 1.0, 3.0, 2.0, 1.0, 1.0, 3.0, 1.0, -1.0, 0.0, 0.0, 3.0, -1.0, 0.0, 2.0, 3.0, 2.0, -1.0, 0.0, 0.0, 0.0, 3.0, 0.0, 0.0, 1.84870136197, 0.796123763444, 1.0, 1.0, -1.0, 2.0, 2.0, -1.0, 2.0, 2.0, 2.0, 1.0, 95819.0, 620.0, 99471.0
1.0, 0.0, 0.0, -1.0, 0.106691994185, 0.0, 3.0, 2.0, -1.0, -1.0, 1.0, -1.0, -1.0, -1.0, 2.0, -0.546942631632, 3.0, 2.0, 1.0, -1.0, 1.0, 2.0, 0.0, -1.0, 3.0, 1.0, 0.0, 0.0, -1.0, 3.0, 2.0, -1.0, -1.0, 3.0, 0.0, 2.0, 2.0, -0.468354558698, 3.0, 2.0, 0.0, 0.0, -1.0, 2.0, 3.0, -0.706828911578, 0.0, 2.0, 1.0, 0.0, 96493.0, 507.0, 99555.0
1.0, 2.0, 2.0, 1.0, -0.98195479626, -1.0, 2.0, 0.0, 0.0, -1.0, -1.0, 0.0, -1.0, -1.0, 2.0, 0.0, 3.0, -1.0, 3.0, 3.0, 0.0, -1.0, 1.0, -1.0, 2.0, -0.20540177133, 0.0, -1.0, 2.0, 2.0, -1.0, -1.0, -1.0, -1.0, 0.0, -1.0, -1.0, -1.0, -1.0, 1.0, 2.0, -1.0, 0.0, 0.0, 1.0, 3.0, 1.0, 2.0, 1.0, 2.0, 97125.0, 458.0, 99632.0
2.0, 2.0, 3.0, 3.0, 1.0, -1.0, 0.0, -1.0, -1.0, 0.0, -1.0, 2.67757330883, -1.0, 2.0, 0.0, 3.0, 0.0, 0.0, 1.0, 1.0, 2.0, 1.586777707, 1.0, 1.0, 2.0, 2.0, 2.0, 0.488923296678, 3.0, 0.0, 1.0, 0.0, 0.443932157781, 3.0, 0.138541925545, 0.446833160551, 2.13018189372, 3.0, 2.0, -0.0853862704298, 1.0, 2.0, 0.248133230504, 3.0, 1.0, 0.0, 3.0, 1.75923098353, 1.63467129899, 0.0, 95965.0, 658.0, 99454.0
2.06723159771, -1.0, 0.0, 3.0, 1.0, 0.0, 2.0, 2.0, 2.0, 2.0, 1.93784498094, 3.0, 1.0, 2.0, 2.0, 2.0, 1.53942398553, 1.0, 1.0, 2.38081246512, 0.0, 3.0, -1.0, 1.0, 3.0, 3.0, -1.0, 1.0, 0.0, 0.0, -1.0, 3.0, 2.0, 0.0, 0.0, 0.583214293141, 1.0, 1.0, 2.47749558399, 0.0, -1.0, 2.0, 0.0, 3.0, -0.254290414697, 2.0, 2.0, 3.0, 1.0, -0.195487053574, 95956.0, 663.0, 99468.0
-0.949597425879, 1.09190923168, 1.0, -1.0, -1.0, 1.0, 1.0, 0.0, -0.84491101852, 3.0, -1.0, -0.275112521479, 2.0, 3.0, -1.0, 3.0, -0.635343545143, -1.0, 3.0, 1.24238312942, 2.6179032317, 1.0, -0.873938110434, -1.0, 2.9340880703, 3.0, 1.67532985689, 1.0, 1.0, 3.0, 1.86345713748, 0.215568709898, -0.831476763374, 1.74808651038, 2.0, 1.38367963804, 2.38593468967, -1.0, 1.0, 2.05125019737, 2.0, 2.24117350612, -1.0, 0.0, 1.05794003357, 0.0, -0.601700206239, 2.0, -1.0, -1.0, 97252.0, 495.0, 99590.0
2.0, 0.0, -1.0, 3.0, 1.0, 0.0, 0.0, 2.0, 1.0, 2.57221912096, 0.0, -1.0, 0.96404592253, -1.0, -0.67343181589, 3.0, 2.0, 1.39840291553, 2.23609716855, 1.82417322163, 0.783471069454, 3.0, 1.0, 1.0, 0.0, 3.0, 2.0, 3.0, -0.0136583721455, 0.0, 0.0, 0.0, 2.0, 1.0, 1.38961593726, 0.15472202987, 2.0, 0.0, -1.0, 1.0, 0.0, -1.0, -1.0, 3.0, 2.0, 1.0, 1.0, 1.26363483093, 2.0, 1.0, 95896.0, 625.0, 99473.0
-1.0, 1.0, 0.0, -1.0, 0.0, 0.0, -1.0, 2.0, -1.0, 0.0, 2.03467427276, 0.0, -1.0, 0.0, -1.0, 1.0, 2.0, 2.0, 3.0, -1.0, 1.1786130405, 1.0, 1.0, 2.0, 0.0, 1.51064029874, -1.0, 2.0, -1.0, -1.0, 3.0, 3.0, -0.946374435535, 0.664537559994, 2.0, -1.0, 3.0, 1.0, 0.0, 1.0, 1.0, 2.0, 2.0, 3.0, -1.0, 2.44593498852, -1.0, -1.0, 0.944069758208, 3.0, 96634.0, 501.0, 99562.0
1.0, 2.0, 2.0, 1.0, -0.98195479626, -1.0, 2.0, 0.0, 0.0, -1.0, 0.6016108942, 0.424276251758, -1.0, -1.0, 2.0, 0.0, 3.0, -1.0, 2.70107496725, 3.0, 1.20855365874, -1.0, -0.765256579236, -1.0, 2.0, -0.20540177133, 0.0, 0.33910044378, 2.0, 2.0, -1.0, -1.0, -1.0, -1.0, 0.0, -1.0, -1.0, -1.0, -1.0, 1.0, 2.0, -1.0, 0.0, 0.0, 1.0, 3.0, 1.0, 2.0, 0.391883814653, 2.0, 97047.0, 478.0, 99625.0
-0.949597425879, 1.09190923168, 1.0, -1.0, -1.0, 1.0, 1.0, 0.0, -0.84491101852, 3.0, -1.0, -0.275112521479, 2.0, 3.0, -1.0, 3.0, -0.635343545143, -1.0, 3.0, 1.24238312942, 2.6179032317, 1.0, -0.873938110434, -1.0, 1.49110395463, 3.0, 1.67532985689, 1.0, 1.0, 3.0, 1.86345713748, -1.0, -0.831476763374, 1.74808651038, 2.0, 1.38367963804, 2.38593468967, -1.0, 1.0, 2.0, 2.0, 2.0, -1.0, 0.0, 0.0, 0.0, 0.0, 2.0, -1.0, -1.0, 97132.0, 496.0, 99586.0
2.0, 1.44253412681, 2.0, 2.0, -0.464464378492, 2.61005013458, 0.0, 2.15970785922, 0.0, 1.62094857342, -0.649770848756, 2.39504993177, -1.0, -1.0, 0.582399570642, -1.0, 0.0, 1.0, 0.0, -1.0, -1.0, -1.0, -1.0, -1.0, 1.0, 3.0, -1.0, 2.0, 3.0, 1.0, -1.0, -1.0, 0.0, -1.0, 3.0, 1.0, 2.0, -1.0, 0.0, 2.0, 3.0, 0.269132512509, -1.0, 0.0, 1.0, -1.0, 0.0532633716098, 2.0, -1.0, 3.0, 97114.0, 472.0, 99608.0
1.5020377351, 0.0, 3.0, 2.0, 0.0, 1.84110267446, 0.0, 3.0, -1.0, -0.997624510125, 2.0, -0.41936151239, -0.382278822171, 1.0, 2.0, 1.0, 3.0, 2.0, 0.256886212703, 1.0, 3.0, 1.0, -1.0, 0.0, 3.0, 1.2271798005, 0.812264149564, 0.0, 2.0, 3.0, 2.0, -1.0, -0.299308642558, 2.0, 0.0, 3.0, 0.0, 0.0, -1.0, 1.0, 1.0, 1.0, -1.0, 2.0, 2.0, 1.54121909553, 2.0, 1.26363483093, 2.0, 1.0, 95971.0, 647.0, 99463.0
1.0, 0.0, 2.0, -1.0, 2.0, 0.56996435207, 1.0, 2.0, 3.0, 1.26941908564, -0.135595133202, -1.0, 0.0714184369673, 1.0, -1.0, 1.0, 0.0, 1.0, 3.0, -1.0, 1.0, -1.0, 2.0, 2.0, 3.0, 1.0, 0.192465955804, 3.0, -1.0, 0.0, 0.0112752104057, 0.0, -1.0, 2.98278150935, 0.0, 2.0, 1.2557130718, 1.7344377662, 0.0, 2.72580802846, 2.14855399091, 1.0, 0.0, 1.82133678247, 1.0, 0.114914010221, 2.0, 0.0, 0.790399591018, 0.669379765465, 96026.0, 613.0, 99481.0
2.0, 3.0, 3.0, 1.0, 1.0, 1.0, 2.17770465585, -1.0, -1.0, 0.0, -1.0, 0.0, -1.0, 3.0, 3.0, 2.0, 2.0, 1.0, -0.385272905295, -1.0, 3.0, 2.0, 2.0, -1.0, -0.295834180122, 0.824968265786, 0.0, 2.0, -1.0, -1.0, 1.0, 0.0, 2.0, -0.582635766048, 0.0, 1.0, 0.0, 2.73227444224, 3.0, 0.0, 3.0, -1.0, 2.0, 3.0, -1.0, 2.0, 2.59761893249, 1.0, 1.0, 3.0, 96730.0, 561.0, 99519.0
2.0, 1.0, 2.0, 2.0, -0.464464378492, 1.0, 0.0, 2.15970785922, 0.0, 1.62094857342, -0.649770848756, 2.39504993177, -1.0, -1.0, 0.582399570642, -1.0, 0.0, 1.0, 0.0, -1.0, -1.0, 0.0, -1.0, -1.0, 1.0, 3.0, -1.0, 2.0, 3.0, 1.0, -1.0, -1.0, 0.0, -1.0, 3.0, 1.0, 2.0, -1.0, 0.0, 2.0, 3.0, 0.269132512509, -1.0, 0.0, 1.0, -1.0, 0.0532633716098, 2.0, -1.0, 3.0, 96948.0, 490.0, 99597.0
1.0, 0.0, 0.0, -1.0, -1.0, 1.0, 3.0, 0.263393458406, -1.0, 1.04302924653, 1.0, -1.0, -1.0, -1.0, 2.0, 2.43975555596, 3.0, 2.0, 1.0, -1.0, 1.0, 2.0, 0.0, -1.0, 3.0, -0.867287715034, 0.0, 0.0, -1.0, 3.0, 2.0, -1.0, 0.0466024070759, 3.0, 0.0, 2.0, 2.37608610068, 0.0, 3.0, 2.0, 0.0, 0.0, -1.0, 2.0, 3.0, -1.0, 0.0, 2.0, 1.0, 0.0, 96379.0, 521.0, 99539.0
-1.0, 1.19526908893, 0.0, -1.0, 0.0, 0.412401897268, -1.0, 2.0, -1.0, 0.0, 0.0, 0.788694616272, -1.0, 0.0, 1.60095455867, 0.968795209191, 2.0, 2.0, 3.0, -1.0, 0.0, 1.0, 1.0, 2.0, 0.0, 2.21114666985, -1.0, 2.0, -1.0, 1.121538649, 3.0, 3.0, 2.0, 1.0, 2.0, -1.0, 3.0, 1.79715008127, 0.0, 1.0, 1.0, 1.86791436953, 2.0, 3.0, -1.0, -1.0, -1.0, -1.0, 0.0, 3.0, 96344.0, 528.0, 99536.0
1.0, 2.0, 0.999071045439, 1.0, 2.0, -1.0, 2.0, 0.0, 0.0, -1.0, -1.0, 0.0, 2.40923687353, -1.0, 2.0, 0.0, 3.0, -1.0, 3.0, 3.0, 0.0, -1.0, 1.0, -1.0, 2.0, 0.0, 0.0, -1.0, 2.0, 2.0, -0.846672922487, -1.0, -1.0, 1.99632808077, 0.0, -1.0, -1.0, -1.0, -1.0, 1.0, 2.0, -1.0, 0.0, 0.0, 1.0, 3.0, 0.218809589741, 2.0, 1.0, 2.0, 96823.0, 499.0, 99593.0
1.57033612022, 2.0, 3.0, 3.0, 0.0, -1.0, 0.0, -1.0, -0.838434852935, 0.0, -1.0, 2.79544916389, -1.0, 2.0, 0.0, 3.0, 0.0, 2.88547853218, 1.0, 1.0, 2.0, 1.59185881977, 1.0, 1.0, 2.0, 2.0, 2.0, 0.488923296678, 3.0, 0.0, 1.0, 2.37665187149, 0.443932157781, 3.0, 0.138541925545, 0.446833160551, 1.0, -1.0, 2.0, -0.0853862704298, 1.0, 2.0, 1.0784046708, 3.0, 1.0, -0.123992128595, 3.0, 1.70803764501, -0.0167432240036, 3.0, 96129.0, 639.0, 99470.0
1.49138779644, 0.0, 0.0, -1.0, -1.0, 1.0, 2.27219141641, 2.0, -1.0, 3.0, 1.0, -1.0, -1.0, -1.0, 1.61636903976, 1.0, 3.0, 2.0, 1.0, -1.0, 1.0, 2.0, 0.0, -1.0, 3.0, 1.60723809719, 1.07254484097, 0.0, -1.0, 3.0, 2.0, -1.0, -1.0, 3.0, 0.493636235911, -0.727239698058, 2.0, 0.0, 3.0, 2.0, 0.0, 0.0, -1.0, 2.0, 3.0, -1.0, 0.0, 2.0, 1.0, 0.0, 96597.0, 510.0, 99554.0
-1.0, 0.984197229671, 0.0, -1.0, 0.0, 0.0, -1.0, 2.0, -1.0, 0.0, 0.0, 0.0, -1.0, 0.0, 1.0, 1.0, 2.0, 2.0, 3.0, -1.0, 0.0, 1.0, 1.0, 2.0, 0.0, 2.0, -1.0, 2.0, -1.0, -1.0, 3.0, 3.0, 2.0, 1.0, 2.0, -1.0, 3.0, 1.0, 0.0, 0.528384254501, 1.0, 2.64589695492, 2.0, 3.0, -1.0, -1.0, -1.0, -1.0, 0.0, 3.0, 96359.0, 516.0, 99548.0
2.0, 1.0, 2.0, 2.0, 0.0, 1.0, 0.0, 2.0, 0.0, 1.0, 1.0, 1.0, -1.0, -1.0, -1.0, -1.0, 0.0, 1.0, 0.0, -1.0, -1.0, 0.0, -1.0, -1.0, 1.0, 3.0, -1.0, 2.0, 3.0, 1.0, -1.0, -1.0, -1.0, -1.0, 3.0, 1.0, 2.0, -1.0, 0.0, 2.0, 3.0, 1.0, -1.0, 0.0, 1.0, 2.0, 2.0, 2.0, -1.0, 3.0, 97098.0, 487.0, 99604.0
1.0, 0.0, 0.0, -1.0, -1.0, 1.0, 3.0, 2.0, -1.0, -1.0, 1.0, -1.0, -1.0, -1.0, 2.0, 1.0, 3.0, 2.0, 1.0, -1.0, 1.0, 2.0, 0.0, -1.0, 3.0, 1.0, 0.0, 0.0, -1.0, 3.0, 2.0, -1.0, -1.0, 3.0, 0.0, 2.0, 2.0, 0.0, 3.0, 2.0, 0.0, 0.0, -1.0, 2.0, 3.0, -1.0, 0.0, 2.0, 1.0, 0.0, 96519.0, 512.0, 99551.0
2.0, 3.0, 3.0, 1.0, 1.0, 1.0, 3.0, -1.0, -1.0, 0.0, -1.0, 0.0, -1.0, 3.0, 3.0, 2.0, 2.0, 1.0, -0.593659248184, -1.0, 3.0, 2.0, 2.0, -1.0, 0.0, 1.0, 0.0, 2.0, -1.0, -0.536511879714, 1.0, -0.77557309771, 2.0, 0.0, 0.0, 1.0, 0.0, 1.0, 3.0, 0.0, 3.0, -1.0, 2.68117546175, 3.0, -1.0, 2.0, 0.0510698430363, 1.0, 1.0, 3.0, 96589.0, 545.0, 99524.0
1.0, 2.0, 0.999071045439, 1.0, 2.0, -1.0, 2.0, 0.0, 0.0, -1.0, -1.0, 0.0, 2.40923687353, -1.0, 2.0, 0.0, 3.0, -1.0, 3.0, 3.0, 0.0, -1.0, 1.96913080078, -1.0, 2.0, 0.0, 2.29616085444, -1.0, 2.0, 2.0, -0.846672922487, -1.0, -1.0, 1.99632808077, 0.0, -1.0, -1.0, -1.0, -1.0, 0.160384408719, 2.0, -1.0, 0.0, 0.0, 1.0, -1.0, -0.41044003322, 2.0, 1.0, 2.0, 96902.0, 482.0, 99605.0
1.5020377351, 0.0, 3.0, 2.0, 0.0, 0.0, 0.0, 3.0, -1.0, 1.0, 2.0, 1.0, -0.382278822171, 1.0, 2.0, 1.0, 3.0, 2.0, 1.0, 1.0, 3.0, 1.0, -1.0, 0.0, 3.0, 3.0, -1.0, 0.0, 2.0, 3.0, 2.0, -1.0, -0.299308642558, 2.0, 0.0, 3.0, 0.0, 0.0, -1.0, 1.0, 1.0, 1.0, -1.0, 2.0, 2.0, -1.0, 2.0, 2.0, 2.0, 1.0, 96066.0, 623.0, 99474.0
0.0, 3.0, 2.0, 1.0, 3.0, 2.0, 2.0, -1.0, 2.0, 3.0, -1.0, -0.298630756123, -1.0, 1.0, 2.0, 0.0, 2.0, -1.0, 2.66851677121, -0.761640458031, 2.0, -1.0, 2.25961421153, 1.73331434762, 3.0, -1.0, 1.0, 1.3649433776, -1.0, 0.0, 3.0, -1.0, 1.0, 0.517890660957, 2.0, 0.0, 1.0, 1.0, -1.0, 2.0, 0.0, -1.0, 2.95617388526, 3.0, 1.0, 0.0, 1.0, -1.0, 2.27821683298, 0.0, 96459.0, 553.0, 99524.0
1.0, 0.0742210006246, 2.0, -1.0, 2.0, 0.56996435207, 1.0, 2.0, 3.0, 3.0, -0.135595133202, -1.0, -1.0, 1.0, -1.0, 1.0, 0.0, 1.0, 3.0, -1.0, 1.0, -1.0, 2.0, 2.0, 3.0, 1.0, 0.0, 3.0, -1.0, 0.0, 0.0112752104057, 0.0, -1.0, 2.98278150935, 2.16999113705, 2.0, 1.2557130718, 1.7344377662, 0.0, 2.63559088791, 2.14855399091, 1.0, 0.0, 1.11819393289, 1.0, 0.114914010221, 2.0, 0.0, 0.790399591018, 1.23819276075, 96179.0, 594.0, 99489.0
2.0, 0.0, 1.0, -1.0, 0.0, 0.0, 0.0, 3.0, 2.0, -1.0, 0.0, 0.0, 1.0, -1.0, 2.0, -1.0, 3.0, 0.597668437855, 1.0, -1.0, 2.0, 3.0, 1.0, 1.0, 2.0, -1.0, 3.0, 2.0, 1.0, 2.0, -1.0, 1.0, 2.0, -0.470164670539, 0.0, 0.0, 0.0, 1.0, 2.0, 0.0, 0.0, 3.0, 2.21343927474, 1.0, -1.0, 2.85449235485, 3.0, 3.0, 0.799763908639, 1.0, 95928.0, 607.0, 99491.0
2.0, 0.0, 0.404938114208, -1.0, 1.98453667282, 0.0, 0.0, 3.0, 2.0, -1.0, 0.0, -0.853339252683, 1.0, 0.0, 2.0, -1.0, 3.0, 3.0, 3.0, -1.0, 2.0, 3.0, 1.0, 1.0, 2.0, -1.0, 3.0, -0.335751832342, 1.90914312908, 2.0, -1.0, 1.0, 2.0, 1.0, 0.845138200182, 0.0, 0.0, 1.0, 0.7203451606, 0.0, 2.76597546291, 3.0, 3.0, 1.0, -1.0, 3.0, 3.0, 3.0, 0.0, 1.0, 96126.0, 602.0, 99493.0
0.0, 0.0, 3.0, 2.0, 0.0, 0.0, 0.0, 3.0, -1.0, 1.0, -0.00458273525356, 1.0, -1.0, 0.673447339064, 2.0, 1.0, 3.0, 2.0, 1.0, 1.0, 3.0, 1.12609125859, -1.0, -0.636851443688, 3.0, 3.0, -1.0, -0.00579385015047, 2.0, 3.0, 2.0, -1.0, 0.0, 2.0, 0.0, 3.0, 2.52280809907, 0.0, -1.0, 1.0, 1.0, 1.0, -1.0, 1.48468350946, 2.0, -1.0, 2.55345569908, 2.0, 2.0, 1.75517053466, 96252.0, 587.0, 99496.0
0.0, 0.0, 2.0, 1.0, 1.0, -0.0280498088281, 1.0, 0.0, 2.0, -1.0, 3.0, 3.0, -1.0, 3.0, -1.0, 2.0, -1.0, 1.0, 1.0, 2.0, 2.0, 1.0, 0.0, 0.0, 0.0, -1.0, -0.955098688294, 3.0, 0.0, 2.89976366013, 0.0, 3.0, 1.0, 0.0, 3.0, 2.0, 0.0, 3.0, 1.18218826154, 3.0, 2.0, 2.0, -1.0, 3.0, 0.0, 1.0, 1.0, -1.0, 3.0, -1.0, 96231.0, 593.0, 99498.0
1.0, 2.0, 0.999071045439, 1.42143815892, 2.0, -1.0, 2.0, 0.0, 0.0, 0.792635287461, -1.0, -0.847255780912, 2.40923687353, -0.755419066464, 2.0, 0.0, 2.28892041331, -1.0, 3.0, 3.0, 0.0, -1.0, 1.0, -1.0, 2.0, 0.0, 0.0, -1.0, 2.0, 2.0, -0.846672922487, -1.0, -1.0, 1.99632808077, 0.0, -1.0, -1.0, -1.0, -1.0, 1.0, 2.0, -1.0, 0.0, 0.0, 1.0, 3.0, 0.218809589741, 2.0, 1.0, 2.0, 96864.0, 492.0, 99595.0
2.0, 1.79887701308, 3.0, 3.0, 1.0, -1.0, 0.385438000209, -1.0, -1.0, 0.0, 1.61714536007, 1.0, -1.0, 2.0, 1.34412038343, 3.0, 0.393626810096, 0.0, 1.0, 1.0, 2.0, 3.0, 1.0, 1.31611814653, 2.35098617465, 2.0, 2.0, -1.0, 3.0, 0.0, 1.0, 0.0, 0.0, 3.0, 1.0, 0.265241637136, 2.0, 3.0, 2.0, 1.23005279507, 1.0, 2.70968534896, -1.0, 3.0, 1.0, 0.0, 3.0, -0.61456060678, 3.0, -0.364643446717, 96187.0, 622.0, 99471.0
-0.0712040442506, 3.0, 2.31906357359, 1.0, 2.46138382089, 1.0, 3.0, -0.611970293895, -1.0, 0.0, -1.0, 0.0, -1.0, 3.0, 3.0, 2.0, 2.0, 1.0, 2.0, -1.0, 2.59883582769, 2.0, 2.0, -1.0, 3.0, 1.0, 0.0, 2.0, -1.0, -1.0, 1.0, 0.0, 2.0, 2.0, 0.0, -0.251246728764, 0.0, 1.0, 3.0, 0.0, 3.0, -1.0, 2.0, 3.0, -1.0, 2.0, 3.0, 1.0, 1.0, 3.0, 96581.0, 571.0, 99501.0
0.0, 2.0, 1.0, 2.0, 2.0, 0.0, 1.0, 2.0, 1.67492069409, 0.0, 1.0, 2.0, 1.0, -1.0, 2.20071220232, -1.0, -0.0456985713277, 0.0, 1.0, 3.0, 1.0, -0.959824756598, 1.22634222149, 2.10020745389, 0.0, 3.0, 0.0, -1.0, 3.0, 0.0, 3.0, 3.0, 3.0, 3.0, 0.0, 2.0, 1.64312389956, -0.618735499814, -1.0, 1.7276214674, 0.0, -1.0, -1.0, -0.0383079359422, 1.0, 3.0, 1.8256771255, 2.0, -1.0, 1.0, 96322.0, 583.0, 99506.0
2.0, 0.0, 0.404938114208, -1.0, 0.0, 0.0, 0.0, 3.0, 2.0, -1.0, 0.0, -0.853339252683, 1.0, -1.0, 2.0, -1.0, 3.0, 3.0, 2.15212668794, -1.0, 2.0, 3.0, 1.0, 1.0, 2.0, -1.0, 3.0, -0.335751832342, 1.0, 2.0, -1.0, 1.0, 2.0, 1.0, 0.845138200182, 0.0, 0.0, 1.0, 2.0, 0.0, 0.0, 3.0, 3.0, 1.0, -1.0, 3.0, 3.0, 3.0, 0.0, 1.0, 96111.0, 589.0, 99504.0
3.0, 2.0, 2.0, 3.0, 2.0, 0.118764459647, 3.0, 0.0, -1.0, -1.0, 0.0, 2.0, -1.0, 3.0, 2.0, 0.0, -1.0, 1.0, 3.0, 1.96535544217, 1.0, 0.0, 1.0, -1.0, 3.0, 2.0, 0.0, 2.0, 3.0, 1.0, 2.0, 2.0, -1.0, 3.0, 3.0, 3.0, 2.0, 1.0, 1.0, 0.0, 0.0, 3.0, -1.0, 1.0, -1.0, -1.0, 0.0, -1.0, 1.0, 1.0, 96400.0, 577.0, 99511.0
0.0, 0.0, 2.10142467342, 1.0, 2.0, 1.0, -1.0, 2.42798803445, 3.0, -1.0, -1.0, 0.0, 2.0, 2.26935655533, -1.0, 1.0, 2.0, 0.367480500672, 0.0, -0.941588084472, -1.0, 3.0, 1.0, 0.0, 1.0, 3.0, -0.306536921428, -0.429952642577, 2.18768285, 2.0, 1.0, 3.0, 1.0, -0.0845022388586, 1.0, 1.40521806529, -1.0, 2.0, 0.0, 0.0, 2.0, 2.0, -1.0, 1.0, -1.0, 0.0, 0.103484684833, -1.0, 3.0, -1.0, 96090.0, 567.0, 99515.0
1.0, 2.0, 2.0, 1.0, -0.98195479626, -1.0, 2.0, 0.0, 0.0, -0.360219012211, -1.0, 0.0, -1.0, -1.0, 2.0, 0.0, 3.0, -1.0, 3.0, 3.0, 0.0, -1.0, 1.0, -1.0, 2.0, -0.20540177133, 0.0, -1.0, 2.0, 2.0, -1.0, -1.0, -1.0, -1.0, 0.0, -1.0, -1.0, 1.0, -1.0, 1.0, 2.0, -1.0, 0.0, 0.0, 2.39114920622, 3.0, 1.0, 2.0, -0.342680768273, 2.0, 96858.0, 488.0, 99605.0
-0.725039299788, 0.0, 2.0, -1.0, 2.38200051631, 2.0, 1.0, 2.0, 3.0, 3.0, 0.0, -1.0, -1.0, 1.0, -1.0, 1.0, 0.0, 1.0, 3.0, -1.0, 1.0, -1.0, 2.0, 2.0, 2.34583351239, -0.0266330190075, 0.0, 3.0, -1.0, 0.0, 0.0112752104057, 1.86455749751, -1.0, 0.0, 0.0, 2.0, 1.0, 2.0, 0.0, 2.0, 2.0, 1.0, 0.0, 1.6223369668, 1.0, -1.0, 2.0, 0.0, 3.0, -0.0643682076316, 96296.0, 564.0, 99513.0
1.0, 0.0, 3.0, -1.0, -1.0, 0.0, 2.3237174179, 1.0, 1.18167468892, 1.0, -1.0, -0.218425398942, 0.0, 1.0, 1.0, 0.0, 0.0, 2.0, 2.0, 0.0, 1.0, 1.16020823739, 1.0, -1.0, 2.0, 0.0, 3.0, -1.0, 2.0, 0.104580606904, 2.0, 1.00734431251, -1.0, 3.0, 0.0, 0.0, 2.0, -1.0, 0.57136331197, 0.0, 3.0, -1.0, 1.0, 1.0, 3.0, -1.0, -1.0, 1.0, 3.0, 2.0, 96146.0, 581.0, 99512.0
-1.0, 2.0, 1.0, -1.0, 0.0, 3.0, 0.0, 3.0, 3.0, 2.0, 0.5910626835, 2.0, -1.0, -0.451913972931, -1.0, 1.0, 1.0, 1.60228618389, 1.0, 1.0, -0.200995093221, 1.0, 2.46261757841, 1.0, 1.0, -1.0, 2.0, -1.0, 0.0, 1.18995005591, 0.437961329452, 0.0, 1.0, 2.0, -0.166084731548, -1.0, 1.0, -1.0, 1.0, 3.0, 1.11021735571, 2.0, -0.179202883603, -1.0, 3.0, 3.0, 0.0, 2.0, 0.0, 2.0, 96195.0, 583.0, 99508.0
3.0, 2.0, 2.0, 3.0, 2.0, 1.0, 3.0, 0.0, -1.0, -1.0, 0.0, 2.0, -1.0, 3.0, 2.0, 0.0, -1.0, 1.0, 3.0, 2.93202358409, 1.0, 0.0, 1.0, -1.0, 3.0, 2.0, 0.0, 2.0, 3.0, 1.0, 2.0, 2.0, -1.0, 3.0, 3.0, 3.0, 0.450247675938, 1.0, 1.0, 0.0, 0.0, -1.0, -1.0, 1.0, -1.0, -1.0, 0.0, -1.0, 1.0, 0.525177663038, 96422.0, 563.0, 99514.0
3.0, 2.0, 2.0, 3.0, 2.0, 1.0, 3.0, 0.0, -1.0, -1.0, -0.850726809407, 2.0, 1.46174997082, 3.0, 1.81602494311, 0.392329274153, -1.0, 1.0, 3.0, 2.93202358409, 1.0, 0.0, 1.0, -1.0, 3.0, 2.0, 0.0, -1.0, 3.0, 1.0, 2.0, 2.0, -1.0, 3.0, 3.0, 3.0, 0.450247675938, 0.660796879043, 1.0, 0.0, 0.0, -1.0, -1.0, 1.0, -1.0, -1.0, 1.11984201611, -0.370586641435, 1.0, 1.64388282547, 96529.0, 562.0, 99516.0
2.0, 2.0, 3.0, 3.0, 1.0, -1.0, 0.0, -1.0, -1.0, 0.0, -1.0, 1.0, -1.0, 2.0, 0.0, 3.0, 0.0, 0.0, 2.39364058222, 1.15102040271, 2.0, 1.586777707, 1.0, 1.0, 2.0, -0.928122395825, 2.0, -1.0, 2.86948274078, 0.0, 2.00779417386, 0.0, 1.81157887343, 3.0, 0.138541925545, 0.446833160551, 2.31708496494, 1.93872476756, 0.147771618325, 0.0, 1.0, 2.0, -1.0, 3.0, 1.0, 0.0, 3.0, 1.75923098353, 3.0, 0.0, 96162.0, 605.0, 99483.0
0.543698324237, 0.466332290469, 0.741493716721, -1.0, 2.0, 1.0, 0.0, 0.0, 0.0, 3.0, 2.0, -1.0, 2.0, 1.0, -1.0, 1.0, 1.0, 2.16343108182, 0.0, 0.0, 1.0, -1.0, 3.0, 2.39396386005, 3.0, 1.0, 1.0, 0.55929567185, -1.0, 3.0, 1.0, 0.0, 0.0, 3.0, 0.92834288085, 2.0, 0.0, -0.407643363319, 1.0, 2.56624269146, 1.0, -1.0, 0.0, 2.0, 3.0, 3.0, 3.0, -1.0, -1.0, 1.8973282212, 96100.0, 605.0, 99484.0
0.0, 0.0, 2.0, 1.0, 2.0, 1.0, -1.0, 2.42798803445, 3.0, -1.0, -1.0, 0.0, 2.0, 2.26935655533, -1.0, 1.0, 2.0, -1.0, 0.0, -0.941588084472, -1.0, 3.0, 1.0, 0.0, 1.0, 3.0, 3.0, -0.429952642577, 2.18768285, 2.0, 1.0, 3.0, 1.0, -0.0845022388586, 1.0, 1.40521806529, -1.0, 2.0, 0.0, 0.0, 2.0, 2.0, -1.0, 1.0, -1.0, 0.0, 0.103484684833, -1.0, 3.0, -1.0, 96276.0, 555.0, 99530.0
2.0, 3.0, 3.0, 1.0, 1.0, 1.0, 2.17770465585, -1.0, -1.0, 0.0, -1.0, 0.0, -1.0, 1.67244956963, 3.0, 2.7256514702, 2.0, 0.245385779702, -0.385272905295, -1.0, 3.0, 2.87660267039, 2.71340199805, -1.0, -0.295834180122, 0.824968265786, 0.0, 2.0, -1.0, 2.0, 1.0, 0.0, 2.0, -0.582635766048, 0.0, 1.0, 0.0, 2.73227444224, 2.0, 0.0, 1.28794105359, -1.0, 2.48942054006, 3.0, -1.0, 2.0, 2.59761893249, 1.0, 1.0, 2.30974862819, 96559.0, 573.0, 99507.0
