-1.0, 1.0, 2.0, -0.849526784318, -0.413503892051, 3.0, 1.0, 1.0, 3.0, 1.0, -0.19715429926, 0.0, -1.0, 0.334330054318, 3.0, 3.0, 1.0, 2.0, 2.31073142896, 0.0, -1.0, 1.84422617558, 3.0, 1.0, 2.0, 0.497437586772, -1.0, 0.0, 1.10048759123, 0.0, 1.0, -0.24710228937, 1.0, 1.0, 2.0, 2.0, 3.0, 2.0, 1.0, -1.0, 0.949337397072, -1.0, 0.0, 1.0, 0.0, 2.0, -0.741312322306, 3.0, -1.0, 0.0, 93617.0, 580.0, 99442.0
-1.0, -0.932731735003, 1.0, 0.703587878236, 0.81768667841, 0.0, 2.0, -0.231312200201, 1.0, 3.0, 2.0, 0.0, 1.0, 1.0, 0.406063405695, 0.716595971747, 1.06079723759, 0.302630459738, -1.0, 0.0, 1.0, 0.0, 0.0, 2.0, 0.0, 1.32859158693, 1.06102529133, 2.03820180462, 1.0, 0.0, -1.0, 1.81495517778, 1.67455059368, 0.0, 1.0, 1.0, -0.996081250857, 2.0, 0.0, 1.02708410297, 0.0, -1.0, -1.0, -0.0178633382571, 1.0, 0.262777042651, 2.12181386788, 0.0, -1.0, -1.0, 93330.0, 584.0, 99463.0
2.0, 2.0, 0.0, 3.0, 2.0, 0.0, 0.44561415221, 0.802943277134, 0.245034874025, -0.608950333756, 2.0, 2.6355002546, -1.0, 0.0, -1.0, 0.0, 1.0, 0.0, 0.0, -1.0, 2.0, -1.0, 1.33328069485, 0.0, 1.0, 1.62607789683, 1.53007357487, 0.761921523551, 2.46833467722, 0.0, 3.0, -0.147606479325, 2.0, 2.0, 2.0, 1.0, 0.951678419959, 1.0, 0.0, -1.0, 1.0, 1.0, -1.0, 2.0, -1.0, 2.0, 1.0, 0.405145574185, 1.0, 0.0, 93486.0, 581.0, 99450.0
-1.0, -0.815182127209, 2.0, -0.849526784318, -0.413503892051, 3.0, 1.0, -0.400451872998, 3.0, 2.40362381628, -0.697533606253, -1.0, -1.0, 2.8029919695, 3.0, 2.18149740761, 1.0, 2.0, 0.0, 0.0, -1.0, 2.0, 3.0, 1.0, 2.0, 2.0, 0.00136908421635, 0.0, 1.0, 0.0, -0.0436143614864, -0.331456969346, 1.24388814145, -0.261328638955, 0.530468140014, 2.0, 3.0, 0.0, 1.0, -1.0, 0.949337397072, -1.0, 0.0, 1.0, -0.904192665551, 2.0, 2.0, 3.0, -1.0, 0.0, 94100.0, 547.0, 99471.0
-1.0, -0.930724054481, 1.0, 0.703587878236, -0.180737937709, -0.137183520196, 2.0, 0.993741782571, -0.121183548939, 3.0, 2.29212675428, 0.0, 1.0, 0.492040808475, 2.0, 0.716595971747, 0.0132392073517, 1.7573202228, -1.0, 0.0, -0.888971137905, 0.0, 0.0, 2.0, -0.247427970163, 1.32859158693, 1.06102529133, 2.03820180462, 1.4880805913, -0.508279725289, -1.0, 2.32081458591, 1.67455059368, 0.00140498744854, 1.0, 1.77098784771, -0.291682625619, 2.0, -0.948372798105, 1.0, 0.0, -1.0, -1.0, 0.160325950429, 1.98138697115, 0.262777042651, 2.0, 0.0, 1.37639061602, 0.373937900647, 93347.0, 581.0, 99457.0
2.0, -0.930724054481, 3.0, 0.0, -1.0, 1.0, -1.0, 1.86095493516, -1.0, 2.0, -1.0, 1.0, 1.0, 1.0, 1.0, -0.242621754255, 1.02168536619, 2.0, -1.0, -1.0, 0.186654853211, 2.0, -0.186422971504, 0.0, 0.103223458018, 0.0, -0.73946675539, 0.0, 0.104696928242, 1.0, -1.0, 1.0, 3.0, -1.0, 0.0, 0.0, 1.41571376583, 0.0611058881621, -1.0, 2.84217295807, -1.0, 0.0452456204851, -1.0, 3.0, -1.0, 0.262777042651, 3.0, -1.0, 2.0, 0.0, 94381.0, 488.0, 99542.0
-1.0, -0.930724054481, 1.0, 0.703587878236, 0.81768667841, 0.0, 2.0, -0.231312200201, 1.0, 3.0, 2.0, 0.0, 1.0, 1.0, 2.0, 0.716595971747, 1.06079723759, 0.302630459738, -1.0, 0.0, 1.0, 0.0, 0.0, 2.0, 0.0, 1.32859158693, 1.06102529133, 2.0, 1.0, 0.0, -1.0, 2.32081458591, 1.08682962211, 0.0, 1.0, 1.0, 2.0, 2.0, 0.0, 1.0, 0.0, -1.0, -1.0, -0.0178633382571, 1.0, 0.262777042651, 2.0, 0.0, -1.0, -1.0, 93153.0, 598.0, 99443.0
1.23885980786, -0.810842059399, 0.0, 3.0, 2.0, 0.0, 0.44561415221, 0.989525765048, 0.512318078624, 1.1209805673, 2.0, 2.6355002546, -1.0, 0.0, -1.0, 0.0, 1.0, 0.0, -1.0, -1.0, 2.0, -1.0, 0.0, 0.0, 1.0, -0.280307247239, 1.53007357487, 0.761921523551, 2.0, 0.0, 3.0, -0.147606479325, 2.0, 2.0, 2.0, 1.0, 1.52414314887, 1.0, 0.0, -1.0, 1.0, 1.0, -1.0, 2.0, -1.0, 2.0, 1.0, 0.359350043443, 0.533981944612, 0.0, 93461.0, 573.0, 99453.0
-1.0, -0.930724054481, 1.0, -0.489081801297, 0.455490761008, 0.0, 2.0, -0.231312200201, -0.121183548939, 3.0, 2.29212675428, 0.0, -0.350109275853, 1.28865790252, 2.32752407875, 0.716595971747, 0.619010293079, 1.31278553583, 0.0, -0.0956912336049, 2.42515455801, 1.0, 0.0, 2.0, 1.44293612927, 1.32859158693, 1.06102529133, 2.03820180462, 1.0, 0.0, -1.0, 2.32081458591, 1.67455059368, -0.30231338226, 1.0, 0.82094122529, -0.291682625619, 2.0, 0.0, 1.0, -0.940417124936, -1.0, -1.0, 0.160325950429, 0.78989146572, 0.262777042651, 1.9099010009, 0.581539586474, 1.31601805529, -1.0, 93033.0, 606.0, 99438.0
2.0, 2.94293445345, 0.0, -1.0, 2.0, 0.0, 2.0, -1.0, 2.0350576478, 0.0, 2.23978828259, 2.0, -1.0, 0.0, -1.0, -0.798593443046, 1.0, 0.0, 2.0, -1.0, 1.9055626763, -1.0, 2.82872780843, 1.0, 1.0, -0.299755713902, 2.29377691075, 1.74103683417, 2.0, -0.675116536552, 3.0, 0.974683824622, 1.0, 1.78089180683, 2.0, 1.0, -1.0, 1.17065450594, 0.0, -1.0, 1.0, -0.935278598053, -0.653923399893, 1.66898377839, -1.0, 2.06504397034, 1.0, -0.556815049226, -0.636569344946, 0.0, 94900.0, 479.0, 99542.0
-0.2285791278, 2.0, 2.0, 0.0717989966462, 0.0, -0.0549245577717, 0.0, 2.0, 0.0, -0.121291388898, 3.0, 0.0395150265353, -1.0, 2.0, 0.199904819664, 2.0, 0.401380350148, 0.0, 1.0, 0.0, 1.0, 1.42431076274, 1.0, 0.211458555827, 1.0, 0.0, 1.13051122281, 2.0, 0.458026312945, 1.0, 3.0, 3.0, 1.0, 2.0, 2.4814719569, 1.29002149185, 1.0, 2.0, 1.0, 1.0, -1.0, 2.0, 2.0, 1.0, 1.0, 0.0, 0.0, 0.0577380987901, -0.0950507493612, 0.0, 92453.0, 683.0, 99382.0
-1.0, 1.60459543353, 1.0, 0.703587878236, 0.81768667841, 0.0, 2.0, -0.231312200201, -0.121183548939, 3.0, 2.80003363925, 0.0, 1.0, 1.0, 2.0, 0.716595971747, 1.06079723759, 1.7573202228, -1.0, 0.0, 1.0, 0.0, 0.0, 2.0, 0.0, 1.32859158693, 1.06102529133, 2.03820180462, 1.0, 0.0, -1.0, 2.32081458591, -0.1788673179, 0.0, 1.0, 1.77098784771, -0.291682625619, 2.0, 0.0, 1.0, 0.0, -1.0, -1.0, 0.160325950429, 0.202856651042, 0.262777042651, 2.75815470151, 0.0, 1.31601805529, -1.0, 92881.0, 630.0, 99426.0
-1.0, -0.815182127209, 2.0, -0.231030623866, -0.413503892051, 3.0, 2.0, 1.0, 3.0, 1.0, 1.42363753733, 1.61778989799, -1.0, 2.24959124725, 3.0, 2.85097471071, 0.428248476742, 2.0, -0.535189850564, 0.0, -1.0, 2.0, 3.0, 2.88973838703, 2.27658678724, 2.0, -1.0, 0.0, 1.0, -0.643403070501, 0.199742870862, 0.0, -0.299376885816, -0.261328638955, 2.0, 1.0, 3.0, 0.0, 1.0, 1.25125946364, 0.213826079114, -1.0, -0.733498686778, 1.0, -0.857564203486, 2.0, 2.0, 3.0, -1.0, 0.0, 94064.0, 551.0, 99459.0
2.0, 2.0, 0.0, 3.0, 2.0, 0.0, 0.44561415221, 0.802943277134, 0.245034874025, -0.608950333756, 2.0, 2.6355002546, -1.0, 0.0, -1.0, 0.0, 1.0, 0.0, 0.0, -1.0, 2.0, -1.0, 1.33328069485, 0.0, 1.0, 1.62607789683, 1.79638988225, 0.761921523551, 2.46833467722, 1.4118771003, 3.0, -0.147606479325, 2.0, 2.0, 2.0, 1.0, 0.951678419959, 1.27302317586, 0.0, -1.0, 1.0, 1.0, -0.199486454592, 2.0, -1.0, 0.496766900799, 1.0, 0.405145574185, 1.0, 0.0, 93304.0, 599.0, 99440.0
0.0508755013024, 2.0, 0.0, 3.0, 0.455490761008, 0.0, 2.3660934925, -1.0, 0.0, 0.0, 2.0, 1.84647670954, -1.0, 0.0, -1.0, 0.0, 1.0, 1.03037625917, -0.653952015792, -0.15344878375, 2.0, -1.0, 2.0, 0.0, 1.0, 1.0, 1.62040192457, 2.0, 2.0, -0.824884423329, 3.0, 0.0, 2.0, 2.0, 1.01408573778, 1.0, -0.955084706334, 3.0, 0.0, -1.0, -0.613243894934, -0.952683157448, -1.0, 2.0, 0.0, 2.0, 1.0, 0.781956840554, 1.0, 0.0, 93813.0, 546.0, 99481.0
-1.0, 0.375345274032, 0.0, -0.849526784318, -0.413503892051, 3.0, 1.68134892464, 1.25386423791, 3.0, 2.40362381628, -0.66433251743, 0.616286230098, -1.0, 2.91642808806, 3.0, 2.18149740761, 1.0, 2.0, 0.0, 0.0, -1.0, -1.0, 0.228967116127, 1.0, 2.0, -0.873012319887, -0.263670221446, 0.0, 1.94252624045, -0.138009867864, 2.97107135342, 2.01208545452, 1.0, -0.261328638955, 0.361670341715, 2.0, 3.0, 0.0, 0.625942778466, 0.538592848532, 0.949337397072, -1.0, 0.0, 1.0, -0.857564203486, 1.45738684001, 2.0, 2.18997176235, -1.0, 0.0, 93780.0, 567.0, 99453.0
0.224473177932, -0.991820793176, 2.16888707683, 0.703587878236, 0.81768667841, 2.58016134636, 2.0, -0.231312200201, 1.0, 3.0, 0.909945484833, 0.0, 1.29705349144, 1.0, 0.00799495960944, 1.05911771089, 1.85128834591, 2.19192968307, 0.0, 0.0, 1.0, 2.72535941053, -0.0199082754356, 2.20428999243, 1.26675139317, 1.32859158693, 1.06102529133, 0.0, 1.0, 0.0, -1.0, 2.32081458591, 0.388105795381, -0.0828132260139, 1.69287379868, 1.0, 2.0, 2.0, 0.0, 1.0, 0.0, -1.0, -1.0, -0.0178633382571, 1.0, 0.262777042651, 2.0, 0.0, -1.0, 0.584934203467, 92963.0, 637.0, 99413.0
2.0, 2.9327955977, 0.0, -1.0, 2.0, -0.257878688835, 2.02323294809, -1.0, 2.0350576478, 0.0821583570801, 2.23978828259, 2.0, -1.0, 0.0, -1.0, -0.85154109243, 1.0, 0.0, 0.0, -1.0, 2.0, -1.0, 2.56610000284, 1.0, 1.0, 1.0, 2.29377691075, 1.17875734126, 2.0, -0.675116536552, 3.0, 0.0, 1.54416744047, 2.0, 2.0, 1.0, -1.0, 1.17065450594, 0.0, -1.0, -0.79406488145, -0.824220402348, -1.0, 2.0, -1.0, 0.93557626261, -1.0, 0.73866346823, -1.0, 0.0, 94795.0, 464.0, 99544.0
1.0, -0.930724054481, 2.56849784299, 0.0, 2.01815361029, -0.0323288522461, 2.74359655602, 2.0, 0.126939214768, 2.85675220491, 0.686024490587, 1.0, -0.908241152985, 3.0, 0.0, 3.0, 1.02168536619, 0.0, 0.0, -1.0, 2.0, 1.0, 3.0, 1.0, 3.0, -0.0862704035297, -0.710445364197, 3.0, 1.0, 0.0, 2.0, 1.0, 0.0, -0.148742182656, 2.0, -0.261425412325, -0.359515275405, 1.0, 2.0, 1.0, 2.39562596268, -0.377645566341, -1.0, -0.56899876782, 2.84435231432, 2.54308221403, 1.0, 2.0, 2.74771439889, -0.464914778181, 93603.0, 623.0, 99417.0
2.0, -0.930724054481, 3.0, 0.0, -1.0, 2.10930239864, -1.0, 1.86095493516, 2.03433866461, 2.0, -1.0, 1.0, 1.0, 0.0366709301893, 1.0, -0.242621754255, 1.02168536619, 2.0, -1.0, -1.0, 0.186654853211, 2.0, -0.186422971504, 0.0, 0.103223458018, 0.0, -0.73946675539, 0.0, 0.104696928242, 1.0, -1.0, 1.0, 3.0, -1.0, 0.0, 0.0, 1.41571376583, 0.0611058881621, -1.0, 2.08550105134, -1.0, 0.0452456204851, -1.0, 3.0, -1.0, 0.262777042651, 3.0, 0.12942344396, 2.0, 0.0, 93974.0, 517.0, 99513.0
1.23885980786, -0.810842059399, 0.0, 3.0, 2.0, 0.0, 0.44561415221, 0.989525765048, 0.512318078624, 1.1209805673, 2.0, 2.6355002546, -1.0, 0.0, -1.0, 0.0, 1.0, 0.0, 1.18504463785, -1.0, 2.0, -1.0, 0.0, 0.0, 1.0, -0.280307247239, 1.53007357487, 0.761921523551, 2.0, 0.0, 3.0, -0.147606479325, 2.0, 2.0, 2.0, 1.0, 1.52414314887, 1.0, 0.0, -1.0, 1.0, 1.0, -1.0, 2.0, -1.0, 2.0, 1.50695175164, 0.359350043443, 0.533981944612, 0.0, 93388.0, 584.0, 99445.0
0.152975349767, 1.0, 2.0, -0.120797337895, 0.0, 2.96752371163, 0.850874249627, -0.555571299244, 0.709567176581, 1.0, 1.0, 0.135718489452, -1.0, 2.0, 1.14526110655, 3.0, 1.58921177363, 2.0, 1.0, 1.39501001198, -1.0, 2.0, 3.0, 1.16909170957, -0.442088769343, 2.0, -1.0, 1.00957421474, -0.339245304477, 0.0, 0.0179885395778, -0.424078961644, 1.0, 1.0, 2.0, 2.0, 3.0, 0.0, 1.0, 2.20963282262, 2.77045959434, -0.631729586705, 0.0, 1.0, 0.0, 2.0, 2.0, 3.0, -1.0, -0.425194420934, 93265.0, 632.0, 99410.0
-1.0, -0.930724054481, 1.0, -0.489081801297, 0.455490761008, 0.0, 2.0, -0.231312200201, -0.121183548939, 3.0, 0.456089427786, 0.795591910035, -0.350109275853, 1.28865790252, 2.32752407875, 0.716595971747, -0.735135831914, 1.31278553583, 0.822109047979, -0.0956912336049, 2.42515455801, 1.0, 0.0, 2.0, 1.44293612927, 1.32859158693, 1.06102529133, 2.03820180462, 1.0, 0.0, -1.0, 2.32081458591, 1.67455059368, -0.30231338226, 1.0538938248, 0.82094122529, -0.291682625619, 2.0, 0.0, 1.0, -0.940417124936, -1.0, -0.526592118705, 0.160325950429, 0.78989146572, 0.262777042651, 1.9099010009, 0.581539586474, 1.31601805529, -1.0, 93232.0, 590.0, 99453.0
-0.2285791278, 2.0, 0.0, 0.0717989966462, 0.0, -0.0549245577717, 0.0, 2.0, 0.0, -0.121291388898, 3.0, 0.0395150265353, -1.0, 2.0, 0.199904819664, -0.798593443046, 0.401380350148, 0.0, 1.0, 0.0, 1.0, -1.0, 1.0, 0.211458555827, 1.0, 0.0, 1.13051122281, 2.0, 0.458026312945, 1.0, 3.0, 0.708895122407, 1.0, 2.0, 2.4814719569, 1.29002149185, 1.0, 2.0, 1.0, 1.0, -1.0, 2.0, -1.0, 1.0, 1.0, 0.0, 0.0, 0.0577380987901, -0.0950507493612, 0.0, 92569.0, 638.0, 99412.0
2.0, 1.0, 2.60410829475, -0.849526784318, 2.99938493779, 3.0, 1.0, 1.0, 3.0, 1.0, -0.19715429926, 0.0, -1.0, 2.24959124725, 0.663804633038, 3.0, 1.0, 0.0, 2.31073142896, -0.385884620458, -1.0, 1.84422617558, 1.31704567805, 1.50780408899, 2.0, 2.0, 1.19959724262, 0.0, 1.0, 0.0, 1.0, -0.24710228937, 1.3681965098, 1.0, 2.56737670646, -0.39028293843, 3.0, 2.0, 1.0, -1.0, 0.949337397072, -1.0, 0.0, 2.43654070145, 0.0, 2.0, -0.741312322306, 3.0, -1.0, 0.0, 93655.0, 607.0, 99426.0
-1.0, -0.815182127209, 2.0, -0.849526784318, -0.413503892051, 3.0, 1.0, 1.0, 3.0, 2.41819838414, -0.341865281794, 0.616286230098, -1.0, 2.24959124725, 3.0, 2.18149740761, 1.0, 2.0, 0.0, -0.0577095430014, -1.0, 2.0, 3.0, 1.0, 2.0, -0.873012319887, 0.00136908421635, 0.0, 1.4880805913, 2.2308636458, -0.442669713872, 1.62612654895, 1.0, -0.261328638955, 0.271214105256, 0.221281926363, 3.0, 0.0, 0.625942778466, -1.0, 0.949337397072, -1.0, 0.0, 1.0, -0.857564203486, 2.0, -0.937679369568, 3.0, -1.0, 0.0, 94021.0, 551.0, 99472.0
0.152975349767, 1.0, 1.23409291275, 0.0, 0.0, 3.0, 1.0, 1.0, 2.0, 1.0, 1.0, 0.135718489452, -0.00688955878352, -0.763953631685, 1.14526110655, 3.0, 0.0733733401625, 2.0, 1.0, 0.0584701646641, -1.0, 0.80815090976, 0.707333261513, 1.0, -0.442088769343, 2.0, -1.0, 2.48754636811, -0.339245304477, 0.0, 1.14515432254, -0.424078961644, 1.0, 1.0, 2.0, 2.0, 3.0, 0.0, 2.2538338833, 2.20963282262, 2.40589600051, -0.631729586705, 0.0, -0.999020730367, 0.0, 2.0, 2.0, 0.746226174772, -1.0, 0.0, 93002.0, 635.0, 99417.0
-1.0, -0.815182127209, 2.0, 0.277846753911, -0.413503892051, 3.0, 2.0, 2.13364024808, 3.0, 1.0, 1.42363753733, 1.61778989799, -1.0, 2.24959124725, 3.0, 2.74105603933, 0.428248476742, 2.0, -0.535189850564, 0.0, -1.0, -1.0, 3.0, 1.0, 2.0, 2.0, -1.0, 0.0, 1.0, -0.435151333416, 1.43628178742, 0.0, 1.0, -0.290084941466, 2.0, 1.0, 3.0, 0.0, 1.0, 1.25125946364, 0.949337397072, -1.0, -0.733498686778, 0.643786555955, -0.857564203486, 2.0, 2.0, 3.0, -1.0, -0.95291839478, 94212.0, 539.0, 99465.0
0.0508755013024, 2.50651992444, 0.0, 3.0, 0.528945481383, 0.0, 2.0, -1.0, 0.0, 0.0, 2.0, 1.84647670954, -0.553283987959, 0.0, -1.0, 0.0, 1.0, 1.03037625917, 0.0, -1.0, -0.604139721882, -1.0, 3.0, 0.0, 1.0, 1.91091199719, 1.62040192457, 2.0, 2.0, -0.824884423329, 3.0, 0.0, 2.0, 2.0, 1.01408573778, 1.0, -0.955084706334, 3.0, 0.0, -1.0, -0.613243894934, -0.952683157448, -1.0, 2.0, 0.0, 2.0, 1.0, 1.0, 1.0, 0.0, 94145.0, 526.0, 99491.0
2.0, 2.9327955977, 0.0, -1.0, 2.0, -0.257878688835, 2.02323294809, -1.0, 2.0350576478, 0.0821583570801, 0.886877711336, 2.0, -1.0, 0.0, -1.0, -0.242621754255, 1.0, 0.0, 0.0, -1.0, 2.0, -1.0, 2.56610000284, 1.0, 1.0, 1.0, 2.29377691075, 1.17875734126, 2.0, -0.675116536552, 3.0, 0.131307547673, 1.54416744047, 2.0, 2.0, 1.0, -0.700927302698, 1.17065450594, 0.0, -1.0, 1.0, -0.824220402348, -1.0, 2.0, -1.0, 2.05755942967, -1.0, 0.73866346823, -1.0, 0.0, 94468.0, 495.0, 99519.0
-1.0, 1.0, 2.0, 0.0, 0.0, 0.0, -0.0754744975692, 1.0, 2.0, 0.120149511264, 1.0, -0.0131870620735, 2.23224769318, 1.75337753178, 3.0, 3.0, 1.0, 0.436652397053, 0.0, 0.0, -1.0, 2.0, 1.82913164161, 1.0, 2.0, 2.0, -1.0, 0.0, 1.0, 1.46894659738, -0.910103887492, 0.0, 1.25906187592, 1.0, 2.0, 0.457839058477, 3.0, 0.213205549672, 1.16696900989, -1.0, -0.613243894934, 2.0, -0.192131865573, -0.522130473226, 0.0, 2.0, 1.18048312591, 3.0, -0.202995562089, 0.0, 93061.0, 605.0, 99433.0
1.03666868061, 2.0, 2.0, -0.391239921369, 0.0, -0.310688547494, 2.0, 0.771895703408, 1.0, 2.0, 1.0, 1.40651912852, 1.25858508467, 3.0, 1.44808485002, 2.30598649752, 0.246167629758, 1.08199133898, 3.0, -0.462357098861, 2.0, 2.19945220531, 3.0, 1.0, 1.07146707757, -0.214010121062, -0.276808612231, 1.01693588362, 0.271659196789, 1.0, 2.0, 0.133404586148, 0.299505933766, 0.0, 1.0, -0.113905516259, -0.359515275405, 1.0, 2.0, 1.0, 2.0, -1.0, -1.0, -0.823310893591, -0.151131934887, 2.0, -1.0, 1.51767954255, 2.10410869393, 0.0, 92658.0, 658.0, 99395.0
2.0, -0.930724054481, 3.0, 0.0, -1.0, 1.0, -1.0, 0.645231511676, -1.0, 2.0, -1.0, 1.0, 1.0, 1.0, 1.0, -0.242621754255, 1.02168536619, 2.0, -1.0, -1.0, -0.653056620252, 2.0, -0.186422971504, 0.0, 0.103223458018, 1.0, -0.73946675539, 0.0, 0.104696928242, -0.675116536552, -1.0, 1.0, 3.0, -1.0, 0.0, 0.0, 1.41571376583, 0.0611058881621, -1.0, 2.84217295807, -1.0, 0.0452456204851, -1.0, 3.0, -1.0, 0.262777042651, 3.0, -1.0, 2.0, 0.0, 94643.0, 455.0, 99561.0
1.23885980786, -0.810842059399, 0.0, 3.0, 2.0, 0.0, 2.28599347992, 0.989525765048, 0.512318078624, 1.1209805673, 2.0, 2.6355002546, -1.0, 0.0, -1.0, 1.73474371001, 1.0, 0.0, -1.0, -1.0, 2.0, -1.0, 2.86441903932, 0.0, 1.0, -0.280307247239, 1.53007357487, 0.761921523551, 2.0, 0.0, 3.0, -0.147606479325, 2.0, 2.0, 2.0, 1.0, 1.52414314887, 1.0, 0.0, -1.0, 0.0, 1.0, -1.0, -0.0178633382571, 1.0, 2.0, 1.0, 0.359350043443, 0.533981944612, 0.0, 93497.0, 590.0, 99440.0
-1.0, -0.930724054481, 1.0, 0.703587878236, 0.167679307369, -0.481707218187, 2.3886082884, -0.231312200201, 1.0, 3.0, 1.01769428916, 0.0, 1.0, 1.0, 3.0, 0.716595971747, 1.06079723759, 0.302630459738, -0.313892661632, 0.0, 1.0, 0.0, 0.0, 2.0, 0.0, 1.52741637288, 1.06102529133, 0.415151851925, 1.24449564354, 0.0, -1.0, 2.20390610887, 1.67455059368, 0.0, 1.0, 2.0, 2.0, 2.0, 0.0, 1.0, 1.0, -1.0, -1.0, 0.268446258079, -1.0, 0.141895300729, 2.0, 0.0, -1.0, 0.00153626416678, 93011.0, 607.0, 99434.0
0.551204136913, -0.930724054481, 2.68314067565, 0.703587878236, 0.81768667841, 0.0, 2.0, -0.231312200201, 1.0, 3.0, 2.0, 2.43258565743, -1.0, 1.0, 1.41480228608, 0.716595971747, 0.534276851543, 0.302630459738, -1.0, 0.0, 1.0, -0.75955590413, 0.0, 2.0, 0.0, 0.917083935993, 1.06102529133, 2.03820180462, 1.0, 0.0, -1.0, 2.32081458591, 1.05264889482, 0.0, 0.562347565289, 1.0, -1.0, 2.0, 0.0, -0.870478780172, -1.0, -1.0, -1.0, 0.311447839107, 1.0, -0.489444396645, 2.00444154239, 1.11880385252, -1.0, -1.0, 93898.0, 528.0, 99491.0
-1.0, -0.239004227004, 1.0, 0.703587878236, -0.180737937709, -0.137183520196, 2.0, 0.993741782571, -0.121183548939, 3.0, 2.29212675428, 0.0, 1.0, 0.240891529072, 2.0, -0.643259825586, 0.0132392073517, 1.7573202228, -1.0, 0.0, -0.888971137905, 0.0, 0.0, 2.0, -0.247427970163, 1.32859158693, 1.06102529133, 2.03820180462, 1.4880805913, -0.508279725289, -1.0, 1.48063585066, 1.24388814145, 0.00140498744854, 0.727500470748, 1.77098784771, -0.291682625619, 1.91205559361, -0.948372798105, 1.0, 0.0, -1.0, -1.0, 0.160325950429, 1.98138697115, 0.262777042651, 2.34219078726, 0.00167530467643, 1.57520948519, 0.373937900647, 93265.0, 585.0, 99462.0
-0.334355040634, -0.930724054481, 1.0, 0.510506991334, 0.167679307369, 0.0, 1.7908198788, 1.0, 1.0, 3.0, 1.01769428916, 0.0, -1.0, 1.0, 3.0, 1.19838548446, 1.06079723759, 0.302630459738, -0.313892661632, 0.0, 2.02430996875, 0.0, 0.0, 2.0, 2.05702969163, 1.32859158693, 1.06102529133, 2.03820180462, 1.0, -0.100552924216, -0.0416805214416, 2.32081458591, 1.3945232169, 0.0, 1.0, 2.0, 2.0, 1.0, 0.0, 1.0, 0.0, -1.0, -1.0, 2.9074839604, 1.0, 1.07210907098, 2.05627773209, 2.42130768891, -1.0, 0.369926907523, 92781.0, 639.0, 99403.0
0.152975349767, 1.0, 2.58663579835, 3.0, 0.0, 3.0, 1.0, -0.231312200201, 1.77524853163, 1.0, -0.164717779984, 0.135718489452, 1.0, 0.927887766598, -0.893711487002, 3.0, 0.0733733401625, 2.0, 1.0, 1.39501001198, -1.0, 2.0012330787, 3.0, 1.0, -0.945186978936, 0.351730806233, -1.0, 2.48754636811, -0.339245304477, -0.824884423329, 0.0252530854079, -0.424078961644, 1.0, 1.62562544463, 2.0, 2.0, 3.0, 0.0, 1.0, 1.80847953482, 2.77045959434, 0.0857085409627, 0.0, -0.476085895562, -1.0, 2.0, 1.52183278418, 3.0, -1.0, 0.0, 93631.0, 604.0, 99433.0
-1.0, 0.375345274032, 0.0, -0.679609548068, -0.413503892051, 3.0, 1.0, 0.922788086961, 3.0, 2.40362381628, -0.66433251743, 0.616286230098, -1.0, 2.24959124725, 3.0, 2.96554334258, -0.651291954264, 2.0, 0.0, 0.0, -1.0, 2.0, 0.228967116127, -0.480407387654, 1.29934620898, -0.873012319887, -0.263670221446, 0.0, 0.637809864884, -0.138009867864, 2.18104854225, 2.01208545452, 1.0, -0.261328638955, 0.361670341715, 2.0, 3.0, 0.0, 0.625942778466, -1.0, 0.949337397072, -1.0, 0.0, 1.0, -0.857564203486, 1.45738684001, 2.0, 1.84721647875, -1.0, 0.789115328384, 93902.0, 547.0, 99476.0
2.0, -0.930724054481, 3.0, 0.0, -1.0, 2.10930239864, -1.0, 1.86095493516, 2.03433866461, 2.0, -1.0, 1.0, -0.582095500241, 0.0366709301893, 1.0, 0.260519385553, 1.02168536619, 0.0, -1.0, -1.0, 0.186654853211, 2.0, -0.186422971504, 0.0, 0.103223458018, 0.0, -0.73946675539, 0.0, 0.104696928242, 1.0, -1.0, 1.0, 3.0, -1.0, 0.0, 0.0, 1.41571376583, 0.0611058881621, -1.0, 2.08550105134, -1.0, 0.0452456204851, -1.0, 3.0, -1.0, 0.262777042651, 3.0, 0.12942344396, 1.88758194102, 0.0, 93945.0, 501.0, 99518.0
-1.0, 0.970279163982, 2.79796528833, -0.849526784318, -0.717947713629, 3.0, 1.0, 1.0, 1.34009467112, -0.0756982164497, -0.870111873437, 0.492548935554, -1.0, 1.85811217121, -1.0, 2.6838620981, 2.57972338066, -0.059689587507, 0.0, 0.0, -1.0, 2.0, 3.0, 1.0, 2.0, 2.0, 1.1271953154, -0.970046659396, 2.02318879971, 0.714629722255, 2.48736562931, 1.90804133032, 1.0, -0.261328638955, 2.0, 0.823250635468, 3.0, 0.0, 1.0, -1.0, 0.762819791267, -1.0, -0.104120697976, 2.0, -0.968839077812, 2.0, 0.195949695786, 3.0, -1.0, 0.0, 94455.0, 529.0, 99487.0
2.0, 2.9327955977, 0.0, -1.0, 2.0, -0.257878688835, 2.02323294809, -1.0, 2.17316858159, 0.0821583570801, 2.23978828259, 2.0, -1.0, 0.0, -1.0, -0.85154109243, 1.0, 2.09487398469, 0.0, -1.0, 1.52447733768, -1.0, 2.56610000284, 1.0, 1.0, 1.0, 2.29377691075, 1.17875734126, 2.0, -0.675116536552, 3.0, 0.0, -0.386192855264, 2.0, 2.0, 1.0, -1.0, 1.17065450594, 0.0, -1.0, 1.0, -0.824220402348, -1.0, 2.0, -1.0, 0.93557626261, -1.0, 0.73866346823, -1.0, 0.0, 94672.0, 483.0, 99533.0
-1.0, 1.0, 2.0, -0.849526784318, -0.413503892051, -0.188813233837, 1.0, 1.0, 3.0, 1.0, -0.552729463826, -1.0, -1.0, 2.24959124725, 3.0, 3.0, 1.0, 2.0, 0.0, 0.0, -1.0, 2.0, 3.0, 1.0, 2.0, 2.0, -1.0, 0.0, 1.0, 0.0, 1.0, 0.0, 1.0, 1.0, 2.0, 2.0, 3.0, 0.738218318839, 1.0, -1.0, 0.240008522978, -0.635391046997, -0.519475619858, 1.0, 0.0, 2.0, 0.871793421183, 3.0, -1.0, 0.0, 94036.0, 548.0, 99467.0
-1.0, -0.930724054481, 1.0, -0.479010778735, 0.81768667841, 0.282423518859, 2.0, -0.231312200201, -0.121183548939, 3.0, 2.29212675428, 0.0, 0.366000795809, 1.0, 2.39407552861, 0.716595971747, 1.06079723759, 1.70128993065, -1.0, 0.0, 1.0, -0.501460042624, 0.0, 2.0, 0.0, 1.32859158693, 1.06102529133, 2.03820180462, 1.0, 0.0, -1.0, 0.120233027817, 0.998951003321, 0.0, 0.418914211334, 1.77098784771, 1.21214707209, 2.0, 0.0, 1.0, 0.0, -1.0, -1.0, 0.160325950429, 1.0, 0.262777042651, 2.0, 0.0, 1.31601805529, -1.0, 92926.0, 599.0, 99441.0
0.488867848094, 0.428024917392, 0.0, 3.0, 2.13967063366, 0.0, -1.0, -1.0, -0.618285437735, -0.617328903917, 2.42975178898, 1.84647670954, -1.0, 0.0, -1.0, 0.0, 2.0013090544, 0.0, 0.0, -1.0, 2.0, -1.0, 2.22084311014, 0.0, 1.66736342089, 0.28236116807, 2.23485993794, 2.0, 2.0, 0.0, 3.0, 0.0, 2.0, 1.0, 1.01408573778, 1.0, 0.581139512451, 2.49920697912, 0.919437744146, 0.781798581097, -0.613243894934, 1.0, -1.0, 2.0, -1.0, 2.39017061871, -0.603048896283, 1.0, 2.18316251391, 0.0, 93982.0, 532.0, 99488.0
0.0, 3.0, 3.0, 1.56320560075, 1.0, 3.0, 0.0, 0.0, 1.74551227408, 1.0, 1.0, 0.0, 2.0, 0.0, 3.0, 2.0, 3.0, 1.0, 1.0, 1.4631740269, 2.0, 1.0, 0.0, 1.0, 0.0, 0.0, 3.0, 2.0, 1.0, 2.90260347935, -0.261447394935, 0.0, 0.682524856011, 2.0, 0.806869119979, 1.0, 1.0, 1.0, 0.0, 2.0, 0.0, -0.633057173637, 2.0, 3.0, 3.0, 1.66173867315, 3.0, 1.51767954255, -0.969246782516, 0.0, 92936.0, 689.0, 99379.0
-1.0, -0.930724054481, -0.162347227862, -0.489081801297, 0.455490761008, -0.671520132375, 2.0, -0.231312200201, -0.121183548939, 3.0, 2.29212675428, 0.0, -0.350109275853, 1.28865790252, 2.32752407875, -0.50841366754, 0.619010293079, 1.31278553583, 0.0, -0.0956912336049, 2.42515455801, 0.163303024631, 0.0, 2.0, 1.44293612927, 1.32859158693, 1.06102529133, 2.03820180462, 1.0, 0.0, -1.0, 2.32081458591, 1.67455059368, -0.30231338226, 1.0, 0.82094122529, -0.291682625619, 2.0, 0.0, 1.0, -0.940417124936, -1.0, -1.0, 0.160325950429, 0.78989146572, 0.262777042651, 1.9099010009, 0.581539586474, 1.31601805529, -1.0, 93361.0, 578.0, 99467.0
0.152975349767, 1.0, 2.0, 0.0, 0.0, 1.86704425091, 1.09623204168, 0.131197184857, 2.0, 1.0, 1.0, 1.20937980553, -1.0, 2.0, 1.14526110655, 3.0, 0.0733733401625, 2.0, -0.214808398886, 1.39501001198, 0.343295124755, 2.0, 3.0, 1.0, 1.73671624767, 2.0, -1.0, 2.48754636811, -0.339245304477, 0.0, 1.0, -0.424078961644, 1.0, 1.0, 2.0, 2.0, 3.0, 0.0, 0.187766510453, 2.20963282262, 2.63884320026, -1.0, -1.0, 1.0, 0.0, 2.0, 2.0, 3.0, -1.0, 0.0, 93155.0, 641.0, 99402.0
1.0, 2.0, -0.315428645602, -0.673996748349, 0.0, -0.496525324587, -0.763707431766, -0.719441161143, 1.22905447692, 0.304074092129, 2.0, 1.0, -0.893470253069, 0.977491562689, 2.46252431936, 1.0, 2.03504390375, 1.12116383794, 0.0, 0.0377187068315, -0.733378072976, -1.0, 0.0, 0.924682337227, 1.0, 1.0, 3.0, 0.0, 1.94252624045, 1.0, -1.0, 1.6187682484, -0.094356300801, -0.984202691503, 1.0, 3.0, 3.0, 2.0, 2.0, -0.892803530051, -1.0, -0.837659557104, 0.738309983061, -0.522130473226, 1.0, -0.906443964387, 0.0, 1.44228782143, -1.0, 2.0, 94176.0, 507.0, 99498.0
-1.0, -0.815182127209, 0.44835494137, -0.849526784318, -0.413503892051, 3.0, 1.0, 1.0, 3.0, 1.0, -0.678913941224, -1.0, -1.0, 2.24959124725, 3.0, 0.646403219813, 1.0, 2.0, 0.0, 0.0, -1.0, 2.0, 3.0, 1.0, 2.0, 2.0, -1.0, 0.0, 1.0, 0.0, -0.657102020292, 1.02720036443, 1.0, -0.261328638955, 1.70034443882, 2.0, 3.0, 0.0, 1.86178586881, -1.0, 0.949337397072, -1.0, 0.0, 1.0, -0.842794622159, 2.0, 0.0369894656909, 3.0, -1.0, 1.52273611876, 94492.0, 515.0, 99494.0
2.0, 2.0, 0.0, 3.0, 2.06200343409, 0.0, 0.44561415221, 0.989525765048, 0.512318078624, 1.1209805673, 2.0, 2.6355002546, -1.0, 0.0, -1.0, 0.0, 1.0, 0.0, 0.0, -1.0, 2.0, -1.0, 1.33328069485, -0.320477217088, 1.0, -0.231766753777, 1.53007357487, 0.19080305056, 2.0, 1.48165663879, 3.0, -0.147606479325, 2.0, 2.0, 2.0, -0.398598441013, 1.52414314887, 1.0, 0.0, -1.0, 1.0, 1.0, -1.0, 2.0, -1.0, 2.0, 0.140774749402, 0.405145574185, 1.0, 0.0, 93272.0, 600.0, 99436.0
1.15597920659, 2.97718558207, 0.0, -0.527529683165, 2.0, -0.257878688835, 2.02323294809, -1.0, 2.0350576478, 0.0821583570801, 2.23978828259, 2.0, -1.0, 0.0, -1.0, -0.291796922185, 1.0, 0.0, 0.0, -1.0, 2.34180135377, -1.0, 0.0768212464227, 1.0, 1.0, 1.0, 2.29377691075, 1.17875734126, 2.0, -0.675116536552, 3.0, 0.0, 1.54416744047, 2.0, 2.0, 1.03629424976, -1.0, 1.17065450594, 0.0, -0.164080817311, 0.949337397072, -0.824220402348, -1.0, 2.0, -1.0, 0.93557626261, -1.0, 0.73866346823, -1.0, 0.0, 94087.0, 514.0, 99505.0
-1.0, -0.815182127209, 2.0, -0.905141119539, -0.413503892051, 3.0, 2.0, 1.95537280129, 0.126939214768, 1.0, 1.42363753733, 1.61778989799, -1.0, 2.24959124725, 3.0, 2.18149740761, 1.65499370367, 2.0, -0.535189850564, 0.0, -1.0, 2.0, 3.0, 1.22664873789, 2.0, 2.0, 2.40677225259, 0.0, 1.0, -0.435151333416, 2.69081430695, 0.0, 2.15745036742, -0.261328638955, 2.0, 1.0, 3.0, 0.0, 2.0, 1.25125946364, 0.949337397072, -1.0, -0.733498686778, 1.09004609394, -0.857564203486, 2.0, 2.0, 2.65698201361, -1.0, 0.0, 94242.0, 565.0, 99452.0
0.152975349767, 1.0, 2.74435673042, 3.0, 0.0, 3.0, 1.0, 1.0, 1.77524853163, 1.0, 1.0, 0.135718489452, -1.0, 0.927887766598, 1.14526110655, 3.0, 1.06079723759, 2.0, 1.0, 1.39501001198, -1.0, 2.0012330787, 3.0, 1.0, -0.442088769343, 0.351730806233, -1.0, 2.48754636811, -0.339245304477, -0.824884423329, 1.0, -0.424078961644, 0.417669575986, 1.81608324851, 1.29971332742, 2.0, 2.0, 0.0, 1.0, 1.80847953482, 2.77045959434, 0.0857085409627, 0.0, 1.0, -1.0, 2.0, 2.06093124387, 2.9280794656, -1.0, 0.0, 93453.0, 622.0, 99419.0
1.0, 2.0, -0.315428645602, -0.673996748349, 0.0, -0.496525324587, -0.763707431766, -0.610519092328, 0.732978671228, 0.399404859128, 2.0, 1.04259816325, -1.0, 2.65550030129, 0.165636756738, 1.0, 2.98733405927, 1.12116383794, 0.0, 0.0377187068315, 0.0, -1.0, 0.0, 0.924682337227, 1.0, 1.0, 3.0, 3.0, 0.84255538831, 0.410832044234, -1.0, 1.6187682484, -0.094356300801, -0.984202691503, 1.0, 3.0, 3.0, 0.0879370257145, 2.0, -0.892803530051, -1.0, -0.889866168014, 0.738309983061, -0.522130473226, 1.0, 1.3307092398, 0.0, 1.44228782143, -1.0, 2.0, 94029.0, 535.0, 99484.0
-0.447044194023, -0.930724054481, 1.81580172612, -0.0144178304848, 0.81768667841, -0.754027569361, 2.0, -0.231312200201, 1.22905447692, 3.0, 1.68532413551, 2.43258565743, -1.0, 1.0, 2.62213106649, -0.482453690225, 0.313257457565, 0.302630459738, -1.0, 0.0, 1.0, 0.0, 0.0, 2.0, 0.285496727724, -0.640233540142, 1.06102529133, 2.03820180462, 1.0, 2.22138903951, -1.0, 2.32081458591, 1.05264889482, 0.0, 1.0, 1.0, 2.0, 2.0, 0.0, -0.870478780172, -1.0, -1.0, -1.0, 0.311447839107, -0.301282433263, 0.262777042651, 2.00444154239, -0.481653515134, -1.0, -1.0, 93863.0, 531.0, 99496.0
2.0, -0.962876007706, 3.0, 0.0, -1.0, 1.0, -1.0, 1.86095493516, -1.0, 2.0, -1.0, 1.0, 1.0, 1.0, 1.0, -0.242621754255, 1.02168536619, 0.0617211755404, 0.927123039692, -1.0, 0.829359797881, 2.19617971679, -0.186422971504, 0.0, 0.103223458018, 0.0, -0.73946675539, 0.0, 0.271735944706, 1.0, -1.0, -0.0791314470137, 2.43909571485, 0.734148220024, 0.114649094435, 0.0451571062627, 1.41571376583, 0.0611058881621, -1.0, 2.97242186571, 0.180208207933, 0.0452456204851, -1.0, 3.0, -1.0, 1.66173867315, 2.55476723415, -1.0, 2.0, 0.439738487675, 93833.0, 528.0, 99511.0
-1.0, -0.815182127209, 2.0, 0.277846753911, -0.413503892051, 3.0, 2.0, 2.13364024808, 3.0, 1.0, 1.42363753733, 1.61778989799, -1.0, 1.98585712634, 3.0, 2.74105603933, 0.428248476742, 2.69699560544, -0.535189850564, 0.0, -1.0, -1.0, 3.0, 1.0, 2.0, 2.0, -1.0, 0.0, 1.0, -0.990356844483, -1.0, 0.597264122322, 1.0, -0.290084941466, 2.0, 1.0, 3.0, 0.0, 1.0, 1.25125946364, 0.949337397072, -1.0, -0.733498686778, 0.643786555955, -0.857564203486, 2.0, 2.36855092064, 3.0, -1.0, -0.95291839478, 94702.0, 503.0, 99494.0
2.0, 2.9327955977, 0.0, -1.0, 0.0, -0.257878688835, 2.02323294809, -1.0, 2.0350576478, 0.0821583570801, 0.886877711336, 2.0, -1.0, 0.0, -1.0, -0.242621754255, 1.0, 0.0, -0.632540621404, -1.0, 2.0, -1.0, 2.56610000284, 1.0, 1.0, 1.46452136984, 2.29377691075, 1.17875734126, 0.970629556485, -0.675116536552, 3.0, 0.131307547673, 1.54416744047, 2.0, 2.0, 1.0, -0.700927302698, 2.12900184474, 0.0, -1.0, 0.956893479348, -0.824220402348, -1.0, 0.581673900865, -1.0, 2.05755942967, -1.0, 0.73866346823, -1.0, 0.0, 94490.0, 484.0, 99527.0
2.0, -0.930724054481, 3.0, 0.0, -1.0, -0.310688547494, -1.0, 0.645231511676, -1.0, 1.77200622382, -1.0, 1.0, 1.0, 1.0, 1.0, -0.242621754255, 1.02168536619, 2.0, 3.0, -1.0, -0.653056620252, 2.0, -0.186422971504, 0.0, -0.857630230791, 1.0, -0.73946675539, 2.09765910567, 0.104696928242, -0.675116536552, -1.0, 1.0, 3.0, -1.0, 0.0, 0.0, 1.41571376583, 0.0611058881621, 2.18746282118, 2.84217295807, -1.0, 0.0452456204851, -1.0, 3.0, -1.0, 0.262777042651, 3.0, -1.0, 2.0, 0.0, 94632.0, 464.0, 99546.0
-1.0, -0.815182127209, 2.0, -0.849526784318, -0.413503892051, 3.0, 1.0, -0.231312200201, 1.50106083315, 1.0, -0.66433251743, -1.0, -1.0, 0.0, 3.0, 2.18149740761, 0.983322787193, 2.0, 0.0, 0.0, -1.0, 2.0, 3.0, 1.0, 2.0, 2.0, -0.794291227304, 0.0, 1.0, 0.0, 1.45438836985, 0.0, 1.0, -0.871123011497, 2.0, 2.24702386723, 3.0, 0.0, 1.0, -1.0, 0.949337397072, -1.0, -1.0, 1.0, -0.857564203486, -0.41117293618, 2.0, 0.140046743837, -1.0, 0.0, 94225.0, 505.0, 99501.0
0.0, 2.9703776489, 0.0, 1.52447087232, 0.0, -0.0858917436791, 0.0, 1.86095493516, 0.0, 1.54708098853, 3.0, 0.0, -1.0, 0.0, -0.177398665989, 2.0, 0.125776964073, 0.0, 2.0, 0.0, 0.777213452766, 1.42431076274, 1.37606883189, 0.134228097052, 1.0, 0.0, 1.06102529133, 2.0, 1.0, 1.0, 3.0, 3.0, 1.0, 2.0, 2.0, 2.0, -0.446008504047, 0.520979735576, 1.0, 1.3150280557, 1.0, 2.0, -1.0, 2.34928356736, 0.317514541963, 0.0, 0.0, -0.0648983140948, 2.01032320197, 0.0, 92486.0, 684.0, 99381.0
0.551204136913, -0.930724054481, 2.68314067565, 0.703587878236, 0.81768667841, -0.496525324587, 2.0, -0.231312200201, 1.0, 3.0, 2.0, 2.43258565743, -1.0, 1.0, 1.41480228608, 0.716595971747, 0.534276851543, 0.302630459738, -1.0, 0.0, 1.0, -0.75955590413, 0.0, 2.0, 0.0, 0.917083935993, 1.06102529133, 0.867129710595, 1.0, 0.0, -1.0, 2.32081458591, 1.05264889482, 0.0, 0.562347565289, 1.0, -1.0, 2.0, 0.0, -0.870478780172, 1.98537081148, -1.0, -1.0, 0.311447839107, 1.0, -0.489444396645, 2.00444154239, 1.11880385252, -1.0, -1.0, 93764.0, 547.0, 99480.0
-1.0, -0.815182127209, 2.0, -0.231030623866, -0.413503892051, 3.0, 2.0, 1.95537280129, 3.0, 1.0, -0.85511863056, 1.61778989799, -1.0, 0.520721254937, 3.0, 2.18149740761, 0.428248476742, 2.0, -0.535189850564, 0.0, 0.103622382654, 2.0, 3.0, 1.0, 2.11205450239, 2.0, -0.909011829033, 0.0, 1.0, -0.435151333416, 2.69081430695, 0.0, 1.53458284538, -0.261328638955, 2.09758812484, 1.0, 3.0, 1.17065450594, 1.0, 1.25125946364, 0.949337397072, -1.0, -0.733498686778, -0.206115584542, -0.857564203486, 2.62266895017, 2.0, 3.0, -1.0, 0.0, 94011.0, 566.0, 99446.0
-1.0, -0.239004227004, 1.0, 0.703587878236, -0.180737937709, -0.137183520196, 2.0, 0.993741782571, -0.121183548939, 3.0, 2.29212675428, -0.223212664529, 1.0, 0.240891529072, 2.0, -0.773051468887, 0.0132392073517, 1.7573202228, -1.0, 0.0, -0.888971137905, 0.0, 0.0, 2.54437405094, -0.247427970163, 1.32859158693, -0.888443764914, 2.03820180462, 1.4880805913, -0.508279725289, -1.0, 1.48063585066, 1.24388814145, 0.00140498744854, 0.727500470748, 1.77098784771, -0.291682625619, 2.45561190321, -0.948372798105, 1.0, 0.0, -1.0, -1.0, 0.160325950429, 1.98138697115, 0.262777042651, 2.34219078726, 0.00167530467643, 1.57520948519, 0.373937900647, 93394.0, 571.0, 99470.0
0.152975349767, 1.0, 2.58663579835, 3.0, 0.0, 3.0, 1.0, -0.231312200201, 1.77524853163, 1.0, -0.66433251743, 0.135718489452, 1.0, 0.927887766598, -0.893711487002, 3.0, 0.0733733401625, 2.0, 1.0, 1.39501001198, -1.0, 2.44211111168, 3.0, -0.365433013789, -0.91113351724, 0.351730806233, -1.0, 2.48754636811, -0.339245304477, 0.518439411179, 2.18104854225, -0.424078961644, 1.0, 1.62562544463, 2.19794837639, 2.0, 3.0, 0.0, 1.0, 1.80847953482, 1.23833056819, -0.899834181611, 0.0, -0.476085895562, -1.0, 2.0, 1.52183278418, 3.0, -1.0, 0.789115328384, 93648.0, 591.0, 99430.0
-1.0, 1.0, 0.340973611515, -0.849526784318, 2.99938493779, 3.0, 1.0, 1.0, 3.0, 0.704359791839, -0.19715429926, 0.0, -1.0, -0.0857539806686, 0.663804633038, 3.0, 1.0, 0.0, 2.31073142896, -0.385884620458, -1.0, 2.52235801471, -0.146165921563, -0.457512191339, 2.0, 2.0, 1.19959724262, 0.0, 0.104696928242, 0.0, 1.0, -0.256984674599, 1.3681965098, 1.0, 2.56737670646, -0.39028293843, 3.0, 2.0, 1.0, -1.0, 0.949337397072, -1.0, 0.0, 2.43654070145, 0.0, 2.0, -0.972760213531, 3.0, -1.0, 0.0, 93346.0, 594.0, 99434.0
-1.0, 1.0, 2.0, -0.849526784318, -0.413503892051, -0.188813233837, 1.0, 0.381261607141, 3.0, 1.0, -0.552729463826, -1.0, -1.0, 2.47277054602, 3.0, 3.0, 1.0, 2.0, 0.0, 0.0, -1.0, 2.0, 3.0, 1.0, 2.0, 2.0, -1.0, 0.0, 1.33669455205, 0.0, 1.0, 0.0, 1.0, 1.0, 2.0, 2.0, 3.0, 0.0, 1.0, 0.616962754832, 0.192975470745, -0.635391046997, 0.0, 1.0, 0.0, -0.761363658195, 0.871793421183, 3.0, -1.0, 0.0, 93654.0, 572.0, 99452.0
0.253271199948, -0.930724054481, 1.0, 0.609819015909, 0.167679307369, 0.0, 2.40382355771, -0.231312200201, 1.0, 3.0, 1.01769428916, 0.0, 1.0, 1.0, 3.0, 1.19838548446, 1.06079723759, 2.18220606487, -0.878886569246, 0.0, 2.02430996875, -0.931425754695, 0.0, 2.0, 2.05702969163, 1.32859158693, 1.06102529133, 2.03820180462, 1.0, 0.0, 2.18318383221, 2.32081458591, 1.67455059368, 0.0, 1.0, 2.0, 2.0, 2.43234408235, 0.0, 1.0, 0.0, -1.0, -1.0, -0.0178633382571, 1.0, 1.07210907098, 2.05627773209, 2.42130768891, -1.0, -1.0, 93363.0, 614.0, 99426.0
-1.0, -0.930724054481, 1.0, -0.489081801297, 0.455490761008, 1.80559448944, 2.0, 1.1612063496, -0.121183548939, 3.0, 2.29212675428, 0.0, -0.350109275853, 1.28865790252, 2.32752407875, -0.460568759075, 0.619010293079, 1.31278553583, 0.0, -0.0956912336049, 2.75802067408, 1.0, 0.0, 2.0, 1.44293612927, 1.32859158693, 1.06102529133, 2.03820180462, 1.0, 0.0, -1.0, 2.32081458591, 1.67455059368, -0.30231338226, 1.0, 0.82094122529, -0.291682625619, 2.0, 0.0, 1.0, -0.940417124936, -1.0, -1.0, 0.160325950429, 0.78989146572, 0.262777042651, 1.9099010009, 0.581539586474, 1.31601805529, 0.425161889419, 92894.0, 621.0, 99424.0
-0.2285791278, 2.0, 2.0, 0.0717989966462, 0.0, -0.0549245577717, 0.0, 2.0, 0.0, -0.121291388898, 3.0, 0.0395150265353, -1.0, 2.0, 0.199904819664, 2.0, 0.401380350148, 0.0, 1.0, 0.0, 1.0, 1.42431076274, 1.0, 0.211458555827, 1.0, 1.94968296541, 1.13051122281, 2.0, 0.458026312945, 1.0, 3.0, 3.0, 1.0, 0.0, 1.0, 1.29002149185, 1.0, 2.0, 1.0, 1.0, -1.0, 2.0, 2.0, 1.08904292761, 1.0, 0.0, -0.741516950542, 0.0577380987901, -0.0950507493612, 0.0, 92479.0, 669.0, 99390.0
-1.0, -0.815182127209, 2.0, -0.231030623866, -0.413503892051, 3.0, 2.0, 1.0, 3.0, 0.839566649036, 2.0, 1.61778989799, -1.0, 2.24959124725, 3.0, 0.0, 0.428248476742, 2.0, -0.963441031058, 0.0, -1.0, 2.0, 3.0, 2.88973838703, 2.27658678724, 2.0, -1.0, 0.0, 1.0, -0.643403070501, 0.199742870862, 0.0, -0.299376885816, -0.261328638955, 2.0, 1.0, 3.0, 0.0, 1.0, 1.25125946364, 0.213826079114, -1.0, -0.733498686778, 1.0, -0.857564203486, 1.73147004399, 1.0, 3.0, 1.0, 0.0, 93834.0, 567.0, 99451.0
2.56197572653, 2.0, 0.0, 3.0, 2.0, 0.0, 0.44561415221, 0.513785298896, 0.245034874025, -0.608950333756, 1.42363753733, 2.6355002546, -1.0, 0.0, -1.0, 2.85097471071, 1.0, 0.0, 0.0, -1.0, 2.0, -1.0, 1.33328069485, 0.0, 1.0, 1.62607789683, 1.79638988225, 0.761921523551, 2.73716911165, 1.4118771003, 2.0459979407, -0.147606479325, 2.0, 0.340221700077, 2.0, 1.0, 0.951678419959, 1.27302317586, 0.0, -0.461801709821, 1.0, 1.0, -0.199486454592, 2.0, 0.81952399714, 0.496766900799, 2.0, 0.405145574185, -1.0, 0.0, 93087.0, 619.0, 99421.0
-1.0, 0.375345274032, 0.0, -0.849526784318, -0.413503892051, 3.0, 1.68134892464, 1.25386423791, 3.0, 2.40362381628, -0.66433251743, 0.616286230098, -1.0, 2.91642808806, 3.0, 0.716595971747, 1.0, 2.0, 0.0, -0.258954252307, -1.0, -1.0, 0.228967116127, 1.0, 2.0, -0.873012319887, -0.263670221446, 0.0, 1.94252624045, -0.138009867864, 2.97107135342, 2.01208545452, 1.0, -0.261328638955, 0.361670341715, 2.0, 3.0, 0.0, 1.37672771651, 0.538592848532, 0.949337397072, -1.0, 0.0, -0.726575173581, -0.857564203486, 1.45738684001, 2.0, 2.18997176235, -1.0, 0.0, 93811.0, 552.0, 99459.0
2.50607420627, 3.0, 0.0, -1.0, -1.0, 0.0, 0.641685166377, -1.0, 0.0, 0.0, 1.83602943992, 2.0, -1.0, 0.0, -1.0, -0.798593443046, 0.238407730342, 0.0, 0.0, -0.180290995652, 2.0, -1.0, 2.0, 1.0, 1.0, 1.0, 1.0, 2.16958921583, 2.0, -0.435151333416, 3.0, 0.0, 1.54416744047, 2.0, 2.0, 1.0, 0.468340465961, 1.17065450594, 0.0, -1.0, 1.0, 1.0, -1.0, -0.614654049245, -1.0, 2.0, 1.0, 0.627961991419, -1.0, 0.0, 93943.0, 526.0, 99496.0
-1.0, -0.815182127209, 2.0, -0.231030623866, -0.413503892051, 3.0, 2.0, 0.41775183882, 3.0, 1.0, 1.42363753733, 1.61778989799, -1.0, 2.08813880251, 3.0, 2.18149740761, 1.245887819, 2.0, -0.754535571112, 0.0, -1.0, 2.0, 3.0, 1.0, -0.473966565354, 2.0, 2.40677225259, 0.0, 1.0, -0.435151333416, 2.69081430695, 0.0, 1.0, -0.261328638955, 2.0, 1.0, 3.0, 0.0, 1.0, 1.25125946364, 0.949337397072, -1.0, -0.733498686778, 1.09004609394, -0.857564203486, 2.0, 2.0, 3.0, -1.0, 1.91906726767, 93885.0, 583.0, 99437.0
2.0, -0.930724054481, 3.0, 0.0, -1.0, 2.10930239864, -1.0, 1.86095493516, 2.03433866461, 2.0, -1.0, 1.0, 1.0, 0.0366709301893, 1.0, -0.242621754255, 1.02168536619, 2.0, -1.0, 2.62223949303, 0.186654853211, 2.0, -0.186422971504, 0.0, 0.318683263146, 0.0, -0.73946675539, -0.40361598141, 0.104696928242, -0.163328131128, -0.236095136414, 1.0, 1.34093908094, -1.0, 0.0, 0.0, 1.41571376583, 0.0611058881621, -1.0, 2.08550105134, 1.0, 0.0452456204851, -1.0, 3.0, -1.0, 0.262777042651, 3.0, 0.12942344396, 2.0, 0.0, 93422.0, 570.0, 99474.0
-1.0, -0.930724054481, 1.0, 0.703587878236, 0.167679307369, -0.481707218187, 2.28599347992, -0.231312200201, -0.432626880559, 3.0, 1.01769428916, 0.0, 1.0, 1.0, 3.0, 0.716595971747, 1.06079723759, 0.302630459738, -0.971295902302, 0.0, 1.0, 0.0, 0.0, 2.0, 0.0, 1.52741637288, 1.06102529133, 2.03820180462, 1.0, 0.0, -1.0, 2.20390610887, 1.67455059368, 0.0, 1.0, 1.96232057509, 2.0, 2.0, 0.0, 1.0, 0.0, -1.0, -1.0, -0.0178633382571, 1.0, 0.262777042651, 2.0, 0.0, -1.0, -0.425194420934, 92965.0, 613.0, 99429.0
0.152975349767, 1.0, 2.41476921463, 0.277846753911, -0.413503892051, 1.66801290334, 0.928513276312, 2.13364024808, 3.0, 1.0, 1.42363753733, 1.61778989799, -1.0, 2.24959124725, 3.0, 2.74105603933, 0.428248476742, 2.40472945674, -0.451688420878, 0.0584701646641, -1.0, -1.0, 3.0, 1.0, 2.46016742807, 2.0, -1.0, 0.0, 1.0, -0.435151333416, 1.43628178742, 0.0, 1.0, -0.290084941466, 2.0, 0.999259104064, 3.0, 0.0, 1.0, 1.25125946364, 0.949337397072, -1.0, -0.733498686778, 0.643786555955, -0.858915440592, 2.0, 2.0, 3.0, -1.0, -0.95291839478, 93783.0, 579.0, 99440.0
1.03666868061, 2.0, 2.0, -0.391239921369, 0.0, -0.310688547494, 2.0, 0.771895703408, 1.0, 2.0, 1.0, 1.40651912852, 2.23224769318, 3.0, 1.44808485002, 1.35695590237, 0.531558222542, 1.08199133898, 3.0, -0.462357098861, 2.0, 2.19945220531, 3.0, 1.98677995703, 1.07146707757, -0.214010121062, -0.276808612231, 1.01693588362, 0.271659196789, 1.46894659738, 2.0, 0.133404586148, 0.299505933766, 0.0, 1.0, -0.113905516259, -0.359515275405, 1.0, 2.0, 1.0, 2.0, 2.0, -0.192131865573, -0.823310893591, -0.151131934887, 2.0, -1.0, 1.51767954255, 2.10410869393, 0.0, 92522.0, 689.0, 99380.0
2.0, -0.930724054481, 3.0, 0.0, -1.0, 0.694800090181, -1.0, 0.645231511676, -1.0, 2.0, -1.0, 1.0, -1.0, 0.859535795558, 1.0, -0.242621754255, 1.02168536619, 2.0, -1.0, -1.0, -0.875016438256, 0.384974105093, -0.186422971504, 0.0, 0.103223458018, 1.0, -0.73946675539, -0.651868277708, 0.104696928242, -0.675116536552, -1.0, 1.0, 3.0, -1.0, 0.0, 0.0, 1.41571376583, 0.0611058881621, -1.0, 2.84217295807, -1.0, 0.0452456204851, -1.0, 3.0, -1.0, 0.262777042651, 3.0, -1.0, 2.56136338586, 0.0, 94925.0, 429.0, 99582.0
0.0, 2.9703776489, 0.0, 1.52447087232, 0.0, 0.0, 0.0, 2.33888988599, 0.0, 1.54708098853, 3.0, 0.0, -1.0, 0.0, -0.177398665989, 2.0, 0.125776964073, 0.0, 2.0, 0.0, 0.777213452766, 1.42431076274, 1.37606883189, 0.0, 1.0, 0.0, 1.06102529133, 2.0, 1.0, 1.0, 3.0, 3.0, 1.0, 2.0, 2.0, 2.0, -0.446008504047, 0.520979735576, 1.0, 1.3150280557, 1.0, 2.0, 3.0, 2.34928356736, 0.317514541963, 0.0, 0.0, -0.0648983140948, 2.01032320197, 0.0, 92415.0, 702.0, 99371.0
-1.0, -0.815182127209, 2.0, -0.849526784318, -0.634725626454, 0.761087865205, 0.159554644024, -0.714235198097, 3.0, 1.9887561671, -0.697533606253, -0.600943399217, -1.0, 2.8029919695, 2.0, 2.18149740761, 1.0, 2.0, -0.865963843038, 0.0, -1.0, 2.0, 2.16464581148, 1.0, -0.891310072172, 1.35219671452, 0.00136908421635, 0.0, 1.0, 0.0, -0.644994868712, 0.129471117804, 1.67455059368, -0.261328638955, -0.141487231402, 1.86094500803, 3.0, 0.0, 1.0, -0.390143929703, 0.949337397072, -1.0, 0.0, 1.0, -0.904192665551, 2.0, 2.0, 0.00167530467643, -1.0, 0.074846304702, 94372.0, 491.0, 99520.0
-1.0, 0.375345274032, 0.0, -0.679609548068, -0.413503892051, 3.0, 1.0, 0.922788086961, 3.0, 2.40362381628, -0.66433251743, 0.616286230098, -1.0, 1.95057645923, 3.0, 2.96554334258, -0.651291954264, 2.0, 1.40914098387, 0.0, -1.0, 1.43726627195, 0.228967116127, -0.480407387654, 1.29934620898, 0.0, -0.263670221446, 0.0, 0.637809864884, -0.138009867864, 2.18104854225, 0.251769618576, 1.0, -0.261328638955, -0.237367972514, 2.0, 3.0, 0.0, 0.625942778466, -1.0, 0.949337397072, -1.0, 0.0, 1.0, -0.857564203486, 1.45738684001, 2.0, 1.84721647875, -1.0, 0.789115328384, 93551.0, 557.0, 99460.0
2.0, -0.930724054481, 3.0, 0.0, -1.0, 2.10930239864, -1.0, 1.86095493516, 2.03433866461, 2.0, -1.0, 1.0, -0.193836861119, 0.0366709301893, 1.0, 0.260519385553, 1.02168536619, 0.0, -1.0, -1.0, 0.186654853211, 2.0, -0.186422971504, 0.0, 0.103223458018, -0.873012319887, -0.73946675539, 0.0, 0.104696928242, 1.0, 0.130241997652, 1.0, 3.0, -1.0, 0.0, 0.0, 1.41571376583, 0.0611058881621, 0.272712967271, 2.08550105134, -1.0, 0.0452456204851, -0.428872549844, 2.84233295637, -1.0, 0.262777042651, 3.0, 0.12942344396, 1.88758194102, 0.0, 93417.0, 558.0, 99487.0
-1.0, 1.63329896667, 2.79796528833, -0.849526784318, -0.717947713629, 3.0, 1.0, 1.0, 1.34009467112, -0.0756982164497, -0.870111873437, 0.492548935554, -1.0, 1.85811217121, -1.0, 2.6838620981, 2.57972338066, -0.059689587507, 0.0, 0.0, -1.0, -0.948346191508, 3.0, 1.0, 2.0, 2.0, 1.1271953154, -0.970046659396, 2.02318879971, 0.714629722255, 2.48736562931, 1.90804133032, 1.0, -0.261328638955, 2.0, 0.823250635468, 3.0, -0.169214861014, 1.0, -1.0, 0.762819791267, -1.0, -0.634175591205, 2.42140318037, -0.968839077812, 2.0, 0.195949695786, 3.0, -1.0, 0.0, 94723.0, 496.0, 99503.0
-1.0, -0.930724054481, 2.0, -0.849526784318, -0.413503892051, 3.0, 1.0, -0.400451872998, 1.93235665462, 2.40362381628, -0.697533606253, -1.0, 1.11326554411, 2.8029919695, 3.0, -0.315134725369, 1.0, 2.0, 0.0, 0.0, -1.0, 2.0, 3.0, 0.185062628124, 2.0, 1.32859158693, 0.00136908421635, 0.0, 1.92268026334, 0.0, -0.0436143614864, -0.331456969346, 1.24388814145, -0.261328638955, 0.530468140014, 0.360816824155, 3.0, 0.0, 0.959497587734, -1.0, -0.710532743188, -1.0, 0.0, 1.0, -0.904192665551, 2.0, -0.139829272247, 3.0, -1.0, 0.0, 93847.0, 544.0, 99477.0
1.76430874503, 0.428024917392, 0.0, 3.0, 2.13967063366, 0.0, -1.0, -1.0, -0.618285437735, -0.617328903917, 2.42975178898, 1.84647670954, -1.0, 0.0, -1.0, 0.0, 2.0013090544, 0.0451101987689, 0.0, -1.0, 2.0, -1.0, 2.22084311014, 0.0669578468761, 1.66736342089, 0.28236116807, 2.23485993794, 1.29182236299, 2.0, 0.0, 3.0, 0.0, 2.0, 1.0, 0.776004318439, 1.0, 0.240586496569, 2.49920697912, 0.919437744146, 0.781798581097, -0.613243894934, 1.0, -1.0, 2.0, 0.809529393967, 2.39017061871, -0.603048896283, 1.0, 2.18316251391, 0.0, 93743.0, 549.0, 99475.0
1.12223511521, 1.0, 2.0, 0.76695625435, 0.0, 3.0, 1.0, -0.231312200201, 2.0, 1.0, 1.0, 0.135718489452, -1.0, 2.0, 1.14526110655, 3.0, 0.0733733401625, 0.365347488126, 1.0, 1.39501001198, -1.0, 2.0, 3.0, 1.0, -0.442088769343, 1.60639617447, -1.0, 1.13253900939, -0.339245304477, 0.0, 1.0, -0.424078961644, 1.0, 1.0, 2.0, 2.0, 3.0, 0.0, 1.0, 2.20963282262, 2.77045959434, -0.959379104467, 0.0, 1.0, 0.0, 2.0, 2.0, 3.0, -1.0, 0.0, 93006.0, 644.0, 99397.0
1.15597920659, 2.97718558207, 0.0, -0.527529683165, 2.0, 2.6090410066, 2.02323294809, -1.0, 2.0350576478, 0.0821583570801, 2.23978828259, 2.0, -1.0, 0.0, -1.0, -0.291796922185, 1.83004919911, 0.0, 0.0, -1.0, 2.34180135377, -1.0, 0.0768212464227, 1.0, 1.0, 1.0, 2.29377691075, 1.17875734126, -0.593969011592, -0.675116536552, 3.0, 0.0, 1.54416744047, 2.0, 0.450272284763, 1.03629424976, -1.0, 1.17065450594, 0.0, -0.164080817311, 1.0, -0.824220402348, -1.0, 2.0, -1.0, 0.93557626261, -1.0, 0.73866346823, -1.0, 0.0, 94236.0, 503.0, 99516.0
1.0, 2.0, -0.315428645602, -0.673996748349, 0.0, -0.496525324587, -0.779725421124, -0.610519092328, 0.732978671228, 0.399404859128, 2.0, 1.04259816325, -1.0, 2.65550030129, 0.165636756738, 1.0, 2.98733405927, 1.12116383794, 0.0, 0.0377187068315, 0.0, -0.559616517224, 0.0, 0.924682337227, 1.0, 1.0, -0.0340758591142, 3.0, 0.84255538831, 0.410832044234, 0.0481236497153, 2.32081458591, -0.094356300801, -0.999678042431, 1.0, 3.0, 3.0, 0.0879370257145, 2.0, -0.892803530051, -1.0, -0.970763500171, 0.738309983061, -0.522130473226, 1.0, 1.3307092398, 0.0, -0.481653515134, -1.0, 2.0, 93720.0, 553.0, 99469.0
-1.0, -0.998418689948, 1.0, 0.703587878236, -0.180737937709, -0.137183520196, 2.12060066858, 0.993741782571, -0.297753371109, 3.0, -0.72354978644, 0.0, 1.0, 0.492040808475, 2.45396905236, 0.716595971747, 0.0132392073517, -0.74235222718, -1.0, 0.0, -0.938444118804, 0.0, -0.49969593113, 1.35745908427, -0.247427970163, 1.32859158693, 1.38328601197, 2.03820180462, 2.00423755133, -0.730896711806, -0.625636899815, 2.32081458591, 1.67455059368, 0.00140498744854, 1.0, 1.77098784771, -0.291682625619, 1.98856863324, -0.948372798105, 1.0, 0.0, -1.0, -1.0, 0.160325950429, 1.98138697115, 0.262777042651, 2.0, 0.0, -0.948491220851, 0.373937900647, 93654.0, 535.0, 99485.0
1.03666868061, 2.0, 2.0, -0.391239921369, 0.0, 1.0, 2.0, 0.771895703408, 0.0979391460909, 2.07074142141, 1.0, 1.40651912852, 1.25858508467, 3.0, 1.44808485002, 2.30598649752, 0.246167629758, 1.08199133898, -1.0, 1.34631232936, 2.0, 2.19945220531, 1.57200540448, -0.47387396891, 1.07146707757, -0.214010121062, -0.276808612231, 1.01693588362, 0.271659196789, -0.193452626881, 0.582745128525, 0.133404586148, 0.299505933766, -0.98160479374, 1.0, -0.113905516259, -0.359515275405, -0.469532850446, 2.0, 1.0, 2.0, -1.0, -1.0, -0.823310893591, -1.0, 2.0, -1.0, 1.51767954255, 2.10410869393, 0.0, 92924.0, 620.0, 99428.0
0.0, 2.9703776489, 0.0, 1.52447087232, 0.0, -0.0858917436791, 0.0, 1.86095493516, 0.0, 1.54708098853, -0.71540726974, 0.0, -1.0, 0.0, -0.177398665989, 2.0, 0.125776964073, 0.0, 2.0, 0.0, 0.777213452766, 1.42431076274, 1.37606883189, 0.134228097052, 1.0, 0.0, 1.06102529133, 2.0, 1.0, 1.0, 3.0, 3.0, 1.0, 2.0, 2.0, 2.0, 3.0, 0.520979735576, 1.0, 1.3150280557, 1.0, 2.0, -1.0, 2.34928356736, 0.317514541963, 0.0, 0.0, -0.0648983140948, 2.01032320197, 0.0, 92708.0, 666.0, 99387.0
-1.0, -0.815182127209, 2.0, -0.231030623866, -0.413503892051, 3.0, 2.0, 1.95537280129, 3.0, 1.0, -0.85511863056, 1.61778989799, -1.0, 0.520721254937, 3.0, 2.18149740761, 0.428248476742, 2.0, -0.535189850564, 0.0, 0.103622382654, 2.0, 3.0, 1.0, 2.11205450239, 2.0, -0.909011829033, 0.0, 1.0, -0.732487093829, -1.0, 0.0, 1.53458284538, -0.261328638955, 0.562347565289, 1.0, 3.0, 1.17065450594, 1.0, 1.25125946364, 0.949337397072, -1.0, -0.733498686778, -0.206115584542, -0.857564203486, 2.62266895017, 2.0, 3.0, -1.0, 0.0, 94239.0, 530.0, 99475.0
-1.0, -0.239004227004, 1.0, 1.76967780291, -0.180737937709, -0.137183520196, 2.0, 0.993741782571, -0.121183548939, 3.0, 2.29212675428, -0.223212664529, 1.0, 0.240891529072, 2.0, -0.773051468887, 0.388082897724, 1.82602598406, -1.0, 0.0, -0.888971137905, 0.0, 0.0, 0.913944371756, -0.91113351724, 1.32859158693, -0.888443764914, 2.03820180462, 1.4880805913, -0.508279725289, -1.0, 1.48063585066, 1.24388814145, 0.00140498744854, 0.727500470748, 1.77098784771, -0.291682625619, 2.45561190321, -0.948372798105, 1.0, 0.0, -1.0, -1.0, 0.160325950429, 1.98138697115, 1.43693871243, 2.34219078726, 0.00167530467643, 1.57520948519, 0.373937900647, 93507.0, 554.0, 99480.0
0.152975349767, 0.476396055916, 2.58663579835, 3.0, 0.0, 3.0, 1.0, -0.231312200201, 1.77524853163, 1.0, -0.66433251743, 0.135718489452, 1.0, 2.37631654245, -0.905684263298, 3.0, 0.0733733401625, 2.0, 1.0, 1.39501001198, -1.0, 2.44211111168, 3.0, -0.365433013789, -0.247427970163, 0.351730806233, -1.0, 1.72230321178, -0.339245304477, 0.518439411179, 2.18104854225, -0.424078961644, 1.0, 1.62562544463, 2.19794837639, 2.0, 0.855370975655, 0.0, 1.0, 1.80847953482, 1.23833056819, -0.899834181611, 0.0, -0.476085895562, -1.0, 2.0, 1.52183278418, 3.0, -1.0, 0.789115328384, 93404.0, 608.0, 99420.0
2.0, -0.930724054481, 3.0, 0.0, -1.0, 2.10930239864, -1.0, 1.86095493516, 2.03433866461, 2.0, -1.0, 1.0, -0.582095500241, 0.0366709301893, 1.0, 0.260519385553, 1.02168536619, 0.0, -0.221379630954, -1.0, 0.186654853211, 2.0, -0.490723443552, 0.0, -0.659812238642, 0.0, -0.73946675539, 0.0, 0.244082568193, 1.0, -0.660565455672, 1.0, 3.0, -1.0, 0.0, 0.0, 1.41571376583, 0.0611058881621, -1.0, 2.08550105134, -0.66911588806, 0.0452456204851, -0.863081490694, 3.0, -1.0, 0.262777042651, 3.0, 0.00774546255614, 1.88758194102, 0.0, 93984.0, 495.0, 99520.0
-1.0, 1.0, 0.338245943462, -0.849526784318, 2.99938493779, 3.0, -0.159678623657, -0.677186461855, 3.0, 0.704359791839, -0.19715429926, 0.0, -1.0, -0.0857539806686, 0.663804633038, 3.0, 1.0, 0.0, 2.31073142896, -0.385884620458, -1.0, 2.52235801471, -0.146165921563, -0.457512191339, 2.0, 2.0, 1.19959724262, 0.0, 0.104696928242, 0.497706011302, 1.0, -0.256984674599, 1.3681965098, 1.0, 2.61361953757, -0.39028293843, 3.0, 1.82983812586, 1.0, -1.0, 0.949337397072, -1.0, -0.572467460381, 2.43654070145, 0.0, 2.0, -0.972760213531, 3.0, -1.0, 0.0, 93675.0, 564.0, 99457.0
