0.549905848015, 0.826637520307, 81.6820892924, 0.61476086295, 1.43883779075, 4.52926310202, 0.388959781924, 3.58520598755, 9.34106937129, 707.926819944, 0.223345849196, 0.0
0.802047750944, 0.821048887321, 86.3639181235, 0.676683083387, 17.4222393122, 1.44091260294, 0.11243441698, 2.78666006139, 5.28362205232, 867.49282886, 0.168058519869, 0.631578947368
0.134045004666, 0.821048887321, 87.8380817586, 0.697962511403, 53.2140212446, 2.79192750464, 0.0218803376656, 4.59305125192, 3.66507164476, 1135.33675613, 0.0174049846518, 0.0
0.238045806935, 0.821048887321, 82.6178773263, 0.697926010597, 46.1214614864, 1.14092005614, 0.0218803376656, 4.59305125192, 4.38631171427, 1005.61438632, 0.00566796134293, 0.142857142857
0.134045004666, 0.821048887321, 87.8380817586, 0.697962511403, 53.2140212446, 1.44091260294, 0.0218803376656, 4.76296426356, 1.00243634883, 974.664426303, 0.0175572909187, 0.75
0.458835971023, 0.976552618319, 92.4453718779, 0.546190979236, 63.8810589901, 48.0680176806, 0.334459514074, 0.301876520736, 1.10992216627, 1684.46448036, 0.0, 0.0
0.458835971023, 0.826637520307, 80.6727852005, 0.546190979236, 48.48488498, 48.0680176806, 0.334459514074, 0.0409108936432, 1.10992216627, 782.649893719, 0.218306901291, 0.0
0.119299394356, 0.836517708118, 91.0745902787, 0.530998950908, 68.7513187185, 1.57283115237, 0.464884944999, 2.24666784165, 5.28362205232, 979.368283276, 0.0139218075799, 0.739130434783
0.458835971023, 0.826637520307, 86.4253694072, 0.502347022215, 20.077393261, 48.0680176806, 0.334459514074, 0.017772892436, 1.10992216627, 0.0, 1.0, 0.0
0.295441619598, 0.821048887321, 87.8380817586, 0.638057774614, 11.3811021801, 1.50339268596, 0.0218803376656, 4.07618080127, 1.14000738931, 873.464939102, 0.037563414975, 0.363636363636
0.108149538604, 0.821048887321, 87.7118967343, 0.699818719556, 45.101406917, 1.14092005614, 0.0218803376656, 3.70519148286, 1.00243634883, 1029.49651011, 0.000185160441418, 0.75
0.214656032938, 0.821535653777, 83.6325481378, 0.585837065133, 11.6921177106, 1.57283115237, 0.415261866464, 2.24666784165, 5.60761976689, 1222.04599477, 0.0105107326836, 0.0
0.134821946108, 0.821048887321, 90.5577226936, 0.473545888945, 84.2750331398, 1.015779513, 0.945744952647, 4.50746995618, 1.00243634883, 1564.80904267, 0.00124296762658, 0.714285714286
0.134045004666, 0.821048887321, 87.8380817586, 0.697962511403, 53.2140212446, 2.79192750464, 0.0218803376656, 4.59305125192, 10.8306230064, 939.30047619, 0.0210234085724, 0.0
0.134821946108, 0.821048887321, 90.5577226936, 0.473545888945, 84.2750331398, 1.015779513, 0.945744952647, 4.50746995618, 1.00243634883, 900.020887286, 0.00292720097852, 0.787878787879
0.108149538604, 0.821048887321, 87.7118967343, 0.699818719556, 45.101406917, 1.14092005614, 0.000536512928891, 3.70519148286, 1.00243634883, 1315.09876775, 0.0044211495092, 0.0
0.124982409542, 0.821048887321, 87.7118967343, 0.473545888945, 45.101406917, 1.015779513, 0.945744952647, 4.50746995618, 1.00095108232, 1508.63700038, 0.00427589711698, 0.65
0.134821946108, 0.846352428698, 90.5577226936, 0.473545888945, 45.101406917, 1.44091260294, 0.126337610119, 4.9688555984, 1.00243634883, 1366.35426543, 0.00346306812035, 0.857142857143
0.802047750944, 0.833062743752, 83.6325481378, 0.676683083387, 17.4222393122, 48.0680176806, 0.11243441698, 2.78666006139, 1.10992216627, 748.63916387, 0.382278447308, 0.555555555556
0.802047750944, 0.833062743752, 86.3639181235, 0.676683083387, 17.4222393122, 48.0680176806, 0.11243441698, 2.78666006139, 1.56593112686, 773.030002391, 0.729507237966, 0.6
0.232948337189, 0.828343899287, 81.6820892924, 0.667657105216, 53.2140212446, 5.27595414801, 0.0218803376656, 3.83279653572, 3.6363740528, 933.4511685, 0.0433467004636, 0.454545454545
0.135583378243, 0.828343899287, 81.6820892924, 0.667657105216, 77.3972296148, 6.81842310756, 0.539889850188, 4.44210864205, 1.00243634883, 879.801439336, 0.0500042930837, 0.571428571429
0.101949629124, 0.826490353811, 81.6820892924, 0.671070083548, 66.5728501857, 1.44091260294, 0.650545990656, 4.9688555984, 1.01736024168, 1578.74542727, 0.00419866094773, 0.8
0.44896411607, 0.828343899287, 85.7591392812, 0.575713553089, 11.6921177106, 1.78601796417, 0.511523404327, 4.23658901156, 4.38631171427, 1015.12046657, 0.0256928930956, 0.0
0.101949629124, 0.826490353811, 84.4130237862, 0.473545888945, 39.1447878079, 1.44091260294, 0.947753878938, 3.80392705203, 1.01736024168, 1277.44760249, 0.00604045484129, 0.730769230769
0.101949629124, 0.826637520307, 84.6387293364, 0.473545888945, 86.5162697443, 1.44091260294, 0.947753878938, 3.80392705203, 1.01736024168, 1274.72930029, 0.0082611317679, 0.703703703704
0.108149538604, 0.826637520307, 83.5031969152, 0.623268669768, 2.59604242571, 1.57283115237, 0.606961860545, 4.97281377785, 5.72530373438, 1179.6193279, 0.0103829590921, 0.333333333333
0.101949629124, 0.826490353811, 81.6820892924, 0.473545888945, 66.5728501857, 1.44091260294, 0.650545990656, 4.9688555984, 1.01736024168, 1275.51078728, 0.0092800648805, 0.466666666667
0.108149538604, 0.826637520307, 83.5031969152, 0.623268669768, 2.59604242571, 1.02972995508, 0.606961860545, 2.24666784165, 5.72530373438, 1453.25422073, 0.00472297014231, 0.181818181818
0.222102027168, 0.828343899287, 81.6820892924, 0.676683083387, 17.4222393122, 1.0517391812, 0.00270765877987, 3.83279653572, 9.0853760893, 1510.62832267, 0.0057984195273, 0.0
0.108149538604, 0.821048887321, 87.7118967343, 0.699818719556, 58.9035519489, 1.14092005614, 0.394728905766, 4.95861714953, 1.00243634883, 1785.34620592, 0.00223939700786, 0.0
0.101949629124, 0.826637520307, 84.4130237862, 0.667657105216, 72.1264184183, 24.7145344669, 0.947753878938, 3.80392705203, 1.01736024168, 1959.8435244, 0.0, 0.0
0.108149538604, 0.821048887321, 87.7118967343, 0.699818719556, 45.101406917, 1.14092005614, 0.0218803376656, 3.70519148286, 1.00243634883, 1718.04148784, 0.00273829284048, 0.1
0.108149538604, 0.821048887321, 87.7118967343, 0.698988296987, 45.101406917, 1.14092005614, 0.0218803376656, 3.70519148286, 1.00243634883, 1799.00956974, 0.00207003814446, 0.794117647059
0.101949629124, 0.826490353811, 84.4130237862, 0.473545888945, 39.1447878079, 1.44091260294, 0.947753878938, 2.70779925177, 1.01736024168, 1740.94629011, 0.00223926636676, 0.769230769231
0.295441619598, 0.821048887321, 87.8380817586, 0.698178936703, 11.3811021801, 1.50339268596, 0.0218803376656, 4.07618080127, 1.14000738931, 1158.91099763, 0.0214082338134, 0.0833333333333
0.134821946108, 0.846352428698, 90.5577226936, 0.473545888945, 61.6340124424, 1.44091260294, 0.126337610119, 4.9688555984, 1.00243634883, 1198.67128751, 0.0136612175865, 0.8
0.214656032938, 0.828343899287, 81.6820892924, 0.667657105216, 17.4222393122, 1.63245606484, 0.00270765877987, 3.83279653572, 9.0853760893, 1012.14119879, 0.0242523979935, 0.454545454545
0.738885691766, 0.833880032794, 80.2328900429, 0.575065477586, 9.99673264792, 37.6793440195, 0.0756765967347, 4.08642899689, 10.2722131556, 1101.57918176, 0.441977294112, 0.0
0.108149538604, 0.826637520307, 83.5031969152, 0.623268669768, 2.59604242571, 1.07551587714, 0.606961860545, 2.24666784165, 1.22559577594, 1612.72770684, 0.00549310774884, 0.533333333333
0.117514510448, 0.836517708118, 83.6325481378, 0.414985348515, 11.6921177106, 1.57283115237, 0.415261866464, 2.24666784165, 1.80475348128, 1083.89129141, 0.0254308000394, 0.727272727273
0.802047750944, 0.833062743752, 86.3639181235, 0.676683083387, 17.4222393122, 48.0680176806, 0.11243441698, 2.78666006139, 1.10992216627, 2715.58058021, 0.0, 0.25
0.134821946108, 0.846352428698, 90.5577226936, 0.473545888945, 84.2750331398, 1.44091260294, 0.126337610119, 4.9688555984, 1.00243634883, 2462.84373827, 0.00074066753685, 0.125
0.134821946108, 0.821048887321, 87.7118967343, 0.473545888945, 45.101406917, 1.015779513, 0.945744952647, 4.50746995618, 1.00243634883, 1992.57389053, 0.00161277809687, 0.666666666667
0.119299394356, 0.828343899287, 81.6820892924, 0.667657105216, 53.2140212446, 1.015779513, 0.815196958953, 4.44210864205, 1.00243634883, 2151.4472172, 0.00220774640213, 0.5
0.802047750944, 0.833062743752, 86.3639181235, 0.676683083387, 32.5646359873, 48.0680176806, 0.97126000009, 4.17974615085, 1.56593112686, 3008.5491985, 0.0, 0.0
0.108149538604, 0.827043661168, 87.7118967343, 0.699818719556, 11.6921177106, 1.14092005614, 0.0218803376656, 3.70519148286, 1.00243634883, 2333.28335503, 0.00134087594953, 0.0
0.108149538604, 0.826490353811, 84.4130237862, 0.473545888945, 37.245735108, 1.16365698578, 0.947753878938, 4.9688555984, 1.01736024168, 1531.80663838, 0.00722738986998, 0.0
0.119299394356, 0.836517708118, 91.0745902787, 0.530998950908, 68.7513187185, 1.57283115237, 0.464884944999, 3.7815475115, 5.28362205232, 1659.91356673, 0.00671609973605, 0.0
0.214656032938, 0.82594281287, 84.9792522391, 0.61476086295, 46.1214614864, 1.50339268596, 0.0218803376656, 4.07618080127, 4.90732868029, 1338.88963414, 0.0165010125621, 0.0833333333333
0.108149538604, 0.826637520307, 82.6178773263, 0.623268669768, 43.7060934215, 1.57283115237, 0.388959781924, 2.24666784165, 1.00243634883, 1788.88147078, 0.00386253579958, 0.0
0.134821946108, 0.846352428698, 86.5859364939, 0.442525708997, 79.9146772699, 1.44091260294, 0.126337610119, 4.9688555984, 1.00243634883, 2201.63132362, 0.00156516856845, 0.714285714286
0.853466500526, 0.836517708118, 83.6325481378, 0.681817143008, 14.6934672654, 36.4494277145, 0.815196958953, 2.24666784165, 13.0323738168, 3228.31376175, 0.0, 0.0
0.108149538604, 0.821048887321, 87.7118967343, 0.699818719556, 45.101406917, 1.14092005614, 0.0109505315925, 4.95861714953, 1.00243634883, 1547.56572165, 0.00500122239391, 0.828571428571
0.134045004666, 0.93012869772, 88.4216918479, 0.477271979741, 63.8810589901, 1.78601796417, 0.834077009859, 4.99858135836, 5.72530373438, 5463.08190928, 0.000163795110798, 0.142857142857
0.458835971023, 0.976552618319, 92.4453718779, 0.546190979236, 63.8810589901, 48.0680176806, 0.334459514074, 0.0409108936432, 1.10992216627, 6822.08114545, 0.0, 0.0
0.253664540104, 0.976552618319, 92.4453718779, 0.546190979236, 48.48488498, 48.0680176806, 0.334459514074, 0.169109117554, 1.10992216627, 4548.05409696, 0.0, 0.545454545455
0.108149538604, 0.821048887321, 87.7118967343, 0.676683083387, 58.9035519489, 1.0517391812, 0.394728905766, 4.95861714953, 1.00243634883, 2475.21956624, 0.002229431025, 0.0
0.108149538604, 0.826637520307, 82.6178773263, 0.623268669768, 39.0603664677, 1.57283115237, 0.388959781924, 4.9688555984, 1.00243634883, 1233.32821898, 0.0141718877795, 0.766666666667
0.738885691766, 0.833880032794, 80.2328900429, 0.575065477586, 9.99673264792, 37.6793440195, 0.0756765967347, 4.89885098202, 10.2722131556, 1150.41766765, 0.284855027814, 0.0
0.458835971023, 0.823704677271, 80.6727852005, 0.546190979236, 48.48488498, 48.0680176806, 0.334459514074, 0.301876520736, 1.10992216627, 1195.29877063, 0.239166235582, 0.0
0.214656032938, 0.828343899287, 81.6820892924, 0.667657105216, 17.4222393122, 1.63245606484, 0.00270765877987, 3.83279653572, 9.0853760893, 1097.07612456, 0.0321385063855, 0.6
0.713110630721, 0.848593076098, 82.5092169339, 0.579877225046, 6.22658125328, 1.57379000864, 0.121821028511, 3.83279653572, 1.56593112686, 1017.33512069, 0.0649824445534, 0.380952380952
0.101949629124, 0.846352428698, 87.8380817586, 0.610157234989, 39.1447878079, 1.0113812997, 0.947753878938, 4.07618080127, 1.01736024168, 1484.71547751, 0.0060669693869, 0.727272727273
0.101949629124, 0.826637520307, 83.5031969152, 0.623268669768, 2.59604242571, 1.02972995508, 0.567761992809, 2.24666784165, 5.72530373438, 1959.13385453, 0.00330556071348, 0.294117647059
0.214656032938, 0.826637520307, 82.6178773263, 0.61476086295, 46.1214614864, 1.57379000864, 0.187008250267, 1.25482568554, 6.26467827716, 1552.83169726, 0.0104342757394, 0.0
0.214656032938, 0.826637520307, 82.6178773263, 0.61476086295, 46.1214614864, 43.4759288837, 0.187008250267, 1.25482568554, 2.11436876578, 1221.15724268, 0.71768875618, 0.0
0.295441619598, 0.821048887321, 87.8380817586, 0.623268669768, 11.3811021801, 1.50339268596, 0.0756765967347, 4.07618080127, 1.67242593873, 1038.14307473, 0.038771229953, 0.521739130435
0.101949629124, 0.846352428698, 87.8380817586, 0.473545888945, 39.1447878079, 1.44091260294, 0.947753878938, 4.07618080127, 1.01736024168, 1489.68108112, 0.00596534231537, 0.8125
0.214656032938, 0.837319494126, 84.0774668141, 0.610856896494, 0.0512799536437, 2.87356678007, 0.150396506454, 2.05213067396, 5.79397943292, 1113.74584666, 0.0516498566702, 0.5
0.134821946108, 0.846352428698, 91.4471374941, 0.442525708997, 79.9146772699, 1.44091260294, 0.126337610119, 4.9688555984, 1.00243634883, 2743.07857114, 0.00160506043196, 0.785714285714
0.802047750944, 0.821048887321, 86.3639181235, 0.61476086295, 17.4222393122, 1.44091260294, 0.0646311942893, 3.58520598755, 5.28362205232, 1152.067196, 0.112909618216, 0.357142857143
0.108149538604, 0.826637520307, 83.5031969152, 0.623268669768, 2.59604242571, 1.57283115237, 0.606961860545, 2.24666784165, 5.72530373438, 1314.13732144, 0.0177843022756, 0.428571428571
0.108149538604, 0.826637520307, 94.3087003565, 0.623268669768, 39.0603664677, 42.7217774097, 0.126337610119, 2.24666784165, 1.00243634883, 1243.69582536, 0.145293929353, 0.0
0.119299394356, 0.828343899287, 81.6820892924, 0.667657105216, 84.2750331398, 1.03069158565, 0.539889850188, 4.44210864205, 1.00243634883, 1934.26934089, 0.00325194724837, 0.806451612903
0.101949629124, 0.826637520307, 84.6387293364, 0.473545888945, 86.5162697443, 1.44091260294, 0.947753878938, 3.80392705203, 1.01736024168, 1481.39747478, 0.0092821289699, 0.742857142857
0.101949629124, 0.826637520307, 84.6387293364, 0.473545888945, 30.7293778748, 1.00521450925, 0.115562356863, 3.80392705203, 2.71152208912, 2456.67120176, 0.00344492551939, 0.0
0.214656032938, 0.826637520307, 82.6178773263, 0.61476086295, 46.1214614864, 10.6344388874, 0.388959781924, 3.58520598755, 4.65865794003, 1130.73068885, 0.162579855371, 0.5
0.214656032938, 0.826637520307, 82.6178773263, 0.61476086295, 46.1214614864, 1.78601796417, 0.388959781924, 3.58520598755, 4.65865794003, 1665.99508955, 0.0098025188295, 0.0
0.232948337189, 0.826637520307, 83.6325481378, 0.623268669768, 2.59604242571, 1.57283115237, 0.606961860545, 2.24666784165, 3.96783456209, 1371.57836385, 0.0249382515749, 0.0
0.101949629124, 0.826490353811, 84.4130237862, 0.473545888945, 85.0620676186, 1.44091260294, 0.947753878938, 4.9688555984, 1.01736024168, 1905.80862819, 0.00392912591626, 0.25
0.101949629124, 0.826637520307, 87.8380817586, 0.473545888945, 30.7293778748, 1.0008171897, 0.115562356863, 4.07618080127, 1.01736024168, 1800.31170156, 0.00421581115332, 0.142857142857
0.214656032938, 0.826637520307, 82.6178773263, 0.61476086295, 46.1214614864, 10.6344388874, 0.388959781924, 3.58520598755, 4.90732868029, 1244.0955437, 0.124816535244, 0.117647058824
0.134821946108, 0.846352428698, 86.5859364939, 0.442525708997, 79.9146772699, 1.40711342178, 0.126337610119, 4.9688555984, 1.00219173171, 1677.42861216, 0.00607201569065, 0.5
0.119299394356, 0.836517708118, 83.6325481378, 0.530998950908, 68.7513187185, 1.57283115237, 0.415261866464, 3.7815475115, 5.28362205232, 1504.65382301, 0.0150519413501, 0.1875
0.295441619598, 0.821048887321, 94.7525234081, 0.698178936703, 0.85839333597, 1.50339268596, 0.0218803376656, 4.07618080127, 1.14000738931, 1183.68552306, 0.0231939835528, 0.806451612903
0.119299394356, 0.833880032794, 81.6820892924, 0.667657105216, 84.2750331398, 1.03069158565, 0.539889850188, 4.44210864205, 1.00243634883, 1579.53609796, 0.00658262755313, 0.695652173913
0.101949629124, 0.846352428698, 87.8380817586, 0.610157234989, 39.1447878079, 1.0113812997, 0.947753878938, 4.07618080127, 1.01736024168, 2457.97378384, 0.00234735618314, 0.733333333333
0.134045004666, 0.913410745092, 83.5031969152, 0.538347193895, 91.4745567489, 2.7107718065, 0.420330615326, 4.02810107862, 1.56593112686, 2567.47491254, 0.00250620767031, 0.125
0.108149538604, 0.826637520307, 82.6178773263, 0.623268669768, 39.0603664677, 1.57283115237, 0.388959781924, 2.24666784165, 1.00243634883, 2670.35929696, 0.00375374613602, 0.0
0.101949629124, 0.826490353811, 81.6820892924, 0.473545888945, 66.5728501857, 1.44091260294, 0.650545990656, 3.80392705203, 1.01736024168, 1936.30101184, 0.00519712595821, 0.0
0.738885691766, 0.833880032794, 80.2328900429, 0.575065477586, 9.99673264792, 37.6793440195, 0.0756765967347, 4.08642899689, 10.2722131556, 1273.41829878, 0.641181506154, 0.0
0.108149538604, 0.826637520307, 84.6387293364, 0.473545888945, 2.59604242571, 1.44091260294, 0.947753878938, 3.80392705203, 4.00561706464, 2725.39466471, 0.00246836161986, 0.384615384615
0.101301478002, 0.93012869772, 88.4216918479, 0.602413669915, 63.8810589901, 1.57283115237, 0.496248498546, 4.99858135836, 5.72530373438, 4554.48512858, 0.0035533278791, 0.0
0.134821946108, 0.828343899287, 86.3639181235, 0.414985348515, 99.9009088147, 48.1787153493, 0.606961860545, 4.07618080127, 18.0018706874, 1314.73338561, 0.231119146456, 0.125
0.134821946108, 0.846352428698, 90.5577226936, 0.473545888945, 45.101406917, 1.44091260294, 0.114890400185, 4.9688555984, 1.00243634883, 3111.30525446, 0.00232365133091, 0.65
0.44896411607, 0.828343899287, 85.7591392812, 0.575713553089, 16.6176397427, 1.78601796417, 0.511523404327, 4.23658901156, 4.38631171427, 1578.18728694, 0.0143270391787, 0.125
0.295441619598, 0.821048887321, 87.8380817586, 0.623268669768, 11.3811021801, 1.50339268596, 0.0756765967347, 4.07618080127, 1.67242593873, 1608.39067916, 0.0154240708098, 0.0
0.222102027168, 0.828343899287, 81.6820892924, 0.676683083387, 17.4222393122, 1.0517391812, 0.00270765877987, 3.83279653572, 9.0853760893, 1645.61418684, 0.0101071586424, 0.2
0.232948337189, 0.828343899287, 81.6820892924, 0.667657105216, 53.2140212446, 5.27595414801, 0.0105679069912, 4.41095534579, 4.38631171427, 1294.10972037, 0.0705561494838, 0.235294117647
