3.0, -1.0, 2.85817881024, 2.0, 2.0, 0.207564724107, 0.0, 3.0, -1.0, 2.0, 0.377507051431, 1.52880499282, 1.0, 3.0, 1.03419894744, -0.529017874146, -0.157272386172, 1.0, 2.22172574136, 0.0, -0.844356892441, 2.0, 3.0, 2.05992386833, -1.0, 0.0, 3.0, 0.0, 2.0, 3.0, 0.0, -1.0, 2.0, 1.0, 0.0, -0.96846970532, 1.0, 1.0, 0.0, 1.0, 1.0, -1.0, 3.0, 1.0, 2.08243326301, 2.0, 2.0, 0.0, 1.0, 1.9557102312, 96841.0, 612.0, 99495.0
2.0, 0.0, 2.97662029077, 0.0, 0.998761610203, 2.0, 0.0, 2.0, 0.0, 1.0, 2.0, 3.0, 1.0, 0.0, 2.57394482433, 3.0, 1.0, 3.0, 1.0, 1.0, 0.664292929511, 1.0, 3.0, 2.0, 2.10295508371, 0.0, 3.0, 0.0, 2.0, 1.0, 2.0, 3.0, 2.0, -1.0, -1.0, 2.0, 1.0, 0.0, 3.0, 2.1577959876, 0.0, 2.58940771718, 1.0, 1.0, -1.0, 0.494550780369, 3.0, 0.0, -1.0, 0.0, 96701.0, 680.0, 99447.0
2.77788359851, -0.473179348135, 0.0, 3.0, 0.0, 2.18720491616, 2.0, -1.0, 0.0, 2.0, 3.0, 1.32161844207, 2.0, 1.55626931751, 3.0, 0.0882871603994, 0.0, 1.83458900334, -0.401373327089, -1.0, 1.42885587769, 2.0, 1.45846857024, 3.0, 2.43771903789, 3.0, 0.0, 1.0, 0.0, 2.41861496935, 0.0, 2.0, 3.0, 3.0, -0.103867973119, 2.0, 2.0, 3.0, -1.0, 2.0, -1.0, 3.0, 3.0, -0.685264348739, 1.80577815451, 1.01241267033, 2.82035520638, 1.0, -1.0, 0.0, 96740.0, 651.0, 99461.0
0.0, 0.0, 1.0, 1.0, 1.3492531536, 2.0, 2.0, 0.0, 3.0, 1.0, 1.0, 2.0, 0.0, 2.40930339462, 2.0, 2.0, 0.0, -1.0, 1.0, 0.0, 0.604467327915, 1.0, 2.01325732803, 3.0, -1.0, 2.0, 3.0, 1.0, 2.0, 3.0, 2.0, 1.0, -1.0, 1.0, 2.0, 0.793157902725, -1.0, 3.0, 0.0, 0.0, 3.0, 0.0, 0.0, 1.0, 0.0, 2.0, 3.0, 0.0, 2.0, 1.0, 96541.0, 678.0, 99457.0
1.0, 1.0, 1.0, 0.0, -0.149268150817, 0.0, -0.0409618455238, -1.0, 0.0, 2.0, -0.822524951628, 0.566726534341, 1.64163263653, 1.81167881787, 2.0, -1.0, 0.0, 1.0, 1.0, 3.0, 0.0, 2.0, 0.743584219682, 1.0, 1.0, 1.0, 2.0, 0.0, -1.0, -1.0, 0.467963792449, 2.0, 1.0, 0.0, 2.7236600836, -1.0, 1.86463058873, 3.0, -1.0, 0.0, -0.0896477878906, -1.0, 2.16329127019, 2.0, -1.0, -1.0, 2.0, 2.0, 3.0, 0.0, 96789.0, 582.0, 99523.0
0.0, -1.0, 0.0, -1.0, 3.0, 2.0, 2.0, 2.04306135214, 1.0, 1.09651052569, 3.0, 0.0, 2.0, 1.0, 1.0, 2.0, -0.0365222983226, 0.0, 1.0, 0.0, 1.0, 2.0, 0.0, -1.0, 1.0, 1.0, 2.0, 0.0, 0.0, 1.7890989676, 2.0, 1.0, -1.0, 0.0, 2.0, -1.0, 0.0, 2.0, -1.0, 0.0, 1.0, 1.0, 3.0, 3.0, 1.0, 2.0, 3.0, 2.0, 1.0, 0.0, 96639.0, 636.0, 99481.0
2.0, 1.0, -0.00653380982527, 0.0, 1.0, 2.0, 1.0, 1.0, 0.0, -0.810149401287, 3.0, 0.165556798235, 0.0, 0.919626719707, 0.0, 0.399239874317, -0.879702210017, 0.0, 1.0, 2.0, 0.0, -1.0, 2.11281388295, 2.0, 1.0, 1.0, 2.0, 2.66215410783, 1.0, 2.0, 0.780008695709, -1.0, 0.0, 0.0, 3.0, 2.0, -1.0, 3.0, 1.0, -0.462560580928, 3.0, -1.0, 1.0, 1.11151925443, -1.0, 1.0, 1.4928593022, 0.0, 0.598276777554, 0.0, 96514.0, 638.0, 99489.0
-1.0, 1.0, 0.0, -1.0, 0.0, 0.0, 1.0, 0.0, 2.0, 2.0, -0.241350547921, 1.0, 1.0, 0.0, 0.960725936196, 3.0, 0.0, 1.0, -0.0893465083803, 0.0, -1.0, 2.6716575133, -1.0, 1.0, -1.0, 2.0, 2.0, 0.0, -0.788874851821, 1.0, 2.0, 0.0, 1.0, 1.0, -0.171992914546, -0.251833606698, 1.0, -1.0, 1.0, -1.0, 2.0, 0.0, 2.0, 2.0, 0.563823729549, 1.0, 0.445491774082, 1.0, 2.0, 1.0, 96522.0, 626.0, 99497.0
0.146864169641, 0.0, 1.28904260497, 3.0, 1.0, 2.0, 0.0, 3.0, -1.0, 1.0, 1.59868422883, 2.0, 3.0, 0.0, 0.0, 1.0, -1.0, 1.57832669479, 1.0, 0.943360783149, 2.0, 1.0, -0.858350572993, 1.0, 1.0, 2.0, 0.0, 2.0, 2.0, 1.0, 1.0, 1.0, 0.0, 3.0, 3.0, -1.0, 2.57390353854, 2.0, 0.0, 0.0, 1.0, -1.0, 2.0, 3.0, 2.0, 0.0, -1.0, 2.0, 2.0, 0.0, 96731.0, 643.0, 99472.0
0.0, 0.0771107383637, 1.0, 1.50063992213, 1.3492531536, 2.0, 2.0, 0.868447601008, 3.0, 1.0, 1.0, 2.0, 0.0, 2.40930339462, 2.0, 2.0, 0.0, -1.0, 1.0, 0.0, 0.604467327915, 1.0, 2.01325732803, 3.0, -1.0, 2.0, 3.0, 1.0, 2.0, 3.0, 2.0, 1.0, 1.0, 1.0, 2.0, 0.793157902725, -1.0, 3.0, 0.0, 0.0, 3.0, 0.0, 0.0, 2.0, 0.0, 2.0, 3.0, 1.19147942639, 2.0, 1.0, 96514.0, 697.0, 99445.0
1.0, 1.0, 2.0, 0.0, 1.0, 3.0, 2.0, 0.0, 0.0, 3.0, 1.0, 2.0, 0.0, 2.0, -1.0, 0.0, 1.0, 2.0, -1.0, 1.0, 1.0, -1.0, 0.0, 1.0, 3.0, 3.0, 0.0, 0.0, 2.0, 0.0, 2.0, 1.0, -1.0, -1.0, -1.0, 2.0, 0.0, 1.0, 2.0, 0.0, 0.0, 0.0, 1.0, 3.0, 2.0, 0.0, 3.0, -1.0, 1.0, 1.0, 96836.0, 613.0, 99493.0
-1.0, -1.0, 0.0, 0.0, 2.0, 0.0, 0.0, 2.0, -0.662576350316, 2.0, 1.0, 2.0, 2.0, 2.96594826796, 0.0, -1.0, 1.54840088247, 1.25997694518, 2.0, 1.0, 2.0, -1.0, -1.0, 2.05165813114, 1.0, 0.0, 0.830039252113, 3.0, 1.82896700228, 0.0, 0.0, -1.0, -1.0, 1.0, 1.90013590842, -1.0, 1.0, 2.0, 2.0, -1.0, -1.0, -1.0, 3.0, 1.0, 2.0, 1.0, 0.0, -1.0, 1.0, 2.0, 97202.0, 533.0, 99551.0
-1.0, 0.0, -1.0, 2.0, -1.0, 2.0, 2.0, 0.0, 1.0, 2.80347899608, 0.0, 1.0, 1.0, 2.0, -1.0, -1.0, 2.0, -1.0, 0.0, -1.0, 0.0, -0.156436296046, 2.0, 1.87641685518, 1.01493385312, 2.0, 0.0, 0.0, -1.0, 0.0, 0.0, 0.0, -1.0, 1.0, -0.0087706830401, 1.0, 3.0, 2.0, -1.0, 1.55177683507, -1.0, -1.0, 2.0, -1.0, 2.0, 2.0, 1.0, 1.03691731898, -1.0, -1.0, 97299.0, 508.0, 99585.0
2.0, 3.0, -1.0, 2.0, 0.0, 2.0, -1.0, 2.0, 3.0, 0.0, 0.0, 3.0, -1.0, 1.0, 0.0, 3.0, 0.0, 0.0, 0.0, 0.0, 0.0, 1.0, 3.0, 0.0, 2.0, 0.962559113829, 1.0, 2.0, 3.0, 0.0, 2.0, 1.0, 1.0, 1.0, 1.0, 0.0, -1.0, 1.03303995765, 2.0, 2.0, 3.0, 1.18511567617, 2.0, 1.0, 1.0, 2.0, 1.0, 0.0, 0.140546804444, 0.416357224718, 96501.0, 684.0, 99457.0
2.0, 3.0, -1.0, 2.0, 0.0, 2.0, -1.0, 2.0, 3.0, 0.0, 0.0, 3.0, -1.0, 1.0, 0.0, 3.0, 0.0, 0.0, 0.0, 0.0, -0.328912948994, 1.0, 3.0, 0.0, 2.0, 0.962559113829, 1.0, 2.0, 3.0, 0.0, 2.0, 1.0, 1.0, 1.0, 1.0, 0.0, -1.0, 1.03303995765, 2.0, 2.0, 3.0, 1.18511567617, 2.0, 1.0, 1.0, 2.0, 1.0, 0.0, 0.140546804444, 0.416357224718, 96501.0, 684.0, 99457.0
-1.0, 3.0, -1.0, 0.0, 1.0, 2.0, 0.0, 2.0, 2.28917114642, 3.0, 3.0, 0.0, 0.0, -0.00655620679733, 2.0, -1.0, 0.0, 2.0, 0.0, -1.0, 3.0, 2.0, -1.0, 0.0, 2.22715163271, 0.0, 1.0, 1.0, -1.0, -1.0, 2.0, 0.0409330645416, -1.0, 1.0, 1.0, 0.0, 3.0, 0.00335828592869, -1.0, 1.0, -0.903209051267, -1.0, 0.0, 1.37693370109, -0.960458308542, 1.0, 1.0, -1.0, 1.0, 1.0, 97021.0, 542.0, 99557.0
-1.0, 1.0, 0.0, -1.0, 0.0, 0.0, 1.0, 0.0, 2.0, 2.0, 0.0, 1.0, 3.0, 0.0, 0.0, 3.0, 0.0, 1.0, 2.0, 0.0, -1.0, 3.0, -1.0, 1.0, -1.0, 2.0, 2.0, 0.0, 0.0, 1.0, 2.0, 0.0, 1.0, 2.0, 0.0, -1.0, 1.0, -1.0, 1.0, -1.0, 2.0, 0.0, 2.0, 2.0, 2.0, 1.0, 0.0, 1.0, 2.0, 1.0, 96556.0, 618.0, 99489.0
0.0, 0.858450260704, 1.0, 1.68008567564, 2.0, -0.0740909526777, 2.3977523168, 0.0, 3.0, 1.0, 1.0, 2.0, 0.0, 2.87590750101, 2.0, 1.3597982091, 0.109978786112, -1.0, 1.0, 0.0, -1.0, 1.0, 3.0, 3.0, -1.0, 2.0, 3.0, 1.0, 2.0, 3.0, 2.47553382229, 1.0, -0.454881650088, 2.0, 2.0, 1.0, -1.0, 3.0, 0.0, 0.0, 3.0, 0.361344173122, 0.0, 1.0, 0.0, 2.0, 3.0, 0.556286186144, 2.0, 1.0, 96564.0, 681.0, 99450.0
0.0, -0.0834479864903, 3.0, 0.0, 2.0, 2.0, 0.0, 2.0, 2.0, 0.0, 2.0, 2.0, 0.0, 0.0, -1.0, 0.129830995934, -0.463575870513, 2.0, 1.0, -0.124437087765, 0.0, -1.0, 3.0, -1.0, -0.439718717223, 1.51354887719, 1.0, 0.0, 0.0, 3.0, 1.0, -1.0, -1.0, -0.737652891926, -1.0, 3.0, 2.0, 2.0, -1.0, -0.745260047921, -1.0, -0.571608680673, 1.0, 2.0, -1.0, 2.0, 2.0, -0.0592782355714, 2.0, 0.0, 96907.0, 548.0, 99531.0
2.02646839225, 1.0, 2.0, 0.0, -1.0, 3.0, 1.0, -1.0, 2.0, 3.0, 0.0, 1.0, 2.0, -1.0, 2.0, 0.0, 1.0, -0.928606445507, 1.0, 2.0, 1.0, -0.413198099619, 0.800359654671, 0.257886670717, 3.0, 0.0, 0.0, -1.0, 0.791758787212, 1.0, 1.0, 1.0, -1.0, 1.0, 2.93200320186, 2.0, -1.0, -1.0, 2.0, 0.0, 2.0, -0.139198324674, 0.0, -1.0, -1.0, 1.0, 3.0, 1.0, 2.0, 0.0, 96757.0, 588.0, 99513.0
2.19704354698, 3.0, -1.0, 2.0, 0.0, 2.0, -1.0, 2.0, 3.0, 0.0, 0.0, 3.0, -1.0, 0.0, 0.0, 3.0, 0.0, 0.0, 0.0, 0.0, -0.680433254954, 1.0, 3.0, -0.487430799459, 2.0, 0.962559113829, 1.0, 2.0, 3.0, 0.0, 2.0, 1.0, 1.0, 1.0, 0.777783723473, 0.0, -1.0, 1.03303995765, 1.0, -1.0, 3.0, 1.18511567617, 2.0, 1.0, 1.0, 2.0, 1.0, 0.0, 0.140546804444, 0.416357224718, 96585.0, 658.0, 99468.0
1.0, 2.0, 0.0934394349739, 0.0, -0.209622851498, 2.0, 1.04315664349, 0.0, 2.0, 0.0, 3.0, 0.283183152122, 1.93389669742, 1.0, 0.0, 2.0, 0.452993414644, 0.0, -1.0, -1.0, -1.0, -1.0, -0.611759147317, 1.0, -1.0, 3.0, 2.0, 1.0, 1.0, 0.0, 0.0, 0.0, 3.0, 1.0, 1.0, 1.0, -1.0, 2.0, 1.0, 3.0, 1.0, 2.0, 2.0, -0.747979982105, 2.0, 3.0, 3.0, 2.0, -1.0, 2.0, 96806.0, 605.0, 99499.0
2.0, 0.0, 2.97662029077, 0.0, 0.998761610203, 2.0, 0.0, 2.0, 0.0, 1.0, 2.0, 3.0, 3.0, -0.700267917384, 2.57394482433, 3.0, 1.0, 3.0, 1.0, 1.0, 0.664292929511, 1.0, 3.0, 2.0, 2.10295508371, 0.0, 3.0, 0.0, 2.0, -0.435779722001, 2.0, 3.0, 2.0, -1.0, -1.0, 2.0, 1.0, 0.0, 3.0, 2.1577959876, 0.0, 2.58940771718, 1.0, 1.0, -1.0, 0.494550780369, 3.0, 0.0, -1.0, 0.0, 96775.0, 665.0, 99455.0
3.0, 3.0, 1.0, 2.0, 0.0, 2.0, 0.765958978233, 0.0, 2.0, 0.0, -0.856996058074, 2.0, 0.0, 3.0, -1.0, 3.0, 0.0, 2.0, 3.0, 3.0, -1.0, -1.0, 1.0, 1.0, 1.0, 1.0, 2.0, 0.451969429149, 1.0, 0.0, 1.0, 1.16021945349, 0.0, 3.0, 2.0, 1.0, 2.18419784125, 1.37515064952, -1.0, 1.0, 0.0, 0.707059643413, 0.0, 2.0, -1.0, 1.0, 2.0, -1.0, 0.0, 0.0, 96716.0, 622.0, 99482.0
2.0, 0.0, 2.0, 0.0, -1.0, 2.0, 0.0, 2.0, 0.0, 1.0, 2.0, 3.0, 1.0, 0.0, 3.0, 3.0, 1.0, 0.0, 1.0, 1.0, 2.0, 1.0, 3.0, 2.0, 2.0, 0.0, 3.0, 0.0, 2.0, 1.0, 2.0, 3.0, 2.0, -1.0, -1.0, 2.0, 1.0, 0.0, 3.0, 1.0, 0.0, 2.0, 1.0, 1.0, 3.0, 0.0, 3.0, 0.0, -1.0, 0.0, 96625.0, 676.0, 99448.0
1.0, -1.0, 1.14736821021, 2.0, 2.0, 1.0, 0.0, 1.0, 2.07115113359, 0.764307635717, 1.0, 3.0, 0.0, 3.0, 1.0, 1.67914309804, -1.0, 0.0, -1.0, -1.0, 0.0, 2.0, 3.0, -1.0, 2.21355858182, 2.16444454204, 3.0, 0.805860321648, -1.0, -1.0, 2.0, -1.0, 0.0, -1.0, 2.0, -0.5262440891, 3.0, 1.0, -1.0, -1.0, 0.0, -1.0, -0.306043537759, -0.733867623509, 0.0, 0.0, 1.0, -1.0, 0.331361796004, 0.0, 97398.0, 511.0, 99584.0
-1.0, 0.574568294916, -0.0308124398249, -0.400481717891, 0.0, 0.0, 1.0, 0.0, 2.0, 2.0, 0.0, 1.0, 3.0, 0.0, 2.34222229617, 3.0, 0.0, 1.0, -0.0893465083803, 0.0, -1.0, 2.6716575133, -1.0, -0.438854115962, -1.0, 2.0, 2.0, -0.56724948892, -0.788874851821, 1.0, 0.394624189013, -0.462101213181, -1.0, 1.0, 0.0, -1.0, 1.0, -0.732058915541, 1.0, 0.849282718075, -0.0944174343685, 0.0, 2.0, 1.0, 2.0, 1.32203598633, -0.242723250488, 0.0, 2.0, 1.0, 96567.0, 603.0, 99513.0
0.0, 0.0, 1.0, 1.0, 2.0, 2.0, 2.0, 0.0, 3.0, 1.0, 1.0, 2.0, 0.0, 2.0, 2.0, 2.0, 0.0, -1.0, 1.0, 0.0, -1.0, 1.0, 2.0, 3.0, -1.0, 2.0, 3.0, 1.0, 2.0, 3.0, 2.0, 1.0, -1.0, 1.0, 2.0, 1.0, -1.0, 3.0, 0.0, 0.0, 3.0, 0.0, 0.0, 1.0, 0.0, 2.0, 3.0, 0.0, 2.0, 1.0, 96599.0, 662.0, 99462.0
0.0, -0.370824002479, 1.0, 1.0, 2.0, 2.0, 2.0, 0.0, 3.0, 1.0, 1.0, 2.0, 0.0, 2.0, 2.0, 2.0, 0.0, -1.0, 1.0, 0.0, -1.0, 1.0, 1.62159315099, 3.0, -1.0, 2.0, 3.0, 1.0, 2.0, 3.0, 2.0, 1.0, -1.0, 1.0, 2.0, 1.0, -1.0, 3.0, 0.0, 0.0, 3.0, 0.0, 0.0, 1.0, 0.0, 2.0, 3.0, 0.0, 2.0, 1.0, 96599.0, 662.0, 99462.0
0.714727878005, 1.0, 2.0, 0.0, 1.0, 3.0, 2.0, 0.0, -0.285547738933, 3.0, 1.0, 2.0, 0.0, 2.0, -1.0, -0.613178184739, 1.0, 0.546723283906, -1.0, 1.0, 1.0, -1.0, 0.0, 0.197013878773, 3.0, 3.0, 0.0, 0.0, 2.57221963375, 0.0, 2.0, 1.0, -1.0, -1.0, -1.0, 2.41983879184, 0.0, 1.0, 2.0, 0.0, 0.0, 0.0, 1.0, 3.0, 2.0, 0.0, 3.0, -1.0, 1.0, 1.0, 96866.0, 596.0, 99504.0
0.70113561642, 0.0, 3.0, 0.0, -1.0, 2.0, 0.0, 2.0, 3.0, 2.0, 3.0, 0.0, 2.33204978992, -0.81872326172, -0.448850774968, 3.0, 2.0, 1.0, -1.0, -0.60828543933, 0.0, 3.0, -1.0, -0.217859779074, 0.749864137809, 2.0, 2.0, -0.0922796379052, 0.36873521381, 1.0, 2.0, 2.0, -1.0, 2.0, 3.0, 2.0, 1.0, 1.0159837069, 1.0, -0.842295226435, 0.0, 3.0, 1.46326752281, 1.0, 2.0, 2.45502478062, 1.0, 1.0, 2.0, 1.0, 96891.0, 630.0, 99481.0
0.0, 0.712124585925, 0.191602639233, 1.0, -1.0, 0.0, 0.0, 1.0, 0.0, 2.0, 0.0, 3.0, -1.0, 2.0, 1.0, 1.04040953654, 0.0, -1.0, 3.0, 2.0, 1.0, -1.0, -1.0, 1.0, 0.0, 2.0, 1.89170564785, 3.0, 1.0, 3.0, 1.0, 3.0, 0.405329308009, 0.0, 2.0, 0.0, -1.0, 1.0, 1.0, -1.0, 0.0, -1.0, 0.0, 2.0, 2.0, 0.0, 2.70931615328, 0.0379586495788, 0.0, -0.603500183268, 96751.0, 601.0, 99501.0
2.0, 1.0, -1.0, 1.32918587134, 1.0, 2.0, 1.0, 1.81449838978, 0.0, 0.0, 3.0, 0.0, 0.0, 1.0, 1.58633126137, 2.0, -0.320379195815, 0.0, 1.0, 2.0, -0.16532708303, -1.0, 2.0, 3.0, 1.0, 3.0, 2.0, 2.0, 1.0, 2.0, 2.0, -1.0, 0.0, -0.930013652693, 3.0, 2.0, -1.0, 3.0, 1.0, -1.0, 3.0, 1.9701176475, 1.60697528242, 1.0, -1.0, 1.0, 3.0, 0.0, 0.688816988918, 0.0, 96769.0, 640.0, 99474.0
1.0, 1.0, 1.0, 0.0, -1.0, 0.0, 0.0, -1.0, 0.0, 2.0, -1.0, -1.0, -1.0, 2.0, 2.0, -1.0, -0.75591016603, 1.0, 1.0, 3.0, 0.0, 2.71514060119, -1.0, 0.913327362611, 1.0, 1.0, 2.0, 0.0, -1.0, -1.0, 0.0, 1.0, 1.0, 0.0, 1.0, -1.0, 1.0, 3.0, -1.0, 0.0, 0.0, 2.0, 2.91328334778, 2.0, -1.0, -1.0, 2.0, -1.0, 3.0, 0.0, 97387.0, 506.0, 99592.0
1.27052153736, -1.0, 1.0, 1.0, -0.0301332957854, 2.0, 2.0, -0.102653982242, 1.0, 0.0, 1.0, 0.0, 0.134715690625, 0.0, 3.0, 1.0, 0.0, -0.27548026672, 0.0, -1.0, 0.600318376218, 1.0, 0.0, 0.0, 1.0, 3.0, -1.0, 2.0, 2.30860008695, 0.0, 2.0, 2.00056773014, 1.0, -1.0, 0.0, 1.0, 1.0, 2.0, 3.0, 0.0, -1.0, 2.0, 2.0, 2.0, 2.0, 2.0, 0.0, 3.0, 3.0, 2.0, 96571.0, 663.0, 99463.0
-1.0, -1.0, 0.0, -0.0622167408162, 2.0, 1.0, -0.956811912751, 2.0, -1.0, 2.0, 1.0, 1.62227270182, 0.470768728081, 1.0, 0.0, -1.0, -1.0, 2.0, 2.96568122803, 0.965724298222, 2.0, -1.0, 1.0, 2.0, 1.0, 0.0, 0.0, 3.0, 0.0, -0.892539635701, 0.0, -1.0, -1.0, 2.13887123939, 0.0, -1.0, -0.697340133046, 2.0, -0.124192283676, -1.0, -1.0, -1.0, 3.0, 1.0, 2.0, 1.0, 0.0, -1.0, 1.0, 2.0, 97352.0, 497.0, 99595.0
3.0, 3.0, 1.0, 2.0, 0.0, 2.0, 2.0, 0.0, 2.0, 0.0, -0.856996058074, 2.0, 0.0, 3.0, -1.0, 3.0, 0.0, 2.0, 3.0, 3.0, -1.0, -1.0, 1.0, 1.0, 1.0, 1.0, 2.0, 2.0, 1.0, 0.0, 1.0, -1.0, 0.0, 3.0, 2.0, 1.0, 2.18419784125, -1.0, -1.0, 1.0, 0.0, 0.707059643413, 0.0, 2.0, -1.0, 1.0, 2.0, -1.0, 0.0, 0.0, 96905.0, 593.0, 99505.0
-1.0, 1.0, 2.0, -0.609417199076, 1.0, 3.0, 1.0, 0.0, 0.0, 3.0, 0.0, 1.0, 2.0, -1.0, 2.0, 0.0, 1.0, -1.0, 1.0, 2.0, 0.697938806536, -1.0, 0.0, 2.0, 0.0, 1.12435809215, 0.0, -1.0, 2.0, 1.0, 1.0, 2.0, -1.0, 1.0, 0.0, 2.0, -1.0, -1.0, 2.0, 0.0, 2.0, 0.0, 0.0, -1.0, 0.0127588443032, 1.0, 3.0, 1.0, 2.0, 0.0, 96738.0, 588.0, 99518.0
-1.0, -1.0, 0.0, -0.0622167408162, 2.0, 1.0, 0.0, 2.0, -1.0, 2.0, 1.0, 1.62227270182, 0.470768728081, 1.0, 0.0, -1.0, -1.0, 2.0, 2.0, 0.965724298222, 2.0, -1.0, 1.0, 2.0, 1.0, 0.0, 0.0, 3.0, 0.0, 0.0, 0.0, -1.0, -1.0, 2.13887123939, 0.0, -1.0, -0.697340133046, 2.0, -0.124192283676, -1.0, -1.0, -1.0, 3.0, 1.0, 2.0, 1.0, 0.0, -1.0, 1.0, 2.0, 97112.0, 523.0, 99567.0
0.0, 0.712124585925, -1.0, 1.0, -1.0, 0.0, 0.0, 1.0, 0.0, 2.0, 0.0, 3.0, -1.0, 2.0, 1.0, 1.04040953654, 0.0, -1.0, 3.0, 2.0, 1.0, -1.0, -1.0, 1.0, 0.0, 2.0, 1.0, 3.0, 1.0, 3.0, 1.0, 3.0, 0.405329308009, 0.0, 2.0, 0.0, -1.0, 1.0, 1.0, -1.0, 0.0, -1.0, 0.0, 2.0, 2.0, 0.0, 2.0, 0.0379586495788, 0.0, -1.0, 96861.0, 586.0, 99514.0
-1.0, 0.0, -1.0, 2.0, -1.0, 2.0, 2.0, 0.0, 1.0, 2.0, 0.0, 1.0, 1.0, 2.0, -1.0, -1.0, 2.0, -1.0, 0.0, 2.0, 0.0, 1.0, 2.0, 0.0, -0.185513797191, 2.0, -0.951858208601, 0.0, -1.0, 0.0, 0.0, 0.0, -1.0, 1.0, 1.0, 1.0, 3.0, 2.0, -1.0, 2.0, -1.0, -1.0, 2.0, -1.0, 2.0, 2.0, 1.0, -1.0, -1.0, -1.0, 97466.0, 489.0, 99606.0
-1.0, 1.0, 0.570212418686, -1.0, 2.25031859161, 0.0, 1.0, 0.0, 2.0, 2.0, 0.0, 1.0, 3.0, 1.0, 0.0, 3.0, 0.0, 1.0, 1.6619235243, -0.103731534649, -1.0, 3.0, -1.0, 1.0, -1.0, 2.0, 1.18310590025, 1.33596088635, 0.0, 1.0, 2.0, 1.96586233938, 1.0, 2.0, 1.0, -0.105042423159, 1.0, -1.0, 2.0, 2.0, 2.0, 0.0, 2.0, 2.0, 2.0, 1.0, 0.0, 1.0, 2.0, 1.0, 96549.0, 646.0, 99473.0
1.0, 1.0, 1.0, 0.0, -1.0, 0.0, 0.0, -1.0, 0.0, 2.0, -1.0, -1.0, -1.0, 2.0, 2.0, -1.0, 0.0, 1.0, 1.0, 3.0, 0.0, 2.0, -1.0, 1.0, 1.0, 1.0, 2.0, 0.0, -1.0, -1.0, 0.0, 1.0, 1.0, 0.0, 1.0, -1.0, 1.0, 3.0, -1.0, 0.0, 0.0, 2.0, 2.0, 2.0, -1.0, -1.0, 2.0, 2.0, 3.0, 0.0, 97068.0, 539.0, 99564.0
0.0, 3.0, 0.585962992418, 2.65709701586, 2.0, 0.0, 2.0, 2.0, 1.0, 0.0, 2.0, 2.0, 2.0, 1.0, 1.0, -1.0, 2.0, -1.0, 3.0, 1.9637278825, 3.0, 0.0, 3.0, 3.0, 0.0, 0.0, 1.0, 3.0, 0.0, 0.0, 0.0, 2.0, -1.0, -1.0, 2.0, 0.0, 2.0, 3.0, -1.0, -1.0, 1.0, 0.0, -1.0, -1.0, -1.0, 2.0, 0.0, 0.0, -1.0, 1.0, 97029.0, 590.0, 99505.0
0.478740622839, 0.0, 1.50679916985, 1.33709270795, -0.655112219973, 2.0, 2.61488229952, -0.670364473666, 0.0, 0.0, -1.0, 2.0, -1.0, -1.0, 2.0, 2.0, 2.0, 1.98759343844, 0.0, 1.0, 0.0, 1.0, 0.250261599174, 1.0, -0.0171527700314, 0.0, -1.0, 3.0, 1.0, 2.0, 1.0, -1.0, 0.0, -0.820343881591, 2.0, 2.25697634877, 0.0, 1.0, 2.0, -0.924887895223, 1.0, -1.0, 1.0, 1.0, -1.0, 0.0, 3.0, 3.0, 1.0, 2.0, 96947.0, 574.0, 99521.0
-1.0, -1.0, 0.0, 0.0, 2.0, 0.0, 0.0, 2.0, -0.289260798723, 2.0, 1.0, 2.0, 2.0, 2.94479443401, 0.0, -1.0, 1.54840088247, 1.25997694518, 2.0, 1.0, 2.0, -1.0, -1.0, 2.05165813114, 1.0, 0.0, 0.830039252113, 3.0, 1.82896700228, 0.0, 0.0, -1.0, -1.0, 1.0, 1.90013590842, -1.0, 1.0, 2.0, 2.0, -1.0, -1.0, -1.0, 3.0, 1.0, 2.0, 1.0, 0.0, -1.0, 1.0, 2.0, 97160.0, 545.0, 99544.0
2.0, 0.244779644003, 3.0, -1.0, 3.0, 2.61362442686, 0.0, -1.0, 0.0, 0.0, 0.0, 1.0, -1.0, -1.0, 1.0, 2.0, 0.372585357291, -1.0, 2.0, 0.0, -0.802115767489, 1.15844898333, 1.07270316811, 3.0, 2.0, 0.0, 0.0, -1.0, 0.0, -1.0, 0.771818888892, -1.0, 1.13686509934, 2.0, 0.0, 0.0, 2.0, 1.0, 3.0, 2.0, 1.0, -1.0, 0.0, -1.0, 1.0, 2.01878644962, 3.0, 1.0, 2.0, 1.0, 96737.0, 577.0, 99525.0
-1.0, 0.0, -1.0, 2.0, -1.0, 2.0, 2.0, 0.0, 1.0, 2.0, 0.0, 1.0, 1.0, 2.0, -1.0, -1.0, 2.0, -1.0, 0.0, -1.0, 0.0, 1.0, 2.0, 0.0, 1.0, 2.0, 0.0, 0.0, -1.0, 0.0, 0.0, 0.0, -1.0, 1.0, 1.0, 1.0, 3.0, 2.0, -1.0, 2.0, -1.0, -1.0, 2.0, -1.0, 2.0, 2.0, 1.0, -1.0, -1.0, -1.0, 97400.0, 491.0, 99597.0
0.0, 0.0, 3.0, 1.41106663987, 2.0, 2.0, 0.0, 2.0, 2.0, 0.0, 2.44012769905, 1.0, 0.0, 0.0, -1.0, 0.531276754307, 0.0, 2.0, 1.0, 0.0, 0.0, -1.0, 3.0, -1.0, 1.72370454631, 3.0, -0.231332396233, 0.0, 0.0, 3.0, -0.488147827962, -1.0, -1.0, 1.0, -1.0, 3.0, 2.0, 2.06948673502, -1.0, -1.0, -1.0, -1.0, 1.0, 2.0, -1.0, 2.0, 2.0, -0.0592782355714, 2.0, 0.0, 96864.0, 565.0, 99526.0
1.0, 1.0, 2.0, 2.0, 0.0, 2.0, 3.0, -1.0, -1.0, -1.0, 1.0, 0.0, 1.0, 3.0, 2.0, 0.0, 2.0, 3.0, 0.0, 2.0, -1.0, 2.0, 1.0, 0.0, -1.0, 1.0, 2.0, 1.0, 3.0, 0.0, 3.0, 0.0, 1.0, 0.0, -1.0, 2.0, -1.0, 2.0, 1.0, -1.0, 0.0, 1.0, 3.0, 0.0, 0.0, 1.0, 1.0, 3.0, 0.0, -1.0, 96835.0, 615.0, 99494.0
0.0, -1.0, 0.0, 2.28270739337, 3.0, 2.0, 2.0, 2.04306135214, 1.0, 1.09651052569, 3.0, 0.0, 2.0, 1.0, 1.0, 2.0, -0.0365222983226, 0.0, 1.0, 0.0, 1.0, 2.0, 0.0, -1.0, 1.0, 1.0, 2.0, 0.0, 0.0, 1.7890989676, 2.0, 1.0, -1.0, 2.15473985636, 2.0, -1.0, 0.0, 2.0, -1.0, 0.31962393768, 1.0, 1.0, 3.0, 3.0, 1.68545208632, 2.0, 3.0, 2.0, 1.0, 0.0, 96622.0, 650.0, 99469.0
-1.0, 3.0, -1.0, 0.0, 1.0, 2.38535601211, 0.0, -0.157102259102, 2.0, 3.0, 3.0, 0.0, -0.27886184635, 0.0, 2.0, -1.0, 2.0, 2.0, 0.0, -1.0, 3.0, 2.0, -1.0, 0.0, 3.0, 0.0, 1.0, 1.0, -1.0, 0.0, 2.0, 0.0, -1.0, 0.765175537781, 1.0, 0.0, 3.0, 1.0, -0.960592991376, 1.0, 1.0, -1.0, 0.0, 0.0, 1.0, 1.0, 1.0, -1.0, 1.0, 1.0, 96900.0, 579.0, 99523.0
1.0, 0.0, 2.0, 3.0, 1.77825531709, 1.0, 0.0, -1.0, -1.0, 0.0, 1.0, 2.0, 0.0, 1.0, 0.0, 2.0, 1.0, 3.0, -1.0, -1.0, 0.0, 1.0, 2.0, 0.0, -1.0, 1.0, 3.0, 1.0, 0.0, 3.0, 3.0, -1.0, 1.0, 0.0, 2.0, 3.0, 0.0, 1.0, -1.0, 2.0, 2.0, -1.0, 2.0, 3.0, 2.0, 2.0, 0.0, 3.0, 1.0, 1.0, 96838.0, 615.0, 99492.0
0.0, 3.0, 0.585962992418, 2.65709701586, 2.83713153178, 0.0, 2.0, 2.0, 2.23150979808, 0.0, 2.0, 2.0, -1.0, 1.0, 1.0, 0.786515919697, 2.0, -1.0, 3.0, 1.9637278825, 3.0, 0.0, 3.0, 3.0, 0.0, 0.0, 1.0, 3.0, 0.0, 0.0, 0.237880808792, 2.0, -1.0, -1.0, 1.77031494706, 0.0, 3.0, 3.0, -1.0, -1.0, 1.0, 0.0, 0.272434052029, 0.526861161178, 1.6381821117, 2.42402545851, -0.128734138221, 0.0, 2.0, 1.0, 96802.0, 644.0, 99464.0
-1.0, -1.0, 0.0, 0.0, 2.0, 1.0, 0.0, 2.0, -1.0, 2.0, 1.0, 2.0, 2.0, 1.0, 0.0, -1.0, -1.0, 2.0, 2.0, 1.0, 2.0, -1.0, 1.0, 2.0, 1.0, 0.0, 0.0, 3.0, 0.0, 0.0, 0.0, -1.0, -1.0, 1.0, 0.0, -1.0, 0.0, 2.0, 2.0, -1.0, -1.0, -1.0, 3.0, 1.0, 2.0, 1.0, 0.0, -1.0, 1.0, 2.0, 97110.0, 534.0, 99557.0
-1.0, 1.0, 2.0, -0.656000717331, 1.0, 3.0, -0.935039153233, 0.0, 0.0, 3.0, 0.0, 1.0, 2.0, -1.0, 2.0, -0.953062846428, 1.0, -1.0, -0.561569314981, 2.0, 0.697938806536, -1.0, 0.0, 2.0, 0.0, 1.12435809215, 0.0, -1.0, 2.12684399795, 1.0, 1.0, 0.81967946664, -1.0, 1.0, 0.0, 2.0, -1.0, -1.0, 2.0, 0.0, 1.0, 0.0, 0.0, -1.0, 0.0127588443032, 1.0, 3.0, 1.0, 2.0, 0.0, 96994.0, 540.0, 99562.0
1.0, 1.0, 0.9065338089, 0.0, 1.0, 3.0, 2.0, 0.0, 0.0, 3.0, -0.477848033052, 0.311464136613, 0.0, 2.0, -1.0, 0.0, 1.0, 2.0, -1.0, 1.0, -0.0262562594126, -1.0, 0.0, 1.0, 3.0, 3.0, 0.0, 0.252993893838, 2.0, 0.0, 2.0, 1.0, -1.0, -1.0, -0.246649887365, 2.0, 0.0, 0.988760649309, 2.0, 0.0, 0.0, 0.0, 1.0, 3.0, 2.0, 0.0, 0.5214164077, -1.0, 1.0, 1.0, 96586.0, 630.0, 99482.0
1.0, 1.0, 0.9065338089, 0.0, 1.0, 3.0, 2.0, 0.0, 0.0, 3.0, -0.477848033052, 0.311464136613, 0.0, 2.0, -1.0, 0.0, 1.0, 2.0, -1.0, 1.0, -0.0262562594126, -1.0, 0.0, 1.0, 3.0, 3.0, -0.155230707261, 0.252993893838, 2.0, 0.0, 2.0, 1.0, -1.0, -1.0, -0.246649887365, 2.0, 0.0, 0.988760649309, 2.0, 0.0, 0.0, 0.214083764643, 1.0, 3.0, 2.0, 0.0, 0.5214164077, -1.0, 1.0, 1.0, 96586.0, 630.0, 99482.0
1.0, 2.0, 2.0, 0.0, 0.0, 2.0, 0.0, 0.0, 2.0, 0.0, 3.0, 1.63069388982, 1.0, 1.0, 0.0, 2.0, 0.0, -0.19713693049, -1.0, -1.0, -1.0, -1.0, -0.363636616308, 1.0, -1.0, 3.0, 2.0, 1.0, 1.0, 0.0, 0.0, 0.0, 3.0, 0.317777188534, 1.0, 1.0, -1.0, 0.68814650503, 1.0, 3.0, 1.0, 0.0, 2.0, -0.445516351403, 2.0, 3.0, 3.0, 2.0, -1.0, 2.0, 96632.0, 637.0, 99481.0
2.0, 0.244779644003, 3.0, -1.0, 3.0, 2.0, 0.0, -1.0, 0.0, 0.0, 0.0, 1.0, -1.0, -1.0, 1.0, 2.0, 0.0, -1.0, 2.0, 0.0, -0.802115767489, 1.0, 1.07270316811, 3.0, 2.0, 0.0, -0.155230707261, -1.0, 0.0, -1.0, -1.0, -1.0, 1.13686509934, 2.0, 0.0, 0.0, 2.0, 1.0, 3.0, 2.0, 1.0, -1.0, 0.0, -1.0, 1.0, 2.01878644962, 3.0, 1.0, 2.0, 1.0, 96865.0, 562.0, 99541.0
-1.0, 1.0, 2.0, 0.0, 1.0, 3.0, 1.0, 0.0, 2.0, 3.0, 0.0, 1.0, 1.88542854403, -1.0, 0.0184762548286, 0.0, 1.0, 1.73502441915, 1.0, 2.0, 1.0, -1.0, 1.0, 2.0, 3.0, 0.0, 0.0, -1.0, 2.0, 1.0, 1.0, 2.0, -1.0, 1.0, 0.0, 2.0, -1.0, -1.0, 2.0, 0.0, 2.0, 0.0, 0.0, -1.0, -1.0, 1.0, 0.940688155924, 1.0, 2.0, 0.916768920554, 96618.0, 605.0, 99502.0
-0.962151011888, 1.0, -1.0, 1.0, -0.880827376266, 0.0, 0.0, 0.0, 0.426513348215, 2.0, -0.0657360542956, 2.94824450263, -1.0, 2.0, 1.0, 2.0, 0.0, -1.0, 3.0, 1.3095094377, 1.0, -1.0, -1.0, -0.678016217663, -0.589042338893, 2.0, 2.72640688994, 3.0, 1.0, 3.0, 1.0, 1.77805481376, 2.42145114435, 0.0, 1.54795420694, 0.0, -1.0, 1.0, 0.884428388097, -1.0, 0.0, 2.0, 0.0, 2.0, 2.0, 0.0, -0.974548489105, -1.0, 0.0, -1.0, 97297.0, 529.0, 99566.0
2.0, 1.0, -0.00653380982527, 0.0, 1.0, 2.0, 1.0, 1.0, 0.0, -0.810149401287, 3.0, 0.0, 0.0, 1.0, 0.0, 0.399239874317, -0.498349304949, 0.0, 1.0, 2.0, 0.0, -1.0, 2.11281388295, 2.0, 1.0, 3.0, 2.0, 2.66215410783, 1.0, 2.0, 2.0, -1.0, 0.0, 0.0, 3.0, 2.0, -1.0, 3.0, 1.0, -0.462560580928, 3.0, -1.0, 1.0, 1.11151925443, -1.0, 1.0, 3.0, 0.0, 0.598276777554, 0.0, 96448.0, 654.0, 99473.0
0.0, 3.0, 0.585962992418, 2.65709701586, 2.83713153178, 0.0, 2.0, 2.0, 2.23150979808, 0.0, 2.0, 2.0, 2.0, 1.0, 1.0, -1.0, 2.0, -1.0, 3.0, 1.9637278825, 3.0, 0.0, 3.0, 3.0, 0.0, 0.0, 1.0, 3.0, 0.0, 0.0, 0.0, 2.0, -1.0, -1.0, 2.0, 0.0, 2.0, 3.0, -1.0, -1.0, 1.0, 0.0, 0.272434052029, -1.0, -1.0, 2.11665935606, 0.0, 0.0, -1.0, 1.0, 96930.0, 602.0, 99494.0
2.0, -1.0, 2.46035385737, 1.0, -1.0, 3.0, 0.0, -1.0, 3.0, 1.10341629319, 2.0, 1.0, 2.0, 1.0, 1.0, -1.0, 0.113900699298, -1.0, 3.0, 2.0, 0.0, 0.0, 0.218696828881, 2.0, 0.0, 1.19184935944, -1.0, 0.0, 3.0, 0.0, 2.0, 3.0, 1.57363237868, 0.326840425893, 1.0, -0.513206092425, 0.0, -1.0, -1.0, 2.0, -0.396748877756, 0.773637677728, 1.0, 1.0, 0.0, 2.0, 1.0, 1.0, 1.0, 3.0, 96975.0, 585.0, 99514.0
-1.0, 1.0, 0.0, -1.0, 0.0, 0.0, 1.0, 0.0, 1.67508593864, 2.18872232137, 0.0, 1.0, -1.0, 0.0, 0.0, 3.0, 0.0, 1.0, 2.0, 0.0, -1.0, 1.80860780038, -1.0, 1.0, -1.0, 2.0, 2.0, 2.41820789534, 0.0, 1.0, 2.0, 0.0, 1.0, 2.0, 0.0, -1.0, -0.561297019594, -1.0, 1.0, -1.0, 2.0, 0.0, 2.0, 2.25276531186, 0.373779573188, 1.0, 0.0, 1.0, 2.0, 1.0, 96626.0, 593.0, 99510.0
1.63769038627, 3.0, 2.0, 1.0, 2.0, 0.0, 2.0, 2.0, 1.0, 0.0, 1.0, 2.0, 2.0, 1.0, 1.54848465251, -0.226886799123, 2.0, -1.0, 3.0, 3.0, 3.0, 0.61584386743, 3.0, 3.0, 0.0, 0.0, 1.0, 3.0, 0.0, 0.0, 0.0, 2.00056773014, -1.0, -1.0, 2.0, 1.21013818481, 2.0, 0.664497155425, -1.0, -1.0, 1.0, 0.0, -1.0, -1.0, -1.0, 2.0, -0.521376806789, 0.0, -1.0, 1.0, 97101.0, 593.0, 99504.0
-1.0, 1.0, 2.0, 0.0, 1.0, 3.0, 1.0, 0.0, 2.0, 3.0, 0.0, 1.0, 2.0, -1.0, 2.0, 0.0, 1.0, -1.0, 1.0, 2.0, 1.0, -1.0, 0.0, 2.0, 3.0, 0.0, 0.0, -1.0, 2.0, 1.0, 1.0, 2.0, -1.0, 1.0, 0.0, 2.0, -1.0, -1.0, 2.0, 0.0, 2.0, 0.0, 0.0, -1.0, -1.0, 1.0, 3.0, 1.0, 2.0, 0.0, 96742.0, 589.0, 99516.0
-1.0, 0.0, -1.0, 2.0, -1.0, 2.0, 2.0, 0.0, 1.0, 2.0, 0.0, 1.0, 0.0898069541597, 2.0, -1.0, -0.284431696406, 2.0, -1.0, 0.0, 2.0, -0.910990178938, 1.0, 2.0, 0.0, -0.185513797191, 2.22722363712, -0.951858208601, 0.0, -1.0, 1.35968748475, 0.0, 0.0, -1.0, 1.0, 1.0, 0.158923427536, 3.0, 2.0, -1.0, 2.0, -1.0, -0.619512070667, 2.0, -1.0, 2.0, 2.0, 1.0, -1.0, -1.0, -1.0, 97441.0, 490.0, 99600.0
2.0, 0.0, 2.0, 0.0, -1.0, 2.0, 0.0, 2.0, 0.0, 1.0, 2.0, 3.0, 1.0, 2.65853395493, 3.0, 3.0, 0.913807105875, 0.0, 1.0, 1.0, 2.0, 1.0, 3.0, 2.0, 2.0, 0.0, 3.0, 0.0, 2.0, 1.0, 2.0, 3.0, 2.0, -1.0, -1.0, 2.0, 1.0, 0.0, 3.0, 1.0, 1.32407715516, 2.0, 1.0, 1.0, 3.0, 0.0, 3.0, 0.0, -1.0, 0.0, 96665.0, 676.0, 99448.0
2.0, 3.0, -1.0, 0.410074376128, 0.0, 2.0, -1.0, 1.77650971891, 3.0, -0.542742096158, 0.0, 3.0, -1.0, 1.0, 0.0, 3.0, 0.0, 0.0, 2.31820895541, 0.0, 0.0, 1.0, 3.0, 0.0, 2.77123004211, 0.962559113829, 1.0, 2.0, 3.0, 0.0, 1.66796621446, 1.0, 1.0, 1.0, 1.0, 0.0715333638086, -1.0, 1.15085563687, 2.0, 2.0, 0.770753038122, 1.18511567617, 2.0, 1.0, 1.0, 2.0, 1.0, 0.0, 0.140546804444, -0.16106457057, 96576.0, 674.0, 99470.0
1.0, -1.0, 2.0, 0.925161705543, 2.0, 1.0, 0.0, 1.0, 2.0, 2.98308860571, 1.0, 3.0, -0.883262606882, 3.0, 0.68097894204, -1.0, -1.0, 0.0, -1.0, -1.0, 0.0, 1.0, 3.0, -1.0, 3.0, 2.0, 2.0, 1.0, -1.0, -1.0, 2.0, -1.0, 0.0, -1.0, 2.0, 2.0, 3.0, 1.0, -1.0, -1.0, 0.0, -1.0, 0.0, 0.0, 0.0, 0.0, 1.0, -1.0, -1.0, 0.0, 97527.0, 502.0, 99600.0
-1.0, 3.0, -1.0, 2.0, -1.0, 2.0, 2.0, 0.0, 1.0, 2.0, 0.0, 2.67569051761, 0.0898069541597, 2.0, -1.0, -0.287200146595, 2.0, -1.0, 0.0, 2.0, -0.910990178938, 1.0, 2.0, -0.0663079573133, -0.185513797191, 2.22722363712, -0.951858208601, 0.0, -1.0, 1.35968748475, 0.0, 0.0, -1.0, 1.0, 1.0, 0.158923427536, 3.0, 2.0, -1.0, 2.0, -1.0, -0.619512070667, 2.0, -1.0, 2.0, 2.0, 1.0, -1.0, -1.0, -1.0, 97619.0, 490.0, 99600.0
2.0, -1.0, -1.0, -1.0, 0.0, -1.0, 0.0, -1.0, 3.0, 2.32966972152, 2.0, -0.399709260354, -0.334089521345, 2.0, 2.0, 2.0, -1.0, -1.0, 3.0, 1.0, 0.0, 2.0, -1.0, 0.229204218023, 1.0, 2.74260559135, 2.36421915253, 1.0, 0.123316297117, 0.0, 1.0, 2.0, 1.0, 2.0, -1.0, 0.0, 0.0, -1.0, -1.0, -1.0, 1.0, 3.0, 0.326179416011, 0.0, 0.0, -1.0, 3.0, 2.0, 0.0, 1.0, 97227.0, 535.0, 99556.0
-1.0, -1.0, 0.0, 0.0, 2.0, 0.0, 0.0, 2.0, -1.0, 2.0, 1.0, 2.0, 2.0, 2.94479443401, 0.0, -1.0, -1.0, 2.0, 2.0, 1.0, 2.0, -1.0, 1.0, 2.0, 1.0, 0.0, 0.0, 3.0, 0.0, 0.0, 0.0, -1.0, -1.0, 1.0, 0.0, -1.0, 1.0, 2.0, 2.0, -1.0, -1.0, -1.0, 3.0, 1.0, 2.0, 1.0, 0.0, -1.0, 1.0, 2.0, 97125.0, 534.0, 99557.0
-0.0608917111399, -1.0, 2.0, 2.0, 2.0, 1.0, 0.0, 1.0, 2.0, 2.0, 1.0, 3.0, 0.0, 2.09119398022, 1.0, -1.0, -0.768586637647, 0.0, -1.0, -1.0, 0.0, 1.0, 3.0, -1.0, 3.0, 2.0, 2.0, 1.0, -1.0, -1.0, 2.0, -1.0, 0.0, -1.0, 2.0, 2.0, 0.374215423809, 1.0, -1.0, -1.0, 0.0, -1.0, 0.0, 0.0, 0.738292455531, 0.0, 1.0, -1.0, -1.0, 1.12440305698, 97399.0, 516.0, 99589.0
-1.0, 0.0, -1.0, 2.0, -0.366360799877, 2.83154796262, 2.0, 0.0, 1.0, 2.0, 0.0, 1.0, 1.0, 2.0, -1.0, -1.0, 2.14715138357, -1.0, 1.54885793871, -1.0, 0.0, 1.0, 2.0, 0.0, 1.0, 1.58643294521, 2.70384662507, 0.0, -1.0, 0.0, 0.0, 0.0, -1.0, 1.0, 1.0, 0.84261860102, 3.0, 2.0, -1.0, 2.0, -1.0, -1.0, 2.0, -1.0, 2.0, 2.0, 1.0, -1.0, -1.0, 0.754437258329, 97339.0, 523.0, 99574.0
-1.0, -1.0, 0.0, 0.0, 2.0, 0.0, 0.0, 2.0, -1.0, 2.0, 1.0, 2.0, 2.0, 2.94479443401, 0.0, -1.0, -1.0, 2.0, 2.0, 0.64335956324, 2.0, -1.0, 1.0, 2.0, 0.924424545254, 0.0, 0.0, 3.0, -0.927230359094, 0.0, 0.0, -1.0, -1.0, 1.0, 0.0, -1.0, -0.143839396756, 2.0, 2.0, -1.0, -1.0, -1.0, 3.0, 1.0, 2.75987882296, 1.0, 0.0, -1.0, 1.0, 2.0, 97302.0, 524.0, 99575.0
-0.0608917111399, -1.0, 2.0, 2.0, 2.0, 0.205962146904, 0.0, 1.0, 2.0, 2.0, 1.0, 3.0, 0.0, 2.69496282957, 1.0, -1.0, -0.768586637647, 0.326402867755, -1.0, -1.0, 0.0, 1.0, 3.0, -1.0, 2.18476108883, 2.0, 2.0, 1.0, -1.0, -0.220007139111, 2.0, -1.0, 0.0, -1.0, 2.0, 2.0, 2.85130205258, 1.0, -1.0, -1.0, 0.0, -1.0, 0.0, 0.580134831878, 0.738292455531, -0.753308337325, 1.0, -1.0, -1.0, 1.12440305698, 97456.0, 510.0, 99586.0
0.0, -0.0834479864903, 3.0, 0.0, 2.0, 2.0, 0.0, 2.0, 2.0, 0.0, 2.0, 2.0, 0.0, 0.0, -1.0, 0.129830995934, 0.0, 2.0, 1.0, 0.0, 0.0, -1.0, 3.0, -1.0, -0.439718717223, 3.0, 1.0, 0.0, 0.0, 3.0, 1.0, -1.0, -1.0, 1.0, -1.0, 3.0, 2.0, 2.0, -1.0, -1.0, -1.0, -1.0, 1.0, 2.0, -1.0, 2.0, 2.0, -0.0592782355714, 2.0, 0.0, 96905.0, 565.0, 99526.0
1.0, 1.34651692062, 1.0, 0.0, -1.0, 0.0, 0.0, 0.436855218597, 0.0, 2.0, -1.0, -1.0, -1.0, 2.51584661021, 1.34103592815, 0.746310365035, 0.0, 1.0, 1.0, 0.42975832439, 0.0, 2.0, -1.0, 1.0, 0.753911114555, 1.17140701719, 2.94908542665, 0.0, -1.0, -1.0, 0.0, 1.0, 1.0, 0.0, 1.0, -1.0, 1.0, 3.0, -1.0, 0.0, 0.0, 0.304275978946, 2.0, 2.0, -1.0, -1.0, 2.0, 2.0, 3.0, 0.0, 96901.0, 574.0, 99544.0
0.0, 3.0, 3.0, 0.0, 0.995932668198, 2.0, 0.0, 2.0, 2.0, 0.0, 1.0, 2.0, 0.0, 0.0, -1.0, 1.0, 0.0, 2.0, 1.0, 0.0, 0.0, -1.0, 3.0, -1.0, -1.0, 3.0, 1.0, 0.0, 0.0, 3.0, 1.0, -1.0, -1.0, 1.0, -1.0, 3.0, 2.0, 2.0, -1.0, -1.0, -0.391382012717, -1.0, 1.0, -0.508824920403, -1.0, 2.14594642016, 2.0, 2.24742464242, 0.0, 0.0, 97020.0, 548.0, 99536.0
-1.0, 0.0, 0.0, 0.0, 2.0, 1.0, 0.0, 2.0, -1.0, 2.0, 1.0, 2.74490073876, 2.0, 1.0, 0.0, -1.0, -1.0, 2.0, 0.910171833397, 1.0, 2.0, -1.0, 1.0, 2.0, 1.0, 0.0, 0.0, 3.0, 0.0, 0.0, 0.0, -1.0, -1.0, 1.0, 0.0, -1.0, -0.011416933422, 2.0, 2.0, -1.0, -1.0, -1.0, 3.0, 1.0, 2.0, 1.0, 0.0, -1.0, 1.0, 2.0, 96918.0, 552.0, 99539.0
0.0, 0.858450260704, 1.0, 1.68008567564, 2.0, 2.0, 2.0, 0.0, 3.0, 1.0, 1.0, 2.0, 0.0, 2.0, 2.0, 1.81772515151, 0.239560998787, -1.0, 1.0, 0.0, -1.0, 1.0, 2.0, 3.0, -1.0, 2.0, 3.0, 1.0, 2.0, 3.0, 2.0, 1.0, -1.0, 2.0, 0.594454275078, 1.0, -1.0, 3.0, 0.0, 0.0, 3.0, 0.0, 0.0, 1.0, 0.0, 2.0, 3.0, 0.0, 2.0, 1.0, 96646.0, 662.0, 99462.0
0.0, 3.0, 2.0, 1.0, 2.0, 0.0, 2.0, 2.0, 1.0, 0.0, 2.0, 2.0, 2.0, 1.0, 1.0, -1.0, 2.0, -1.0, 3.0, 3.0, 3.0, 0.0, 3.0, 3.0, 0.0, 0.0, 1.0, 3.0, 0.0, 0.0, 0.0, 2.0, -1.0, -1.0, 2.0, 0.0, 2.0, 3.0, -1.0, -1.0, 1.0, 0.0, -1.0, -1.0, -1.0, 2.0, 0.0, 0.0, -1.0, 1.0, 97033.0, 590.0, 99505.0
1.63769038627, 3.0, 2.0, 1.0, 2.0, 0.0, 2.0, 2.0, 1.0, 0.0, 2.0, 2.0, 2.0, 1.0, 1.54848465251, -0.226886799123, 2.0, -1.0, 3.0, 3.0, 3.0, 0.61584386743, 3.0, 3.0, 0.0, 0.0, 1.0, 3.0, 0.0, 0.0, 0.0, 2.0, -1.0, -1.0, 2.0, 0.0, 2.0, 3.0, -1.0, -1.0, 1.0, 0.0, -1.0, -1.0, -1.0, 2.0, -0.521376806789, 0.0, -1.0, 1.0, 97143.0, 593.0, 99504.0
-1.0, 0.0, -1.0, 2.0, -0.366360799877, 2.83154796262, 2.0, 0.0, 1.0, 2.0, 0.0, 1.0, 0.86866689436, 0.259593734953, -1.0, -1.0, 2.14715138357, -1.0, 1.54885793871, -1.0, 0.0, 0.727808969896, 2.0, 0.0, 1.0, 1.58643294521, 2.70384662507, 0.0, -1.0, 1.27005284177, 0.0, -0.639651896024, -1.0, 1.0, 0.688372630417, 0.84261860102, 3.0, 2.0, -1.0, 2.0, -1.0, -1.0, 1.0, -1.0, 2.0, 2.74561005962, 2.08423015467, -1.0, -1.0, 0.754437258329, 97425.0, 510.0, 99587.0
0.0, 3.0, 3.0, 0.0, 2.0, -0.0825880241087, 0.0, 0.77456518851, 2.0, 0.0, 2.0, 2.0, 0.0, 0.0, -1.0, 1.0, 0.0, 2.0, 1.0, 0.0, 0.0, 1.52471173727, 3.0, -1.0, -1.0, 3.0, 1.0, 0.0, 0.0, 3.0, 1.57243813531, -1.0, -1.0, 1.0, 0.638530000281, 3.0, 2.0, 2.0, -1.0, -1.0, -1.0, -1.0, 1.0, 2.0, -1.0, 1.66003403783, 2.0, 3.0, 0.0, 0.0, 97009.0, 587.0, 99519.0
2.0, 0.244779644003, 3.0, -1.0, 3.0, 2.0, 0.0, -1.0, 0.0, 1.70768644732, -0.611141923096, 1.0, 0.736708951647, -1.0, 1.0, 2.0, 0.0, 1.0, 2.0, 1.37065058477, -0.802115767489, 1.0, 1.07270316811, 3.0, 2.0, -0.237562848357, -0.155230707261, -1.0, 0.0773975326364, -1.0, -1.0, -1.0, 2.37382123819, 2.0, -0.93138826706, -0.16052360769, 2.0, 2.0, 3.0, 2.0, 1.0, -0.132283332245, 0.0, -1.0, 1.0, 2.01878644962, 3.0, 1.0, 2.0, 0.0839629172393, 96866.0, 579.0, 99531.0
0.0, 2.0, 2.03718120428, 3.0, 3.0, 0.0, 0.0, 0.0, -1.0, 0.0, 0.8282539609, 1.0, 1.0, 1.03285605268, 0.987571540887, 1.0, -1.0, 0.0, 0.0, 0.0, -0.925738222803, 1.20967437782, 3.0, 2.0, 2.0, 0.0, 0.0, -1.0, 1.57387700245, 2.0, 1.0, -1.0, 0.0, 1.93459481493, 0.0, 0.910560629028, 2.0, 1.0, 2.0, -1.0, 0.951458528072, 3.0, 2.00364915622, 1.0, -1.0, 2.0, 1.0, 0.352352423825, 1.82837641773, 0.891633687558, 96594.0, 648.0, 99478.0
2.8852072322, 1.0, 2.0, 0.0, -1.0, 3.0, 1.0, -1.0, 2.0, 3.0, 0.0, 1.0, 2.0, -1.0, 2.0, 0.0, 1.0, -0.928606445507, 1.0, 2.0, 1.0, -0.413198099619, 0.800359654671, 0.257886670717, 3.0, 0.0, 0.0, -1.0, 0.791758787212, 1.0, 1.0, 1.0, -1.0, 1.0, 2.93200320186, 2.0, -1.0, -0.651507395057, 2.13046891285, 0.0, 2.0, 2.2064083082, 0.0, -1.0, -1.0, 1.0, 3.0, 1.0, 1.3953143014, 0.0, 96798.0, 588.0, 99513.0
1.27052153736, -1.0, 1.0, 1.0, -0.0301332957854, 2.0, 2.0, -0.102653982242, 1.0, 0.0, 2.0, 0.0, 0.134715690625, 0.0, 3.0, 1.0, 0.0, -0.27548026672, 0.0, -1.0, 0.600318376218, 1.0, 0.656392613908, 0.0, 1.0, 3.0, -1.0, 2.0, 2.30860008695, 0.0, 2.0, 2.0, 1.0, -1.0, 0.0, 1.0, 1.0, 2.0, 3.0, 0.0, -1.0, 2.0, 2.0, 2.0, 2.0, 2.0, 0.0, 3.0, 3.0, 2.0, 96623.0, 663.0, 99463.0
-1.0, -1.0, 2.0, 1.60451106284, 2.0, 0.0, 1.0, 2.0, 0.0373404881651, 2.28484474563, 3.0, -0.236299616397, 3.0, 0.963978714899, 3.0, 2.19772952097, 0.0, 1.06505914846, 1.0, 1.0, -0.895585427335, 2.0, 3.0, 3.0, 0.0, 3.0, 0.0, 1.0, 0.0, 0.102280967573, 1.24643449983, 2.0, -1.0, -0.780381350973, 0.0, -1.0, 1.59962556597, 3.0, 0.793349528725, 2.0, 1.0, 0.0, -0.622486752771, 1.0, -0.106039642024, 1.50404072098, 2.33576126229, 0.0, 0.0, 2.0, 96878.0, 623.0, 99485.0
1.0, 1.0, 2.0, 0.0, 1.0, 3.0, 2.0, 0.0, -0.285547738933, 3.0, 1.0, 2.0, 0.0, 2.0, -1.0, 0.0, 1.0, 2.7195101457, -1.0, 1.0, 1.0, -1.0, 0.0, 1.0, 3.0, 3.0, 0.0, 0.0, 2.57221963375, 0.0, 2.0, 1.0, -1.0, -1.0, -1.0, 2.41983879184, 0.0, 1.0, 2.0, 0.0, 0.0, 0.0, 1.0, 3.0, 2.0, 0.0, 3.0, -1.0, 1.0, 1.0, 96899.0, 613.0, 99493.0
-1.0, 3.0, -1.0, 0.0, 1.0, 2.0, 0.0, 2.0, 2.0, 3.0, 3.0, 0.0, 0.0, 0.0, 2.0, -1.0, 2.0, 2.0, 0.0, -1.0, 3.0, 2.0, -1.0, 0.0, 3.0, 0.0, 1.0, 1.0, -1.0, 0.0, 2.0, 0.0, -1.0, 1.0, 1.0, 0.0, 3.0, 1.0, -1.0, 1.0, 1.0, -1.0, 0.0, 0.0, 1.0, 1.0, 1.0, -1.0, 1.0, 1.0, 96924.0, 579.0, 99523.0
0.0, -1.0, 0.0, -1.0, 3.0, 2.0, 2.0, 2.04306135214, 1.0, 1.09651052569, 3.0, 0.0, 2.0, 1.74565254323, 1.0, 2.0, 1.6716518468, 0.0, 1.0, 0.0, 1.0, 2.0, 0.0, -1.0, 1.0, 1.0, 2.0, -0.0169384160344, 0.0, 1.7890989676, 2.0, 1.0, -1.0, 0.0, 2.0, -1.0, 0.0, 2.0, -1.0, 0.0, 1.0, 1.0, 3.0, 3.0, 1.0, 2.0, 3.0, 2.0, 1.0, 0.0, 96726.0, 636.0, 99481.0
2.0, -0.710371554002, 2.0, 0.0, -1.0, 2.0, 0.0, 2.0, 0.0, 1.0, 2.0, 3.0, 1.0, 0.0, 3.0, 3.0, 1.0, 0.0, 1.0, 1.0, 2.0, 1.0, 3.0, 2.0, 2.0, 0.0, 3.0, 0.0, 2.87448846819, 1.0, 2.0, 3.0, 2.0, -1.0, -1.0, 2.0, 1.0, 0.0, 3.0, 1.0, 0.0, 2.0, 1.0, 1.0, 3.0, 0.0, 3.0, 0.0, -1.0, 0.0, 96847.0, 658.0, 99466.0
0.0, -0.113039979595, 3.0, 0.0, -1.0, 2.0, 0.450720874183, 2.0, 3.0, 2.0, 3.0, 0.0, 2.0, 1.0, 0.0, 3.0, 2.0, 1.0, -1.0, 0.0, 0.0, 3.0, -1.0, 0.247752495267, 0.0, 2.0, 2.0, 0.0, 1.0, 1.0, 2.0, 2.0, -1.0, 2.0, 3.0, 2.0, 1.0, 1.0, -0.757027511244, -1.0, 0.0, 3.0, 2.0, 1.0, 2.0, 1.0, 1.0, 1.0, 2.0, 1.0, 96818.0, 640.0, 99474.0
-1.0, -1.0, 2.0, -1.0, 2.0, 0.0, 1.0, 2.0, 1.0, 2.28484474563, 3.0, 0.0, -1.0, 0.918651664425, 3.0, 2.0, -0.077106921163, 1.06505914846, 1.0, 1.0, -1.0, 2.0, 1.32983931195, 3.0, 0.0, 3.0, 0.0, 1.0, 0.0, 0.102280967573, 0.0, 2.0, -1.0, -0.759660987732, 0.0, -1.0, 3.0, 3.0, 0.793349528725, 2.0, 1.0, 0.0, -0.622486752771, 1.0, 0.0, 1.50404072098, 3.0, 0.0, 0.0, 2.93562591643, 96945.0, 595.0, 99508.0
-1.0, 0.0, -1.0, 2.0, -1.0, 2.0, 2.0, 0.0, 1.0, 2.0, 0.0, 1.0, 1.0, 2.0, -1.0, -1.0, 2.0, -1.0, 0.0, 2.0, 0.2230799934, 1.0, 2.0, 0.0, -0.185513797191, 2.0, -0.951858208601, 0.0, -1.0, 0.0, 0.0, 0.0, -1.0, 1.0, 1.0, 1.0, 3.0, 2.0, -1.0, 2.0, -1.0, -1.0, 2.0, -0.0249085546311, 2.0, 2.0, 1.0, 2.0, -1.0, -1.0, 97308.0, 521.0, 99586.0
