2.4143457975, 1.00000023867, 1.62814067565, 0.973113803466, 4.87972613443, 0.986118471898, 4.80861587709, 1.17496026793, 0.909700710993, 1.80158232453, 5.045522606, 0.967913289784, 4.71006293698, 1.25093551686, 1.09000038648, 1.01968439383, 1.04353488466, 1.09562037771, 6.02903363724, 0.947700327504, 0.987702938345, 58.4016235719, 0.988913734103, 2.20143542127, 0.963644116796, 2.73524946953, 1.00663590542, 4080.64087769, 39.2239440088, 43216.3097962
1.49487845359, 1.00000060011, 1.63880256764, 0.862469372335, 2.30325657439, 0.954060917737, 1.39657272805, 1.24248247354, 0.933288565815, 2.63661110534, 5.39340362258, 0.957144338709, 5.00221023103, 1.13991092719, 1.09000090384, 1.01621230659, 1.04865452264, 1.09791708999, 3.28370532667, 0.924206949476, 0.841367861872, 56.5454326951, 1.03430702722, 2.15415910042, 1.11269629106, 3.96352679277, 0.966664615311, 1774.47173121, 23.7751341974, 24094.3391277
2.68163013527, 1.00000043954, 1.20668344164, 1.00740028392, 5.90447974838, 0.896146968247, 3.51754844824, 1.21057408661, 0.99157027215, 3.29227582769, 5.81243762623, 0.918466018553, 4.15192790733, 1.12394998176, 1.0900005378, 1.00161956579, 1.04213107763, 0.858346365762, 4.18850471066, 0.997900352551, 0.952582038228, 237.565441331, 0.972811981115, 2.25098228794, 0.963530935628, 5.20025946366, 0.895447295174, 2679.17595205, 43.0082095164, 27380.4704811
4.47095751029, 1.00000056943, 1.66882362961, 0.883119465036, 5.74895019851, 0.876740850171, 3.88393026709, 1.16526827307, 0.943027099536, 2.51844453221, 4.78272840005, 1.15547141879, 4.20087764039, 1.13435312912, 1.09000022104, 1.02194313885, 1.01369101897, 1.20704139751, 4.55034593452, 0.912681219935, 0.813874507212, 130.884519379, 1.06811375774, 1.95054297032, 1.07910348114, 5.4206335496, 0.956272891457, 800.26474119, 23.9837201144, 15239.2367581
1.17871252415, 1.00000068375, 1.62086631517, 0.891192898941, 4.90727039554, 0.761276741981, 1.63987199547, 1.04696664721, 0.907509103592, 3.9232385293, 5.75727403518, 0.930310829876, 4.57394620091, 1.24200830477, 1.09000040767, 1.03508828087, 1.02075426829, 0.898260348085, 5.41261349307, 1.0323285838, 0.916080980737, 69.131270087, 0.997798541784, 2.77704384467, 1.11676400084, 3.89233329638, 0.95456492223, 3324.60025779, 36.4358920692, 10703.8637568
5.66920225705, 1.00000068403, 1.16194729552, 0.867813500493, 2.4219928131, 0.90983003175, 5.18517379083, 1.205977597, 0.957256120221, 1.33915960541, 4.7533434593, 1.13159843277, 4.62922727161, 1.28183743105, 1.09000068124, 1.01660456351, 1.04698685116, 1.17289343259, 7.04273503729, 0.979836952901, 0.896479126928, 154.532104903, 1.06463765148, 2.04014498677, 1.22643414441, 3.45817624827, 1.01218065069, 332.24034009, 30.7313984781, 4371.04935687
3.47541309982, 1.00000050622, 1.29913353589, 0.899927549912, 6.72194800297, 0.760578220515, 2.64183589387, 1.18670056687, 0.931238506688, 3.31199817569, 4.87293811418, 1.03603451879, 3.74565867938, 0.995767918548, 1.09000071262, 1.02199745436, 1.03280431796, 1.02356350834, 7.49622914469, 0.940226560482, 0.882047949366, 72.0716545879, 0.963890500548, 3.4869275468, 1.00359426503, 4.83861298865, 0.958154416708, 1003.85647452, 40.7864817975, 26485.1933967
4.98724588247, 1.00000076336, 1.35522027257, 0.931671402065, 6.6192171045, 0.763228210732, 3.0073186928, 1.23263534984, 0.903627180671, 2.46428621095, 5.06419325779, 0.911875806409, 4.34452576403, 1.10597067325, 1.09000031065, 1.00429972266, 1.04461345695, 0.859567524958, 7.2643452365, 0.95980343682, 0.881883109644, 199.883714404, 1.08645804464, 4.61337035727, 1.05967874497, 2.77421407985, 1.01885702291, 2740.08043102, 57.6783603643, 24192.8537584
5.60388192012, 1.00000025749, 1.22492789315, 1.12100593131, 2.37857729914, 0.810020988364, 4.76595447291, 1.06311649933, 0.902565782388, 2.97209652068, 4.99143047869, 0.83607353838, 4.49498209316, 1.21177833511, 1.09000063978, 1.02941691179, 1.03445383935, 1.05042320689, 9.12387789226, 1.1637738317, 0.903397538877, 36.4461646821, 0.984710469631, 1.26563266713, 0.965058792447, 4.3115827962, 0.960826745746, 2860.40100504, 58.853916715, 9802.450707
4.58933894461, 1.00000012588, 1.54411747233, 0.848252202687, 4.24552557871, 0.953866623186, 2.24711464883, 1.2427164526, 0.921855791383, 5.30324357654, 4.87603478039, 1.05867072679, 3.70478223404, 1.13009849671, 1.0900009896, 1.00845696933, 1.01422541457, 0.983995436308, 7.13456289237, 1.0230598597, 0.986842082525, 259.707191576, 0.976133037338, 1.97710492258, 1.17226001882, 4.96308414428, 0.877277917528, 1574.51226192, 46.7590369215, 10215.0000788
1.54110452023, 1.00000008101, 1.41234470742, 1.19014032216, 4.57571367068, 0.922670077039, 3.99279003812, 1.18224450642, 0.944140629512, 4.6075818021, 6.07723361305, 0.955686065933, 4.41402505332, 0.85844015074, 1.09000022207, 1.02253703189, 1.02404919272, 1.00866760584, 8.1843094564, 0.937095042649, 0.956338950728, 15.6788484793, 1.14637883364, 1.26864616305, 1.10087140089, 5.36715645965, 1.18629296288, 560.202303799, 25.4414669137, 2388.60939398
3.10954804843, 1.00000058268, 1.34709636593, 0.970651513916, 4.9164220667, 0.760086518632, 1.87060232524, 1.2241240975, 0.924882100226, 2.37787724491, 5.30049775836, 1.00435788021, 3.50080924286, 1.15061727447, 1.09000001749, 1.0115375312, 1.00897584123, 1.09731405354, 4.90293122359, 1.17062630712, 0.913362804821, 27.0735772161, 0.992287588762, 1.46107987617, 0.96470490873, 5.24295538098, 1.08841645524, 3727.53743185, 38.7970353217, 34913.0421259
2.67668308047, 1.00000026993, 1.3334853939, 1.141697102, 4.84986473833, 0.858745910611, 5.30064256399, 1.15237872677, 0.904228005227, 4.91178132563, 5.19127751623, 0.884090881212, 4.87891652637, 1.09563192162, 1.09000086179, 1.02986492793, 1.0085052117, 1.11918522414, 6.68679855997, 0.979774405807, 0.895070608848, 255.723764364, 0.965756987676, 1.35497810706, 1.23423156218, 3.28706533154, 1.00500892774, 1883.29378263, 48.2974518445, 26168.7403667
2.79664539831, 1.00000033735, 1.57844689825, 1.13977258587, 3.99637454875, 0.792374374446, 3.85956673143, 1.20145004457, 0.920590000962, 1.4471564369, 4.69731600239, 0.998038152013, 2.79580947433, 0.903237405103, 1.09000061035, 1.04076848192, 1.04226976277, 0.997218260927, 4.13166455338, 1.00140886321, 0.785625741708, 25.6592638398, 0.988380619219, 2.19820314905, 1.023603501, 2.7833484826, 0.873969214971, 6047.78728033, 41.9356436156, 17067.2306726
4.84988104113, 1.00000002846, 1.04677534724, 1.09340628508, 2.86469513281, 0.903160786252, 5.20248922467, 1.19882044616, 0.926551523481, 1.32950744757, 5.92205353108, 0.839964058952, 4.84039664321, 1.07838464341, 1.09000073215, 1.03271300034, 1.02164425552, 0.947135159838, 9.51009516538, 0.969608915777, 0.969430504743, 304.618333995, 1.04441678419, 1.78999540345, 1.05876029821, 4.83373079832, 1.11651694681, 595.072071976, 33.8811356779, 1134.39205771
5.29070199067, 1.00000012292, 1.51595326946, 1.06812523384, 3.56407837986, 0.725271841952, 4.40046276821, 1.01402654165, 0.949769547734, 3.49473077884, 4.87926279993, 1.11196834969, 4.33497202904, 1.03965074222, 1.09000001006, 1.01972373023, 1.02903848212, 1.06067192499, 7.55454118297, 0.953798911856, 0.796309634735, 80.9919619042, 0.967610249187, 1.07550153076, 1.11431732299, 3.2820143053, 0.902400738537, 2267.60421246, 39.8875074338, 12896.0081213
1.57902203405, 1.00000079155, 1.14203145656, 1.04598420155, 2.27180511735, 0.788423665229, 2.95979481254, 1.18360282776, 0.966337213006, 3.61200197502, 5.2031997716, 0.941326512886, 4.82733685761, 1.264684043, 1.09000038938, 1.01287006622, 1.0145281444, 1.0598166996, 5.87047207156, 1.03084148927, 0.959224011779, 99.6773431688, 1.10016187745, 2.76303733011, 1.20658694867, 3.19770041842, 0.965995033881, 6893.37854029, 41.5691396464, 121646.730201
1.76498874119, 1.00000040039, 1.61105001309, 0.953587506976, 3.45708047181, 0.745388342871, 2.30349013919, 1.11736992811, 0.90242132779, 2.50592724942, 4.98154338821, 1.0165668272, 2.02253160105, 1.27909268614, 1.09000030148, 1.01189208384, 1.00459357763, 0.961068179587, 6.58684795846, 1.01374241166, 0.880918573124, 149.70647328, 0.956846275646, 1.3856951924, 1.03301222582, 4.78358497953, 0.97555442248, 2560.58652519, 56.2473598046, 16136.9515979
4.68884172974, 1.00000067504, 1.48146460941, 1.02811897124, 3.0416766174, 0.917770546553, 2.28668927289, 1.09736216179, 0.95996767785, 3.19107271794, 4.80496425385, 0.988990325466, 4.88039880401, 1.12407228473, 1.0900002574, 1.03678204458, 1.00231094843, 0.823957531875, 7.3487008498, 0.953096477783, 0.962178704196, 414.879275406, 0.994118160534, 1.07256465819, 1.07250543096, 4.53515071835, 0.982117534765, 2568.14040301, 29.2122500366, 29524.4712078
4.20242303007, 1.0000001838, 1.44209335266, 0.981521121664, 3.00032694315, 0.82075282361, 4.19145103177, 1.25018387586, 0.90682994541, 3.99387760247, 4.76500785192, 0.898563436772, 3.73613387218, 1.15026759216, 1.09000013526, 1.02543876809, 1.01563179449, 1.11808920963, 9.43847486498, 1.01093942008, 0.913686122316, 411.697076008, 0.997141896391, 3.3149594129, 1.04356954418, 3.7874724923, 1.06448521231, 2638.88571651, 40.9316106105, 14517.7208748
4.24030702401, 1.00000058525, 1.68168588243, 1.21351249943, 5.64871049468, 0.721931128725, 1.29533101506, 1.23880314462, 0.91208764381, 2.34169387603, 5.18948433466, 0.868451050457, 4.97892322362, 1.26281608765, 1.09000085274, 1.01383304629, 1.03314567565, 0.997640492782, 7.96992186036, 0.993922329104, 0.987679476356, 341.666392328, 0.943096434701, 1.37897105066, 1.17203793433, 5.41412968118, 0.973166035142, 787.305988654, 38.9943228236, 5867.70904376
4.97575575996, 1.00000008673, 1.44359235711, 0.944568159346, 3.03348958451, 0.743269593808, 1.11766566895, 1.08204022895, 0.95677751518, 2.56481497891, 5.06257366569, 0.871943183078, 4.43075263239, 1.27858728164, 1.09000074409, 1.02109196918, 1.03694942553, 0.814459611615, 7.02013471044, 1.0899157686, 0.875083322287, 364.826264969, 1.01425220541, 2.35205616786, 1.02472488692, 3.78054569725, 0.937201442442, 273.675479683, 21.1425190762, 1011.64894304
2.13071780091, 1.00000047787, 1.0647256956, 0.980049969835, 3.09834241293, 0.747237304146, 4.37596937729, 1.18506644604, 0.962684735725, 3.41707724509, 4.88112933236, 1.1441188638, 3.46667244438, 1.17714877954, 1.09000060662, 1.00961551802, 1.01095315705, 1.18839301222, 8.26876810205, 0.925602579009, 0.93737843401, 384.159758648, 1.09060785876, 2.25534643923, 1.09581890591, 4.67124778685, 1.00777288729, 1181.81131474, 22.146824638, 7839.71894786
5.1535689198, 1.00000089694, 1.36764160868, 1.17233064779, 6.91413484387, 0.928017481491, 2.70267224371, 1.20334130791, 0.923982306466, 3.05243335304, 6.04148076733, 1.21338051543, 4.22885683685, 1.12665593926, 1.09000037913, 1.013430574, 1.021644481, 0.817315266779, 5.05026455591, 0.964303049899, 0.816917787563, 214.755568092, 0.969329960691, 1.36928469912, 1.13694194521, 5.32809970326, 1.16747425139, 2577.10004345, 39.7968866765, 5800.63688305
3.83638507656, 1.00000085464, 1.06474842692, 1.21457011611, 6.38398082973, 0.786702883216, 3.52257668733, 1.2291384631, 0.906071843063, 5.62644295395, 5.71682321595, 1.04387408147, 4.26520975626, 1.04253977095, 1.09000088618, 1.0033589796, 1.00250182952, 1.21166529237, 8.88070997135, 1.01233805749, 0.879141793483, 46.8985215018, 1.07921991993, 1.30165127776, 1.21176587314, 1.90293662242, 1.15455112626, 780.526694885, 22.309421375, 1317.13180596
3.29172027139, 1.00000060355, 1.41962993489, 1.21442732268, 3.49342441934, 0.829316336275, 5.23269008694, 1.12048298647, 0.972118417961, 2.3086704007, 4.88134751039, 0.863784899672, 3.82326120821, 1.28425329085, 1.09000043583, 1.031673146, 1.00007859846, 1.22245855236, 8.99305138291, 1.14952583181, 0.922937456755, 238.569838217, 0.952682957998, 1.11635235569, 1.11099831505, 4.39858978678, 0.973887162766, 1431.35191949, 33.4376316968, 9375.06408702
1.33385156047, 1.00000053701, 1.20048690175, 1.19621343054, 4.02215339795, 0.79396591727, 4.04231057731, 1.04237082505, 0.938038147821, 2.36969115852, 5.54003254283, 0.938678116101, 3.46158077245, 1.27016695225, 1.09000061484, 1.00835685882, 1.01625229, 1.03279756322, 7.8991200184, 1.11068971946, 0.922010570031, 35.3766437277, 1.03444859948, 1.61367038532, 1.1817810812, 4.70282009926, 1.2494231527, 1913.94357318, 36.3842034157, 61544.1735032
3.84187139134, 1.00000060497, 1.72817157057, 0.880484496396, 6.82673029335, 0.719889290897, 2.90140764016, 1.19596607316, 0.910362798726, 4.78969239883, 6.06624044887, 0.94648672087, 4.33831758641, 1.27635561587, 1.09000055908, 1.02311903181, 1.00341044278, 0.831322967246, 9.00834757975, 0.943823148392, 0.818746044177, 410.583257604, 1.09521570003, 1.85547843322, 1.10841758887, 4.78958184192, 1.29792946864, 5320.64681065, 34.0866965449, 46886.4248835
2.50989516866, 1.00000078905, 1.46671599939, 1.02859042581, 1.64050202312, 0.860160158243, 4.90068225026, 1.19373706208, 0.900160242543, 5.6759839006, 4.7157014146, 0.958792377981, 3.78809426379, 0.973358655886, 1.09000094828, 1.02343787061, 1.02495209151, 0.936726783617, 7.38183588421, 0.94563671885, 0.969331135468, 137.583470187, 1.12521293847, 1.83392232095, 1.19297339032, 5.36800013834, 1.04005196462, 1913.27596752, 37.0479667393, 22632.0850821
5.39244035005, 1.00000023398, 1.52097390632, 1.13976304915, 4.8371310447, 0.842298368813, 1.62300570679, 1.08831316993, 0.932445176517, 4.14673388086, 5.65290395809, 0.994220164473, 5.0156772101, 0.845776690289, 1.09000060365, 1.00478455532, 1.01763766935, 1.1197305739, 5.90943023521, 1.06983735807, 0.796313565715, 93.6029785814, 0.929601137632, 1.12139296453, 1.21412016761, 4.24065544674, 1.22135440139, 1422.635376, 32.4397816909, 11077.4274042
3.45182063274, 1.00000037928, 1.33222227162, 0.841312661491, 1.67095522985, 0.741033491745, 1.28673297123, 1.24445186752, 0.90368650462, 5.40357730009, 4.81308244807, 1.10390515542, 4.15572824341, 0.94146052784, 1.09000099221, 1.03643450806, 1.022696395, 0.935123359724, 8.29877911142, 0.911986571191, 0.929816681051, 329.886271214, 1.10214267468, 2.05529696381, 1.12647462872, 3.97181186215, 1.09331709222, 906.294881858, 23.9752870258, 13757.083673
3.43735002243, 1.00000051475, 1.0030174187, 1.10633499578, 4.11867452888, 0.901564197007, 5.47253099234, 1.22027623114, 0.906977708316, 5.77785418809, 5.07969178092, 1.12842175826, 4.72546989811, 1.04745483949, 1.09000036393, 1.01545767453, 1.04959295879, 0.898660817458, 9.67630865997, 0.989940265381, 0.875324672012, 439.964528215, 1.07927616589, 1.61378036113, 1.2185629776, 5.47650601299, 0.996222839753, 1670.6856437, 35.0918039221, 10145.6953325
4.06051008755, 1.00000029151, 1.67403851335, 1.06344863392, 3.32375138573, 0.792063480316, 1.30998275737, 1.20796847159, 0.92794909485, 3.29797826575, 5.13709079927, 0.923017823888, 4.97836077574, 0.900427262573, 1.09000019834, 1.07811202391, 1.01377671839, 0.844070403463, 9.81581088802, 0.972224475068, 0.888109929243, 102.645184313, 1.12313053724, 2.39765564548, 1.13193775277, 2.4303599112, 1.12945584825, 2632.84619117, 33.0979853713, 39359.0642832
3.5064762129, 1.00000011017, 1.42679256926, 1.06243372243, 4.179780388, 0.803498215637, 3.66117479583, 1.25979764762, 0.964693691642, 5.68191627474, 5.11298753937, 1.12837800851, 4.36651984702, 1.13589955578, 1.09000029162, 1.01399449066, 1.02719415163, 0.841921972887, 5.87752147186, 1.07823987097, 0.870266875445, 263.955123353, 1.0506216104, 4.2961864429, 1.09902942822, 4.92833297364, 1.02045040928, 2572.89749591, 29.1250288706, 6696.44413777
5.8710601581, 1.00000030389, 1.73745905951, 1.11793066724, 4.68075489595, 0.979921144868, 3.15379420305, 1.14079977757, 0.902516622554, 3.39907046087, 6.08840244301, 0.910104153379, 3.41885637628, 1.12710682052, 1.09000089815, 1.03544865124, 1.01126655627, 0.86883861205, 9.19627193879, 1.17196338939, 0.96759652796, 408.553345087, 1.10733250297, 3.53667886056, 1.11235077021, 5.26211094815, 1.28438279025, 1034.18644861, 43.2105740008, 23503.1740316
2.96743029374, 1.00000012402, 1.37061543938, 1.2002874849, 3.16484694666, 0.786513723129, 4.4715284259, 1.22461303599, 0.974623029148, 1.80943763867, 4.80309398449, 0.914628580393, 4.35661730938, 0.96119290589, 1.09000097142, 1.00793119611, 1.01374443293, 1.08048544791, 9.43553203474, 0.939675004604, 0.872578219521, 326.913346632, 1.01105045657, 2.08161510834, 1.07916512192, 5.04275329684, 1.11901372848, 1713.56692297, 30.0668029287, 9430.01800859
5.67631677418, 1.00000003356, 1.01513867512, 1.10609636982, 3.1927641046, 0.821026913717, 1.76247219294, 1.23299981131, 0.921295012346, 4.50744941003, 5.41184886512, 1.10858452877, 2.80609679164, 1.14080238333, 1.09000065843, 1.03289489549, 1.00800350796, 1.07426244501, 8.84498269316, 0.910962455685, 0.931480858166, 198.815815159, 1.13722654325, 1.94439118631, 1.16543676567, 4.26607747313, 1.0733656246, 1185.60796653, 21.4188427628, 8510.50144554
4.1461967353, 1.00000013714, 1.20206788435, 1.09482160957, 3.4067546279, 0.796963339213, 1.29121713705, 1.16946305485, 0.9375018077, 5.38437521828, 4.68201957684, 1.15408102293, 4.35913107531, 1.24094679118, 1.09000021036, 1.06712518915, 1.02059404424, 1.05204419017, 6.22371490174, 1.00397421453, 0.900183875622, 180.866054861, 1.0785359999, 1.61667525151, 1.22465852187, 4.5885976111, 1.25117073861, 1414.72258049, 29.7840824584, 9896.72499798
2.85244882866, 1.00000015384, 1.51992333342, 1.21034570483, 4.79992264309, 0.730205113502, 4.70682653131, 1.22624536341, 0.9538509567, 4.84490331603, 4.78931956911, 0.898791111947, 3.46358166782, 1.25447549926, 1.09000020225, 1.01577404886, 1.00166202621, 1.17220693996, 6.00637236537, 1.12793825228, 0.778744808372, 242.402371629, 1.00996400105, 1.48302462732, 0.989120824876, 4.93823022883, 1.2497998076, 858.381049356, 28.9560719951, 2483.42726564
5.2344396629, 1.00000094494, 1.70173011437, 0.888018479831, 2.41750118864, 0.784434658929, 2.19440392906, 1.17842419448, 0.920895222392, 3.97046778448, 5.26154160592, 1.10779525552, 4.57695686904, 0.922969254703, 1.09000050607, 1.01203320116, 1.01383835459, 1.02755343953, 6.70115017157, 1.02164827095, 0.96178548036, 312.077903012, 1.0636408085, 2.58216562106, 1.21302782725, 5.09943899672, 1.20638256934, 2532.93283181, 41.301183406, 25164.4662711
5.36013438789, 1.00000071079, 1.51220631595, 1.04864404301, 4.69796253447, 0.796583203563, 2.19656821668, 1.21451408262, 0.945494766367, 5.76067537961, 4.74539386342, 1.10686695139, 4.72510796952, 1.25470967968, 1.09000066785, 1.03199301856, 1.04222286944, 0.834490784406, 9.35087806098, 0.991823816895, 0.833010969384, 412.057566994, 1.16125556984, 1.91382340908, 1.23221205474, 4.01722486691, 0.961923812423, 2747.70852257, 29.8409998016, 74095.479001
5.8403325856, 1.00000062261, 1.45188798094, 1.13762621636, 2.39507115538, 0.786231915041, 3.57037036966, 1.25226634808, 0.922410248211, 3.16477826383, 4.94438157566, 0.944511998587, 3.51860443807, 0.863342345335, 1.09000005591, 1.00315349064, 1.02260837633, 1.07281950455, 3.78871400728, 0.948390241872, 0.918131276929, 426.330745959, 1.10606212788, 1.58150531797, 1.06044055658, 4.68580144137, 1.0739990658, 2446.3344438, 42.3165494418, 30818.7368429
3.67877524334, 1.00000060431, 1.68129201737, 1.11765096829, 3.7471202744, 0.837501341871, 5.1526069289, 1.13595082485, 0.929007749445, 1.60155890504, 4.74866819283, 1.00155913682, 2.26453219977, 0.861288216323, 1.09000072101, 1.0037438244, 1.01973959572, 0.911368362806, 7.01512946376, 0.94064566928, 0.967937732728, 391.861942163, 1.00863079109, 2.26402086135, 1.21563065602, 2.62224592936, 1.29889719257, 350.523176343, 22.6041217409, 3027.02347816
5.80669654427, 1.00000074248, 1.56349327478, 1.08840480903, 4.3047915003, 0.848079665196, 4.3612322358, 1.22839862942, 0.941861400018, 4.46038512398, 5.2801855082, 0.963704366266, 4.60962863983, 0.887576683365, 1.09000071529, 1.00104004953, 1.03651442021, 0.828664372379, 8.43249236988, 1.07615704106, 0.924088609491, 140.11899979, 1.01985191745, 5.91141435328, 1.18679323212, 3.63303845135, 1.2348802761, 291.862533461, 17.2572020713, 702.899770656
4.53071706497, 1.00000054708, 1.01267997528, 1.03291896164, 2.89496497855, 0.769888492476, 3.53843018032, 1.20822585829, 0.981813736038, 1.39876328868, 5.34877546179, 1.10813264681, 4.27641778656, 1.07616448297, 1.09000036576, 1.02896258109, 1.00814273602, 0.866238749187, 5.01328999924, 0.983644359411, 0.996681792283, 509.304526028, 1.16298696907, 1.0477169731, 1.0697022538, 5.34737249889, 1.01982603737, 1740.06456066, 37.8578276091, 8663.36229803
4.6377750183, 1.00000039466, 1.14075423716, 1.17808983612, 2.8613826778, 0.752041831633, 3.74460148447, 1.11736771211, 0.945945895702, 5.03079629565, 5.46192417935, 0.907697807898, 4.82995040819, 1.09987041112, 1.09000010601, 1.02047580479, 1.03940471082, 1.00342266764, 9.62670489064, 1.04344685674, 0.87179541546, 471.064909745, 1.01875382571, 1.55994204347, 1.13446767106, 4.09121930226, 1.240515612, 5287.00848934, 70.1544677636, 62534.3024957
5.42169623227, 1.00000009864, 1.44270898388, 1.18647587186, 6.43655665717, 0.836961877373, 1.13768572221, 1.1347693285, 0.943177607425, 2.1819608161, 5.46108176077, 0.823214284114, 4.06523071101, 1.18977100427, 1.09000044625, 1.01085869841, 1.00810659235, 0.94844274738, 5.61172459408, 1.01495184916, 0.848432509054, 700.019837698, 1.19079205937, 1.47837745394, 1.14022274443, 4.38218098529, 1.24909835055, 3879.50272664, 63.9671664166, 15277.2382218
4.74568916283, 1.00000042004, 1.70876947149, 0.870084198699, 3.55908799847, 0.791669342566, 2.79649987135, 1.23931712804, 0.948761966852, 5.36670604088, 5.24610594021, 1.0139721285, 4.89831708108, 0.901484150092, 1.09000073042, 1.09565059467, 1.0406169418, 0.985466729013, 8.70828343193, 0.948349612892, 0.762769361251, 227.154611874, 0.957822248357, 2.7986071768, 1.17419129003, 5.44538395154, 1.09538685129, 993.245088838, 23.9636057164, 2598.87297772
3.8190992893, 1.00000056379, 1.11850754597, 1.04171913556, 5.4847564742, 0.710268443507, 2.11365216079, 1.18955523926, 0.90130167528, 4.13739379216, 4.78495562989, 1.02269131256, 4.3404787701, 1.11079663955, 1.09000077607, 1.00781150353, 1.01462848344, 0.864976234134, 9.97103257155, 1.0296608997, 0.981513979824, 759.560732088, 0.930600225929, 1.56054912956, 1.19029022077, 4.02581616629, 0.907169600613, 4089.54923622, 32.9731002349, 16568.9743586
5.45576577112, 1.0000001533, 1.71584311494, 0.851612409309, 5.82030531315, 0.714652202901, 1.54711051804, 1.24175493222, 0.914803050328, 2.46340333498, 5.69034679353, 0.903787589942, 2.60738824813, 1.04599551358, 1.09000003139, 1.07739682058, 1.02715993042, 1.15855932693, 9.37369158697, 0.933941534964, 0.76450311212, 110.900744491, 1.13881591773, 1.36222220845, 1.23253077676, 4.07025185656, 1.21421436487, 766.643514322, 38.1262484102, 2953.88224151
2.20406129936, 1.00000054065, 1.68779668161, 1.12042205125, 3.88481803747, 0.793989498427, 3.37911735259, 1.20412649288, 0.909821662635, 2.10652619714, 4.97876919629, 0.907087111013, 4.40122257843, 0.942112883636, 1.09000071246, 1.01396253476, 1.0128275864, 0.833720840897, 7.16119065347, 0.943786380272, 0.806532998105, 486.546468773, 0.939319244002, 2.3064272193, 1.21725524078, 3.7356718688, 1.12347745884, 5603.52514407, 34.5116547142, 25096.3211192
4.86129430249, 1.00000099774, 1.15963943444, 1.18357367885, 4.40745154105, 0.74528717965, 4.22198373359, 1.17594015542, 0.914638992165, 2.11960726792, 4.97332788417, 1.03003551419, 4.12477015584, 0.93933861957, 1.09000042464, 1.09136394006, 1.03131822254, 1.02876643618, 6.13356666363, 1.07163765993, 0.843712225577, 168.589734832, 1.18839672384, 1.4182053321, 1.05903411413, 4.55014947237, 1.04376905205, 594.950030587, 21.7369340788, 5918.83889033
4.07792701412, 1.00000058814, 1.72965449341, 1.12997608213, 6.03538204299, 0.732284778206, 3.56930195817, 1.23990728666, 0.994058092666, 5.34411149347, 5.80788205655, 0.933037577647, 4.62850676613, 1.06344421877, 1.0900001567, 1.0528763629, 1.01054692596, 0.861882183161, 7.48261351427, 0.964070087397, 0.773932554552, 196.621257529, 0.990087781265, 2.26171813078, 1.23503114797, 1.6665967056, 1.11337646953, 781.948647436, 38.4895863482, 6178.70524762
5.50797123069, 1.0000003747, 1.20628181933, 0.940571818143, 3.5697887891, 0.736209030069, 2.15569001042, 1.18553030859, 0.980311178617, 4.25251611445, 5.28852589167, 1.1682927463, 4.44956033146, 0.821970101352, 1.09000009888, 1.03886453224, 1.03219944676, 0.862474039141, 8.09288884407, 0.967104894259, 0.958485717255, 17.8562338084, 0.981659196164, 3.26828272001, 1.15610835979, 5.4358429259, 1.21023355162, 74.8599437041, 14.0303370665, 449.381134153
5.13127763725, 1.00000092613, 1.31406956111, 1.07258816655, 2.45880787357, 0.848520928497, 1.53664425121, 1.19168463089, 0.978763217942, 3.92494106722, 6.23042326432, 0.913702894376, 3.54509870369, 1.10300913847, 1.09000048192, 1.06875004555, 1.01734294091, 0.932372080761, 8.97151133921, 1.01532942556, 0.907698811229, 45.7803368978, 1.10473765653, 1.77800381489, 1.19039525178, 4.79889131172, 1.25794839781, 6025.49172129, 43.6903093531, 48844.0664903
4.87233049886, 1.00000015562, 1.72257542675, 1.1404508375, 6.76150197498, 0.729722027079, 2.37090211144, 1.03369410516, 0.927177360526, 4.6908861816, 4.77320231816, 0.888035414603, 3.56692815516, 1.0217755256, 1.0900000619, 1.04704824716, 1.01326333861, 1.05836344544, 4.43720740122, 0.97338307707, 0.895873327523, 816.408619454, 1.06797582096, 1.01150987471, 1.18924312267, 4.47532609002, 1.28870002986, 763.791580239, 22.4109221911, 12809.2936028
3.91995945025, 1.00000084569, 1.01262538008, 1.03454175211, 2.99783760636, 0.747287926244, 1.91163976348, 1.191010149, 0.93514938819, 4.79570579538, 5.12065860724, 0.833711176509, 4.90199767863, 1.06750421441, 1.09000007158, 1.04641325189, 1.04162455254, 1.03446664953, 6.63942811185, 1.1632019012, 0.864635976567, 48.2432861837, 1.16506002973, 3.86526974354, 1.19175975156, 4.95047161677, 1.24722325788, 9896.48671589, 50.4030696526, 27556.2334654
4.29815962432, 1.00000042382, 1.61479620575, 1.09722111521, 3.81049365553, 0.771474389362, 3.88826831571, 1.11978523768, 0.929923881207, 3.57558394231, 4.91043850756, 1.00668337069, 2.74725663384, 1.03263214113, 1.09000022028, 1.0275804302, 1.02443985424, 0.906796461672, 7.45765104432, 1.08030251314, 0.970800559309, 602.638436469, 1.08867374814, 3.38913666358, 1.16772035849, 4.85616637567, 1.18300293321, 2980.47467858, 42.3293784719, 34533.0494961
4.15535229493, 1.000000759, 1.39013132956, 1.12584948074, 2.87172064037, 0.726995811554, 4.83516123746, 1.2448046171, 0.939912785955, 2.40283770101, 4.80963337632, 0.869948886694, 2.57800056616, 0.918727515979, 1.09000016287, 1.05821735348, 1.01844476691, 0.821974915472, 7.14421704576, 1.10546242289, 0.852297318718, 662.139939168, 1.02972287503, 2.73518967612, 1.23463742553, 5.2418793854, 1.11874718602, 2191.31007878, 39.8448022493, 9305.39822929
