1.99516690734, 1.80141007645, 0.346498529467, 2.14052241815, 0.474904019193, 2.0, -1.0, -0.566642839568, -1.0, 1.0, -1.0, 2.0, 2.0, 3.0, -1.0, -1.0, -0.961962349629, 2.14958655566, 0.609941009916, -0.962194266682, 0.35641131855, 2.98712458044, 2.0, 1.0, 1.0, 2.05353658169, 2.0, -1.0, 0.629069831754, -1.0, -0.718220816474, 1.06860958761, 0.0, 2.0, -1.0, -0.90933727296, 2.64984303864, 1.0, 1.0, 3.0, -1.0, 2.11061831437, 1.20483838464, 2.0, -1.0, -0.559758148672, 2.0, -1.0, 3.0, 3.0, 98441.0, 483.0, 99572.0
-0.599477847425, -1.0, 1.41867037757, 2.0, 2.0, 1.0, 0.0, -0.355114414323, -1.0, -0.582462194057, 2.73890998728, 2.75355369824, 2.0, 1.0, 2.0, 2.88439643712, 0.847707478754, 2.68639428658, 1.16054172152, 1.51248626245, 2.0317160432, 1.42150458357, -0.67370818115, -0.842269018851, 2.12785136378, 1.0, -0.949417664269, -1.0, -0.844375258803, -1.0, -1.0, -1.0, 0.0, -1.0, -0.954607480167, 1.7642233344, 2.68656517295, -1.0, 3.0, -0.697984943785, -0.812958086078, -0.807472797289, 1.0, 0.958835029579, -0.759610280154, 0.0, -0.63995223334, 0.967317323943, -0.312080095072, -0.791174381379, 98423.0, 410.0, 99632.0
0.420122064486, 2.34394052095, 1.0, -0.874093048562, 2.21006128037, -0.393552560013, 1.61567553255, 0.0, -0.265503942351, 2.0, 3.0, 0.209867617284, 1.0, 1.0, 0.201526137515, 0.0, -0.476877639093, 0.0, 3.0, 1.0, -0.349689950194, 2.0, 2.96937451761, 2.0, 1.0, 0.92550843418, -0.417988983133, 2.0, 3.0, 1.81232406026, 1.56976160432, 0.0, 0.476957502878, 2.34536544376, 2.0, 1.0, 1.0, 1.0, -1.0, -0.236876853213, 3.0, 0.677728492468, -0.20247787902, 2.0, 1.56372557175, 1.0, -0.264545105264, 2.0, -0.312080095072, 0.360052950888, 97372.0, 719.0, 99392.0
3.0, 1.0, 0.193399943008, 1.72844053612, 0.183588314058, 2.0, 0.0, -0.105740562482, -1.0, 3.0, 1.00826629235, 1.0, 0.367506459962, 1.54662890315, 1.0, 2.0, 2.0, -0.011139553315, 1.0, 0.666165931598, 3.0, 3.0, 0.314933546899, 0.158435441936, 2.74173400714, 3.0, 1.0, 0.541152101302, -0.221614164406, -1.0, 0.0, 2.0, -0.296019393656, 0.368059092129, 0.0, 3.0, 2.0, 0.0, 2.44730195417, 0.0, 1.0, 3.0, 1.0, 2.0, 0.0, 1.0, 0.0, 2.0, 1.6262291192, 2.0, 97449.0, 708.0, 99391.0
0.0, 0.0, -0.117834235369, 1.0, 2.99190664597, -0.786751296639, 2.57656609437, 1.0, -0.0632439826059, 1.0, -0.398044172438, 1.0, 0.0, -0.107861364996, -0.111256681424, -1.0, 1.01594805056, 1.91782891674, 2.12968875194, 0.020520207387, 1.0, 1.22420706929, 0.0, 0.0, 0.0, 2.0, 0.0, -0.305634112169, 0.0, -1.0, 2.11061139049, 0.583060684416, 2.0, 2.38964159748, -0.230863562628, 1.0, 0.0, 0.229021412739, 2.49530697998, -1.0, 2.74179235469, 2.0, 2.0, 1.0, 0.483063932457, 0.752256336819, -0.345174096479, 2.0, 0.461923939928, -0.561141477605, 97274.0, 669.0, 99435.0
0.0, -1.0, 2.36650336191, 2.0, 2.22707769192, -0.762486711464, 0.0, -0.355114414323, -1.0, 0.0, 2.31023545634, 0.0, 2.0, -0.769196426379, 2.0, -0.532079236015, 0.847707478754, 0.0, 1.0, 3.0, 1.99364722042, 3.0, -0.982282383179, -0.764338955345, -0.873708398947, -0.920705589118, 1.16733861956, 1.0, -0.844375258803, 2.01345391933, -1.0, -1.0, 0.424632600828, -1.0, -0.954607480167, 1.0, 1.74967077431, 0.229021412739, 3.0, -0.986133202451, -0.969477847356, 1.0, 1.0, 2.63375041113, -1.0, -0.0250268859062, -0.893592922389, 3.0, -1.0, -0.791174381379, 98290.0, 432.0, 99613.0
-0.443553535317, -1.0, 2.36650336191, 2.0, 2.0, 1.0, 0.0, -0.355114414323, -1.0, 2.33985766595, 2.73890998728, 2.75355369824, -0.814113001926, 1.0, 0.764432108708, 2.88439643712, 0.847707478754, 2.68639428658, 1.0, 1.51248626245, 2.0317160432, 1.42150458357, -0.67370818115, -0.764338955345, -0.873708398947, 1.0, -0.788169086069, -1.0, -0.844375258803, -1.0, -1.0, -1.0, 0.0, -1.0, -0.954607480167, 1.7642233344, 1.74967077431, -1.0, 3.0, -0.845233734968, -0.812958086078, -0.807472797289, 2.95860302989, 0.958835029579, -1.0, 0.0, -0.63995223334, 0.967317323943, -0.312080095072, 2.88985850629, 98404.0, 427.0, 99620.0
-0.443553535317, -1.0, 2.36650336191, 2.0, 2.0, 1.0, -0.967180017596, -0.355114414323, -1.0, 0.0, 2.73890998728, 2.75355369824, 2.0, 1.0, 2.0, 2.88439643712, 0.847707478754, 2.68639428658, 1.0, 1.51248626245, 2.0317160432, 1.34978015558, -0.67370818115, -0.764338955345, -0.873708398947, 1.0, 2.00809357644, -1.0, -0.844375258803, -1.0, -1.0, -1.0, 0.0, -1.0, -0.954607480167, 1.7642233344, 1.74967077431, -1.0, 3.0, -0.677623928482, 0.748481968198, -0.807472797289, 1.0, 0.958835029579, -1.0, 0.0, -0.619530989345, 0.967317323943, -0.312080095072, -0.791174381379, 98313.0, 447.0, 99602.0
-0.443553535317, -1.0, 2.36650336191, 2.0, 2.0, -0.0873530740089, -0.989849463519, -0.355114414323, -1.0, 0.0, 2.73890998728, 2.75355369824, 2.0, 1.0, 1.48628147632, 2.88439643712, 0.847707478754, 2.68639428658, 1.0, 1.51248626245, 2.0317160432, 0.203274229148, -0.67370818115, -0.764338955345, -0.873708398947, 1.0, 1.3869692714, -1.0, -0.844375258803, -1.0, -1.0, -1.0, 0.0, -1.0, -0.954607480167, 1.7642233344, 1.74967077431, -1.0, 3.0, 2.40560123136, 1.0589020103, -0.807472797289, 1.0, 0.958835029579, -1.0, 0.0, -0.811929935135, 0.967317323943, -0.312080095072, -0.791174381379, 98233.0, 461.0, 99588.0
-0.599477847425, -1.0, 2.36650336191, 2.0, 2.0, 1.0, 0.0, -0.355114414323, -1.0, 0.0, 2.73890998728, 2.75355369824, 2.0, 1.0, 2.0, 2.88439643712, 0.847707478754, 2.68639428658, 1.0, 1.51248626245, 2.0317160432, 1.42150458357, -0.67370818115, -0.842269018851, -0.873708398947, 1.0, -0.0652408570726, -1.0, -0.844375258803, -1.0, -1.0, -1.0, 0.0, -1.0, -0.954607480167, 1.7642233344, 1.74967077431, -1.0, 3.0, -0.677623928482, -0.812958086078, -0.807472797289, 1.0, 0.958835029579, -0.759610280154, 0.0, -0.63995223334, 0.967317323943, -0.312080095072, -0.791174381379, 98310.0, 430.0, 99620.0
1.11347303505, 2.0, 2.37532091445, -1.0, -1.0, -0.467011236638, 1.02141389052, -1.0, -1.0, -0.577344442642, 3.0, -0.710234336234, 1.570015728, -0.886197216591, -0.798918306571, 0.304682437303, 0.624547405702, 0.548364288779, -1.0, -0.196944860326, 1.41585406556, 0.0, -0.42384927265, 0.0, -1.0, 0.332145534716, 0.0, 2.0, -1.0, -0.628739464632, 1.01082622389, -1.0, 1.0, 2.0, 3.0, -0.65065500251, 0.705130112212, 1.63932332342, 1.04481243868, 0.455388238373, 0.672370846945, -0.895664404821, 2.01513662374, 0.0, -0.89391546974, -0.095266699351, 2.0, -1.0, 0.0, 2.96884712511, 98268.0, 473.0, 99586.0
1.99516690734, -0.20084730782, 0.346498529467, 2.14052241815, -0.465791146, 2.0, -0.331466720873, -0.566642839568, -1.0, 1.0, -1.0, 2.03732907677, 2.0, 3.0, -1.0, -1.0, -0.961962349629, 2.14958655566, 0.609941009916, -0.962194266682, 0.35641131855, 2.98712458044, 2.0, 1.0, 1.0, 2.05353658169, 2.0, -1.0, -0.703166314524, -1.0, -0.718220816474, 1.06860958761, 0.0, 2.0, -1.0, -0.90933727296, 2.64984303864, 0.404869321686, 1.0, 3.0, -1.0, 2.11061831437, 1.20483838464, 2.0, -1.0, -0.559758148672, 2.0, -1.0, 3.0, 1.92874344617, 98383.0, 479.0, 99579.0
0.0, -1.0, 2.36650336191, 2.0, 2.0, 1.0, 0.0, -0.355114414323, -1.0, 0.0, 2.31023545634, 0.0, 2.0, -0.769196426379, 2.0, 1.10742457402, 0.847707478754, 0.0, 1.0, 3.0, 1.99364722042, 3.0, -0.982282383179, -0.764338955345, -0.873708398947, -0.920705589118, 1.16733861956, 1.0, -0.844375258803, 1.94660075606, -1.0, -1.0, 0.424632600828, -1.0, -0.954607480167, 1.0, 1.74967077431, 0.229021412739, 3.0, -0.986133202451, -0.969477847356, 1.0, 1.0, 2.63375041113, -1.0, -0.0250268859062, -0.893592922389, 3.0, -1.0, -0.791174381379, 98209.0, 463.0, 99592.0
1.99516690734, 1.80141007645, 0.346498529467, 2.83014076693, 0.474904019193, -0.786751296639, -1.0, -0.566642839568, -1.0, 2.37573143326, -1.0, 2.0, 1.58098104204, 0.469025886009, -1.0, -1.0, -0.961962349629, 2.0, 0.609941009916, -0.962194266682, 0.0, 2.8813903188, 2.0, 1.0, 1.0, 3.0, 1.0, -1.0, 0.0, -1.0, 1.0, 0.0, 0.0, 2.0, -1.0, -0.90933727296, 0.228932702896, 1.0, 1.0, 3.0, -1.0, 1.0, 0.357120135988, 2.0, -1.0, -0.60846053881, 2.0, -1.0, 3.0, 3.0, 98336.0, 487.0, 99577.0
-0.384498008166, 1.24000394411, 3.0, 2.79963068595, 0.802744193663, -0.854370551457, 0.514330749112, -0.975394940825, -0.73596899517, 1.0, 3.0, 0.821971188831, 2.0, 0.50304438225, 3.0, -1.0, 1.54264295022, -1.0, 0.620549823647, 2.24284023763, 2.2127650236, -0.575014746114, 2.0, -0.571955798708, 2.0, 0.478955855412, 0.0, -0.750636690518, -0.660359968435, -1.0, -1.0, -1.0, -0.397636025953, 1.53711677053, -1.0, 3.0, 1.0, 2.75134462564, 1.07995639185, 3.0, -0.826912429567, 1.0, 0.0, 0.0, 0.0, -0.0710356253187, 3.0, 0.0, 1.54225823857, 1.89022952213, 98013.0, 524.0, 99518.0
-0.768574024233, -0.958467624874, 0.0458608130769, 1.0, -1.0, 2.85212181219, -1.0, 0.0, -1.0, 1.0, 1.0, 2.11019947519, 0.95714423494, 2.39140757664, 1.0, 2.0, 0.940182754813, 2.70128482672, 2.71195230826, -0.23562858805, -0.244993048543, 1.82827201223, -0.309177655975, 1.7988787091, 0.898891728453, -0.0909262777224, 2.0, -1.0, 0.0, -1.0, 0.203747382842, -1.0, -0.11202855505, 2.0, -1.0, 0.0, 1.24772269272, 1.0, -0.573909112536, 3.0, 1.0, -0.993118189311, -0.915892306526, 2.0, -1.0, -0.682009139891, -0.328549829187, -1.0, 3.0, 3.0, 98039.0, 507.0, 99539.0
-0.146815694902, -1.0, 2.36650336191, 2.0, 2.0, 1.88864372375, 0.0, -0.355114414323, -1.0, 0.0, 2.31023545634, 0.0, 0.0, -0.487292115883, 2.0, 1.82310654947, 0.847707478754, 0.376032268831, 1.0, 1.51248626245, 2.3560532302, 1.34978015558, -1.0, -0.999078740086, -0.873708398947, 1.0, 3.0, 2.55232954929, -0.844375258803, 2.8014754429, -1.0, -1.0, 1.0, -1.0, -0.954607480167, 1.0, 1.74967077431, -1.0, 3.0, -0.986133202451, -0.969477847356, 1.0, 1.0, 0.958835029579, -1.0, 0.0, -0.893592922389, 2.87878589992, -1.0, -0.847472561238, 98192.0, 480.0, 99588.0
-0.0700644199467, 0.0, 1.0, -1.0, 1.0, 2.60819769519, 0.0, 0.0, -1.0, -1.0, 1.0, 0.411828666492, 1.0, 2.0, 2.33991720799, 2.0, 2.0, 0.0, 0.0, 3.0, 1.0, 0.249299232125, 2.0, 2.71033831953, 3.0, -0.120936745944, 1.42766055316, 1.57671085923, 0.0, -0.97675473965, 2.03707974981, -1.0, 1.27711855135, -0.212153736544, 1.33483507456, 0.0, 1.0, 1.73091167168, -0.958223717436, 0.0, -1.0, -0.945273004444, -1.0, 1.0, -0.219969079228, -0.723019783288, 2.0, -0.230509541636, 0.320281740162, 0.463433581803, 97629.0, 583.0, 99480.0
2.37792807634, -1.0, 1.0, -1.0, 0.0, -1.0, 0.0, 2.0, -0.195868199515, 2.0, 2.0, -1.0, 1.0, -0.411990105383, 2.24130586686, 2.94941941241, -0.564559548634, -0.175298265136, 2.69256004562, 0.107841178762, 3.0, 1.13256484473, 0.809047055167, 0.0, 0.294390774112, -0.601348928706, 0.0, -1.0, -1.0, -0.628739464632, -0.633638592852, -1.0, 0.146460467381, 0.618797170432, 0.0, 1.0, 0.0, 0.636738563182, 1.77648554867, 1.00252048031, -1.0, 2.0, -0.944229990979, -0.894287193882, 0.0, 1.0, 1.0, 0.0, 0.0, -0.719036462979, 97902.0, 505.0, 99566.0
-0.341493152536, 2.0, 3.0, -1.0, -1.0, -0.028777609008, 2.0, 3.0, -1.0, -0.518175949571, 3.0, 0.0, 2.0, 0.50304438225, 1.66091618151, -1.0, 2.44011817219, -1.0, 1.51850106261, 1.0, 0.0, 0.0, 0.702327874238, 0.0, 2.0, 0.346228351311, -0.798431172697, 1.0, -1.0, -1.0, -1.0, -1.0, -0.214375422913, 1.0, -1.0, 3.0, 1.0, 2.44744920762, 1.07995639185, 1.38003065363, 0.0, 0.869599591275, 1.9016990231, 0.0, 1.59992888166, -0.699968695011, 2.82602421984, -0.884348013287, 0.714040568008, 1.89022952213, 98158.0, 513.0, 99525.0
-0.443553535317, -1.0, 2.36650336191, 2.0, 2.0, 1.0, 0.0, -0.355114414323, -1.0, 0.0, 2.73890998728, 2.75355369824, 2.0, 1.0, 2.0, 2.88439643712, 0.847707478754, 2.68639428658, 1.0, 1.51248626245, 2.0317160432, 1.34978015558, -0.67370818115, -0.764338955345, -0.873708398947, 1.0, -0.0652408570726, -1.0, -0.844375258803, -1.0, -1.0, -1.0, 0.0, -1.0, -0.954607480167, 1.7642233344, 1.74967077431, -1.0, 3.0, -0.677623928482, -0.812958086078, -0.807472797289, 1.0, 0.958835029579, -1.0, 0.0, -0.619530989345, 0.967317323943, -0.312080095072, -0.791174381379, 98231.0, 443.0, 99606.0
-0.341493152536, 2.0, 3.0, -1.0, -1.0, -0.028777609008, 2.0, 0.32963310745, -1.0, 1.86679677441, 3.0, 0.0, 2.0, 0.50304438225, 1.66091618151, -1.0, 0.0, -1.0, 1.51850106261, 1.0, 0.0, 0.0, 2.34796251352, 0.0, 2.0, 0.346228351311, -0.798431172697, 1.0, -0.775302224367, -1.0, -1.0, -1.0, -0.320037463722, 1.0, -1.0, 3.0, 1.0, 2.44744920762, 1.07995639185, 3.0, -0.849425331657, 0.869599591275, 1.9016990231, 0.0, 1.59992888166, -0.699968695011, 2.82602421984, -0.884348013287, 0.714040568008, 1.89022952213, 98068.0, 518.0, 99524.0
1.15591406915, 1.0, 3.0, 3.0, 0.251167286697, -0.393552560013, 2.0, 2.65147624755, -1.0, 1.86679677441, 3.0, 0.0, 2.0, 2.75200978018, 3.0, 0.435372773543, -0.30049424188, 0.72155055105, 1.0, 1.0, 0.0, 1.26206099364, 1.91562618573, 0.0, 0.986051248495, 0.346228351311, 0.19590325215, 0.417777120275, 2.9662634064, -1.0, -1.0, -1.0, 0.125068573138, 1.0, -1.0, 3.0, 1.40607851827, 3.0, 2.9098384218, 0.193548949821, 0.0, 2.73838294376, 1.0, 0.564352070245, 2.8308859063, -0.151503061963, 2.76635492565, 0.0, 1.0, 1.33737551483, 97613.0, 653.0, 99422.0
2.37792807634, -1.0, 1.0, -1.0, 0.0, -1.0, 0.0, 2.0, -0.195868199515, 2.0, 2.0, -1.0, -0.892807486122, -0.24918127066, 0.309826637829, 2.94941941241, -0.236392279201, 2.29404253356, 1.0, 3.0, 3.0, 2.0, 0.0, -0.0665141481411, 0.294390774112, -1.0, 0.0, -1.0, -1.0, -0.628739464632, -0.633638592852, 0.0, 2.0, 2.0, 0.0, 1.0, 0.0, 0.0, 1.77648554867, 1.0, -1.0, 2.18519921861, -0.300900155545, 1.0, 0.0, -0.439667139653, 1.0, 0.0, 2.02224576996, 2.0, 97649.0, 579.0, 99500.0
1.99516690734, 1.80141007645, 0.346498529467, 1.11182216905, 0.474904019193, -0.786751296639, -1.0, -0.566642839568, -1.0, 1.0, -1.0, 2.0, 2.0, 3.0, -1.0, -1.0, -0.961962349629, 2.0, 0.609941009916, -0.962194266682, 0.0, 2.8813903188, 2.0, 1.0, 1.0, 3.0, 2.0, -1.0, 0.629069831754, -1.0, -0.718220816474, 0.863292450735, 0.0, 2.34536544376, -1.0, -0.90933727296, 1.0749794794, 1.0, 1.0, 3.0, -1.0, 1.0, 1.20483838464, 2.0, -1.0, -0.559758148672, 2.0, -1.0, 3.0, 3.0, 98412.0, 469.0, 99584.0
2.32542728068, -0.129131846616, 0.0, -1.0, 1.0, 3.0, 1.0, -1.0, -0.140301770597, 0.0, 2.0, 2.08063576663, 1.40998488026, -0.840674324636, 0.0, 0.0, -0.228598906227, 2.60158501893, 1.0, 0.843202000993, 2.0, -0.478151147457, -0.578420446802, -0.957466995967, 0.560906841522, -0.610649861384, 3.0, 3.0, -1.0, -0.788472807164, -0.735147684283, 1.49723869266, 2.39446222187, 2.0, -0.898375327346, 2.39525077913, 0.0, 3.0, -0.362087055344, 1.0, 1.59902990451, 2.0, -0.300900155545, 2.112690533, 1.0, 0.956299150532, 2.0, 0.893136971706, 2.0, 3.0, 97741.0, 586.0, 99472.0
2.34070531652, -0.728765535766, 0.251299297503, -0.964879424185, 2.0, 0.00909877943083, 3.0, -0.67507522071, -1.0, -0.550411229183, 0.500517727901, 3.0, 2.0, 0.0, -0.48483460933, 2.33847878181, -0.0693129277556, -1.0, -0.434516977789, 3.0, -0.447710805023, -1.0, 1.90937608755, 2.67471988854, 0.0, 0.0, -0.50419607989, -0.834399396514, 1.0, 0.0, -1.0, 2.0, -1.0, -0.946782723463, -1.0, 1.7642233344, 0.0, 1.09273443498, 3.0, 2.21316955139, -1.0, 2.0, 2.51038480124, 1.0, -1.0, 3.0, 1.8378087806, -0.230509541636, 0.0, -1.0, 98097.0, 492.0, 99561.0
3.0, 1.0, 0.193399943008, 0.144898365056, 0.183588314058, 2.0, 0.0, -0.0966480757766, -1.0, 3.0, -0.037941418794, 1.0, 1.0, 1.54662890315, 1.0, 2.0, 2.0, -0.011139553315, 1.0, 0.666165931598, 3.0, 3.0, 0.314933546899, -0.442042801577, 2.74173400714, 3.0, -0.283449340687, 0.541152101302, -0.264023095932, -1.0, 0.0, 2.0, -0.444433017526, 0.368059092129, 0.0, 3.0, 2.0, -0.486739218175, -0.90776601421, 0.0, 1.0, 2.00231090561, 1.0, 2.0, 0.0, 1.0, 0.0, 2.0, 1.6262291192, 2.0, 97416.0, 697.0, 99395.0
1.29978554021, -0.513886543508, 1.0, 1.95378330431, -0.730065241475, 2.0, 0.0, -1.0, -1.0, 0.980415973851, 0.585144859051, 1.0, -0.254394974381, -1.0, 1.0, 2.45639757724, 2.0, 0.548364288779, 1.0, 1.0, 3.0, 3.0, -0.243877621416, 2.0, 2.44036255536, 3.0, 1.0, 0.321701463875, -0.264023095932, -1.0, -0.82316270882, 2.0, 0.0, 0.280459051175, 0.0, 1.7967926988, 1.06282190081, 1.0, 3.0, -0.16301315719, 1.0, 1.46752495615, 1.29930354241, 2.0, 0.0, 1.0, 0.0, 2.0, 2.0, 2.0, 97575.0, 624.0, 99438.0
1.99516690734, 1.80141007645, 0.346498529467, 2.14052241815, 0.474904019193, -0.786751296639, -1.0, -0.566642839568, -1.0, 1.88852225284, -1.0, 2.0, 2.0, 3.0, -1.0, -1.0, -0.961962349629, 2.0, 0.609941009916, 0.972764213942, -0.0151166026264, 2.8813903188, 2.0, 1.0, 1.0, 3.0, 2.0, -1.0, 1.20516707881, -1.0, -0.718220816474, 1.06860958761, 0.0, 2.0, -1.0, -0.90933727296, 2.64984303864, 1.0, 1.0, 3.0, -1.0, 1.0, 1.20483838464, 2.0, 1.49246339756, -0.559758148672, 2.0, -1.0, 3.0, 3.0, 98357.0, 500.0, 99551.0
0.0, 2.26829595491, -0.36516311739, 1.0, 1.0, -0.786751296639, 2.57656609437, -0.158312051577, -0.918887066602, 0.4253534381, -0.398044172438, 1.0, 0.0, 0.0, -0.0915626052646, -1.0, 0.41782190799, 1.28436994045, 3.0, -0.149362523137, 1.0, 1.30155052756, 0.0, 1.96797886087, 0.0, 2.0, -0.490655988924, -0.305634112169, 0.0, -1.0, 2.41331447772, 0.405647546739, 2.0, 1.19581739604, 1.0, 1.0, 0.0, -1.0, 1.77648554867, 0.715222666815, 2.74179235469, 2.33706035264, 0.658688100146, 1.0, 1.30393793885, 0.752256336819, 3.0, 2.0, 0.0742587002421, -0.798284553921, 97347.0, 653.0, 99442.0
2.34070531652, -0.728765535766, 0.251299297503, -0.964879424185, 2.0, 0.00909877943083, 3.0, -0.67507522071, -1.0, -0.550411229183, 0.500517727901, 3.0, 2.0, 0.0, -0.48483460933, 2.33847878181, -0.0693129277556, -1.0, -0.366525733706, 3.0, -0.447710805023, -1.0, 1.90937608755, 2.67471988854, 0.0, 0.0, -1.0, -0.834399396514, 1.0, 0.0, -1.0, 2.0, -1.0, -0.946782723463, -1.0, 1.0, 0.0, 1.09273443498, 1.07995639185, 2.21316955139, -1.0, 2.0, 2.51038480124, 1.0, 2.00084775743, 3.0, 0.877481035296, -0.230509541636, 0.0, -1.0, 97973.0, 508.0, 99544.0
0.0, -1.0, 2.36650336191, 2.0, 2.0, 1.0, 0.0, -0.355114414323, -1.0, 0.0, 2.31023545634, 0.0, 2.0, -0.769196426379, 2.0, 1.10742457402, 0.847707478754, 0.0, 1.0, 3.0, 1.99364722042, 3.0, -0.982282383179, -0.764338955345, -0.873708398947, 1.0, 3.0, 1.0, -0.844375258803, 2.99761575324, -1.0, -1.0, 1.0, -1.0, -0.954607480167, 1.0, 1.74967077431, 0.229021412739, 3.0, -0.986133202451, -0.969477847356, 1.0, 1.0, 2.0, -1.0, -0.0250268859062, -0.893592922389, 3.0, -1.0, -0.791174381379, 98211.0, 474.0, 99582.0
2.37792807634, -1.0, 1.0, -1.0, 0.0, -1.0, 0.0, 2.0, -0.195868199515, 2.0, 2.0, -1.0, 1.0, -0.411990105383, 2.24130586686, 2.94941941241, -0.564559548634, -0.175298265136, 2.69256004562, 0.107841178762, 3.0, 1.13256484473, 0.809047055167, 0.0, 0.294390774112, -1.0, 0.0, -1.0, -1.0, -0.628739464632, -0.633638592852, -1.0, 0.146460467381, 2.0, 0.0, 1.0, 0.0, 0.636738563182, 1.77648554867, 1.00252048031, -1.0, 2.0, -0.944229990979, -0.894287193882, 0.0, 1.0, 1.0, 0.0, 0.0, 0.0174493368569, 97865.0, 518.0, 99550.0
-0.146815694902, -1.0, 2.36650336191, 2.0, 2.0, 1.88864372375, 0.0, -0.355114414323, -0.363637500724, 0.0, 2.31023545634, 0.0, 0.0, -0.487292115883, 2.0, 1.82310654947, 0.847707478754, 0.376032268831, 1.0, 1.51248626245, 1.14749129107, 1.34978015558, -1.0, 0.0, -0.873708398947, 1.00123564741, 3.0, 2.55232954929, -0.844375258803, 2.8014754429, -1.0, -1.0, 1.0, -1.0, -0.954607480167, 1.0, 1.74967077431, -1.0, 3.0, -0.986133202451, -0.969477847356, 1.0, -0.944229990979, 0.958835029579, -1.0, -0.70803954121, -0.893592922389, 0.0, -1.0, -0.847472561238, 98154.0, 483.0, 99597.0
-0.768574024233, -0.687841710181, 0.0458608130769, 1.0, -1.0, 2.85212181219, -1.0, 0.0, -1.0, 1.0, 1.0, 2.11019947519, 0.95714423494, 2.39140757664, 1.0, 2.0, -1.0, 2.70128482672, 2.71195230826, -0.23562858805, -0.244993048543, 1.82827201223, -0.309177655975, 1.7988787091, 0.0527221256137, -0.0909262777224, 2.0, -1.0, 0.0, -1.0, 0.203747382842, -1.0, 0.0, 2.0, -1.0, 0.0, 1.24772269272, 1.0, -0.573909112536, 3.0, 1.0, -0.993118189311, -0.915892306526, 2.0, -1.0, -0.682009139891, -0.328549829187, -1.0, 3.0, 3.0, 98123.0, 489.0, 99558.0
0.0, -0.20084730782, 0.0, 0.0, 3.0, -0.291288041573, 2.0, 1.01004590932, 0.385431237157, 3.0, -0.36089856849, 2.15552189718, 0.0, 1.0, 1.2339531602, 1.32849381745, 0.66874553895, 1.27442781872, 3.0, -1.0, 1.89171666624, 1.0, 2.0, 2.0, 0.0, 2.0, -0.183574960017, 0.0, 0.0, 1.0, 1.0, 2.0, 0.0, 1.0, -1.0, 0.0, 0.0, 1.97493109842, 3.0, 3.0, 3.0, -1.0, 3.0, -0.176309705522, 0.23279493207, 0.559958114026, 1.09185770658, 1.47545625047, 1.0, 1.0, 97282.0, 699.0, 99411.0
-0.384498008166, 0.25003404191, 1.68703842182, 3.0, -1.0, -0.793107295939, 2.0, 2.75581575954, -1.0, 1.86679677441, 3.0, 0.0, 2.0, 0.50304438225, 3.0, -1.0, 0.0, 0.594875844455, 1.0, -0.504669935509, 0.545092163728, 0.0, 1.2591552587, 0.0, 0.944305062959, 0.346228351311, 0.0684333512756, -0.880892840993, 0.419923813517, -1.0, -1.0, -1.0, 0.125068573138, 1.0, -1.0, 3.0, 1.07893898412, 3.0, 1.07995639185, 3.0, 0.0, 1.0, 1.0, 0.564352070245, 1.62037382873, 0.783045473829, 2.76635492565, 0.0, 1.60162694468, 1.33737551483, 97828.0, 574.0, 99486.0
3.0, 1.0, 1.0, 1.95378330431, 1.0, 2.0, 0.0, -0.0966480757766, 0.295016736655, 3.0, -0.037941418794, 1.0, 1.0, -1.0, 1.52758830453, 2.0, 2.0, 0.0, 1.0, 1.0, 0.10640353054, 3.0, 0.314933546899, 2.0, 2.74173400714, 3.0, 1.0, 0.541152101302, -0.264023095932, -1.0, 0.0, 1.09561617562, -0.296019393656, -0.212153736544, 0.0, 3.0, 2.0, 0.0, 0.676827654159, 0.0, 1.0, 3.0, 1.0, 1.0, 0.0, 1.0, -0.326270483606, 2.0, 2.0, 2.0, 97400.0, 710.0, 99392.0
1.29978554021, -0.567362155744, -0.132879292948, 1.95378330431, -0.433802215674, 2.0, 0.0, 0.165885254887, -1.0, 0.980415973851, 0.585144859051, 1.0, 1.0, -1.0, 1.0, 2.0, 2.0, 1.08298146183, 1.0, 1.9430196815, 3.0, 3.0, -0.243877621416, 2.0, 2.44036255536, 3.0, 1.0, 0.541152101302, -0.264023095932, -1.0, -0.82316270882, 0.394704811994, 3.0, -0.890497142672, 0.0, 1.7967926988, 0.422455564059, -0.383179022079, 3.0, -0.315078320159, 1.0, 0.233826360434, 1.29930354241, 2.0, 0.0, 0.84343336292, 0.0, 1.88294925688, 2.0, 2.0, 97541.0, 635.0, 99430.0
-0.485234686358, -0.736894760641, 0.298864648425, -0.231311397379, 3.0, -0.291288041573, 2.0, 1.07414590747, 0.385431237157, 3.0, 0.0, 1.0, -0.26172359885, 1.0, 1.2339531602, 1.32849381745, 0.66874553895, 2.05517421174, 3.0, -1.0, 1.89171666624, 1.0, -1.0, 2.0, 0.0, 2.0, -0.0257869112831, 0.0, 0.900105707975, 1.0, 1.0, 2.0, 0.0, 1.0, 0.190556857587, 0.0, 0.0, 1.38562224663, 3.0, 3.0, 0.597439147425, -1.0, 3.0, 3.0, 0.23279493207, 0.624434867434, 1.09185770658, 0.0, 0.619329910406, 1.0, 97363.0, 681.0, 99426.0
2.0, 0.0, 0.564377299248, -0.2050481024, 1.0, 3.0, 0.682840922904, -1.0, -0.140301770597, 0.0, 2.0, 3.0, 1.40998488026, 2.0, -0.293692841675, 0.0, 1.0, 2.24238600775, -0.437419565401, 1.12894120581, 2.0, 1.27266488025, -1.0, -0.957466995967, 0.0, -0.610649861384, 1.02156558906, 3.0, -1.0, -1.0, -0.735147684283, 1.24753733368, 2.39446222187, 2.0, -0.898375327346, 2.39525077913, 0.0, 3.0, 1.47684347745, 1.0, 1.59902990451, -0.700435792469, 1.0, 2.112690533, 1.0, 0.956299150532, 0.283287485021, 0.893136971706, 1.31395782316, 3.0, 97617.0, 605.0, 99463.0
0.0, 0.0, -0.117834235369, 1.0, 2.99190664597, -0.786751296639, 2.57656609437, 1.0, -0.0632439826059, 1.0, -0.398044172438, 1.0, 0.0, -0.107861364996, -0.111256681424, -1.0, 1.142024416, 1.91782891674, 2.12968875194, 0.020520207387, 1.0, 1.22420706929, 0.0, 0.0, 0.0, 2.0, 0.0, -0.305634112169, 0.0, -1.0, 2.11061139049, 0.583060684416, 2.0, 2.38964159748, -0.230863562628, 1.0, 0.0, -1.0, 2.49530697998, -1.0, 2.74179235469, 2.0, 2.0, 1.0, 0.483063932457, 0.752256336819, -0.345174096479, 2.0, 0.461923939928, -0.561141477605, 97330.0, 658.0, 99449.0
-0.146815694902, -1.0, 2.36650336191, 2.0, 2.0, 1.88864372375, 0.0, -0.355114414323, -1.0, 0.0, 2.31023545634, 0.0, 0.0, -0.487292115883, 1.21923141615, 1.82310654947, 0.847707478754, 0.376032268831, 1.0, 1.51248626245, 2.3560532302, 1.34978015558, -1.0, -0.999078740086, -0.873708398947, 1.0, 3.0, 2.55232954929, -0.844375258803, 2.8014754429, -1.0, -1.0, 1.0, -1.0, -0.954607480167, 1.0, 1.74967077431, -1.0, 3.0, -0.986133202451, -0.969477847356, 1.47258435184, 1.0, -0.744003623888, 2.14112931987, -0.0634998280294, -0.373423722492, 2.92598383968, -1.0, -0.847472561238, 98096.0, 488.0, 99573.0
3.0, 1.0, 1.0, 1.95378330431, 1.0, 2.0, 0.0, -0.0966480757766, -1.0, 3.0, -0.037941418794, 1.0, 1.0, -1.0, 1.52758830453, 2.0, 2.0, 0.0, 1.0, 1.0, 0.10640353054, 3.0, 0.314933546899, 2.0, 2.74173400714, 3.0, 1.0, 0.541152101302, -0.264023095932, -1.0, 0.0, 1.09561617562, -0.296019393656, 0.368059092129, 0.0, 3.0, 2.0, 0.0, 0.676827654159, 0.0, 1.0, 3.0, 1.0, 2.0, 0.0, 1.0, 0.0, 2.0, 2.0, 2.0, 97475.0, 691.0, 99399.0
-0.384498008166, 0.25003404191, 1.0, 3.0, 0.5935841394, -0.793107295939, 2.0, 2.75581575954, -1.0, 1.86679677441, 3.0, 0.0, 2.0, 0.50304438225, 3.0, -1.0, 0.0, -0.614842330845, 1.0, -0.453627197324, 0.0, 0.0, 2.32913938197, 0.0, 0.986051248495, 0.448732450709, 0.781340976665, -0.880892840993, 0.419923813517, -1.0, -1.0, -1.0, 0.125068573138, 1.0, -1.0, 3.0, 1.07893898412, 3.0, -0.217667064197, -0.249520980604, 0.0, -0.304966492821, 1.0, 0.564352070245, 1.62037382873, -0.151503061963, 2.76635492565, 0.0, 1.60162694468, 1.33737551483, 97669.0, 596.0, 99463.0
2.0, -0.959505065087, 1.48064794801, 2.57532538697, 0.0888210276393, 3.0, 1.0, 0.149312369756, 1.0, 1.10398944091, -0.156508290088, 3.0, 1.0, -0.538588696188, 0.804161542278, -0.870524159797, 2.31606932556, 3.0, 1.8033223175, 0.101811007433, 1.99833133482, 2.24122765642, 0.269017949384, -1.0, -0.325097059414, 2.0, 2.62981280449, 3.0, -1.0, -1.0, 0.0, 1.0, 1.52100780195, 2.0, -0.898375327346, 2.39525077913, 2.0, 3.0, -0.775434660602, 1.0, 2.01649280144, 3.0, 1.44969486717, 1.0, 0.943859753649, 1.0, 2.80940297431, 2.93440869537, 0.87932323491, 3.0, 97840.0, 613.0, 99446.0
-0.41366611921, -0.736894760641, 0.298864648425, -0.231311397379, -1.0, -0.291288041573, 2.0, 1.07414590747, 0.385431237157, 3.0, 0.0, 0.815815808122, -0.26172359885, 1.0, 1.2339531602, 1.32849381745, 0.66874553895, 2.05517421174, 3.0, -1.0, 1.89171666624, 1.0, -1.0, 2.0, 0.0, 2.0, -0.0257869112831, 0.0, 0.900105707975, 1.0, 1.0, 2.0, 0.0, 1.0, 0.190556857587, 0.0, 0.0, 1.38562224663, 0.631720363141, 3.0, 0.597439147425, -1.0, 3.0, 3.0, 0.23279493207, 0.624434867434, 1.09185770658, 0.0, 0.619329910406, 1.0, 97381.0, 664.0, 99440.0
1.29978554021, -0.567362155744, -0.132879292948, 1.95378330431, 0.0917657944667, 2.0, 0.0, 0.165885254887, -1.0, 0.980415973851, 0.585144859051, 1.0, 1.0, -1.0, 1.0, 2.0, 2.0, 1.08298146183, 1.0, 1.0, 3.0, 3.0, -0.243877621416, 2.0, 2.44036255536, 3.0, 1.0, 0.541152101302, -0.264023095932, -1.0, -0.82316270882, 0.394704811994, 0.0, 0.171469273341, 0.0, 1.7967926988, 0.422455564059, -0.383179022079, 3.0, -0.16301315719, 1.0, 0.233826360434, 1.29930354241, 2.0, 0.0, 0.84343336292, 0.0, 2.0, 2.0, 2.0, 97385.0, 654.0, 99416.0
-0.384498008166, 1.0, 3.0, 1.94093309052, 1.69062822342, -0.46463928109, -0.705533748163, 0.949275888464, -0.729609357449, 1.0, 3.0, 0.0, 1.046059178, 0.50304438225, 3.0, -1.0, 1.54264295022, -1.0, 1.60980474634, 2.24284023763, 2.2127650236, -0.575014746114, 0.12386698439, -0.571955798708, 2.0, -0.921780370591, -0.790078365943, -0.750636690518, 2.51378794996, -1.0, -1.0, -1.0, -0.397636025953, 1.0, -1.0, 3.0, 1.0, 3.0, 1.07995639185, 3.0, -0.122622383738, 0.622731577051, 0.0757899835665, -0.448787055838, 0.0, -0.0710356253187, 3.0, 0.0, 1.54225823857, 1.89022952213, 97999.0, 541.0, 99505.0
1.29978554021, -0.939067785294, 2.05675542741, 1.95378330431, 1.74903153316, 2.0, -0.217677815744, -1.0, -1.0, 0.4253534381, -0.148755130912, -1.0, 2.08288139417, -1.0, 0.977020535212, 2.0, 2.0, -0.729961176711, 1.0, 1.0, 3.0, 3.0, -0.0131451207938, 2.16874778216, 1.41637555254, 3.0, -0.746555635411, 0.541152101302, 0.175950927122, -1.0, -0.82316270882, -0.874240926706, 0.0, 0.0, 2.10888596047, 0.275205276353, 0.0808987979445, 0.271731734147, 3.0, -0.16301315719, 0.0614699226974, 2.28631119081, 1.0, 2.76761244499, 0.0, 2.20038919467, 1.05360595054, 2.0, 1.12243266667, 2.0, 97676.0, 580.0, 99475.0
0.420122064486, 2.34394052095, 0.346498529467, -0.874093048562, 2.21006128037, -0.393552560013, 1.61567553255, 0.0, -0.265503942351, 2.0, 3.0, 0.209867617284, 1.0, 1.0, 0.201526137515, 0.0, -0.476877639093, 0.0, 3.0, 1.07906396671, -0.349689950194, 2.0, 1.14888106309, 2.0, 1.0, 0.92550843418, -0.417988983133, 2.0, 3.0, 1.81232406026, 1.56976160432, 2.95997464215, 0.476957502878, -0.449628822087, 2.0, 1.0, 1.0, 1.0, -1.0, -0.236876853213, 3.0, 0.677728492468, -0.20247787902, 2.0, 1.56372557175, 1.0, -0.264545105264, 2.0, -0.312080095072, -0.697677722869, 97388.0, 706.0, 99408.0
1.23468079846, -0.924288143499, 0.0, 1.40027090441, 0.767785571831, 3.0, 1.0, -1.0, 2.56268983768, 0.0, 2.09049401871, 3.0, 1.0, 0.00137744712871, -0.0674320288062, -0.870524159797, 1.0, 3.0, 1.0, 0.479743730737, 2.0, 2.24122765642, -1.0, 0.583809246109, 0.0, 2.0, 3.0, 2.61434630121, -0.367002316917, -1.0, 0.0, 1.0, 2.38194529915, 1.14304667472, -0.96095004951, -0.245802302926, 2.0, 3.0, -0.748191181245, 0.429952124892, 2.66890683498, 3.0, 0.172159462988, 2.36239919975, 2.19584500717, -0.131758061452, 2.0, 2.93440869537, 0.87932323491, 3.0, 97657.0, 632.0, 99436.0
0.0, 0.0, -0.117834235369, 1.0, 2.99190664597, -0.786751296639, 2.34396339886, 1.0, -0.0632439826059, 1.0, -0.398044172438, 1.0, 0.0, -0.107861364996, -0.111256681424, -1.0, 1.01594805056, 1.91782891674, 2.12968875194, -0.518189285701, 0.325064555591, 1.22420706929, 0.0, 0.0, 0.0, 2.0, 0.0, -0.332816643166, 0.0, -1.0, 2.11061139049, 0.583060684416, 2.0, 2.38964159748, -0.230863562628, 1.0, 0.0, 0.229021412739, 2.49530697998, -1.0, 2.5195850837, 2.0, 2.0, 1.0, 0.483063932457, 0.752256336819, -0.0261600409796, 2.0, 0.461923939928, -0.561141477605, 97298.0, 654.0, 99451.0
2.20681509253, -0.698646952714, 0.251299297503, -0.964879424185, 2.28005503952, 0.00909877943083, 0.677332441279, -0.67507522071, 1.26067441407, -0.550411229183, 2.61102810604, 3.0, 2.28549892687, 0.0, -0.48483460933, 2.33847878181, -0.0693129277556, -1.0, -0.366525733706, 1.51248626245, 0.253565498633, -1.0, 1.90937608755, 2.67471988854, 0.0, 0.0, -0.558309329606, -0.847196504225, 1.0, -1.0, -1.0, 1.41411292379, -1.0, -0.983962214818, -1.0, 1.0, 0.0, 0.0, 1.07995639185, 1.56880131388, -1.0, 2.0, 0.240497551532, -0.545597119116, 1.0042058667, 3.0, 0.877481035296, -0.230509541636, -1.0, 0.570171913889, 97985.0, 494.0, 99556.0
1.29978554021, -0.939067785294, 0.00587862931478, 0.955177332124, 1.74903153316, 2.0, 0.0661107951678, -1.0, -1.0, 0.4253534381, 0.585144859051, -1.0, 0.212986491999, -1.0, 0.682318632589, 2.0, 2.0, 0.0, 1.0, 1.0, 3.0, 3.0, -0.0131451207938, 2.16874778216, 0.969023781178, 3.0, -0.746555635411, 0.541152101302, 0.389396439867, -1.0, -0.956894887628, -0.874240926706, -0.42612750987, 0.0, 1.50986611165, 0.275205276353, 0.0808987979445, 0.404869321686, 3.0, -0.16301315719, -0.404975349321, 2.28631119081, 1.0, 0.834537611096, 0.0, 2.20038919467, 1.05360595054, 2.0, 1.12243266667, 2.0, 97512.0, 590.0, 99468.0
2.37792807634, -1.0, 1.0, -1.0, -0.19247608671, -1.0, 0.0, 2.0, -0.195868199515, 2.0, 2.0, -1.0, 1.30484654668, -0.411990105383, 2.24130586686, 2.94941941241, -0.564559548634, -0.175298265136, 2.69256004562, 0.107841178762, 3.0, 1.13256484473, 0.809047055167, 0.0, 0.294390774112, -1.0, 0.0, -1.0, -1.0, -0.628739464632, -0.633638592852, -1.0, 0.146460467381, -0.946782723463, 0.0, 1.0, 0.0, 0.636738563182, 1.77648554867, 1.00252048031, -1.0, 2.0, -0.944229990979, -0.894287193882, 0.0, 1.0, 1.0, 0.0, 0.0, 0.0174493368569, 97915.0, 499.0, 99564.0
0.317652456063, -0.939067785294, 2.05675542741, 1.95378330431, 1.74903153316, 2.0, 0.0, -1.0, -1.0, 0.4253534381, 0.067566560405, 1.0, 1.82604310279, -1.0, 1.0, 2.0, 2.0, 0.0, 1.0, 1.0, 3.0, 3.0, -0.0131451207938, 2.16874778216, 2.44036255536, 3.0, -0.746555635411, 0.541152101302, -1.0, -1.0, -0.837086822892, -0.874240926706, 0.0, 0.0, 1.50986611165, 3.0, 0.0808987979445, 1.0, 3.0, -0.16301315719, 1.0, 2.28631119081, -0.624320251813, -0.22932772499, 0.0, 1.90129760941, 0.0, -0.976386698133, -0.878697963054, 2.0, 97855.0, 548.0, 99505.0
2.69948073847, -1.0, 2.22014459843, -1.0, 0.475504513812, -1.0, -0.836030128368, 2.0, -0.533522663587, 0.656932433977, 2.0, -1.0, 1.0, -0.24918127066, 0.309826637829, 2.94941941241, -0.236392279201, 2.0, 1.0, 2.9229190943, 3.0, 2.0, 0.0, 1.09621898782, 0.294390774112, -1.0, 0.0, -1.0, -1.0, -0.628739464632, -0.633638592852, -0.684357429403, 2.0, 2.0, 0.0, 1.0, 0.0, 0.0, 0.097208669554, 1.9990006311, -0.958051434711, 2.0, 1.0, 1.0, 0.0, 1.0, 1.0, 0.0, 2.02224576996, 2.0, 97798.0, 543.0, 99515.0
0.0, 2.26829595491, -0.36516311739, 1.0, 1.0, -0.786751296639, 2.57656609437, 2.3427753758, -0.918887066602, 1.0, -0.398044172438, 1.0, 0.0, 0.0, -0.0915626052646, -1.0, 0.41782190799, 1.91782891674, 3.0, 0.0, 1.0, 1.30155052756, 0.0, 0.0, 0.0, 2.0, 0.0, -0.305634112169, 0.0, -1.0, 2.0, 0.0, 2.0, 2.38964159748, 1.0, 0.546908157297, 0.0, -1.0, 1.77648554867, -1.0, 2.74179235469, 1.61310813787, 2.0, 1.0, 1.30393793885, 0.752256336819, 3.0, 1.12093977943, 0.0742587002421, -0.798284553921, 97433.0, 639.0, 99456.0
-0.384498008166, 1.0, 3.0, 1.94093309052, 0.802744193663, -0.46463928109, -0.705533748163, 1.27929763439, -0.729609357449, 1.0, 3.0, 0.0, 1.046059178, 0.50304438225, 3.0, -1.0, 1.54264295022, -1.0, 1.60980474634, 2.24284023763, 2.2127650236, -0.575014746114, 2.0, -0.571955798708, 2.0, 0.478955855412, 0.0, -0.750636690518, 2.51378794996, -1.0, -1.0, -1.0, -0.397636025953, 1.0, -1.0, 3.0, 1.0, 3.0, 1.07995639185, 3.0, 0.0, 1.0, 0.0, -0.448787055838, 0.0, -0.0710356253187, 3.0, 0.0, 1.54225823857, 1.89022952213, 97880.0, 569.0, 99480.0
1.29978554021, -0.513886543508, 1.0, 1.95378330431, 0.0917657944667, 2.0, 0.0, -1.0, -1.0, 0.980415973851, 0.585144859051, 1.0, 1.0, -1.0, 1.0, 2.0, 0.807705520873, 0.548364288779, 1.0, 1.0, 3.0, 3.0, -0.243877621416, 2.0, 2.44036255536, 3.0, 1.0, 0.541152101302, -0.264023095932, -1.0, -0.82316270882, 2.0, 0.0, 0.280459051175, 0.0, 1.7967926988, 0.422455564059, 0.229021412739, 3.0, -0.987980343157, 1.0, -0.112083842735, 1.29930354241, 2.0, 0.0, 1.0, 0.540051487416, 2.0, 1.24993270274, 2.0, 97514.0, 627.0, 99438.0
0.0, -0.924288143499, 0.0, 1.44302512858, 1.666384174, 3.0, 1.0, -1.0, 1.0, 0.0, 1.77018423119, 3.0, 1.0, 0.39872715749, 0.222283696794, -1.0, 1.0, 3.0, 1.0, 0.843202000993, 2.0, 2.24122765642, -1.0, -1.0, 0.0, 2.0, 3.0, 3.0, -1.0, -1.0, 0.0, 1.0, 3.0, 1.14304667472, -0.898375327346, 2.39525077913, 0.0, 3.0, -0.748191181245, 1.0, 0.215858733327, 3.0, 0.172159462988, 1.8685922916, -0.494792592686, -0.131758061452, 2.0, 2.93440869537, 0.297482932473, 3.0, 97712.0, 600.0, 99459.0
3.0, 1.0, 1.0, 1.95378330431, 1.0, 2.0, 0.0, -0.0966480757766, -1.0, 3.0, -0.037941418794, 1.0, 1.0, -1.0, 1.52758830453, 2.0, 2.0, 0.0, 1.0, 1.0, 0.957022311109, 3.0, 0.314933546899, 2.0, 2.74173400714, 3.0, 1.0, 0.541152101302, -0.264023095932, -1.0, 0.0, 1.09561617562, -0.296019393656, 0.368059092129, 0.0, 1.19720451198, 2.0, 0.0, 0.676827654159, 0.0, 1.0, 3.0, 1.0, 2.0, 0.0, 1.0, 0.0, -0.704673519999, 2.0, 2.0, 97495.0, 676.0, 99409.0
1.29978554021, -0.513886543508, 1.0, 1.95378330431, -1.0, 2.0, 0.0, -1.0, -1.0, 0.980415973851, 0.585144859051, 1.0, 1.0, -1.0, 1.0, 2.0, 0.807705520873, 2.66512778662, 1.0, 1.0, 3.0, 3.0, -0.243877621416, 1.23668499854, 2.44036255536, 3.0, 1.0, 0.541152101302, -0.264023095932, -1.0, -0.82316270882, 2.0, 0.0, 0.280459051175, 0.428279738824, 1.7967926988, 0.422455564059, 0.229021412739, 3.0, -0.987980343157, 1.0, -0.112083842735, -0.45220057859, 2.0, 0.0, 0.780423016023, 0.540051487416, 0.0, 1.24993270274, 2.0, 97555.0, 610.0, 99452.0
-0.443553535317, -1.0, 2.36650336191, 2.0, 2.0, 1.0, 0.0, -0.355114414323, -1.0, 0.0, 2.73890998728, 2.75355369824, 2.0, 1.0, 2.0, 2.88439643712, 0.847707478754, 2.68639428658, 1.0, 1.51248626245, 2.0317160432, 1.42150458357, -0.67370818115, -0.764338955345, -0.873708398947, 1.0, -0.0652408570726, -1.0, -0.844375258803, -1.0, -1.0, -1.0, 0.0, -1.0, -0.954607480167, 1.7642233344, 1.74967077431, -1.0, 3.0, -0.677623928482, -0.812958086078, -0.807472797289, 1.0, 0.958835029579, -1.0, 0.0, -0.63995223334, 0.967317323943, -0.312080095072, -0.791174381379, 98231.0, 443.0, 99606.0
3.0, 1.0, 1.0, 1.95378330431, 1.0, 2.0, 1.72350966726, -0.0966480757766, -1.0, 3.0, 1.63915072919, 0.140983182796, 1.0, -1.0, 1.52758830453, 2.32073158196, 2.0, 0.0, 1.0, 1.0, 0.10640353054, 3.0, 0.314933546899, 0.0, 2.95151054441, 3.0, 1.0, 0.541152101302, -0.264023095932, -1.0, -0.181688831076, 1.09561617562, -0.296019393656, 0.368059092129, -0.954607480167, 3.0, 2.48442527392, 0.0, 0.676827654159, 0.0, 1.0, 3.0, 1.0, 2.0, 0.0, 1.0, 0.0, 2.0, 2.0, 2.0, 97543.0, 673.0, 99407.0
2.69948073847, -0.0473542822315, 1.0, -1.0, 0.475504513812, -1.0, 0.0, 2.0, -0.533522663587, 0.656932433977, 2.0, -1.0, 1.0, -0.862409103312, 0.309826637829, 2.94941941241, -0.236392279201, 0.0, 1.0, 3.0, 3.0, 2.0, -0.512251750599, 1.09621898782, 0.294390774112, -1.0, 0.0, -1.0, -1.0, -0.628739464632, -0.633638592852, -0.684357429403, 2.0, 2.0, -0.435268012489, 1.0, 0.0, -0.693397595832, 0.097208669554, 1.9990006311, -0.958051434711, 2.0, 1.38071980046, 1.0, 0.428096067441, 1.0, 1.0, 0.0, 2.02224576996, 2.0, 97780.0, 527.0, 99533.0
-0.0700644199467, 0.0, 1.0, 2.34602833465, 1.0, 2.60819769519, 0.0, 0.0, -1.0, 0.0498920750316, 1.0, 0.411828666492, 1.0, 2.0, 2.33991720799, 2.0, 2.0, 0.0, 0.0, 3.0, 1.0, 0.249299232125, 2.0, 2.71033831953, 3.0, -0.120936745944, 1.42766055316, 1.57671085923, 0.0, -0.97675473965, 2.03707974981, -1.0, 2.95033501074, -0.212153736544, 1.33483507456, 0.0, 1.0, 1.73091167168, -0.958223717436, -0.291868617083, -1.0, -0.945273004444, -1.0, 1.0, -0.219969079228, -0.723019783288, 2.0, -0.230509541636, 0.320281740162, 0.463433581803, 97531.0, 617.0, 99457.0
1.29978554021, -0.939067785294, 2.05675542741, 1.95378330431, 0.021457430328, 2.0, -0.31529116399, -1.0, -1.0, 0.4253534381, 2.61251805919, 0.620625866747, 1.0, -1.0, 1.0, 0.438052160177, 2.36246924988, 0.0, 1.0, 1.0, 0.591467289076, 3.0, -0.520831541866, 2.21517507269, 2.59159974031, 3.0, -0.746555635411, -0.691262038499, 0.0494144615095, -1.0, -0.82316270882, -0.946322271028, 1.5467561134, 0.0, 2.67524448209, 3.0, 0.0808987979445, 1.0, 3.0, 0.714475960401, 1.0, 0.610973830733, 1.0, -0.49798115875, 0.0, 2.20038919467, 0.0, -0.704673519999, 2.0, 2.30620820169, 97830.0, 557.0, 99491.0
-0.768574024233, -0.687841710181, 0.0458608130769, 1.0, -1.0, 2.85212181219, -1.0, -0.310473483307, -1.0, 1.0, 1.0, 2.11019947519, 0.95714423494, 2.39140757664, 1.0, 2.0, -1.0, 2.70128482672, 2.71195230826, -0.23562858805, -0.244993048543, 1.82827201223, -0.309177655975, 1.7988787091, 0.0527221256137, -0.0909262777224, 2.0, -1.0, 0.0, -1.0, -0.88069995925, -1.0, 0.0, 2.0, 2.0, 0.0, 1.24772269272, 1.0, -0.977447072122, 3.0, 1.0, -0.993320786985, -0.915892306526, 2.0, -1.0, -0.682009139891, -0.328549829187, -1.0, 3.0, 3.0, 98141.0, 489.0, 99557.0
0.420122064486, 1.0, 1.0, -0.874093048562, 2.21006128037, 0.0483600341371, 1.61567553255, 0.0, -0.265503942351, 2.0, 3.0, -0.182730073803, 1.0, 1.0, 0.201526137515, 0.0, -0.476877639093, 0.0, 3.0, 0.666165931598, -0.349689950194, 2.0, 2.34756978249, 2.0, 1.0, 0.92550843418, -0.428851947263, 2.0, 3.0, 2.05491495765, 1.56976160432, 0.0, 0.0, 0.618797170432, 2.0, 1.0, 1.0, 1.0, -1.0, -0.236876853213, 3.0, -1.0, 0.864498604219, 2.0, 3.0, 1.0, 0.0, -1.0, -0.312080095072, 0.360052950888, 97453.0, 691.0, 99412.0
-0.384498008166, 1.0, 3.0, 3.0, 0.802744193663, -0.898766889708, 2.0, 3.0, -0.808881869109, 1.0, 3.0, 0.0, 2.0, 0.50304438225, 2.97381380001, -1.0, 1.9462438224, 1.0, 0.620549823647, 2.24284023763, 0.752180988383, 0.226921649723, 2.87491291424, 0.69120098713, 2.0, 0.397127856909, 0.0, 2.25277931505, -1.0, -1.0, -1.0, -0.836878920189, 0.000529759820051, 1.0, -1.0, 3.0, 1.0, 3.0, 0.0, 3.0, 1.63381493556, 1.0, 0.0, 0.0, 2.8308859063, -0.0710356253187, 1.87660772607, -0.927661244353, 1.20526138678, 2.34943634142, 97914.0, 593.0, 99467.0
2.74240799074, -1.0, 1.0, -1.0, 0.0, -1.0, 0.0, 2.0, -0.988920038242, 2.0, 2.0, -1.0, 1.0, -0.411990105383, 2.24130586686, 2.94941941241, 0.053028286213, 2.0, 2.69256004562, 0.130858968, 3.0, 1.13256484473, 0.0, 0.0, 2.54927610521, -1.0, 0.0, -1.0, -1.0, -0.955515868918, -0.633638592852, -0.0732440336054, 2.0, 2.0, 0.0, 1.0, 0.911674114665, 0.310440377275, 1.77648554867, 3.0, -1.0, -0.700435792469, -0.988530439461, 1.15139700387, 0.0, 1.0, 1.0, -1.0, 0.0, 2.0, 97939.0, 526.0, 99526.0
-0.341493152536, 2.0, 3.0, -1.0, -1.0, 1.51069049404, 2.0, 0.32963310745, -1.0, 1.86679677441, 3.0, 0.0, 2.0, 0.50304438225, 1.66091618151, -1.0, 0.0, -1.0, 1.51850106261, 1.0, -0.326997070419, 0.0, 2.34796251352, 0.0, 2.0, 0.346228351311, -0.798431172697, -1.0, -0.775302224367, -1.0, -1.0, -1.0, -0.320037463722, 1.0, -1.0, 3.0, 1.0, 2.44744920762, 1.07995639185, 3.0, -0.849425331657, 0.869599591275, 1.9016990231, 0.0, 1.59992888166, -0.699968695011, 2.82602421984, -0.884348013287, 0.714040568008, 1.89022952213, 98150.0, 502.0, 99537.0
1.29978554021, -0.513886543508, 1.0, 1.95378330431, 0.0917657944667, 2.0, 0.0, -1.0, -1.0, 0.980415973851, 0.585144859051, 1.0, 1.0, -1.0, 1.0, 2.0, 2.0, 0.548364288779, 1.0, 1.0, 3.0, 3.0, -0.243877621416, 2.0, 2.44036255536, 3.0, 1.0, 0.541152101302, -0.264023095932, -1.0, -0.82316270882, 2.0, 0.0, 0.280459051175, 0.0, 1.7967926988, 0.422455564059, 1.0, 3.0, -0.16301315719, 1.0, -0.112083842735, 1.29930354241, 2.0, 0.0, 1.0, 0.0, 2.0, 2.0, 2.0, 97502.0, 641.0, 99424.0
2.45886299218, 1.19132098028, 1.0, 1.95378330431, 0.0917657944667, 2.0, 0.0, -1.0, -1.0, 0.4253534381, 0.585144859051, 1.0, 1.0, -1.0, 1.0, 2.0, 0.968979592159, -0.107022876112, 0.659560555691, 1.0, 3.0, 3.0, 0.0, 2.0, 2.44036255536, 3.0, 1.0, 1.26731760443, -0.264023095932, -1.0, -0.82316270882, 2.0, 0.0, 0.0, 0.0, 3.0, 0.0808987979445, 1.0, 2.95293176821, -0.16301315719, 1.0, 1.44793793281, 1.0, 2.0, 0.0, 1.0, 0.0, 0.675889006139, 2.0, 2.0, 97442.0, 660.0, 99414.0
1.29978554021, -0.939067785294, 2.05675542741, 1.95378330431, 1.74903153316, 2.0, -0.217677815744, -1.0, -1.0, 0.4253534381, -0.148755130912, -1.0, 2.08288139417, -1.0, 0.977020535212, 2.0, 2.0, -0.729961176711, 1.0, 1.0, 3.0, 3.0, -0.0131451207938, 2.16874778216, 1.41637555254, 3.0, -0.746555635411, 0.541152101302, 0.175950927122, -1.0, -0.82316270882, -0.874240926706, 0.0, 1.34526018113, 2.10888596047, 0.275205276353, 0.0808987979445, 0.271731734147, 3.0, -0.16301315719, 0.582854236954, 2.28631119081, -0.559237632236, 2.76761244499, 0.0, 2.20038919467, 1.05360595054, 2.0, 1.12243266667, 2.0, 97753.0, 562.0, 99489.0
-0.384498008166, 0.25003404191, 3.0, 3.0, -1.0, -0.793107295939, 2.0, 2.75581575954, -1.0, 1.86679677441, 3.0, 0.0, 2.0, 0.50304438225, 3.0, -1.0, 0.0, -0.614842330845, 1.0, -0.453627197324, 0.0, 0.0, 2.32913938197, 0.0, 0.986051248495, 0.346228351311, 0.781340976665, -0.880892840993, 0.419923813517, -1.0, -1.0, -1.0, 0.125068573138, 1.0, -1.0, 3.0, 1.07893898412, 3.0, 1.07995639185, 3.0, 0.0, 1.0, 1.0, 0.564352070245, 1.62037382873, -0.151503061963, 2.76635492565, 0.0, 1.60162694468, 1.33737551483, 97819.0, 579.0, 99477.0
2.75988178107, -1.0, 1.0, -1.0, 0.0, -1.0, 0.0, 2.0, -0.988920038242, 2.0, 2.0, -1.0, 1.0, -0.967163491935, 2.24130586686, 2.94941941241, 0.053028286213, 2.0, 2.69256004562, 0.130858968, 3.0, 1.13256484473, 0.0, 0.0, 0.265450936616, -1.0, 0.0, -1.0, -1.0, -0.984653683705, -0.690447326365, -0.0732440336054, 2.0, 2.0, 0.0, 1.0, 0.911674114665, 0.310440377275, 1.77648554867, 3.0, -1.0, -0.700435792469, -0.988530439461, 1.15139700387, 0.0, 1.0, 1.0, -1.0, 0.0, 2.0, 97907.0, 509.0, 99534.0
3.0, 1.0, 0.193399943008, 1.95378330431, 0.183588314058, 2.0, 0.0, -0.0966480757766, -1.0, 3.0, -0.037941418794, 1.0, 1.0, -1.0, 1.0, 2.0, 2.0, -0.011139553315, 1.0, 0.666165931598, 3.0, 3.0, 0.314933546899, 0.158435441936, 2.74173400714, 3.0, 1.0, 0.541152101302, -0.264023095932, -1.0, 0.0, 2.0, -0.296019393656, 0.368059092129, 0.0, 3.0, 2.0, 0.0, -0.90776601421, 0.0, 1.0, 3.0, 1.0, 2.0, 0.0, 1.0, 0.0, 2.0, 2.0, 2.0, 97487.0, 680.0, 99403.0
1.29978554021, -0.939067785294, 2.05675542741, 1.95378330431, 1.74903153316, 2.0, -0.217677815744, -1.0, -1.0, 0.4253534381, 0.585144859051, -1.0, 1.82604310279, -1.0, 0.977020535212, 2.0, 2.0, 0.0, 1.0, 1.0, 3.0, 3.0, -0.0131451207938, 2.16874778216, 2.44036255536, 3.0, -0.746555635411, 0.541152101302, 0.175950927122, -1.0, -0.82316270882, -0.874240926706, 0.0, 0.0, 1.50986611165, 0.275205276353, 0.0808987979445, 1.0, 3.0, -0.16301315719, 1.0, 2.28631119081, 1.0, 2.10440956002, 0.0, 2.20038919467, 1.05360595054, -0.704673519999, 1.12243266667, 2.0, 97727.0, 575.0, 99478.0
2.20681509253, -0.698646952714, 0.251299297503, -0.964879424185, 2.28005503952, 0.00909877943083, 0.677332441279, -0.67507522071, 1.26067441407, -0.550411229183, 2.61102810604, 3.0, 2.0, 0.0, -0.48483460933, 2.33847878181, -0.0693129277556, -1.0, -0.366525733706, 1.51248626245, 0.253565498633, -1.0, 1.90937608755, 2.67471988854, 0.0, 0.0, -1.0, -0.847196504225, 1.0, -1.0, -1.0, 1.41411292379, -1.0, -0.983962214818, -1.0, 1.0, 0.0, 0.0, 1.07995639185, 1.56880131388, -1.0, 2.0, 0.240497551532, 1.0, 1.0042058667, 3.0, 0.877481035296, -0.230509541636, -1.0, -1.0, 97947.0, 499.0, 99556.0
-0.341493152536, 2.0, 3.0, -1.0, -1.0, -0.028777609008, 2.0, 3.0, -1.0, 1.86679677441, 3.0, 0.0, 2.0, 0.50304438225, 1.66091618151, -1.0, 0.0, -1.0, 1.51850106261, 1.0, 0.0, 0.0, 0.702327874238, 0.0, -0.873708398947, 0.346228351311, 3.0, 1.0, -1.0, -1.0, -1.0, -1.0, -0.214375422913, 1.0, -1.0, 3.0, 1.0, 2.44744920762, 1.07995639185, 3.0, 0.0, 0.869599591275, 1.9016990231, 0.0, 0.0960710184718, -0.80402002416, 2.88287815509, -0.884348013287, 0.714040568008, 1.89022952213, 98055.0, 533.0, 99513.0
2.69948073847, -1.0, 1.0, -1.0, 0.475504513812, -1.0, 0.0, 2.0, -0.533522663587, 0.656932433977, 2.0, -1.0, 1.0, -0.24918127066, 0.309826637829, 2.94941941241, -0.236392279201, 0.0, 1.0, 3.0, 3.0, 2.0, -0.512251750599, 1.09621898782, 0.294390774112, -1.0, 0.0, -1.0, -1.0, -0.628739464632, -0.633638592852, -0.684357429403, 2.0, 2.0, -0.435268012489, 1.0, 0.0, 0.0, 0.097208669554, 1.9990006311, -0.958051434711, 2.0, 1.0, 1.0, 0.428096067441, 1.0, 1.0, 0.0, 2.02224576996, 2.0, 97733.0, 536.0, 99521.0
2.69948073847, -1.0, 1.0, -1.0, 0.475504513812, -1.0, 0.796566536402, 2.0, -0.533522663587, 0.656932433977, 2.0, -1.0, 1.82604310279, -0.489608853657, 0.309826637829, 2.94941941241, -0.236392279201, 0.0, 1.0, 3.0, 3.0, 2.0, -0.512251750599, 1.09621898782, 0.294390774112, -1.0, 0.0, -1.0, -1.0, -0.628739464632, -0.633638592852, -0.684357429403, -0.372678252431, 2.0, -0.474099785673, 1.0, 0.0, 0.0, 0.097208669554, 1.9990006311, 1.07097521095, 2.99349365063, 1.0, 1.0, 0.428096067441, 1.0, 1.0, 0.0, 2.02224576996, 2.0, 97714.0, 550.0, 99510.0
1.18662377087, 0.0, -0.36516311739, 1.0, 1.0, -0.786751296639, 2.22802408478, -0.123724147543, -0.868021656649, 2.0, -1.0, 1.0, 1.00141092301, -1.0, -0.0915626052646, -1.0, -0.028481600067, -0.554323795229, -0.610647125025, -0.718794314189, 0.86125193317, -0.700931454471, 0.0, 0.0, 1.48127029091, 1.54098242884, 0.0, 1.0, 0.0, -1.0, -0.935962224788, 0.0, 2.0, 2.15598278456, 1.0, 1.0, 0.0, 2.47405579945, 1.62259768457, -1.0, 2.0, -0.863746138493, 0.159130798727, 1.0, 3.0, 0.0, 1.07991734601, 2.25342529535, 1.0, -0.798284553921, 97766.0, 535.0, 99537.0
-0.768574024233, -0.687841710181, 0.0458608130769, 1.0, -1.0, 2.9607539254, -1.0, 0.0, -1.0, 1.0, 1.0, 2.11019947519, 0.95714423494, 2.39140757664, 1.0, -0.215017497163, -1.0, 2.70128482672, 2.39232122467, -0.23562858805, -0.244993048543, 2.22544697205, -0.31328460111, 1.7988787091, 0.0527221256137, -0.0909262777224, 2.0, -1.0, 0.0, -1.0, 0.280283087556, -1.0, 0.0, 1.86946266834, -1.0, -0.442764915332, 1.24772269272, 1.0, 2.10966076045, 3.0, 1.0, -0.993118189311, -0.970671144187, 2.0, -1.0, -0.503984874108, -0.328549829187, -1.0, 3.0, 3.0, 98058.0, 500.0, 99554.0
2.69948073847, -1.0, 1.0, -1.0, 0.475504513812, -1.0, 0.796566536402, 2.0, -0.533522663587, 2.13867733621, 2.0, -1.0, 1.82604310279, -0.489608853657, 0.309826637829, 2.94941941241, -0.236392279201, 0.0, 1.0, 3.0, 3.0, 2.0, -0.277399498615, 1.09621898782, 0.294390774112, -1.0, 1.15193796447, -1.0, -1.0, -0.628739464632, -0.633638592852, -0.684357429403, -0.372678252431, 2.0, -0.474099785673, 1.0, 0.0, 0.0, 0.097208669554, 1.9990006311, 1.07097521095, 2.99349365063, 1.0, 1.0, 0.428096067441, 1.0, 1.0, 0.0, 2.02224576996, 2.0, 97703.0, 567.0, 99497.0
0.0, -0.736894760641, 0.0, 0.557665580654, 3.0, -0.800848387315, 2.0, 0.730182369, 0.385431237157, 3.0, -0.131549911796, 1.0, 0.6419767673, -0.349056077072, 1.2339531602, 2.10857483211, 0.561572965677, 2.05517421174, 3.0, -1.0, 0.61470555927, 1.0, -0.250797091698, 1.86466572524, -0.161547858728, 2.0, -0.0257869112831, 0.0, 0.900105707975, 1.0, 1.0, 2.0, 0.0, 1.0, 1.6209282419, 0.0, 0.0, 1.38562224663, -0.38625133723, 3.0, 0.919277158746, -1.0, 3.0, 3.0, 0.23279493207, 0.624434867434, -0.0138080802862, 0.0, 1.0, -0.102709729762, 97347.0, 684.0, 99425.0
-0.384498008166, 1.0, 3.0, 3.0, 0.802744193663, 0.375267616596, 2.0, 3.0, -0.729609357449, 1.0, 3.0, 0.0, 2.0, 0.50304438225, 2.97381380001, -1.0, 0.686577762949, 1.0, 0.620549823647, 2.24284023763, 0.752180988383, 0.226921649723, 2.87491291424, 0.69120098713, 2.0, 0.397127856909, 0.0, 2.25277931505, -1.0, -1.0, -1.0, -0.836878920189, 0.000529759820051, 1.0, -1.0, 3.0, 1.0, 3.0, 0.0, 3.0, 1.63381493556, 1.0, 0.0, 0.0, 2.8308859063, -0.0710356253187, 1.87660772607, -0.927661244353, 1.0, 2.34943634142, 97840.0, 607.0, 99455.0
3.0, 1.0, 0.193399943008, -0.848725786843, 0.183588314058, 2.0, 0.0, -0.105740562482, -1.0, 3.0, 1.00826629235, 1.0, 0.367506459962, 0.426990937231, 1.0, 2.0, 2.08138235197, -0.011139553315, 1.0, 0.666165931598, 3.0, 3.0, 0.314933546899, 0.158435441936, 2.74173400714, 3.0, 1.0, 0.541152101302, -0.221614164406, -1.0, 0.42656014127, 2.0, -0.296019393656, 0.368059092129, 0.0, 3.0, 2.0, 0.0, 2.44730195417, 0.0, 0.119597628913, 3.0, 1.0, 2.0, 0.0, 1.0, 0.0, 2.0, 1.6262291192, 2.0, 97468.0, 693.0, 99402.0
-0.384498008166, 1.24000394411, 3.0, 2.79963068595, 0.802744193663, -0.46463928109, 0.514330749112, -0.975394940825, -0.73596899517, 1.0, 3.0, 0.0, 2.0, 0.50304438225, 3.0, -1.0, 1.54264295022, -1.0, 0.620549823647, 2.24284023763, 2.2127650236, -0.575014746114, 2.0, -0.571955798708, 2.0, 0.478955855412, 0.0, -0.750636690518, -0.660359968435, -1.0, -1.0, -1.0, -0.397636025953, 1.53711677053, -1.0, 3.0, 1.0, 2.75134462564, 1.07995639185, 3.0, 0.0, 1.0, 0.0, 0.0, 0.0, -0.0710356253187, 3.0, 0.0, 1.54225823857, 1.89022952213, 97926.0, 552.0, 99495.0
-0.384498008166, 1.0, 3.0, 1.94093309052, 0.802744193663, -0.46463928109, -0.705533748163, 1.27929763439, -0.729609357449, 1.0, 3.0, 0.0, 2.0, 0.50304438225, 3.0, -1.0, 1.54264295022, -1.0, 0.620549823647, 2.24284023763, 2.2127650236, -0.575014746114, 2.0, -0.571955798708, 2.0, 0.478955855412, 0.0, -0.750636690518, -0.660359968435, -1.0, -1.0, -1.0, -0.397636025953, 1.0, -1.0, 3.0, 1.0, 3.0, 1.07995639185, 3.0, 0.0, 1.0, 0.0, 0.0, 0.0, -0.0710356253187, 3.0, 0.0, 1.54225823857, 1.89022952213, 97906.0, 555.0, 99494.0
1.18662377087, 0.0, -0.36516311739, 1.0, 1.0, -0.786751296639, 1.56286094983, -0.123724147543, -0.868021656649, 2.0, 1.0, 1.0, 0.0, -1.0, -0.0915626052646, -1.0, -0.028481600067, 0.0, -0.329364034109, 2.40090893894, 0.86125193317, -0.15284631529, 0.0, 0.0, 3.0, 1.0, 0.0, 1.0, 0.0, -1.0, 2.0, 0.0, 2.0, 2.15598278456, 1.33483507456, 1.0, 0.0, 0.235281095812, 2.01036409856, -1.0, 2.0, -0.863746138493, 0.0, 1.0, 3.0, 0.0, 1.07461975416, 0.422117156042, 1.0, -0.798284553921, 97383.0, 620.0, 99460.0
3.0, 1.0, 1.0, 1.95378330431, 1.0, 2.0, 0.0, -0.0966480757766, -0.265503942351, 3.0, -0.037941418794, -0.322944332067, 1.0, -1.0, 1.52758830453, 2.0, -0.476877639093, 0.0, 1.0, 1.0, 0.10640353054, 3.0, 0.314933546899, 2.88743170073, 2.74173400714, 3.0, 1.0, 1.28129797988, -0.264023095932, -1.0, 0.0, 1.09561617562, 0.476957502878, -0.0999887208276, 0.0, 3.0, 2.0, 0.0, 0.676827654159, -0.889091327983, -0.417557767729, 3.0, 1.0, 1.0, 0.0, 1.0, -0.326270483606, 2.0, 2.0, 2.94626292104, 97399.0, 696.0, 99406.0
-0.0700644199467, 0.0, 1.0, -1.0, 2.45544966713, 2.60819769519, 0.0, -0.559808993163, -1.0, -1.0, 1.0, 0.411828666492, 1.0, 2.0, 1.25644452525, 2.0, 2.0, 0.0, 0.0, 3.0, 1.0, 0.249299232125, 2.0, 2.71033831953, 3.0, -0.120936745944, 1.42766055316, 1.57671085923, 0.0, -0.97675473965, 2.03707974981, -1.0, 1.27711855135, -0.212153736544, 1.33483507456, 0.0, 1.0, 1.73091167168, -0.967801517201, 0.0, -1.0, -0.945273004444, -1.0, 1.0, -0.219969079228, -0.723019783288, 2.0, -0.230509541636, 0.320281740162, 0.463433581803, 97689.0, 570.0, 99488.0
0.317652456063, -0.998694484395, 2.05675542741, 1.95378330431, 1.74903153316, 2.0, 0.0, -1.0, -1.0, 0.4253534381, 2.0, 1.0, 1.82604310279, -1.0, 1.0, 2.0, 2.0, 0.0, 1.0, 1.0, 3.0, 3.0, -0.0131451207938, 2.16874778216, 2.44036255536, 3.0, -0.746555635411, -1.0, -1.0, -1.0, -0.837086822892, -0.874240926706, 0.0, 0.0, 2.47272175291, 3.0, 0.0808987979445, 1.34293625815, 3.0, -0.939936699191, 1.0, 2.28631119081, -0.624320251813, -0.22932772499, 0.0, 1.0, 0.0, -0.976386698133, -0.878697963054, 2.0, 97992.0, 518.0, 99532.0
0.0, -0.20084730782, 0.0, 0.0, 3.0, -0.928177775442, 2.8041267404, 1.01004590932, 0.385431237157, 3.0, -0.36089856849, 2.15552189718, 0.0, 1.0, 1.2339531602, 1.32849381745, 0.66874553895, 1.27442781872, 3.0, -1.0, 2.93157398443, 1.0, 2.0, 2.93150782924, 0.0, 2.0, -0.183574960017, 0.0, 0.0, 1.0, 1.0, 1.9022109784, 0.0, 1.26561813124, -1.0, 0.0, 0.0, 2.9336317185, 3.0, 3.0, 3.0, -1.0, 3.0, -0.176309705522, 0.23279493207, 0.559958114026, 1.09185770658, 1.47545625047, 1.0, 1.0, 97383.0, 685.0, 99423.0
1.29978554021, -0.513886543508, -0.367380082802, 1.95378330431, 0.0917657944667, 2.0, 0.0, -1.0, -0.386377684176, 0.980415973851, 0.585144859051, 1.0, 1.0, -1.0, 1.0, 2.0, 0.807705520873, 0.548364288779, 1.0, 1.0, 3.0, 3.0, -0.243877621416, 2.0, 2.44036255536, 0.831636293425, 1.0, 0.541152101302, -0.264023095932, -1.0, -0.82316270882, 2.0, 0.0, 0.280459051175, 0.0, 1.7967926988, 0.422455564059, 1.640288942, 3.0, -0.987980343157, 1.0, -0.112083842735, 1.29930354241, 2.0, 0.0, 1.0, 0.540051487416, 2.0, 1.24993270274, 2.0, 97446.0, 646.0, 99431.0
