1.0, 3.0, 0.0, -1.0, -1.0, -1.0, 0.0, 2.0, 3.0, 0.0, -1.0, -1.0, 3.0, -1.0, 2.0, 2.0, 3.0, 0.0, 0.0, 1.0, -1.0, 3.0, -1.0, 2.0, 2.27157291017, 1.61263728702, -1.0, 1.0, 1.0, 0.0, 1.0, 3.0, -1.0, -1.0, -1.0, -0.713206270159, 3.0, 2.0, -1.0, 0.0, 0.0, 2.0, 2.0, 0.0, 0.0, 1.0, 1.0, 1.0, 2.0, 0.0, 98456.0, 511.0, 99579.0
-1.0, 0.0, 2.0, 2.49957199313, -1.0, 1.0, 2.0, 1.0, -1.0, -1.0, 2.0, -1.0, 0.0, -1.0, 0.0, -1.0, 0.0, 0.0, 2.0, -1.0, 3.0, 2.0, 0.0, 0.0, -1.0, 1.0, 1.0, 1.0, 2.0, -0.406323685834, 1.0, 2.0, 1.0, 3.0, -1.0, 3.0, 2.0, -0.415605002897, 2.0, -1.0, -1.0, 0.0, 2.0, 1.0, -1.0, 3.0, -0.985961507299, 2.0, 2.0, 1.0, 98319.0, 515.0, 99562.0
-1.0, 1.0, 2.0, 0.0, -1.0, 1.0, 2.0, 1.0, -1.0, -1.0, 2.0, -1.0, 0.0, -1.0, 0.0, -1.0, 0.0, 0.0, 2.0, -1.0, 3.0, 2.0, 0.0, 0.0, -1.0, 1.0, 1.0, 1.0, 2.0, 0.0, 1.0, 2.0, 1.0, 3.0, -1.0, 3.0, 2.0, 0.0, 2.0, -1.0, -1.0, 0.0, 2.0, 1.0, -1.0, 3.0, 1.0, 2.0, 2.0, 1.0, 98253.0, 531.0, 99557.0
0.0, 2.0, 1.99565888564, 3.0, 2.0, 2.0, 0.0, 0.0, 0.0, -1.0, 1.0, 1.0, 0.481660159009, 3.0, -1.0, 0.0, -1.0, 1.0, 1.0, 3.0, 0.0, -1.0, 1.0, 1.86697720381, 3.0, 2.0, 2.0, -1.0, 2.0, 2.0, -1.0, 3.0, 0.0, 0.0, 1.0, 3.0, 1.0, 1.0, 2.0, 3.0, -1.0, 1.0, 3.0, 1.0, -1.0, 1.0, -1.0, 2.0, 3.0, 1.0, 98212.0, 579.0, 99512.0
3.0, 2.0, -1.0, 1.0, 1.0, 1.0, 0.0, -1.0, 2.0, -1.0, 0.0, -1.0, 2.0, -1.0, 3.0, -1.0, 0.0, 0.0, -1.0, 0.0, 2.0, -1.0, -1.0, 2.0, 1.0, 3.0, 0.0, 2.0, 3.0, 0.0, 3.0, -1.0, 2.0, 2.0, 2.0, 0.0, -1.0, 3.0, -1.0, 2.0, 1.0, 3.0, 1.0, 3.0, 1.0, -1.0, 3.0, 2.0, 0.0, 2.0, 98389.0, 547.0, 99556.0
2.0, 2.0, 0.0, 1.0, 0.0, 1.0, 2.0, -1.0, 3.0, 0.0, -1.0, 3.0, 0.0, -1.0, 1.0, 1.0, 0.0, -1.0, 2.0, 2.0, 3.0, 0.0, -1.0, 0.0, 3.0, 2.0, -1.0, 1.0, 3.0, 2.0, 3.0, 2.0, 1.0, -1.0, 1.0, 0.0, 3.0, 3.0, 0.0, -1.0, 1.0, 0.0, 0.0, -1.0, 3.0, 2.0, 2.0, -1.0, 1.0, 3.0, 98133.0, 579.0, 99531.0
1.0, 2.0, 0.0, 1.0, -1.0, 1.0, -1.0, 3.0, 3.0, -1.0, 3.0, 3.0, 2.0, 2.0, -1.0, 1.0, 2.0, 1.0, 2.0, 0.0, 2.0, 0.0, 3.0, 3.0, 3.0, 1.0, -1.0, 1.0, 0.0, 0.0, 3.0, 2.0, -1.0, 2.0, -1.0, 2.0, 0.0, 1.0, 0.0, 3.0, 1.0, 0.0, 0.0, -1.0, 0.0, -1.0, 0.0, 2.0, 1.0, 1.0, 98089.0, 584.0, 99510.0
0.0, 2.73614150088, 1.0, 0.0, 3.0, -1.0, 0.546452526313, 0.0, 3.0, 2.0, 2.0, 2.0, 0.0, -1.0, 1.0, 2.0, 3.0, 1.0, -0.564747018877, 1.29747698513, 2.0, -1.0, 2.0, 1.0, 3.0, 2.0, -1.0, 0.0, 0.0, 3.0, -1.0, 1.24367798604, 1.0, 1.0, -1.0, 0.0, 2.0, 3.0, 2.0, -1.0, 3.0, 3.0, 1.0, 3.0, -1.0, 1.0, -0.127151424435, 2.0, 0.749245587856, 0.0, 98150.0, 585.0, 99509.0
2.0, 2.0, 2.0, 1.0, -1.0, 2.0, 0.0, 2.0, -1.0, 1.0, 2.0, -1.0, 0.0, -1.0, 1.0, 1.0, 1.0, 3.0, 3.0, 3.0, 0.0, 1.0, 0.0, -1.0, 1.0, 2.0, 2.0, 3.0, 0.0, 1.0, 1.0, 3.0, 3.0, 0.0, 0.0, 2.0, 2.0, 3.0, 0.0, 2.0, 0.0, 3.0, -1.0, -1.0, -1.0, 3.0, 3.0, -1.0, 1.0, 1.0, 98064.0, 594.0, 99504.0
1.0, 3.0, -1.0, -1.0, 3.0, 0.0, -1.0, 2.0, 3.0, 1.0, 3.0, 3.0, 0.0, 2.0, 2.0, 1.0, 0.0, 3.0, 2.0, 0.0, 3.0, -1.0, 0.0, 1.0, 3.0, -1.0, -1.0, 1.0, 0.0, 2.0, 2.0, -1.0, 1.0, 1.0, -1.0, -1.0, 0.0, 1.0, 2.0, 1.0, 0.0, 3.0, -1.0, 3.0, -1.0, 0.0, -1.0, 3.0, 1.0, 1.0, 98213.0, 549.0, 99550.0
2.0, -1.0, 2.55224927211, 3.0, -1.0, 0.0, 1.63720169715, 2.0, -1.0, -1.0, 3.0, 2.0, 0.0, 1.0, 0.0, 0.0, -1.0, 1.0, -1.0, 1.0, -1.0, 0.0, 0.0, -1.0, 1.0, 3.0, 0.941757062836, 3.0, 1.0, 0.0, 0.428127258543, 1.0, 3.0, 1.0, 2.89504104878, -1.0, 2.0, -1.0, 0.0, 3.0, 0.0, 0.0, 2.0, 0.0, -1.0, 2.0, 1.0, 0.0, 3.0, -1.0, 98214.0, 542.0, 99557.0
3.0, 0.0, 0.0, 2.0, 2.0, 1.0, 2.0, 0.0, -0.433214085821, -1.0, 2.0, 2.0, 2.0, 3.0, -1.0, 2.0, 2.0, 1.0, 2.0, 0.225663142547, 0.0, 0.0, 3.0, 0.380900797445, 0.0, 1.0, -1.0, 3.0, 2.0, 0.88215206079, 3.0, 1.0, -1.0, 3.0, 1.0, 0.0, 1.0, -1.0, 0.0, 1.0, 3.0, 1.0, 3.0, 3.0, 2.19618880346, -1.0, -1.0, 1.0, 0.0, 2.0, 98080.0, 613.0, 99495.0
1.0, -1.0, 2.0, -1.0, -1.0, -0.44180218489, 0.0, -1.0, 2.0, 0.0, -1.0, 1.0, 1.0, 2.0, 2.0, 3.0, -1.0, 1.0, 2.0, -1.0, 1.0, 3.0, -0.757666911953, 1.0, 1.0, 0.0, -1.0, -1.0, 1.0, 0.0, 1.0, -1.0, -1.0, 0.0, 2.0, 3.0, -1.0, 2.0, -0.468970856546, 2.0, 0.0, 1.20062609399, -1.0, 3.0, 0.0567576255533, -1.0, -1.0, 1.0, 0.0, 2.05615496549, 98321.0, 477.0, 99602.0
1.0, 0.0, 1.0, 1.0, -1.0, 2.0, 3.0, 1.0, 0.0, 3.0, 3.0, -1.0, 0.0, 2.0, -1.0, 2.0, 1.0, 2.0, -1.0, 3.0, 0.0, 1.0, 0.0, 1.0, 0.0, 2.0, 2.0, -1.0, 0.0, -1.0, 3.0, -1.0, -1.0, 3.0, 2.0, -1.0, -1.0, -1.0, 0.0, 1.0, 2.0, 3.0, 0.0, 0.0, 0.0, 1.0, 2.0, 2.0, 3.0, 2.0, 98188.0, 561.0, 99525.0
-1.0, 2.0, -1.0, 2.0, 3.0, 1.0, -1.0, 0.0, 1.0, 3.0, 3.0, 1.0, 1.0, -1.0, 2.0, 0.0, 2.0, 0.0, -1.0, 0.0, -1.0, 0.0, 0.0, -1.0, -1.0, 1.0, 3.0, -1.0, 1.0, 0.0, 2.0, -1.0, 2.0, 2.0, 2.0, 3.0, 3.0, 0.0, 1.0, 3.0, 0.0, 1.0, 1.0, 1.0, 1.0, 0.0, -1.0, 3.0, 2.0, -1.0, 98125.0, 569.0, 99539.0
-1.0, 2.0, -1.0, 2.0, 3.0, 1.0, -1.0, -0.104570238425, 1.0, 3.0, 3.0, 1.0, 1.0, -1.0, 2.0, 0.0, 2.0, 0.0, -1.0, 0.0, -1.0, 0.0, 0.0, -1.0, -1.0, 1.0, 3.0, -1.0, 1.0, 0.0, 2.0, -1.0, 2.0, 2.0, 2.0, 3.0, 3.0, 0.0, 1.0, 3.0, 0.0, 1.0, 1.0, 1.0, 1.0, 0.0, -1.0, 3.0, 2.0, -1.0, 98125.0, 569.0, 99539.0
1.0, 2.0, 0.0, 1.0, -1.0, 1.0, -1.0, 3.0, 3.0, -1.0, 3.0, 3.0, 2.0, 2.0, -1.0, 1.0, 2.0, 1.0, 2.0, 0.0, 2.0, 0.0, 3.0, 3.0, 3.0, 1.0, -1.0, 1.0, 0.0, 0.0, 3.0, 1.94450714043, -1.0, 2.0, 2.44606135342, 2.0, 0.0, 1.0, 0.0, 3.0, 1.0, 0.0, 0.0, -1.0, 0.0, -1.0, 0.0, 2.0, 1.0, -0.272309025448, 98055.0, 599.0, 99502.0
3.0, -1.0, -1.0, 2.0, -1.0, 1.0, -0.572351051707, 0.0, -1.0, -1.0, 3.0, -1.0, 1.0, 1.0, 3.0, 1.0, -1.0, -1.0, 0.0, 2.0, 2.0, 1.0, -1.0, 0.0, 0.0, -0.099200144546, 2.0, 1.06858177841, -1.0, 0.0, 1.0, 0.0, 1.0, -1.0, 3.0, 2.0, -1.0, 1.0, 3.0, 3.0, 2.0, 2.76502830458, -1.0, 1.0, 0.0, -1.0, 0.0, 1.0, 1.0, 0.0, 98402.0, 505.0, 99587.0
-1.0, 2.0, 3.0, 3.0, 0.0, 3.0, 0.841862258385, 0.0, 0.0, 3.0, 1.0, 2.0, 2.0, 1.0, 1.6418824128, 0.0, 1.0, -0.937853453567, 3.0, -1.0, -1.0, 1.0, 1.0, 2.0, 0.386256376494, -1.0, 3.0, 1.0, 0.0, 1.0, -1.0, -1.0, 0.0, 1.0, -0.697736152417, 2.0, 3.0, 0.0, 0.0, 1.0, 0.0, -1.0, 2.0, 1.52112158428, -1.0, -1.0, 0.0, 2.0, 3.0, 0.0, 98194.0, 559.0, 99552.0
-1.0, 3.0, 2.0, 3.0, 2.0, 2.0, 3.0, 2.0, 3.0, -1.0, 3.0, 0.0, -1.0, 3.0, 1.0, 1.0, 1.0, 2.0, 2.0, 0.0, 1.0, 1.0, 1.0, 0.0, -0.274626901096, 0.0, 3.0, 3.0, 0.0, 2.0, 3.0, 0.0, -0.0490724908622, 2.11513888523, 0.0, 1.0, -1.0, 0.179902462592, 2.0, -1.0, 0.0, 0.0, 2.0, 1.0, -1.0, 1.0, 0.0, 0.0, 3.0, -1.0, 98044.0, 621.0, 99505.0
3.0, -1.0, -1.0, 2.0, -1.0, 1.0, -1.0, 0.0, -1.0, -1.0, 3.0, -1.0, 1.0, 1.0, 3.0, 1.0, -1.0, -1.0, 0.0, 2.0, 2.0, 1.0, -1.0, 0.0, 0.0, -1.0, 2.0, 0.0, -1.0, 0.0, 1.0, 0.0, 1.0, -1.0, 3.0, 2.0, -1.0, 1.0, 3.0, 3.0, 2.0, 2.0, -1.0, 1.0, 0.0, -1.0, 0.0, 1.0, 1.0, 0.0, 98448.0, 494.0, 99599.0
2.0, -0.642609083577, 2.0, 1.0, -1.0, 2.0, 3.0, 0.866305857475, -1.0, 1.0, 2.0, -1.0, 0.0, -1.0, 0.362510777995, 0.279642763415, 1.0, 3.0, 3.0, 3.0, 0.0, 1.0, 0.0, 1.76126420995, 1.0, 2.0, 2.0, 3.0, 0.0, 1.0, 1.0, 3.0, 3.0, -0.508325897975, 0.0, 2.0, 2.0, 3.0, 0.0, 2.0, 0.0, 3.0, -1.0, -1.0, -1.0, 3.0, 3.0, -1.0, 1.0, 1.0, 98091.0, 581.0, 99510.0
0.0, -1.0, 2.0, 0.0, -0.8576255396, 0.0, 2.0, -1.0, 1.0, 0.0, 0.0, 1.74362324298, 3.0, 1.0, 2.0, 1.0, -1.0, -1.0, 2.0, 1.0, -1.0, 0.0, 1.0, 1.0, 2.0, 1.0, -1.0, -1.0, -1.0, 2.0, 2.0, 0.0, 3.0, -1.0, 1.0, 0.0, 2.0, 2.0, 1.0, 2.99609948901, 0.0, 0.0, 0.65590957212, 3.0, -1.0, -1.0, -1.0, 3.0, 3.0, 0.0, 98199.0, 512.0, 99567.0
0.0, -1.0, 2.0, 0.0, 2.0, 0.0, 2.0, -1.0, 1.0, 0.0, 0.0, 1.0, 3.0, 1.0, 2.0, 1.0, -1.0, -1.0, 2.0, 1.0, -1.0, 0.0, 1.0, 1.0, 2.0, 1.0, -1.0, -1.0, -1.0, 2.0, 2.0, 0.0, 3.0, -1.0, 1.0, 0.0, 2.0, 2.0, 1.0, 3.0, 0.0, 0.0, 2.0, 3.0, -1.0, -1.0, -1.0, 3.0, 3.0, 0.0, 98176.0, 531.0, 99561.0
-1.0, 0.0, 0.0, 0.0, -1.0, 3.0, 2.0, -1.0, -1.0, 0.0, 2.0, 1.0, 1.0, 1.0, 2.0, 2.0, 3.0, -1.0, -1.0, 3.0, 3.0, 1.0, -1.0, 1.0, 0.0, 2.0, 3.0, 0.0973561428922, 2.0, 0.0, -1.0, 1.0, 2.0, 2.0, 0.0, 1.0, 2.0, 0.0, -1.0, 3.0, 0.0, 1.0, 1.0, -0.359169941725, 0.0, -1.0, 1.0, 2.0, 3.0, 2.0, 98170.0, 574.0, 99517.0
1.0, 0.0, 1.0, 1.0, -1.0, 2.0, 0.0, 1.0, 0.0, 3.0, 3.0, -1.0, 0.0, 2.0, -1.0, 2.0, 1.0, 2.0, -1.0, 3.0, 0.0, 1.0, 0.0, 1.0, 0.0, 2.0, 2.0, -1.0, 0.0, 0.149708162912, 3.0, -1.0, -0.421933241339, 3.0, 2.0, -1.0, -1.0, -1.0, 0.0, 1.0, 2.0, 3.0, 0.0, 1.17272547678, 0.0, 1.0, 2.0, 2.0, 3.0, 2.0, 98079.0, 592.0, 99503.0
0.0, -1.0, -1.0, 0.0, -1.0, -1.0, 2.0, 0.0, 3.0, 1.0, 0.0, 0.0, 1.0, 1.0, 3.0, 0.0, -1.0, 3.0, 1.0, 1.0, 0.0, 2.0, 3.0, 1.0, 1.0, 0.0, 1.0, -1.0, -1.0, 3.0, 1.0, 2.0, 1.0, 2.0, 1.0, 2.0, 0.0, 2.0, 0.0, -1.0, 3.0, 3.0, 0.0, -1.0, 2.0, 2.0, 2.0, 3.0, 2.0, 2.0, 98086.0, 586.0, 99534.0
1.0, -1.0, 2.0, -1.0, -1.0, 0.0, 0.0, -1.0, 2.0, 0.0, -1.0, 1.0, 1.0, 2.0, 2.0, 3.0, 0.0, 1.0, 2.0, -1.0, 1.0, 3.0, 1.0, 1.0, 1.0, 0.0, -1.0, -1.0, 1.0, 0.0, 1.0, -1.0, -1.0, 0.0, 2.0, 3.0, -1.0, 2.0, 2.0, 2.0, 0.0, -1.0, -1.0, 3.0, -1.0, -1.0, -1.0, 1.0, 0.0, 2.0, 98360.0, 475.0, 99605.0
0.0, -1.0, 2.0, 0.794599488143, -1.0, -1.0, 3.0, 1.10354846618, 1.0, 1.0, 1.0, -1.0, 2.0, 2.0, -1.0, 2.0, 0.0, -1.0, 2.0, 1.0, -1.0, -1.0, 0.0, 0.0, 2.0, 1.0, 3.0, 0.0, 3.0, -1.0, -1.0, -1.0, 1.66070506449, -1.0, 1.0, 1.0, 2.0, 3.0, 0.0, 3.0, 1.83504898431, 1.0, 2.0, 3.0, 0.0, -1.0, -0.704205105804, 2.0, 0.0, 1.98305147335, 98356.0, 515.0, 99566.0
0.0, 2.0, 3.0, 3.0, 2.0, 2.0, 0.0, 0.0, 0.0, -1.0, 3.0, 1.0, 0.0, 3.0, -1.0, 0.0, -1.0, 1.0, 1.0, 3.0, 0.0, -1.0, 1.0, 2.0, 3.0, 2.0, 2.0, -1.0, 2.0, 2.0, -1.0, 3.0, 0.0, 0.0, 1.0, 3.0, 1.0, 1.0, 2.0, 3.0, -1.0, 1.0, 3.0, 1.0, -1.0, 1.0, -1.0, 2.0, 3.0, 1.0, 98257.0, 579.0, 99512.0
2.0, 2.0, 0.0, 1.0, 0.0, 1.0, 2.0, -1.0, 3.0, 0.0, -1.0, 3.0, 0.0, -1.0, 1.0, 2.39161151383, 0.0, -1.0, 2.0, 2.0, 3.0, 0.0, -1.0, 0.0, 3.0, 2.46185314027, -1.0, 1.0, 3.0, 2.0, 3.0, 2.0, 1.0, -1.0, 0.802339898302, 0.0, 3.0, 3.0, 0.0, -1.0, 1.0, 0.0, 0.0, -1.0, 3.0, 2.0, 2.0, -1.0, 1.0, 3.0, 98159.0, 579.0, 99531.0
0.0, 0.0, 0.0, -1.0, 3.0, 2.0, -0.161071606057, 0.0, 2.0, 1.0, 0.0, 0.0, 0.0, 3.0, 0.0, 1.0, 2.0, 1.0, 0.0, -0.151671907889, 0.0, -1.0, 3.0, 0.854318443676, 2.0, 2.0, -1.0, 1.0, 2.0, 3.0, 1.61294804173, 2.0, 3.0, 3.0, -1.0, 2.0, 3.0, 3.0, -1.0, 2.0, 3.0, -1.0, 1.0, 1.0, 1.0, 1.0, -0.465123107761, 3.0, 3.0, 1.0, 98183.0, 632.0, 99497.0
3.0, 3.0, 2.0, 3.0, 2.0, 1.0, 0.0, 1.0, -1.0, 0.0, -1.0, 3.0, 3.0, 1.0, 1.0, 0.0, 0.0, 2.0, -1.0, 2.0, -1.0, 0.0, 1.0, 2.0, -1.0, 1.0, -1.0, 0.0, 1.0, 1.0, 3.0, 0.0, -1.0, 3.0, 1.0, -1.0, 2.0, 3.0, 0.0, 2.0, 0.0, 0.0, 1.0, 1.0, 0.0, -1.0, -1.0, 3.0, 3.0, -1.0, 98222.0, 564.0, 99528.0
2.0, 2.0, 3.0, 1.0, 0.0, 2.20872366079, -0.235628592404, 3.0, -1.0, 2.51345301113, 1.0, 0.0, 0.0, 0.0, 1.0, -1.0, -1.0, 0.0, 2.0, 1.0, -1.0, 2.0, 2.0, 0.0, 1.0, -0.318669855918, 3.0, 3.0, 2.0, -1.0, -1.0, 0.0, -1.0, 2.0, -1.0, 0.0, 1.0, 3.0, 1.0, 2.0, 2.0, -0.476595456394, 1.0, 3.0, 1.0, 3.0, -1.0, 2.0, -1.0, 1.0, 98203.0, 570.0, 99531.0
2.0, -1.0, 1.0, 3.0, 2.0, 0.0, 0.0, 2.0, -1.0, -1.0, 3.0, 2.0, 0.0, 1.0, 0.0, 1.0, -1.0, 1.0, -1.0, 1.0, -1.0, 0.0, 0.0, -1.0, 1.0, 3.0, 2.0, 3.0, 1.0, 0.0, 2.0, 1.0, 3.0, 1.0, 2.0, -1.0, 2.0, -1.0, 0.0, 3.0, 0.0, 0.0, 2.0, 0.0, -1.0, 2.0, 1.0, 0.0, 3.0, -1.0, 98205.0, 561.0, 99551.0
0.437554094551, 2.0, -1.0, 1.0, 1.0, 1.0, 0.0, -1.0, 2.0, -1.0, 0.0, -1.0, 2.0, -1.0, 3.0, -1.0, 0.0, 0.0, 0.911349619364, 0.0, 2.0, 0.401722179692, -1.0, 1.04536306885, 1.0, 3.0, 0.0, 2.0, 3.0, 0.0, 3.0, -1.0, 0.439395486347, 2.0, 2.0, 0.0, -1.0, 3.0, -1.0, 2.0, 1.0, 3.0, 1.0, 3.0, 1.0, -1.0, 3.0, 2.0, 0.0, 0.392357657814, 98186.0, 571.0, 99543.0
2.0, 1.0, 1.0, 2.0, 3.0, 2.0, 0.0, 1.0, -1.0, -1.0, -1.0, 0.0, 2.0, 1.0, 1.0, 1.0, 2.0, 2.19643079527, 3.0, 2.66847339924, -0.887528775835, 0.0, 0.0, 3.0, 2.0, 0.0, 0.0, 1.0, -1.0, 3.0, 0.0, 1.0, 3.0, 0.0, 3.0, 2.0, 0.0, -1.0, -1.0, 3.0, -1.0, 2.0, -1.0, 0.0, 1.0, 2.0, -1.0, -1.0, 1.0, 1.0, 98408.0, 560.0, 99553.0
-1.0, 3.0, 1.0, 3.0, 2.0, 1.0, 1.0, -1.0, 3.0, 0.0, 1.0, 2.0, 1.0, 0.0, -1.0, 1.0, 0.0, 3.0, 3.0, 1.0, -1.0, 0.0, -1.0, 3.0, 2.0, 0.0, 1.0, 1.0, 0.0, 2.0, -1.0, 2.0, 3.0, 2.0, 0.0, 2.0, -1.0, 0.0, 0.0, 0.0, -1.0, -1.0, 1.0, 3.0, 2.0, -1.0, 2.0, 0.0, 1.0, -1.0, 98203.0, 563.0, 99557.0
-1.0, 0.0, 3.0, 2.0, 1.0, -1.0, -1.0, 0.0, 2.0, -1.0, 1.0, 3.0, 0.0, 3.0, 1.0, 0.0, 0.0, 3.0, 1.0, 2.0, 2.0, 2.0, 0.0, 0.0, 2.0, 2.0, 3.0, 0.0, 1.0, 2.0, 1.0, 1.0, 3.0, 2.0, 0.0, 1.0, 3.0, 0.0, 3.0, 1.0, 0.0, 3.0, 1.0, 1.0, -1.0, -1.0, 2.0, -1.0, 2.0, 2.0, 98076.0, 624.0, 99513.0
1.0, 0.0, 1.0, 0.0, 0.0, 1.0, -1.0, 3.0, 3.0, -1.0, 3.0, 2.0, 0.0, -1.0, 3.0, 1.0, 0.0, 2.0, 3.0, 1.0, -1.0, -1.0, 2.0, 0.0, -1.0, -1.0, -1.0, -1.0, 2.0, 3.0, 2.0, -1.0, 3.0, -1.0, 2.0, -1.0, -1.0, 2.0, 1.0, 3.0, 1.0, 1.0, 0.0, 2.0, 3.0, 0.0, 3.0, 2.0, 0.0, -1.0, 98311.0, 529.0, 99569.0
0.0, -1.0, 1.0, 2.0, 3.0, 3.0, 2.0, -1.0, 1.0, 0.0, 1.0, 1.0, 0.0, -1.0, 3.0, 1.0, -1.0, 2.0, 1.0, 2.0, 2.0, 2.0, -1.0, -1.0, 0.0, -1.0, -1.0, -1.0, -1.0, 0.0, 0.0, 2.0, 3.0, -1.0, 1.0, 0.0, 2.0, -1.0, 0.0, 0.0, 2.0, 3.0, 1.0, -1.0, -1.0, 1.0, 2.0, 0.0, 0.0, 1.0, 98326.0, 519.0, 99591.0
0.0, 1.0, 2.0, 0.0, 2.0, 2.0, 3.0, 1.0, 1.0, -1.0, 3.0, 0.0, -1.0, -1.0, -1.0, -1.0, -1.0, 1.0, -1.0, 2.0, -1.0, 0.0, 1.0, 3.0, 3.0, 0.0, 1.0, 1.0, 0.0, 0.0, 0.0, 1.0, 3.0, 2.0, 3.0, 2.0, 0.0, 1.0, -1.0, 2.0, 0.0, -1.0, -1.0, 1.0, -1.0, -1.0, 2.0, 1.0, -1.0, 0.0, 98360.0, 513.0, 99589.0
0.0, -1.0, 1.0, 1.0, 2.0, -1.0, -1.0, -1.0, 1.0, -1.0, -1.0, 1.0, 0.0, 1.0, 2.0, 2.0, -1.0, 3.0, 3.0, 2.0, 3.0, 0.0, 0.0, 0.0, 1.0, -1.0, 3.0, 0.0, 2.0, -1.0, 2.0, 2.0, 2.0, -1.0, 3.0, 0.0, 2.0, 0.0, 1.0, 1.0, 0.0, 1.0, -1.0, 2.0, -1.0, 3.0, 0.0, 2.0, -1.0, 0.0, 98284.0, 536.0, 99593.0
0.0, -1.0, 2.0, 2.0, -1.0, -1.0, 3.0, 0.0, 1.0, 1.0, 1.0, -1.0, 2.0, 2.0, -1.0, 2.0, 0.0, -1.0, 2.0, 1.0, -1.0, -1.0, 0.0, 0.0, 2.0, 1.0, 3.0, 0.0, 3.0, -1.0, -1.0, -1.0, 2.0, -1.0, 1.0, 1.0, 2.0, 3.0, 0.0, 3.0, 1.0, 1.0, 2.0, 3.0, 0.0, -1.0, 1.0, 2.0, 0.0, 2.0, 98309.0, 531.0, 99561.0
0.0, 2.0, 1.0, 2.0, 2.0, -1.0, 1.0, -1.0, -1.0, -1.0, -1.0, -1.0, -1.0, -1.0, 3.0, 1.0, 3.0, 2.0, -1.0, 2.0, 3.0, 1.0, -1.0, 1.0, 0.0, 0.0, 2.0, 1.0, 0.0, 0.0, 0.0, -1.0, 1.0, 0.0, 2.0, 2.0, 1.0, -1.0, 0.0, 2.0, 0.0, 3.0, 1.0, 3.0, -1.0, 3.0, 1.0, 1.0, 2.0, 0.0, 98223.0, 541.0, 99565.0
2.0, 0.0, 1.0, 0.0, 2.0, 0.0, 3.0, 1.0, 2.0, 3.0, -1.0, 0.0, 1.0, 1.0, 1.0, 0.0, 0.0, 2.0, -1.0, 3.0, -1.0, -1.0, 2.0, 2.0, 3.0, -1.0, -1.0, 1.0, -1.0, -1.0, 0.852596023443, 2.0, -1.0, 1.0, -1.0, 0.0, 2.0, 2.0, 3.0, 3.0, 0.0, -1.0, -1.0, 3.0, -1.0, 1.0, 3.0, 2.0, 0.0, 0.0, 98293.0, 532.0, 99571.0
-1.0, 0.0, 0.0, 0.0, -1.0, 3.0, 2.0, -1.0, -1.0, 0.0, 2.0, 1.0, 1.0, 1.0, 2.0, 2.0, 3.0, -1.0, -1.0, 3.0, 3.0, 1.0, -1.0, 1.0, 0.0, 2.0, 3.0, 1.0, 2.0, 0.0, -1.0, 1.0, 2.0, 2.0, 0.0, 1.0, 2.0, 0.0, -1.0, 3.0, 0.0, 1.0, 1.0, 0.0, 1.0, -1.0, 0.0, 2.0, 3.0, 2.0, 98172.0, 574.0, 99517.0
0.0, -1.0, 3.0, 2.0, 2.0, 3.0, 3.0, 0.0, -1.0, 3.0, 2.0, 2.0, -1.0, 1.0, 1.0, 0.0, 1.0, 1.0, -1.0, 0.0, 0.0, 1.0, 3.0, -1.0, 3.0, 0.0, 3.0, 1.0, 0.0, 1.0, 3.0, -1.0, 0.0, 2.0, 0.0, 2.0, 1.0, 0.0, 2.0, 3.0, 0.0, 3.0, 2.0, 1.0, -1.0, 2.0, 2.0, -1.0, -1.0, 2.0, 98113.0, 601.0, 99524.0
1.0, 2.89548813638, 0.957234319253, 1.0, 2.0, 3.0, 3.0, 0.0, 3.0, 3.0, 0.0, 1.0, -1.0, 2.0, 0.0, 2.0, -1.0, -1.0, 1.0, 0.0, 0.10832363561, 3.0, 1.0, -0.266626725683, 0.0, 0.0, -1.0, 1.0, -1.0, 2.0, 2.0, 2.0, 2.0, 2.0, -1.0, 0.0, 1.0, 1.0, 3.0, 3.0, 1.0, 0.434328297425, 0.0, 0.0, -1.0, 3.0, 2.0, 3.0, 3.0, 0.0, 98123.0, 607.0, 99510.0
0.0, -1.0, 3.0, 2.0, 2.0, 2.0, 1.0, 2.0, 0.0, 1.0, 1.0, 3.0, -1.0, 3.0, -1.0, 0.0, 1.0, 3.0, -1.0, 0.0, 1.0, 3.0, 1.0, 1.0, 3.0, 3.0, -1.0, 3.0, 0.0, -1.0, 2.0, 0.0, 2.0, 2.0, 3.0, 3.0, -1.0, 0.0, 3.0, 0.0, 1.0, 0.0, 2.0, -1.0, 1.0, 2.0, 1.0, 1.0, 2.0, 3.0, 98101.0, 610.0, 99505.0
0.0, -1.0, 3.0, 2.0, 2.0, 2.0, 1.0, 2.0, 0.0, 1.0, 1.0, 3.0, -1.0, 3.0, -1.0, 0.0, 1.0, 3.0, -1.0, 0.0, 1.0, 3.0, 1.0, 1.0, 3.0, 3.0, -1.0, 3.0, 0.0, -1.0, 2.0, 0.0, 2.0, 1.91121717051, 3.0, 3.0, -1.0, 0.0, 3.0, 0.0, 1.0, -0.0718342547122, 2.0, -1.0, 1.0, 2.0, 1.0, 1.0, 2.0, 3.0, 98101.0, 610.0, 99505.0
3.0, 0.0, 0.0, 2.0, 2.0, 1.0, 2.0, 0.0, 0.0, -1.0, 2.0, 2.0, 2.0, 3.0, -1.0, 2.0, 2.0, 1.0, 2.0, -1.0, 0.0, 0.0, 3.0, 1.0, 0.0, 1.0, -1.0, 3.0, 2.0, 1.0, 3.0, 1.0, -1.0, 3.0, 1.0, 0.0, 1.0, -1.0, 0.0, 1.0, 3.0, 1.0, 3.0, 3.0, 3.0, -1.0, -1.0, 1.0, 0.0, 2.0, 98195.0, 600.0, 99512.0
3.0, 1.0, 1.0, 3.0, 1.0, 0.0, 1.0, 1.0, 3.0, -1.0, 2.0, 0.0, 3.0, 2.0, 2.0, 1.0, 0.0, 2.0, 1.0, -1.0, -0.334866558546, 1.0, 2.0, 1.0, 1.0, 3.0, 3.0, -1.0, 0.0, -1.0, 0.0, 2.0, 3.0, 3.0, 0.0, -1.0, 2.0, 0.0, 1.0, 3.0, 0.0, 1.0, -1.0, 2.0, 2.0, 0.0, -1.0, -1.0, 3.0, -1.0, 98136.0, 597.0, 99525.0
0.0, 0.0, 1.0, 0.0, 3.0, -1.0, 2.0, 0.0, 3.0, 2.0, 2.0, 2.0, 0.0, 1.0, 1.0, 2.0, 3.0, 1.0, 2.0, 0.0, 2.0, -1.0, 2.0, 1.0, 3.0, 2.0, -1.0, 0.0, 0.0, 3.0, -1.0, 1.0, 1.0, 1.0, -1.0, 0.0, 2.0, 3.0, 2.0, -1.0, 3.0, 3.0, 1.0, 3.0, -1.0, 1.0, 0.0, 2.0, -1.0, 0.0, 98162.0, 597.0, 99517.0
0.0, 2.0, -1.0, 1.0, 0.0, -1.0, 0.0, 1.0, 2.0, 3.0, 1.0, 2.0, 2.0, 1.0, 3.0, -1.0, 3.0, 2.0, -1.0, 0.0, -1.0, 3.0, 1.0, 2.0, 3.0, -1.0, 1.0, 2.0, 0.0, 0.0, 2.0, -1.0, -1.0, 2.0, 0.0, 1.0, 3.0, 0.0, 0.0, 3.0, 0.0, -1.0, 2.0, 3.0, -1.0, 0.0, 2.0, 1.0, 1.0, 1.0, 98150.0, 586.0, 99544.0
3.0, 0.0, -1.0, 0.0, 0.854712397467, 3.0, 2.0, 1.0, 0.0, 0.0, 1.0, 2.11362144164, 2.0, 2.0, -1.0, 2.0, 1.14154544659, 3.0, 1.0, 0.0, 3.0, 0.0, -1.0, 2.0, 1.0, -1.0, 2.12054088899, -1.0, 2.0, 2.0, 3.0, -1.0, 1.0, 1.0, 1.0, -1.0, 1.0, 0.0, 1.0, 0.0, 2.0, -1.0, -0.742609491922, 3.0, 3.0, 3.0, 0.0, -1.0, 2.0, 1.0, 98133.0, 591.0, 99537.0
3.0, 0.0, -1.0, 0.0, 1.0, 3.0, 2.0, 1.0, 0.0, 0.0, 1.0, -1.0, 2.0, 2.0, -1.0, 2.0, 3.0, 3.0, 1.0, 0.0, 3.0, 0.0, -1.0, 2.0, 1.0, -1.0, 2.0, -1.0, 2.0, 2.0, 3.0, -1.0, 1.0, 1.0, 1.0, -1.0, 1.0, 0.0, 1.0, 0.0, 2.0, -1.0, 0.0, 3.0, 3.0, 3.0, 0.0, -1.0, 2.0, 1.0, 98142.0, 594.0, 99534.0
0.0, -1.0, -1.0, 0.0, -1.0, -1.0, 2.0, 0.0, 3.0, 1.0, 1.33235140256, 0.0, 1.0, 1.0, 3.0, 0.0, 0.0, 3.0, 1.0, -0.64196551883, 0.0, 2.0, 3.0, 1.0, 1.0, 0.0, 1.0, -1.0, -1.0, 3.0, 1.0, 2.0, 1.0, 2.0, 1.0, 2.0, 0.0, 2.0, 0.0, -1.0, 3.0, 3.0, 0.0, -1.0, 2.0, 2.0, 2.0, 3.0, 2.0, 0.536045892762, 98098.0, 592.0, 99538.0
0.0, -1.0, 2.0, -1.0, 0.0, 0.0, -1.0, -0.32467169021, -1.0, 2.18928521579, 0.0, 1.0, -1.0, 0.0, 0.0, -1.0, 0.0, 3.0, 1.0, 0.0, -1.0, -1.0, 3.0, 2.0, 0.0, 0.0, 1.0, 2.0, 2.0, -1.0, 2.0, 0.882131280785, 0.828171356218, 0.0, 3.0, -1.0, -1.0, 1.0, 1.0, 1.0, 2.0, 3.0, 1.0, 2.0, -0.76436543339, -1.0, -1.0, -1.0, -1.0, -1.0, 98464.0, 481.0, 99632.0
2.0, -1.0, 1.0, 2.0, 1.0, 0.0, 0.0, -1.0, 1.0, 3.0, 3.0, 3.0, -1.0, 1.0, 2.0, 1.0, -1.0, 3.0, 1.0, 0.0, 1.0, 2.0, 3.0, 0.0, 2.0, -1.0, -1.0, 1.0, 0.0, 3.0, -1.0, 2.0, -1.0, 1.0, 2.0, 2.0, -1.0, -1.0, 0.0, 2.0, -1.0, 0.0, 3.0, 3.0, -1.0, -1.0, 1.0, -1.0, 2.0, -1.0, 98505.0, 503.0, 99607.0
1.84640014781, -1.0, 1.0, 2.0, 1.0, 0.0, 0.0, -1.0, 1.0, 3.0, 3.0, 3.0, -1.0, 1.0, 2.0, 1.0, -1.0, 3.0, 1.0, 0.0, 1.0, 2.0, 3.0, 0.0, 2.0, -1.0, -1.0, 1.25014270875, 0.0, 3.0, -1.0, 2.0, -1.0, 1.0, 2.0, 2.0, -1.0, -1.0, 0.0, 2.12385360862, -1.0, 0.0, 3.0, 3.0, -1.0, -0.837215319299, 1.0, -1.0, 2.0, -1.0, 98505.0, 503.0, 99607.0
0.0, -1.0, 2.0, -1.0, 0.0, 0.0, -1.0, -1.0, -1.0, 2.0, 0.0, 1.0, -1.0, 0.0, 0.0, -1.0, 0.0, 3.0, -1.0, 0.0, -1.0, -1.0, 3.0, 2.0, 0.0, 0.0, 1.0, 2.0, 2.0, -1.0, 2.0, 1.0, 3.0, 0.0, 3.0, -1.0, -1.0, 1.0, 1.0, 1.0, 2.0, 3.0, 1.0, 2.0, 1.0, -1.0, -1.0, 1.0, -1.0, -1.0, 98510.0, 484.0, 99628.0
1.0, 3.0, 0.0, -1.0, -1.0, -1.0, 0.0, 2.0, 3.0, 0.0, -1.0, -1.0, 3.0, -1.0, 2.0, 2.0, 3.0, 0.0, 0.0, 1.0, -1.0, 3.0, -1.0, 2.0, 2.0, 3.0, -1.0, 1.0, 1.0, 0.0, 1.0, 3.0, 3.0, -1.0, -1.0, -1.0, 3.0, 2.0, -1.0, 0.0, 0.0, 2.0, 2.0, 0.0, 0.0, 1.0, 1.0, 1.0, 2.0, 0.0, 98453.0, 527.0, 99569.0
2.0, 2.0, 3.0, 0.0, 0.0, -1.0, 0.0, 2.0, 1.0, 1.0, 2.0, 2.0, 0.0, -1.0, 0.0, 1.0, -1.0, 1.0, 2.0, 2.0, 0.0, -1.0, 1.0, -1.0, -1.0, 0.0, 0.0, 2.0, 0.0, 2.0, -1.0, -1.0, 1.0, 2.0, 3.0, 3.0, 1.0, 3.0, -1.0, 3.0, 3.0, -1.0, -1.0, 3.0, 0.0, 3.0, -1.0, -1.0, -1.0, 2.0, 98466.0, 523.0, 99586.0
2.0, 2.0, 3.0, 0.0, 0.0, -1.0, 0.0, 2.0, 1.0, 1.0, 2.0, 2.0, 0.0, -1.0, 0.0, 1.0, -1.0, 1.0, 2.0, 2.0, 0.0, -1.0, 1.0, -1.0, -1.0, 0.0, -0.156099438277, 2.0, 0.0, 2.0, -1.0, -1.0, 1.0, 2.0, 3.0, 3.0, 1.0, 3.0, -1.0, 3.0, 3.0, -1.0, -1.0, 3.0, 0.0, 3.0, -1.0, -1.0, -1.0, 2.0, 98466.0, 523.0, 99586.0
0.0, -1.0, 1.16760911443, 2.0, 2.0, 3.0, 3.0, 0.0, -1.0, 0.406687035698, 1.4437335952, 2.0, -1.0, 1.0, 1.0, 0.0, 1.0, 2.02658077561, -1.0, 0.0, 0.0, 1.0, 3.0, -1.0, 3.0, 1.25595744172, 3.0, 3.0, 0.0, 1.0, 3.0, -1.0, 0.0, 2.0, 0.0, 2.0, 1.0, -1.0, 2.0, 3.0, 0.0, 3.0, 2.0, 1.0, -1.0, 1.41126656584, 2.0, -1.0, -1.0, 2.0, 98159.0, 588.0, 99540.0
1.0, 3.0, -1.0, -1.0, 3.0, 0.0, -1.0, 2.0, 3.0, 1.0, 3.0, 3.0, 0.0, 2.0, 2.0, 1.0, 0.0, 3.0, 2.0, 0.0, 3.0, -1.0, 0.0, 1.0, 3.0, -1.0, -1.0, 1.0, 0.0, 2.0, 1.95703402033, 0.595271808485, 1.0, 3.0, -1.0, -1.0, 0.0, 1.0, 2.0, 1.0, 0.0, 3.0, -1.0, 3.0, -1.0, 0.0, -1.0, 3.0, 1.0, 1.0, 98238.0, 564.0, 99543.0
3.0, 3.0, 2.0, 3.0, 2.0, 1.0, 0.0, 1.0, -1.0, 1.42402098009, -1.0, 3.0, 3.0, 1.0, 1.0, 0.0, 0.0, 2.0, -1.0, 2.0, -1.0, 0.0, 1.0, 2.0, -1.0, 1.0, -1.0, 0.0, 1.0, 1.0, 3.0, -0.453711851031, -1.0, 3.0, 1.0, -1.0, 2.0, 3.0, 0.0, 2.0, 0.0, 0.0, 1.0, 1.0, -0.271158008269, -1.0, -1.0, 3.0, 3.0, -1.0, 98241.0, 564.0, 99528.0
1.0, -1.0, 1.0, 3.0, -1.0, -1.0, -1.0, 1.0, 1.0, 2.0, 1.0, 3.0, 0.0, -1.0, 1.0, 2.0, 1.0, 2.0, 0.0, 1.0, -1.0, 0.0, 0.0, 0.0, 0.0, 2.0, 3.0, 0.0, 3.0, 3.0, 2.0, 2.0, 3.0, 2.0, -1.0, 0.0, 3.0, -1.0, 1.0, 2.0, 2.0, -1.0, 1.0, -1.0, -1.0, 3.0, 3.0, 2.0, 2.0, 1.0, 98313.0, 561.0, 99559.0
2.0, 3.0, 1.0, 2.0, 0.0, 1.0, 0.0, 1.0, 3.0, 3.0, -1.0, 0.0, -1.0, 1.0, 1.0, -1.0, 3.0, 1.0, -1.0, 2.0, 1.28563931951, 1.0, 1.1334098725, 2.0, 2.0, 3.0, 0.336967230847, 2.0, -1.0, 1.0, 2.0, 1.0, -1.0, 1.0, 0.0, 0.0, -1.0, 1.71671963485, -1.0, -1.0, -1.0, 3.0, 2.0, 3.0, 3.0, 0.0, -1.0, 2.0, 0.0, 2.0, 98455.0, 563.0, 99554.0
1.0, 0.0, 1.96373368614, 0.0, 0.0, 2.00906619997, -1.0, 3.0, 3.0, -1.0, 3.0, 2.0, 0.0, -1.0, 3.0, 1.0, 0.0, 1.07284798077, 3.0, 1.0, -1.0, -1.0, 2.0, 0.0, -1.0, -1.0, -1.0, -1.0, 2.0, 3.0, 2.0, -1.0, 3.0, -1.0, 2.0, -1.0, -1.0, 2.0, 1.0, 3.0, 1.0, 1.0, 0.0, 2.0, 3.0, 0.0, 3.0, 2.0, 0.0, -1.0, 98323.0, 529.0, 99569.0
0.0, -1.0, 1.0, 2.0, 3.0, 3.0, 2.0, -1.0, 1.0, 0.835899748199, 1.0, 1.0, -0.178144077757, -1.0, 3.0, 1.0, -1.0, 2.0, 1.0, 2.0, 2.0, 2.0, -1.0, -1.0, 0.0, -1.0, -1.0, -1.0, -1.0, 0.0, -0.0982285754983, 2.0, 3.0, -1.0, 1.0, 2.69023878037, 2.0, -0.566049394832, 0.0, 0.0, 2.0, 3.0, 1.0, -1.0, -1.0, 1.0, 2.0, 0.0, 0.0, 1.0, 98387.0, 519.0, 99591.0
-0.969783864541, 2.0, 2.0, -1.0, 2.0, 1.0, 0.0, -1.0, 1.0, 0.0, -1.0, 3.0, 2.0, -0.556667243111, 0.0, 0.0, 2.0, 0.0, 3.0, 2.0, 3.0, 3.0, -0.904952103298, 0.0, -1.0, -1.0, 1.0, 3.0, 1.0, 0.0, 3.0, 2.0, 3.0, 1.0, 1.0, 3.0, 0.0, -1.0, 2.35116395689, 0.0, 1.0, 1.0, 2.0, 2.0, -1.0, -1.0, 0.0, -1.0, 3.0, 0.0, 98314.0, 556.0, 99564.0
0.0, -1.0, -1.0, -1.0, 0.0, 2.0, 0.0, 0.0, 2.0, 1.0, -1.0, 2.0, 1.0, 0.0, 0.0, 3.0, -1.0, -1.0, 3.0, 2.0, 1.0, 1.0, -1.0, 3.0, 0.0, 3.0, -1.0, 2.0, 3.0, 0.0, 1.0, -1.0, 2.0, 3.0, 0.0, 1.0, 3.0, -1.0, 3.0, 1.0, 2.0, 1.0, -1.0, 0.0, 1.0, 1.0, -1.0, 2.0, 0.0, 2.0, 98374.0, 545.0, 99563.0
1.0, 1.0, 3.0, 2.0, -1.0, 1.0, -1.0, 3.0, 0.0, 0.0, -1.0, 1.0, 1.0, 0.0, -1.0, 0.0, 3.0, 3.0, 2.0, -0.441009002758, -1.0, 2.0, 0.0, 2.0, -1.0, -1.0, 1.0, 1.0, -1.0, -1.0, 2.0, 0.0, 1.0, 2.0, 1.0, -1.0, 2.0, 2.0, -1.0, 1.0, 3.0, 0.0, 3.0, 0.0, 3.0, 1.0, 3.0, 0.0, 1.0, -1.0, 98341.0, 553.0, 99563.0
0.0, -1.0, 0.490530632267, -1.0, 0.0, 2.0, 0.0, 0.0, 2.0, 1.0, -1.0, 2.0, 1.0, 0.0, 0.0, 3.0, -1.0, -1.0, 3.0, 2.0, 1.0, 1.0, -1.0, 3.0, 0.0, 0.679026179652, -1.0, 2.0, 3.0, -0.819148684081, 1.0, -1.0, 2.0, 3.0, 0.0, 1.0, 3.0, -1.0, 3.0, 1.0, 2.0, 1.0, -1.0, 0.0, 1.0, 1.0, -1.0, 2.0, 1.11936354399, 2.0, 98355.0, 540.0, 99564.0
1.0, 1.0, 1.0, 1.0, 3.0, 0.0, 2.11375293544, 1.0, 1.0, -0.581126996106, 3.0, -1.0, 1.0, 0.0, 2.0, 2.0, 3.0, 3.0, 3.0, 2.0, -0.967016941156, 0.0, 2.0, 2.0, 0.0, 3.0, 1.0, 3.0, 0.0, -1.0, 2.0, 0.0, -1.0, -1.0, 3.0, 2.0, -1.0, -1.0, 1.0, 0.0, 1.0, -1.0, 2.0, -1.0, 2.0, -1.0, 3.0, 0.932660651118, 0.0, -1.0, 98355.0, 554.0, 99561.0
1.0, 3.0, -1.0, 0.0, 0.0, -1.0, -1.0, 1.0, 1.0, 1.0, -1.0, 2.0, 1.0, 1.0, 2.0, 2.0, 1.0, 3.0, 0.0, 0.0, 0.0, -1.0, 3.0, 0.0, 3.0, 0.0, 1.0, 2.0, -1.0, 2.0, 3.0, 0.0, 1.0, 2.0, 2.0, 0.0, 0.0, -1.0, 2.0, -1.0, 0.0, 2.0, -1.0, 3.0, -1.0, 3.0, 2.0, -1.0, 1.0, 0.0, 98232.0, 573.0, 99568.0
-1.0, 1.0, -1.0, 3.0, 0.0, 3.0, 3.0, 1.0, 1.0, 2.0, 1.0, 1.0, 2.0, 2.0, -1.0, -1.0, -1.0, 2.0, -1.0, 0.0, 0.0, 2.0, 3.0, 0.0, 1.0, 0.0, 2.0, 2.0, 3.0, 0.0, 2.0, 1.0, 0.0, -1.0, -1.0, 3.0, 0.0, -1.0, 1.0, 0.0, 2.0, -1.0, -1.0, 3.0, -1.0, 1.0, 1.0, 3.0, 0.0, -1.0, 98348.0, 546.0, 99567.0
0.0, -1.0, -0.316059570766, 1.0, 2.0, -1.0, -1.0, -1.0, 1.0, -1.0, -1.0, 1.0, 0.0, 1.0, 2.0, 2.0, -1.0, 3.0, 3.0, 2.0, 3.0, 0.0, 0.0, 2.22897470861, 1.0, -1.0, 3.0, 0.0, 2.0, -1.0, 2.0, 2.0, 2.0, -1.0, 3.0, 0.0, 2.0, 0.0, 1.0, 1.0, 0.0, 1.0, -1.0, 2.0, 1.22471221279, 3.0, 0.0, 2.0, -1.0, 0.0, 98313.0, 555.0, 99584.0
-1.0, 2.2110293094, 2.0, 2.0, 2.0, -1.0, 2.0, 1.0, 0.0, 1.0, 2.0, 2.0, 0.0, 2.0, -1.0, 2.0, 0.0, -1.0, -1.0, 0.583478043969, 3.0, 3.0, 3.0, 0.0, 3.0, -1.0, 3.0, 0.0, 3.0, 3.0, 3.0, -1.0, 3.0, 3.0, 2.0, 1.0, 0.0, 0.0, 1.0, 1.0, 2.0, -1.0, -0.441991936542, 1.0, 1.0, -0.782106493905, 0.0, 0.0, 1.0, 0.0, 98198.0, 595.0, 99527.0
1.0, 2.0, 1.0, -1.0, -1.0, 3.0, 1.92604982811, 0.0, 0.77198381682, 0.0, 3.0, 2.0, 3.0, 3.0, 2.0, 1.0, -1.0, 1.0, 0.0, -1.0, 0.0, 1.0, 2.0, -0.375372811121, 1.0, 0.0, 3.0, 1.0, -1.0, 3.0, 2.0, 2.0, 0.0, 1.0, 3.0, 1.0, 1.0, 2.0, 3.0, 2.0, 2.0, 0.0, 3.0, 0.399617156845, -1.0, -1.0, 3.0, -1.0, 2.0, 2.27072815092, 98242.0, 591.0, 99523.0
-1.0, 2.0, 0.0, 1.0, -1.0, 3.0, 3.0, 1.0, 1.0, 2.0, 3.0, -1.0, 2.0, -1.0, -1.0, -1.0, 2.0, 0.0, -1.0, 0.0, 2.0, 0.0, 2.0, 2.0, 1.0, 1.0, 2.0, 0.0, 0.0, 2.0, 0.0, 3.0, -1.0, 3.0, 0.0, 0.0, 0.0, -1.0, 1.0, 3.0, 1.0, 2.0, 0.0, 2.0, 3.0, 1.0, 3.0, 3.0, -1.0, 3.0, 98215.0, 582.0, 99525.0
3.0, 2.0, 0.0, 0.0, -0.196843899365, 3.0, 0.0, 2.0, 0.0, -1.0, 0.0, 3.0, 2.0, -1.0, 3.0, 1.0, -1.0, 0.0, 2.0, 2.0, -1.0, 1.07133825358, -1.0, 3.0, 2.0, 0.201202147764, 0.979078656197, 3.0, 0.0, 3.0, 3.0, 1.0, 1.0, 3.0, 2.0, 2.0, 3.0, 2.0, 0.0, -1.0, -1.0, 0.0781213866234, 1.0, 0.313004588047, 3.0, 2.0, -1.0, 1.0, -1.0, 0.0, 98196.0, 579.0, 99529.0
1.69613702628, 2.0, 2.0, 3.0, 2.04747832311, -1.0, 0.0, 2.0, 2.0, 0.0, 0.0, 1.0, 3.0, 1.0, 0.0, 2.0, 0.0, -1.0, -1.0, 3.0, -0.811983757382, 3.0, 1.0, 2.0, -0.783105265392, 3.0, 0.0, 1.0, 1.0, 1.0, 0.0, 0.0, -1.0, -1.0, 2.0, 1.0, 1.0, -1.0, 1.0, 3.0, 2.0, 3.0, 0.0, 3.0, 3.0, 3.0, -1.0, 1.0, 0.795408911533, 0.677535582051, 98320.0, 596.0, 99517.0
3.0, -1.0, 3.0, 0.0, -1.0, 2.0, 0.0, 0.0, 2.0, 3.0, 0.0, 1.0, 2.0, 3.0, -1.0, 0.0, 1.0, 3.0, 0.0, 0.0, -1.0, -1.0, 3.0, 1.0, 2.0, 2.0, -1.0, -1.0, 1.0, 2.0, 3.0, 3.0, 2.0, 1.0, -1.0, 1.0, 3.0, 1.0, 2.0, 0.0, 1.0, -1.0, 2.0, 1.0, 2.0, 0.0, 0.0, 1.0, 3.0, -1.0, 98177.0, 577.0, 99533.0
0.0, 1.0, 2.0, 2.0, 0.379348715555, 0.0, -1.0, 3.0, 2.0, -1.0, 3.0, 1.0, 1.0, 2.0, 1.0, 3.0, -1.0, 1.0, -1.0, 0.0, 1.0, 3.0, 1.31128290342, 3.0, 3.0, -1.0, 2.0, -1.0, 0.0, 0.0, 2.0, -1.0, 1.0, 2.0, 2.0, 3.0, -1.0, 0.0, -0.647566795315, 3.0, 2.0, 3.0, 0.0, 2.0, 1.0, 1.0, -1.0, 1.04423250435, 3.0, 3.0, 98319.0, 580.0, 99518.0
3.0, 1.0, 1.0, 3.0, -1.0, -1.0, 2.0, 1.0, 2.0, 1.0, 2.0, 3.0, 2.0, 0.0, 2.0, 0.0, 0.0, 0.0, 0.0, -1.0, 3.0, 0.0, 2.0, 2.0, 2.0, 0.0, 3.0, 2.0, 1.0, 1.0, 3.0, -1.0, 3.0, -1.0, 0.0, 3.0, 2.0, 0.0, 1.0, 0.0, 1.0, -1.0, 2.0, -1.0, 3.0, -1.0, 1.0, 1.0, 0.0, 3.0, 98159.0, 607.0, 99521.0
3.0, 3.0, 2.38680650617, 3.0, -1.0, 2.0, -0.929891650559, 2.0, 2.03201228084, 2.0, 3.0, 1.0, -1.0, 2.0, 1.0, 0.0, 2.0, 2.0, 3.0, 0.0, 0.0, 2.0, 0.0, 0.0, 1.0, 2.0, 3.0, 0.0, 2.08042305334, 2.0, -1.0, 2.0, 1.0, 1.0, -1.0, 1.0, -1.0, 0.0, 3.0, 3.0, 0.0, 3.0, 0.0960523087345, -1.0, 1.0, 0.0, 1.0, 0.0, -1.0, 0.160536926384, 98137.0, 608.0, 99511.0
1.0, 2.0, 0.0, 1.0, 2.0, 3.0, 3.0, 0.0, 3.0, 3.0, 0.0, 1.0, -1.0, 2.0, 0.0, 2.0, -1.0, -1.0, 1.0, 0.0, 0.0, 3.0, 1.0, 2.0, 0.0, 0.0, -1.0, 1.0, -1.0, 2.0, 2.0, 2.0, 2.0, 2.0, -1.0, 0.0, 1.0, 1.0, 3.0, 3.0, 1.0, 1.0, 0.0, 0.0, -1.0, 3.0, 2.0, 3.0, 3.0, 0.0, 98171.0, 607.0, 99510.0
-1.0, 3.0, 2.0, 3.0, 2.0, 2.0, 3.0, 2.0, 3.0, -1.0, 3.0, 0.0, -1.0, 3.0, 1.0, 1.0, 1.0, 2.0, 2.0, 0.0, 1.0, 1.0, 1.0, 0.0, 3.0, 0.0, 3.0, 3.0, 0.0, 2.0, 3.0, 0.0, 1.0, 1.0, 0.0, 1.0, -1.0, 2.0, 2.0, -1.0, 0.0, 0.0, 2.0, 1.0, -1.0, 1.0, 0.0, 0.0, 3.0, -1.0, 98117.0, 621.0, 99505.0
3.0, 0.0, 2.0, 2.0, 0.0, -1.0, 0.0, 3.0, 0.0, 0.0, 2.0, 1.0, 2.0, 3.0, 0.0, 3.0, 0.0, 1.0, -1.0, 0.0, 2.0, 1.0, 0.0, 1.0, 2.0, 1.0, 3.0, 1.0, -1.0, 2.0, -1.0, -1.0, 3.0, 2.0, 3.0, 2.0, 1.0, 2.0, 3.0, 3.0, 2.0, -1.0, 3.0, 1.0, -1.0, -1.0, 1.0, 3.0, 0.0, 1.0, 98223.0, 600.0, 99517.0
3.0, 3.0, 1.0, 3.0, 1.0, 0.0, 1.0, 1.0, 3.0, -1.0, 2.0, 2.0, 3.0, 2.0, 2.0, 1.0, 0.0, 2.0, 1.0, -1.0, 0.0, 1.0, 2.0, 1.0, 1.0, 3.0, 3.0, -1.0, 0.0, -1.0, 0.0, 2.0, 3.0, 3.0, 0.0, -1.0, 2.0, 0.0, 1.0, 3.0, 0.0, 1.0, -1.0, 2.0, 2.0, 0.0, -1.0, -1.0, 3.0, -1.0, 98174.0, 597.0, 99525.0
0.0, 2.0, 3.0, 1.0, 2.0, 3.0, 2.0, -1.0, 1.0, 3.0, 0.0, 3.0, 0.0, 1.0, -1.0, 0.0, 0.0, 1.0, 1.0, -1.0, 3.0, 3.0, 3.0, 0.0, 0.0, -1.0, 2.0, 2.0, 1.0, -1.0, 2.0, -1.0, 1.0, 1.0, 0.0, 1.0, 2.0, -1.0, 1.0, 2.0, 0.0, 3.0, 0.0, 2.0, 1.0, -1.0, 2.0, 0.0, -1.0, 0.0, 98117.0, 595.0, 99538.0
-1.0, 0.534058373593, 1.0, 2.0, 0.0, -1.0, -1.0, 2.0, -1.0, 3.0, -1.0, 3.0, -1.0, 2.0, 2.0, -1.0, 1.20231031922, -1.0, -1.0, 3.0, 3.0, 3.0, 1.0, -1.0, -0.00664427350104, 0.0, 2.0, -1.0, 1.0, 1.0, 3.0, 1.0, -1.0, 0.0, 2.0, -1.0, -1.0, -1.0, 1.0, -0.106333539728, 3.0, -1.0, 1.0, 2.0, 0.0, 1.0, 3.0, 1.0, 1.0, 0.0, 98690.0, 505.0, 99633.0
-1.0, -1.0, 1.0, 2.0, 0.0, -1.0, -1.0, 2.0, -1.0, 3.0, -1.0, 3.0, -1.0, 2.0, 2.0, -1.0, 0.0, -1.0, -1.0, 3.0, 3.0, 3.0, 1.0, -1.0, 1.0, 0.0, 2.0, -1.0, 1.0, 1.0, 0.0, 1.0, -1.0, 0.0, 2.0, -1.0, -1.0, -1.0, 1.0, 2.0, 3.0, -1.0, 1.0, 2.0, 0.0, 1.0, 3.0, 1.0, 1.0, 0.0, 98718.0, 492.0, 99648.0
2.0, 0.0, -1.0, -1.0, 0.0, -1.0, 0.0, 2.0, -1.0, 0.0, -1.0, 1.0, 2.0, 0.0, 0.0, -1.0, 1.0, -1.0, 2.0, 3.0, 1.0, 0.0, 3.0, 0.0, 2.0, -1.0, -1.0, 0.0, 0.0, 1.0, 3.0, 3.0, 2.0, 1.0, 2.0, 2.0, 3.0, -1.0, 3.0, 2.0, -1.0, 1.0, -1.0, 2.0, 2.0, -1.0, 3.0, 1.0, -1.0, 3.0, 98564.0, 519.0, 99610.0
-1.0, 3.0, 2.0, 2.0, 2.0, -1.0, 2.0, 1.0, 0.0, 1.0, 2.0, 2.0, 0.0, 2.0, -1.0, 2.0, 0.0, -1.0, -1.0, 0.0, 3.0, 3.0, 3.0, 0.0, 3.0, -1.0, 3.0, 0.0, 3.0, 3.0, 3.0, -1.0, 3.0, 3.0, 2.0, 1.0, 0.0, 0.0, 1.0, 1.0, 2.0, -1.0, 2.0, 1.0, 1.0, 1.0, 0.0, 0.0, 1.0, 0.0, 98156.0, 611.0, 99515.0
1.0, 2.0, 2.0, 3.0, 2.0, -1.0, 0.0, 2.0, 2.0, 0.0, 0.0, 1.0, 3.0, 1.0, 0.0, 2.0, 0.0, -1.0, -1.0, 3.0, -1.0, 3.0, 1.0, 2.0, 0.0, 3.0, 0.0, 1.0, 1.0, 1.0, 0.0, 0.0, -1.0, -1.0, 2.0, 1.0, 1.0, -1.0, 1.0, 3.0, 2.0, 3.0, 0.0, 3.0, 3.0, 3.0, -1.0, 1.0, 2.0, 2.0, 98281.0, 607.0, 99510.0
0.0, 2.0, 3.0, 1.0, 2.0, 3.0, 2.0, -1.0, 1.0, 3.0, 0.0, 3.0, 0.0, 1.0, -1.0, 0.0, 0.0, 1.0, 1.0, -1.0, 3.0, 3.0, 3.0, 0.0, 0.0, -1.0, 2.0, 2.81969242079, 1.0, -1.0, 2.57071385656, -1.0, 1.0, 1.0, 0.0, -0.083358640639, 2.0, -1.0, 1.0, 2.0, 0.0, 3.0, 0.0, 2.0, 1.0, -1.0, 2.0, 0.0, -1.0, 0.0, 98122.0, 595.0, 99538.0
