1.0, 2.0, 0.0, -0.436870121442, 3.0, 1.0, 0.0, 0.0, 1.0, 3.0, 3.0, 0.665417838212, 0.0, -0.545289415985, 1.0, 2.0, 2.0, 1.0, -1.0, 2.0, -0.862960554939, 2.0, 0.0, 0.0, 1.0, 0.0, 2.0, 2.0, 0.484431668932, 0.0, 1.0, 0.0, 3.0, 0.0, 0.0, -1.0, -1.0, 1.0, 3.0, 2.0, 1.0, 2.36674235106, 2.0, 1.0, 0.0, 2.86726146545, 0.0, 1.0, 2.0, 3.0, 94944.0, 637.0, 99413.0
2.0, -1.0, 1.0, 1.26559115388, 2.49223225406, 0.883537642386, 0.0, 2.51747919203, 1.0, -1.0, 2.0, 0.0, 2.0, 3.0, 3.0, 0.0, 2.0, 1.0, -1.0, 2.0, 3.0, -1.0, 3.0, 2.44345067635, -1.0, 3.0, 1.11761458316, 1.0, 3.0, 3.0, 2.57713205184, 0.0, 1.0, -1.0, 2.0, -1.0, -1.0, 1.20390600805, 0.822651107608, 2.0, 0.0, 0.0, 1.71985997377, 2.0, -0.0957134934731, 2.29028853961, 2.0, 1.0, -1.0, 1.9919537147, 95775.0, 573.0, 99458.0
-1.0, 1.0, 0.0, 2.0, -1.0, 0.0, -0.531709895039, 2.0, -0.327903483163, 1.19418423333, 0.178226957538, 1.0, 0.714640850181, 0.0, -1.0, 1.0, 0.0, 3.0, 1.6480802524, 0.0, -1.0, 3.0, 0.322946355249, 1.99079823831, -1.0, 1.0, 2.0, 0.0969228613578, -0.734972894406, 0.0, 1.0, 0.0914456633673, 2.0, 2.0, 1.0, 2.0, 2.0, 2.0, 2.0, 3.0, -1.0, 1.0, 3.0, 0.0, 2.13906484619, 2.0, 2.0, -0.69473921349, -1.0, 0.0, 95479.0, 572.0, 99485.0
1.0, 2.0, 0.0, -0.436870121442, 3.0, 1.0, 0.0, 0.0, 1.0, 3.0, 3.0, 0.665417838212, 0.0, -0.545289415985, 1.0, 2.0, 2.60209733851, 2.48016805172, -1.0, 2.0, -0.862960554939, 2.0, 0.0, 0.0, 1.0, -0.0264370424176, 2.0, 2.0, 0.29418420502, 0.0, 1.0, -0.842118680055, 2.23884065391, -0.143758693428, 0.0, -1.0, -0.626279630159, 2.64631686143, 3.0, 2.0, 1.0, 2.36674235106, 2.0, 1.0, 2.03883359103, 2.86726146545, -1.0, 1.0, 2.0, 3.0, 95482.0, 603.0, 99440.0
0.0, 2.0, 0.0, 0.0, 0.0, 3.0, 1.0, 1.0, 1.0, -0.771612747701, 2.0, 1.54892945996, 2.0, 2.0, 0.0, -1.0, 1.0, -1.0, 1.0, 2.0, -0.992683879826, 2.926505951, 1.0, -0.130858965684, -1.0, 2.0, -1.0, 0.0, 2.0, 2.0, 1.0, 2.69688230091, 0.0, 2.0, 1.28413688383, 0.0, 3.0, 0.267485548139, 1.0, 0.439832853705, 0.0, -1.0, -0.44422697099, 1.76583107655, 2.387090287, 3.0, 1.71378638602, 3.0, -1.0, -1.0, 95394.0, 579.0, 99464.0
2.0, 2.2088231838, 3.0, 3.0, 3.0, 0.0, 2.0, 1.0, -1.0, -1.0, 1.0, 3.0, -1.0, 3.0, 1.0, 0.0, 0.0, 0.0, -0.0914612340674, 1.27262395268, 0.0, 1.0, 0.0, 1.0, -1.0, 0.0, -1.0, 0.837034310613, 0.0, 1.0, 3.0, 1.48595730986, 0.0, -1.0, 2.0, 1.0, -0.584473540153, 2.0, 1.02747038402, 0.0, 3.0, 2.0, 2.0, -0.0744168562573, 3.0, 2.0, 2.0, 0.0, 2.0, 2.0, 95410.0, 612.0, 99442.0
-0.357007557556, -1.0, -0.66694931128, 3.0, 3.0, 1.0, -0.550672184845, 2.0, 1.34331321131, -0.135776513651, 2.314632724, 1.0, 0.0, -0.883007057703, 0.554042589571, -0.248764020784, -1.0, 2.89228948217, 0.0, 0.419429023727, 2.11378383065, 2.47896105643, 1.03615220673, 2.0, 2.99491188853, 1.0, 0.0, -1.0, 0.0, 1.0, -0.736156520272, 3.0, -1.0, 0.0, 2.0, 1.54796745971, 1.0, 0.0, -0.678799660004, 2.0, -0.999947000821, 1.0, 1.0, 1.87044629478, -1.0, 1.0, 0.0, 0.670902448606, -1.0, 2.0, 95969.0, 523.0, 99518.0
0.0, 1.0, 2.0, 1.0, 2.0, 2.0, 1.0, 0.0210143520771, 0.473668207116, -1.0, 1.0, 1.0, 1.0, 0.0, 2.0, -1.0, -1.0, 0.0, 0.0, 0.0, 1.0, 0.0, 0.0, 0.0, 1.0, 2.0, 0.0, 0.0, 1.64819861383, 3.0, 1.0, 1.0, 2.0, 2.0, 0.0, 2.0, -1.0, 0.267485548139, 3.0, 2.0, 0.0, -1.0, 3.0, -1.0, 1.0, 1.23601123674, -1.0, 2.0, -1.0, 0.0, 95156.0, 589.0, 99472.0
1.0, 2.0, 0.0, 0.0, 3.0, 1.0, 0.0, 0.0, 1.0, 3.0, 3.0, 2.0, 0.0, -1.0, 1.0, 1.21338788404, 2.85052542439, 1.0, -1.0, 0.827643133309, 2.79903970831, 2.0, 0.0, 0.0, 2.19480694639, 0.0, 0.943080387366, 2.0, 0.261682644878, 0.0, 1.0, 0.0, 3.0, 0.0, 0.0, -1.0, -1.0, 0.389611530547, 3.0, 2.0, 1.0, 1.0, 2.0, 1.0, 1.1421593706, 2.0, 0.0, -0.963136408467, 2.0, 3.0, 94868.0, 632.0, 99415.0
0.0, 1.249140341, 2.56151719467, 1.0, 2.0, 2.0, 1.0, 0.0210143520771, 0.42011617821, -1.0, 1.0, 1.0, -0.840070160277, -0.600206589036, 1.80941865093, -1.0, -1.0, 0.0, -0.728492043845, 0.0, 1.0, -0.530602965314, 0.0, 0.0, 1.0, 2.0, 0.0, 0.0, 2.0, 3.0, -0.666338400663, -0.193275653683, 2.0, 2.57730195772, 0.0, 2.0, -1.0, 1.0, 1.99157775854, 2.0, 0.0, -1.0, 3.0, -1.0, 0.284636128293, 1.0, -1.0, 2.0, -1.0, 0.0, 95775.0, 514.0, 99536.0
2.0, 3.0, -0.799814060132, 1.0, -0.401434828207, 1.0, 0.0, 0.0, -1.0, -0.963733638944, 2.0, -1.0, 1.85769663732, -1.0, 2.0, 1.0, 1.0, 3.0, -1.0, -1.0, 0.430061591032, 1.47625702334, 1.04248937486, 0.0, 0.0, 0.690746060305, 0.0, 2.0, 0.213873441351, -1.0, -1.0, 1.0, 0.0, 2.0, 1.46374105334, 2.0, -1.0, 2.64631686143, 0.376830305807, -1.0, 2.0, 3.0, 1.25369869521, 0.490454017814, -0.356938718625, 3.0, -1.0, -1.0, 2.11363620139, 2.0, 95896.0, 521.0, 99531.0
2.0, 2.0, 0.0, 1.64539120217, 1.0, 0.825450857142, 1.0, -1.0, 1.0, 1.0, 1.0, -0.00478578125262, 1.0, 2.0, 3.0, 0.0, 0.0, 2.0, 0.0, 0.199684221554, 1.0, 2.0, 1.0, 0.0, 3.0, 1.69764637894, 1.0, 1.0, 0.0, 1.0, 3.0, 1.0, 1.0, -0.731013256916, 0.0, -1.0, 0.122580523439, 0.345292233639, 3.0, -0.0160395617475, 2.0, 0.0, 2.0, -1.0, 2.0, -1.0, -1.0, -0.779958108114, -1.0, 3.0, 95236.0, 591.0, 99455.0
-1.0, -1.0, -1.0, 3.0, -1.0, -1.0, -1.0, -1.0, -1.0, 0.344696146552, 0.0, 1.0, -0.0764451098021, 2.0, 0.754616036674, -1.0, 0.0, -0.922309669922, 1.07728694942, 2.0, 1.0, 1.0, 1.0, 3.0, 0.0, 1.0, 2.11529461981, 2.0, 2.0, -1.0, -1.0, 2.32463309785, 1.0, 2.0, -1.0, -1.0, -0.673558514756, 0.0233254823263, 1.0, 2.5915817847, -1.0, 2.0, 1.9761917282, 0.0, 3.0, 0.0, 0.0, 2.57903806069, 2.0, 1.36473235407, 96647.0, 479.0, 99588.0
2.0, 2.0, 0.0, 1.27585806643, 1.0, 2.0, 1.0, -1.0, 1.0, 1.0, 1.0, -0.00478578125262, 1.0, 2.0, 3.0, 0.0, 0.0, 2.0, 0.0, 0.0, 1.0, 2.0, 1.0, 0.0, 3.0, 1.69764637894, 1.0, 1.0, 0.0, 1.0, 3.0, 1.0, 1.0, -0.731013256916, 0.0, -1.0, 0.122580523439, 0.345292233639, 3.0, -0.0160395617475, 2.0, 0.0, 2.0, -1.0, 2.0, -1.0, -1.0, -0.279023732608, -1.0, 3.0, 95128.0, 609.0, 99444.0
0.778289671726, -1.0, 3.0, 0.0, 2.77357803064, 1.17674536358, 1.0, -1.0, 0.812871376675, 0.0, 1.0, 1.0, 0.0860806341524, 0.134272563129, 0.780782403308, 3.0, 2.30531995946, 0.968039326202, 1.0, 2.0, 0.311397058876, 2.02655044243, 3.0, 1.0, 0.0, 0.733317809052, -1.0, 2.13208071974, -1.0, 1.79812341377, -0.0779859241299, 0.0, -1.0, 2.0, 2.05280686195, 2.6425860136, -1.0, 2.01641051153, -1.0, 1.0, 3.0, 0.608811322971, 2.0, 2.0778179328, -1.0, 3.0, -1.0, -1.0, -1.0, 2.0, 96005.0, 531.0, 99494.0
2.0, 2.0, 0.0, 0.0, 3.0, -1.0, 1.62875673948, 1.66588002929, 1.0, 3.0, -0.161809505231, 2.56401873529, 3.0, -1.0, 1.0, 3.0, 0.0, 3.0, 0.0, 3.0, 1.0, 3.0, 3.0, -1.0, -1.0, 2.0, -1.0, 2.49579881763, 0.0, 0.0, 2.0, 0.560506610914, -1.0, 1.0, 2.0, 2.51725429828, -1.0, 3.0, -1.0, 0.0, 2.0, 1.0, 1.0, -0.0175629948561, 2.0, -0.846998095658, 0.718010636165, 0.0, 0.0, 0.0, 95726.0, 575.0, 99456.0
-1.0, -1.0, 1.0, 1.26559115388, 2.0, 1.0, 0.0, 2.51747919203, 1.0, -1.0, 2.0, 0.0, 2.0, 0.190380072705, 3.0, 0.0, 2.0, 1.0, -1.0, 2.0, 3.0, -1.0, 3.0, 0.0, -1.0, 3.0, 1.0, 1.0, 3.0, 3.0, 2.0, 0.0, 1.0, -1.0, 2.0, -1.0, -1.0, 1.0, 0.822651107608, 2.0, 0.0, 0.0, 0.0, 2.0, -1.0, 1.0, 2.0, 1.0, -1.0, 2.0, 95753.0, 544.0, 99486.0
0.0, 0.0, 0.0, 3.0, 0.617597509844, -0.632508983009, -1.0, 2.0, 0.0, -0.432291037725, -0.498864972483, -0.631647167772, 3.0, 2.0, 1.16259402847, 1.0, 2.0, -1.0, 1.0, 2.0, 2.0, -1.0, -0.183090274868, 1.0, 3.0, 0.0, 1.0, 0.0, 2.0, -0.241402435647, 0.0, 2.66778901285, 1.38801207123, 0.0, 3.0, -1.0, -1.0, 1.0, 2.0, 3.0, 1.0, 1.0, 0.0, 2.0, -1.0, 2.0, 1.0, 0.0, 1.0, 1.0, 95268.0, 592.0, 99454.0
0.0, 1.0, 2.0, 1.0, 2.0, 2.0, 1.0, 0.0210143520771, 0.42011617821, -1.0, 1.0, 1.0, -0.840070160277, 2.0, 2.00305687207, -1.0, -1.0, 0.0, 0.0, 0.0, 1.0, -0.506287473825, 0.0, 0.0, 1.77558137764, 2.0, 0.0, 0.0, 2.0, 3.0, 1.0, -0.193275653683, 2.0, 2.0, -0.3368447594, 2.0, -1.0, 1.0, 1.99157775854, 2.0, 0.0, -1.0, 3.0, -1.0, 0.284636128293, 1.0, -1.0, 2.0, -1.0, 0.0, 95404.0, 564.0, 99498.0
2.35006853615, 1.0, -0.66694931128, 2.94616636253, 1.37968828343, 2.0, 1.0, 0.0210143520771, 0.473668207116, -1.0, 1.0, 1.73199839158, 1.0, 0.0, -0.529371180658, -1.0, 0.781589504478, 0.0, 0.0, 0.0, 1.0, 0.0, 0.0, 0.0, 0.701293524596, 2.0, 0.0, 0.0, 2.0, 3.0, 1.0, 1.0, 2.0, 2.0, 0.0, 2.0, -1.0, 1.0, 3.0, 2.0, 0.0, -1.0, 3.0, 1.25049096498, 1.2563396591, -0.206021906309, -1.0, 2.0, -1.0, 0.0, 95194.0, 591.0, 99460.0
1.0, -1.0, 2.0, 2.0, 0.0, 0.0, 3.0, 0.0, 1.0, 0.0, 2.0, 1.0, 3.0, 2.0, 2.0, 2.0, 1.0, 2.0, 2.0, 0.0, 1.0, 2.0, 1.0, 2.0, -1.0, 2.0, 1.0, -1.0, 0.0, 0.0, 1.0, 1.0, 0.0, -1.0, 2.0, 2.0, 0.0, 0.0, -1.0, 2.0, 0.0, 2.0, 1.0, 1.0, 0.0, 3.0, -1.0, 2.31191760447, -1.0, 3.0, 95377.0, 603.0, 99444.0
0.0, 2.0, 0.0, 0.0, 0.0, 1.30353696672, 1.0, 1.0, 1.0, -1.0, 0.442287201853, 3.0, 1.0, 2.0, 0.0, -1.0, 1.0, -1.0, 1.0, 2.0, 0.0, 1.0, 1.0, 0.0, -1.0, 2.0, -1.0, 0.434276627214, 3.0, 2.0, 1.0, -0.878039413889, 0.0, 2.0, 3.0, 0.0, 0.541479539608, 0.376774631828, 1.0, 3.0, 0.0, -0.467292929602, 2.02094658839, 2.24637229898, 2.0, 3.0, 0.0, 3.0, -1.0, -1.0, 95120.0, 595.0, 99455.0
0.0, 2.0, 1.0, -1.0, 1.0, 1.0, 1.0, 2.0, 3.0, 0.0, -1.0, 1.0, -1.0, 3.0, 1.0, 0.0, 0.384231647103, 0.0, 0.0, 1.0, 0.0, -1.0, 2.0, 1.0, -1.0, 2.0, 0.0, 1.0, 1.10792197169, 3.0, 0.0, -1.0, 1.0, 0.0, 0.0, 3.0, 0.0, 0.0, 3.0, 3.0, 0.0, 2.0, 1.69715669322, 1.87044629478, 1.0, -1.0, 2.0, 1.69682404449, -1.0, 1.0, 95232.0, 607.0, 99454.0
0.0, 1.0, -0.66694931128, 2.74011980147, 2.0, 2.0, 1.0, 0.0210143520771, 0.473668207116, -1.0, 1.0, 1.0, 1.0, 0.0, 0.48657614017, -1.0, -1.0, 0.0, 0.0, 0.0, 1.0, 0.0, 0.0, 0.0, 1.0, 2.0, 0.0, 0.0, 2.0, 3.0, 1.0, 1.0, 2.0, 2.0, 0.0, 2.0, -1.0, 1.0, 3.0, 2.0, 0.0, -1.0, 3.0, -1.0, 1.0, 0.509584408817, -1.0, 2.0, -1.0, 0.0, 95347.0, 576.0, 99484.0
2.0, 2.0, 1.31072322232, 2.68153022101, 0.425356853188, 1.0, 1.96611435744, -0.36381250375, -1.0, -0.116486120064, 1.0, 0.0, -0.0679492137699, 0.0, 2.02026324931, -0.323208144269, 2.45932280069, 0.709227652276, 2.0, 3.0, 1.37014977332, 2.07887078444, 2.05661122842, 0.174474363485, 1.98765852306, 1.08919084293, 3.0, 0.00895033429309, 1.0, 2.65975455848, 0.0, -1.0, 2.14069308536, 2.0, 1.0, 1.41356743794, -1.0, 2.0, 1.0, -0.921329003774, 1.0, -1.0, 2.27930429572, 3.0, -1.0, 0.0, 1.0, 1.86710720294, -1.0, 2.0, 95508.0, 600.0, 99448.0
2.0, 2.0, 2.0, 1.27585806643, 1.0, 2.0, 1.0, 0.232436650742, 1.0, 1.0, 1.96438788072, -0.00478578125262, 1.0, 2.15730457569, 3.0, 0.0, 0.0, 2.0, 0.0, 0.0, 1.0, 2.0, 1.0, 0.0, 3.0, 1.69764637894, 1.0, 1.80722331558, 0.0, 1.0, 3.0, 1.0, 1.0, -0.731013256916, 0.0, -1.0, 0.122580523439, 0.345292233639, 3.0, -0.0160395617475, 2.0, 0.0, 2.0, -1.0, 2.0, -1.0, 2.04327842491, -0.665586010073, -1.0, 3.0, 95090.0, 624.0, 99424.0
0.0, 2.0, 0.0, 0.0, 0.0, -0.399875046389, 0.251537255628, 1.00049567144, 0.706871785267, -1.0, 2.0, 3.0, 1.11803307293, 0.0, -0.945767334467, -1.0, 2.9745576694, -1.0, 1.0, 0.849310496002, 1.0, 1.0, 1.0, 0.0, -1.0, 2.66810390744, -1.0, 0.0, 2.0, 2.0, 1.0, 0.0, -0.899637537046, 0.28887781758, 1.01827004843, 0.0, 3.0, 3.0, 1.0, 3.0, 0.0, 1.0, 1.0, 2.0, 2.0, 3.0, -0.0729195838866, 3.0, -1.0, -1.0, 95230.0, 580.0, 99463.0
1.0, -1.0, 0.0, 2.0, 1.0, 2.0, 0.0, 1.0, 1.0, 1.0, 2.0, 2.0, 1.0, 1.0, 2.0, -0.386007712415, 2.0, 0.0, 1.0, -1.0, -0.624631451145, 2.0, 1.0, 1.0, 3.0, -1.0, 0.0, 3.0, 3.0, 0.0, 0.278681946919, 2.0, 1.0, -1.0, 1.0, -1.0, 0.0, 0.0, 2.0, 1.93110075397, -1.0, -1.0, 2.0, 2.0, 3.0, -1.0, 3.0, 0.0, -1.0, 2.0, 95646.0, 567.0, 99472.0
1.0, -0.0632795735389, 0.0, 0.0, 3.0, 1.0, 0.0, 0.0, 1.0, 2.67752889737, 3.0, 2.0, 1.58165970506, -1.0, 1.0, 0.336727803221, 2.0, 0.429544161858, -1.0, 2.54332534287, -0.0281337472538, 2.0, 0.0, 1.22826732101, 2.19480694639, 0.0, 2.77510330025, 0.183353142146, 3.0, 2.87434721774, -0.889203475265, 0.0, 3.0, 0.0, -0.85083816816, -1.0, -1.0, 0.389611530547, 3.0, 1.19975650873, 1.0, -0.436235274839, 2.0, 1.0, 0.816449828815, 1.74407616831, 0.0, 0.917908771823, 2.0, 3.0, 95125.0, 619.0, 99436.0
0.0, -0.506005611837, -0.66694931128, 2.74011980147, 0.964472833854, 2.0, 1.0, 2.54804244819, 0.473668207116, -1.0, 1.0, 1.0, 1.0, 0.0, 0.48657614017, -1.0, -1.0, 0.0, 0.0, 0.0, 1.0, 0.0, 0.0, 0.0, 1.0, 1.00709055642, 0.0, 0.0, 2.0, 3.0, 1.0, 1.0, 2.0, 2.0, 0.0, 2.67463831208, -1.0, 1.0, 3.0, 2.0, 0.0, -1.0, 3.0, -1.0, 1.0, 0.509584408817, -1.0, 2.0, -1.0, 0.0, 95514.0, 559.0, 99498.0
2.0, 2.0, 0.0, 0.0, 3.0, -1.0, 1.62875673948, 1.0, 1.0, 3.0, 0.0, 2.56401873529, 3.0, -1.0, 1.0, 3.0, 0.0, 3.0, 0.0, 3.0, 1.0, 3.0, 3.0, -1.0, -1.0, 2.0, -1.0, 3.0, 0.0, 0.0, 2.0, 2.88908813096, -1.0, 1.0, 2.0, 3.0, -1.0, 3.0, -1.0, 0.0, 2.0, 1.0, 1.0, 1.0, 2.0, 0.0, 0.0, 0.0, 0.0, 0.0, 95787.0, 585.0, 99451.0
0.0, 2.0, 2.0, -1.0, 1.0, 2.0, -0.886757117366, -1.0, 2.0, 2.36909771734, 2.0, -1.0, 1.0, -1.0, -1.0, 3.0, 0.0, 3.0, -0.0830634989733, 0.0, 1.81683391598, -0.695321843282, 1.52605774252, -1.0, 1.0, -1.0, 2.0, 1.0, 2.46414000679, 3.0, -1.0, 0.0, -1.0, 3.0, 3.0, 2.0, 3.0, 2.0, -1.0, 1.57546781618, -1.0, 2.0, -0.142315017848, 2.37787211947, 0.667463690828, 0.134312588462, 1.0, -1.0, 0.341035871983, -0.107321726132, 96452.0, 509.0, 99543.0
0.0, 1.0, 2.0, 1.0, 2.0, 2.0, 1.0, 0.0210143520771, 0.42011617821, -1.0, 1.0, 1.0, -0.840070160277, 0.0, 2.0, -1.0, -1.0, 0.0, 0.0, 0.0, 1.0, 0.0, 0.0, 0.0, 1.0, 2.0, 0.0, 0.0, 2.0, 3.0, 1.0, -0.193275653683, 2.0, 2.0, 0.0, 2.0, -1.0, 1.0, 1.99157775854, 2.0, 0.0, -1.0, 3.0, -1.0, 0.284636128293, 1.0, -1.0, 2.0, -1.0, 0.0, 95230.0, 577.0, 99486.0
0.0, 1.0, 2.0, 1.0, 2.0, 2.0, 1.0, 0.0210143520771, 0.42011617821, -1.0, 1.0, 1.0, -0.840070160277, 0.0, 1.80941865093, -1.0, -1.0, 0.0, 0.0, 0.0, 1.0, 0.0, 0.0, 0.0, 1.0, 2.0, 0.0, 0.0, 2.0, 3.0, 1.0, -0.193275653683, 2.0, 1.99258656491, 0.0, 2.0, -1.0, 1.0, 1.99157775854, 2.0, 0.0, -1.0, 3.0, -1.0, 0.284636128293, 1.0, -1.0, 2.0, -1.0, 0.0, 95230.0, 577.0, 99486.0
0.0, 1.0, -0.66694931128, 2.74011980147, 0.62526778869, 2.0, 1.0, 0.0210143520771, 0.473668207116, -1.0, 1.0, 1.0, 1.0, 0.0, 0.48657614017, -1.0, -1.0, 0.0, 0.0, 0.0, 1.21476957629, 2.78923160902, 0.0, 0.0, 1.0, 2.0, 0.0, 0.0, 2.0, 3.0, 1.0, -0.662878026375, 2.17005267314, 1.94448790865, 0.0, 2.0, -1.0, 1.0, 3.0, 2.0, 0.0, -1.0, 3.0, -1.0, 1.0, 0.509584408817, -1.0, 2.0, -1.0, 0.0, 95542.0, 560.0, 99496.0
0.0, 1.0, -0.66694931128, 2.74011980147, 2.0, 2.0, 1.0, 0.0210143520771, 0.473668207116, -1.0, 2.0, 1.0, 1.0, 0.0, 0.48657614017, -1.0, -1.0, 0.0, -0.6360642005, 0.0, 1.0, 0.0, 0.0, 0.0, 1.0, 2.0, 0.0, 0.0, 2.0, 3.0, 1.0, 1.0, 2.0, 2.0, 0.0, 2.0, -1.0, 1.0, 3.0, 2.0, 0.0, -1.0, 3.0, -1.0, 0.0, 0.509584408817, -1.0, 2.10318523578, -1.0, 0.0, 95501.0, 561.0, 99500.0
2.0, -1.0, 1.0, 1.26559115388, 1.48223861967, 1.0, 0.0, 2.51747919203, 1.0, -1.0, 2.0, 0.0, 2.0, 0.190380072705, 1.0, 0.0, 2.0, 1.0, -1.0, 2.0, 3.0, -1.0, 3.0, 0.0, -1.0, 3.0, 1.0, 2.07845033886, 3.0, 3.0, 2.57713205184, 0.0, 1.0, -1.0, 2.0, -1.0, -1.0, 1.0, 0.822651107608, 2.52253682776, 0.0, 0.0, 1.71985997377, 0.0666232790024, -1.0, 1.0, 2.0, 1.0, -1.0, 1.9919537147, 95658.0, 554.0, 99470.0
-0.357007557556, -1.0, 1.0, 3.0, 3.0, 1.0, -0.550672184845, 2.0, 1.34331321131, -0.135776513651, 2.314632724, 1.0, 0.0, -0.883007057703, 0.554042589571, -0.248764020784, -1.0, 2.89228948217, 1.0, -1.0, 2.11378383065, 2.47896105643, 1.03615220673, 2.0, 2.99209395462, 1.0, 0.0, -1.0, 0.0, 1.0, -0.736156520272, 3.0, -1.0, 0.0, 2.0, 1.54796745971, 1.0, 0.0, -0.678799660004, -1.0, -0.972080535965, 1.0, 1.0, 1.87044629478, -1.0, 1.0, 0.0, 0.670902448606, -1.0, 2.0, 96100.0, 511.0, 99536.0
0.0, 2.0, 0.0, 0.0, 0.0, -0.399875046389, -0.86527468214, 1.00049567144, 0.706871785267, -1.0, -1.0, 2.13621185436, 2.0, 2.0, -0.945767334467, -1.0, 2.12197214869, -1.0, 1.0, 2.0, 0.0, 1.63179157903, 1.0, 0.0, -1.0, 2.66810390744, -1.0, 0.0, 2.0, 2.0, 1.0, 0.0, 0.0, 2.03408664152, 3.0, 0.0, 3.0, 3.0, 1.0, 3.0, 0.0, 1.0, 1.0, 2.0, 2.0, 3.0, 0.0, 3.0, -1.0, -1.0, 95527.0, 574.0, 99478.0
2.0, -1.0, 3.0, 0.0204094303845, 1.48223861967, 1.0, 0.0, 2.51747919203, 1.0, -1.0, 2.0, 0.0, 2.0, 0.190380072705, 1.0, 0.0, 2.0, 1.0, -1.0, 2.0, 3.0, 0.779021468462, 3.0, -0.851922755801, -1.0, 3.0, 1.57431451663, 1.76806247208, 3.0, 3.0, 2.57713205184, 0.0, 1.0, -1.0, 2.0, -1.0, -1.0, 1.0, 0.822651107608, 2.52253682776, 0.0, 0.0, 1.71985997377, 0.170289398866, -1.0, 1.0, -0.775787890905, 1.0, -1.0, 1.9919537147, 95929.0, 537.0, 99490.0
2.0, 2.0, 1.0, 2.0, 0.466961585763, 3.0, 1.63551978409, -0.36381250375, -1.0, 3.0, 1.0, 0.0, -0.0679492137699, 0.0, 3.0, -0.323208144269, 2.1425853638, 0.709227652276, 2.0, 3.0, 1.37014977332, -0.103856980357, 2.0, 1.0, 1.98765852306, 1.0, 3.0, 0.00895033429309, 1.0, 2.0, 0.0, -1.0, 1.86773730466, 2.0, 1.0, 1.0, -1.0, 2.0, 1.0, 0.0, 1.0, -1.0, 2.27930429572, 3.0, -1.0, 0.0, 1.0, 1.83260018749, -1.0, 2.0, 95439.0, 612.0, 99432.0
0.0, 3.0, 2.0, 1.0, 2.0, 2.0, 1.0, 0.666910457122, 0.473668207116, -1.0, 1.0, 1.0, 1.0, 0.0, 0.441293729342, -0.220991239945, -1.0, 0.0, 0.0, 0.0, 1.0, 0.0, 0.0, -0.660983587783, 1.0, 2.0, 0.0, 0.0, 2.0, 3.0, 1.0, 1.0, 0.0, 2.0, 0.0, 2.0, -1.0, 1.0, 3.0, 2.0, 0.0, -1.0, 1.47111841947, -1.0, 2.38316091446, 0.509584408817, -1.0, 2.0, -1.0, 0.0, 95201.0, 587.0, 99474.0
-0.355666085759, 0.459683848387, 3.0, 3.0, 1.0, 2.0, 0.0, 2.0, 0.0, 1.0, 2.0, -0.258177828336, -0.204348189797, 0.0, 2.49500965083, 0.0, -1.0, -1.0, 1.0, 3.0, 0.489833425684, 0.0, 1.0, 1.24421748505, -0.917811075871, 2.0, -1.0, 0.817354281306, 1.0, 1.23137061244, 1.0, -1.0, -0.0538287986892, -1.0, 3.0, 2.71666102719, -1.0, -0.0383528160019, 2.0, 0.0, -1.0, 3.0, 0.0, 3.0, -1.0, 2.65656385482, 1.95754548747, -0.371833374419, 2.0, 1.09920200918, 95590.0, 572.0, 99469.0
1.0, -0.376341282247, 1.70887764157, 2.08510064548, 2.76930043238, 2.0, 0.0, 1.0, 1.0, 1.0, 2.0, 2.02672532807, 1.0, 1.0, 2.0, -0.0556747596397, 2.0, 0.457014857134, 1.0, -1.0, 1.21949182317, 2.0, 1.0, 1.0, 3.0, 0.730883959756, -0.960533812183, 3.0, 3.0, 0.470434326139, 0.0, 2.0, 1.0, -1.0, 1.0, -1.0, 0.0, 0.0, 2.0, 3.0, -1.0, -1.0, 0.391792250107, 2.0, 2.0, -1.0, 3.0, 0.0, -1.0, 2.11277002313, 95583.0, 594.0, 99451.0
1.0, 2.0, 0.0, 2.0979541935, 3.0, 1.0, 0.0, 0.0, 1.0, 3.0, 3.0, 2.0, 0.0, -1.0, 1.0, 1.21338788404, 2.0, 1.0, -1.0, 0.827643133309, 2.0, 2.0, 0.28593323652, 0.0, 2.51078831597, 0.0, 2.54804992838, 0.0, 3.0, 0.0, 1.0, 0.0, 3.0, 0.0, 0.0, 1.39906355392, -1.0, 0.389611530547, 2.35924395132, 2.0, 1.0, 1.0, 2.0, 1.0, 0.0, 2.30429975231, 0.0, 1.0, 2.0, 3.0, 94760.0, 665.0, 99397.0
2.0, 1.0, 1.0, 0.576482913325, -0.401434828207, 1.0, 0.0, 0.0, -1.0, -0.996937302306, 1.92364332593, -1.0, 1.85769663732, -1.0, 2.0, 1.35234176142, 1.0, 0.552498761192, 0.969794976942, -1.0, 1.0, 1.46938694929, 1.04248937486, 0.0, 0.812253130514, 0.690746060305, -0.962983745363, 2.0, 0.213873441351, -1.0, 1.9467466358, 1.0, 2.0, 2.0, 1.46374105334, -0.138062497522, -1.0, 2.15894766317, 0.457556489418, -1.0, 2.72981334875, 2.48882626516, 1.0, 2.0, 0.0, 3.0, -1.0, 1.0, 2.11363620139, 2.0, 95615.0, 569.0, 99488.0
2.0, 1.0, 1.0, 0.576482913325, -0.401434828207, 1.0, 0.0, 0.0, -1.0, -0.996937302306, 1.92364332593, -1.0, 1.85769663732, -1.0, 2.0, 1.35234176142, 1.0, 0.552498761192, 0.969794976942, -1.0, 1.0, 1.46938694929, 1.04248937486, 0.0, 0.812253130514, 0.690746060305, -0.962983745363, 2.0, 0.213873441351, -1.0, 1.9467466358, 1.0, 2.0, 2.0, 1.46374105334, -0.310061734791, -1.0, 2.15894766317, 0.457556489418, -1.0, 2.72981334875, 2.48882626516, 1.0, 2.0, 0.0, 3.0, -1.0, 1.0, 2.11363620139, 2.0, 95615.0, 569.0, 99488.0
0.0, 3.0, 2.0, 1.0, 2.0, 2.0, 1.0, 0.0210143520771, 0.473668207116, -1.0, 1.0, 1.0, 1.0, 0.0, 2.0, -0.220991239945, -1.0, 0.0, 0.0, 0.0, 1.0, 0.0, 0.0, 0.0, 1.0, 2.0, 0.0, 0.0, 2.0, 3.0, 1.0, 1.0, 0.0, 2.0, 0.0, 2.0, -1.0, 1.0, 3.0, 2.0, 0.0, -1.0, 3.0, -1.0, 1.0, 0.509584408817, -1.0, 2.0, -1.0, 0.0, 95051.0, 599.0, 99457.0
2.0, 3.0, 2.0, 0.718915148387, 2.35910463876, 3.0, 0.0, 2.0, 0.0, 1.0, -1.0, 0.0, 1.0, 1.0, 2.0, 0.0, 1.0, 2.0, 0.210198950471, -0.384767845072, 2.02117545923, 1.0, 3.0, -0.237716816188, 2.0, 3.0, 2.82982387066, 2.47719606996, 0.0, 0.0189202369572, 0.933235682934, 2.12532653643, 1.0, -1.0, 0.0, 0.0, -1.0, 1.0, -1.0, -0.865072720949, 0.0, 1.31566860729, 0.0, -1.0, 0.0, 2.0, -1.0, 1.0, -1.0, 0.0, 95334.0, 589.0, 99462.0
0.0, 2.0, 0.0, 0.0, 0.0, -0.399875046389, 0.251537255628, 1.00049567144, 0.706871785267, -1.0, 2.0, 3.0, 2.0, 2.0, -0.945767334467, -1.0, 2.12197214869, -1.0, 1.0, 2.0, 0.0, 1.0, 1.0, 0.0, -1.0, 2.66810390744, -1.0, 0.0, 2.0, 2.0, 1.0, 0.0, 0.0, 2.0, 3.0, 0.0, 3.0, 3.0, 1.0, 3.0, 0.0, 1.0, 1.0, 2.0, 2.0, 3.0, 0.0, 3.0, -1.0, -1.0, 95269.0, 599.0, 99453.0
1.0, -0.376341282247, 0.0, 2.89830527818, 1.71476014369, 2.201621305, 0.0, 1.0, 1.0, 1.0, 2.0, 2.37632169489, 1.0, 1.0, 0.279156402969, -0.0556747596397, 2.0, 1.22140067595, 1.0, -1.0, -0.0975632207859, 2.0, 0.701752201392, 1.0, 3.0, -1.0, -0.960533812183, 3.0, 3.0, 0.0, 0.0, 2.0, 1.0, -1.0, 1.0, -1.0, 0.0, 0.0, 2.0, 3.0, 1.0, -1.0, 2.02094658839, 2.0, 3.0, -1.0, 3.0, 0.0, -1.0, 1.74282003001, 95510.0, 601.0, 99443.0
1.0, 3.0, 2.0, 0.718915148387, 3.0, 3.0, 0.0, 2.0, 0.973556056846, 1.0, -1.0, 0.0, 1.0, 1.0, 2.0, 0.0, 1.0, 0.17116946244, 0.0, -0.384767845072, -1.0, 1.0, 3.0, -0.237716816188, 1.46699815812, 3.0, 1.0, 1.0, 0.0, 2.0, 2.0, 2.0, 1.0, 0.764122097118, 0.0, 0.0, -1.0, 1.0, 1.0, -0.865072720949, 0.0, 1.31566860729, 0.0, 1.5478910452, 0.0, 2.0, -1.0, 1.23288943718, -1.0, 0.0, 95043.0, 625.0, 99435.0
-1.0, -1.0, 1.0, 1.26559115388, 2.0, 1.94527830359, 0.0, 2.51747919203, 1.0, -1.0, 2.0, 0.0, 0.48065680898, 2.24836927224, 3.0, 0.0, 2.0, 1.0, -1.0, 2.0, 3.0, -1.0, 3.0, 0.0, -1.0, 3.0, 1.0, 1.0, 3.0, 3.0, 2.0, 0.0, 1.0, -1.0, 2.0, 2.31349118335, -1.0, 1.0, 0.822651107608, 2.0, 0.0, 0.0, 0.0, 0.948366851867, -0.945713441042, 1.0, 2.0, 1.0, -1.0, 2.0, 95643.0, 559.0, 99479.0
1.0, -0.376341282247, 0.0, 2.0, 2.76930043238, 2.0, 0.0, 1.0, 1.0, 1.0, 2.0, 2.37632169489, 1.0, 1.0, 2.0, -0.0556747596397, 2.0, 0.457014857134, 1.0, -1.0, 1.21949182317, 2.0, 1.0, 1.0, 3.0, -1.0, -0.960533812183, 3.0, 3.0, -0.464599450677, 0.0, 2.0, 1.0, -1.0, 1.0, -1.0, 0.0, 0.0, 2.0, 3.0, -1.0, -1.0, 0.391792250107, 2.0, 2.0, -1.0, 3.0, 0.0, -1.0, 2.11277002313, 95622.0, 583.0, 99461.0
1.0, 1.0, 2.0, 1.0, 2.0, 2.0, 1.0, -1.0, 0.0, -1.0, 1.0, 1.0, 1.0, 0.0, 2.0, -1.0, -1.0, 0.0, 0.0, 0.0, 1.0, 0.0, 0.0, 0.0, 1.0, 2.0, 0.0, 0.0, 2.0, 3.0, 1.0, 1.0, 2.0, 2.0, 0.0, 2.0, -1.0, 1.0, 3.0, 2.0, 0.0, -1.0, 3.0, -1.0, 1.0, 2.0, -1.0, 2.0, -1.0, 0.0, 95380.0, 574.0, 99488.0
1.0, 0.450814780618, 3.0, 1.0, 0.609534864738, 2.0, 1.0, -1.0, 0.0, 0.0, 1.2476079682, 1.0, 2.0, 1.0, 0.0, 3.0, 1.33181165901, 1.0, 0.131110952486, 2.0, -0.508795629496, 2.0, 3.0, 1.0, 0.0, 1.0, -1.0, 2.0, -1.0, 3.0, 1.0, 0.0, -1.0, 2.0, 3.0, 2.72088824975, -1.0, 2.0, -1.0, 1.0, 3.0, 1.0, 2.0, 2.0, -1.0, 3.0, 3.0, -1.0, 2.0, 2.0, 95919.0, 572.0, 99467.0
2.17883662425, -1.0, 2.0, -0.484378022072, 1.96482968696, 1.0, 2.0, 3.0, 0.0, -0.907379247667, 0.0, 0.231573449857, 2.34136865867, -1.0, 1.0, 0.0177003327115, -1.0, -0.563573157164, 0.982359818853, -1.0, 1.83357454738, 3.0, 0.0, 1.0, 0.0717444678358, 0.0, -1.0, 0.0619492407044, -1.0, 1.0, -1.0, -1.0, 2.0, 2.0, -1.0, 1.13429410109, -1.0, 1.03452016723, 1.0, 0.694128857033, 2.0, 0.954054719007, 2.0, 0.0, 3.0, 1.0, -1.0, 2.94265360617, 3.0, -0.348558569936, 96019.0, 513.0, 99533.0
-1.0, -1.0, 1.0, 1.26559115388, 2.0, 1.0, 0.0, 2.51747919203, 1.0, -1.0, 2.0, 0.0, 2.0, 0.190380072705, 3.0, 0.0, 2.45896642719, 1.0, -1.0, 0.0, 3.0, -1.0, 3.0, 0.0, -1.0, 3.0, 1.0, 1.0, 3.0, 1.82368035331, 2.0, 0.0, -0.865197685956, -1.0, 2.0, -1.0, -1.0, 1.0, 0.822651107608, 0.23314937512, 0.0, 0.0, 0.0, 2.0, -1.0, 1.0, 2.0, 1.0, -1.0, 2.0, 95677.0, 525.0, 99496.0
0.0, 3.0, 2.0, 1.0, 2.0, 2.0, 1.0, 0.666910457122, 0.473668207116, -1.0, 1.0, 1.0, 1.0, 0.0, 0.78381554925, -0.220991239945, -1.0, 1.92621214916, 0.0, 0.0, 1.0, 0.0, 0.0, -0.660983587783, 1.0, 2.0, 0.0, 0.0, 2.0, 3.0, 1.0, 1.0, 0.0, 2.0, -0.508778516782, 2.0, -1.0, 1.0, 3.0, 2.0, 0.0, -1.0, 1.47111841947, -1.0, 2.38316091446, 0.509584408817, -1.0, 2.0, -1.0, 0.0, 95441.0, 572.0, 99490.0
1.0, 2.0, 0.0, -0.436870121442, 3.0, 1.0, 0.0, 0.0, 1.0, 3.0, 3.0, 0.665417838212, 0.0, -0.545289415985, 1.0, 2.0, 2.0, 1.0, -1.0, 2.0, -0.862960554939, 2.0, 0.0, 0.0, 0.117276094184, 0.0, 2.0, 2.15169631384, 0.484431668932, 0.0, 1.0, -0.704843387334, 3.0, 0.0, 0.0, -1.0, -1.0, 0.816561925694, 3.0, 2.0, 0.235105793329, 2.36674235106, 2.0, 1.0, 0.0, 2.86726146545, 0.0, 1.0, 2.0, 3.0, 95075.0, 621.0, 99425.0
0.0, 2.0, 2.0, -1.0, 1.0, 2.0, -0.886757117366, -1.0, 2.0, 2.36909771734, 2.0, -1.0, 1.0, -1.0, 0.746304102232, 3.0, 0.0, 3.0, -0.0830634989733, 0.0, 1.81683391598, 0.888623043463, 1.52605774252, -1.0, 1.0, -1.0, 2.0, 1.0, 2.46414000679, 3.0, -1.0, 0.0, -1.0, 3.0, 3.0, 2.0, 0.733639274856, 2.0, -1.0, 0.549076193567, -1.0, 2.0, -0.804159830271, 2.37787211947, 0.667463690828, 0.134312588462, 0.406072066807, -1.0, 0.341035871983, -0.107321726132, 96279.0, 522.0, 99530.0
2.0, 3.0, 2.0, 0.718915148387, 2.35910463876, 3.0, 0.0, 2.0, 0.0, 1.0, -1.0, 0.0, 1.0, 1.0, 2.0, 0.0, 1.0, 2.0, 0.210198950471, -0.384767845072, -1.0, 1.0, 3.0, -0.237716816188, 2.0, 3.0, 2.82982387066, 2.47719606996, 0.0, 0.0189202369572, 0.933235682934, 2.0, 1.0, -1.0, 0.0, 0.0, -1.0, 1.0, -1.0, -0.865072720949, 0.0, 1.31566860729, 0.0, -1.0, 0.0, 2.0, -1.0, 1.0, -1.0, 0.0, 95402.0, 576.0, 99471.0
1.0, 2.0, -0.481130636811, 0.0, 3.0, 1.0, 0.0, 0.0, 1.0, 3.0, 3.0, 2.71371645336, -0.0764451098021, -1.0, 1.0, 0.336727803221, 2.0, 1.0, 0.131110952486, 2.0, 2.0, 2.7668519735, 0.0, 0.0, 2.19480694639, 1.20746145274, 2.0, 0.183353142146, 3.0, 0.0, -0.1278353872, 0.0, 3.0, 0.0, -0.85083816816, 0.884345709435, -0.0520592578028, 0.389611530547, 3.0, 2.0, 2.54896107792, -0.436235274839, 1.39169006454, 1.0, 0.0, 2.0, 0.0, 1.0, 2.97209450263, 3.0, 94648.0, 683.0, 99390.0
0.0, 0.845938208773, 2.0, 1.0, 2.0, 2.0, 1.0, 0.0210143520771, 0.42011617821, -1.0, 1.0, 1.0, -0.840070160277, 0.0, 2.0, 1.4309339321, 0.800935857254, 0.0, 0.0, 0.0, 1.0, 0.0, 0.0, 0.0, 1.0, 2.0, 0.0, 0.768309324754, 2.0, 3.0, 0.936142407954, -0.193275653683, 2.0, 2.0, 2.0519053064, 2.0, -1.0, 1.0, 1.99157775854, 2.0, 0.0, -1.0, 3.0, -1.0, -0.340518799662, 1.0, -1.0, 2.0, -1.0, -0.249580549466, 95063.0, 598.0, 99455.0
2.0, 3.0, -0.799814060132, 1.0, -0.401434828207, 1.0, 0.0, 0.0, -1.0, -0.963733638944, 2.0, -1.0, 1.85769663732, -1.0, 0.754616036674, 1.0, 1.0, -0.922309669922, -1.0, -1.0, 0.430061591032, 1.47625702334, 1.04248937486, 0.0, 0.0, 0.690746060305, 0.0, 2.0, 0.213873441351, -1.0, -1.0, 1.0, 0.0, 2.0, 1.46374105334, 2.0, -1.0, 2.64631686143, 2.31479791363, -1.0, 2.0, 3.0, 1.25369869521, 0.490454017814, -0.356938718625, 3.0, -1.0, 1.81851389246, 2.11363620139, 2.0, 95925.0, 520.0, 99531.0
-0.205051144085, 1.75774473894, 0.0, 0.0, 3.0, 1.0, 0.0, 0.0, 1.0, 3.0, 3.0, 2.50341926534, 0.0, -0.545289415985, 1.0, 2.0, 2.0, 0.411568443375, -1.0, 2.0, 2.0, 2.0, 0.0, 0.0, 1.0, 0.0, 2.0, 2.0, 0.484431668932, 0.0, 2.96054124538, 0.0, 3.0, -0.307709752312, 0.0, -1.0, -1.0, 1.0, 3.0, 2.0, 1.0, 1.0, 2.0, 1.0, 0.0, 2.0, 0.0, 1.0, 2.0, 0.341550176011, 94766.0, 650.0, 99404.0
0.0, 2.0, 0.0, 0.0, 0.0, 3.0, 1.0, 1.0, 1.0, -1.0, 2.14500823084, 3.0, 2.0, 2.0, 0.0, -1.0, 1.0, -1.0, 1.0, 2.0, 0.0, 1.0, 1.0, 0.0, -1.0, 2.0, -1.0, 0.0, 2.0, 2.0, 1.0, 0.0, 0.0, 2.0, 3.0, 0.0, 3.0, -0.159357539281, 1.0, 3.0, 0.0, -0.467292929602, 1.0, 2.0, 2.0, 3.0, 0.0, 3.0, -1.0, -1.0, 95073.0, 611.0, 99443.0
-0.357007557556, -1.0, 1.0, 0.0, 3.0, 0.616883694546, -0.550672184845, 1.13173018256, 1.34331321131, -0.135776513651, 2.314632724, 1.0, 0.0, -0.883007057703, 0.554042589571, -0.248764020784, -1.0, 2.89228948217, 1.0, -1.0, 2.82772875037, 2.6978053374, 1.03615220673, 2.0, 2.99209395462, 1.0, 0.0, -1.0, 0.0, 1.0, -0.736156520272, 3.0, -1.0, 0.0, 2.0, 1.54796745971, 1.0, 0.0, -0.678799660004, -1.0, -0.972080535965, -0.0748518224696, 1.0, 1.87044629478, -1.0, 1.0, 0.0, -0.725999970347, -1.0, 2.0, 96020.0, 493.0, 99547.0
2.35006853615, 1.0, -0.66694931128, 2.74011980147, 1.37968828343, 2.0, 1.0, 0.0210143520771, 0.473668207116, -1.0, 1.0, 1.0, 1.0, 0.0, -0.529371180658, -1.0, -1.0, 0.0, 0.0, 0.0, 1.0, 0.0, 0.0, 0.0, 1.0, 2.0, 0.0, 0.0, 2.0, 3.0, 1.0, 1.0, 2.0, 2.0, 0.0, 2.0, -1.0, 1.0, 3.0, 2.0, 0.0, -1.0, 3.0, -1.0, 1.0, -0.206021906309, -1.0, 2.0, -1.0, 0.0, 95490.0, 564.0, 99494.0
1.0, 3.0, 1.0, 1.0, 1.0, 1.0, 2.0, 2.0, 0.0, 0.0, 1.0, 1.0, 0.0, 0.0, 1.0, 2.0, 0.0, 0.0, -1.0, -0.0887105768728, -1.0, 0.0, 0.0, 1.0, -0.529450456223, 2.0, 2.0, 0.0, 0.261682644878, 3.0, 1.0, 2.0, 3.0, 2.0, 2.0, 0.0, 2.0, 0.364980461417, 0.852219442527, 1.0, 2.0, 2.0, 0.0, 3.0, 3.0, 3.0, 1.0, 0.0, 3.0, 3.0, 94840.0, 674.0, 99398.0
1.0, 2.0, 0.0, 2.0979541935, 3.0, 1.0, 0.0, 0.0, 1.0, 3.0, 3.0, 2.0, 0.0, -1.0, 1.0, 1.21338788404, 2.0, 1.0, -1.0, 0.827643133309, 2.0, 2.0, 0.0, 0.0, 2.51078831597, 0.0, 2.54804992838, 2.0, 3.0, 0.0, 1.0, 0.0, 3.0, 0.0, 0.0, 1.39906355392, -1.0, 0.389611530547, 2.35924395132, 2.0, 1.0, 1.0, 2.0, 1.0, 0.0, 2.0, 0.0, 1.0, 2.0, 3.0, 94852.0, 665.0, 99397.0
1.0, 2.0, -0.481130636811, 0.0, 3.0, 1.0, 0.0, 0.0, 1.0, 3.0, 3.0, 2.0, 1.58165970506, -1.0, 1.0, 0.336727803221, 2.0, 1.0, -1.0, 2.0, 2.0, 2.0, 0.0, 0.0, 2.19480694639, 0.0, 2.0, 0.183353142146, 3.0, 0.0, 1.0, 0.0, 3.0, 0.0, -0.85083816816, 0.884345709435, -0.0520592578028, 0.389611530547, 3.0, 2.0, 1.0, -0.436235274839, 2.0, 1.0, 0.0, 2.0, 0.0, 1.0, 2.97209450263, 3.0, 94773.0, 668.0, 99406.0
-1.0, -1.0, -1.0, 3.0, -1.0, -1.0, -1.0, -1.0, -1.0, 0.344696146552, 0.0, 1.0, -0.0764451098021, 2.0, 2.0, -1.0, 0.0, 3.0, 1.07728694942, 0.704197189905, 1.0, 1.04774230135, 1.0, 3.0, 0.0, 1.0, 2.11529461981, 2.0, 2.0, -1.0, -1.0, 0.426332954296, 1.0, 2.0, -1.0, -1.0, -0.673558514756, 0.0233254823263, 1.0, 2.5915817847, -0.793864577734, 2.0, 1.9761917282, 0.0, 3.0, 0.0, 0.0, 2.57903806069, 2.0, 2.54719377527, 96594.0, 498.0, 99577.0
2.0, -1.0, 2.0, -0.484378022072, 1.96482968696, 1.0, 1.48571484411, 3.0, 0.0, 0.0, 0.0, 0.231573449857, 0.0, -1.0, 1.0, 0.0177003327115, -1.0, -0.563573157164, 0.982359818853, -1.0, 2.73835548963, 3.0, -0.609424529045, 1.0, 0.0, 0.0, -1.0, -1.0, -1.0, 0.55079652178, -1.0, -1.0, 2.0, 2.0, -1.0, 1.13429410109, -1.0, 1.03452016723, 1.0, 0.694128857033, 2.0, 0.954054719007, 2.0, 0.0, 3.0, 1.0, -1.0, 3.0, 3.0, -0.348558569936, 96247.0, 508.0, 99553.0
0.0, 2.0, 2.0, -1.0, 1.0, 2.0, -0.886757117366, -1.0, 2.0, 2.36909771734, 2.0, -1.0, 1.0, -1.0, -1.0, 3.0, 0.0, 3.0, -0.0830634989733, 0.0, 1.0, 1.0, 1.0, -1.0, 1.0, -1.0, 2.0, 1.0, 2.46414000679, 3.0, -1.0, 0.0, -1.0, 3.0, 3.0, 2.0, 3.0, 2.0, -1.0, 2.29534514786, -1.0, 2.0, 2.0, 2.37787211947, 0.667463690828, 1.0, 1.0, -1.0, 0.341035871983, 0.341550176011, 96335.0, 522.0, 99531.0
-0.205051144085, 2.87418598819, 0.0, 0.0, 3.0, 1.0, 0.0, 0.0, 1.0, 3.0, 3.0, 2.50341926534, 0.0, -0.545289415985, 1.0, 2.0, 2.0, 0.411568443375, -1.0, 2.0, 2.0, 2.0, 0.0, 0.0, 1.0, 0.0, 2.0, 2.0, 0.484431668932, 0.0, 2.96054124538, 0.0, 3.0, 0.0, 0.0, -1.0, -1.0, 1.0, 3.0, 2.0, 1.0, 1.0, 2.0, 1.0, 0.0, 2.0, 0.0, 1.0, 2.0, 0.341550176011, 94796.0, 650.0, 99404.0
-1.0, -1.0, 2.0, 0.0, 0.0, 1.0, 2.0, 3.0, 0.0, 0.982937920073, 0.0, 2.0, 0.0, -1.0, 1.0, -1.0, -1.0, 1.0, 2.61251819423, -1.0, 2.0, 3.0, 0.0, -0.98333960401, 0.0, 0.0, -1.0, -1.0, -1.0, 1.0, -1.0, -1.0, 2.0, 2.0, -1.0, 2.0, -1.0, 1.0, 1.0, 0.0, 2.0, 1.0, 2.0, 1.0, 3.0, 1.30567588955, -1.0, 3.0, 3.0, 0.0, 96462.0, 505.0, 99573.0
-1.0, -1.0, -1.0, 3.0, -1.0, -1.0, -1.0, -1.0, -1.0, 0.344696146552, 0.0, 1.0, 1.58165970506, 2.0, 0.754616036674, 0.531948452215, 0.0, -0.922309669922, 1.07728694942, 2.0, 1.0, 1.0, 1.0, 3.0, 0.0, 1.0, 2.11529461981, 2.0, 2.0, 1.98772277587, -1.0, 2.32463309785, 1.0, 2.0, -1.0, -1.0, -0.673558514756, 0.0233254823263, 1.0, 2.5915817847, -1.0, 2.0, 1.9761917282, -0.270707909913, 3.0, 0.0, 0.0, 2.57903806069, 2.0, 1.36473235407, 96498.0, 501.0, 99560.0
0.0, 2.0, 0.0, -0.436870121442, 3.0, 1.0, 0.0, 0.0, 1.0, 3.0, 3.0, 0.665417838212, 0.0, -0.545289415985, 1.0, 2.0, 2.88792757971, 1.0, -1.0, 2.0, -0.862960554939, 0.0394330701509, 0.760492762368, 0.0, 0.117276094184, 0.0, 2.0, 2.15169631384, 0.484431668932, 0.0, 1.0, -0.704843387334, 3.0, 0.0, 1.30095543991, -1.0, -1.0, 0.816561925694, 3.0, 2.0, 0.235105793329, 2.36674235106, 2.0, 1.0, 0.0, 2.86726146545, 0.0, 1.0, 2.0, 2.86782296914, 95090.0, 621.0, 99425.0
1.0, 2.0, 0.0, -0.436870121442, 3.0, 1.0, 0.0, 0.0, 1.0, 3.0, 3.0, 0.665417838212, 0.0, -0.545289415985, 1.0, 2.0, 2.60209733851, 1.0, -1.0, 2.0, -0.862960554939, 2.0, 0.0, 0.0, 1.0, -0.0264370424176, 2.0, 2.0, 0.29418420502, 0.0, 1.0, 0.0, 3.0, -0.143758693428, 0.0, -1.0, -1.0, 1.0, 3.0, 2.0, 1.0, 2.36674235106, 2.0, 1.0, -0.183818186038, 2.86726146545, 0.0, 1.0, 2.0, 3.0, 94982.0, 637.0, 99413.0
0.0, -0.506005611837, -0.66694931128, 2.74011980147, 0.964472833854, 2.0, 1.0, 2.54804244819, 0.473668207116, -1.0, 1.0, -0.552871268491, 1.0, 0.0, 0.48657614017, -0.527830980336, -1.0, 0.0, 0.0, 0.0, 1.0, 0.0980298018075, 0.0, 0.0, 1.0, 1.00709055642, 0.0, 0.0, 2.0, 3.0, 1.0, 1.0, 2.0, 2.20683739996, 1.03399782842, 2.67463831208, -1.0, 1.0, 3.0, 2.0, 0.678154253385, -1.0, 3.0, -1.0, 1.0, 0.509584408817, -1.0, 2.0, 1.91157517477, 0.0, 95612.0, 567.0, 99500.0
2.0, 2.0, 3.0, 2.0, 0.425356853188, 3.0, 1.63551978409, -0.36381250375, -1.0, 3.0, 1.0, 0.0, -0.0679492137699, 0.0, 3.0, -0.323208144269, 2.1425853638, 0.709227652276, 2.0, 3.0, 1.37014977332, 2.07887078444, 2.0, 1.0, 1.98765852306, 1.0, 3.0, 0.00895033429309, 1.0, 2.0, 0.0, -1.0, 1.86773730466, 2.0, 1.0, 1.0, -1.0, 2.0, 1.0, 0.0, 1.0, -1.0, 2.27930429572, 3.0, -1.0, 0.0, 1.0, 1.83260018749, -1.0, 2.0, 95573.0, 612.0, 99432.0
0.889296899948, -1.0, -0.66694931128, 2.85683905273, 3.0, 1.0, -0.550672184845, 2.0, 1.34331321131, -0.135776513651, 2.314632724, 1.0, -0.151329867148, -0.883007057703, 0.554042589571, -0.248764020784, -1.0, 2.89228948217, 0.0, 0.419429023727, 2.11378383065, 0.976760511583, 1.03615220673, 2.0, 2.99491188853, 1.0, 0.0, -1.0, 0.0, 1.0, -0.736156520272, 3.0, -1.0, 0.0, 2.0, 1.54796745971, 1.0, 0.0, -0.678799660004, 2.67580359495, -0.999962670042, 1.0, 1.0, 3.0, -1.0, 1.0, 0.0, 0.670902448606, -1.0, 2.0, 96036.0, 523.0, 99518.0
2.0, -1.0, 2.0, -0.484378022072, 1.96482968696, 1.0, 2.0, 3.0, 0.0, 0.0, 0.0, 0.231573449857, 0.0, -1.0, 1.0, 0.0177003327115, -1.0, -0.563573157164, 0.982359818853, -1.0, 2.0, 3.0, 0.0, 1.0, 0.0, 0.0, -1.0, -1.0, -1.0, 1.0, -1.0, -1.0, 2.0, 2.0, -1.0, 1.13429410109, -1.0, 1.03452016723, 1.0, 0.694128857033, 2.0, 0.954054719007, 2.0, 0.0, 3.0, 1.0, -1.0, 3.0, 3.0, -0.348558569936, 96077.0, 518.0, 99536.0
0.778289671726, -1.0, 3.0, 2.59362827535, 2.77357803064, 2.0, 1.0, -1.0, 0.0, 0.0, 1.0, 1.0, 0.0860806341524, 0.134272563129, 0.0, 3.0, 2.30531995946, 0.968039326202, 1.0, 2.0, 0.311397058876, 2.02655044243, 3.0, 1.0, 0.0, 0.733317809052, -1.0, 2.13208071974, -1.0, 3.0, -0.0779859241299, 0.0, -1.0, 2.0, 2.05280686195, 2.6425860136, -1.0, 2.0, -1.0, 1.0, 3.0, 1.0, 2.0, 2.0778179328, -1.0, 3.0, -1.0, -1.0, -1.0, 2.0, 96153.0, 531.0, 99494.0
2.0, 3.0, 0.0135932855549, 1.0, -0.401434828207, 1.0, 0.0, -0.897692586267, -1.0, 1.68446673906, 3.0, -1.0, 1.85769663732, -1.0, 2.0, 1.0, 1.0, 3.0, -1.0, -1.0, 0.430061591032, -0.845508625158, 1.04248937486, 0.0, 0.247766027741, 0.690746060305, 0.0, 2.0, 0.213873441351, -1.0, -1.0, 2.14811815824, 0.0, 2.0, 1.46374105334, 2.0, -1.0, 1.0, 0.376830305807, -1.0, 2.0, 3.0, 1.25369869521, 0.490454017814, -0.356938718625, 3.0, 0.411033349769, -1.0, 2.11363620139, 2.0, 95708.0, 541.0, 99518.0
2.26110354964, 2.0, 0.0, -0.436870121442, 3.0, 1.0, 0.0, 0.0, 1.0, 3.0, 2.0, 0.665417838212, 0.0, -0.545289415985, 1.0, 2.0, 2.0, 1.0, -1.0, 2.0, 0.43970722309, 2.0, 0.0, 0.0, 2.62103261959, 1.44495946625, 2.0, 2.15169631384, 0.484431668932, 0.0, 1.0, -0.704843387334, 0.500526596263, 0.0, 0.0, -1.0, -1.0, 0.816561925694, 3.0, 2.0, 0.235105793329, 2.47292975827, 2.0, 1.0, 0.0, 2.86726146545, 0.0, 1.0, 2.0, 3.0, 94966.0, 634.0, 99416.0
-1.0, -0.384809449437, 2.8443462282, 3.0, 2.0, 1.0, 0.0, 1.95460032178, 0.895408245211, -1.0, 2.0, 0.0, 2.0, 1.0, 3.0, 0.0, 2.0, -0.294768845673, -1.0, -0.833777719652, 3.0, 0.282115577168, 3.0, -0.126591862988, -1.0, 3.0, 1.59742993997, 1.0, 3.0, 3.0, -0.568797342002, 0.0, 1.0, -1.0, 2.0, -1.0, -1.0, 1.0, 1.0, 2.156448531, 0.0, 0.0, 0.0, 2.0, -1.0, -0.143481412145, 2.83647300499, 1.0, -1.0, 2.0, 95853.0, 545.0, 99490.0
1.0, 2.0, 0.0, 0.0, 3.0, 1.0, 0.0, 0.0, 1.0, 3.0, 3.0, 2.0, 1.58165970506, -1.0, 1.0, 0.336727803221, 2.0, 1.0, -1.0, 2.0, 2.0, 2.0, 0.0, 0.0, 2.19480694639, 0.0, 2.0, 0.183353142146, 3.0, 0.0, 1.0, 0.0, 3.0, 0.0, -0.85083816816, -1.0, -1.0, 0.389611530547, 3.0, 2.0, 1.0, -0.436235274839, 2.0, 1.0, 0.0, 2.0, 0.0, 1.0, 2.0, 3.0, 94925.0, 635.0, 99420.0
2.0, 2.0, 1.31072322232, 2.0, 0.425356853188, 3.0, 1.63551978409, -0.36381250375, -1.0, 3.0, 1.0, 0.0, -0.0679492137699, 0.0, 2.02026324931, -0.323208144269, 2.1425853638, 0.709227652276, 2.0, 3.0, 1.37014977332, 2.07887078444, 2.05661122842, 0.174474363485, 1.98765852306, 1.0, 3.0, 0.00895033429309, 1.0, 2.0, 0.0, -1.0, 2.14069308536, 2.0, 1.0, 1.41356743794, -1.0, 2.0, 1.0, -0.921329003774, 1.0, -1.0, 2.27930429572, 3.0, -1.0, 0.0, 1.0, 1.83260018749, -1.0, 2.0, 95563.0, 600.0, 99448.0
0.0, -1.0, 0.0, -0.224045229935, 1.0, 1.0, 0.0, -0.504506518883, 2.0, -1.0, 3.0, 3.0, 2.0, 1.0, 0.0, 3.0, 0.765841605656, -1.0, 2.0, 2.0, 2.0, 2.0, 1.0, 2.0, -0.911199481646, -1.0, 3.0, -1.0, -0.829012149446, 2.0, -1.0, 2.0, 3.0, 3.0, 0.0, 0.0, -1.0, -1.0, -1.0, -1.0, 1.0, 2.0, 0.718218949904, 0.0, 3.0, -0.809134917145, 2.78207063478, 0.0, 0.0, 0.0, 96152.0, 516.0, 99536.0
2.0, -1.0, 1.0, 1.26559115388, 2.0, 1.0, 0.0, 2.51747919203, 1.0, -1.0, 2.0, 0.0, 2.0, 0.190380072705, 3.0, 0.0, 2.0, 1.0, -1.0, 2.0, 3.0, -1.0, 3.0, 0.0, -1.0, 3.0, 1.0, 1.0, 3.0, 3.0, 2.57713205184, 0.0, 1.0, -1.0, 2.0, -1.0, -1.0, 1.0, 0.822651107608, 2.0, 0.0, 0.0, 1.71985997377, 2.0, -1.0, 1.0, 2.0, 1.0, -1.0, 1.9919537147, 95755.0, 554.0, 99470.0
-1.0, -1.0, 1.0, 1.26559115388, 2.0, 1.0, 0.0, 2.51747919203, 1.0, -1.0, 2.0, 0.0, 2.0, 0.190380072705, 3.0, 0.0, 2.0, 1.0, -1.0, 2.0, 3.0, -1.0, 3.0, 0.0, -1.0, 3.0, 1.0, 1.0, 3.0, 1.82368035331, 2.0, 0.0, -0.865197685956, -1.0, 2.0, -1.0, -1.0, 1.0, 0.822651107608, 2.0, 0.0, 0.0, 0.0, 2.0, -1.0, 1.0, 2.0, 1.0, -1.0, 2.0, 95797.0, 525.0, 99496.0
-0.355666085759, 0.459683848387, 3.0, 3.0, 1.0, 2.0, 0.706470712565, 2.0, 0.0, 1.0, 2.0, 2.20116335593, -0.204348189797, 0.0, 2.06083734764, 0.0, -1.0, -1.0, 0.0, 3.0, 1.0, 0.0, 1.0, 1.24421748505, -0.917811075871, 2.0, -1.0, 0.817354281306, 1.0, -1.0, 1.0, -1.0, -0.412477208081, -1.0, 3.0, 2.0, -1.0, -0.0383528160019, 0.843627534567, 0.0, -1.0, 3.0, 0.0, 3.0, -1.0, 2.65656385482, 1.95754548747, -0.371833374419, 2.0, 1.09920200918, 95699.0, 560.0, 99482.0
1.0, -1.0, 0.0, 2.0, 1.0, 2.0, 0.0, 1.0, 1.0, 1.0, 2.0, 2.75237341548, 1.0, 2.26315316526, 2.49500965083, -0.386007712415, 2.0, 0.0, 1.0, -1.0, 0.0, 0.888623043463, 1.0, 1.0, 3.0, -1.0, 0.0, 3.0, 3.0, 0.0, -0.661279774973, 2.66211523888, 1.0, -1.0, 1.0, -1.0, 0.0, 0.0, 2.0, 1.93110075397, -1.0, -1.0, 2.0, 2.0, 3.0, -1.0, 3.0, 0.0, -1.0, 2.0, 95734.0, 564.0, 99479.0
0.0, 0.0907215372568, 0.0, 0.0, 0.0, 3.0, 1.0, 1.0, 2.21410044715, -1.0, 2.14500823084, 3.0, 2.0, 2.0, 0.0, -1.0, 1.0, -1.0, 1.0, 2.0, 0.0, 1.0, 1.0, 0.0, -1.0, 2.0, -1.0, 0.0, 2.0, 2.61060122594, 1.0, -0.0145209441704, 0.0, 2.0, 3.0, 0.0, 3.0, -0.159357539281, 1.0, 2.93761540958, 0.0, -0.467292929602, 1.0, 2.0, 2.0, 3.0, 0.0, 3.0, -1.0, -1.0, 95076.0, 611.0, 99443.0
1.0, 1.0, 3.0, 1.0, 0.609534864738, 2.0, 1.0, -1.0, 0.0, 0.0, 1.0, 1.0, 2.0, 1.0, 0.0, 3.0, 1.33181165901, 1.0, 1.0, 2.0, -0.508795629496, 2.0, 3.0, 1.0, 0.0, 1.0, -1.0, 2.0, -1.0, 3.0, 1.0, 0.0, -1.0, 2.0, 3.0, 2.72088824975, -1.0, 2.0, -1.0, 1.0, 3.0, 1.0, 2.0, 2.0, -1.0, 3.0, 3.0, -1.0, 2.0, 2.0, 95979.0, 572.0, 99467.0
0.0, 2.0, 0.0, 0.0, 0.0, 3.0, 1.0, 1.0, 1.0, -1.0, 2.14500823084, 3.0, 2.0, 2.0, 0.0, -1.0, 1.0, -1.0, 1.0, 2.0, 0.0, 1.0, 1.0, 0.0, -1.0, 2.0, -1.0, 0.0, 2.0, 2.0, 1.0, -0.878039413889, 0.0, 2.0, 3.0, 0.0, 3.0, 0.376774631828, 1.0, 3.0, 0.0, -0.467292929602, 1.0, 2.0, 2.0, 3.0, 0.0, 3.0, -1.0, -1.0, 95247.0, 595.0, 99455.0
2.21076016825, 1.0, 2.0, 1.0, 2.0, 2.0, 1.0, 0.0210143520771, 0.473668207116, -1.0, 1.0, 1.0, 1.0, 0.0, 2.0, -1.0, -1.0, 0.0, 0.0, 0.0, 1.0, -0.823037261831, 0.0, -0.0140935612104, 1.0, 2.0, 0.0, 0.0, 2.0, 3.0, 1.0, 1.0, 2.0, 2.0, 0.0, 2.0, -1.0, 1.0, 3.0, 1.47336049042, 0.0, -1.0, 3.0, -1.0, 1.0, 0.509584408817, -1.0, 2.0, -1.0, 0.0, 95380.0, 576.0, 99484.0
2.0, 2.2088231838, 3.0, 3.0, 3.0, 0.0, 2.0, 1.0, -1.0, -1.0, 1.0, 3.0, -1.0, 3.0, 1.0, 0.0, 0.0, -0.0986456943445, -0.0914612340674, 1.27262395268, 0.0, 1.0, 0.0, 1.0, -1.0, 0.0, -1.0, 0.837034310613, 0.0, 0.834798502471, 3.0, 1.48595730986, 0.0, -1.0, 2.0, 1.0, -0.584473540153, 2.0, 1.02747038402, 0.0, 3.0, 2.0, 2.98222385213, -0.0744168562573, 3.0, 2.0, 2.0, 0.0, 2.0, 2.0, 95439.0, 612.0, 99442.0
