0.118071275126, 0.938203625395, 4.02945291741, 0.40505371227, 3.60320967895, 1.98324408499, 0.938480486212, 1.86831020058, 33.2466256508, 233.723129811, 0.0202468973815, 0.631578947368
0.561819144108, 1.08048566026, 2.48656651407, 0.562338440607, 73.0423304475, 26.5522390351, 0.927901854684, 4.00216350195, 1.1537023609, 0.0, 1.0, 0.0
0.121264585321, 0.837889122405, 2.03039464392, 0.406858597863, 20.7630064755, 26.0657091572, 0.6209016132, 0.0413007806293, 33.8444247761, 88.1929755639, 0.268349187231, 0.333333333333
0.118071275126, 0.938203625395, 4.02945291741, 0.40505371227, 3.72408055925, 1.98324408499, 0.938480486212, 1.86831020058, 33.2466256508, 316.23670436, 0.0107835249996, 0.0625
0.126287244926, 0.856105406131, 2.53767972808, 0.45273543276, 3.60320967895, 3.41720355732, 0.683509100329, 2.5648444517, 36.3530166973, 166.594215658, 0.0206137529475, 0.0
0.653384911543, 0.8201055925, 2.93752651934, 0.454298185202, 71.5359258227, 27.3124935335, 0.855332072954, 4.99350137855, 7.63634102268, 71.5911030987, 0.467100431445, 0.461538461538
0.112421393975, 0.837545850757, 2.55369704206, 0.406858597863, 30.6989942048, 8.14256552441, 0.803728071099, 2.43497278154, 36.1959733938, 164.075598198, 0.0419637503322, 0.214285714286
0.545416141831, 0.917106196891, 2.3787542656, 0.565887091657, 21.3033591249, 3.28937705278, 0.0682273653669, 2.34570063378, 2.86878028775, 94.7516928377, 0.0454464902137, 0.0
0.482269175569, 0.837889122405, 2.03039464392, 0.673162892701, 90.4473258346, 26.0657091572, 0.922315861072, 2.0669671747, 40.1026092727, 79.5783541778, 0.468239618284, 0.5625
0.653384911543, 0.8201055925, 2.93752651934, 0.454298185202, 71.5359258227, 27.3124935335, 0.855332072954, 4.99350137855, 7.63634102268, 91.184457631, 0.529535285941, 0.461538461538
0.118071275126, 0.837545850757, 3.50176013749, 0.406858597863, 30.6989942048, 8.14256552441, 0.578687972432, 2.43497278154, 33.8444247761, 199.781585155, 0.0406320131414, 0.0
0.222544637817, 0.919054802314, 3.44396534041, 0.543103492055, 89.4546795417, 1.65719316524, 1.23882157785, 0.0140794874557, 12.1068773514, 283.446589612, 0.0223842793884, 0.232558139535
0.222544637817, 0.919054802314, 3.44396534041, 0.543103492055, 1.81706032582, 1.65719316524, 1.23882157785, 0.0140794874557, 12.1068773514, 256.48047089, 0.0322736048835, 0.285714285714
0.159660612201, 0.828315717155, 2.73208725087, 0.461821770538, 25.6432289436, 16.355504005, 0.938480486212, 3.57548787811, 35.0115272298, 102.986181737, 0.0696865347177, 0.416666666667
0.482269175569, 0.837889122405, 2.03039464392, 0.673162892701, 90.4473258346, 26.0657091572, 0.922315861072, 2.0669671747, 40.1026092727, 108.611126934, 0.387502977136, 0.142857142857
0.178857826656, 0.828315717155, 2.73208725087, 0.417720135864, 25.6432289436, 16.355504005, 0.938480486212, 3.57548787811, 35.0115272298, 125.183879017, 0.20108827278, 0.0
0.126287244926, 0.856105406131, 2.53767972808, 0.45273543276, 3.72408055925, 3.41720355732, 0.683509100329, 2.5648444517, 36.3530166973, 129.511782272, 0.0570029555015, 0.0454545454545
0.121264585321, 0.837889122405, 2.03039464392, 0.673162892701, 20.7630064755, 26.0657091572, 0.803728071099, 0.0413007806293, 41.0643335252, 132.276206395, 0.128016250662, 0.0
0.126287244926, 0.856105406131, 2.53767972808, 0.54426211811, 3.72408055925, 3.41720355732, 0.683509100329, 2.5648444517, 36.3530166973, 142.04974546, 0.0456457496069, 0.448275862069
0.1112023776, 0.837545850757, 2.73208725087, 0.406858597863, 11.9922071557, 8.14256552441, 0.938480486212, 2.43497278154, 33.8444247761, 143.89153207, 0.0643728695447, 0.0
0.121264585321, 0.837889122405, 2.00426592487, 0.673162892701, 20.7630064755, 26.0657091572, 0.578687972432, 0.0413007806293, 41.0643335252, 149.667575176, 0.063757310218, 0.0
0.245335678677, 0.826535926058, 2.90994750365, 0.471448306665, 8.15174264272, 10.9048477615, 0.950733775812, 4.07207220983, 4.26710255732, 109.38604503, 0.157044696978, 0.235294117647
0.227877260883, 0.938203625395, 4.02945291741, 0.40505371227, 3.60320967895, 1.98324408499, 2.54414317214, 1.86831020058, 33.2466256508, 585.82632796, 0.0258357413208, 0.426035502959
0.178857826656, 0.891380876144, 4.42826286322, 0.417720135864, 11.6348574286, 1.98324408499, 0.978851531289, 4.84631685195, 34.8445126328, 332.996777297, 0.0291781003059, 0.5
0.126287244926, 0.856105406131, 2.53767972808, 0.54426211811, 3.72408055925, 3.41720355732, 0.683509100329, 2.5648444517, 36.3530166973, 148.530995053, 0.0468698502561, 0.65
0.227877260883, 0.938203625395, 4.02945291741, 0.40505371227, 89.4546795417, 1.98324408499, 2.54414317214, 3.60566255537, 33.2466256508, 554.263081515, 0.0403788090044, 0.313725490196
0.260225646438, 0.921981128503, 2.82908052863, 0.42515186186, 29.0480093999, 10.9048477615, 0.942879554691, 4.40230404949, 30.2484745322, 120.738431349, 0.226211274726, 0.272727272727
0.482269175569, 0.896807598103, 2.03039464392, 0.673162892701, 90.4473258346, 26.0657091572, 0.922315861072, 0.921164735281, 40.1026092727, 128.383985667, 0.223279915534, 0.0
0.561819144108, 1.08048566026, 2.48656651407, 0.562338440607, 73.0423304475, 26.5522390351, 0.927901854684, 4.00216350195, 2.26532025548, 123.22795448, 0.237012871706, 0.3
0.360966278604, 0.846721584439, 2.6942539381, 0.505491846189, 38.5123840456, 27.7768834989, 0.922315861072, 4.29496442857, 26.6416699593, 127.718258608, 0.385607428761, 0.235294117647
0.653384911543, 0.820430193378, 2.93752651934, 0.403916918248, 77.1437948611, 27.3124935335, 0.855332072954, 4.03837781434, 7.63634102268, 115.763734905, 0.463172160581, 0.466666666667
0.360966278604, 0.846721584439, 2.73416935571, 0.461842579537, 38.5123840456, 27.7768834989, 0.922315861072, 4.29496442857, 26.6416699593, 113.92350435, 0.471055024725, 0.533333333333
0.835406236742, 1.14471734344, 2.73416935571, 0.587012238463, 88.7046213389, 38.7204155973, 0.796335754288, 2.9368376169, 18.2715042354, 115.847721224, 0.593205926439, 0.533333333333
0.451256521394, 0.826312427321, 3.18964452, 0.503962739538, 14.2868336022, 23.3065276861, 0.360353440608, 3.75370543598, 31.4707586183, 128.200591846, 0.383441744327, 0.285714285714
0.118777187261, 0.856105406131, 2.53767972808, 0.54426211811, 3.72408055925, 3.41720355732, 2.44088466776, 2.5648444517, 36.3530166973, 366.668391189, 0.044413434639, 0.284722222222
0.178857826656, 0.891380876144, 4.42826286322, 0.417720135864, 11.6348574286, 1.98324408499, 0.978851531289, 4.84631685195, 34.8445126328, 196.609799362, 0.0507048715741, 0.466666666667
0.128533767601, 0.923003437203, 3.09995139664, 0.430379227324, 14.2868336022, 7.55973775149, 1.32570527873, 1.32775636094, 31.4707586183, 305.292789938, 0.0575468535665, 0.0
0.14983077996, 1.0561319632, 7.28073327899, 0.619660446517, 75.9444124503, 7.71805089895, 3.85832442894, 3.82777555283, 21.505782144, 1382.60843449, 0.0530280522515, 0.00600600600601
0.360966278604, 0.846721584439, 2.6942539381, 0.505491846189, 38.5123840456, 27.7768834989, 0.922315861072, 4.29496442857, 26.6416699593, 133.039852717, 0.409035703015, 0.0
0.360966278604, 0.837889122405, 2.6942539381, 0.505491846189, 38.5123840456, 27.7768834989, 0.803728071099, 4.29496442857, 26.6416699593, 135.922344644, 0.277837738248, 0.0
0.210227861445, 0.881153349408, 3.33283178753, 0.441554218166, 15.1007322591, 6.24526047219, 1.02583464609, 4.1023009872, 39.1716802415, 325.456011085, 0.0634728724472, 0.0
0.722445633484, 1.07826152754, 5.45845594136, 0.454627788336, 57.0527233465, 1.65719316524, 2.2293502415, 4.91495528865, 24.6695977854, 888.049867687, 0.06087791594, 0.0169491525424
0.226523335736, 0.858597889412, 3.75873114292, 0.473862041079, 12.1690032787, 13.7844536022, 0.0682273653669, 3.81233655621, 3.99468879358, 130.544839929, 0.213892531466, 0.611111111111
0.835406236742, 1.14471734344, 2.73416935571, 0.587012238463, 88.7046213389, 42.4438298823, 0.796335754288, 2.05222626068, 18.2715042354, 176.0226513, 0.0707280404362, 0.0
0.118777187261, 0.856105406131, 2.53767972808, 0.54426211811, 3.72408055925, 3.41720355732, 2.44088466776, 2.5648444517, 36.3530166973, 321.350831668, 0.0565843162613, 0.458955223881
0.118777187261, 0.856105406131, 2.53767972808, 0.54426211811, 3.72408055925, 3.41720355732, 2.44088466776, 2.5648444517, 39.4211581282, 368.367628802, 0.0505681510615, 0.539033457249
0.118071275126, 0.837545850757, 2.73208725087, 0.406858597863, 30.6989942048, 8.14256552441, 0.938480486212, 2.43497278154, 33.8444247761, 166.250617254, 0.0876021185953, 0.25
0.482269175569, 0.837889122405, 2.03039464392, 0.673162892701, 90.4473258346, 26.0657091572, 0.803728071099, 0.887257166467, 40.1026092727, 145.361564882, 0.358907679864, 0.0
0.835406236742, 1.14471734344, 2.73416935571, 0.587012238463, 88.7046213389, 38.7204155973, 0.796335754288, 2.9368376169, 18.2715042354, 140.493576608, 0.578476014353, 0.1
0.121264585321, 0.837889122405, 2.00426592487, 0.673162892701, 20.7630064755, 26.0657091572, 0.578687972432, 0.0413007806293, 41.0643335252, 145.460942146, 0.235332269658, 0.0769230769231
0.561819144108, 0.945224853729, 2.48656651407, 0.525536876392, 76.9361254516, 37.3256946305, 0.927901854684, 4.00216350195, 5.71650280621, 131.922925268, 0.41981480464, 0.5
0.551038043792, 1.04791892213, 4.29955268847, 0.650683206325, 76.9361254516, 42.6584141158, 0.529020049226, 3.20491132525, 14.6484968714, 145.973766182, 0.42931109172, 0.0
0.451256521394, 0.826312427321, 2.07476934545, 0.569940024374, 29.0480093999, 23.3065276861, 0.360353440608, 3.75370543598, 31.4707586183, 152.408160506, 0.277801769494, 0.0
0.451256521394, 0.826312427321, 3.18964452, 0.424993816019, 14.2868336022, 4.37746052805, 0.360353440608, 3.97827898221, 31.4707586183, 160.399671721, 0.162858784805, 0.272727272727
0.25546684748, 0.956531494298, 4.44104260614, 0.542544584331, 2.38345459841, 5.13284538144, 1.80122148375, 3.39584613783, 37.2582161877, 554.458755696, 0.0650528771631, 0.0
0.173808691989, 0.989444971448, 3.19381552223, 0.542544584331, 2.38345459841, 15.6255044968, 1.80122148375, 3.39584613783, 37.2582161877, 333.415509143, 0.0684191049406, 0.0
0.173808691989, 0.82186242846, 3.19381552223, 0.473862041079, 49.8413130401, 15.6255044968, 0.455601833286, 4.84727051777, 29.7709136955, 163.111878908, 0.214743190427, 0.157894736842
0.159660612201, 0.891380876144, 4.42826286322, 0.461821770538, 11.6348574286, 8.07690859127, 0.978851531289, 4.84631685195, 34.8445126328, 231.813581004, 0.0978399271539, 0.0
0.714993006595, 0.911967912959, 2.33018634499, 0.531717280046, 18.605196958, 2.89753080656, 2.28923542483, 2.60111761893, 14.1335696782, 256.088123029, 0.0890480738445, 0.00934579439252
0.389663962067, 0.921579549058, 2.39031917329, 0.565887091657, 5.33282459902, 7.61159279838, 1.99356211678, 3.36715630349, 18.9298975094, 204.861125244, 0.120084447063, 0.0
0.118071275126, 0.837545850757, 3.50176013749, 0.673162892701, 30.6989942048, 8.14256552441, 0.578687972432, 2.43497278154, 43.341017275, 257.063251754, 0.0811088923977, 0.0
0.653384911543, 0.820430193378, 2.93752651934, 0.403916918248, 71.5359258227, 27.3124935335, 0.855332072954, 4.99350137855, 7.63634102268, 134.562973907, 0.494291980323, 0.363636363636
0.284571796718, 0.936235732788, 3.65647859736, 0.531260994683, 22.7607466624, 23.7056884844, 0.0682273653669, 3.81233655621, 2.86878028775, 135.992262264, 0.382029266292, 0.48
0.219962344465, 1.01043230407, 4.04688447507, 0.697572383535, 77.1437948611, 14.7291414119, 0.170508252158, 4.03837781434, 21.3518058511, 315.825915414, 0.0730194220512, 0.0
0.159660612201, 0.891380876144, 4.42826286322, 0.417720135864, 11.6348574286, 18.7383616944, 0.578687972432, 4.84631685195, 34.8445126328, 248.419138382, 0.103965289623, 0.0
0.561819144108, 1.08048566026, 2.48656651407, 0.562338440607, 42.4771854669, 26.5522390351, 0.927901854684, 4.00216350195, 8.16073014608, 134.077395333, 0.463687613205, 0.5625
0.360966278604, 0.846721584439, 2.6942539381, 0.505491846189, 38.5123840456, 27.7768834989, 0.803728071099, 4.29496442857, 40.3736710024, 136.612604675, 0.557896743669, 0.333333333333
0.178857826656, 0.828315717155, 3.50176013749, 0.461821770538, 25.6432289436, 16.355504005, 0.978851531289, 3.57548787811, 35.0115272298, 176.158787654, 0.156703283728, 0.142857142857
0.260225646438, 0.820415306074, 2.82908052863, 0.42515186186, 14.2868336022, 29.1115746807, 0.942879554691, 4.40230404949, 24.6375383256, 140.312859063, 0.417285049164, 0.571428571429
0.561819144108, 0.945224853729, 2.48656651407, 0.601400130675, 42.4771854669, 37.3256946305, 0.927901854684, 4.00216350195, 8.16073014608, 151.363560069, 0.323478043715, 0.111111111111
0.653384911543, 0.820430193378, 2.93752651934, 0.460846115875, 71.5359258227, 27.3124935335, 0.855332072954, 4.99350137855, 22.705701289, 138.946109016, 0.636090108125, 0.533333333333
0.389663962067, 0.921579549058, 2.39031917329, 0.415837525837, 5.33282459902, 19.1086956574, 1.99356211678, 3.36715630349, 18.9298975094, 175.043165021, 0.308582554549, 0.0
0.312875025071, 0.938963967659, 3.33283178753, 0.441554218166, 8.75359940881, 6.24526047219, 1.89247984794, 4.1023009872, 32.822804506, 301.769743932, 0.113921055518, 0.0
0.609132910565, 0.858597889412, 2.90994750365, 0.471448306665, 8.15174264272, 10.9048477615, 0.950733775812, 4.07207220983, 17.6555886954, 157.769148091, 0.312496918046, 0.0909090909091
0.173808691989, 0.82186242846, 3.19381552223, 0.471448306665, 49.8413130401, 15.6255044968, 0.455601833286, 4.84727051777, 29.7709136955, 201.697484671, 0.222995780247, 0.0
0.360966278604, 0.846721584439, 2.73416935571, 0.461842579537, 38.5123840456, 22.2236731538, 0.922315861072, 4.29496442857, 26.6416699593, 172.082650715, 0.367274477294, 0.0
0.430289568521, 0.856105406131, 2.53767972808, 0.54426211811, 3.72408055925, 3.41720355732, 2.44088466776, 2.5648444517, 36.3530166973, 310.332647541, 0.0877621029199, 0.196428571429
0.653384911543, 0.820430193378, 2.93752651934, 0.460846115875, 19.3598787925, 27.3124935335, 0.855332072954, 4.99350137855, 22.705701289, 144.087890531, 0.553779967374, 0.409090909091
0.151313773053, 0.932767563371, 3.09995139664, 0.40731233681, 28.9351127857, 11.9614958828, 1.91685550125, 2.22540315937, 25.5102529409, 203.363520008, 0.129410763435, 0.09375
0.191732258277, 0.867328939874, 4.04688447507, 0.644947674458, 71.5359258227, 14.7291414119, 1.99338482213, 4.99350137855, 21.3518058511, 261.338099679, 0.125773099791, 0.0
0.551038043792, 1.04791892213, 3.18964452, 0.647692368784, 76.9361254516, 3.46384142826, 0.529020049226, 3.20491132525, 31.4707586183, 235.722887061, 0.142315671569, 0.0
0.14983077996, 0.936235732788, 7.28073327899, 0.531260994683, 75.9444124503, 7.71805089895, 3.85832442894, 1.59248996232, 21.505782144, 1002.11695031, 0.0701829545515, 0.277049180328
0.681556859288, 0.846721584439, 2.13418271345, 0.505491846189, 27.1051325012, 27.7768834989, 0.922315861072, 4.29496442857, 26.6416699593, 146.037864384, 0.462259458334, 0.294117647059
0.653384911543, 0.820430193378, 2.93752651934, 0.460846115875, 71.5359258227, 27.3124935335, 0.855332072954, 4.99350137855, 7.63634102268, 150.393912014, 0.547307374627, 0.210526315789
0.312875025071, 1.14471734344, 2.73416935571, 0.587012238463, 88.7046213389, 38.7204155973, 0.796335754288, 2.9368376169, 18.2715042354, 195.046933482, 0.28180681263, 0.0
0.226523335736, 0.918627553995, 3.65647859736, 0.616656966392, 12.1690032787, 23.7056884844, 0.0682273653669, 3.81233655621, 3.99468879358, 158.612177092, 0.382153960683, 0.161290322581
0.714993006595, 0.911967912959, 2.33018634499, 0.531717280046, 41.7587087047, 2.89753080656, 0.459605557239, 2.60111761893, 14.1335696782, 156.201506653, 0.260106853085, 0.45
0.105792137219, 0.882421435365, 5.2641081654, 0.430823752424, 96.8262984892, 15.2602782515, 1.23882157785, 2.89184185348, 12.1068773514, 336.556901991, 0.0986586305833, 0.0350877192982
0.25546684748, 0.858597889412, 2.90994750365, 0.471448306665, 8.15174264272, 10.9048477615, 0.71745738437, 4.07207220983, 17.6555886954, 166.6096607, 0.172206896376, 0.466666666667
0.173323785974, 0.846963744361, 5.99686819471, 0.44513697489, 4.98588846358, 11.633215762, 3.21900339885, 3.06057394075, 22.4828623561, 671.767507378, 0.101595275613, 0.00985221674877
0.451256521394, 0.826312427321, 3.18964452, 0.424993816019, 14.2868336022, 3.46384142826, 0.360353440608, 3.97827898221, 31.4707586183, 193.592271593, 0.146636791319, 0.456140350877
0.226523335736, 0.858597889412, 3.65647859736, 0.471448306665, 12.1690032787, 10.9048477615, 0.0682273653669, 3.81233655621, 3.99468879358, 188.844174996, 0.141320400749, 0.466666666667
0.178857826656, 0.8894934353, 2.73208725087, 0.417720135864, 25.6432289436, 16.355504005, 0.938480486212, 3.57548787811, 35.0115272298, 162.930517331, 0.241798598624, 0.47619047619
0.653384911543, 0.820430193378, 2.93752651934, 0.460846115875, 71.5359258227, 40.8702985787, 0.855332072954, 4.99350137855, 7.63634102268, 154.351646541, 0.554904919345, 0.2
0.25546684748, 0.956531494298, 4.44104260614, 0.542544584331, 16.2780985819, 5.13284538144, 3.28428996443, 3.39584613783, 37.2582161877, 848.690710125, 0.0880660480423, 0.0681265206813
0.451256521394, 0.826312427321, 4.48145617132, 0.424993816019, 10.9651085742, 4.37746052805, 0.360353440608, 3.97827898221, 25.5102529409, 167.682008025, 0.217826144935, 0.357142857143
0.151313773053, 0.932767563371, 2.55369704206, 0.40731233681, 30.6137025916, 11.9614958828, 1.91685550125, 2.22540315937, 21.4291960301, 203.077657359, 0.130269839618, 0.262295081967
0.312875025071, 1.14471734344, 2.73416935571, 0.587012238463, 88.7046213389, 38.7204155973, 0.796335754288, 2.9368376169, 18.2715042354, 162.859385346, 0.438337592824, 0.157894736842
0.159660612201, 0.891380876144, 2.82916073697, 0.461821770538, 1.34518869501, 8.07690859127, 0.978851531289, 4.84631685195, 34.8445126328, 276.989416123, 0.0981984082677, 0.222222222222
0.561819144108, 1.08048566026, 2.48656651407, 0.562338440607, 73.0423304475, 27.3772299185, 0.927901854684, 3.7777193593, 1.1537023609, 152.690209003, 0.303268245548, 0.411764705882
