0.510654679479, 0.859382590054, 5.67361248955, 0.333377025574, 39.0545411883, 48.9575793718, 3.86667776535, 0.251100246205, 36.2605061115, 826.465563405, 0.544549184347, 0.0289855072464
0.598805892388, 1.09506609586, 3.66618516338, 0.453246577177, 47.33105027, 48.0040189357, 3.63380819225, 0.0415925332781, 42.9238916173, 836.403007287, 0.599842538236, 0.354838709677
0.516693071708, 1.03861602522, 3.0682332555, 0.296256967553, 29.6722055206, 49.6044510313, 3.59285429886, 0.0756837405105, 30.7156313637, 596.558550038, 0.537492107191, 0.0416666666667
0.534925104275, 0.947697048388, 2.50878200984, 0.247217146409, 47.2700159461, 49.5152261484, 3.39665674859, 0.57394985606, 36.1742385326, 412.409223685, 0.576778656332, 0.0209302325581
0.557147421955, 1.17281098938, 2.71026093839, 0.331719347206, 37.040914843, 46.2426714121, 3.23465868682, 0.105214035348, 37.7823639251, 605.710635877, 0.543400689213, 0.02457002457
0.502370619852, 1.04034629575, 3.83354004563, 0.20616180894, 14.9583837033, 46.241787892, 3.46298232696, 0.320223903888, 41.9562393853, 765.822492658, 0.624653149691, 0.452941176471
0.538192850503, 0.892802339849, 2.49735450406, 0.375096531864, 20.2516530121, 49.8874032429, 3.01972266758, 0.3406998232, 36.8112360138, 443.738508609, 0.641161544523, 0.400552486188
0.636792366789, 0.958239526415, 3.07837831709, 0.314554642314, 46.3937598299, 48.5233107305, 2.86536306546, 1.14595542065, 41.4509468098, 455.664281281, 0.418051945206, 0.636363636364
0.509914340342, 0.839468576419, 2.05294010903, 0.380439853552, 26.663291716, 47.9134621265, 3.7638965985, 0.787134973811, 39.1774743251, 380.410753564, 0.570856901929, 0.317487266553
0.540896745126, 0.911278322816, 2.60671670006, 0.225902908278, 30.9735082233, 49.0452666355, 3.98059404225, 0.890901011227, 34.9616994183, 408.522947639, 0.58169580765, 0.131313131313
0.539695192316, 1.06740930349, 2.21663185791, 0.253796741133, 32.8958656185, 48.2256975641, 3.15686147435, 1.06474635292, 36.2390730116, 420.584194196, 0.430889005643, 0.625685199687
0.619409108614, 0.877675120421, 2.62690007884, 0.437430668128, 35.2830797671, 49.8392848585, 3.7176890776, 1.64707801883, 43.8589962835, 492.012994006, 0.448012415365, 0.606090373281
0.599389587462, 0.834546549388, 2.46363618412, 0.267685280242, 32.4058427693, 49.6830752002, 2.98364872071, 1.2617226445, 43.9761261073, 354.553693916, 0.588363629791, 0.144144144144
0.544070832731, 1.06732673219, 2.33789062551, 0.30891945478, 20.6080491383, 48.2809843277, 2.18433885807, 1.3477658945, 42.3153119567, 517.898460618, 0.430658736277, 0.698717948718
0.603360820754, 0.974724133756, 2.07936873396, 0.282313904455, 20.0305743823, 49.3761167011, 3.80635812915, 0.577553582334, 42.4767597222, 404.522968206, 0.652653884359, 0.437017994859
0.647051880017, 0.91296588824, 2.80498165217, 0.430438116673, 31.6090465178, 48.4874014511, 3.94139841263, 1.37828520569, 33.8907588912, 427.881330108, 0.488096323182, 0.502114164905
0.598134436584, 0.977651544533, 2.05763668812, 0.264827277497, 23.3212207989, 49.0550779776, 3.64133663096, 0.695227218478, 31.8753484098, 375.858001419, 0.597296335168, 0.267918088737
0.518050840801, 0.838031391262, 2.22134886097, 0.218677429669, 25.4507510067, 47.3106417254, 3.41562557871, 1.58595592196, 27.3468400035, 349.38571769, 0.429874841864, 0.487922705314
0.570185819993, 1.07434265919, 2.26026985776, 0.279299496471, 25.7486706137, 48.8351769917, 2.69154184029, 1.97148730999, 42.1884046478, 364.457727402, 0.461531065113, 0.324607329843
0.59001712701, 0.837021211806, 2.59716411847, 0.254043340884, 23.1030175414, 49.7989494438, 3.99767719361, 1.22158437853, 21.0770986438, 343.403602293, 0.476777260606, 0.571296296296
0.625628837903, 0.889425566399, 2.06226414804, 0.330783589549, 13.2504496032, 48.242921111, 3.98424975458, 0.14142385266, 29.1211613105, 306.977019471, 0.614502262694, 0.203389830508
0.619905711656, 1.08460367736, 2.03701432666, 0.398773721137, 25.8208318402, 46.1445446563, 3.59898163899, 1.13169226756, 39.4640657011, 392.049571625, 0.481833561673, 0.420698924731
0.658753737615, 1.03894875831, 2.55163815424, 0.323095144018, 25.8971901117, 48.5414715304, 3.54068950536, 1.21996083822, 38.4223994511, 520.047540858, 0.444538518668, 0.588481675393
0.535735444508, 1.05429203405, 2.31702978426, 0.214987548406, 11.8916682416, 45.4319958355, 2.53591197531, 1.12437611896, 39.613696776, 338.59348835, 0.441511306906, 0.228395061728
0.594062272317, 0.929333758407, 2.17282675791, 0.29296331123, 20.7529500263, 46.8636158101, 3.88419095566, 0.686383922379, 22.7852923496, 331.439347298, 0.544381704125, 0.0292553191489
0.631479288823, 1.03979910945, 2.70079689128, 0.377617846679, 18.2583120099, 48.3318158881, 3.13353285978, 1.65045484549, 35.72407847, 517.959952574, 0.577531953968, 0.108991825613
0.63591038695, 0.936839037073, 3.2870955898, 0.25589818644, 16.6466712768, 48.8362314242, 3.47068952917, 1.94576480461, 36.9411075695, 591.193838151, 0.431234644792, 0.622395833333
0.669036189721, 0.951634586672, 2.27997012697, 0.3493973282, 19.5602986009, 45.2680152771, 3.86182805425, 0.330083130147, 25.7478269214, 319.357679959, 0.535551106733, 0.00735294117647
0.608943477931, 0.967552723831, 2.11725039259, 0.350530570946, 11.3558315813, 48.5391750323, 2.75975167013, 1.31848734058, 30.7882789596, 272.659473233, 0.478392312262, 0.548387096774
0.719246457803, 0.878308618369, 2.0158401803, 0.268741320796, 11.3208890662, 47.7451136489, 3.9815210479, 2.43864221739, 29.5485194848, 309.195742177, 0.584000925385, 0.0775
