-1.0, 2.0, 1.0, -1.0, 3.0, 3.0, 2.0, -1.0, 2.0, 1.0, -1.0, -1.0, 1.0, 0.0, 2.0, -0.767929575267, 1.0, -1.0, -1.0, -0.616459943575, -1.0, 1.0, 1.0, -0.680569334934, 0.0, 0.0, 1.0, -1.0, 0.711698673319, 0.0, -1.0, -0.270398522705, 3.0, 2.0, 3.0, 1.00436402463, 0.0, 0.0, 2.0, 2.0, 2.0, 2.32666588222, 1.0, 0.0, 1.0, 0.0, 1.0, 0.0, -0.437158411691, -0.768316713373, 96737.0, 519.0, 99534.0
2.0, 3.0, -1.0, 3.0, 0.0, -1.0, -1.0, -1.0, -1.0, 1.0, 3.0, 0.0, 0.0, 2.2561232907, 1.02031838346, -0.530013298155, 1.0, -1.0, 0.0, 2.0, 0.0, 1.0, 2.0, 2.69771895058, 0.0, 1.0, 2.0, 0.0, 3.0, -1.0, 3.0, 0.0, 1.0, 3.0, -1.0, 0.0, -1.0, 1.0, 2.0, -1.0, 0.258862870048, 2.0, 2.0, 2.0, 0.0, -1.0, 1.20208309683, 2.0, 1.71984415757, 3.0, 96774.0, 540.0, 99519.0
2.0, 0.0, -1.0, -0.0533596409339, 3.0, 1.0, 1.0, 1.0, 2.37812621548, 0.0, 0.0, 1.0, 2.0, 3.0, 1.0, 2.0, 0.0, -1.0, 2.0, 0.846935416848, 3.0, 3.0, 3.0, 0.0, -1.0, 0.0, 2.0, 3.0, 0.0, 2.0, 3.0, 2.43312402875, 3.0, 1.0, 1.0, 0.316403271366, 0.0, 2.46407529663, 2.0, 3.0, 3.0, 0.0, 2.0, 0.0, 3.0, 2.84483154676, 2.0, 2.0, -1.0, 0.0, 96226.0, 668.0, 99415.0
1.0, 3.0, 3.0, -1.0, 0.706642436244, 1.79821919703, 3.0, 0.0, 1.0, 2.0, 0.0, -1.0, -0.487278694091, 3.0, 0.0, 2.0, 1.0, 0.0, 1.0, 0.230785295835, -1.0, 1.0, 0.0, 0.0, 2.0, 3.0, 2.0, 3.0, 0.0, 2.0, 2.0, 3.0, 1.0, 1.0, 0.786688240519, 0.0, 1.57531582422, 1.0, -0.0270222301357, 2.0, 1.0, 0.0, 0.813830740107, 3.0, 0.550989111644, 1.0, 0.0, 1.0, 1.0, -1.0, 95820.0, 677.0, 99411.0
-1.0, 3.0, 3.0, -1.0, 0.0, 2.0, 3.0, 0.0, 1.0, 2.0, 0.0, -1.0, 2.0, 3.0, 0.0, 2.0, 1.0, 0.0, 1.0, 2.0, 1.95302372587, 1.0, 0.0, 0.0, 2.0, 3.0, 2.0, 3.0, 0.0, 2.0, 2.0, 3.0, 1.0, 1.0, 0.0, 0.0, 2.0, 1.0, 0.0, 2.0, 1.0, 0.0, 3.0, 3.0, 2.0, 1.0, 0.0, 1.0, 1.0, -1.0, 96046.0, 679.0, 99406.0
3.0, 1.0, 2.0, 1.0, 1.0, 2.8635162745, 3.0, -1.0, 0.845617053873, 3.0, 0.0, 3.0, 0.291755582009, 1.0, 0.0, -1.0, -0.430693150416, 2.85871455862, 1.0, 1.40584364717, 1.0, 2.0, 0.0, 2.0, -0.611544339276, -0.801937347692, 0.37313190247, 1.26791256015, 1.0, -1.0, 0.0, 1.69047656687, 2.0, -0.208072792421, 1.0, 0.0, 1.03841455728, 3.0, -1.0, 2.0, 2.94731727476, 0.0, 3.0, 1.91874364322, 1.0, 0.0, -1.0, 1.0, 2.0, -0.0680989905299, 96176.0, 617.0, 99447.0
0.0, 2.0, -1.0, 0.417816518701, 0.0, 1.0, -1.0, 0.0, 0.0, 0.508459323561, 1.0, 2.94376713252, 2.0, 0.0, 2.0, 3.0, 1.0, 0.0, 2.0, 2.0, -0.304111942259, 0.0232500229511, 2.08502782436, 0.0, 0.510512758599, -0.00326656849159, 1.0, 1.0, 2.46336287292, 0.666685357527, 0.0, 1.32168262277, 2.0, 1.14056751621, 0.0, -0.164026219023, 2.65017023487, 2.50667218733, 0.471173827612, 2.0, 3.0, 1.0, 0.0, 2.0, 2.0, -0.423298482284, 3.0, -1.0, 0.0, 1.0, 95750.0, 688.0, 99399.0
-1.0, 2.0, 1.0, -1.0, 3.0, 3.0, 2.47932348545, -1.0, -0.361934816293, 2.185449351, -1.0, -1.0, 1.0, 0.0, 2.0, -0.767929575267, 1.0, -1.0, -1.0, 0.403777720697, -1.0, 1.0, 1.0, -0.680569334934, 0.0, -0.964489621267, 1.0, -1.0, 0.711698673319, 0.0, -1.0, -0.270398522705, 3.0, 2.0, 3.0, 1.00436402463, -0.993192926062, 0.0, 2.0, 2.0, 0.0, 2.32666588222, 1.0, 0.0, 0.517648160918, 0.0, 1.0, 0.0, -0.437158411691, -0.768316713373, 96771.0, 509.0, 99548.0
-1.0, 2.0, 1.0, -1.0, 3.0, 3.0, 2.0, -1.0, 2.0, 1.0, -1.0, -1.0, 1.0, 0.0, 2.0, -0.767929575267, 1.0, -1.0, -1.0, 1.32620623727, -1.0, 1.0, 1.0, -0.680569334934, 0.0, 0.0, 1.0, -1.0, 0.711698673319, 0.0, -1.0, -0.270398522705, 3.0, 2.0, 3.0, 2.0, 0.0, 0.0, 2.0, 2.0, 2.0, 2.32666588222, 1.0, 0.0, 1.0, 0.0, 1.0, 0.0, 1.0, 2.0, 96680.0, 549.0, 99515.0
3.0, 1.0, 2.0, -1.0, 1.0, 2.0, 0.0, 2.0, -1.0, 3.0, 1.0, 1.0, 0.0, -1.0, 2.0, -1.0, 0.48497006512, 2.0, 0.376369409408, 3.0, 2.16294609891, 2.0, 0.0, 2.50248818785, 0.157761808858, 3.0, 0.0, 1.72143563994, 1.61723558702, -1.0, 0.0, 1.0, 1.0, 2.34911780073, 1.0, 0.0, 1.0, 2.02376013958, 3.0, 1.42711699468, 3.0, 0.0, 2.93087233877, -1.0, 0.0, 0.0, -0.172918973557, 1.0, 1.0, 0.0, 95973.0, 642.0, 99434.0
0.0, 2.0, 1.0, -1.0, 1.0, 2.0, 1.0, 3.0, 0.134667268813, 0.0, -1.0, 0.0, 1.0, -1.0, -1.0, 2.0, 1.0, 0.0, 2.0, -1.0, 2.0, -1.0, 1.0, 1.0, -1.0, -1.0, 3.0, 0.0, 2.0, 1.0, 2.0, 0.0, -1.0, 1.0, 2.0, -1.0, 1.0, 0.0, -0.647897098029, 3.0, 3.0, 2.0, 2.0, 0.0, 0.0, 2.0, 1.0, -1.0, 0.0, -1.0, 96687.0, 552.0, 99513.0
0.0, 2.0, -1.0, 0.417816518701, 0.0, 1.0, -1.0, 0.0, 0.0, 0.508459323561, 1.0, 2.62602744644, 2.0, 0.0, 2.0, 3.0, 1.0, 0.0, 2.0, 2.0, -0.304111942259, 0.0232500229511, 2.08502782436, 0.0, 0.0, -0.00326656849159, 1.0, 1.0, 2.46336287292, 1.0, 0.0, 1.32168262277, 2.0, 2.0, 0.0, -1.0, 2.65017023487, 0.242187998124, 0.471173827612, 2.0, 3.0, 1.0, 0.0, 2.0, 2.0, -0.423298482284, 3.0, -1.0, 0.0, 1.0, 95826.0, 676.0, 99410.0
1.0, 0.824452769684, 0.0, 2.0, 2.0, 2.0, 2.0, 2.0, -1.0, 3.0, 3.0, 2.0, 1.0, 2.0, 0.0, 0.0, 0.0, 1.0, 0.0, 1.0, 3.0, 0.0, 0.0, 1.0, 3.0, 1.0, 3.0, 0.0, 0.0, 3.0, 0.0, 1.0, -0.251893039876, 0.636349215848, 2.0, 1.62506580522, -1.0, 2.0, 2.0, 0.0, 2.0, 3.0, 1.0, -0.620994866907, 1.0, 1.0, 1.45800416733, 0.201063813869, 0.0, 2.0, 95984.0, 684.0, 99405.0
3.0, 0.0, -1.0, -1.0, 2.0, 2.0, 1.0, 2.0, 0.978068428017, 3.0, 0.0, 0.0, 0.0, 3.0, 0.0, 1.0, 1.0, 3.0, 1.0, 1.0, 1.0, -1.0, 1.0, 0.0, 3.0, 2.0, -1.0, 2.0, -1.0, -1.0, 0.695992982019, -1.0, 1.0, 0.0, 2.0, 0.0, 0.0, -1.0, 1.0, 0.0, 2.83374580793, 2.0, 2.0, 0.0, 1.0, -1.0, 0.0, 1.42315950372, 0.0, 2.0, 96134.0, 597.0, 99471.0
0.0, 3.0, -1.0, 3.0, 2.0, 1.0, -1.0, 1.0, 1.0, 0.0, 0.0, 2.0, 0.0, 1.0, 2.0, 2.0, 3.0, 0.0, 1.0, 0.0, 0.0, 1.0, 1.0, -1.0, -1.0, 1.0, 0.0, 2.0, 3.0, 2.0, 2.0, 2.0, 2.0, 1.0, 0.0, 1.0, 0.0, 2.0, 2.0, -1.0, 2.0, -1.0, 1.0, 1.0, 3.0, 1.0, -1.0, 3.0, -1.0, -1.0, 96547.0, 587.0, 99475.0
2.0, 0.0, 1.0, 0.0, 2.04103136247, -0.109402059874, -1.0, 2.65406561271, 1.0, -1.0, 0.0, 2.80651334496, 2.0, 2.0, -1.0, 2.0, 1.0, 1.0, 2.0, -0.102571660969, 2.0, -1.0, 0.0, 3.0, -0.513212754, -1.0, 2.0, -1.0, 0.0, -1.0, 1.0, 1.0, 2.0, -1.0, 0.0, 3.0, 0.0, 3.0, -0.885583688238, 1.0, 0.0, 0.583022662111, 0.0, 1.845742833, 0.0, -1.0, -1.0, 3.0, 2.0, 2.0, 96692.0, 548.0, 99519.0
2.37421764519, 0.0, 1.0, -1.0, 0.618982211575, 0.0, 0.0, 0.206100260926, -1.0, 0.520474944108, 2.0, 0.0, 1.0, 0.0, 2.0, 2.0, -0.972468026854, -0.535637215688, 0.0, 2.0, 2.0, 1.0, -1.0, 3.0, -1.0, 2.0, -0.428116359366, -1.0, 2.0, 0.0, 1.99460724486, -1.0, -0.130072680022, -1.0, 3.0, 0.39266381172, 1.0, -1.0, 2.0, 2.0, -1.0, 1.76771870094, 0.936513877617, 0.0, 1.0, 1.0, 0.0, -0.817268624229, 1.0, 2.15212717506, 96395.0, 557.0, 99508.0
2.0, 0.706125793862, 1.9095297813, -0.0503239144744, 1.68370654707, -1.0, -1.0, 0.787290461159, 3.0, 1.0, 0.0, 3.0, 0.0, 2.0, 0.0, 1.0, 3.0, 0.811407967883, 2.0, 2.0, 2.0, 0.0, 1.0, 2.78467151508, 1.01287340804, -0.191701060744, 0.0, -1.0, 0.974696686343, 1.0, 3.0, -1.0, 2.0, 1.0, 3.0, 0.0, -1.0, -1.0, 1.0, -1.0, 2.21089149956, 0.0, 1.0, -1.0, 0.0, -0.0165236601252, -0.301840898, 0.0, 3.0, 1.0, 96415.0, 600.0, 99468.0
2.0, 1.78785567962, -1.0, 3.0, 2.0, 0.0, 1.0, 1.0, 3.0, 3.0, 2.1640086229, 3.0, 2.0, 0.0, 2.0, 0.612352464738, 1.0, 3.0, -1.0, 1.0, 3.0, 0.0, 1.0, 3.0, 0.657471111203, 1.0, 1.0, 1.79364899864, 2.0, 0.0, 1.50196343055, -1.0, 1.0, 2.0, 2.0, 0.0, 2.21530226907, 0.0, 1.09453540524, -1.0, 3.0, 1.0, 0.0, 2.0, 3.0, -1.0, 3.0, 2.49270386303, 0.0, -1.0, 96403.0, 637.0, 99434.0
0.100043013045, 2.0, 1.0, -1.0, 0.456661150354, 3.0, 2.0, -1.0, 2.30893001181, 1.97793255322, -1.0, -1.0, 1.0, 0.0, 2.0, -0.143917692549, 1.0, -1.0, 1.0, 3.0, -1.0, 1.0, 1.11203432507, -0.884841810562, 0.0, 0.0, 1.29199352697, 1.29759298534, 2.0, 0.0, -1.0, 0.0, 1.0, 2.0, 3.0, 2.0, 0.0, -0.56083694213, 3.0, 0.399394304399, 2.0, 0.0, 1.21817412711, 0.0, 0.0662051527527, 0.0, 1.0, 1.0, 1.67844666274, 2.0, 96342.0, 591.0, 99481.0
0.180634596102, 1.0, 3.0, 3.0, -1.0, -1.0, 0.0, -1.0, 3.0, -1.0, 0.0, 0.0, 3.0, -0.585169976079, -1.0, 3.0, 1.0, -1.0, -1.0, -1.0, 1.0, -1.0, 3.0, 0.0, -1.0, 3.0, 0.0, 2.0, 2.0, 0.0, 3.0, 0.0, 2.0, 3.0, 2.0, 1.0, 1.0, 1.0, 2.0, 3.0, -1.0, -1.0, -1.0, 1.0, 2.0, -1.0, 1.0, 1.0, -1.0, 2.0, 97430.0, 491.0, 99590.0
0.0, 0.0, 1.94329069464, 1.0, 0.0, 2.0, 1.0, -0.245852674605, 0.0, 0.0, 2.0, 2.0, 0.0, 1.0, 2.0, 2.0, 0.0, 1.36048459902, 1.0, 1.0, -1.0, 0.0, 0.0, 0.0, 2.0, 2.0, 3.0, 1.0, 3.0, -1.0, -1.0, 2.0, 1.0, 2.0, 1.0, 0.0, 0.0, -1.0, 1.0, 1.0, 1.0, 2.0, 2.0, 2.0, 0.491503271763, -0.498164247706, 2.0, -0.276291672822, 0.0, 3.0, 95714.0, 663.0, 99417.0
2.0, 3.0, -0.601061926051, 3.0, 0.0, -1.0, -1.0, -1.0, -1.0, 1.0, -1.0, 0.0, 0.0460129670933, 2.0, 0.0, 2.45779199684, 1.0, -1.0, -0.595527524846, 1.83885905857, 0.0, 0.357289770135, 2.82752700362, 2.0, 0.0, 1.0, 2.0, -0.10164674404, 2.0, -1.0, 3.0, 0.0, 1.88136452395, 3.0, -1.0, 0.0, -1.0, 1.0, 2.0, -1.0, 1.56086777036, -1.0, 1.0, 2.0, 1.27462352593, -1.0, 2.0, 2.0, 2.0, 3.0, 96991.0, 513.0, 99545.0
2.0, 3.0, -1.0, 3.0, 0.0, -1.0, -1.0, -1.0, -1.0, 1.0, 3.0, 0.0, 0.0, 2.0, -0.402860455702, 0.0, 1.0, -1.0, 0.0, 2.99570037247, 1.0, 1.3940005584, 2.0, 2.0, 0.0, 1.0, 2.0, 1.7996223108, 3.0, -1.0, 3.0, 0.0, 1.0, 3.0, -1.0, 0.0, -1.0, 1.0, 2.0, -1.0, -0.93582330023, -1.0, 2.0, 2.0, 0.0, -1.0, -0.727861856276, 1.0, 2.0, 0.804587297611, 97017.0, 506.0, 99545.0
1.22641469493, 1.0, 3.0, 2.46740481964, -1.0, -1.0, 0.0, -1.0, 3.0, -1.0, 0.0, 0.0, 3.0, 0.0, -1.0, 1.29711431327, 1.0, -1.0, -0.260305348246, -1.0, 1.0, -1.0, 3.0, 0.0, -1.0, 3.0, 0.0, 2.0, 2.0, 0.584812152946, 3.0, -0.546112804975, 2.0, 3.0, 2.0, 1.04344752962, 1.0, 2.36647366734, 2.03605352247, 0.753471326246, -0.559718920537, -1.0, -1.0, 0.0, 2.0, -1.0, 0.240215458638, 1.0, -1.0, 2.0, 97263.0, 501.0, 99573.0
0.0, 2.7841052336, 3.0, 1.0, 0.0, 2.61656848443, 1.0, 1.0, -0.604846927794, 0.972163557625, 2.0, 2.0, 0.0, 1.99224390304, 2.0, 2.0, 0.0, 0.0, 1.55726809672, 1.0, -1.0, 0.0, 0.0, 0.0, 2.0, 2.0, 3.0, 1.0, 3.0, -1.0, -1.0, 2.0, 1.0, 2.0, 0.336724980621, 0.166107380293, 0.0, -1.0, 1.0, 1.0, 1.0, -1.0, 2.0, 2.0, 1.0, -1.0, 2.0, -1.0, 0.0, 3.0, 96307.0, 604.0, 99460.0
1.38615553348, 0.0, 3.0, -1.0, 1.58042905439, 2.0, 0.727550506014, 3.0, -0.72275604984, 1.0, 2.0, 1.0, 0.0, 1.0, 0.0, -1.0, 0.246127951853, 3.0, 1.84896528439, 0.0, -1.0, -0.952824160225, 0.775532514152, 1.61303915541, 1.0, 0.0, 2.0, 2.0, -0.290999795264, -1.0, 2.0, 1.0, 1.0, 1.0, 0.0, 1.0, 2.0, 1.0, -0.505271023905, 1.0, 0.0, 0.0, -1.0, 0.0, 0.221326402754, 1.0, 3.0, 3.0, 2.0, 2.0, 95977.0, 615.0, 99467.0
3.0, -0.0577859592303, 1.0, 3.0, 2.0, 1.0, 1.0, 1.75368470285, 3.0, 3.0, 2.60001357412, 2.30950706436, 2.0, 0.0, 1.23839635472, 2.8178049319, 1.0, 3.0, -1.0, -0.776786985558, 3.0, 0.0, 2.08045533399, 3.0, 1.0, 1.2040903418, 1.0, 2.0, 2.35490097857, 3.0, 0.820738672, -1.0, 1.0, 2.0, 2.0, -0.598758576263, 2.7469827694, 2.10211650608, 3.0, -0.440550562724, 3.0, 0.158696946973, 0.0, 2.0, 3.0, 1.90365580967, 3.0, 2.0, 2.99332815989, 1.66522902175, 96542.0, 668.0, 99413.0
1.38615553348, 0.0, 2.46305544688, -1.0, 1.58042905439, 2.0, 0.727550506014, 3.0, -0.72275604984, 1.0, 1.31292840908, 1.0, 0.0, 1.0, 0.0, 2.290650213, 0.246127951853, 3.0, 1.84896528439, 0.0, -1.0, -0.952824160225, 0.775532514152, 1.61303915541, 1.0, 0.0, 2.06872412307, 2.0, -0.290999795264, -1.0, 2.0, 1.0, 1.0, 1.0, 0.0, 1.0, -0.533872257878, 1.0, -0.505271023905, 1.0, 0.0, 0.187197232533, -1.0, 0.0, 0.221326402754, 1.0, 3.0, 3.0, 2.0, 2.0, 95970.0, 619.0, 99466.0
2.0, 0.0, 1.0, 0.0, 0.0, -0.109402059874, -0.56045817433, 1.0, 1.0, -1.0, 0.0, 1.0, 2.0, 2.0, -1.0, 2.0, 1.0, -0.239973450695, 2.0, 1.32620623727, -1.0, -1.0, 1.0, 3.0, -1.0, -1.0, 1.1803945528, -1.0, 0.0, -1.0, 1.0, 1.0, 2.0, -1.0, 0.0, 2.0, 0.0, 3.0, 0.856214919849, 1.0, 0.0, 0.0, 0.0, 1.845742833, 0.0, -1.0, -1.0, 3.0, 2.0, 2.0, 96495.0, 545.0, 99523.0
3.0, 3.0, 3.0, 2.0, 1.31715494078, 2.0, 0.0, 2.0, 2.0, -0.237238187586, 0.0, 2.0, 1.45406886349, 1.0, 2.14429752225, 1.0, -0.199412739008, 3.0, 1.0, 1.0, 3.0, 0.0, 3.0, 2.0, 1.0, 2.0, 2.0, 1.0, 0.0, 2.0, -0.308616012848, 3.0, 0.98898513963, 1.0, 1.31177871528, 1.0, 3.0, 2.084433592, 1.94358461445, 3.0, 2.0, 0.0, 0.0, 0.0, 1.0, 2.0, -0.809964454582, 2.0, 3.0, 3.0, 95966.0, 710.0, 99377.0
2.0, -0.0577859592303, 1.0, 3.0, 2.0, 1.0, 1.0, 1.75368470285, 3.0, 3.0, 2.35902565929, 3.0, 2.0, 0.0, 1.23839635472, 2.8178049319, 1.0, 3.0, -1.0, -0.776786985558, 3.0, 0.0, 2.08045533399, 3.0, 1.0, 1.2040903418, 1.0, 2.0, 2.0, 3.0, 1.0, -1.0, 1.0, 2.0, 2.0, -0.598758576263, 2.0, 2.10211650608, 3.0, -1.0, 3.0, 0.158696946973, 0.0, 2.0, 3.0, 0.268709802258, 3.0, 2.0, 2.99332815989, -1.0, 96578.0, 638.0, 99433.0
3.0, 1.0, 2.0, -1.0, 1.0, 2.0, 0.0, 2.0, -1.0, 3.0, 1.0, 1.0, 0.0, -1.0, 2.0, -1.0, 0.48497006512, 2.0, 0.376369409408, 3.0, 2.16294609891, 2.0, 0.0, 2.50248818785, 1.0, 3.0, 0.0, 1.72143563994, 3.0, -1.0, 0.0, 1.0, 1.0, 2.34911780073, 1.0, 0.0, 1.0, 2.0, 3.0, 1.42711699468, 3.0, 0.0, 1.0, -1.0, 0.0, 0.0, -1.0, 1.0, 1.0, 0.0, 96048.0, 623.0, 99442.0
-0.466519117837, -1.0, 2.0, 0.0, 0.0, 1.0, 0.920680597837, 0.0, 1.0, 0.0, 1.0, 1.0, 2.0, 0.0, 0.0, 2.0, -1.0, -1.0, 0.0, 1.0, -0.42133875334, 2.0, 3.0, 1.0, 3.0, 1.0, 2.03590372064, 1.0, 1.0, 3.0, 2.0, 0.0, 0.0, 1.96883480946, 2.63743208894, 0.0, 2.0, -1.0, -1.0, 2.0, -1.0, 0.0, 2.68176548892, 2.0, 2.0, -0.174127566742, -1.0, 1.0, 1.0, -1.0, 96252.0, 604.0, 99461.0
3.0, 3.0, 3.0, 2.0, 1.0, 2.0, 0.0, 2.0, 2.0, 1.0, 0.0, 2.79158150832, 0.0, -0.39573279517, 2.0, -0.799868814148, -0.105362079068, 2.0, 1.0, -0.752712647505, 3.0, -0.430215872431, 1.0, 2.0, 1.0, 2.0, 2.0, 1.0, 0.0, 2.0, 0.0, 2.52192841247, 3.0, 1.0, -1.0, 2.70545820202, 3.0, 0.925028429403, 1.0, 3.0, 0.0, -0.124457275249, 0.0, 0.0, 1.0, 2.31274599839, 0.0, 2.0, 3.0, 3.0, 96052.0, 681.0, 99405.0
0.0, 0.0, -0.0714902410632, -1.0, -1.0, 0.0, 0.0, 1.0, -1.0, 3.0, 2.0, 0.0, 1.0, 0.0, 2.0, 2.0, 0.0, -1.0, 0.0, 2.0, 2.26047814402, 1.0, -0.552952093599, 0.610994818485, -1.0, 2.0, 0.0, 2.0, 2.0, 0.0, 1.0, -1.0, 2.30412690067, -0.204604845497, 3.0, 1.36076553876, 1.0, -1.0, 2.0, 2.0, -1.0, 1.0, -1.0, 0.0, 1.0, 1.0, 0.0, -0.312970483265, 1.0, 2.0, 96268.0, 579.0, 99493.0
2.0, 3.0, -1.0, 3.0, 0.0, -1.0, -1.0, -1.0, -1.0, 1.0, 3.0, 0.0, 0.0, 2.0, 1.02031838346, 0.00590538688082, 1.0, -1.0, 0.0, 2.0, 0.0, 1.0, 2.0, 2.0, 0.0, 1.0, 2.0, 0.0, 3.0, -1.0, 3.0, 0.0, 1.0, 3.0, -1.0, 0.0, -1.0, 1.0, 2.0, -1.0, 0.258862870048, 2.0, 2.0, 2.0, 0.0, -1.0, 2.0, 2.0, 2.0, 3.0, 96684.0, 558.0, 99505.0
-1.0, 3.0, 1.67990844341, 3.0, 0.0, -1.0, -1.0, -1.0, -1.0, 1.0, 3.0, 0.0, 0.0460129670933, 2.0, 0.0, 0.0, 1.0, -1.0, 0.0, 0.457016040295, 0.0, 0.357289770135, 2.0, 2.0, 0.0, 1.0, 2.0, 1.26906988796, 3.0, -1.0, 3.0, 0.613845824022, 1.81287378772, 3.0, -1.0, 0.0, -1.0, 1.0, 2.0, -1.0, 1.56086777036, -1.0, 2.0, 2.0, 1.27462352593, -1.0, 2.0, 2.0, 2.0, 3.0, 96894.0, 542.0, 99517.0
3.0, 1.0, 2.00165516596, -0.874848852278, 3.0, 2.0, 0.0, 2.0, -1.0, 3.0, 1.0, 1.0, 0.0, 1.15147549033, 2.0, 1.0, 2.0, 2.0, -1.0, 3.0, 2.0, 0.620001042815, 0.0, 2.0, 1.0, 3.0, 0.0, 0.0, 3.0, -1.0, 1.0, 1.0, 3.0, 1.0, 0.0, 0.0, 1.0, 2.0, -0.666027152289, 0.0, 2.19436305107, 0.0, 1.0, -1.0, 1.7617407719, -0.277143709633, -1.0, 1.0, 1.0, 0.0, 96075.0, 625.0, 99439.0
0.0, 3.0, 0.0, 1.0, 0.0, 3.0, 3.0, -1.0, 1.0, 0.0, 3.0, 0.0, 0.0, 2.0, 2.0, 3.0, 1.0, -1.0, -1.0, 0.0, 1.0, 2.73951101832, 0.0, 0.36269483717, 2.15111261449, 0.0, 2.0, 2.0, 1.0, 3.0, 2.0, 1.0, 0.0, 1.31696422971, 2.0, 0.0, 0.0, 0.64856770303, 3.0, -1.0, 1.34060045875, 0.0, 1.0, 2.0, 0.0, 2.66148378962, 1.0, 2.0, 1.0, -1.0, 95964.0, 655.0, 99425.0
3.0, -1.0, -1.0, 2.07644918966, 1.23919725884, 1.0, 3.0, 2.0, -1.0, 1.0, 1.0, -1.0, 0.0, -1.0, -1.0, 1.0, 0.444549648792, -0.413397004638, -1.0, -1.0, 3.0, 0.615719651585, 3.0, 2.0, 2.0, 1.0, 0.0, -1.0, 2.0, -1.0, 0.0, 0.0595078923013, 0.0, 0.0, -1.0, -1.0, 3.0, 0.0, 1.0, -0.628535287016, 2.0, -0.76622472098, 3.0, 2.0, 0.0, 2.0, 2.0, -0.558878954104, 0.0, 3.0, 96817.0, 516.0, 99535.0
1.0, -1.0, 3.0, 3.0, 0.383219363335, 1.86147966708, 0.0, 2.0, 1.0, 0.0, 3.0, -1.0, 3.0, 0.0, 1.60063730959, -1.0, 2.52970586597, 3.0, 0.0, -1.0, 3.0, 1.0, 1.6283672128, 2.0, 2.0, 3.0, -0.166186294464, -1.0, 0.0, 2.0, 0.0, 1.0, 1.0, 1.0, 2.0, 3.0, 0.830001324299, 0.0, 2.0, 2.0, 2.0, 0.0, 1.0, 1.12466941679, 2.0, 2.0, 3.0, 0.0, 1.0, 2.0, 96304.0, 649.0, 99431.0
3.0, 1.0, 2.0, -1.0, 3.0, 2.0, 0.0, 2.0, -1.0, 3.0, 1.0, 1.89642712121, 0.0, -1.0, 2.0, 1.0, 2.0, 2.0, -1.0, 3.0, 2.0, -0.88182836699, 0.0, 2.0, 1.0, 3.0, 0.0, 0.0, 3.0, -1.0, -1.0, 1.0, 3.0, 1.0, 1.0, 0.0, 1.0, 2.0, 2.0, 0.0, 3.0, 1.2482729777, 1.0, -1.0, 0.0, 0.0, -1.0, 1.0, 1.0, 0.0, 96348.0, 599.0, 99470.0
3.0, 1.0, 2.0, 1.0, 1.0, 0.0, 3.0, -1.0, 2.0, 3.0, 0.0, 3.0, 1.0, 1.0, 0.0, -1.0, 1.0, 2.0, 1.0, 2.0, 1.0, 2.0, 0.0, 2.0, 1.0, 1.0, 0.0, 0.0, -1.0, 3.0, 0.0, 1.0, 2.0, 0.0, 1.0, 0.0, 0.0, 3.0, -1.0, 2.0, 3.0, 2.0, 3.0, 0.0, 1.0, 0.0, -1.0, 1.0, 2.0, 0.0, 96062.0, 650.0, 99427.0
2.0, 3.0, -1.0, 3.0, 0.0, -1.0, -1.0, -1.0, -1.0, 1.0, 3.0, 0.0, 0.0, 2.0, 0.0, 0.0, 1.0, -1.0, 0.0, 2.0, 0.0, 1.0, 2.0, 2.0, 0.0, 1.0, 2.00720511896, 0.0, 3.0, -1.0, 3.0, 0.0, 1.0, 3.0, -1.0, -1.0, 3.0, 1.0, 2.0, -1.0, 1.0, -1.0, 2.0, 2.0, 2.0, -1.0, 2.0, 2.0, 2.0, 3.0, 96927.0, 546.0, 99516.0
3.0, -0.158745097659, -1.0, -1.0, 2.0, 2.0, 1.0, 1.20733436015, -1.0, 3.0, 0.0, 0.0, 0.0, 3.0, 0.0, 1.0, 1.0, 3.0, 1.0, 0.910689789072, 1.0, -1.0, 1.0, 0.562313894838, 3.0, 2.0, -1.0, 2.0, -1.0, 1.31457048056, 2.0, -1.0, 1.0, -0.351094043125, 2.0, 0.0, 0.0, -1.0, 1.0, 0.0, 2.0, 2.0, 2.0, 0.0, 1.66916275806, -1.0, 0.0, 0.836749912034, 0.0, 2.0, 96224.0, 596.0, 99473.0
3.0, -1.0, -1.0, 2.07644918966, 1.23919725884, 1.0, 3.0, 2.0, -1.0, 1.0, 1.0, -1.0, 0.0, -1.0, -1.0, 2.38506039727, -0.177814128402, -0.413397004638, 1.0, -1.0, 3.0, 0.615719651585, 3.0, 2.0, 2.0, 1.0, 0.0, -1.0, 2.0, -1.0, 0.0, 0.0595078923013, 0.0, 0.0, -1.0, -1.0, 3.0, 0.0, 1.0, -0.628535287016, 2.0, -0.76622472098, 3.0, 2.0, 0.0, 2.0, 2.0, -0.558878954104, 0.0, 3.0, 96772.0, 530.0, 99522.0
-1.0, 2.0, 1.0, -1.0, 1.0, 3.0, 2.0, -1.0, 2.0, 1.0, -1.0, -1.0, 1.0, 0.0, 2.0, -1.0, 1.0, -1.0, 1.0, 3.0, -1.0, 1.0, 1.0, -1.0, 0.0, 0.0, 1.0, -1.0, 2.0, 0.0, -1.0, 0.0, 1.0, 2.0, 3.0, 2.0, 0.0, 0.0, 3.0, 2.0, 2.0, 2.0, 1.0, 0.0, 1.0, 0.0, 1.0, 0.0, 1.0, 2.0, 96571.0, 563.0, 99502.0
-1.0, 3.0, 3.0, -1.0, 0.706642436244, 2.0, 3.0, 0.0, 1.0, 2.0, 0.0, -1.0, 2.0, 3.0, 0.0, 2.0, 1.0, 0.0, 1.0, 2.27561399314, -1.0, 1.0, 0.0, 0.0, 2.0, 3.0, 2.0, 3.0, 0.0, 2.0, 2.0, 3.0, 1.0, 1.0, 0.0, 0.0, 2.0, 1.0, 0.0, 2.0, 1.0, 0.0, 0.813830740107, 3.0, 2.0, 1.0, 0.0, 1.0, 1.0, -1.0, 96041.0, 662.0, 99420.0
1.0, -1.0, 2.0, 0.0, 0.0, -1.0, 0.920680597837, 0.0, 1.0, -0.0806347532468, 1.0, 1.0, 2.0, 0.0, 0.0, 2.0, -1.0, -1.0, 0.0, 1.0, -0.42133875334, 2.0, 3.0, 1.0, 3.0, 1.0, 2.0, 1.0, 1.0, 3.0, 2.0, 0.0, 0.0, 0.0, 2.0, 0.0, 2.0, -1.0, -1.0, 2.0, -1.0, 0.0, 2.68176548892, 2.0, 2.0, 2.0, -1.0, 1.0, 1.0, -1.0, 96395.0, 588.0, 99479.0
2.57039499156, -1.0, -1.0, 0.0, 2.0, 0.0, 3.0, 2.0, -1.0, 1.0, 1.0, -1.0, 0.56987162282, -1.0, -1.0, 0.0, 2.0, 2.0, -1.0, -1.0, 3.0, 0.34447791613, 3.0, 2.20369780409, 2.0, 2.99683973134, 0.0, -1.0, 2.0, -1.0, 0.0, 0.339723658858, 0.0, 0.0, 2.50804452703, -1.0, 3.0, 0.0, 1.09453540524, 1.0, 2.0, 0.0, 3.0, 2.0, 0.0, 2.0, 2.0, -0.838556133855, 0.0, 3.0, 96621.0, 560.0, 99499.0
0.0, 3.0, -0.464643778835, 3.0, 2.0, 1.0, -1.0, 1.0, 1.0, 0.0, 0.0, 2.0, 0.0, 2.0, 2.0, 2.0, 3.0, 0.0, 1.0, 0.0, 0.0, 2.86402378877, 1.0, -1.0, -1.0, 1.0, 0.0, 2.0, 3.0, 2.0, 2.0, 2.0, 2.0, 1.0, 0.0, 1.0, 0.0, 2.0, 2.0, -1.0, 2.48331492679, -1.0, 1.0, 1.0, 3.0, 1.0, -1.0, 3.0, -1.0, -1.0, 96552.0, 600.0, 99465.0
3.0, -1.0, -1.0, 0.0, 1.33822866724, 1.0, 3.0, 2.0, -1.0, 2.87252816094, 1.0, -1.0, 0.0, -1.0, -1.0, 1.0, 2.0, 0.115370649559, -1.0, -1.0, 3.0, 2.0, 3.0, 2.0, 2.0, 1.0, 0.0, -1.0, 2.0, -1.0, 0.0, 0.0, 0.0, 0.0, 2.0, -1.0, 3.0, 0.0, 1.0, 0.675117768271, 2.0, -0.76622472098, 3.0, 2.0, -0.895510746317, 2.0, 2.0, 1.0, 0.0, 3.0, 96891.0, 543.0, 99518.0
3.0, -1.0, -1.0, -1.0, 0.0, 1.0, -1.0, 0.0, 2.0, -1.0, -0.292549227815, 2.0, 0.0, 0.0, -1.0, 1.0, -1.0, 1.56109594642, 0.0, 1.0, 1.0, 0.0, 0.0, 3.0, 0.0, 2.0, 0.0, 2.0, 1.0, 2.0, -0.740966908142, 1.0, 3.0, 2.0, 2.0, 0.0, -1.0, -0.83456180383, 2.0, -1.0, 0.0, 1.0, 0.465617545446, 2.0, 2.0, 3.0, -0.493465447782, 1.0, 2.90776070644, -0.768316713373, 96654.0, 554.0, 99511.0
2.0, 2.0, -1.0, 2.22062073151, 0.0, 3.0, 0.0, -1.0, 1.0, -1.0, 1.0, -1.0, 2.0, 0.0, 2.0, -1.0, 1.0, -1.0, 0.0, 1.0, -1.0, 2.0, 1.0, 0.0, 2.0, -1.0, -1.0, 2.0, 1.0, 3.0, 1.0, -1.0, 0.360915961904, 2.16403357797, -0.973872843998, 0.25707339504, 1.0, 2.0, -0.359618845948, 2.05333961141, 2.63634253402, 2.0, -1.0, 2.83488690442, 1.0, 3.0, -1.0, 3.0, 0.951663109208, 1.0, 96771.0, 540.0, 99530.0
3.0, 0.0, -1.0, -1.0, 2.0, 2.0, 1.0, 2.0, -1.0, 3.0, 0.0, 0.0, 0.0, 3.0, 0.0, 1.0, 1.0, 3.0, 1.0, 1.0, 1.0, -1.0, 1.0, 0.0, 3.0, 2.0, -1.0, 2.0, -1.0, -1.0, 2.0, -1.0, 1.0, 0.0, 2.0, 0.0, 0.0, -1.0, 1.0, 0.0, 2.0, 2.0, 2.0, 0.0, 1.0, -1.0, 0.0, 1.0, 0.0, 2.0, 96203.0, 581.0, 99482.0
0.0, 2.7841052336, 3.0, 1.0, 0.0, 2.61656848443, 1.0, 1.0, -0.604846927794, 0.972163557625, 2.0, 1.43514156501, 0.150708881124, 2.51696851989, 2.61214615924, 2.0, 0.0, 0.0, 1.55726809672, 1.0, -1.0, 0.0, 0.0, 0.0, 2.0, 2.0, 3.0, 1.0, 3.0, -1.0, -1.0, 2.51174745831, 1.0, 0.515599190931, 1.0, 0.0, 0.0, -1.0, 1.0, 1.0, 1.0, -1.0, 2.0, 2.0, 1.0, -1.0, 1.66411835176, -1.0, -1.0, 3.0, 96505.0, 589.0, 99473.0
0.0, 0.0, 3.0, 1.0, 0.0, 2.0, 1.0, 1.0, 0.0, 0.0, 2.0, 2.0, 0.0, 1.0, 2.0, 2.0, 0.0, 0.0, 1.0, 1.0, -1.0, 0.0, 0.0, 0.0, 2.0, 2.0, 3.0, 1.0, 3.0, -1.0, -1.0, 2.0, 1.0, 2.0, 1.0, 0.0, 0.0, -1.0, 1.0, 1.0, 1.0, 2.0, 2.0, 2.0, 1.0, -1.0, 2.0, -1.0, 0.0, 3.0, 95938.0, 634.0, 99436.0
1.38615553348, 0.0, 3.0, -1.0, 1.58042905439, 1.37778017237, 0.381923477793, 3.0, -0.493629454858, 1.0, 2.0, 1.0, 0.710517505752, 1.0, 0.0, -1.0, 0.246127951853, 3.0, 2.73715296472, 0.0, -1.0, -0.987871621956, 0.775532514152, 0.021903979789, 1.0, 0.0, 2.0, 2.0, -0.613006666909, -1.0, 2.0, 1.0, 1.0, 1.0, 0.590014474323, 1.02088838031, 2.0, 1.0, -0.505271023905, 1.0, 0.0, 0.0, -1.0, 0.0, 0.221326402754, 1.0, 3.0, 3.0, 2.0, 2.0, 95950.0, 617.0, 99470.0
0.0, -0.611949942507, 0.0, 1.0, 0.0, 2.0, 1.0, 0.658182356264, 2.43936563762, -0.0990706234536, 2.0, 2.0, 0.0, -0.314145994875, 2.0, 2.0, 0.998702610317, 0.0, 1.96472081279, 1.75086781305, -1.0, 0.0, 0.0, 0.0, 2.0, 1.58520055186, 3.0, 1.0, 2.65849497348, -1.0, -1.0, 2.0, 1.0, 2.0, 1.0, 0.0, 0.0, -1.0, 1.0, 1.0, 1.41111467901, 0.772755096466, 2.0, 2.0, 1.0, -1.0, 2.0, -0.919988421765, 1.0, 3.0, 96168.0, 617.0, 99449.0
2.0, 0.706125793862, 1.9095297813, -0.0503239144744, 1.68370654707, -1.0, -1.0, 0.787290461159, 3.0, 1.0, 0.0, 2.80651334496, 0.0, 2.0, -1.0, 1.0, 1.27193597205, 0.811407967883, 2.0, -0.663153465182, 2.0, 0.0, 1.50965977783, 2.10033482005, 1.01287340804, -0.191701060744, 0.0, 0.727424159415, -0.865096385798, 1.0, 3.0, -1.0, 2.77886449714, 1.0, 3.0, 0.0, -1.0, -1.0, 1.0, -1.0, 2.21089149956, 0.0, 1.0, -1.0, 0.0, -0.0165236601252, -0.301840898, 0.0, 3.0, 1.0, 96615.0, 565.0, 99496.0
3.0, 0.0, -1.0, -1.0, 2.0, 2.0, 1.0, 2.0, 0.978068428017, 3.0, 0.0, 0.0, 0.0, 3.0, 0.0, 1.0, 1.0, 3.0, 1.0, 1.0, 1.0, -1.0, 1.0, 0.0, 3.0, 2.0, -1.0, 2.0, 1.55495608782, -1.0, 0.695992982019, -1.0, 1.0, 1.74409594608, 2.0, 0.0, 0.0, -1.0, 1.0, 1.23354764845, 2.83374580793, 2.0, 2.0, 0.0, 1.0, -1.0, 0.0, 0.858156162097, 0.0, 2.0, 96150.0, 611.0, 99457.0
-0.199903964452, 0.0, 2.0, 1.0, 3.0, -1.0, 1.0, 1.0, 3.0, 1.0, 3.0, 3.0, 0.643872599426, 0.0, 2.0, 3.0, 0.0, -0.281683042186, 2.0, 2.0, 1.0, 3.0, 1.0, 1.0, 0.0, 1.0, 1.0, 2.0, 0.0977470989774, -1.0, 2.0, 1.0, 1.0, 0.0, 1.0, 3.0, 2.0, -1.0, 2.0, -1.0, 3.0, 3.0, 1.0, 3.0, 0.00849240521868, 2.0, 2.0, 2.0, 0.0, 1.0, 96207.0, 661.0, 99420.0
-1.0, 3.0, 1.67990844341, 1.0, 0.0, -1.0, -1.0, -1.0, -1.0, 1.0, 3.0, 0.0, 0.0460129670933, 2.0, 0.0, 0.0, 1.0, -1.0, 0.0, 0.457016040295, 0.0, 0.357289770135, 2.0, 2.0, 0.0, 0.0, 2.0, 1.26906988796, 3.0, -1.0, 3.0, 0.613845824022, 1.81287378772, 3.0, -0.386779315321, 0.0, -1.0, 1.0, 2.0, -1.0, 1.36294292866, -1.0, 2.0, -0.631989488481, 0.0406978702413, -1.0, 2.0, 2.0, 2.0, -1.0, 96799.0, 527.0, 99526.0
2.0, -0.253458269983, 1.0, 3.0, 2.0, 1.0, 1.0, 1.75368470285, 3.0, 3.0, 2.69995460395, 3.0, 2.0, 0.424431588868, 2.0, 2.39534781002, 1.0, 3.0, -1.0, -0.815905038104, 3.0, 0.0, 1.2821850905, 3.0, 1.0, 1.2040903418, 1.19498989963, 2.0, 2.0, 3.0, 1.0, 0.0, 2.73285078091, 2.0, 2.0, -0.598758576263, 1.41807362575, 2.10211650608, 3.0, -1.0, 3.0, 0.158696946973, 0.0, 2.0, 0.0, 0.9182229923, 3.0, 2.0, 2.99332815989, -1.0, 96552.0, 654.0, 99425.0
0.355230455744, 0.0, -1.0, -0.185402940904, 2.58692788242, 1.89212055232, 1.0, 2.0, -1.0, 3.0, 0.0, 0.0, 1.53780537849, 3.0, 0.0, 1.0, 1.0, 3.0, 0.447326504521, 1.0, 0.129016075663, -1.0, 1.0, 0.0, 2.50630920737, 2.0, -1.0, 2.0, -1.0, -1.0, 2.06311253602, -1.0, 1.0, 0.0, 1.0, 0.0, 0.0, -1.0, 1.14562949452, -0.829338171346, 2.0, 2.0, 2.74402769598, 2.74886661781, 3.0, -1.0, 0.0, 1.30467158073, 0.0, 2.0, 96433.0, 573.0, 99488.0
3.0, 1.0, 2.0, -1.0, 3.0, 2.0, 0.0, 2.0, -1.0, 3.0, 1.0, 1.0, 0.0, -1.0, 2.0, 1.0, 2.0, 2.0, -1.0, 3.0, 2.0, 2.0, 0.0, 2.0, 1.0, 3.0, 0.0, 0.0, 3.0, -1.0, -1.0, 1.0, 3.0, 1.0, 1.0, 0.0, 1.0, 2.0, 2.0, 0.0, 3.0, 0.0, 1.0, -1.0, 0.0, 0.0, -1.0, 1.0, 1.0, 0.0, 96243.0, 611.0, 99455.0
1.38615553348, 0.0, 3.0, -1.0, 1.58042905439, 2.0, 0.727550506014, 3.0, -0.72275604984, 1.0, 2.0, 1.0, 0.0, 1.0, 0.0, -1.0, 0.246127951853, 3.0, 2.73715296472, 0.0, -1.0, -0.952824160225, 0.775532514152, 0.021903979789, 1.0, 0.0, 2.0, 2.0, -0.613006666909, -1.0, 2.0, 1.0, 1.0, 1.0, 0.0, 1.02088838031, 2.0, 1.0, -0.505271023905, 1.0, 0.0, 0.0, -1.0, 0.0, 0.221326402754, 1.0, 3.0, 3.0, 2.0, 2.0, 96053.0, 601.0, 99481.0
2.0, 2.0, -1.0, 2.22062073151, 0.0, 3.0, 0.0, -1.0, 1.0, -1.0, 1.0, -1.0, 2.0, 0.0, 2.0, -1.0, 1.0, -1.0, 0.0, 1.0, -1.0, 2.0, 1.0, 0.0, 2.0, -1.0, -1.0, 2.0, 1.0, 3.0, 1.0, -1.0, 0.360915961904, 2.0, 1.0, 0.25707339504, 1.0, 2.0, -0.359618845948, 2.05333961141, 3.0, 2.0, -1.0, 2.0, 1.0, 3.0, -1.0, 3.0, 1.0, 1.0, 96672.0, 551.0, 99520.0
0.0, 0.0, 3.0, 1.0, 0.0, 2.0, 1.0, 0.979058309874, -0.512131970592, -0.0990706234536, 2.0, 2.0, 0.0, -0.314145994875, 2.0, 2.0, -0.702518197968, -0.662421760318, 1.0, 1.75086781305, -1.0, 0.0, 0.0, -0.327849280021, 2.0, 2.0, 3.0, 0.442740077629, 3.0, 2.3468855148, -1.0, 2.0, 1.0, 2.0, 1.0, 0.0, 0.0, -1.0, -0.818921173644, 1.02707635736, 1.0, 2.0, 2.0, 2.0, 1.34361955015, -1.0, 2.0, -1.0, 1.0, 3.0, 96262.0, 592.0, 99472.0
3.0, 0.0, -1.0, -0.185402940904, 2.58692788242, 1.89212055232, 1.0, 2.0, -1.0, 3.0, 0.788978378711, -0.870189951687, 1.53780537849, 2.0, 0.0, 1.0, 1.0, 3.0, 0.447326504521, 1.0, 0.129016075663, -1.0, 1.0, -0.780044554708, 3.0, 2.0, -1.0, 2.0, -1.0, -1.0, 2.06311253602, -1.0, 1.0, 0.0, 1.92149245754, 0.0, 0.0, -1.0, 1.0, -0.829338171346, 2.0, 2.0, 2.74402769598, 2.74886661781, 0.485399058331, -1.0, 0.0, 1.30467158073, 0.0, 2.0, 96745.0, 544.0, 99517.0
1.0, 0.0, 0.0, 3.0, 0.0, 0.215199331175, 2.0, 3.0, 1.0, 2.0, 2.0, 0.0, 1.0, -1.0, 1.0, 2.0, 1.0, 0.0, 0.0, 1.0, 1.0, 2.40925268605, 2.0, 3.0, 3.0, 1.0, 2.0, 0.0, 1.57386176208, -1.0, 0.0, 1.10462005745, 1.45622660974, 2.0, 2.0, 2.0, 0.886048219128, 0.0, 1.56786577787, 1.81798956388, 3.0, -1.0, 3.0, 3.0, 0.971670565825, 2.0, -0.59435469683, 0.0, 3.0, 2.0, 96249.0, 669.0, 99411.0
3.0, 3.0, 3.0, 2.0, 1.0, 2.0, -0.314434817985, 2.0, 2.0, 1.0, -0.251598170527, 2.48388660257, 0.0, 0.224187410076, 1.14335090863, -0.799868814148, 0.317295959257, 3.0, 1.0, 1.0, 3.0, 0.0, 1.0, 2.0, 1.0, 1.20098617373, 2.0, 1.0, 0.0, 2.0, 0.0, 3.0, 3.0, 1.0, 1.10067543149, 2.67967751583, 0.496710997313, 2.0, 0.425097553038, 3.0, 0.0, -0.124457275249, 0.0, 0.0, 1.0, 2.31274599839, -0.918071538474, 2.0, 3.0, 3.0, 95866.0, 692.0, 99391.0
0.0, 2.0, -1.0, 1.0, 0.0, 2.01465854323, -1.0, 0.0, 1.0, 1.0, 1.0, 2.0, 0.0, 0.0, 2.0, 3.0, 1.0, -0.496387550373, 2.0, 2.0, -1.0, -1.0, 2.91654952661, 0.0, 0.0, 0.0, 1.0, 1.0, 1.0, 1.0, 0.0, 1.0, 2.90515014711, 2.0, 0.0, 0.0, -1.0, -1.0, 3.0, 2.0, 3.0, 1.0, 0.0, 2.30419331135, 0.0, 0.0, 3.0, -1.0, -0.00331310712351, 1.0, 95990.0, 627.0, 99452.0
3.0, -1.0, -1.0, 0.0, 1.23919725884, 1.0, 3.0, 2.0, -1.0, 1.0, 1.0, -1.0, 0.0, -1.0, -1.0, 1.0, 2.0, -0.413397004638, -1.0, -1.0, 3.0, 2.0, 3.0, 2.0, 2.0, 1.0, 0.0, -1.0, 2.0, -1.0, 0.0, 0.0, 0.0, 0.0, 2.0, -1.0, 3.0, 0.0, 1.0, 0.675117768271, 2.0, -0.76622472098, 3.0, 2.0, 0.0, 2.0, 2.0, 1.0, 0.0, 3.0, 96719.0, 556.0, 99507.0
-1.0, 3.0, 3.0, -1.0, 0.706642436244, 2.0, 3.0, -0.889884736661, 1.0, 2.0, 0.0, -1.0, 2.0, 3.0, 0.0, 1.0, 0.549923543818, 0.0, 1.0, 2.27561399314, -1.0, 1.0, 0.0, 0.0, 2.0, 3.0, 2.0, 3.0, 0.0, 2.0, 2.0, 3.0, 1.0, 1.0, 0.0, 0.0, 2.0, 1.0, 0.0, 2.0, 1.0, 0.0, 0.813830740107, 3.0, 2.0, 1.0, 0.0, 1.0, 1.0, -1.0, 96143.0, 648.0, 99432.0
3.0, 0.0, -1.0, -1.0, 2.0, 2.0, 1.0, 2.0, -1.0, 3.0, 0.0, 0.0, 0.0, 3.0, 0.0, 1.0, 2.63087245646, 3.0, 1.0, 1.13017002474, 1.0, -1.0, 1.0, 0.0, 2.74190032115, 2.0, -1.0, 2.0, -1.0, -1.0, 2.0, -1.0, 1.0, 0.0, 2.0, 0.0, -0.346828092943, -1.0, 1.0, 0.0, 2.0, 2.0, 2.0, -0.927162664217, 1.0, -1.0, 0.0, 1.0, -0.45377122136, 2.0, 96356.0, 566.0, 99494.0
3.0, 3.0, 3.0, 2.0, 1.0, 2.0, 0.0, 2.0, 2.0, 1.0, -0.251598170527, 2.0, 0.0, 0.224187410076, 2.0, -0.799868814148, 0.317295959257, 3.0, 1.0, 1.0, 3.0, 0.0, 1.0, 2.0, 1.0, 2.0, 2.0, 1.0, 0.0, 2.0, 0.0, 3.0, 3.0, 1.0, 2.0, 2.23267643281, 3.0, 2.0, 1.0, 3.0, 0.0, -0.124457275249, 0.0, 0.0, 1.0, 2.31274599839, 0.0, 2.0, 3.0, 3.0, 95899.0, 711.0, 99383.0
0.180634596102, 1.0, 3.0, 3.0, -1.0, -1.0, 0.0, -1.0, 3.0, -1.0, 0.0, 0.0, 3.0, -0.585169976079, -1.0, 3.0, 0.786184270217, -0.95010835611, -1.0, -1.0, 1.0, -1.0, 3.0, 0.0, -1.0, 3.0, -0.305476545346, 2.0, 2.24923220028, 0.0, 2.12081855829, 0.0, 2.0, 3.0, 2.0, 1.0, 1.0, 1.0, 2.51198643986, 3.0, -1.0, -1.0, -1.0, 1.0, 3.0, -1.0, 0.642099872493, 1.0, -1.0, 2.0, 97436.0, 491.0, 99590.0
0.94201062392, 3.0, 3.0, 2.0, 0.0, 2.0, 0.0, 2.0, 2.0, 1.0, 0.0, 2.0, 0.0, 1.0, 2.0, 1.0, -1.0, 1.45795803206, 1.0, 1.0, 3.0, 0.0, 3.0, 2.12283454572, 1.0, 2.0, 2.0, 1.0, 0.0, 2.0, 0.0, 3.0, 3.0, 0.0903072216914, -1.0, 2.21498528258, 3.0, 2.0, 1.0, 3.0, 0.0, 0.0, 0.0, 2.24512010467, 1.0, 2.0, 0.0, 2.0, -0.298687293671, 3.0, 95900.0, 707.0, 99392.0
1.0, 0.824452769684, 0.0, 2.0, 2.0, 2.0, 2.0, 2.0, -1.0, 3.0, 3.0, 2.0, 1.0, 2.0, 0.0, 0.0, 0.0, 1.0, 0.0, 1.0, 3.0, 0.0, 0.0, 1.0, 3.0, 1.0, 3.0, 0.0, 0.0, 3.0, 0.0, 1.0, -0.251893039876, 0.636349215848, 2.0, 1.62506580522, -1.0, 2.0, 2.0, 0.0, 2.0, 3.0, 1.0, 0.0, 1.0, 1.0, 1.45800416733, 0.201063813869, 0.0, 2.0, 95887.0, 699.0, 99393.0
1.22641469493, 1.0, 3.0, 2.46740481964, -1.0, -1.0, 0.0, -1.0, 3.0, 2.52323520193, 0.0, 0.0, 3.0, 1.1451856519, -1.0, 1.29711431327, 1.0, -1.0, -0.260305348246, -1.0, 1.0, -1.0, 3.0, 0.0, -1.0, 3.0, 0.0, 2.0, 2.0, 0.584812152946, 3.0, -0.546112804975, 2.0, 3.0, 2.0, 1.04344752962, 1.0, 0.534880281019, 2.03605352247, 0.753471326246, -0.559718920537, -1.0, -1.0, 0.0, 2.0, -1.0, 0.240215458638, 1.0, -1.0, 2.65793664122, 97215.0, 513.0, 99558.0
2.0, 3.0, -1.0, 3.0, 0.0, -1.0, -1.0, -1.0, -1.0, 1.0, 3.0, 0.0, 0.0, 2.0, 0.0, 0.0, 1.0, -1.0, 0.0, 2.95068246887, 0.0, 1.0, 2.0, 2.0, 0.0, 1.0, 2.0, 0.0, 3.0, -1.0, 3.0, 0.0, 1.0, 3.0, -1.0, 0.0, -1.0, 1.0, 2.0, -1.0, -0.93582330023, -1.0, 2.0, 2.0, 0.0, -1.0, 2.0, 2.0, 2.0, 3.0, 96944.0, 525.0, 99537.0
2.0, 2.04868981822, 3.0, 3.0, -1.0, -1.0, 0.0, -1.0, 3.0, -1.0, 0.0, 0.0, 3.0, 0.0, -1.0, 3.0, 1.0, -1.0, -1.0, -1.0, 0.0, -1.0, 0.874375397932, 0.0, -1.0, 3.0, 0.0, 2.68959812885, 2.0, 0.0, 3.0, 0.0, 2.0, 3.0, 2.0, 1.0, 1.0, 1.0, 2.0, 3.0, -1.0, -1.0, -1.0, 0.0, 2.0, -1.0, 0.0597663061086, 2.0, -1.0, 2.0, 97360.0, 503.0, 99578.0
-0.444544467958, 1.0, 3.0, 3.0, -1.0, -1.0, 0.0, -1.0, 3.0, -1.0, 0.0, 0.0, 3.0, -0.585169976079, 0.279916866155, 3.0, 1.0, -1.0, -1.0, -1.0, 1.60707905348, -1.0, 3.0, -0.146275781776, -1.0, 3.0, 0.0, 2.0, 2.0, -0.289284006801, 3.0, 0.0, 2.0, 3.0, 2.0, 1.0, 1.0, 1.0, 2.0, 3.0, -1.0, -1.0, -1.0, 0.353686702498, 2.0, -1.0, 1.94463457016, 1.0, -1.0, 2.0, 97299.0, 506.0, 99579.0
-1.0, 3.0, 1.67990844341, 1.0, 0.0, -1.0, -1.0, -1.0, -1.0, 1.0, 3.0, 0.0, 0.0460129670933, 2.0, 0.0, 0.0, 2.34290050692, -1.0, 0.0, 0.457016040295, 0.0, 0.357289770135, 2.0, 2.0, 0.0, 0.0, 2.0, 1.26906988796, 3.0, -1.0, 3.0, 0.613845824022, 1.81287378772, 3.0, -0.386779315321, 0.0, -1.0, 1.0, 2.0, -1.0, 1.36294292866, -1.0, 2.0, -0.631989488481, 0.0406978702413, -1.0, 2.0, 2.0, 2.17544001716, -1.0, 96827.0, 527.0, 99526.0
2.0, 2.0, -1.0, 2.22062073151, 0.0, 3.0, 0.0, -1.0, 1.0, -1.0, 1.0, 0.819191602757, 2.0, 0.0, 2.0, -0.883254419699, 1.0, -1.0, 0.0, 1.0, -1.0, 2.0, 1.0, 0.0, 2.0, -1.0, -1.0, 2.0, 1.0, 3.0, 1.0, -1.0, 0.360915961904, 2.0, 1.0, 0.25707339504, 1.0, 1.67932637096, 0.710924585679, 2.05333961141, 3.0, -0.730120476418, -1.0, 2.0, 1.0, 3.0, -1.0, 3.0, 1.0, 1.0, 96692.0, 550.0, 99519.0
2.0, 0.0, 1.0, 0.0, 2.04103136247, -0.109402059874, -1.0, 2.65406561271, 0.50166601762, -1.0, 0.0, 2.80651334496, 2.0, 1.0, -1.0, 2.60339827159, 1.0, 1.0, 2.0, -0.102571660969, 2.33111466503, -1.0, 0.0, 3.0, -0.513212754, -1.0, 2.0, -1.0, -0.974459119234, -1.0, 1.0, 0.0, 2.0, -1.0, 0.0, 3.0, 0.0, 3.0, -0.885583688238, 1.0, 0.0, 0.365190221935, 0.0, 1.845742833, 0.0, -1.0, -1.0, 3.0, 2.0, 2.42349315102, 96776.0, 534.0, 99533.0
3.0, 0.0, -1.0, -0.185402940904, 2.58692788242, 1.89212055232, 1.0, 2.0, -1.0, 3.0, 0.0, 0.0, 1.53780537849, 3.0, 0.0, 1.0, 1.0, 3.0, 0.447326504521, 1.0, 0.129016075663, -1.0, 1.0, 0.0, 3.0, 2.0, -1.0, 2.0, -1.0, -1.0, 2.06311253602, -1.0, 1.0, 0.0, 1.92149245754, 0.0, 0.0, -1.0, 1.0, -0.829338171346, 2.0, 2.0, 2.74402769598, 2.74886661781, 3.0, -1.0, 0.0, 1.30467158073, 0.0, 2.0, 96525.0, 573.0, 99488.0
3.0, 1.0, 2.0, -1.0, 1.0, 2.0, 0.0, 2.0, -1.0, 0.888152080196, 0.319587787812, 1.0, 0.0, -0.918951672748, 2.0, 1.0, 2.0, 2.0, -1.0, 3.0, 2.16294609891, 2.0, 0.0, 2.0, 1.0, 3.0, 0.0, 1.72143563994, 2.84679505341, -1.0, -1.0, 2.21900530768, 3.0, 1.0, 0.181416954982, 0.0, 1.0, 2.0, 2.0, -0.216366825115, 3.0, 2.0, 1.0, -1.0, 0.0, 2.82382340407, -1.0, 0.0, 0.27084686274, 1.09252742515, 96265.0, 611.0, 99455.0
2.0, -0.253458269983, 1.0, 3.0, 2.0, 1.0, 1.0, 1.75368470285, 3.0, 3.0, 2.69995460395, 3.0, 2.0, 0.424431588868, 2.0, 2.39534781002, 1.0, 3.0, -1.0, -0.956416555748, 3.0, 1.16307965192, 1.2821850905, 3.0, 1.0, 1.96490384644, 1.19498989963, 2.0, 2.0, 3.0, 1.0, 0.0, 2.73285078091, 2.0, 2.02310664032, -0.598758576263, 1.41807362575, 2.97498152596, 3.0, -1.0, 3.0, 0.158696946973, 0.0, 2.0, 0.0, 0.9182229923, 3.0, 2.0, 2.99332815989, -1.0, 96612.0, 654.0, 99425.0
3.0, -0.0815110011215, 2.0, 1.0, 3.0, 2.0, 2.0, 3.0, 1.0, -0.407618087455, 2.37294118517, 2.0, 1.25037423355, 1.0, 2.84758305683, 1.41898106023, 3.0, 0.0, 1.0, 3.0, 1.95302372587, 0.680081323617, 2.0, 0.0, -1.0, 2.0, 2.0, 0.18641448367, 1.0, 1.0, 1.63515742057, 0.88746188225, 2.0, -1.0, 2.0, 0.0, 1.0, 1.0, -1.0, -0.767541168063, 2.3744700547, 1.83699263464, 2.0, 3.0, 3.0, 0.0, 0.0, -1.0, 0.274537970857, -1.0, 96396.0, 646.0, 99435.0
1.0, 3.0, 3.0, -1.0, 0.706642436244, 2.0, 3.0, 0.0, 1.0, 2.0, 0.0, -1.0, 2.0, 3.0, 0.0, 2.0, 1.0, 0.0, 1.0, 2.27561399314, -1.0, 1.0, 0.0, 0.0, 2.0, 3.0, 2.0, 3.0, 0.0, 2.0, 2.0, 3.0, 1.0, 1.0, 0.786688240519, 0.0, 2.0, 1.0, 0.0, 2.0, 1.0, 0.0, 0.813830740107, 3.0, 0.550989111644, 1.0, 0.0, 1.0, 1.0, -1.0, 95944.0, 677.0, 99411.0
1.0, 2.0, 0.0, 2.11400763099, 3.0, 0.0, 1.0, 3.0, 2.0, 3.0, 3.0, 3.0, 1.0, 0.0, 2.0, 2.0, 1.0, 0.0, 1.0, -0.340984982407, 3.0, 1.51574772729, 2.48068935994, -1.0, 0.0254925426082, 2.0, 0.135226101434, 1.0, 2.0, 0.0, 2.0, 1.0, 3.0, 1.0, 1.0, 0.0, 2.0, 3.0, 1.0, 1.00108908565, 1.0, 3.0, 0.0, 0.328993993178, 1.0, -1.0, 3.0, 3.0, 2.0, 2.0, 96237.0, 694.0, 99398.0
3.0, 1.0, 2.0, 1.0, 1.47515134103, 0.0, 3.0, -1.0, 2.0, 3.0, 0.0, 3.0, 1.0, 1.0, 0.0, -1.0, 1.0, 2.0, -1.0, 2.0, 1.0, 2.0, 0.0, 2.0, 1.0, 1.51833000337, 0.0, 0.0, -1.0, 3.0, 0.0, 1.0, 2.0, 0.0, 1.0, 0.0, 0.0, 0.178329273196, -1.0, 2.0, 3.0, 2.0, 3.0, 0.0, 1.0, 0.0, -1.0, -0.233158725242, 2.0, 0.0, 96057.0, 636.0, 99440.0
3.0, 1.0, 2.0, 1.0, 1.0, 1.9872867268, 3.0, -1.0, 0.845617053873, 3.0, 0.0, 3.0, 0.291755582009, 1.0, 0.0, -1.0, -0.430693150416, 2.0, 1.0, 1.40584364717, 1.0, 2.0, 0.0, 2.0, 1.5620130373, -0.801937347692, 0.37313190247, 1.26791256015, 1.0, -1.0, 0.0, 1.69047656687, 2.0, -0.208072792421, 1.0, 0.0, 1.03841455728, 3.0, -1.0, 2.0, 2.94731727476, -0.863458932607, 3.0, 1.91874364322, 1.0, 0.0, -1.0, 1.0, 2.0, 0.0, 96208.0, 620.0, 99448.0
0.0, 3.0, -0.464643778835, 0.327935379334, 2.0, 1.0, -0.834646649012, 1.0, 1.0, 0.0, 0.0, 2.0, 0.558070887736, 2.0, 2.0, 2.0, 3.0, 0.239251225427, 1.0, 0.0, 0.0, 2.86402378877, 1.0, -1.0, -1.0, 1.0, 0.0, 1.91630046713, 3.0, 2.0, 2.0, 2.0, 2.0, 1.0, 0.0, 0.604572203519, 0.0, 2.17946616414, 2.0, -1.0, 2.48331492679, -1.0, 1.0, 0.825861788773, 3.0, 1.0, -1.0, 3.0, -1.0, -1.0, 96582.0, 600.0, 99465.0
2.0, 0.0, -1.0, 0.0, 3.0, 1.0, 1.0, 1.0, 2.0, 0.0, 0.0, 1.0, 2.0, 3.0, 1.0, 2.0, 0.0, 0.0, 2.0, 3.0, 3.0, 3.0, 3.0, 0.0, -1.0, 0.0, 2.0, 3.0, 0.0, 2.0, 3.0, 2.0, 3.0, 1.0, 1.0, -1.0, 0.0, 3.0, 2.0, 3.0, 3.0, 0.0, 2.0, 0.0, 3.0, 1.0, 2.0, 2.0, -1.0, 0.0, 96338.0, 672.0, 99415.0
1.0, -1.0, 2.0, 0.0, 0.0, -1.0, 3.0, 0.0, 1.0, 2.0, 1.0, 1.0, 2.0, 0.0, 0.0, 2.0, -1.0, -1.0, 0.0, 1.0, 0.0, 2.0, 3.0, 1.0, 3.0, 1.0, 2.0, 1.0, 1.0, 3.0, 2.0, 0.0, 0.0, 0.0, 2.0, 0.0, 2.0, -1.0, -1.0, 2.0, -1.0, 0.0, 1.0, 2.0, 2.0, 2.0, -1.0, 1.0, 1.0, -1.0, 96439.0, 588.0, 99479.0
0.94201062392, 3.0, 2.87006040077, 2.0, 0.0, -0.219761947649, 0.0, 2.0, 2.0, 1.0, 0.0, 2.0, 0.0, 1.0, 2.0, 1.0, -1.0, 1.45795803206, 1.0, 1.36388225804, 3.0, 0.0, 3.0, 2.12283454572, 1.0, 2.0, 2.0, 1.0, 0.0, 2.0, -0.766625665094, 3.0, 3.0, 0.0903072216914, -1.0, 2.21498528258, 3.0, 2.68357675925, 1.0, 3.0, 0.0, 0.128323271229, 0.0, 2.24512010467, 1.0, 2.0, 0.0, 2.0, -0.298687293671, 3.0, 95990.0, 691.0, 99406.0
