1.0, 0.0, 0.0, 0.0, -1.0, 3.0, -1.0, 2.43274146756, 1.0, 2.0, 1.70648374181, 0.0741997982168, -0.169941849878, 1.0, -1.0, 1.0, 2.0, 0.199470352846, -0.484984637197, 2.30958709682, 0.377232798426, 2.39541048053, 0.0, 3.0, 2.0, 2.0, 1.0, 1.0, 1.0, -1.0, 1.58030388795, 2.0, 2.0, -1.0, 3.0, 0.178641464025, 1.0, -1.0, -1.0, 2.0, -1.0, 2.0, 0.0, 0.0, 1.0, 2.0, 0.696623268073, 0.0, -0.568885736642, 1.0, 97113.0, 574.0, 99460.0
0.0, 1.0, 0.452308365846, -1.0, 2.73341273808, 1.0, -1.0, -1.0, 0.0, 2.0, 0.956865625106, 1.0, 0.0, 2.0, -0.260359599418, 0.442066886213, 1.29647532055, 0.0, 2.0, 0.0, 2.0, 1.06677280898, 0.152738287672, 1.46317158867, 3.0, 3.0, -0.296359711523, 1.14332486806, 0.0, -1.0, 2.97461124829, 1.0, 0.444177611742, 0.505620314581, 0.0, 2.0, 1.0, 0.0, 2.89596259426, 0.0329687052654, 2.0, 0.334009485543, 0.0, 3.0, 2.0, -1.0, 0.268542154969, 2.0, 0.903023686903, 0.0, 96890.0, 624.0, 99424.0
1.1177721644, -0.0891028927914, -0.523553109562, -1.0, 1.0, 0.101226925333, -1.0, 0.517562667955, 0.252015070826, 2.74703587266, -0.639851397262, 1.385686026, 1.0, 0.702885361084, -0.159255233593, 0.0, 1.0, -1.0, 3.0, 2.0, 3.0, -0.440676888513, -0.820577260244, 0.659889290295, 0.0, 1.01977863045, -1.0, -0.953086543006, 1.0, 2.0, 2.27094081574, 0.469616407261, 0.0, -1.0, 0.0, 0.099016628576, -0.488339921531, 0.821742576743, 2.32553200717, 0.526054884793, -1.0, 1.0, 1.0, 0.0, 2.24147065418, 0.0, 0.397607674299, 0.0, 2.95577752002, 1.0, 96987.0, 563.0, 99492.0
-0.611541370374, 1.65496371158, 1.0, -1.0, 2.04964882844, 1.69769100949, -1.0, -0.826185051587, 1.9405310764, 1.0, 1.47486903827, 2.0, -1.0, 0.0, 0.484943715235, -1.0, 0.0, 0.0, 1.0, 0.0923116012584, 0.0, 1.0, 0.756142043181, 2.99592708904, 1.39743853424, 2.98386160659, 1.0, -0.856114097751, -0.944450313642, 0.701553553662, -1.0, 2.0, -0.264683439916, -1.0, 0.227728394067, 2.0, -0.498230667139, 3.0, -1.0, -1.0, 2.37514875407, 2.12055415181, 3.0, 0.0, 1.0, -1.0, -0.126416947371, -0.677138951038, -1.0, -0.190927277937, 97430.0, 479.0, 99531.0
0.0, 1.0, 3.0, 3.0, -0.404543453109, 1.0, -1.0, 1.14878971954, -0.337596122851, -0.422416379551, -0.478558935176, -0.9328234716, 1.92934027007, 2.0, 0.484943715235, 1.0, 0.0, 2.12932830074, 0.284728013242, 3.0, 1.85006608545, 1.0, -1.0, 2.33699281086, 0.0, -0.173108840468, 0.914564675753, -0.349812601223, -0.305992915331, 0.906712899466, 2.0, 2.0, 0.0, 2.0, 1.01660059068, -0.496669507864, 1.0, 1.65130753011, 1.0, 3.0, 1.03196381608, 2.0, 1.0, 0.0, -0.215549717564, -0.769877568574, -0.415215632292, 1.0, -1.0, 0.235143825174, 96852.0, 624.0, 99426.0
0.0, 1.15437407623, -1.0, 1.0, -1.0, 1.0, -1.0, -1.0, 1.31544409161, 2.0, 2.0, 1.0, 1.7014808898, -0.216329103763, 1.0, 0.186058631413, -0.707153933481, 0.0, 2.35968118502, 0.0, 2.0, 1.685021732, 1.0, 0.0, 0.788921183964, 1.02091068011, 0.0, 2.0, 0.00431974249493, -1.0, 2.15153870681, 2.27424136717, 0.0, -1.0, 0.0, 0.563072191574, 0.981679067118, -0.883422334017, 2.0, 0.0, 1.8044473793, 0.384912460082, 0.0, 3.0, 2.0, -1.0, 0.0, 2.0, 2.0, 0.0, 97025.0, 571.0, 99467.0
0.0, 0.602100571472, 0.579265805565, 1.0, 2.73341273808, -0.317960991681, -1.0, -0.142046706812, 1.0, 2.30755472452, 0.956865625106, 2.48391502002, 2.0, 2.0, 1.0, 1.0, -0.0318102956365, -0.478523545599, 2.61654513785, 0.0, 2.0, 2.26367445011, 1.0, -1.0, 2.91230505745, 1.11907253367, -0.296359711523, 1.00458971595, -0.424505690807, -1.0, 3.0, 1.0, 0.444177611742, -1.0, -0.378205857897, 2.18334952576, 1.0, 0.554077576177, 2.89596259426, 0.0329687052654, 2.00747913358, 1.65414147894, 0.0, 3.0, 0.17076981602, 0.35461440927, 0.0066989220526, 2.0, 1.61586532582, 1.3095402557, 96798.0, 640.0, 99410.0
2.0, 1.0, -0.606613330266, -1.0, 1.0, 2.0, 1.0, 3.0, 0.0, -0.310640914652, 2.0, 3.0, 0.0, 2.0, 1.56012295511, 2.0, 0.0, 0.0, 2.0, 1.0, 0.388385109211, 0.0, 0.0, 1.0, 0.0, 1.10018345828, 1.0, 2.0, 1.0, 2.0, 2.0, 1.0, 0.0, 3.0, 2.0, 1.95097474303, 2.0, 1.0, 3.0, 1.0, 0.0, 1.4375492582, 0.246774104147, 0.0, 0.0, 2.02930899857, 1.0, 0.362265310658, 1.0, 2.0, 96807.0, 674.0, 99392.0
2.0, -0.966039974665, -0.523553109562, -1.0, 1.0, 0.101226925333, -1.0, -0.557390303149, 0.252015070826, 1.59010843853, -0.963899028071, 1.385686026, 1.0, 0.702885361084, -0.159255233593, -0.268454656775, 1.0, -1.0, 3.0, 2.0, 3.0, -0.440676888513, -0.820577260244, 0.659889290295, 0.0, -0.812557197846, -1.0, -0.953086543006, 1.0, -1.0, 2.27094081574, 0.469616407261, 0.0, -1.0, 0.0, 0.099016628576, -0.488339921531, 0.821742576743, 2.0, 0.526054884793, -1.0, 1.0, 1.0, 0.0, 2.24147065418, 0.0, -1.0, 0.0, 2.95577752002, 1.0, 97357.0, 488.0, 99553.0
0.473972868929, 1.65496371158, 1.0, -1.0, 2.34228564363, 1.69769100949, 1.19105640554, -0.826185051587, 1.9405310764, 1.20131388649, 2.49202519855, 2.0, -1.0, 0.0, -0.592854035502, -1.0, 0.0, 0.0, 1.0, -1.0, 2.36331223542, 1.0, -0.223061695027, 2.30981635661, 2.25324327801, 2.88694022331, 1.0, -0.910154806197, -0.944450313642, 0.701553553662, -1.0, 2.94052257513, 1.06555772679, -1.0, 2.06084889168, 2.0, -0.26312993799, 3.0, -1.0, -1.0, 2.9965076757, 2.12055415181, 3.0, 0.0, -0.18432099498, -1.0, -0.126416947371, 0.339359673956, -1.0, 0.905471904476, 97560.0, 489.0, 99518.0
0.0, 0.602100571472, 0.579265805565, 2.81213802597, 2.73341273808, -0.317960991681, -1.0, -0.142046706812, 1.0, 2.30755472452, 0.956865625106, 2.48391502002, 2.0, 2.0, 1.0, 1.0, -0.0318102956365, -0.478523545599, 2.61654513785, 0.0, 2.0, 2.26367445011, 1.0, -1.0, 2.91230505745, 1.11907253367, -0.296359711523, 1.00458971595, -0.424505690807, -1.0, 3.0, 1.0, 1.89663745426, 1.07897308254, -0.378205857897, 2.18334952576, 1.0, 0.554077576177, 2.89596259426, 0.0329687052654, 2.00747913358, 1.65414147894, 0.0, 3.0, 0.17076981602, 0.35461440927, 0.0066989220526, 2.0, 1.61586532582, 1.3095402557, 96838.0, 655.0, 99405.0
0.0, 2.46858695129, 2.4247067405, 2.51465431782, 2.35646224095, 1.0, -1.0, -0.57131928318, 2.0, 1.0, 0.554187743689, 1.0, -1.0, 0.0, 1.0, -1.0, -0.138740467678, 0.0, 2.0, 0.418793753683, 0.0, 3.0, 0.0, 1.0, 2.0, 2.0, 2.27991261671, 1.59132823935, 0.0, 0.530395291449, -1.0, 2.0, -1.0, -1.0, 0.0, 2.0, 0.0, 2.18000552219, 3.0, -1.0, 2.91531174162, -0.11864007628, 3.0, 0.0, 1.0, -0.806895351683, 3.0, 0.0, -1.0, 0.0784478345305, 97165.0, 551.0, 99475.0
0.0, 2.33412499316, 0.579265805565, 1.0, 2.73341273808, -0.317960991681, -1.0, -0.142046706812, 1.51088554811, 2.30755472452, 2.06428011053, 2.48391502002, 2.0, 2.0, 1.0, 1.0, -0.0318102956365, -0.478523545599, 2.61654513785, 0.0, 2.0, 2.26367445011, 1.0, -1.0, 3.0, 1.11907253367, -0.296359711523, 1.00458971595, -0.424505690807, -1.0, 3.0, 1.0, 0.306280566957, -1.0, -0.378205857897, 2.18334952576, 1.0, 1.0, 2.89596259426, 0.0329687052654, 2.00747913358, 1.65414147894, 0.0, 3.0, 0.17076981602, -1.0, -0.350509968027, 2.0, -1.0, 1.3095402557, 96984.0, 604.0, 99427.0
0.0, 1.0, 3.0, 3.0, -0.404543453109, -0.36390183247, -1.0, 1.14878971954, -0.337596122851, -0.422416379551, 0.736310026971, -0.337335189642, 1.09695031818, 1.88306629431, 0.484943715235, 1.0, 0.0, 1.74109747024, 0.284728013242, 3.0, 2.0, 1.0, -1.0, 2.0, 0.0, 1.05701149885, 0.914564675753, -0.349812601223, -0.305992915331, 1.53172428984, 2.0, 1.2168301994, -0.264683439916, 2.0, 1.01660059068, -1.0, 1.0, 2.0, 1.0, 1.08295736764, 1.03196381608, 0.45600485539, 1.0, 0.0, -0.215549717564, -0.769877568574, -0.415215632292, 1.0, -1.0, 0.530651937642, 96778.0, 628.0, 99423.0
0.0, 0.156677494288, -1.0, 1.0, -1.0, 1.0, -0.0835831638297, -1.0, 0.364634726725, 2.0, 2.0, 0.0, 2.01250077206, 0.903008340098, 2.50586889561, 1.72682409003, 0.0, 0.519734797378, 2.19584054851, 0.361578055733, 2.0, 1.685021732, -0.722676666936, 0.0, 0.0, -0.975356973226, 1.45921108121, 2.0, -0.817157228224, -1.0, 3.0, 1.0, 0.0, -1.0, 0.0, 2.0, 1.0, -1.0, -0.869489194397, 0.0, 2.38952480832, 1.0, 0.0, 1.44734225263, 2.61926099324, -1.0, -0.314308483382, 0.472108482417, 2.16072033934, 0.0, 97113.0, 531.0, 99499.0
0.473972868929, 1.65496371158, 1.0, -1.0, 2.34228564363, 1.69769100949, 1.19105640554, -0.298128901531, 1.9405310764, 1.20131388649, 2.49202519855, 2.0, -1.0, 0.0, -0.592854035502, -1.0, 0.0, 0.0, 1.0, -1.0, -0.417718387791, 1.0, -0.223061695027, 2.30981635661, 2.25324327801, 2.88694022331, 1.0, -0.910154806197, -0.944450313642, 0.701553553662, -1.0, 2.94052257513, 1.06555772679, -1.0, 2.06084889168, 2.0, -0.177588107993, 3.0, -1.0, -1.0, 2.9965076757, 2.12055415181, 3.0, 0.0, -0.18432099498, -1.0, -0.126416947371, 0.339359673956, -1.0, 0.905471904476, 97462.0, 505.0, 99506.0
1.0, 1.0, 2.69287256739, -1.0, -1.0, 3.0, 3.0, -0.866901276434, 2.6869267976, 1.0, 0.0, 0.0, -1.0, -1.0, -1.0, -1.0, 0.427950800845, 1.0, 2.0, -0.851323627583, -1.0, 0.0, 2.0, 0.0073042814518, 0.0, 2.15330104626, 0.0, -0.561742189049, 0.00431974249493, 0.552802583177, 3.0, -1.0, -1.0, -0.76349913544, -0.394958861105, 1.13750369873, 0.0, -1.0, 3.0, -1.0, 2.0, -0.549871867052, -1.0, 0.891914201201, 0.427716380897, -1.0, -0.879806522079, 3.0, 2.0, -1.0, 98003.0, 426.0, 99592.0
-0.611541370374, 1.65496371158, 1.0, -1.0, 2.04964882844, 1.69769100949, -1.0, -0.826185051587, 1.9405310764, 1.0, 1.47486903827, 2.0, -1.0, 0.0, 0.484943715235, -1.0, 0.0, 0.0, 1.0, 0.0923116012584, 0.0, 1.0, 0.756142043181, 2.99727845268, 1.39743853424, 2.98386160659, 1.0, -0.856114097751, 1.0, 0.701553553662, -1.0, 2.0, -0.264683439916, -1.0, 0.227728394067, 2.0, -0.498230667139, 3.0, -0.22086322771, -1.0, 2.37514875407, 2.12055415181, 3.0, 0.0, 1.0, -1.0, -0.126416947371, -0.677138951038, -1.0, -0.190927277937, 97347.0, 510.0, 99507.0
0.0, 0.0, 3.0, 3.0, -1.0, 1.22994993097, -1.0, 0.0, 0.0, -0.679040770269, 0.736310026971, -0.337335189642, 0.25282663085, 2.0, 0.484943715235, 1.0, 0.0, 1.77068768588, 0.302504347503, 0.0, 2.0, 1.0, 2.23027512099, 2.0, 0.0, 1.05701149885, 1.43818793604, 1.18361729859, -0.305992915331, 1.53172428984, 2.0, -0.149510977638, -0.121999347911, 2.0, 1.01660059068, -1.0, 0.523955932405, 2.0, 1.0, 3.0, 1.03196381608, 0.45600485539, -0.0824843738346, 0.368395324694, 0.0, -0.769877568574, -0.415215632292, -0.204936931787, -1.0, 0.986478722389, 96714.0, 621.0, 99427.0
0.00439707184772, 0.0, 2.0, -0.93765960028, -0.831856135599, 0.0678922615293, 1.0, 3.0, 2.0, 2.75994139602, 3.0, 2.0, 0.262633774173, 2.0, -1.0, 3.0, 1.1893478385, 1.0, 2.0, 0.0, 0.636237189942, 1.28911208316, 0.0, -1.0, 0.788921183964, 0.223795991345, 1.0, 0.0, 1.0, 1.0, -1.0, 1.0, -0.950348042157, 3.0, -0.364945157623, -1.0, 0.904345532511, 2.0, -0.297942335576, -1.0, 0.583211700883, 1.4375492582, -1.0, 3.0, 2.96639861479, 1.0, -0.380135638287, 0.0, 2.0, -0.0825585684748, 97166.0, 581.0, 99451.0
0.0, 2.70262296269, -0.0945941647285, 0.840874926753, -0.230577645673, 1.58261621752, 1.0, 3.0, 1.06568328409, 0.289365866684, 3.0, -0.561973368567, 1.0, 0.712649496194, 0.0, 2.0, 2.72525941928, 1.0, 3.0, 0.0, 0.969164412675, 2.44168132084, 2.93106417535, -1.0, 3.0, 0.0, 1.84289439544, -0.95942673599, 1.61123608139, -0.608051102812, 0.0, 1.83928011762, 0.80339357203, -0.76636798861, 1.0, -0.647577396249, 1.12015715549, 3.0, -1.0, 0.0, 1.88895206768, 2.4017387316, 2.0, 1.44734225263, 2.0, -0.769877568574, 2.0, -0.924200602075, 2.94627195055, 3.0, 97485.0, 571.0, 99453.0
0.473972868929, 1.86599913142, -0.581513268252, -1.0, 2.34228564363, 1.69769100949, 1.19105640554, -0.826185051587, 1.9405310764, 1.20131388649, 2.49202519855, 2.0, -1.0, 0.0, -0.592854035502, -1.0, 0.0, 0.0, 1.0, -1.0, 2.36331223542, 1.0, -0.223061695027, 2.30981635661, 2.25324327801, 2.88694022331, 0.691967080954, -0.910154806197, -0.944450313642, 2.77553059853, -1.0, 2.4008567982, 1.06555772679, -1.0, 2.06084889168, 2.0, -0.26312993799, 3.0, -1.0, -1.0, 2.9965076757, 2.12055415181, 3.0, -0.217210035192, -0.18432099498, -1.0, -0.126416947371, 0.339359673956, -1.0, 0.905471904476, 97595.0, 475.0, 99529.0
-0.298490713009, 0.0871795672443, 0.959427030792, -1.0, 1.0, 3.0, 2.0, 1.0, 0.0, 0.592632540802, 1.70648374181, 2.0, 2.0, 2.0, 0.863792587169, 3.0, 0.0, -0.478523545599, 0.641434908238, 2.0, 3.0, 0.478630477451, 1.0, 1.0, -0.293610257502, 3.0, 1.0, 1.0, 1.14064651901, 0.0, 0.0, 1.0, 0.0, 2.0, 1.2198587784, 2.74161936865, 1.0, 0.0, 2.09156867155, 0.0, 0.0, 3.0, 0.0, 2.0, 3.0, -1.0, 3.0, 2.07871732295, 0.0, 0.0, 96924.0, 669.0, 99389.0
1.0, 1.0, 2.0, -1.0, 2.37663432815, 2.0, 0.0, 0.0, 1.80783481709, 1.0, 2.42080266086, -0.389133376183, -0.961833149435, 0.877925988685, -1.0, -1.0, 3.0, -0.136980852395, 3.0, -0.329109635314, -1.0, 2.50288486837, 2.0, 1.0, 0.0, 0.988852873003, 0.0, 1.0, 1.67775418834, 0.871386803157, 2.57375972023, 1.2168301994, 0.295406799243, -0.588927341571, -0.437445212136, 0.251398573683, 0.0, -0.149704813273, 1.65947368419, -1.0, 2.0, 2.32422335655, -1.0, 1.34951407896, 0.925123319396, -1.0, -0.928842562757, 3.0, 2.0, -0.0273887599983, 97244.0, 558.0, 99463.0
-0.145348049892, 0.287877383431, 0.0, 0.0, 1.0, 0.408479829031, -1.0, 1.03570406024, 0.0, 2.01136051028, 3.0, 0.0, -0.3216956393, 0.702885361084, -0.334001316649, 1.0, -0.0192926819018, 3.0, 2.0, 1.0, 1.01063660674, 0.722039120586, 0.0, 3.0, 2.94420840743, 2.77432679912, -0.0434617927126, 1.0, 2.28070378068, -0.307267884772, -0.974270776707, -0.330675693604, 0.42971536318, -1.0, 3.0, 0.704279924339, 1.0, -1.0, -0.991622784105, 2.0, -1.0, 2.0, 0.646328590059, 0.0, 2.17428387203, 2.0, -0.417693189417, 0.0, -0.822351025674, 0.443099859918, 96843.0, 601.0, 99444.0
-0.324375731427, 2.2775861571, 1.0, -1.0, 2.34228564363, 1.69769100949, -1.0, -0.826185051587, 1.9405310764, 1.0, 1.47486903827, 2.0, -1.0, 0.0, 0.484943715235, -1.0, 0.0, 0.0, 1.0, -1.0, 0.0, 1.39098447183, 0.0, 2.30981635661, 2.25324327801, 2.88694022331, 1.0, -0.856114097751, -0.944450313642, 0.701553553662, -1.0, 0.230198073121, -0.264683439916, -1.0, 2.06084889168, 0.629085275322, -0.498230667139, -1.0, -1.0, -1.0, 0.102624101318, 2.12055415181, 3.0, 0.0, 1.0, -1.0, -0.565447954089, -0.677138951038, -1.0, -0.193401736761, 97565.0, 455.0, 99551.0
-0.768011702214, 0.0, 0.0, -0.361593446053, 1.63030967049, 2.45652253132, -1.0, 2.24266527576, 0.297314954348, 0.0, 3.0, 0.0, 1.09699165079, 1.0, -1.0, 2.21520850063, 3.0, 3.0, 3.0, 0.498179180004, 0.0321229555052, 2.0, 0.0, 3.0, 2.0, 0.0, 0.510249935435, 1.0, 1.0, -1.0, -0.473545110174, -0.297725705565, 2.0, -0.764320871217, 0.0, 1.0, 0.0, -1.0, -1.0, 2.0, -1.0, 2.0, 0.0, 0.0, 1.0, 2.93300027456, 1.76215488243, 0.621781156995, -0.727773674396, 1.0, 96994.0, 568.0, 99470.0
0.0, 0.0, 3.0, 3.0, -1.0, 1.22994993097, -1.0, 0.0, 0.0, -0.422887804458, 0.736310026971, -0.337335189642, 0.25282663085, 2.0, 0.484943715235, 1.0, 0.0, 2.12932830074, 0.302504347503, 0.0, 2.0, -0.356487719811, 2.23027512099, 2.38437029777, 0.0, 1.05701149885, 1.43818793604, 1.18361729859, -0.305992915331, 1.53172428984, 2.0, -0.2215306579, 0.802963711809, 2.0, 1.01660059068, -1.0, 0.523955932405, 2.0, 1.0, 3.0, 1.03196381608, 0.45600485539, 1.0, 0.368395324694, 0.0, -0.769877568574, -0.415215632292, -0.204936931787, -1.0, 0.986478722389, 96659.0, 632.0, 99414.0
1.0, 2.91082087873, 2.12482622432, 2.16684229002, -0.577461089215, 0.296685908372, 0.791824263717, 3.0, 2.09701408473, -0.0372624142253, 3.0, 2.0, -1.0, -0.204858051372, -0.903348865442, 2.81519319864, 3.0, 1.27379517165, 2.0, -0.0174311417282, 2.0, 3.0, 1.0, -1.0, 1.35278750135, 0.554979829788, 1.0, 0.0, 1.0, 1.0, -1.0, 2.62351821076, -0.645490411391, -1.0, -0.855932663661, -1.0, 0.194269425, 2.0, 1.99806177123, -1.0, 1.0, 0.0, -1.0, 0.167750583683, 2.0, -1.0, -1.0, 0.0, 0.692598898141, 0.235708547197, 97534.0, 520.0, 99487.0
0.824866745976, 1.91259564272, -0.216268837245, 2.0, -0.562331163842, 3.0, -1.0, -0.201247741818, 0.861730622132, 0.0, 3.0, -0.203259697997, 1.0, 0.0, -0.534521231453, 1.37393792281, 0.0, 1.0, 3.0, 0.0, -0.417718387791, 1.0, 3.0, -1.0, 3.0, 0.0, 0.873506644938, 1.1465547161, 2.41933868639, 1.0, 0.0, -0.423168309035, 2.64520347646, 3.0, 1.0, 0.0, 1.0, 3.0, -1.0, 2.43742701214, 1.96848484462, 1.0, 2.0, 1.43609918327, 0.17076981602, -0.0781463806202, 1.14758676623, 2.15531181573, 2.0, 2.72186228812, 96928.0, 631.0, 99415.0
-0.00671598601442, 1.10372819492, 2.07013405583, 1.0, 2.73341273808, 1.0, -1.0, -1.0, 1.0, 2.0, 0.956865625106, 2.08448986917, 1.65054964695, 1.11069896018, 1.0, 1.0, 0.872195288441, -0.478523545599, 2.0, 0.0, 2.0, 2.6892724735, 1.0, -1.0, 3.0, 3.0, -0.296359711523, 1.00458971595, 0.0, -1.0, 3.0, 1.0, 0.444177611742, -0.321511361891, -0.378205857897, 2.41060701775, 1.0, 0.554077576177, 2.97807955596, 0.0329687052654, 2.00747913358, 1.65414147894, 0.0, 0.0, 0.17076981602, -1.0, -0.350509968027, 0.339359673956, 1.61586532582, 1.0865636637, 96948.0, 620.0, 99425.0
2.48905703493, 2.46858695129, -1.0, 0.565936217891, -1.0, 1.0, -1.0, -1.0, 1.31544409161, 2.0, 2.0, 1.0, 0.0, 2.16026108306, 1.0, 0.186058631413, 2.0, 0.0, 2.35968118502, 0.0, 2.0, 2.23449852341, 1.0, 0.0, 0.788921183964, 0.349744242516, 2.38243429691, 2.0, 0.00431974249493, 1.09011192351, 2.15153870681, 2.27424136717, 0.0, -1.0, 0.0, 0.563072191574, 1.70938990671, 0.421660486646, 2.0, 0.0, 1.8044473793, 2.30914367402, 0.0937725443881, 3.0, 2.0, -1.0, 0.0, 2.0, 2.0, 0.0784478345305, 97043.0, 614.0, 99426.0
0.0, 2.0, 1.0, 2.43634276625, -0.797682644236, 2.9933983145, 2.0, 0.328995411939, 1.0, 2.92597702901, 1.32194288774, 2.0, 1.21363318721, 0.533969959239, 3.0, 3.0, 0.539611407459, 2.20575356685, 0.0, 1.61004121304, 1.8434096187, 1.0, 1.0, 1.0, 1.35278750135, 0.988852873003, 1.16088604103, 1.0, 2.45074595498, 0.0, -0.728955623393, 0.149596584012, 0.0, 2.43672694364, 0.0, 1.05971280751, 0.692057361925, 0.0, 1.0, 0.0, -0.0515900832841, 2.84043737705, 0.0, 0.240911292729, 3.0, -1.0, 2.16538700622, 3.0, 0.0, 0.986478722389, 97098.0, 654.0, 99400.0
0.0, 0.313631885354, -1.0, 0.809642390695, -1.0, 1.0, -1.0, -1.0, 0.364634726725, 2.0, 2.04169555261, -0.139289048201, 2.01250077206, 0.0, 2.50586889561, -0.175715695721, 2.0, 0.595968717814, 2.0, 0.0, 2.0, 1.685021732, 0.648699250909, 0.0, 0.0, -0.975356973226, 1.45921108121, 2.0, 0.00431974249493, -1.0, 3.0, 1.0, 0.0, -1.0, 0.0, 2.0, 1.0, -1.0, -0.744370676115, 0.0, -0.282262290244, 2.07810105473, -0.507377491014, 3.0, 2.0, -1.0, 0.0, -0.947788864351, 2.16072033934, 0.0, 97226.0, 527.0, 99496.0
-0.611541370374, 1.65496371158, 1.56741613078, -1.0, 2.04964882844, -0.657228391779, -1.0, -0.826185051587, 1.9405310764, 1.0, 1.47486903827, 2.42793060462, -1.0, 0.0, 0.484943715235, -1.0, 0.0, 0.0, 1.0, 0.0923116012584, 2.30537861983, 1.0, 0.756142043181, 2.99592708904, 1.39743853424, 2.98386160659, 1.0, -0.856114097751, -0.944450313642, 0.701553553662, -1.0, 2.0, -0.851403548453, -1.0, -0.739141227546, 2.0, -0.337603519703, 3.0, -1.0, -1.0, 0.0680424584479, 2.12055415181, 3.0, 0.0, 1.0, -1.0, -0.126416947371, -0.677138951038, -1.0, -0.190927277937, 97711.0, 442.0, 99567.0
1.0, 1.02646456046, 2.0, 1.0, -0.577461089215, 2.0, 1.50749582954, 3.0, -0.21484449586, -0.481689162754, 3.0, 0.0760046453911, 0.352891144637, 2.04198867435, -1.0, 3.0, 3.0, 0.867498691835, 2.95900031434, 0.0, 0.0, 3.0, -0.0316642299072, -1.0, 0.0, 3.0, 1.0, 0.0, 1.0, 1.0, -0.456273471476, 1.56757434866, 0.563503086983, -1.0, 0.733005547296, 0.350557049619, 2.0, 2.0, 2.0, -1.0, 1.0, 0.0, -1.0, -0.112196078746, 2.50962504979, 0.616597576205, -1.0, 0.0, 2.96131121898, 1.0, 97112.0, 603.0, 99426.0
0.578036658321, 0.156677494288, -1.0, 1.0, -1.0, 1.0, -0.0835831638297, -1.0, 0.364634726725, 2.0, 2.0, 0.0, 2.01250077206, 0.903008340098, 2.50586889561, 1.72682409003, 0.0, 1.14744977896, 2.19584054851, 0.361578055733, 2.0, 2.32122913918, -0.027480302312, 0.0, 0.616734649796, -0.975356973226, 1.45921108121, 2.0, -0.817157228224, -1.0, 3.0, 1.0, 0.0, -1.0, 0.0, 2.0, 1.0, -1.0, -0.869489194397, 0.0, -0.414701880556, 1.0, -0.356911059519, 1.44734225263, 2.61926099324, -1.0, -0.314308483382, 0.472108482417, 2.16072033934, 0.0, 97056.0, 545.0, 99484.0
1.0, -0.242934221946, 0.93984821701, 0.871540458796, 2.65124276535, 1.72952755316, -0.591531379342, 0.0, 1.80783481709, 1.0, 0.554187743689, -0.853912366618, -0.561700567377, 0.0, -1.0, -0.842657167579, -0.0640344332329, -0.136980852395, 2.66696479092, 1.0, 1.52094376335, 3.0, 0.664691820605, -0.984526839284, 0.0, 1.0, 0.0, 1.0, 1.67775418834, 0.871386803157, 3.0, 1.2168301994, -1.0, -0.588927341571, -0.879075272626, 2.25284828345, 0.0, 0.0, 0.770890929317, -1.0, 2.0, 2.0, -1.0, 1.0, 0.925123319396, -1.0, 2.08262751861, 0.0, 2.0, -0.251612602433, 97310.0, 530.0, 99487.0
1.0, 1.0, 2.69287256739, -1.0, -1.0, 3.0, 3.0, -0.866901276434, 2.6869267976, -0.313905052919, 0.0, -0.965528098812, -1.0, -1.0, -1.0, -1.0, 0.427950800845, 0.164670872219, 2.0, -0.851323627583, 0.359573039763, 0.826704106724, 2.0, 0.0073042814518, 0.0, 2.15330104626, 0.0, -0.561742189049, 0.00431974249493, 0.552802583177, 3.0, -1.0, -1.0, -0.76349913544, -0.394958861105, 1.13750369873, 0.0, -1.0, 3.0, -1.0, 2.0, -0.549871867052, -1.0, 0.891914201201, 0.427716380897, -1.0, -0.879806522079, 3.0, 2.0, 0.0982651156467, 97860.0, 435.0, 99570.0
-0.464125145214, 1.0, 0.977953569439, 2.0, 1.0, 3.0, 2.0, 1.0, 0.0, 1.0, -1.0, 2.37695115762, 2.61946572799, 2.69012422663, -0.159255233593, 3.0, 0.0, 2.0, 0.0, 2.04996369249, 3.0, 0.431764300141, 0.339705757399, 1.0, 0.12196169436, 1.0, 1.0, 0.818410366689, 1.13125589565, 1.1426357797, -0.457353141193, 1.42514709914, 0.0, 2.0, 0.0, 3.0, 1.0, 0.0, 1.20218581287, 0.0538065938707, 0.0, 2.2681122378, -1.0, -0.30068960412, 1.77564457852, -1.0, 3.0, 3.0, -0.555010047357, 0.0, 97003.0, 640.0, 99409.0
1.0, 2.91545209384, 2.12482622432, 2.16684229002, -0.705854167424, 2.0, 1.99863143864, 3.0, 2.0, -0.0372624142253, 3.0, 2.0, -1.0, 0.506906931074, -1.0, 2.81519319864, 3.0, 1.27379517165, 2.0, 0.165971755372, 2.0, 3.0, 1.0, -1.0, 1.35278750135, 0.554979829788, 1.0, 0.0, 1.0, 1.0, -1.0, 2.62351821076, -0.983783764097, -1.0, -0.855932663661, -1.0, 2.0, 2.0, 2.0, 0.28032029354, 1.0, 0.0, -1.0, 0.433492790577, 2.0, -1.0, -1.0, 0.0, 0.692598898141, 1.0, 97665.0, 535.0, 99476.0
-0.298490713009, 0.0871795672443, 0.959427030792, -1.0, 1.0, 3.0, 0.256494728705, 1.0, 0.0, 0.592632540802, 1.70648374181, 2.0, 2.0, 2.0, 0.863792587169, 3.0, 0.0, -0.478523545599, 0.641434908238, 2.0, 3.0, 0.478630477451, 1.0, 1.0, -0.293610257502, 3.0, 1.0, 1.0, 1.14064651901, 0.0, 1.26109344541, 1.0, 0.0, 2.0, 1.2198587784, 2.74161936865, 1.6697201359, 0.0, 2.09156867155, -0.337666037173, 0.0, 3.0, -0.875703097699, 2.0, 3.0, -1.0, 3.0, 2.07871732295, 0.0, 0.0, 97066.0, 658.0, 99395.0
1.0, 1.0, 2.0, -1.0, 2.74148301691, 2.0, 0.0, 0.0, 1.80783481709, 1.0, 2.42080266086, -0.669186873585, -0.961833149435, 0.877925988685, -1.0, -1.0, 3.0, -0.136980852395, 3.0, -0.329109635314, -1.0, 2.6296863113, 2.0, 1.0, 0.0, 0.988852873003, 0.0, 1.0, 1.67775418834, 0.871386803157, 2.57375972023, 1.2168301994, 1.78731917836, -0.588927341571, -0.437445212136, 0.251398573683, 0.0, -0.149704813273, 1.65947368419, -1.0, 2.0, 2.32422335655, -1.0, 1.34951407896, 2.57713722923, -1.0, -0.928842562757, 3.0, 2.0, -0.0273887599983, 97414.0, 544.0, 99473.0
0.0, -0.719516602995, -1.0, 0.571600656534, -1.0, 1.0, -1.0, -1.0, 0.364634726725, 2.0, 0.956865625106, -0.139289048201, 2.01250077206, 0.0, 2.50586889561, -0.175715695721, 2.0, 0.595968717814, 2.0, 0.0, 2.79435556204, 1.685021732, 0.648699250909, 0.54551979852, 0.0, -0.975356973226, -0.111952344746, 2.0, 0.00431974249493, -1.0, 3.0, 1.0, 0.0, -1.0, -0.108713909763, 2.19937354123, 0.278744339465, -1.0, -0.744370676115, 0.0, 1.1587451583, 2.07810105473, 0.0, 3.0, 2.0, -1.0, 0.0, 2.0, 2.16072033934, 0.0, 97090.0, 540.0, 99489.0
0.0, -0.966039974665, -0.523553109562, -1.0, -0.0909596800802, 0.101226925333, -1.0, -0.557390303149, 0.252015070826, 1.59010843853, -0.963899028071, 1.93545954972, 1.0, 0.702885361084, -0.159255233593, -0.268454656775, -0.465092567367, -1.0, 3.0, 2.0, 3.0, -0.440676888513, -0.424370629637, 0.659889290295, 0.0, -0.812557197846, -1.0, -0.953086543006, 1.0, -1.0, 2.86297524013, 0.469616407261, 0.0, -1.0, 0.0, 0.099016628576, -0.488339921531, 0.821742576743, 2.0, 0.0329687052654, -1.0, 1.0, 1.0, 0.0, 2.24147065418, 0.0, 1.23403879213, 1.20941444637, 0.438657917173, 0.485041501347, 97107.0, 515.0, 99531.0
0.824866745976, 2.0, 0.0, -1.0, 0.0, 0.895711000539, 1.0, 3.0, 2.0, 0.0, 3.0, 0.0, 1.0, 0.609915087343, 0.0, 2.0, 0.0, 1.0, 3.0, 2.79264392642, 0.0, 2.44127091437, 3.0, -1.0, 3.0, -0.00783928057962, 0.522732497337, 1.0, 1.0, 0.248834946689, 0.0, 0.736517626515, 2.0, 3.0, 1.0, 0.0, 1.0, 3.0, -1.0, 0.0, 2.38952480832, 1.16880906377, 2.0, 1.44734225263, 2.0, 0.324140046763, 2.0, 0.389594259537, 2.0, 3.0, 96968.0, 658.0, 99397.0
0.0, 1.10372819492, 0.0, 1.0, 2.73341273808, 1.0, -1.0, -1.0, 1.0, 2.30755472452, 2.0, 2.48391502002, 2.0, 2.0, -0.824800409721, 1.79978553853, -0.0318102956365, -0.950550021315, 2.61654513785, 0.0, 2.0, 2.95521473019, 0.728229494784, -1.0, 3.0, 3.0, -0.296359711523, 1.00458971595, 0.0, -1.0, 3.0, 1.0, 0.444177611742, -1.0, -0.378205857897, 2.41060701775, 2.77737695367, -0.282641725341, 0.775874181224, 0.0329687052654, 2.3958433951, 2.23378079698, 0.0, 3.0, 1.31726705855, -1.0, -0.350509968027, 2.0, 0.62000110836, 1.3095402557, 97339.0, 571.0, 99458.0
0.473972868929, 1.65496371158, 1.0, -1.0, 2.34228564363, 1.69769100949, 1.19105640554, -0.826185051587, 1.9405310764, 1.20131388649, 2.49202519855, 2.0, -1.0, 0.0, -0.592854035502, -1.0, 0.0, 0.0, 1.0, -1.0, 2.36331223542, 1.0, -0.223061695027, 2.30981635661, 2.25324327801, 2.88694022331, 1.0, -0.910154806197, 0.115059202947, 0.701553553662, 0.926956248844, 2.13780067392, 0.370392856148, -1.0, 2.06084889168, 2.0, -0.26312993799, 3.0, -1.0, -1.0, 2.9965076757, 2.12055415181, 3.0, 0.818351388746, -0.18432099498, -1.0, -0.126416947371, 0.339359673956, -1.0, 0.905471904476, 97354.0, 523.0, 99490.0
1.0, 1.0, 2.0, -1.0, 2.37663432815, 2.0, 0.0, 0.0, 1.80783481709, 1.0, 1.9678640445, -0.389133376183, -0.977628396454, 0.877925988685, -1.0, -1.0, 3.0, -0.136980852395, 3.0, 1.0, -1.0, 3.0, 2.0, 1.0, 0.0, 1.0, 0.0, 1.0, 1.67775418834, 0.871386803157, 3.0, 1.2168301994, -1.0, -0.588927341571, -0.437445212136, 0.803721183537, 0.0, -0.149704813273, 1.65947368419, -1.0, 2.0, 2.32422335655, -0.757654144276, 1.34951407896, 0.925123319396, -1.0, -0.928842562757, 3.0, 2.0, 0.0, 97352.0, 547.0, 99474.0
-0.611541370374, 1.65496371158, 1.0, -1.0, 1.23289489155, -0.657228391779, -1.0, -0.826185051587, 1.9405310764, 1.0, 1.47486903827, 0.0760046453911, -1.0, 0.0, 0.484943715235, -1.0, 0.0, 0.0, 1.0, 0.0923116012584, 0.0, 1.0, 0.756142043181, 2.99592708904, 1.39743853424, 2.99390474418, 1.0, -0.856114097751, -0.944450313642, 1.0, -1.0, 2.0, -0.664400237773, -1.0, 0.227728394067, 2.0, -0.337603519703, 3.0, -1.0, -1.0, 0.0680424584479, 2.12055415181, 3.0, 0.0, 1.0, -1.0, -0.126416947371, -0.677138951038, -1.0, -0.190927277937, 97506.0, 455.0, 99555.0
1.0, 1.02646456046, 2.0, 1.0, -0.577461089215, 2.0, 1.50749582954, 3.0, -0.21484449586, -0.481689162754, 0.844128509238, 2.0, 0.352891144637, 2.04198867435, -1.0, 3.0, 3.0, 0.867498691835, 2.96332251754, 0.0, 2.30537861983, 3.0, -0.0316642299072, -1.0, 0.0, 3.0, 1.0, 0.0, 1.0, 0.701553553662, -1.0, 1.56757434866, 0.563503086983, -1.0, 0.733005547296, 0.350557049619, 2.0, 2.0, 2.0, -1.0, 1.0, 0.0, -1.0, -0.112196078746, 2.50962504979, 0.616597576205, -1.0, 0.0, 1.16385450143, 1.0, 97242.0, 586.0, 99438.0
0.0, 0.156677494288, -1.0, 1.0, -1.0, 1.0, -0.591473945362, -1.0, 0.364634726725, 2.0, 2.0, -0.853912366618, 2.01250077206, 0.0, 2.50586889561, 1.72682409003, 3.0, 0.519734797378, 2.19584054851, 0.361578055733, -0.476884654312, 0.599663490567, -0.722676666936, 0.0, 0.0, -0.975356973226, 1.45921108121, 2.0, -0.817157228224, -1.0, 3.0, 1.0, 0.0, -1.0, 0.0, 2.0, 1.0, -1.0, -0.869489194397, 0.0, 2.0, 1.0, 0.0, -0.798205994014, 2.61926099324, -1.0, -0.314308483382, 0.472108482417, 2.16072033934, 0.0, 97341.0, 491.0, 99535.0
-0.611541370374, 1.65496371158, 1.0, -1.0, 2.04964882844, 1.69769100949, -1.0, -0.826185051587, 1.9405310764, 1.0, 1.47486903827, 2.0, -1.0, 0.0, 0.484943715235, -1.0, 0.0, 0.0, 1.0, 0.0923116012584, 0.0, 1.0, 0.756142043181, 2.99727845268, 0.0, 2.98386160659, 1.0, -0.856114097751, 1.0, 0.701553553662, -1.0, -0.921752450856, -0.264683439916, -1.0, 2.42814517927, 0.610483766287, -0.498230667139, 3.0, -0.22086322771, -1.0, 2.37514875407, -0.207176398167, 3.0, 0.0, 1.0, -1.0, -0.126416947371, -0.677138951038, -1.0, -0.190927277937, 97400.0, 493.0, 99523.0
0.33814630165, 1.0, -1.0, 3.0, -1.0, 1.0, -1.0, -1.0, 1.37437907714, 2.41199432827, 2.66583594359, 0.239920219604, 0.294152533954, 0.578387896831, 0.989681205526, 1.01239541505, 1.04462498748, 0.661306391364, 2.75877421341, 0.0, 0.90923040636, 1.685021732, -0.211350071537, -1.0, 3.0, -0.385717107036, -0.870568090655, 2.85664839938, -0.614679967855, -1.0, 3.0, -0.19639205328, 0.32336047542, -1.0, 0.0, 1.80835713428, 0.523955932405, -1.0, 2.14267543579, -0.841145262159, 2.0, 1.0, -0.400307167012, 3.0, 2.0, -1.0, 0.389804356321, 2.0, 1.04198715725, 0.311495218548, 97272.0, 517.0, 99505.0
0.0, 2.70262296269, -0.0945941647285, 0.840874926753, -0.230577645673, 1.58261621752, 1.0, 3.0, 1.06568328409, 0.289365866684, 3.0, -0.561973368567, -0.322763665455, 0.712649496194, 0.0, 2.0, 2.77872957445, 1.0, 3.0, 0.0, 1.33987977947, 2.44168132084, 2.42226506318, -1.0, 3.0, 0.0, 1.84289439544, -0.95942673599, 1.61123608139, -0.608051102812, 0.0, 2.62699352998, 0.80339357203, -0.76636798861, 1.0, -0.647577396249, 1.12015715549, 3.0, -1.0, 0.0, 1.88895206768, 2.4017387316, 2.48442960539, 1.44734225263, 2.0, -0.769877568574, 2.0, -0.472308493849, 2.94627195055, 0.0, 97277.0, 583.0, 99441.0
0.473972868929, 1.86599913142, -0.581513268252, -1.0, 2.34228564363, 1.69769100949, 1.19105640554, -0.826185051587, 1.9405310764, 1.20131388649, 2.49202519855, 2.0, -1.0, 0.0, -0.592854035502, -1.0, 0.0, -0.482312288968, 0.641434908238, -1.0, 2.36331223542, -0.504119860809, -0.223061695027, 2.30981635661, 2.25324327801, 2.88694022331, 0.691967080954, -0.910154806197, -0.944450313642, 2.77553059853, -1.0, 2.4008567982, 1.06555772679, -1.0, 2.06084889168, 2.0, -0.26312993799, 3.0, -1.0, -1.0, 2.9965076757, 2.12055415181, 3.0, -0.217210035192, -0.18432099498, -1.0, -0.126416947371, 2.07871732295, -1.0, 1.23520665973, 97695.0, 460.0, 99541.0
1.0, -0.208605344825, 2.12482622432, 2.16684229002, -0.577461089215, 2.0, 0.791824263717, 3.0, 2.0, 1.75148597793, 3.0, 2.0, -0.519379999581, -0.727354664278, -1.0, 2.81519319864, 3.0, 1.27379517165, 2.0, -0.0174311417282, 2.0, 0.260861133127, -0.438094594291, -1.0, -0.219097385207, 0.554979829788, 0.367380759841, 0.0, 1.0, 0.9180502367, -1.0, 1.2168301994, -0.645490411391, -1.0, -0.855932663661, -1.0, 2.0, 2.54392278276, 2.53965078059, -1.0, 2.59969283126, 0.0, -1.0, 0.167750583683, 0.261376738913, -1.0, -1.0, 0.0, -0.944371955168, 1.0, 97613.0, 485.0, 99509.0
0.473972868929, 1.65496371158, 1.0, -1.0, 0.58069011959, 1.69769100949, 1.19105640554, -0.298128901531, 2.03117809138, 1.20131388649, 2.49202519855, 2.0, -0.97683996978, 0.0, -0.592854035502, -1.0, 0.0, 0.0, 1.0, -1.0, -0.692363200927, -0.231758161374, 1.04806081149, 2.37215848998, 2.25324327801, 0.383720241275, 0.106121002626, -0.910154806197, -0.944450313642, 0.701553553662, -1.0, 2.94052257513, -0.0721739887009, -1.0, 2.58722633095, 2.0, -0.177588107993, 3.0, -1.0, -1.0, 2.9965076757, 2.12055415181, 3.0, 0.0, -0.18432099498, -1.0, -0.650796502253, 0.339359673956, -1.0, 0.905471904476, 97528.0, 479.0, 99526.0
-0.768011702214, 0.0, 0.0, -0.361593446053, 1.79385324416, 2.45652253132, -1.0, -0.573263257022, 0.297314954348, -0.131933751256, 3.0, 0.0, 1.09699165079, 2.1403955161, -1.0, 2.21520850063, 3.0, 0.0, 3.0, 0.498179180004, 0.0321229555052, 2.0, 0.0, 3.0, 2.0, 0.0, 0.510249935435, 1.0, 2.37190254519, -1.0, -0.473545110174, -0.297725705565, 2.0, -1.0, 1.97229457173, 1.0, 0.0, -1.0, -1.0, 2.0, -1.0, 2.0, 0.0, 0.0, -0.142800852735, 2.93300027456, 1.76215488243, 0.621781156995, -0.922201263221, 1.0, 97030.0, 552.0, 99482.0
0.409114563692, 1.06514080326, 2.46211635487, -1.0, 2.04964882844, 1.69769100949, -1.0, 0.0, 0.470785716315, 1.0, 1.47486903827, 2.0, -1.0, 0.0, 0.484943715235, -1.0, 0.0, 0.0, 1.0, 0.161743997141, 0.0, 1.0, 0.756142043181, 2.99943199063, 1.39743853424, 2.98386160659, 1.0, -0.856114097751, -0.971786298332, 0.701553553662, -1.0, 2.0, -0.264683439916, -1.0, -0.601418569682, 2.0, -0.498230667139, 3.0, -1.0, -1.0, 2.37514875407, 2.12055415181, 1.41620192176, 0.0, 0.822420554596, -1.0, -0.126416947371, -0.677138951038, -1.0, -0.190927277937, 97274.0, 498.0, 99515.0
0.0, 2.46858695129, 2.4247067405, 2.0, -1.0, 0.496939046575, 3.0, -0.826185051587, 0.271373881113, -0.0469476709383, 2.0, 1.66806026592, -1.0, 0.0, 0.216082431617, -1.0, -0.798405822506, -0.470744230538, 1.6737226192, 0.0, -0.266370626457, 3.0, 0.0, 0.576051994852, 2.0, 2.0, 2.27991261671, 1.0, -0.442472816182, 1.0, -1.0, 0.134646603784, 0.393762774679, -1.0, 0.0, -1.0, 2.72894783601, 3.0, 3.0, -1.0, 2.0, 1.0, -1.0, 0.0, 2.06195844907, -1.0, 2.16290167783, -0.0737677632173, -1.0, 0.0784478345305, 97269.0, 531.0, 99488.0
0.0, 0.324299416863, 3.0, 3.0, -1.0, 1.22994993097, -1.0, 0.0, 0.0, -0.422887804458, 0.736310026971, -0.712449591092, 1.07904431807, 2.0, 0.484943715235, 1.0, 0.0, 2.12932830074, 0.302504347503, 1.17805353681, 2.0, -0.817518310224, 2.23027512099, 2.38437029777, 2.06662631674, 1.05701149885, -0.393064603428, 1.18361729859, -0.305992915331, 1.53172428984, 2.0, -0.2215306579, 0.802963711809, 2.0, 1.01660059068, -1.0, 0.523955932405, 2.0, 1.0, 3.0, 2.16985630179, 0.45600485539, 1.0, 0.368395324694, 0.0, -0.769877568574, -0.415215632292, -0.299304667307, -1.0, 0.986478722389, 96896.0, 603.0, 99436.0
1.0, 0.286787568018, 0.93984821701, 0.871540458796, -0.577461089215, 2.0, -0.0460053675994, 0.0, 0.245183420523, 1.0, 0.554187743689, -0.389133376183, -0.561700567377, -0.481216086324, -0.662026331609, -0.744695715369, 3.0, -0.136980852395, 2.66696479092, 1.74686898844, -1.0, 3.0, 0.664691820605, -0.984526839284, 0.307453283577, 1.0, -0.871147828292, 1.0, 2.09249824553, 0.871386803157, 3.0, 0.175076699718, -1.0, -0.588927341571, -0.879075272626, 2.0, 0.0, 0.0, 0.770890929317, -1.0, 2.0, 2.0, -0.81910022784, 1.0, 0.925123319396, -1.0, 0.767633703417, 0.0, 0.692598898141, 0.0, 97321.0, 515.0, 99504.0
1.0, 2.91082087873, 2.12482622432, 2.16684229002, 2.37663432815, 0.296685908372, 0.791824263717, 3.0, 2.09701408473, -0.0372624142253, 3.0, 2.0, -1.0, -0.204858051372, -0.903348865442, 2.81519319864, 0.957803785307, 1.27379517165, 2.0, -0.0174311417282, 2.0, 3.0, 1.0, -1.0, 1.35278750135, 0.554979829788, 1.0, 0.0, 1.0, 0.864682189713, -1.0, 2.62351821076, -0.645490411391, -1.0, -0.855932663661, -1.0, 0.194269425, 2.0, 1.99806177123, -1.0, 1.0, 0.0, -1.0, 0.167750583683, 2.0, -1.0, -1.0, 0.0, 2.0, 0.235708547197, 97458.0, 530.0, 99481.0
0.824866745976, 2.73944515854, -0.216268837245, 2.0, -0.562331163842, -0.00458043742615, -1.0, -0.201247741818, 0.861730622132, 0.0, 1.14062137767, -0.101400727826, 1.0, 0.0, -0.534521231453, 1.37393792281, 0.0, 0.0376476377348, 3.0, 0.0, -0.417718387791, 1.0, 3.0, -1.0, 3.0, 0.0, -0.50414601226, 2.54581927228, 2.41933868639, 1.0, 0.0, -0.423168309035, 2.64520347646, 3.0, 1.0, 0.0, 1.0, 3.0, -1.0, 2.60077170233, 1.96848484462, 1.0, 2.0, 1.43609918327, 0.17076981602, -0.0781463806202, 1.14758676623, 2.15531181573, 1.07026249635, 2.72186228812, 96923.0, 613.0, 99433.0
-0.611541370374, 1.65496371158, 1.56741613078, -1.0, 2.04964882844, -0.657228391779, -1.0, -0.826185051587, 1.9405310764, 1.0, 1.47486903827, 2.42793060462, -1.0, 0.0, 0.181336788717, -1.0, 0.0, 0.0, 1.0, 0.0923116012584, 2.30537861983, 1.0, 0.756142043181, 2.99592708904, 2.20200694716, 2.9881622048, 1.0, -0.312574850246, -0.944450313642, 0.701553553662, -1.0, 2.0, -0.866148388097, -1.0, -0.739141227546, 2.0, 2.00343901488, 3.0, -1.0, -1.0, 0.0680424584479, 2.12055415181, 3.0, 0.0, 1.0, -1.0, -0.126416947371, 2.21807168203, -1.0, -0.190927277937, 97661.0, 466.0, 99547.0
-0.219227551596, 2.91341167379, -0.216268837245, 2.0, -0.562331163842, 1.16581663863, -1.0, 0.742803983098, 1.3439721065, 0.0, 3.0, 0.331824630807, 1.0, -0.654162509372, -0.774556017974, 2.0, 0.0, 1.0, 3.0, 0.0, 2.36331223542, 1.0, 3.0, -1.0, 3.0, 0.408970133928, 0.873506644938, 1.1465547161, 2.41933868639, -0.36032382774, 1.44884359852, -0.423168309035, 2.97997646639, 3.0, 1.0, 0.0, 2.0, 3.0, -1.0, 2.43742701214, 1.96848484462, 1.0, 2.0, 2.01544914728, 0.17076981602, -0.686460031428, 1.14758676623, 2.15531181573, 2.0, 2.72186228812, 97182.0, 594.0, 99436.0
-0.0346453037155, 0.0, 3.0, 3.0, -1.0, 1.22994993097, -1.0, -1.0, -0.475150369093, -0.679040770269, 0.736310026971, -0.337335189642, 0.25282663085, 2.0, 0.361763739948, 1.0, 0.0, 1.77068768588, -0.488195667845, 0.0, 2.0, 1.0, 2.23027512099, 2.0, 0.0, 1.05701149885, 1.43818793604, 1.18361729859, -0.305992915331, 1.53172428984, 2.04347644598, -0.149510977638, -0.259376773742, 2.0, 1.01660059068, -1.0, 0.523955932405, -0.67436677693, 1.19096655846, 3.0, 1.03196381608, 0.45600485539, -0.0824843738346, 0.0, 0.0, 0.208979227707, -0.415215632292, -0.204936931787, -1.0, 0.986478722389, 96701.0, 610.0, 99444.0
0.0, 0.26803326625, -0.523553109562, -1.0, -0.0909596800802, 0.101226925333, -1.0, -0.557390303149, 0.252015070826, 1.59010843853, -0.963899028071, 1.93545954972, 1.0, 0.702885361084, -0.159255233593, -0.268454656775, -0.465092567367, -1.0, 3.0, 2.0, 3.0, -0.440676888513, -0.424370629637, 0.982690464443, 0.0, -0.812557197846, -1.0, -0.953086543006, 1.0, -1.0, 2.93049376266, 0.469616407261, 0.0, -1.0, 0.0, 0.099016628576, -0.488339921531, 0.821742576743, 2.0, 0.0329687052654, 1.1587451583, 1.0, 1.0, 0.0, 2.24147065418, 0.0, 1.23403879213, 1.20941444637, 2.60273530144, 0.485041501347, 97036.0, 535.0, 99507.0
1.0, 0.156677494288, 2.0, 2.16684229002, -0.577461089215, 1.95437889035, -0.141599093359, 3.0, 2.0, 1.75148597793, 3.0, 2.0, -0.519379999581, -0.727354664278, 1.00902122088, 2.81519319864, 3.0, 1.27379517165, 2.0, -0.0174311417282, 2.0, 0.260861133127, 1.0, -1.0, 0.0, -0.975356973226, 0.367380759841, 0.0, 0.453792068432, 0.9180502367, -1.0, 1.2168301994, -0.667731853313, -1.0, -0.855932663661, -1.0, 2.0, 2.54392278276, 2.0, -1.0, 2.11471804732, 0.0, -1.0, 0.167750583683, 0.261376738913, -1.0, -1.0, -0.994617416683, -0.974704679645, 1.0, 97732.0, 471.0, 99530.0
-0.324375731427, 1.65496371158, 1.0, -1.0, 2.34228564363, 1.69769100949, -1.0, 0.0384869773889, 1.9405310764, 1.0, 1.47486903827, 0.067051765753, -1.0, 0.0, 0.484943715235, -1.0, 0.0, -0.247191190998, 1.0, -1.0, -0.587537377847, 1.39098447183, 0.0, 2.30981635661, 2.25324327801, 2.88694022331, 1.0, -0.856114097751, -0.944450313642, 0.701553553662, -1.0, 0.230198073121, -0.264683439916, -1.0, 2.06084889168, 0.629085275322, -0.498230667139, -1.0, -1.0, -1.0, 0.102624101318, 2.0, 3.0, 0.0, 1.19969871896, -1.0, -0.126416947371, -0.677138951038, -0.568885736642, -0.193401736761, 97381.0, 471.0, 99545.0
0.0, 1.0, 3.0, -1.0, -1.0, 1.22994993097, -1.0, 0.0, 0.0, -0.422416379551, 0.736310026971, -0.815065083347, 0.25282663085, 2.0, 0.484943715235, 1.0, 0.0, 2.12932830074, 0.302504347503, 2.18356777989, 2.0, 1.0, -1.0, 2.61106234345, 0.0, 1.05701149885, 1.43818793604, 1.18361729859, -0.305992915331, 1.53172428984, 2.0, -0.149510977638, 1.7575294615, 2.0, 1.01660059068, -1.0, 0.523955932405, 2.0, 1.0, 3.0, 1.03196381608, 0.45600485539, 1.0, 0.368395324694, 0.0, -0.769877568574, -0.415215632292, -0.204936931787, -1.0, 0.986478722389, 96922.0, 592.0, 99446.0
1.1177721644, -0.0891028927914, -0.523553109562, -1.0, 1.0, 0.101226925333, -1.0, 0.1527862324, 0.252015070826, 2.74703587266, -0.639851397262, 1.385686026, 1.0, -0.918531691029, -0.159255233593, 0.0, 1.0, -1.0, 3.0, 2.0, 3.0, -0.440676888513, -0.820577260244, -0.320815431279, 0.0, 1.01977863045, -1.0, -0.953086543006, 1.0, 2.0, 2.27094081574, -0.200092387277, 0.0, -0.764320871217, 0.0, 0.099016628576, -0.488339921531, -1.0, 2.32553200717, 0.526054884793, -1.0, 1.0, 1.0, 0.0, 2.24147065418, 0.0, -0.392892965193, 0.0, 2.95577752002, 1.0, 97054.0, 531.0, 99518.0
0.0, 1.15437407623, -1.0, 0.565936217891, -1.0, 1.0, -1.0, -1.0, 1.31544409161, 2.0, 2.0, 1.0, 0.0, 2.16026108306, 1.0, 0.186058631413, 2.0, 0.0, 1.71884185951, 0.0, 1.45166468262, 1.685021732, 1.0, 0.0, 0.788921183964, 0.349744242516, 0.0, 2.0, 2.1418260645, -0.802391170984, 2.15153870681, 2.27424136717, 0.0, -1.0, 0.0, 0.182320680754, 0.771596659287, 0.763574891767, 2.0, 0.0, 2.91531174162, -0.11864007628, 0.0937725443881, 3.0, 2.0, -1.0, 0.0, 2.0, 2.0, -0.157597368562, 96958.0, 597.0, 99439.0
0.0, 2.33412499316, 0.579265805565, 1.0, 2.73341273808, -0.317960991681, -1.0, -0.142046706812, 1.51088554811, 2.30755472452, 2.06428011053, 2.48391502002, 2.0, 0.275750297621, 1.0, 1.0, -0.0318102956365, -0.683957627276, 2.61654513785, 0.0, 2.24983648941, 2.26367445011, 1.0, -1.0, 3.0, 1.11907253367, -0.296359711523, 1.00458971595, -0.424505690807, -1.0, 3.0, 1.0, 0.306280566957, -1.0, -0.378205857897, 2.18334952576, 1.0, 0.730097183702, 2.89596259426, 0.0329687052654, 2.00747913358, 1.65414147894, 0.0, 3.0, 0.17076981602, -1.0, -0.350509968027, 2.0, -1.0, 0.196607371609, 97045.0, 587.0, 99446.0
0.971444007786, 1.10372819492, -1.0, 1.0, 2.73341273808, 1.0, -1.0, -1.0, 1.0, 2.0, 0.956865625106, 2.07122877103, 2.0, 1.11069896018, 1.0, -0.337551689351, 0.872195288441, 0.55057652457, 1.48726956043, 0.0, 2.79435556204, 2.6892724735, 0.385043325565, 1.46317158867, 1.50938494013, 3.0, -0.296359711523, 1.00458971595, 0.0, -0.182293677836, 3.0, -0.00783072452501, -0.264683439916, -1.0, -0.378205857897, 2.41060701775, 1.0, 1.0, -0.739020136213, 0.0329687052654, 2.00747913358, 2.12055415181, -0.895432854809, 1.17829473915, 1.91815181902, -1.0, -0.678032616072, 0.339359673956, 1.61586532582, 0.0, 97091.0, 586.0, 99441.0
0.0, 0.156677494288, -1.0, 1.0, -1.0, 1.0, -0.917505639033, -1.0, 0.364634726725, 2.0, 2.0, 0.0, 2.01250077206, 0.903008340098, 2.50586889561, 1.72682409003, 0.0, 0.519734797378, 2.19584054851, 0.361578055733, 2.0, 1.685021732, -0.722676666936, 0.0, -0.409226039749, -0.975356973226, 1.45921108121, 2.0, -0.817157228224, -1.0, 3.0, 1.0, -0.0591068467433, -1.0, 0.0, 2.0, 1.0, -1.0, -0.869489194397, 0.834779088392, 2.38952480832, 2.76949846776, 0.0, 1.44734225263, 2.61926099324, -1.0, -0.314308483382, 0.472108482417, 2.16072033934, 0.0, 97200.0, 519.0, 99509.0
1.0, 0.356891279939, 2.69287256739, -1.0, -1.0, 3.0, 3.0, -0.866901276434, 2.6869267976, 1.0, 0.0, 0.0, -1.0, -1.0, -1.0, -1.0, 0.427950800845, 1.0, 2.0, -0.851323627583, -1.0, 0.0, 2.0, -0.521438690613, 0.0, 2.15330104626, 0.0, -0.561742189049, 0.00431974249493, 0.552802583177, 3.0, -1.0, -1.0, -0.76349913544, -0.394958861105, 1.13750369873, 0.0, -1.0, 3.0, -1.0, 2.0, -0.549871867052, -1.0, 0.891914201201, -0.18432099498, -1.0, -0.879806522079, 2.92492408525, 2.0, -1.0, 98022.0, 410.0, 99600.0
0.0, -0.558008131255, 3.0, 3.0, -1.0, 1.22994993097, -1.0, 0.0, 0.0, -0.679040770269, 0.736310026971, -0.337335189642, 0.25282663085, 2.0, 0.484943715235, 1.0, 0.0, 1.74216787939, 0.302504347503, 0.0, 2.0, 1.0, 2.23027512099, 2.0, 0.0, 1.05701149885, 1.43818793604, 1.18361729859, -0.305992915331, 1.53172428984, 2.0, -0.149510977638, -0.121999347911, 2.0, 1.01660059068, -1.0, 0.523955932405, 2.0, 1.0, 3.0, 2.72145930503, 0.45600485539, -0.0824843738346, -0.30068960412, 0.0, -0.769877568574, -0.415215632292, -0.204936931787, -1.0, 0.586270838233, 96797.0, 611.0, 99438.0
0.473972868929, 1.86599913142, -0.581513268252, -1.0, 2.34228564363, 1.69769100949, 1.19105640554, -0.826185051587, 1.9405310764, 1.20131388649, 2.7872843469, 2.0, -1.0, 0.0, -0.592854035502, -1.0, 0.0, 0.0, 1.0, -1.0, 2.36331223542, 1.0, -0.223061695027, -0.607788412471, 2.25324327801, 2.88694022331, 0.691967080954, -0.910154806197, -0.944450313642, 2.77553059853, -1.0, 2.4008567982, 1.06555772679, -1.0, 2.96619870847, 2.0, -0.26312993799, -0.609750954306, -1.0, -1.0, 2.9965076757, 2.12055415181, 3.0, -0.217210035192, -0.18432099498, -1.0, -0.126416947371, 0.339359673956, -1.0, 0.905471904476, 97659.0, 445.0, 99550.0
0.0, 0.332397398979, -1.0, -0.142776456106, 2.73341273808, 1.0, 1.9631507886, -1.0, 1.0, 2.30755472452, 0.956865625106, 0.537167348811, 2.46120098535, 2.0, -0.824800409721, 1.72682409003, 0.0, -0.950550021315, 2.61654513785, 0.0, 2.88482243049, 2.26367445011, 0.728229494784, -1.0, 3.0, 2.27188204488, -0.217091847726, 1.0, 0.0, -1.0, 3.0, 1.0, 0.444177611742, -1.0, 0.228280519427, 2.41060701775, 2.77737695367, -0.282641725341, 0.775874181224, 0.0329687052654, 2.00747913358, 1.65414147894, 0.0, 3.0, 1.31726705855, -1.0, -0.350509968027, 2.0, 1.61586532582, 1.3095402557, 97289.0, 569.0, 99459.0
-0.324375731427, 2.2775861571, 2.60414404484, -1.0, 2.34228564363, 1.69769100949, -1.0, -0.917420595649, 1.9405310764, 1.0, 1.47486903827, 2.0, -1.0, 0.0, 0.484943715235, -1.0, 0.0, 0.0, 1.0, 0.263032727813, 0.0, 1.39098447183, 0.0, 2.30981635661, 2.25324327801, 2.88694022331, 1.0, -0.856114097751, -0.944450313642, 0.701553553662, -1.0, 0.230198073121, -0.264683439916, -1.0, 2.06084889168, 2.73234731543, 0.378103533907, -1.0, -1.0, -1.0, 0.102624101318, 2.12055415181, 3.0, 0.0, 1.0, -1.0, -0.565447954089, -0.677138951038, -1.0, -0.193401736761, 97455.0, 468.0, 99535.0
0.0, 0.0, 3.0, 3.0, -1.0, 1.22994993097, -1.0, 0.0, 0.0, -0.422887804458, 0.736310026971, -0.337335189642, 0.25282663085, 2.0, 0.484943715235, 1.0, -0.937058849401, 2.12932830074, 0.302504347503, -0.033444419774, 2.0, -0.356487719811, 2.23027512099, 2.38437029777, -0.49057108682, 1.05701149885, 1.43818793604, 1.18361729859, -0.305992915331, 2.38404957605, 2.0, -0.2215306579, 0.802963711809, 2.0, 1.01660059068, -1.0, 0.454203433637, 2.0, 1.0, 3.0, 1.03196381608, 0.45600485539, 1.0, 0.368395324694, 0.0, -0.769877568574, -0.415215632292, -0.204936931787, -1.0, 0.986478722389, 96748.0, 620.0, 99429.0
-0.488361457429, 0.286787568018, 0.93984821701, 0.871540458796, 2.37663432815, 2.18198998992, -0.0460053675994, 0.0, 0.245183420523, 1.0, 1.54831213729, -0.389133376183, -0.561700567377, -0.481216086324, -1.0, -0.842657167579, 3.0, -0.136980852395, 2.66696479092, 2.13211325422, -1.0, 3.0, 0.664691820605, -0.984526839284, 0.0, 1.0, 0.0, 1.0, 2.09249824553, 0.871386803157, 3.0, 0.175076699718, -1.0, -0.697018775367, -0.879075272626, 2.0, 0.0, 0.0, 0.770890929317, -1.0, 2.0, 2.0, -0.81910022784, 1.0, 0.925123319396, -1.0, 0.767633703417, 0.0, 2.0, 0.0, 97190.0, 543.0, 99480.0
1.0, 2.91082087873, 2.12482622432, 2.16684229002, -0.577461089215, 0.296685908372, 1.32534637046, 3.0, 2.09701408473, -0.0372624142253, 3.0, 2.0, -1.0, -0.204858051372, -0.903348865442, 0.819121592423, 3.0, 1.27379517165, 2.0, -0.0174311417282, 2.0, 3.0, 1.0, 0.296481739769, 1.35278750135, 0.375316893184, 1.0, 0.0, 1.0, 1.0, -1.0, 2.62351821076, -0.645490411391, -1.0, -0.855932663661, -1.0, 0.194269425, 2.0, 1.99806177123, -1.0, 1.0, 0.0, -1.0, 0.167750583683, 2.0, -1.0, -1.0, 0.0, 0.692598898141, 2.87751825229, 97557.0, 536.0, 99479.0
1.23647297819, 0.0, 2.0, -0.627268993034, -0.831856135599, 0.0678922615293, 1.0, 2.65425859886, 2.07793415463, 1.0, 3.0, 1.66806026592, -1.0, 2.0, -1.0, 3.0, 3.0, 2.08172738386, 1.0, 0.0, 2.40356582642, 1.75248455703, 0.0, -1.0, 0.788921183964, 3.0, 1.0, 0.0, 1.17780872167, 1.69696309824, -1.0, -0.259600979377, -0.162693563116, 1.60979424639, -0.688080655111, -1.0, 2.0, -0.116898263628, 1.36330347206, -1.0, 1.0, 1.9748141582, -1.0, 3.0, 2.54057923072, 1.0, -1.0, 1.31187580856, 0.354610477105, 1.0, 97623.0, 553.0, 99470.0
-0.0346453037155, 0.0, 3.0, 3.0, -1.0, 0.341926036314, -1.0, -1.0, 0.0, -0.679040770269, 0.736310026971, -0.454283646484, 0.25282663085, 2.0, 0.361763739948, 1.0, 0.0, 1.7112364364, -0.262587044798, 0.0, 2.98168033405, 1.0, 2.23027512099, 2.0, 0.0, 1.05701149885, 1.43818793604, 1.55457894991, -0.305992915331, 1.53172428984, 1.7705757834, -0.149510977638, -0.121999347911, 2.0, 1.01660059068, -1.0, 0.523955932405, -0.67436677693, 1.19096655846, 3.0, 1.03196381608, -0.464416531893, -0.0824843738346, 0.368395324694, 0.0, -0.769877568574, -0.415215632292, -0.204936931787, -1.0, 0.986478722389, 96803.0, 591.0, 99452.0
2.02314172553, 0.287877383431, -0.972247552259, 0.0, 1.0, -0.977568904579, -1.0, -1.0, -0.475150369093, 2.01136051028, 3.0, 0.0, 0.0, 0.188918968414, -0.334001316649, 1.01239541505, 2.30960649856, 3.0, 2.01808216888, 0.7245016788, 2.25645056183, 0.722039120586, 0.0, 3.0, 2.0, 2.42593656231, -0.0434617927126, 0.513832852179, 2.28070378068, -0.307267884772, 0.0, -0.330675693604, 0.42971536318, -1.0, 3.0, -0.150357125723, 1.0, -1.0, -0.910881001466, 2.1917734165, -1.0, 2.0, 0.646328590059, 0.0, 0.17076981602, 2.0, -0.417693189417, 0.0, -0.871779914603, 0.443099859918, 96925.0, 575.0, 99468.0
-0.464125145214, 1.0, 0.977953569439, 2.0, 1.0, 3.0, 2.0, 1.0, 0.0, 1.0, -1.0, 2.37695115762, 2.61946572799, 2.69012422663, -0.159255233593, 3.0, 0.0, 2.0, 0.0, 2.04996369249, 3.0, 0.431764300141, 0.339705757399, 1.0, 0.12196169436, 1.0, 1.0, 0.818410366689, 1.13125589565, 1.1426357797, -0.457353141193, 1.42514709914, 0.345071751859, 2.0, 0.0, 3.0, 1.0, 0.0, 1.20218581287, 0.0538065938707, 0.0, 2.2681122378, 0.210011405085, -0.30068960412, 1.77564457852, -1.0, 3.0, 0.93364706859, -0.555010047357, 1.0, 96894.0, 651.0, 99403.0
0.0, -0.966039974665, -0.523553109562, -1.0, -0.0909596800802, -0.779731056372, -1.0, -0.557390303149, 0.252015070826, 1.59010843853, -0.963899028071, 1.93545954972, 1.0, 0.702885361084, -0.159255233593, -0.268454656775, -0.465092567367, -1.0, 3.0, 0.0, 3.0, -0.440676888513, -0.424370629637, 0.659889290295, 0.0, -0.812557197846, -1.0, -0.953086543006, 1.0, -1.0, 2.86297524013, 0.469616407261, 0.984187638885, -1.0, 0.0, 0.0364098634888, -0.488339921531, 0.821742576743, 2.31093140952, 0.0329687052654, -1.0, 1.0, 1.0, 0.0, 2.24147065418, 0.0, 1.23403879213, 1.20941444637, 0.438657917173, 0.485041501347, 97184.0, 502.0, 99544.0
0.473972868929, 1.65496371158, 1.0, -1.0, 2.34228564363, 1.69769100949, 1.19105640554, -0.826185051587, 2.21713865425, 0.392361105653, 2.49202519855, 2.71045269765, -1.0, 0.0, -0.524264913688, -1.0, 0.0, 0.0, 1.0, -1.0, 2.36331223542, 1.0, -0.223061695027, 2.30981635661, 2.82244636104, 2.88694022331, 1.0, -0.910154806197, 0.115059202947, 0.701553553662, 0.926956248844, 2.13780067392, 0.370392856148, -1.0, 0.0, 2.0, -0.26312993799, 3.0, -1.0, -1.0, 2.26652689701, 2.12055415181, 3.0, 0.818351388746, -0.18432099498, 0.36440452292, 1.40725623796, 0.339359673956, -1.0, 0.905471904476, 97237.0, 542.0, 99482.0
0.0, 2.33412499316, -0.136540675179, 1.0, 2.73341273808, -0.317960991681, 1.6684384048, -0.142046706812, 1.51088554811, 2.12250183293, 2.06428011053, 2.48391502002, 2.0, 2.0, 1.0, 1.0, 3.0, -0.478523545599, 2.61654513785, 0.0, 2.0, 2.26367445011, 1.0, -1.0, 3.0, 2.4305582837, -0.296359711523, 1.00458971595, -0.424505690807, -1.0, 0.235022593917, 1.0, 0.306280566957, -1.0, -0.378205857897, 2.18334952576, 1.0, 1.0, 2.91312246212, -0.869165485648, 2.00747913358, 1.65414147894, 0.0, 3.0, 0.17076981602, -1.0, -0.350509968027, 2.0, -1.0, 1.3095402557, 97026.0, 601.0, 99428.0
0.33814630165, 1.0, -1.0, 3.0, -1.0, 1.0, -1.0, -1.0, 1.37437907714, 2.41199432827, 2.66583594359, 0.239920219604, -0.267668237394, 0.578387896831, 0.989681205526, 1.01239541505, 1.04462498748, 0.661306391364, 2.75877421341, 0.0, 0.90923040636, 1.685021732, -0.211350071537, -1.0, 3.0, -0.385717107036, -0.0252727472234, 2.85664839938, -0.188335159, -1.0, 3.0, -0.19639205328, 0.32336047542, -1.0, 0.0, 1.80835713428, 0.523955932405, -1.0, 2.14267543579, -0.841145262159, 2.0, 1.0, -0.400307167012, 3.0, 2.0, -1.0, 0.389804356321, 2.0, 1.04198715725, 0.311495218548, 97083.0, 552.0, 99471.0
0.0, 2.70262296269, -0.0945941647285, 0.840874926753, -0.230577645673, 1.58261621752, 1.0, 3.0, 1.06568328409, 0.289365866684, 2.07603713923, -0.561973368567, -0.322763665455, -0.512800855328, 0.0, 2.0, 2.77872957445, 1.0, 3.0, 1.43016429713, 1.33987977947, 2.44168132084, 2.42226506318, -1.0, 3.0, 0.0, 1.84289439544, -0.95942673599, 1.61123608139, -0.608051102812, 0.0, 2.62699352998, 0.955738076262, -0.76636798861, 1.0, -0.647577396249, 1.12015715549, 3.0, -1.0, 0.0, 2.88248676942, 2.4017387316, 2.48442960539, 1.3702330799, 2.0, -0.769877568574, 2.0, -0.472308493849, 2.94627195055, 0.0, 97381.0, 565.0, 99454.0
1.0, -0.208605344825, 2.12482622432, 2.16684229002, 0.69345659383, 2.0, 0.791824263717, 3.0, 2.0, 1.75148597793, 3.0, 2.0, -0.519379999581, -0.727354664278, -1.0, 2.81519319864, 3.0, 1.27379517165, 2.0, -0.0174311417282, 2.58146097057, 0.260861133127, -0.934637037639, -1.0, 2.25324327801, 0.554979829788, 0.367380759841, 0.0, 1.0, 0.9180502367, -1.0, 1.2168301994, -0.414710879332, -1.0, -0.855932663661, 0.985928294026, 2.0, 2.54392278276, 2.53965078059, -1.0, 2.88923355064, 0.0, -1.0, 0.167750583683, 0.261376738913, -1.0, -0.278180495687, 0.0, -0.944371955168, 1.0, 97493.0, 515.0, 99493.0
1.0, 2.9249177182, 2.12482622432, 2.16684229002, 2.37663432815, 0.296685908372, 0.791824263717, 3.0, 2.09701408473, -0.0372624142253, 3.0, -0.503245264619, -1.0, -0.204858051372, -0.903348865442, 2.81519319864, 0.957803785307, 1.27379517165, 1.72422680233, -0.705416194302, 2.0, 3.0, 1.0, -1.0, 1.35278750135, 0.554979829788, 1.05045729991, 0.0, 1.0, 1.98622358635, -1.0, 2.62351821076, -0.645490411391, -1.0, -0.855932663661, -1.0, 0.194269425, 2.0, 1.99806177123, -1.0, 1.0, 0.0, -1.0, 0.167750583683, 2.0, -1.0, -1.0, 0.0, 2.0, 0.235708547197, 97677.0, 503.0, 99507.0
1.0, 1.0, 0.154613049447, -1.0, -1.0, 3.0, 3.0, -0.866901276434, 2.6869267976, -0.313905052919, 1.87722383855, -0.980986270813, -1.0, -1.0, -1.0, -1.0, -0.626167751057, -0.828761543313, 2.23069876507, -0.851323627583, 0.359573039763, 0.102955444907, 2.0, -0.804492994513, 0.0, 0.817160228637, 1.00728371019, -0.561742189049, 0.00431974249493, 0.394113943849, 3.0, -1.0, 0.157666956475, -0.76349913544, -0.394958861105, 1.13750369873, 0.0, -1.0, 2.00059824251, -1.0, 2.0, -0.549871867052, -1.0, 0.891914201201, 0.427716380897, -1.0, -0.879806522079, 3.0, 2.0, 0.0982651156467, 98050.0, 401.0, 99601.0
-0.0346453037155, 0.0, 3.0, 2.03673062119, -1.0, 1.22994993097, -1.0, -1.0, -0.475150369093, -0.679040770269, 0.736310026971, -0.240610805853, 0.25282663085, 2.0, 0.361763739948, 1.0, 0.0, 1.77068768588, -0.488195667845, 0.0, 2.0, 1.0, -0.194048282083, 2.0, 0.0, 1.05701149885, 1.43818793604, 1.18361729859, -0.305992915331, 1.53172428984, 2.45835685917, -0.149510977638, -0.259376773742, 2.0, 1.01660059068, -1.0, 0.523955932405, -0.67436677693, 1.63784358663, 3.0, 1.03196381608, -0.820852332041, -0.0824843738346, 0.0, 0.0, 0.208979227707, -0.415215632292, -0.986096170661, -1.0, 0.986478722389, 96875.0, 587.0, 99471.0
1.0, 0.26803326625, -0.523553109562, -1.0, -0.0909596800802, 0.101226925333, -1.0, -0.557390303149, 0.556544814831, 1.59010843853, -0.963899028071, 1.93545954972, 1.0, 0.702885361084, -0.159255233593, -0.268454656775, -0.465092567367, -1.0, 3.0, 2.0, 3.0, 0.202807425366, -0.424370629637, 0.982690464443, 0.0, -0.812557197846, -1.0, 0.0, 1.0, -1.0, 2.93049376266, 0.469616407261, 0.0, -1.0, 0.0, 0.099016628576, -0.488339921531, 1.44628135671, 2.0, 0.0329687052654, 1.1587451583, 1.0, 1.0, 0.0, 2.24147065418, 0.0, 1.23403879213, 1.20941444637, 2.60273530144, 0.485041501347, 97009.0, 547.0, 99499.0
0.0, 0.156677494288, 2.0, 2.16684229002, -0.577461089215, 1.95437889035, -0.141599093359, 3.0, 2.0, 1.75148597793, 3.0, 2.0, -0.519379999581, -0.727354664278, 1.00902122088, 2.81519319864, 3.0, 1.27379517165, 2.0, -0.0174311417282, 2.0, 0.260861133127, 1.0, -1.0, 0.0, -0.975356973226, 0.367380759841, -0.953086543006, -0.114654424697, 0.9180502367, -1.0, 1.2168301994, -0.667731853313, -1.0, -0.909661353126, -1.0, 2.0, 2.54392278276, 2.0, -1.0, 2.11471804732, 0.0, -1.0, 0.167750583683, 0.261376738913, -1.0, -1.0, -0.994617416683, -0.974704679645, 1.0, 97791.0, 459.0, 99538.0
