1.99949352218, 1.02735255286, 0.734803033212, 1.07135014564, 2.92193232294, 0.90739214067, 5.44538550726, 0.867970936675, 0.959685258302, 1.28154903656, 5.00343075901, 0.81230422419, 4.4386096747, 1.14166913458, 0.793683707631, 1.1467085387, 1.05982477167, 1.07332267642, 7.06896562715, 0.920482139779, 0.771203253524, 299.65280136, 1.08122463782, 2.09538512097, 1.23189033715, 4.54007690774, 0.937835573261, 461.540729414, 19.6033829755, 673.240999032, 0.0
4.23980766184, 1.41306330002, 1.3252230739, 1.08169512572, 2.67295870494, 0.871169917359, 1.26369906695, 1.04255207278, 0.974283926281, 4.40681745763, 2.55360914173, 1.18862385513, 1.40952159845, 1.06310228695, 1.04861040012, 1.29824380258, 1.01499427659, 0.922622280985, 8.85519823074, 1.10738411829, 0.795058722779, 198.983643158, 0.867266709818, 2.81626067383, 1.04242647726, 2.25905618473, 1.05938496438, 102.866889968, 19.806828574, 233.5459302, 0.804289544236
4.98367311597, 1.31164082004, 1.51490955831, 1.06947555277, 3.63488490328, 1.04425067063, 3.99123534138, 0.910067426228, 0.953188891544, 4.44768157998, 3.95019365994, 1.21758305706, 2.34595334248, 0.863357043892, 1.08399739573, 1.14050612772, 1.11534376404, 1.11244141071, 8.19055184634, 0.925027747285, 0.830166351811, 68.1438793467, 0.860364983231, 4.96212531769, 1.21104056329, 5.44453829365, 1.19816177992, 98.9237116161, 20.1258876925, 303.246707787, 0.0
1.34574040121, 1.35181409721, 1.0154889864, 0.967070990761, 5.70981603879, 0.800064132453, 3.05444490694, 1.02586461674, 0.901950430951, 4.13987643075, 5.26596433863, 1.18155857902, 1.09499974741, 0.842489382746, 1.08955061224, 1.17038575862, 1.01496915405, 1.0846461327, 5.67669142142, 0.968398783324, 0.822410353722, 68.2476101184, 0.847291417464, 4.99642686692, 1.16459706199, 3.217774794, 0.934839002516, 331.3463622, 18.0436183327, 3262.77460064, 0.0
5.42141395083, 1.24568838048, 1.40228684176, 1.16200873184, 1.53664985246, 1.14729404577, 3.68474507874, 0.825949098566, 1.026170993, 2.63081414896, 2.19184217787, 1.2191778754, 1.7536197636, 1.02421273962, 0.993092580924, 1.07712036628, 1.10893646815, 1.21017925236, 4.60237543604, 1.12084739571, 0.982717815251, 403.893547751, 0.845155766641, 3.7000501398, 1.02531317841, 4.94184137878, 1.19643075487, 17.9960783004, 7.24060727531, 26.863690079, 1.07238605898
4.77297926758, 1.13535451173, 1.20286084675, 0.978315002404, 3.8105299012, 1.18030819708, 4.90083603535, 1.08354689054, 0.983686763421, 2.21695464762, 2.2771983389, 0.851077934532, 1.13106215598, 0.849989843415, 0.897337303921, 1.21899888466, 1.03605235996, 1.03628096527, 7.28182085429, 1.14501317753, 0.867549854175, 405.446340941, 1.01445935576, 3.81189038341, 1.08045408817, 2.0681206562, 1.24509890648, 428.958638494, 22.3869966353, 2913.95646567, 0.0
3.97183601437, 1.33722254661, 0.875789292509, 1.21523545797, 2.90700808155, 1.0343834842, 2.51771554258, 0.852958510733, 0.909365206345, 2.40243580426, 2.40334419401, 1.21148884345, 1.72289097743, 1.01077055197, 0.86454004599, 1.13125470913, 1.16055370715, 1.10265811317, 8.17123277407, 1.01433922451, 0.764623947677, 379.969692766, 0.959233277348, 5.49664336053, 1.19913873371, 5.46670628231, 1.12134354935, 816.393137757, 22.8703403379, 2027.76126237, 0.0
2.18956095364, 1.36720063743, 1.63392190594, 1.18657783262, 2.22473990023, 0.793644487851, 5.38727895241, 0.919665258706, 0.962300674612, 5.717901498, 1.6838500586, 1.18826451642, 1.91843938921, 1.12070769482, 0.990446998014, 1.54644610765, 1.0813650559, 0.885503747563, 9.59194053552, 1.13898764676, 0.988918546619, 412.629428465, 0.887709683204, 1.60114779325, 1.12929635563, 4.39551357847, 1.03680934264, 470.929012588, 31.3889205502, 1361.19221327, 0.0
4.2572022629, 1.23543693714, 0.983028835349, 0.985875897876, 7.0415118802, 1.02342052446, 4.71728012586, 0.858375120985, 0.961272629295, 5.61455707243, 3.41798667695, 0.94206088124, 2.67779518771, 0.881665404181, 1.05111275851, 1.21317923214, 1.0338624734, 1.00901679334, 9.65985588442, 1.16064328663, 0.858538103381, 339.465415273, 0.859760133926, 5.17480605967, 1.11145682434, 4.50754355558, 1.27221236115, 967.722573332, 28.772352969, 1540.52538589, 0.0
4.413836394, 1.13912194345, 1.23332175662, 0.891010610218, 2.99052449529, 0.951170396337, 5.37591748734, 0.885445137773, 1.00270908931, 5.89800078823, 5.04504623978, 0.99601520796, 3.94313058311, 0.978710818888, 1.08801876489, 1.62851667532, 1.14119828162, 0.8346756964, 4.46513257299, 1.18263859499, 0.81374642179, 413.259591772, 1.01732991974, 4.73268465516, 0.980138985709, 4.83126246692, 1.22226950626, 332.824996071, 30.7886467539, 1049.65256638, 0.536193029491
5.2846888217, 1.32958617173, 0.856524882262, 1.12651544372, 6.2387258746, 0.828877067629, 1.20161556449, 1.03371026384, 0.983686763421, 5.65205005315, 4.06695302823, 1.20327961093, 1.43854248454, 0.950796889782, 0.999196670485, 1.15866338904, 1.16776201162, 1.14119461146, 3.13174465348, 0.951783085187, 0.791430739783, 375.42759956, 0.900996231907, 2.60995629536, 1.17863117009, 4.08673946458, 1.17745478637, 505.349799307, 24.2314328682, 2680.57780424, 0.0
3.8841371113, 1.04019903103, 1.05286440986, 0.997556642266, 3.9230258148, 1.04484077582, 4.11272761186, 1.09463420775, 0.952646915086, 1.82240605874, 4.06731395553, 1.07362524403, 1.81508280648, 1.10526693373, 1.06903552995, 1.3200802195, 1.02612218011, 1.03189824756, 4.80703981318, 0.942220824462, 0.785283454516, 407.150784766, 0.915007544039, 5.55184750302, 1.00722348881, 3.12735080789, 0.889204388078, 342.854836697, 30.4444944151, 7534.97128875, 0.536193029491
4.98367311597, 1.31164082004, 0.936251364048, 1.06947555277, 3.63488490328, 1.04425067063, 3.99123534138, 0.910067426228, 0.953188891544, 4.44768157998, 3.95019365994, 1.21758305706, 2.34595334248, 0.863357043892, 1.05738108848, 1.14050612772, 1.11534376404, 1.11244141071, 7.77930857047, 1.04085515241, 0.830166351811, 68.1438793467, 0.860364983231, 4.96212531769, 1.21104056329, 5.44453829365, 1.19816177992, 555.72090441, 19.6099727504, 7294.94028687, 1.07238605898
3.66322083806, 1.39747135624, 0.868032078725, 1.02354817368, 2.19980054398, 0.858470487289, 4.48431090555, 0.82878387202, 0.919596009525, 1.96633035371, 5.37860217254, 1.01367029949, 3.77247524308, 0.917592015279, 1.0826199494, 1.60574341334, 1.01262396945, 1.22957185691, 6.24774855109, 1.01655009628, 0.847774916022, 330.744275563, 0.902261803518, 2.91994549146, 1.2057451853, 5.2533901851, 0.92118379484, 42.1790146088, 15.4825284223, 69.1961343581, 1.87667560322
4.48915865332, 1.11598598134, 0.86986135337, 1.0462804363, 4.95831159814, 0.856769516011, 3.36328833638, 0.85432628255, 0.964175903592, 2.63081414896, 6.26731814858, 1.15121331078, 3.21839920359, 1.00879611033, 1.08395597057, 1.55661923929, 1.05095938155, 0.973962901117, 6.39720930178, 1.17478698538, 0.91676505242, 222.141892609, 1.10821627963, 2.9856777263, 0.981426339129, 1.3797927985, 0.945055667824, 49.2796322048, 8.3306586699, 101.990368083, 3.21715817694
1.46977877768, 1.35181409721, 1.0154889864, 0.88800834635, 5.70981603879, 0.800064132453, 3.05444490694, 1.02586461674, 0.901950430951, 4.13987643075, 5.26596433863, 1.18557309288, 1.09499974741, 0.848001954292, 1.08910919825, 1.17038575862, 1.01496915405, 1.0846461327, 5.67669142142, 0.968398783324, 0.822410353722, 68.2476101184, 0.847291417464, 4.95191306108, 1.16459706199, 3.217774794, 0.934839002516, 528.841509875, 21.1126553976, 484.986966581, 1.07238605898
3.75268660474, 1.13674679514, 0.794301959636, 1.06116920324, 5.17651098711, 1.01169801169, 5.04231529272, 0.820088406375, 0.917367061588, 1.29938707449, 4.41118946823, 1.00298327506, 2.65769333369, 0.964864755433, 0.913951793172, 1.29141313205, 1.10659126637, 0.956080687344, 7.40408550688, 1.10383588094, 0.762066112853, 197.128155058, 1.17565190455, 4.88117808728, 1.13239848632, 3.18260798579, 0.984460379216, 41.7926873589, 11.6463885627, 84.4127286208, 1.60857908847
3.15698876265, 1.06675376059, 1.3870362166, 1.11069260097, 6.59790786112, 1.14628658756, 5.74012797447, 0.979359920778, 0.909076291538, 2.96281130288, 3.7025545606, 1.05902082705, 3.10457323449, 0.892100106534, 1.02053583121, 1.09698208733, 1.14249254089, 1.0851226399, 8.37334160921, 1.15067128412, 0.812281188385, 272.927440151, 0.962245631598, 5.52843856722, 1.14723001705, 2.92807066985, 1.29550945846, 113.689821213, 13.0227804798, 953.606485537, 1.34048257373
3.02589568869, 1.32979975669, 1.10026754807, 1.15907453039, 4.96660809598, 0.916783522557, 5.82617022579, 0.98948393481, 1.10867823025, 1.56248675699, 5.88620154972, 0.844737335531, 1.63492474722, 1.10520675764, 1.08781905125, 1.26687812359, 1.07952191518, 0.92699810641, 7.10769772691, 1.07010180308, 0.820698442979, 84.7003906155, 0.961127190382, 5.34533324298, 1.14559291157, 2.2153902574, 1.07932675127, 483.161313684, 35.9795999101, 4074.87117308, 0.0
4.99308658628, 1.3753380842, 1.6342689489, 1.11146645411, 3.34264203633, 1.1064833578, 2.65825010683, 1.02864992147, 1.11121177048, 2.37459549538, 2.49533204822, 1.16713720573, 1.19114347969, 1.07700718805, 0.991323115784, 1.01546212641, 1.0895044757, 0.855172615974, 9.67463120511, 0.91702480804, 0.883385324505, 243.673601211, 0.894077631236, 1.95139090553, 1.22557038877, 5.09157600166, 1.29924426914, 836.503644812, 39.3782394938, 2255.37369709, 0.0
5.2477511578, 1.11218579458, 1.3547376959, 0.969724645757, 5.88022152062, 0.77876668132, 3.33829359332, 1.0776769014, 0.979654155984, 2.18415930812, 5.19387284271, 1.21309899761, 1.14679101495, 1.04944776002, 0.993351259262, 1.21799190353, 1.0169588705, 1.1030592172, 4.23653174272, 0.916708304863, 0.969022942139, 388.257137055, 0.891100982261, 3.96197531957, 1.2020947849, 1.94653451648, 1.27841587608, 1706.24313475, 46.151264925, 1943.83081391, 0.0
4.413836394, 1.11081603138, 1.50011660486, 0.961731094055, 4.6969416588, 0.742963315971, 1.42051119804, 0.899058515995, 0.972649391315, 2.55338222761, 5.10509033205, 1.19220280728, 3.94313058311, 1.03415446015, 1.05008853178, 1.24900661054, 1.0883492471, 1.06990314225, 7.64034649199, 0.975458089862, 0.973052949543, 184.425144402, 1.01732991974, 5.12439640352, 0.978303024756, 3.51204433032, 1.07058550584, 1225.06742748, 31.8715755318, 2346.58992156, 0.268096514745
5.68069795765, 1.3247689143, 1.3870362166, 1.11069260097, 6.59790786112, 1.14628658756, 5.74012797447, 0.995211610637, 0.909076291538, 2.96281130288, 3.7025545606, 1.05902082705, 3.10457323449, 0.892100106534, 1.02053583121, 1.09698208733, 1.14249254089, 1.0851226399, 6.24774855109, 1.15067128412, 0.855475052636, 272.927440151, 0.962245631598, 5.52843856722, 1.01331000003, 2.92807066985, 1.29550945846, 499.72380711, 34.8776077719, 5277.51941235, 0.536193029491
1.01387315098, 1.27016490051, 1.60366056647, 0.977229877971, 4.65251944056, 0.813658706183, 5.85746349352, 0.959537510379, 1.08075130298, 3.17242799528, 4.29748340106, 1.21102439526, 1.65347063167, 0.867812099589, 0.79141104438, 1.18884666485, 1.06880966099, 1.14207501486, 8.77841719318, 0.975385061256, 0.783616188405, 33.6145307421, 0.860860402686, 5.83741315139, 0.959773838148, 3.84461393832, 0.943177768889, 541.568206471, 34.1235599756, 1603.6695025, 0.536193029491
2.90882186714, 1.3425774408, 1.33224151824, 1.14275980408, 1.45927837763, 0.71260655846, 1.36269149674, 1.07139356035, 1.12692230578, 2.3093413336, 2.73347544482, 1.16659453632, 1.49238184693, 0.823535520506, 1.08614514374, 1.5109886658, 1.05023277582, 0.951029559813, 5.97610210922, 1.07087059014, 0.777057872301, 267.076417156, 0.892841695554, 5.06725929262, 1.1514355676, 4.86357798663, 0.894358275207, 783.456489333, 28.0051071393, 3718.90476481, 0.536193029491
5.2477511578, 1.11218579458, 1.3547376959, 0.961731094055, 5.88022152062, 0.77876668132, 3.33829359332, 1.0776769014, 0.979654155984, 2.18415930812, 5.19387284271, 1.21358943078, 1.14679101495, 1.04944776002, 0.993351259262, 1.21799190353, 1.0169588705, 1.1030592172, 4.23653174272, 0.916708304863, 0.969022942139, 399.065524193, 0.891100982261, 3.96197531957, 1.2020947849, 1.94653451648, 1.27841587608, 925.345957742, 27.3628963586, 12233.725172, 0.536193029491
3.66322083806, 1.39747135624, 0.899933866905, 1.02354817368, 2.36751306923, 0.858470487289, 4.48431090555, 0.82878387202, 0.919596009525, 2.28980274942, 5.37860217254, 1.01367029949, 3.77247524308, 0.917592015279, 1.0826199494, 1.60574341334, 1.02843654031, 1.22957185691, 6.24774855109, 1.06288508305, 0.847774916022, 330.744275563, 0.892193117925, 2.91994549146, 1.2057451853, 4.7082218635, 0.92118379484, 1098.96351872, 26.7857196257, 2707.72879067, 0.804289544236
3.15698876265, 1.3247689143, 1.3870362166, 1.11069260097, 6.59790786112, 1.14628658756, 5.74012797447, 0.995211610637, 0.909076291538, 2.96281130288, 3.7025545606, 1.05902082705, 3.10457323449, 0.892100106534, 1.02053583121, 1.09698208733, 1.14249254089, 1.0851226399, 6.24774855109, 1.15067128412, 0.855475052636, 272.927440151, 0.962245631598, 5.52843856722, 1.01331000003, 2.92807066985, 1.29550945846, 517.073881149, 33.4855357531, 4186.56952293, 0.0
4.88962677539, 1.30475490656, 1.52008845822, 0.876598710867, 4.13227407839, 0.741443367718, 4.50098513832, 0.947830941639, 1.01104023237, 4.67720677166, 7.60682333672, 1.18318334252, 3.08895462585, 1.06029623911, 0.949845988287, 1.55578492317, 1.0430353564, 1.00970349, 3.15600737012, 1.02557672886, 0.761861586083, 183.934747105, 1.15298497097, 5.25879443003, 1.21849622416, 1.22106292968, 0.944189417312, 551.789852658, 35.1167264999, 3359.63165089, 0.268096514745
3.1270022444, 1.41306330002, 1.3252230739, 1.21431491073, 6.26567177927, 0.871169917359, 1.60343755046, 1.04255207278, 0.929001731914, 3.82361524133, 2.55360914173, 1.18862385513, 1.40952159845, 1.06310228695, 1.04861040012, 1.29824380258, 1.01499427659, 0.922622280985, 8.85519823074, 1.10523616127, 0.774927635132, 181.629756081, 0.867266709818, 1.01017068403, 1.04242647726, 1.615514985, 0.956613429527, 1308.56224659, 33.4824438632, 7680.0848531, 0.0
5.46075903099, 1.10984544241, 1.01399226731, 0.971784818458, 2.51888627813, 1.13620490001, 5.70235004975, 1.06303999613, 0.901950430951, 2.2845141276, 3.12163550671, 1.04277940767, 1.19902579039, 0.835396865322, 1.04472929925, 1.03929555217, 1.02752999998, 1.2288508588, 4.73629436536, 0.940838139224, 0.876639715651, 369.526535033, 0.942494770326, 5.98465317244, 1.05008474317, 3.26280672904, 0.990571809712, 630.813495288, 26.5532265565, 2788.68230534, 0.804289544236
4.33510563633, 1.03313939723, 1.21222939926, 1.1663890988, 6.91421447144, 0.778943406159, 3.30594920171, 1.15028192104, 0.917361020572, 4.48797880239, 5.9949909388, 1.0667837672, 3.65548365565, 1.08590527833, 1.04768891872, 1.29581527204, 1.10121582174, 1.2297894299, 4.36205415039, 1.07330793619, 0.809389139648, 195.905758274, 0.925007581991, 5.24788956011, 1.2203934455, 3.81245370632, 1.07220496268, 666.067036903, 25.8241195696, 4306.55978956, 0.804289544236
5.30102497716, 1.39399034983, 1.30233339709, 1.04875035768, 4.58414376602, 0.715783744275, 5.5253659068, 0.972043396486, 0.949523514291, 2.75307490487, 3.85350410835, 1.17313599957, 1.06842240783, 1.06959864001, 0.968879625452, 1.58543785157, 1.05277231673, 1.16986370014, 7.00934771119, 1.09958723746, 0.842469242791, 21.2955530027, 1.02394887027, 1.94515101601, 0.994126099413, 4.43139303676, 1.1221949151, 1366.12788666, 32.7130596792, 7581.3598238, 0.0
4.47534449692, 1.04011920639, 0.933803569818, 1.19056711115, 5.60891356763, 1.02659445856, 4.63040594369, 0.947322266787, 0.904427825476, 3.44648088094, 6.5601306438, 1.12236145414, 1.74866410011, 0.876745167449, 0.986756293072, 1.41590735053, 1.15379720836, 1.08360629193, 7.00511473533, 1.11944616717, 0.836004317448, 313.512383735, 0.972414198045, 1.60114779325, 1.11831250917, 3.57263170006, 1.28155220649, 90.3807330939, 10.2276178273, 208.14602428, 6.70241286863
5.38047485685, 1.29851850489, 0.789708539427, 1.14773990136, 2.62748972217, 0.710998464923, 3.32722364865, 1.00683111122, 1.08715401492, 2.0799507182, 3.50011170717, 1.21934077955, 3.10117868712, 1.0554661822, 0.999115881659, 1.3405309594, 1.11458447616, 1.15156803369, 7.54867986117, 1.09687483958, 0.97243182655, 254.752676798, 0.935019776808, 3.71378158468, 1.04085049741, 2.9468952133, 0.885375368421, 575.051857313, 35.2272458543, 696.199571444, 1.34048257373
4.413836394, 1.36193397965, 1.53074319934, 1.03967111889, 1.92051273862, 0.850125435995, 1.19445378024, 1.07611932861, 0.979167585766, 1.38649567151, 5.3165699555, 1.07007808493, 3.00438309285, 0.915447732321, 1.03800116075, 1.07610555442, 1.09787667249, 1.18471107297, 6.20660658226, 0.927283208602, 0.899293000517, 410.891364211, 0.92808777369, 3.96197531957, 1.07213066122, 3.15303087625, 1.07058550584, 1193.38706812, 26.0756695936, 2787.40369666, 1.07238605898
3.02589568869, 1.32979975669, 1.30997850498, 1.15907453039, 3.9394913361, 0.916783522557, 5.82617022579, 0.98948393481, 1.10867823025, 1.56248675699, 5.88620154972, 0.844737335531, 1.63492474722, 0.892100106534, 1.08781905125, 1.26687812359, 1.07952191518, 0.92699810641, 7.10769772691, 1.15067128412, 0.820698442979, 84.7003906155, 0.961127190382, 5.34533324298, 1.14559291157, 2.2153902574, 1.07932675127, 1155.64728757, 41.4459808965, 1108.31281739, 1.07238605898
1.15384626433, 1.21216766348, 1.33224151824, 1.11216812263, 1.45927837763, 0.71260655846, 1.36269149674, 1.07139356035, 1.12692230578, 2.3093413336, 4.5753265159, 1.16659453632, 1.49238184693, 0.823535520506, 1.08614514374, 1.5109886658, 1.10577615918, 0.951029559813, 5.97610210922, 1.07087059014, 0.777057872301, 267.076417156, 0.892841695554, 5.06725929262, 1.1514355676, 4.25556114054, 0.894358275207, 834.018910013, 27.5597042752, 1683.71858078, 1.07238605898
5.9640190687, 1.31558794814, 1.19132641657, 1.14275980408, 2.33686213636, 1.01712136324, 1.53893038938, 0.986135570782, 1.00658111002, 5.51415968414, 4.25512428705, 1.04453252745, 1.1249284914, 0.892504314734, 0.97406164351, 1.19296631691, 1.01044927602, 1.20029513119, 9.28191923296, 1.16438977607, 0.775288406782, 357.851927978, 0.935205862731, 1.28490198109, 1.09029884973, 3.23689157978, 1.13338277681, 1076.01448561, 25.5456430177, 11263.3854815, 1.07238605898
1.59679322787, 1.3653200546, 1.36394797713, 0.969429837908, 6.89041604435, 0.999374452231, 3.42175191736, 1.15475527503, 1.09937702429, 2.47265102769, 4.4321693452, 0.875975715857, 4.24484327698, 0.819777515192, 0.805818405551, 1.1892794232, 1.00581463194, 0.867930402692, 8.20692957738, 0.997967789644, 0.994119604484, 336.478670543, 1.06615189307, 2.49879258572, 1.1233709815, 4.86665295619, 1.08292696686, 596.481181659, 33.780146594, 734.5628273, 1.34048257373
3.7271307756, 1.20290111678, 0.93438942205, 1.10581071823, 4.80947806429, 1.116920336, 2.6187297264, 1.08812096628, 0.956524155941, 2.4645063079, 6.88775812486, 1.16078878195, 1.36486354867, 0.81569119186, 1.0093486022, 1.36048538219, 1.08322732092, 1.18419190982, 5.40915567366, 0.930890015436, 0.971632613304, 297.864786947, 0.891335935633, 3.63150548703, 1.23353699721, 1.59665252009, 1.07050859288, 940.63230878, 25.5924426477, 7247.03558454, 1.07238605898
3.1270022444, 1.41306330002, 0.786453156214, 1.21431491073, 3.47851940635, 0.871169917359, 2.33873420574, 1.04255207278, 0.929001731914, 4.48797880239, 2.55360914173, 1.18862385513, 1.40952159845, 1.06310228695, 1.05496078571, 1.29824380258, 1.01499427659, 0.922622280985, 8.85519823074, 1.10523616127, 0.774927635132, 181.629756081, 0.867266709818, 1.01017068403, 1.04242647726, 1.615514985, 0.956613429527, 1123.75969526, 24.5061893203, 6892.60350841, 1.07238605898
5.365728934, 1.08983675552, 1.02647008392, 1.00261334611, 5.70949823445, 1.00627967504, 5.76170952856, 1.15211148529, 0.942342988058, 2.75307490487, 2.97891366461, 1.10172728359, 2.02399974581, 0.908509512446, 1.05176478673, 1.23152154822, 1.0384779314, 1.16986370014, 3.65622009634, 1.13117374052, 0.826035409438, 179.39050643, 1.05836730788, 4.45541659742, 1.04501570938, 4.89761274994, 1.25506938252, 695.918772431, 36.0595507216, 1392.47013534, 1.07238605898
5.30102497716, 1.39399034983, 1.01067158952, 1.04875035768, 1.89667817429, 0.715783744275, 5.5253659068, 0.972043396486, 0.942342988058, 4.83616665281, 3.85350410835, 1.20659392173, 1.25032793552, 0.97111680258, 0.961727548144, 1.52516828272, 1.05277231673, 1.01131017055, 7.00934771119, 1.09958723746, 0.991239162885, 21.2955530027, 1.02394887027, 1.94515101601, 0.994126099413, 4.43139303676, 1.1221949151, 154.807771097, 16.4885798092, 256.624210021, 2.14477211796
5.30102497716, 1.39399034983, 1.01067158952, 1.04875035768, 4.58414376602, 0.715783744275, 5.5253659068, 0.972043396486, 0.949523514291, 5.74404586058, 3.85350410835, 1.17313599957, 1.25032793552, 1.06959864001, 0.968879625452, 1.52516828272, 1.05277231673, 1.03179630791, 7.00934771119, 1.09958723746, 0.842469242791, 21.2955530027, 1.02394887027, 1.94515101601, 0.994126099413, 4.43139303676, 1.1221949151, 135.605172092, 11.7851198925, 514.837772572, 4.28954423592
4.02613550101, 1.39399034983, 1.01067158952, 1.04875035768, 6.9107532627, 0.715783744275, 5.5253659068, 0.972043396486, 0.942342988058, 5.74404586058, 4.08072043994, 1.20659392173, 1.25032793552, 1.06959864001, 0.961727548144, 1.52516828272, 1.05277231673, 1.03179630791, 7.00934771119, 1.09958723746, 0.991239162885, 21.2955530027, 1.02394887027, 1.94515101601, 0.994126099413, 4.43139303676, 1.1221949151, 193.407465661, 26.357828489, 730.622544381, 1.60857908847
5.11162693051, 1.21157272904, 1.11701393556, 1.20364952623, 4.20893784776, 0.894164326575, 3.69877493795, 0.890099242463, 0.925473154508, 5.88121414093, 2.92397946887, 1.14572147152, 1.92914951402, 0.833588869369, 1.06586171022, 1.30059315467, 1.16912679523, 1.14546730539, 6.48619588595, 1.00455117125, 0.772834309308, 138.430877605, 0.955485393575, 1.25013930222, 1.06374599361, 2.32740979017, 0.972909272377, 99.19180197, 12.4489553465, 469.427073825, 2.14477211796
1.01387315098, 1.11218579458, 1.3547376959, 0.969724645757, 6.81516546467, 0.77876668132, 3.33829359332, 1.0776769014, 1.06565454999, 2.18415930812, 5.57184561849, 1.21309899761, 1.14679101495, 1.04944776002, 0.993351259262, 1.00388669669, 1.0169588705, 0.912881239523, 3.05337530674, 0.916708304863, 0.969022942139, 388.257137055, 0.891100982261, 3.96197531957, 1.2020947849, 1.94653451648, 1.27841587608, 282.845931333, 21.2175815287, 585.800637965, 1.60857908847
4.413836394, 1.36193397965, 1.53074319934, 1.03967111889, 1.92051273862, 0.850125435995, 1.19445378024, 0.903737195713, 0.979167585766, 1.38649567151, 5.3165699555, 1.07007808493, 3.00438309285, 1.07770098924, 1.03800116075, 1.29817058572, 1.09787667249, 1.18471107297, 9.56768420754, 0.927283208602, 0.899293000517, 410.891364211, 0.92808777369, 3.96197531957, 1.07213066122, 3.15303087625, 1.07058550584, 182.566961138, 14.5890178881, 233.56405724, 2.14477211796
4.45256713357, 1.24945199267, 1.48742091879, 1.06361907615, 6.34563609188, 1.08576339494, 4.50704717916, 0.853249751456, 0.915011060699, 1.29628987943, 3.59170580861, 1.14400895938, 1.22063497446, 1.23488313078, 0.93700517446, 1.38847050571, 1.05363031085, 0.942286151467, 7.14930950439, 1.03267286403, 0.760588788636, 291.230524471, 1.11355600453, 2.86896707814, 1.14047866003, 2.14211803411, 0.919399401853, 301.83863116, 21.0667095383, 772.023407827, 1.60857908847
5.38047485685, 1.28412010419, 0.81836007235, 1.14773990136, 2.62748972217, 0.711610844366, 4.78717462025, 1.00683111122, 1.08715401492, 2.0799507182, 3.50011170717, 1.21934077955, 3.10117868712, 1.0554661822, 0.999115881659, 1.3405309594, 1.11458447616, 1.15156803369, 7.54867986117, 1.09687483958, 0.97243182655, 254.752676798, 0.935019776808, 5.60983854169, 1.04085049741, 2.9468952133, 0.885375368421, 98.8657819994, 15.1686933259, 372.353747813, 1.87667560322
3.75268660474, 1.13674679514, 0.794301959636, 1.06116920324, 5.17651098711, 1.01169801169, 5.04231529272, 0.820088406375, 0.917367061588, 1.98682240332, 4.41118946823, 1.00298327506, 2.65769333369, 0.964864755433, 0.932858347358, 1.34143350312, 1.10659126637, 0.956080687344, 7.70533374581, 1.05262957256, 0.762066112853, 197.128155058, 0.971511910168, 5.55184750302, 1.13239848632, 3.18260798579, 0.984460379216, 410.889312309, 31.9003292178, 3486.53588107, 1.34048257373
5.46075903099, 1.15927226306, 1.01399226731, 0.971784818458, 2.51888627813, 1.13620490001, 5.70235004975, 1.06303999613, 1.13482798827, 2.2845141276, 3.12163550671, 1.04277940767, 1.38464248206, 0.835396865322, 1.04472929925, 1.03929555217, 1.02752999998, 1.2288508588, 4.73629436536, 0.940838139224, 0.876639715651, 369.526535033, 0.942494770326, 5.98465317244, 1.05008474317, 3.26280672904, 1.04517555396, 493.575090887, 34.3444633307, 1421.75303561, 1.34048257373
4.2572022629, 1.23543693714, 0.983028835349, 0.985875897876, 7.0415118802, 1.02342052446, 5.53911335009, 0.858375120985, 0.961272629295, 4.46230514334, 3.41798667695, 0.94206088124, 2.04113104204, 0.881665404181, 1.05111275851, 1.21317923214, 1.0338624734, 1.15262103052, 9.65985588442, 1.16064328663, 0.858538103381, 339.465415273, 0.859760133926, 5.17480605967, 1.11145682434, 4.50754355558, 1.27221236115, 634.173193537, 18.116711941, 6936.63522867, 1.60857908847
5.38047485685, 1.28412010419, 0.81836007235, 1.14773990136, 2.62748972217, 0.711610844366, 4.78717462025, 1.00683111122, 1.08715401492, 2.0799507182, 3.50011170717, 1.21934077955, 3.10117868712, 1.16175484952, 0.999115881659, 1.3405309594, 1.11458447616, 1.15156803369, 7.54867986117, 1.09687483958, 0.97243182655, 254.752676798, 1.14550738908, 5.60983854169, 1.04085049741, 2.9468952133, 0.885375368421, 489.025743197, 24.0606275219, 2554.12672928, 1.34048257373
1.46977877768, 1.35181409721, 1.0154889864, 0.967070990761, 5.70981603879, 0.800064132453, 3.05444490694, 1.02586461674, 0.901950430951, 4.13987643075, 5.26596433863, 1.18155857902, 1.09499974741, 0.848001954292, 1.08910919825, 1.17038575862, 1.01496915405, 1.0846461327, 5.67669142142, 0.968398783324, 0.822410353722, 68.2476101184, 0.847291417464, 4.99642686692, 1.16459706199, 3.217774794, 0.934839002516, 819.548120493, 22.8024395483, 1447.66141189, 1.34048257373
5.2477511578, 1.11218579458, 1.40764153329, 0.969724645757, 5.88022152062, 0.77876668132, 4.47997871449, 1.09910244301, 0.979654155984, 1.29938707449, 5.19387284271, 1.21309899761, 1.14679101495, 1.04944776002, 0.993351259262, 1.21799190353, 1.0169588705, 1.1030592172, 4.23653174272, 0.916708304863, 0.969022942139, 388.257137055, 0.891100982261, 4.88117808728, 1.18786808454, 1.94653451648, 1.27841587608, 581.955513168, 20.6335615668, 2422.47738252, 1.34048257373
1.34574040121, 1.24568838048, 1.40228684176, 1.16200873184, 1.53664985246, 1.14729404577, 3.68474507874, 0.825949098566, 0.90824465286, 2.63081414896, 2.19184217787, 1.2191778754, 1.7536197636, 1.02421273962, 1.08955061224, 1.07712036628, 1.10893646815, 1.21017925236, 4.60237543604, 1.12084739571, 0.982717815251, 403.893547751, 0.845155766641, 3.7000501398, 1.02531317841, 4.94184137878, 1.19643075487, 892.914055779, 41.0263444178, 3763.07645383, 0.0
5.30102497716, 1.39399034983, 1.01067158952, 1.04875035768, 4.58414376602, 0.715783744275, 5.5253659068, 0.972043396486, 0.949523514291, 5.74404586058, 3.85350410835, 1.17313599957, 1.25032793552, 1.06959864001, 0.968879625452, 1.52516828272, 1.05277231673, 1.03179630791, 7.00934771119, 1.09958723746, 0.842469242791, 172.558327061, 1.02394887027, 1.94515101601, 0.994126099413, 4.43139303676, 1.1221949151, 1637.05076382, 51.6840087787, 3640.69422596, 0.0
1.07059485974, 1.39957271879, 1.31773630361, 1.15535691114, 6.94365464446, 0.942968120166, 5.80539488951, 0.994547289466, 1.03266647155, 4.55492579458, 2.59387917424, 1.06974569468, 2.04113104204, 0.878971134549, 0.942626989554, 1.22206317817, 1.01052549316, 1.21661403379, 6.34506861579, 1.12390209028, 0.895543956948, 362.428329508, 0.890004150982, 5.61767461476, 1.09905087395, 4.14028242776, 1.27609294848, 910.579248099, 40.1022260002, 4009.11632686, 0.0
1.31586277838, 1.33722254661, 0.875789292509, 1.21523545797, 2.90700808155, 1.0343834842, 5.41514680582, 0.852958510733, 0.909365206345, 2.40243580426, 2.34695080111, 1.21148884345, 1.72289097743, 1.01077055197, 0.870325720177, 1.13125470913, 1.16055370715, 1.10265811317, 9.56196953616, 1.01433922451, 0.764623947677, 379.969692766, 0.959233277348, 5.49664336053, 1.19913873371, 5.46670628231, 1.12134354935, 2492.1511595, 38.090919472, 2165.60159495, 0.804289544236
4.23980766184, 1.41306330002, 1.3252230739, 1.21431491073, 6.26567177927, 0.871169917359, 1.60343755046, 1.04255207278, 0.974283926281, 3.82361524133, 2.55360914173, 1.18862385513, 1.40952159845, 1.06310228695, 1.04861040012, 1.29824380258, 1.01499427659, 0.922622280985, 8.85519823074, 1.10738411829, 0.774927635132, 181.629756081, 0.867266709818, 1.01017068403, 1.04242647726, 1.615514985, 1.05938496438, 913.430220893, 39.7464085419, 1829.12797743, 0.536193029491
5.30102497716, 1.39399034983, 1.01067158952, 1.04875035768, 4.58414376602, 0.715783744275, 5.5253659068, 0.972043396486, 0.949523514291, 5.74404586058, 7.40712508654, 1.17313599957, 2.12982832875, 0.915463004869, 0.917247544376, 1.52516828272, 1.05277231673, 1.03179630791, 7.00934771119, 1.08473068263, 0.842469242791, 172.558327061, 1.14368433698, 1.94515101601, 0.994126099413, 4.43139303676, 1.1221949151, 982.536563455, 31.4746026854, 12547.4607728, 0.536193029491
4.33510563633, 1.03313939723, 1.21222939926, 1.1663890988, 6.91421447144, 0.778943406159, 3.30594920171, 1.15028192104, 0.917361020572, 4.48797880239, 5.9949909388, 1.0667837672, 3.65548365565, 1.08590527833, 1.04768891872, 1.29581527204, 1.10121582174, 1.2297894299, 4.36205415039, 1.07330793619, 0.809389139648, 195.905758274, 0.925007581991, 5.94596506798, 1.2203934455, 3.81245370632, 1.07220496268, 852.155001902, 38.3016802394, 6137.71223065, 0.0
4.99308658628, 1.3753380842, 1.6342689489, 1.11146645411, 3.34264203633, 1.1064833578, 2.65825010683, 1.02864992147, 1.10082533269, 2.37459549538, 2.49533204822, 1.16713720573, 1.19114347969, 1.07700718805, 1.06961258297, 1.01546212641, 1.15532527061, 0.855172615974, 9.67463120511, 0.91702480804, 0.883385324505, 243.673601211, 0.900593820159, 2.2184145072, 1.22557038877, 5.09157600166, 1.29924426914, 530.410424556, 33.6701753049, 8617.61364582, 0.536193029491
4.77297926758, 1.13535451173, 1.1728601366, 0.978315002404, 3.8105299012, 1.18030819708, 2.51771554258, 1.08354689054, 0.983686763421, 2.21695464762, 2.2771983389, 0.851077934532, 1.13106215598, 0.849989843415, 0.86454004599, 1.21899888466, 1.00468403538, 1.12375697715, 7.28182085429, 1.14501317753, 0.867549854175, 405.446340941, 1.01445935576, 3.81189038341, 1.08045408817, 2.0681206562, 1.24509890648, 1910.80731403, 37.9471795957, 7565.80126897, 0.0
4.23980766184, 1.41306330002, 1.3252230739, 1.21431491073, 6.26567177927, 0.871169917359, 1.60343755046, 1.04255207278, 0.974283926281, 3.82361524133, 2.55360914173, 1.18862385513, 1.0373919474, 1.06310228695, 1.04861040012, 1.29824380258, 1.01499427659, 0.922622280985, 9.40001035518, 1.10738411829, 0.774927635132, 181.629756081, 0.867266709818, 1.01017068403, 1.04242647726, 1.615514985, 1.05938496438, 2496.74915186, 53.3529336135, 3614.32177207, 0.268096514745
5.46075903099, 1.18985257022, 1.01399226731, 1.19412297024, 5.70949823445, 1.17619666723, 4.67676201262, 1.13229231799, 1.10485811725, 2.2845141276, 2.6581557797, 1.09607694027, 1.38464248206, 0.83672110251, 1.04472929925, 1.03929555217, 1.02752999998, 1.19139199981, 4.73629436536, 0.940838139224, 0.876639715651, 369.526535033, 1.01487729193, 5.98465317244, 1.05008474317, 3.26280672904, 1.04517555396, 1711.68399202, 36.0336780994, 7225.39030295, 0.268096514745
4.86664926337, 1.06568314395, 1.37771849301, 0.96278376648, 3.20312430543, 0.843211468417, 3.19598893006, 0.832973520388, 1.1128459406, 3.52762309188, 3.19796556992, 1.18746901593, 1.16933301138, 0.969646522326, 1.0676456509, 1.21932122053, 1.02563794096, 1.10167678549, 6.59562971395, 0.924475370818, 0.80843572378, 126.853640807, 0.93755547133, 5.93380767556, 0.992244013716, 3.75672498732, 1.18101329036, 2348.65476447, 39.5246971098, 5945.82719563, 0.268096514745
5.55060322193, 1.22928742044, 0.748742782487, 1.20522414324, 5.81125878906, 0.828754577552, 4.19105077732, 1.11554914352, 0.929633630209, 1.96633035371, 5.47562099673, 1.17937836471, 1.03526221063, 1.03936147712, 0.981068719721, 1.26801998208, 1.00228993187, 1.13946325714, 8.04428906247, 1.04952474516, 0.870178490242, 259.08316367, 0.910965054946, 1.69488925208, 1.17319244665, 1.89986048624, 1.24004538245, 1366.21843117, 32.8625801007, 12640.2912357, 0.0
5.68069795765, 1.3247689143, 1.3870362166, 1.11069260097, 6.59790786112, 1.14628658756, 5.74012797447, 0.995211610637, 0.909076291538, 2.96281130288, 3.7025545606, 1.05902082705, 3.10457323449, 0.892100106534, 1.02053583121, 1.09698208733, 1.14249254089, 1.0851226399, 6.24774855109, 1.10651944971, 0.855475052636, 272.927440151, 0.894077631236, 5.92028715623, 1.01331000003, 2.92807066985, 1.29550945846, 2401.5016453, 37.5624428918, 7839.28893545, 0.0
5.50336232166, 1.223189662, 0.881106264724, 1.21041552258, 3.59122644158, 0.854445222233, 4.19317970201, 0.961224335081, 1.0559360559, 3.95240263535, 2.13870081723, 1.16062155178, 3.10871677857, 0.938628603551, 0.948425867988, 1.22328235134, 1.15621427882, 1.02954870509, 4.42313827612, 1.0084576348, 0.777213460973, 336.955387059, 1.07508622813, 5.50602588809, 1.07816619655, 5.410706454, 1.11471117873, 1236.16149832, 34.2403811296, 6571.91905948, 1.07238605898
2.23011034371, 1.2787898669, 0.817969963587, 1.21571369708, 4.79842031622, 1.13370472983, 3.22476441677, 0.989267942375, 0.920397624848, 2.21264338591, 2.0545958359, 0.886650640947, 1.61751016505, 0.851069600021, 1.03547914463, 1.13260965054, 1.05901005824, 1.1666316126, 8.30313241453, 1.04137004438, 0.844865266839, 128.434354268, 0.914893763487, 5.93733771382, 0.968209972199, 2.97568159351, 1.04864343202, 1526.18851195, 32.9242326807, 5024.18786445, 1.07238605898
5.2477511578, 1.11218579458, 1.40764153329, 0.969724645757, 4.45739954758, 0.77876668132, 4.47997871449, 1.09910244301, 0.979654155984, 1.98682240332, 5.19387284271, 1.21393821579, 1.14679101495, 1.04944776002, 0.993351259262, 1.21799190353, 1.0169588705, 1.1030592172, 4.96868586686, 0.916708304863, 0.969022942139, 388.257137055, 0.891100982261, 5.95515713098, 1.18786808454, 1.94653451648, 1.29172662255, 652.157842846, 34.7309483065, 1353.09349819, 1.34048257373
2.23011034371, 1.05650383768, 0.817969963587, 1.17201355147, 2.79262332474, 0.797745579913, 4.50907621845, 1.15615050146, 0.934327141686, 4.13011115009, 7.10004675265, 1.07423263105, 3.18512699273, 0.93723455688, 1.06675450259, 1.13468977625, 1.05901005824, 1.14607685206, 8.98370792277, 0.924475370818, 0.797006360599, 134.497635171, 0.895012904305, 5.43469520794, 1.1840301998, 4.03884000183, 1.23511141448, 1997.41710195, 25.8587899998, 10067.6359054, 1.07238605898
1.07059485974, 1.39957271879, 1.31773630361, 1.15535691114, 6.94365464446, 0.942968120166, 5.80539488951, 0.994547289466, 1.03266647155, 4.48797880239, 2.59387917424, 1.06974569468, 2.04113104204, 0.846984417732, 0.942626989554, 1.22206317817, 1.00716574438, 1.21772001075, 6.34506861579, 1.12390209028, 0.895543956948, 382.379734346, 0.914893763487, 5.61767461476, 0.968209972199, 4.14028242776, 1.07220496268, 2453.92237365, 32.3704574617, 9138.53421784, 1.07238605898
4.23980766184, 1.41306330002, 1.3252230739, 1.21431491073, 2.67295870494, 0.871169917359, 1.26369906695, 1.04255207278, 0.974283926281, 3.82361524133, 2.55360914173, 1.18862385513, 1.40952159845, 1.06310228695, 1.04861040012, 1.29824380258, 1.01499427659, 0.922622280985, 8.85519823074, 1.10738411829, 0.795058722779, 181.629756081, 0.867266709818, 2.81626067383, 1.04242647726, 1.615514985, 1.05938496438, 1680.43533854, 37.4350376241, 4546.17397156, 1.07238605898
4.99308658628, 1.3753380842, 1.6342689489, 1.11146645411, 3.34264203633, 1.1064833578, 2.65825010683, 1.02864992147, 1.10082533269, 2.37459549538, 2.49533204822, 1.16713720573, 1.12024841426, 1.07700718805, 0.991323115784, 1.01546212641, 1.03411825826, 0.855172615974, 9.67463120511, 0.91702480804, 0.883385324505, 243.673601211, 0.894077631236, 2.2184145072, 1.22557038877, 5.09157600166, 1.2993422121, 132.672005065, 12.9635035749, 559.897726227, 3.48525469169
5.46075903099, 1.18985257022, 1.01399226731, 0.971784818458, 1.89667817429, 1.13620490001, 5.34893725788, 1.13229231799, 1.10485811725, 2.2845141276, 2.6581557797, 1.09607694027, 1.38464248206, 0.83672110251, 1.04472929925, 1.03929555217, 1.02752999998, 1.19139199981, 4.73629436536, 0.940838139224, 0.876639715651, 369.526535033, 1.01487729193, 5.98465317244, 1.05008474317, 3.26280672904, 1.04517555396, 212.206580537, 13.2830549542, 698.125082051, 3.21715817694
5.11162693051, 1.31294281177, 1.0405780678, 1.20364952623, 4.20893784776, 0.894164326575, 3.69877493795, 0.890099242463, 0.925473154508, 5.88121414093, 2.92397946887, 1.15160243695, 1.92914951402, 0.833588869369, 1.06586171022, 1.29817058572, 1.16912679523, 1.22306159409, 6.48619588595, 1.00455117125, 0.772834309308, 138.430877605, 0.955485393575, 3.96197531957, 0.992244461468, 2.32740979017, 1.25925495621, 241.768446228, 13.5044539945, 613.454392305, 2.68096514745
2.18358327014, 1.39957271879, 1.31773630361, 1.15535691114, 6.94365464446, 0.951613315019, 5.80539488951, 0.994547289466, 1.03266647155, 4.48797880239, 2.59387917424, 1.06974569468, 2.04113104204, 0.846984417732, 0.942626989554, 1.22206317817, 1.01052549316, 1.21661403379, 6.34506861579, 1.12390209028, 0.895543956948, 382.379734346, 0.890004150982, 5.61767461476, 1.09905087395, 4.14028242776, 1.07220496268, 121.295755238, 13.0370130629, 802.566679074, 2.41286863271
5.30102497716, 1.39399034983, 1.01067158952, 1.04875035768, 5.70949823445, 0.715783744275, 5.5253659068, 0.972043396486, 0.942342988058, 5.74404586058, 3.85350410835, 1.20659392173, 1.25032793552, 1.06959864001, 0.961727548144, 1.52516828272, 1.05277231673, 1.03179630791, 7.00934771119, 1.09958723746, 0.991239162885, 21.2955530027, 1.02394887027, 1.94515101601, 0.994126099413, 4.43139303676, 1.1221949151, 276.282140395, 16.4034281871, 282.950917439, 2.68096514745
5.9640190687, 1.31558794814, 1.19132641657, 1.14275980408, 2.33686213636, 1.01712136324, 1.53893038938, 0.986135570782, 1.00658111002, 5.51415968414, 3.39721853384, 1.04453252745, 1.1249284914, 0.892504314734, 0.97406164351, 1.19296631691, 1.01044927602, 1.20029513119, 9.28191923296, 1.16438977607, 0.775288406782, 357.851927978, 0.935205862731, 1.28490198109, 1.09029884973, 3.23689157978, 1.13338277681, 561.336332838, 26.0833642863, 772.212414094, 1.60857908847
5.46075903099, 1.18985257022, 1.01399226731, 0.971784818458, 1.89667817429, 1.13620490001, 5.34893725788, 1.13229231799, 1.10485811725, 2.2845141276, 2.6581557797, 1.09607694027, 1.38464248206, 0.83672110251, 1.04472929925, 1.03929555217, 1.12495963479, 1.19139199981, 4.73629436536, 0.940838139224, 0.876639715651, 369.526535033, 1.01487729193, 5.98465317244, 1.05008474317, 3.26280672904, 1.04517555396, 564.372157614, 21.3123797431, 2510.12525437, 1.60857908847
3.29610733477, 1.2787898669, 1.05017831762, 1.21571369708, 4.79842031622, 0.943146497077, 5.88603897193, 1.05438892478, 0.920397624848, 2.21264338591, 2.73643946131, 0.886650640947, 1.61751016505, 0.851069600021, 1.03547914463, 1.13260965054, 1.16875660912, 1.02855007616, 8.30313241453, 1.04137004438, 0.844865266839, 128.434354268, 0.914893763487, 5.93733771382, 0.968209972199, 2.97568159351, 1.04864343202, 535.965669085, 34.4516024775, 1093.33208873, 1.87667560322
1.07059485974, 1.39957271879, 1.31773630361, 1.15535691114, 6.94365464446, 0.942968120166, 5.80539488951, 0.994547289466, 1.03266647155, 4.48797880239, 2.59387917424, 1.06974569468, 2.04113104204, 0.846984417732, 0.942626989554, 1.22206317817, 1.01052549316, 1.21661403379, 6.34506861579, 1.12390209028, 0.895543956948, 382.379734346, 0.890004150982, 5.61767461476, 1.09905087395, 4.14028242776, 1.07220496268, 664.133098091, 23.6281114743, 1233.49633896, 1.87667560322
1.07059485974, 1.39957271879, 1.31773630361, 1.15535691114, 6.94365464446, 0.871169917359, 5.80539488951, 0.994547289466, 0.974283926281, 4.55492579458, 2.59387917424, 1.06974569468, 2.04113104204, 0.878971134549, 0.942626989554, 1.22206317817, 1.01052549316, 1.21661403379, 8.85519823074, 1.12390209028, 0.895543956948, 362.428329508, 0.890004150982, 4.04958608879, 1.09905087395, 1.15471712718, 1.27609294848, 317.194957615, 28.299043372, 782.050168768, 2.14477211796
3.73671526102, 1.22423660232, 1.62075999076, 1.12058725632, 2.90642241264, 1.14909821661, 5.76091844024, 1.084579486, 1.01639740051, 2.11732034391, 7.59205980715, 0.980261870049, 1.48420957483, 0.864792016676, 1.08411349206, 1.51402146436, 1.00536224854, 1.2084009934, 8.68441479939, 1.18828658664, 0.828450792324, 145.362074725, 1.06926002011, 1.8458922525, 1.01106017285, 3.94276690321, 1.26404189496, 215.362319019, 27.2052160584, 3605.16712228, 1.87667560322
3.97183601437, 1.33722254661, 0.875789292509, 1.21523545797, 2.90700808155, 1.0343834842, 2.51771554258, 0.852958510733, 0.909365206345, 2.40243580426, 2.40334419401, 1.21148884345, 1.72289097743, 1.01077055197, 0.86454004599, 1.13125470913, 1.15046544821, 1.10265811317, 8.17123277407, 1.01433922451, 0.812523384512, 379.969692766, 0.959233277348, 5.49664336053, 1.19913873371, 5.46670628231, 1.18394375996, 414.583891546, 33.103682511, 1705.38928671, 1.87667560322
5.2477511578, 1.11218579458, 1.40764153329, 0.969724645757, 4.45739954758, 0.77876668132, 4.45979564423, 1.09910244301, 0.979654155984, 1.98682240332, 5.09816006512, 1.21393821579, 1.14679101495, 1.04944776002, 0.993351259262, 1.21799190353, 1.05982122722, 1.1030592172, 4.96868586686, 0.916708304863, 0.986137286156, 388.257137055, 0.891100982261, 5.95515713098, 1.0235870352, 1.94653451648, 1.29172662255, 530.642327312, 17.3931954426, 1685.99318797, 2.14477211796
1.46977877768, 1.35181409721, 1.0154889864, 0.88800834635, 5.70981603879, 0.800064132453, 3.05444490694, 1.02586461674, 0.901908008301, 4.13987643075, 7.3249232378, 1.18557309288, 1.09499974741, 0.848001954292, 1.08910919825, 1.17038575862, 1.01496915405, 0.958324867487, 5.67669142142, 0.968398783324, 0.822410353722, 68.2476101184, 0.847291417464, 4.95191306108, 1.1968517683, 3.217774794, 0.934839002516, 131.458870357, 16.4995245305, 1894.34483097, 2.14477211796
4.18606190981, 1.40372590803, 1.53940472848, 1.1183790909, 7.01506293972, 1.13649103651, 5.08379100197, 1.01547576098, 1.0214597746, 1.41129338401, 5.83503988952, 1.17251297061, 1.64523445073, 0.839329774718, 1.01926205929, 1.33462052628, 1.0422892234, 1.1774726921, 5.02167217408, 0.978805510154, 0.80737713299, 70.3112568172, 0.878859960002, 4.03233570572, 1.21156309595, 1.19420270471, 1.198807597, 1219.33333106, 25.8803979115, 1953.04116455, 1.60857908847
1.20655696943, 1.3428653244, 0.909512841269, 1.08169512572, 3.96753919311, 1.08791366831, 4.12473210555, 0.853553030139, 0.919589426044, 4.50265447053, 6.81707231893, 1.14460648372, 2.09744362339, 1.05276590707, 1.08311123399, 1.04523041986, 1.09838799254, 1.08547332161, 5.79720655371, 1.12084739571, 0.982717815251, 362.184769427, 0.845362717405, 3.37649597798, 1.1594938508, 5.20528063704, 1.22226950626, 609.816279249, 34.5286520278, 5011.96746382, 1.34048257373
2.90882186714, 1.3425774408, 1.33224151824, 1.14275980408, 1.45927837763, 0.71260655846, 1.36269149674, 1.1327957108, 1.12692230578, 2.3093413336, 2.73347544482, 1.16659453632, 1.49238184693, 0.823535520506, 1.08614514374, 1.5109886658, 1.05023277582, 0.951029559813, 5.97610210922, 1.07087059014, 0.777057872301, 121.717559221, 1.01732991974, 5.06725929262, 1.1514355676, 4.86357798663, 0.918336091741, 2155.43770774, 27.351570618, 7377.69651882, 1.34048257373
4.23980766184, 1.41306330002, 1.3252230739, 1.21431491073, 2.67295870494, 0.871169917359, 1.26369906695, 1.04255207278, 0.974283926281, 4.40681745763, 2.55360914173, 1.18862385513, 1.40952159845, 1.06310228695, 1.04861040012, 1.29824380258, 1.01499427659, 0.922622280985, 8.85519823074, 1.10738411829, 0.795058722779, 181.629756081, 0.867266709818, 2.81626067383, 1.04242647726, 1.615514985, 1.05938496438, 1119.2512138, 25.4819845791, 7830.08115307, 1.34048257373
4.86664926337, 1.06568314395, 1.37771849301, 0.96278376648, 2.79900474511, 0.843211468417, 1.09758960661, 0.832973520388, 1.1128459406, 3.52762309188, 3.19796556992, 1.18746901593, 1.16933301138, 0.969646522326, 1.0676456509, 1.21932122053, 1.02563794096, 1.10167678549, 6.59562971395, 1.09883425418, 0.80843572378, 126.853640807, 0.93755547133, 5.93380767556, 0.992244013716, 4.96896081197, 1.18101329036, 1124.20932167, 24.1198943783, 14298.8580721, 1.34048257373
1.97961099527, 1.13912194345, 1.23332175662, 0.891010610218, 2.99052449529, 1.01479597458, 4.50351762091, 0.885445137773, 1.00222217207, 5.89800078823, 5.04504623978, 0.99601520796, 2.39952970836, 0.978710818888, 1.06706479662, 1.62851667532, 1.14119828162, 0.8346756964, 4.46513257299, 1.18263859499, 0.81374642179, 413.259591772, 1.12523616791, 4.73268465516, 0.980138985709, 1.54597758306, 1.22226950626, 2451.4642887, 55.2516713504, 3835.97300109, 0.0
3.15698876265, 1.06675376059, 1.3870362166, 1.11069260097, 6.59790786112, 1.14628658756, 5.74012797447, 0.979359920778, 0.909076291538, 2.96281130288, 3.7025545606, 1.13612213546, 3.10457323449, 1.10520675764, 1.02053583121, 1.09698208733, 1.14249254089, 1.0851226399, 8.37334160921, 1.07010180308, 0.812281188385, 315.698893687, 0.994997364585, 5.52843856722, 1.14723001705, 2.92807066985, 1.29550945846, 4987.43923176, 39.6301386727, 8176.71485626, 0.536193029491
4.47534449692, 1.04011920639, 0.933803569818, 1.15787815868, 5.60891356763, 1.02659445856, 4.63040594369, 0.947322266787, 0.904427825476, 3.44648088094, 6.5601306438, 1.12236145414, 1.74866410011, 0.876745167449, 0.986756293072, 1.41590735053, 1.15379720836, 1.08360629193, 7.00511473533, 1.11944616717, 0.836004317448, 122.63275336, 0.936743263315, 3.66247194659, 1.11831250917, 3.61345042625, 1.28155220649, 134.916320415, 22.3012787165, 719.807742655, 5.09383378016
5.2846888217, 1.32958617173, 0.856524882262, 1.12651544372, 6.2387258746, 0.828877067629, 4.90083603535, 1.03371026384, 0.983686763421, 5.65205005315, 4.06695302823, 1.15578323869, 1.43854248454, 0.950796889782, 0.999196670485, 1.15866338904, 1.15413505237, 1.14119461146, 3.13174465348, 0.951783085187, 0.791430739783, 375.42759956, 0.900996231907, 2.60995629536, 1.17863117009, 4.34495666977, 1.17745478637, 325.472811643, 15.679218444, 8201.82009357, 5.8981233244
