1.0, -0.558053980899, 3.0, 1.0, -1.0, -1.0, 3.0, 0.0, -1.0, -1.0, 2.0, 2.48370455333, 2.0, -1.0, 1.0, 3.0, 1.0, -1.0, 2.20745902124, -1.0, 2.41817146558, 1.56410925583, 2.33095412436, 1.9309863637, -0.884168832123, 0.0, 2.0, -1.0, -1.0, -1.0, 1.41358449088, 2.78020876632, 0.0, -0.937407595078, -0.653210411231, 2.0, 2.0, -1.0, 0.505834796357, -1.0, 1.0, -1.0, 0.0, 3.0, -1.0, 3.0, 1.19353920931, -1.0, 2.0, 3.0, 3262.0, 440.0, 397.0
1.0, 2.0, 1.62196218643, 1.0, 3.0, -1.0, 1.34905075505, -1.0, -1.0, -1.0, -1.0, -1.0, -1.0, 0.766178199874, 2.0, 1.0, -1.0, 2.26958831345, 2.0, 0.0, 1.0, 1.0, 1.0, -0.691113273082, 0.0, 1.5394216866, 2.0, -1.0, -0.889043062369, 2.0, -0.00200478383072, -0.731517071894, 2.0, 0.0, 2.2835655798, 1.11031995477, 3.0, -0.61579743106, -1.0, -1.0, -0.665656620788, 2.18867443228, 2.0, -1.0, 2.41855218017, -1.0, -1.0, 1.0, -1.0, 3.0, 3549.0, 438.0, 398.0
1.91273052103, 2.52079175994, 1.62196218643, 1.0, 3.0, -1.0, 1.34905075505, -1.0, -1.0, -1.0, -1.0, -1.0, -1.0, 0.766178199874, 2.76467351737, 1.0, -1.0, 1.98633667627, 2.0, 0.0, -0.876535869614, 1.0, 1.0, -0.691113273082, 0.0, 0.586008796887, 2.0, -1.0, 0.0738579105895, 2.0, 2.29316042141, -0.731517071894, 1.80284258787, 0.0, 2.2835655798, 1.11031995477, 3.0, -0.61579743106, -1.0, -1.0, -0.665656620788, 2.0, 2.0, -1.0, 1.44070713563, -1.0, -1.0, 1.0, -1.0, 3.0, 3390.0, 440.0, 391.0
1.0, 2.0, 1.62196218643, 1.0, 3.0, -1.0, 1.34905075505, -0.0950462188301, -1.0, -1.0, -1.0, -1.0, -1.0, 0.766178199874, 2.0, 1.0, -1.0, -1.0, -0.806715946214, -0.282371908953, 0.590245554248, 1.0, 1.0, -0.691113273082, 0.0, 2.0, 2.0, -1.0, -0.404872173361, 2.0, 2.74430758535, -0.731517071894, 2.0, -0.943068068118, 2.2835655798, 1.11031995477, 3.0, -0.61579743106, 2.34328571847, -1.0, -0.665656620788, 2.0, 2.0, 3.0, 2.41855218017, -1.0, -1.0, 1.0, -1.0, 3.0, 3380.0, 449.0, 400.0
1.91273052103, 2.52079175994, 1.62196218643, 0.48421006722, 3.0, -1.0, 1.34905075505, -1.0, -1.0, -1.0, -1.0, -1.0, -1.0, 0.766178199874, 2.76467351737, 1.79132018596, -1.0, 1.98633667627, 2.0, 0.0, -0.876535869614, 1.0, 1.0, -0.691113273082, 0.0, 0.586008796887, 2.0, -1.0, 0.0738579105895, 2.0, 2.29316042141, -0.731517071894, 1.80284258787, 0.0, 2.2835655798, 1.11031995477, 3.0, -0.61579743106, -1.0, -1.0, -0.665656620788, 2.0, 0.0, -1.0, 1.44070713563, -1.0, -1.0, 1.0, -1.0, 1.42674474334, 3623.0, 440.0, 391.0
1.0, 2.0, 1.62196218643, 1.0, 3.0, -1.0, 1.34905075505, -1.0, -1.0, -1.0, -1.0, -1.0, -1.0, 0.766178199874, 2.0, 1.0, -1.0, 2.26958831345, 2.0, 0.0, 1.0, 1.0, 1.0, -0.691113273082, 0.0, 2.0, 2.0, -1.0, 0.0738579105895, 2.0, 2.0, -0.731517071894, 2.0, 0.0, 2.2835655798, 1.11031995477, 3.0, -0.61579743106, -1.0, -1.0, -0.665656620788, 2.0, 2.0, -1.0, 2.41855218017, -1.0, -1.0, 1.0, -1.0, 3.0, 3529.0, 450.0, 403.0
1.0, 2.0, 1.62196218643, 1.0, 3.0, -1.0, 1.34905075505, -0.0950462188301, -1.0, -1.0, -1.0, -1.0, -1.0, 0.766178199874, 2.0, 1.0, -1.0, -1.0, 2.54722350174, 0.0, 1.0, 1.0, 1.0, -0.691113273082, 0.0, 2.0, 2.0, -1.0, 0.0738579105895, 2.0, 2.0, -0.731517071894, 2.0, -0.943068068118, 2.2835655798, 1.11031995477, 3.0, -0.61579743106, 2.34328571847, -1.0, -0.665656620788, 2.0, 2.0, 3.0, 2.41855218017, -1.0, -1.0, 1.0, -1.0, 3.0, 3465.0, 461.0, 412.0
1.0, 2.21179571354, 1.62196218643, 1.0, 3.0, -1.0, 1.34905075505, -1.0, -1.0, -1.0, -1.0, -1.0, -1.0, 0.766178199874, 2.0, 1.0, -1.0, 2.26958831345, 2.0, 0.0, 1.0, 1.0, 1.0, -0.691113273082, 0.0, 0.586008796887, 2.0, -1.0, 0.0738579105895, 2.0, 2.29316042141, -0.731517071894, 1.80284258787, 0.0, 2.2835655798, 1.11031995477, 3.0, -0.61579743106, -1.0, -1.0, -0.665656620788, 2.0, 2.0, -1.0, 2.41855218017, -1.0, -1.0, 1.0, -1.0, 3.0, 3562.0, 450.0, 403.0
-0.845212918773, 2.0, 3.0, 2.39210107805, -1.0, -1.0, 2.219202699, 0.0, -1.0, -1.0, -0.0269324506323, 2.0, 2.0, -1.0, 2.43514169463, 3.0, -0.864630079993, 3.0, 2.0, -1.0, 2.0, 1.56410925583, 2.33095412436, 1.56890289595, 0.0, -1.0, 2.0, -1.0, -0.851140008085, -1.0, 0.436655353848, 2.78020876632, 0.537169821292, 0.0, 2.0, 2.0, 2.0, -1.0, 0.987694139746, -0.554047391595, 1.0, -1.0, 0.0, 1.72519843564, -1.0, 3.0, 1.19353920931, -1.0, -0.930064694472, 3.0, 3529.0, 457.0, 411.0
1.0, 2.0, 3.0, 1.0, 3.0, -1.0, 1.0, -1.0, -0.712646270497, -1.0, -1.0, -1.0, -1.0, 0.766178199874, 2.0, 2.44864566942, -1.0, 2.88294731955, 2.0, 0.509161620772, 1.0, 1.0, 2.08428871219, 0.203963128853, -0.911536732735, 2.0, 2.0, 0.0842932708263, 0.0738579105895, 2.0, 2.21971891073, -0.827305328036, 2.0, 0.0, 3.0, 0.0, -1.0, -0.61579743106, -0.964132344182, -1.0, 0.226404148806, 2.0, 2.0, -1.0, 3.0, -1.0, -1.0, 1.0, -1.0, 3.0, 3614.0, 456.0, 411.0
1.0, 2.21179571354, 1.62196218643, 1.0, 3.0, -1.0, 1.34905075505, -1.0, -1.0, -1.0, -1.0, -1.0, -1.0, 0.0203881982286, 2.0, 1.0, -1.0, 2.26958831345, 2.0, 0.0, 1.0, 1.0, 1.0, -0.691113273082, -0.37276093271, 0.586008796887, 2.0, -1.0, 0.0738579105895, 2.0, 2.29316042141, -0.731517071894, 1.80284258787, 0.0, 2.2835655798, 1.11031995477, 2.0, -0.61579743106, -1.0, -0.858417261707, -0.665656620788, 2.0, 2.0, -1.0, 2.41855218017, -1.0, -1.0, 1.0, -1.0, 3.0, 3643.0, 450.0, 403.0
1.0, 2.46996856616, 3.0, 1.0, -1.0, -1.0, 3.0, 0.0, -1.0, -1.0, 2.0, 2.48370455333, 2.0, -1.0, 1.0, 3.0, 1.0, -1.0, 2.0, -1.0, 2.0, 1.56410925583, 2.33095412436, 1.9309863637, -0.884168832123, 0.0, 2.0, -1.0, -1.0, -1.0, 1.41358449088, 2.78020876632, 0.0, 0.0, -0.584328209806, 2.0, 2.0, -1.0, -0.472058825355, -1.0, 1.0, -1.0, 0.0, 3.0, -1.0, 3.0, 1.19353920931, -1.0, 2.0, -0.948709412451, 3611.0, 452.0, 414.0
1.0, 2.0, 3.0, 1.0, 3.0, -1.0, 1.0, -1.0, -0.712646270497, -1.0, -1.0, -1.0, -1.0, 0.766178199874, 2.0, 2.44864566942, -1.0, 2.88294731955, 2.0, -0.0897205683903, 1.0, 1.0, 2.08428871219, 0.203963128853, -0.289982160526, 2.0, 2.0, -1.0, 0.0738579105895, 2.0, 2.0, -0.827305328036, 2.0, 0.0, 3.0, 0.0, -1.0, -0.61579743106, -1.0, -1.0, 0.226404148806, 2.0, 2.0, -1.0, 3.0, -1.0, -1.0, 1.0, -1.0, 3.0, 3608.0, 460.0, 411.0
2.0, -0.501340471713, 3.0, 2.0, -0.881063915077, -1.0, 1.38958094478, 1.0, -0.65640722623, 3.0, 0.505561890912, 1.0, -0.927793756583, 1.0, -1.0, -1.0, -0.540990775179, -1.0, 3.0, 0.0, 1.0, 2.0, 2.0, -1.0, -1.0, 1.0, -0.147625121848, -1.0, 0.0406641728446, 1.0, -1.0, 1.93874710659, -1.0, 3.0, 3.0, 3.0, -1.0, 0.649783251493, 3.0, 1.0, 1.0, -1.0, 0.0, 2.0, 2.0, 2.0, 2.0, 0.691972523605, 3.0, -0.770423768513, 3566.0, 478.0, 432.0
2.0, -0.501340471713, 3.0, 2.0, -0.881063915077, -1.0, 1.38958094478, 1.0, -0.65640722623, 3.0, 1.02725516933, 1.0, -0.927793756583, 1.0, -1.0, -1.0, -0.540990775179, -1.0, 3.0, -0.0897205683903, 1.0, 2.0, 2.0, -1.0, -1.0, 1.0, -0.147625121848, -1.0, 0.0406641728446, 1.0, -1.0, 1.93874710659, -1.0, 3.0, 3.0, 3.0, -1.0, 0.649783251493, 3.0, 1.0, 1.0, -1.0, 0.0, 2.0, 2.0, 2.0, 2.0, 0.691972523605, 3.0, -0.770423768513, 3566.0, 478.0, 432.0
1.0, 2.5243797293, 3.0, 1.0, 3.0, -1.0, 1.0, -1.0, -0.712646270497, 0.124808170059, -1.0, -1.0, -1.0, 0.766178199874, 2.0, 1.0, -1.0, 2.26958831345, 2.0, 0.0, 1.0, 1.0, 2.08428871219, 1.18527261988, 0.0, 2.0, -0.963747495315, -1.0, 0.0738579105895, 2.0, 2.0, 2.53741833001, 2.0, -0.307706889888, 2.2835655798, -1.0, 3.0, -0.61579743106, -0.691959064169, -1.0, 0.0, 2.0, 2.0, -1.0, 3.0, -1.0, -1.0, 1.0, -1.0, 3.0, 3761.0, 459.0, 429.0
-0.845212918773, 2.0, 3.0, 2.39210107805, -1.0, -1.0, 2.219202699, 0.0, -1.0, -1.0, -0.0269324506323, 2.0, 2.0, -1.0, 2.43514169463, 3.0, -0.864630079993, 3.0, 2.0, -1.0, 2.0, 1.56410925583, 2.33095412436, 1.56890289595, 0.0, -1.0, 2.0, -1.0, -0.986182050652, -1.0, 0.436655353848, 2.78020876632, 0.537169821292, 0.615727182757, 2.0, 2.0, 2.0, -1.0, 0.987694139746, 0.587788232176, 1.0, -1.0, 0.0, 1.72519843564, -1.0, 3.0, 1.19353920931, -1.0, -0.930064694472, 3.0, 3641.0, 476.0, 426.0
1.0, 2.0, 3.0, 1.0, -1.0, -1.0, 3.0, 0.0, -1.0, -1.0, 2.0, 2.48370455333, 2.0, -1.0, 1.0, 3.0, 1.0, -1.0, 2.0, -1.0, 2.0, 1.56410925583, 2.33095412436, 1.9309863637, -0.884168832123, 0.0, 2.0, -1.0, -1.0, -1.0, 1.41358449088, 2.78020876632, 0.0, 0.0, -0.584328209806, 2.0, 2.0, -1.0, 0.505834796357, -1.0, 1.0, -1.0, 0.0, 3.0, -1.0, 3.0, 1.19353920931, -1.0, 2.0, 3.0, 3681.0, 470.0, 433.0
-1.0, -1.0, -1.0, 3.0, 2.0, 2.48278205823, 1.0, -0.687758980452, -1.0, 3.0, 2.0, 3.0, 0.90940329142, -1.0, -1.0, -1.0, 3.0, 3.0, -0.882452546191, 1.0, -1.0, 1.0, 2.0, 0.0, 2.50573171011, 0.0, 2.0, 1.61034695944, 3.0, -1.0, -1.0, 2.3212262416, -1.0, 0.0, 3.0, -1.0, -1.0, 3.0, 2.72219025164, 1.0, 2.0, 3.0, 1.0, 0.270086123863, 3.0, -1.0, 1.0, 1.1848773324, 1.0, -0.850878173919, 3624.0, 471.0, 427.0
1.0, 2.0, 3.0, 1.0, 3.0, -1.0, 1.34905075505, -1.0, -1.0, -1.0, -1.0, -1.0, -1.0, 0.766178199874, 2.0, 1.0, -1.0, 2.26958831345, 2.0, 0.0, 1.0, 1.0, 1.0, -0.691113273082, 0.0, 2.0, 2.0, -1.0, 0.0738579105895, 2.0, 2.0, -0.731517071894, 2.0, 0.0, 2.2835655798, 0.0, 3.0, -0.61579743106, -1.0, -1.0, 0.236676539205, 2.0, 2.0, -1.0, 2.41855218017, -1.0, -1.0, 1.0, -1.0, 3.0, 3689.0, 460.0, 416.0
1.0, 2.0, 3.0, 2.39210107805, -1.0, -1.0, 2.219202699, 0.0, -1.0, -1.0, -0.0269324506323, 2.0, 2.0, -1.0, 2.43514169463, 3.0, -0.864630079993, 3.0, 2.0, -1.0, 2.0, 1.56410925583, 2.33095412436, 1.56890289595, 0.0, -1.0, 2.0, -1.0, -1.0, -1.0, 0.0, 2.78020876632, 0.537169821292, 0.0, 2.0, 2.0, 2.0, -1.0, 0.987694139746, -0.554047391595, 1.0, -1.0, 0.0, 3.0, -1.0, 3.0, 1.19353920931, -1.0, -0.930064694472, 3.0, 3653.0, 471.0, 429.0
2.0, -0.501340471713, 3.0, 2.18732340514, -0.881063915077, -1.0, 1.38958094478, 1.0, -0.65640722623, 3.0, 0.505561890912, 1.0, -0.927793756583, 1.0, -1.0, -1.0, -0.540990775179, -1.0, 1.63771747589, 0.0, 1.0, 0.865871089566, 2.0, -1.0, -1.0, 1.0, -0.147625121848, -1.0, 0.0406641728446, 1.0, -1.0, 1.93874710659, -1.0, 3.0, 3.0, 3.0, -1.0, 0.649783251493, 3.0, 1.0, 1.0, -1.0, 0.0, 2.0, 2.0, 2.0, 2.0, 0.691972523605, 3.0, -0.770423768513, 3632.0, 478.0, 432.0
1.0, 2.0, 3.0, 1.0, 3.0, -1.0, 1.0, -1.0, -0.712646270497, -1.0, -1.0, -1.0, -1.0, 0.766178199874, 2.0, 2.44864566942, -1.0, 2.26958831345, 2.0, -0.0897205683903, 1.0, 1.0, 2.08428871219, 0.203963128853, -0.289982160526, 2.0, 2.0, -1.0, 0.0738579105895, 2.0, 2.0, -0.731517071894, 2.0, 0.0, 2.2835655798, 0.0, 3.0, -0.61579743106, -1.0, -1.0, 0.0, 2.0, 2.0, -1.0, 3.0, -1.0, -1.0, 1.0, -1.0, 3.0, 3742.0, 470.0, 427.0
2.0, 0.0, 2.0, 1.85626706266, 1.0, 1.0, 1.38958094478, 3.0, 2.0, -1.0, -1.0, 0.0, -1.0, 1.65503041049, 2.0, 0.0, 2.0, -0.88788541155, -0.522625084836, 0.0, -0.635378207526, -0.522538298182, 3.0, 3.0, 0.0, 2.0, 0.0488404961498, -0.772948207436, 2.0, 2.55486416528, 0.369857526722, -1.0, -1.0, 2.0, -1.0, 0.0, -0.260349728885, -1.0, 3.0, -1.0, 3.0, -0.308718193138, -1.0, -0.951238235147, -1.0, 0.702534099432, -1.0, 0.0, 1.0, -1.0, 3839.0, 460.0, 421.0
3.0, -1.0, -1.0, 1.0, -0.881063915077, 1.0, 3.0, -0.0718383882924, 0.0, 0.409421097907, -1.0, -0.664700932755, -0.957558310409, 1.0, 2.0, -0.480645166781, -1.0, 3.0, 2.0, -1.0, 2.06135890337, 3.0, 1.0, 0.0, 1.0, -1.0, -1.0, -1.0, 2.95997977756, 1.0, 0.0, 1.0, 3.0, 1.0, -0.0552487613865, 3.0, -1.0, 0.0, -1.0, -1.0, 2.0, 1.0, 1.0, -1.0, 1.0, 0.0, 3.0, -1.0, -0.930064694472, 2.0, 3838.0, 464.0, 422.0
2.0, 0.0, 2.0, 0.975427971343, 1.0, 1.0, 3.0, 3.0, 2.0, -1.0, 0.0, -1.0, -1.0, 1.0, 2.0, 0.0, 2.0, 0.0, 2.0, 0.0, -0.635378207526, -0.522538298182, 3.0, 3.0, 0.0, 2.0, -1.0, 1.1726772402, 2.0, 1.0, 0.369857526722, -1.0, -1.0, 2.0, -1.0, 0.0, -0.517182824533, -1.0, 3.0, 0.283477706563, 3.0, -1.0, -1.0, -1.0, -1.0, 1.0, -1.0, 0.0, 1.0, -1.0, 3835.0, 486.0, 423.0
1.0, -0.0804373509983, 3.0, 1.70037839885, -1.0, -1.0, 3.0, 0.0, -1.0, -0.733135897264, 2.0, 2.0, 2.0, -1.0, 0.860660987191, 1.60372540846, 1.0, 3.0, 0.589298801748, -1.0, 2.0, 0.111849428868, 1.0, 1.0, -0.714949874851, 0.532152101081, 2.27169572554, -1.0, -1.0, -1.0, 0.0, -0.245500113348, -0.996933038183, 3.0, 2.0, 2.0, 2.0, -1.0, -0.685249406892, -1.0, 1.0, -1.0, 0.0, 3.0, -1.0, 3.0, 0.0, -0.62620709335, 2.0, 3.0, 3673.0, 477.0, 429.0
1.0, 2.0, 3.0, 2.39210107805, -1.0, -0.262495830597, 2.02212524334, 0.0, -1.0, -1.0, -0.0269324506323, 2.0, 2.0, -1.0, 2.0, 2.92806916441, -0.933174622229, 3.0, 2.0, -1.0, 2.0, 1.64511293612, 1.70140561627, 1.56890289595, 0.0, -1.0, 2.0, -1.0, -1.0, -1.0, 1.0, 2.78020876632, 0.537169821292, 0.0, 2.0, 2.0, 2.0, -1.0, 1.89066123783, -0.554047391595, 1.41838681574, -1.0, 0.0, 3.0, -1.0, 3.0, 1.81113776927, -1.0, -0.930064694472, 3.0, 3637.0, 486.0, 441.0
1.0, 2.0, 3.0, 1.0, 3.0, -1.0, 1.0, -1.0, -0.712646270497, -1.0, -1.0, -1.0, -1.0, 0.766178199874, 2.0, 1.0, -1.0, 2.26958831345, 2.0, 0.0, 1.0, 1.0, 2.08428871219, 0.203963128853, 0.0, 2.0, 2.0, -1.0, 0.0738579105895, 2.0, 2.0, -0.731517071894, 2.0, 0.0, 2.2835655798, 0.0, 3.0, -0.61579743106, -1.0, -1.0, 0.0, 2.0, 2.0, -1.0, 3.0, -1.0, -1.0, 1.0, -1.0, 3.0, 3747.0, 470.0, 427.0
3.0, -1.0, -1.0, 1.0, -0.881063915077, 1.0, 3.0, 0.849163748903, 0.0, 2.0693066405, -1.0, -0.664700932755, -0.052970736785, 1.0, 2.0, -0.480645166781, -1.0, 3.0, 2.0, -1.0, 2.06135890337, 3.0, 1.0, 0.0, 0.121178251981, -1.0, -1.0, -1.0, 2.95997977756, 0.970916541857, 0.0, 1.0, 3.0, 1.0, -0.0993660784051, 3.0, -1.0, -1.0, -1.0, -1.0, 2.0, 1.0, 1.0, -1.0, 1.0, 0.0, 1.5036071172, -1.0, -0.930064694472, 2.0, 3841.0, 461.0, 426.0
-1.0, -0.522064986011, -1.0, 2.0, 0.0, 2.44669274696, 2.0, 0.0, 0.0, -0.955033931033, -0.0658066424065, -1.0, -1.0, 0.0, -1.0, 0.710270731675, 0.0, 3.0, -1.0, -0.675197394376, 1.0, -1.0, 2.0, 0.0, 0.383852360556, 3.0, -1.0, -1.0, 0.016776388172, 0.998875191772, 2.0, 3.0, 2.32406076721, -0.669013902197, -0.592432173827, -1.0, -1.0, 1.0, 2.0, 3.0, 2.0, 1.0, 1.0, 2.28536918903, 0.0, 0.0, 0.0, 2.0, 0.0, 3.0, 4063.0, 490.0, 421.0
0.359265615639, -0.0804373509983, 3.0, 1.70037839885, -1.0, -1.0, 3.0, 0.0, -0.740592528841, -0.733135897264, 2.0, -1.0, 2.0, -1.0, 0.860660987191, 1.60372540846, 1.0, 3.0, 0.589298801748, -1.0, 2.0, 1.13759627836, 1.0, 1.0, -0.714949874851, 0.532152101081, 2.27169572554, -1.0, -1.0, -1.0, 0.0, -0.245500113348, -0.996933038183, 3.0, 2.0, 2.0, 2.0, -1.0, -0.685249406892, -1.0, 1.0, -1.0, 0.0, 3.0, -1.0, 3.0, 0.0, 1.78343663599, 2.0, 3.0, 3678.0, 480.0, 432.0
1.0, 2.0, 3.0, 1.0, 3.0, -1.0, 1.0, -1.0, -1.0, -1.0, -1.0, -1.0, -1.0, 0.766178199874, 2.0, 1.0, -1.0, 2.26958831345, 2.0, 0.0, 1.0, 1.0, 1.0, 0.0, 0.0, 2.0, 2.0, -1.0, 0.0738579105895, 2.0, 2.0, -0.731517071894, 2.0, 0.0, 2.2835655798, 0.0, 3.0, -0.61579743106, -1.0, -1.0, 0.0, 2.0, 2.0, -1.0, 3.0, -1.0, -1.0, 1.0, -1.0, 3.0, 3786.0, 470.0, 427.0
2.0, 0.0, 2.12660240735, 1.0, 1.0, 1.0, -0.331400122466, 3.0, 2.0, -1.0, 0.0, 0.0, -1.0, 0.685276223688, 2.0, 0.0, 2.0, 0.0, 1.49925429954, 0.0, 0.0, 0.0, 3.0, 3.0, -0.800234430725, 2.0, -0.98768485343, 2.0, 2.0, 1.0, 1.0, -1.0, -1.0, 2.0, -1.0, -0.901004541946, -1.0, 0.0, -0.166676042117, 1.39087378362, -0.186739479845, -1.0, -0.961203741693, -0.526915665984, -1.0, 1.0, -1.0, -0.731008806109, 2.30415489612, -1.0, 4074.0, 482.0, 426.0
-1.0, -1.0, -1.0, 3.0, -0.986203105088, 3.0, 1.0, 2.0, -1.0, 3.0, 2.0, 3.0, 0.90940329142, -1.0, -1.0, -1.0, 2.20657281614, 3.0, -0.882452546191, 2.59646067436, -1.0, 1.0, 2.0, 0.0, 2.50573171011, 0.0, 2.0, 0.0, 3.0, -1.0, -1.0, 2.3212262416, -1.0, 1.11920201508, 3.0, -1.0, -1.0, 3.0, 2.0, 1.0, 2.0, 3.0, 1.0, 0.270086123863, 3.0, 3.0, 1.0, 0.0, 1.0, -0.850878173919, 3688.0, 486.0, 438.0
1.0, 2.0, 3.0, 1.0, 3.0, -1.0, 1.67531977242, -1.0, -1.0, -1.0, -1.0, -1.0, 2.96215447331, 0.766178199874, 2.0, 1.0, -1.0, 2.26958831345, 2.0, 0.0, 1.0, 1.0, 2.05181663931, 0.0, 0.0, 2.0, 2.0, -1.0, 0.0738579105895, 2.0, 1.60080393648, -0.731517071894, 2.0, 0.0, 2.2835655798, 0.0, 3.0, -0.61579743106, -1.0, -1.0, 0.0, 2.0, 2.0, -1.0, 3.0, -1.0, -1.0, 1.0, -1.0, 3.0, 3776.0, 481.0, 442.0
1.0, 2.0, 3.0, 1.0, 3.0, -1.0, 1.0, -1.0, -0.712646270497, -1.0, -1.0, -1.0, -1.0, 1.30530344368, 2.0, 2.44864566942, -1.0, 2.26958831345, 2.0, -0.0897205683903, 1.0, 1.0, 2.08428871219, 0.203963128853, -0.289982160526, 2.0, 2.0, -1.0, 0.0738579105895, 2.38552773573, 2.0, -0.731517071894, 2.0, 0.0, 2.2835655798, 0.0, 3.0, -0.61579743106, -1.0, -1.0, -0.0955842949205, 2.0, 1.0, -1.0, 3.0, -1.0, -1.0, 1.0, -1.0, 3.0, 3792.0, 470.0, 427.0
-1.0, -1.0, -1.0, 2.19543749713, -0.986203105088, 3.0, 1.0, 1.67097348562, -1.0, 3.0, 2.0, 3.0, 0.90940329142, -1.0, -1.0, -1.0, 2.20657281614, 3.0, -0.882452546191, 2.59646067436, -0.623397524956, 1.1744690056, 2.0, 0.0, 2.50573171011, 0.0, 2.0, 0.0, 3.0, -1.0, -1.0, 2.81920537538, -1.0, 1.11920201508, 3.0, -1.0, -1.0, 3.0, 2.0, 1.0, 2.0, 3.0, 1.0, 0.270086123863, 3.0, 3.0, 1.0, 0.0, 1.0, -0.850878173919, 3703.0, 486.0, 438.0
1.0, 2.0, 3.0, 1.0, 3.0, -1.0, 1.34905075505, -1.0, -1.0, -1.0, -1.0, -1.0, -1.0, 0.766178199874, 2.0, 1.0, -1.0, 2.26958831345, 2.0, 0.0, 1.0, 1.0, 1.0, -0.691113273082, 0.0, 2.0, 2.0, -1.0, 0.0738579105895, 2.0, 2.0, -0.731517071894, 2.0, 0.0, 2.2835655798, 0.0, 3.0, -0.61579743106, -1.0, -1.0, 0.236676539205, 2.0, 2.0, -1.0, 2.41855218017, -1.0, -1.0, 1.0, -0.307989647915, 3.0, 3897.0, 476.0, 433.0
2.0, 0.0, 2.12660240735, 1.0, 1.0, 1.0, -0.331400122466, 3.0, 2.0, -1.0, 0.0, 0.0, -1.0, 0.685276223688, 2.0, 0.0, 2.0, 0.0, 1.49925429954, 0.0, 0.0, 0.0, 3.0, 3.0, -0.800234430725, 2.0, -0.984872696347, 2.0, 2.0, 1.0, 1.0, -1.0, -1.0, 2.0, -1.0, 0.0, -1.0, -1.0, -0.166676042117, 1.39087378362, -0.186739479845, -1.0, -1.0, -0.526915665984, -1.0, 1.0, -1.0, -0.731008806109, 2.30415489612, -1.0, 4096.0, 487.0, 427.0
3.0, -1.0, -1.0, 1.0, -0.881063915077, 1.0, 3.0, 0.849163748903, 0.0, 2.0693066405, -1.0, -0.664700932755, -0.052970736785, 1.0, 2.0, -0.480645166781, -1.0, 3.0, 2.0, -1.0, 2.06135890337, 3.0, 1.0, 0.0, 1.0, -1.0, -1.0, -1.0, 2.95997977756, 0.970916541857, 0.0, 1.0, 3.0, 1.0, 0.0, 3.0, -1.0, 0.0, -1.0, -1.0, 2.0, 1.0, 1.0, -1.0, 1.0, 0.0, 3.0, -1.0, -0.930064694472, 2.0, 3839.0, 475.0, 437.0
1.0, 2.0, 3.0, 0.494936302443, 3.0, -1.0, 1.0, -1.0, -0.712646270497, 0.124808170059, -1.0, -1.0, -1.0, 0.766178199874, 2.0, 1.0, -1.0, 2.26958831345, 2.0, 1.0, 1.0, 1.0, -1.0, 0.203963128853, 0.170708431337, 2.0, 1.10538906088, -1.0, 0.0738579105895, 2.0, 2.0, 1.48590968186, 2.0, 0.0, 2.2835655798, 0.0, 3.0, -0.61579743106, -0.691959064169, -1.0, 0.0, 2.0, 2.0, -1.0, 3.0, -1.0, -1.0, 1.0, -1.0, 3.0, 3996.0, 474.0, 441.0
1.0, 2.0, 3.0, 1.0, 3.0, -1.0, 1.34905075505, -1.0, -1.0, -1.0, -1.0, -1.0, -1.0, 0.766178199874, 2.0, 1.0, 0.11572111378, 2.26958831345, 2.0, 0.0, 1.0, 1.0, 1.0, -0.691113273082, 0.0, 2.0, 2.0, -1.0, 2.05308497795, 2.0, 2.0, -0.81010048386, 2.0, 0.0, 2.2835655798, 0.0, 3.0, -0.819867956372, -1.0, -1.0, 0.236676539205, 2.0, 2.0, -1.0, 2.41855218017, -1.0, -1.0, 1.0, -1.0, 3.0, 3803.0, 477.0, 428.0
1.0, 2.0, 3.0, 2.39210107805, -1.0, -0.262495830597, 2.219202699, 0.0, -1.0, -1.0, -0.0269324506323, 2.0, 2.0, -1.0, 2.0, 3.0, -0.933174622229, 3.0, 2.0, -1.0, 2.0, 1.64511293612, 1.70140561627, 1.56890289595, 0.0, -1.0, 2.0, -1.0, -1.0, -1.0, 0.0, 2.78020876632, 0.537169821292, 0.0, 2.0, 2.0, 2.0, -1.0, 0.987694139746, -0.554047391595, 1.0, -1.0, 0.0, 3.0, -1.0, 3.0, 1.19353920931, -1.0, -0.930064694472, 3.0, 3745.0, 486.0, 441.0
2.0, 0.0, 2.0, 1.0, 1.0, 1.0, 1.38958094478, 3.0, 2.0, -1.0, -0.209031532699, 0.0, -1.0, 1.60995044742, 2.0, 0.0, 2.0, -0.599094344415, 2.0, 0.0, -0.635378207526, -0.522538298182, 3.0, 3.0, 0.0, 2.0, -1.0, -0.772948207436, 2.0, 2.33196862958, 0.369857526722, -1.0, -1.0, 2.0, -1.0, 0.0, -0.260349728885, -1.0, 3.0, 1.0, 3.0, -1.0, -1.0, -0.951238235147, -1.0, 1.78797976068, -1.0, 0.0, 1.0, -1.0, 3851.0, 484.0, 431.0
1.0, 2.64538487663, 2.66793050739, 1.0, -1.0, -1.0, 2.04197327169, 0.0, -0.903634035122, -1.0, 2.0, -0.637319555899, 2.0, -1.0, 2.83038425955, 1.60372540846, 1.0, 3.0, 0.589298801748, -1.0, 2.50233826818, -0.87314586139, 1.0, 1.0, 0.0, 0.0, 2.27169572554, -1.0, 0.0918316397735, -0.499071884983, 0.0, -0.689402097203, 0.229266397448, 3.0, 0.165438688636, 2.0, 2.0, -1.0, -0.685249406892, -1.0, 1.0, -1.0, 0.0, -0.105629819475, -1.0, 3.0, 0.0, -1.0, 2.0, 3.0, 3827.0, 496.0, 431.0
2.98980252574, -1.0, 1.54333951006, 2.0, 0.91186417797, -1.0, 0.399672249346, 2.0, 1.0, -1.0, -1.0, 1.0, -1.0, -1.0, 1.0, 2.0, 1.72120426035, 0.0, -0.533852083805, 1.63209502075, 1.0, 0.0, 0.0, 1.0, -1.0, -0.735496713818, 0.0896772121822, 2.0, 0.0, 1.5020451514, 2.0, 1.0, -1.0, 2.0, 2.0, 1.0, -0.100094499497, 1.72845359306, 1.59644489249, -1.0, 2.0, 3.0, -1.0, 3.0, 3.0, 1.92725919314, 2.0, -1.0, -1.0, -1.0, 3825.0, 484.0, 438.0
2.0, -1.0, 0.0, 2.0, 1.0, -1.0, 0.0, 2.59872564851, 0.556853479352, -1.0, -1.0, 1.0, -1.0, -1.0, 1.0, 2.0, 1.0, -0.855552653163, 2.0, 1.63209502075, 2.21192085299, -0.182593532477, 0.0, 1.0, -1.0, 1.0, 0.0365696012041, 1.0, 2.0, 2.29484334609, 2.0, 1.0, -1.0, 0.932136959694, -1.0, 1.0, -0.100094499497, 1.72845359306, 3.0, -1.0, 0.964223264144, 3.0, -1.0, 3.0, 3.0, 0.0, 2.0, -1.0, -1.0, -1.0, 4040.0, 479.0, 441.0
1.0, 2.0, 3.0, 1.0, 3.0, -1.0, 1.0, -1.0, -1.0, 1.15939683411, -1.0, -1.0, -1.0, 0.766178199874, 2.0, 1.0, -1.0, 2.26958831345, 2.0, 0.0, 1.0, 1.0, 1.0, 0.0, 0.0, 2.0, 2.0, -1.0, -0.199940085093, 2.0, 2.0, -0.731517071894, 2.0, 0.0, 2.2835655798, 0.0, 3.0, -0.61579743106, -1.0, -1.0, 0.953380310212, 2.0, 2.0, -1.0, 3.0, -1.0, -1.0, 1.0, -1.0, 3.0, 3970.0, 481.0, 445.0
-1.0, -0.924814350588, 1.0, 2.0, -1.0, 2.0, 2.0, 1.0, -1.0, 2.0, 1.0, -0.618312518707, 2.41618799122, 1.94883990695, 2.0, 3.0, 1.0, 1.0, 2.0, 1.0, 2.0, 0.0, 2.0, 3.0, 3.0, -1.0, 0.14574239163, -0.365302206841, 0.0, -0.740308854981, 0.0, 0.0, 3.0, 0.0, -1.0, -1.0, -1.0, 2.0, 1.0, 0.0, -1.0, -1.0, 0.0, 1.62697103962, -1.0, -1.0, -1.0, 0.0, 2.0, -1.0, 4033.0, 488.0, 428.0
1.0, 2.0, 3.0, 1.0, 3.0, -1.0, 1.0, -1.0, -1.0, -1.0, -1.0, -1.0, -1.0, 0.766178199874, 2.0, 1.0, -1.0, 2.26958831345, 2.0, 0.0, 1.0, 1.0, 1.0, 0.0, 0.0, 2.0, 2.0, -1.0, 0.0738579105895, 2.0, 2.0, -0.731517071894, 2.0, 0.0, 2.2835655798, 0.0, 3.0, -0.61579743106, -1.0, -0.805557490433, 0.0, 2.0, 2.0, -1.0, 3.0, 3.0, -1.0, 1.0, -1.0, 3.0, 3852.0, 482.0, 441.0
-1.0, -1.0, -1.0, 3.0, 2.0, 3.0, 1.0, 2.02815040234, -1.0, 3.0, 2.0, 2.91613948453, 0.90940329142, -1.0, -1.0, -1.0, 3.0, 3.0, -0.882452546191, 1.0, -1.0, 1.0, 2.0, -0.738362905746, 2.50573171011, 1.11158881577, 2.0, 0.0, 3.0, -1.0, -1.0, 2.3212262416, -1.0, 0.0, 3.0, -1.0, -1.0, 3.0, 2.0, 1.0, 2.0, 3.0, 1.0, 0.270086123863, 3.0, 3.0, 1.0, 0.0, 1.0, -0.850878173919, 3759.0, 487.0, 442.0
2.0, 2.0, 3.0, 2.0, -0.881063915077, -1.0, 1.38958094478, 1.0, 2.0, 3.0, 0.505561890912, 1.31073742979, -0.927793756583, 2.19726688795, -1.0, -1.0, -1.0, -0.863870161279, 2.87786324293, 0.0, 2.05979151851, 2.0, 2.0, -1.0, -1.0, 1.89817965505, 0.0, -1.0, 0.0, 1.0, -1.0, 2.63635417796, -1.0, 3.0, 1.87777110176, 3.0, -1.0, 1.89336308444, 3.0, 2.21044879399, 1.0, -1.0, 0.0, 2.0, 2.0, 2.0, 2.15207936401, -0.864391849199, 3.0, 1.0, 3748.0, 501.0, 469.0
1.0, -0.0614080623251, 3.0, 1.0, -1.0, -1.0, 3.0, 0.0, -1.0, -1.0, 2.0, 2.0, 2.0, -1.0, -0.799863445501, 1.60372540846, 1.0, 3.0, 0.589298801748, -1.0, 2.0, 1.56410925583, 1.0, 1.0, 0.0, 0.0, 2.27169572554, -1.0, -1.0, -1.0, 0.0, 1.0, 1.74675953683, 3.0, 2.0, 2.0, 2.0, -1.0, -0.685249406892, -1.0, 2.76549687899, -1.0, 0.0, 1.57081697589, -1.0, 3.0, 0.0, -1.0, 2.87093954669, 3.0, 3758.0, 489.0, 444.0
2.3711720988, 1.71378430635, 2.6170452031, 1.0, 1.0, 1.0, -0.694358670153, 3.0, 2.0, -1.0, 0.0, 0.0, -1.0, 1.0, 2.3962175147, 0.0, 2.0, 0.0, 2.0, -0.745762837798, 0.0, 0.0, 3.0, 3.0, -0.800234430725, 2.0, -0.984872696347, 2.0, 2.0, 1.8286619154, 1.0, -0.394039447453, -1.0, 2.0, -1.0, 0.0, -1.0, -1.0, -0.166676042117, 1.64182016291, 1.38223420372, -1.0, -1.0, -0.526915665984, -1.0, 1.0, -1.0, 0.569888251482, 1.0, -1.0, 3886.0, 492.0, 431.0
1.99839619996, 2.0, 3.0, 1.0, 3.0, 1.97798535391, 1.34905075505, -1.0, -1.0, -1.0, -1.0, -1.0, -1.0, 0.766178199874, 2.0, 1.0, -1.0, 2.54773701127, 2.0, 0.0, 1.0, 1.0, 2.0, -0.691113273082, 0.0, 2.0, 2.0, -1.0, 0.0738579105895, 0.859456505009, 2.0, -0.731517071894, 2.0, 0.0, 2.2835655798, 0.0, 3.0, -0.61579743106, -1.0, -1.0, 0.236676539205, 2.0, 2.0, 0.270086123863, 2.41855218017, -1.0, -0.877377216855, 1.0, -1.0, 3.0, 3847.0, 489.0, 439.0
2.0, -1.0, 0.0, 2.0, 1.0, -1.0, 0.0, 2.35921237314, 0.556853479352, -1.0, -1.0, 1.0, -1.0, -1.0, 1.0, 2.0, 1.0, -0.855552653163, 2.0, 1.63209502075, 1.0, 0.0, 0.0, 1.0, -1.0, 1.0, 0.0365696012041, 1.0, 2.0, 1.0, 2.0, 1.0, -1.0, 2.0, -1.0, 1.0, -0.100094499497, 1.72845359306, 3.0, -1.0, 0.964223264144, 3.0, -1.0, 3.0, 3.0, 0.0, 2.0, -1.0, -1.0, -1.0, 4047.0, 479.0, 441.0
-1.0, -0.924814350588, 1.0, 2.0, -1.0, 2.0, 2.0, 1.0, -1.0, 2.0, 1.0, -0.618312518707, 1.0, 0.0, 2.0, 3.0, 1.0, 1.0, 2.0, 1.0, 2.0, 0.0, 2.0, 3.0, 3.0, -1.0, 0.14574239163, 0.0, 0.0, -1.0, 0.0, 0.0, 3.0, 0.0, -1.0, -1.0, -1.0, 2.0, 1.0, 0.0, -1.0, -1.0, 0.0, 1.0, -1.0, -1.0, -1.0, 0.0, 2.0, -1.0, 4189.0, 488.0, 428.0
1.0, 2.0, 3.0, 1.0, 3.0, -1.0, 1.0, -1.0, -1.0, -1.0, -1.0, -1.0, -1.0, 0.766178199874, 2.0, 0.0431738138063, -1.0, 2.26958831345, 0.290524468684, 1.32026547366, 1.0, 1.0, 1.0, 0.0, 0.0, 2.0, 2.0, -1.0, 0.0738579105895, 2.0, 2.0, -0.455038963017, 2.0, 0.0, 2.2835655798, 0.0, 3.0, -0.61579743106, -1.0, -0.805557490433, 0.0, 2.0, 2.0, 0.776557413135, 3.0, 3.0, -1.0, -0.954465504146, -1.0, 2.03147584819, 3982.0, 488.0, 443.0
1.0, 2.0, 3.0, 1.23882441005, -1.0, -1.0, 2.219202699, 0.0, -1.0, -1.0, -0.0269324506323, 2.0, 2.0, -1.0, 2.43514169463, 3.0, -0.864630079993, 3.0, 2.0, -1.0, 2.0, 1.56410925583, 2.33095412436, 1.56890289595, 0.0, -1.0, 2.0, -1.0, 1.41434112501, -1.0, 0.0, 2.78020876632, 0.537169821292, -0.398574675995, 2.0, 2.0, 2.0, 0.0524439396523, 0.987694139746, -0.554047391595, 1.0, -1.0, 0.0, 3.0, -1.0, 3.0, 1.19353920931, -1.0, -0.930064694472, 3.0, 3796.0, 497.0, 445.0
2.0, 2.0, 3.0, 2.0, -0.881063915077, -1.0, 1.38958094478, 1.0, 2.0, 3.0, 0.505561890912, 1.0, -0.927793756583, 1.0, -1.0, -1.0, -1.0, -0.863870161279, 2.87786324293, 0.0, 2.05979151851, 2.0, 2.0, -1.0, -1.0, 2.24211641638, 0.0, -1.0, 0.0, 1.0, -1.0, 3.0, -1.0, 3.0, 3.0, 3.0, -1.0, 3.0, 3.0, 1.0, 1.0, -1.0, 0.0, 2.0, 2.0, 2.0, 2.15207936401, -0.864391849199, 3.0, 1.0, 3781.0, 501.0, 469.0
2.0, 0.880338541452, 3.0, 2.0, -0.899387734892, -1.0, 1.38958094478, 1.0, 2.0, 3.0, 0.505561890912, 1.0, -0.927793756583, -0.953905394017, -1.0, -1.0, -1.0, -1.0, 0.410886382459, -0.807466841618, 1.0, 2.58563962801, 2.0, -1.0, -1.0, 1.0, 0.0, -1.0, 0.934605122175, 1.0, -0.824075089507, 2.89309698222, -1.0, 3.0, 3.0, 3.0, -1.0, 3.0, 3.0, 0.385714667496, 1.0, -1.0, 0.764066304324, 2.0, 2.0, 2.0, 2.0, 0.0, 3.0, 1.30199708899, 3825.0, 494.0, 458.0
2.0, 0.0, 2.0, 1.0, 1.0, 1.0, 3.0, 3.0, 2.0, -1.0, 0.0, 0.0, -1.0, 1.0, 2.0, 0.0, 2.0, 0.0, 2.0, 0.0, -0.635378207526, -0.522538298182, 3.0, 3.0, 0.0, 2.0, -1.0, 2.0, 2.0, 1.0, 0.369857526722, -1.0, -1.0, 2.0, -1.0, 0.0, -1.0, -1.0, 3.0, 1.0, 3.0, -1.0, -1.0, -1.0, -1.0, 1.0, -1.0, 0.0, 1.0, -1.0, 3960.0, 502.0, 438.0
2.3711720988, 0.0, 2.0, 1.0, 1.29017447855, 1.0, -0.331400122466, 3.0, 2.0, -1.0, 0.403127897132, 0.0, -1.0, 1.0, 2.3962175147, 0.0, 2.0, 0.0, 2.0, -0.745762837798, 0.0, 0.0, 3.0, 3.0, -0.800234430725, 2.0, -0.984872696347, 2.0, 2.0, 1.8286619154, 1.0, -1.0, -1.0, 2.0, -1.0, 0.0, -1.0, -1.0, -0.166676042117, 1.0, 1.38223420372, -1.0, -1.0, -0.526915665984, -1.0, 2.12678061755, -1.0, 0.0, 1.0, -1.0, 4122.0, 494.0, 433.0
1.0, 2.0, 3.0, 1.0, 3.0, -1.0, 1.0, -1.0, -0.712646270497, -1.0, -1.0, -1.0, -1.0, 0.373120649111, 2.43514169463, 1.0, -1.0, 2.26958831345, 2.0, 0.0, 1.0, 1.0, 2.08428871219, 0.203963128853, 0.0, 2.0, 2.0, -1.0, 0.0738579105895, 2.0, 2.0, -0.731517071894, 2.0, 0.0, 2.2835655798, 0.0, 3.0, -0.61579743106, -1.0, 0.238856863163, 2.27768890353, 2.0, 2.0, -1.0, 3.0, -1.0, -1.0, 1.0, -1.0, 3.0, 3935.0, 489.0, 442.0
1.0, 2.0, 3.0, 1.0, 3.0, -1.0, 1.0, -1.0, -0.712646270497, -1.0, -1.0, -1.0, -1.0, 0.373120649111, 2.43514169463, 1.0, -1.0, 2.26958831345, 2.0, 0.0, 1.0, 1.0, 2.08428871219, 0.203963128853, 0.0, 2.0, 2.0, -1.0, 0.0738579105895, 2.0, 2.0, -0.731517071894, 2.0, 0.0, 2.2835655798, 0.0, 3.0, -0.61579743106, -1.0, 0.238856863163, 2.27768890353, 2.0, 2.0, -1.0, 3.0, -1.0, -1.0, 1.0, -1.0, 3.0, 3935.0, 489.0, 442.0
1.0, 2.0, 3.0, 1.0, -1.0, -1.0, 3.0, 0.0, -1.0, -1.0, 2.0, 2.48370455333, 2.0, -1.0, 1.0, 3.0, 1.0, -1.0, 2.0, -1.0, 2.0, 1.56410925583, 2.33095412436, 1.9309863637, -0.884168832123, 0.0, 2.0, 1.09129336705, -1.0, -1.0, 1.41358449088, 2.78020876632, -0.795367322394, 0.0, 0.253145495564, 2.28863538323, 2.0, -1.0, 0.505834796357, -1.0, 1.0, -1.0, 1.09422686955, 3.0, -1.0, 3.0, 1.19353920931, -0.699563058072, 2.0, 3.0, 3857.0, 490.0, 451.0
-1.0, 1.0, 2.11912507119, 1.0215757332, -0.117980908032, 2.0, 2.0, -0.552435547814, -1.0, 2.0, -1.0, -0.0972233775189, 1.71117401917, 0.0, 2.0, 0.46598052362, 1.55089281167, 1.0, 2.0, 1.0, 2.06161378219, 0.515930716246, 1.04276899879, 3.0, 0.805558981198, -1.0, 2.0, 0.0, -0.0156847359148, -1.0, 1.75161526022, 0.0, 0.842276442756, 3.0, -1.0, -1.0, -1.0, 2.0, -0.605293491677, -0.484048343736, -1.0, -1.0, -0.421138737817, 0.993402759866, -1.0, -1.0, -1.0, 0.0, 2.0, -1.0, 4320.0, 482.0, 445.0
2.0, 3.0, 0.0, 1.0, 2.0, 2.0, 2.0, 1.0, 0.0, -1.0, 1.0, 0.0, -0.790362913685, 0.456456609188, -0.963615301097, 3.0, -1.0, -1.0, 2.38139074891, 3.0, 2.0, -1.0, -1.0, -0.769187643474, -0.718027380451, -0.705016934225, 2.0, 0.0, -1.0, 2.58087785536, 2.46346970441, 1.91736272582, 3.0, 0.38975580037, 0.0, -1.0, 2.0, 2.0, 1.0, 2.13180491522, 3.0, -1.0, 1.0, 2.79435416623, -0.392768909563, 0.0, -1.0, 1.0, -1.0, -1.0, 4201.0, 479.0, 452.0
-1.0, -1.0, -1.0, 3.0, 2.0, 3.0, 1.0, 0.053288495879, -1.0, 3.0, 2.0, 3.0, 0.90940329142, -1.0, -1.0, -1.0, 3.0, 3.0, -0.882452546191, 1.0, -1.0, 1.0, 2.0, 0.0, 2.50573171011, 0.0, 2.0, 1.61034695944, 3.0, -1.0, -1.0, 2.3212262416, -1.0, 0.0, 3.0, -1.0, -1.0, 3.0, 2.72219025164, 1.0, 2.0, 3.0, 1.0, 0.270086123863, 3.0, 3.0, 1.0, 0.0, 1.0, -0.850878173919, 3854.0, 497.0, 453.0
2.0, 0.0, 3.0, 1.0, 1.0, 1.0, 3.0, 3.0, 2.0, -1.0, -0.209031532699, -0.0501195967822, -1.0, 1.60995044742, 2.0, 0.0, 2.0, 0.0, 2.0, 0.0, -0.635378207526, -0.522538298182, 3.0, 3.0, 0.0, 2.0, -1.0, 2.0, 2.0, 2.42210540037, 0.369857526722, -1.0, -1.0, -0.646344689832, 3.0, 0.0, -0.260349728885, -1.0, 3.0, 1.0, 3.0, -1.0, -1.0, -1.0, -1.0, 1.78797976068, -1.0, 0.0, 1.0, -1.0, 3921.0, 513.0, 448.0
1.99839619996, 2.0, 3.0, 1.0, 3.0, 1.97798535391, 1.34905075505, -1.0, -1.0, -1.0, -1.0, -1.0, 0.0620846883168, 0.766178199874, 2.35542411304, 1.0, -1.0, 2.85843258115, 2.0, 0.0, 1.0, 1.0, 2.0, -0.691113273082, 2.71736589116, 2.0, 2.0, -1.0, 0.186038984436, 0.859456505009, 2.0, -0.731517071894, 2.0, 0.0, 2.2835655798, 1.48106645126, 3.0, -0.61579743106, -1.0, -1.0, 0.236676539205, 2.0, 2.0, 0.270086123863, 2.41855218017, -1.0, -0.877377216855, 1.0, -1.0, 3.0, 3840.0, 500.0, 454.0
2.0, -1.0, 0.0, -1.0, 1.0, 2.0, -1.0, 1.10441696438, 3.0, -1.0, 1.0, 0.0, 2.12507755184, -1.0, 0.0, 3.0, 2.0, 2.0, 3.0, 1.0, 1.0, -1.0, 2.0, 2.0, 2.0, 1.0, 3.0, -1.0, 2.0, 1.0, -1.0, 1.0, 2.0, 3.0, 3.0, 1.0, -1.0, 3.0, 0.0, 3.0, 1.0, -1.0, -0.858515886907, 0.0, 3.0, 1.0, 3.0, -1.0, -1.0, 1.0, 3805.0, 533.0, 470.0
-1.0, -1.0, -1.0, 3.0, 2.0, 3.0, 1.0, 2.0, -1.0, 3.0, 1.16818326247, 3.0, 1.0, -1.0, -1.0, -1.0, 3.0, 2.01236395007, -0.882452546191, 1.0, -1.0, 1.0, 1.75104857305, 0.0, 2.50573171011, 1.00315243231, 2.0, 0.0, 3.0, -1.0, -1.0, 0.0, -1.0, 3.0, 3.0, -1.0, -1.0, 3.0, 2.0, 1.0, 2.0, 2.85691143607, 2.61314340961, 0.576608153658, 3.0, 3.0, 1.0, 0.0, 1.0, 2.0, 3808.0, 515.0, 472.0
-1.0, -1.0, -1.0, 3.0, 2.0, 3.0, 1.0, 2.0, -1.0, 3.0, 1.16818326247, 3.0, 1.0, -1.0, -1.0, -1.0, 3.0, 0.164946366753, -0.919071841236, 1.0, -1.0, 1.0, -0.562560931094, 0.0, 2.50573171011, 0.0, 2.0, 0.0, 3.0, -1.0, -1.0, 0.0, -1.0, 3.0, 3.0, -1.0, -1.0, 0.562346546344, 2.0, 1.0, 2.0, 2.85691143607, 2.61314340961, 0.0, 3.0, 3.0, 1.0, 0.0, 1.0, 2.0, 3845.0, 497.0, 459.0
2.0, 0.0, 2.0, 1.0, 0.312680014732, 1.0, 3.0, 3.0, 2.0, -1.0, -0.270896682237, 0.0, -1.0, 1.0, 2.0, 0.0, 2.0, 0.0, 2.0, 0.0, -0.635378207526, -0.522538298182, 3.0, 3.0, 0.0, 2.0, -1.0, 2.0, 2.0, 1.0, 0.369857526722, -1.0, -1.0, 2.0, -1.0, 0.0, -1.0, -1.0, 3.0, 1.0, 3.0, -1.0, -1.0, -1.0, -1.0, 1.0, -1.0, 0.0, 1.0, -1.0, 4015.0, 502.0, 438.0
2.3711720988, 0.0, 2.0, 1.0, 1.0, 1.0, -0.331400122466, 3.0, 2.0, -1.0, 0.0, 0.0, -1.0, 1.0, 2.3962175147, 0.0, 2.0, 0.0, 2.0, -0.745762837798, 0.0, 0.0, 3.0, 3.0, -0.800234430725, 2.0, -0.984872696347, 2.0, 2.0, 1.8286619154, 1.0, -1.0, -1.0, 2.0, -1.0, 0.0, -1.0, -1.0, -0.166676042117, 1.0, 1.38223420372, -1.0, -1.0, -0.526915665984, -1.0, 1.0, -1.0, 0.0, 1.0, -1.0, 4156.0, 494.0, 433.0
1.0, 2.0, 3.0, 1.0, 3.0, -1.0, 1.0, -1.0, -1.0, -1.0, -1.0, -1.0, -1.0, 0.766178199874, 2.0, 0.0431738138063, -1.0, 2.26958831345, 2.41589144871, 0.0, 1.0, 1.0, 1.0, 0.0, 0.0, 2.0, 2.0, -1.0, 0.0738579105895, 2.0, 2.0, -0.455038963017, 2.0, 0.0, 2.2835655798, 0.0, 3.0, -0.61579743106, -1.0, -0.805557490433, 0.0, 2.0, 2.0, -1.0, 3.0, 3.0, -1.0, 1.0, -1.0, 2.03147584819, 3974.0, 493.0, 450.0
1.0, 2.0, 3.0, 1.0, -1.0, -1.0, 3.0, 0.0, -1.0, -1.0, 2.0, 1.41234336905, 2.0, -1.0, 1.0, 3.0, 1.0, -1.0, 2.0, -1.0, 2.0, 1.77093301735, 2.33095412436, 1.9309863637, -0.884168832123, 0.0, 2.0, 1.09129336705, -1.0, -1.0, 1.41358449088, 2.78020876632, -0.795367322394, 0.0, 0.253145495564, 2.28863538323, 2.0, -1.0, 0.505834796357, -1.0, 1.0, -1.0, 1.09422686955, 3.0, -0.64399009184, 3.0, 1.4818357102, -0.699563058072, 2.0, 3.0, 3901.0, 490.0, 451.0
2.0, 3.0, 0.0, 1.0, 2.0, 2.0, 2.0, 1.0, 0.0, -1.0, 1.0, 0.0, -0.790362913685, 0.456456609188, -1.0, 3.0, -1.0, -1.0, 2.0271668104, 3.0, 2.0, -1.0, -1.0, -0.769187643474, -0.718027380451, -0.705016934225, 2.0, 0.0, -1.0, 2.58087785536, 2.46346970441, 1.93382840356, 3.0, 0.38975580037, 0.0, -1.0, 2.0, 2.0, 1.0, 2.0, 3.0, -1.0, 1.0, 1.13515366402, -0.392768909563, 0.0, -1.0, 1.0, -1.0, -1.0, 4281.0, 479.0, 452.0
2.0, 3.0, 0.0, 1.0, 2.0, 2.0, 2.0, 1.0, 0.0, -1.0, 1.0, 0.0, -0.790362913685, 0.456456609188, -0.963615301097, 3.0, -1.0, -1.0, 2.38139074891, 3.0, 2.0, -1.0, -1.0, -0.769187643474, -0.718027380451, -0.705016934225, 2.0, 0.0, -1.0, 2.58087785536, 2.46346970441, 1.93382840356, 3.0, 0.38975580037, 0.0, -1.0, 2.0, 2.0, 1.0, 2.0, 3.0, -1.0, 1.0, 1.13515366402, -0.392768909563, 0.0, -1.0, 1.0, -1.0, -1.0, 4281.0, 479.0, 452.0
2.0, -0.953887527627, 0.0, -1.0, 1.0, 2.0, 3.0, 0.0, 3.0, -1.0, 1.0, 2.50621402243, 2.12507755184, -1.0, 0.0, 3.0, 2.0, 2.0, 3.0, 1.0, 1.0, -1.0, -1.0, 2.0, 2.0, 1.0, 3.0, -1.0, -0.770467178108, 1.0, -1.0, 1.0, 2.0, 3.0, 3.0, 1.0, -1.0, 3.0, 0.0, 3.0, 1.0, -1.0, 0.0, 0.0, 3.0, 1.0, 0.0, -1.0, -1.0, 3.0, 3856.0, 534.0, 480.0
2.0, -0.501340471713, 3.0, 2.0, -0.881063915077, -1.0, 1.38958094478, 1.0, 2.0, 3.0, 0.505561890912, 1.0, -0.927793756583, 1.0, -1.0, -1.0, -1.0, -1.0, 3.0, 0.0, 1.0, 2.0, 2.0, -1.0, -1.0, 1.0, -0.147625121848, -1.0, 0.0406641728446, 1.0, -1.0, 3.0, -1.0, 3.0, 3.0, 3.0, -1.0, 3.0, 3.0, 1.0, 1.0, -1.0, 0.0, 2.0, 2.0, 2.0, 2.0, 0.691972523605, 3.0, 1.0, 3890.0, 507.0, 471.0
2.0, -0.501340471713, 3.0, 2.0, -0.881063915077, -1.0, 1.38958094478, 1.0, 2.0, 3.0, 0.505561890912, 1.0, -0.927793756583, 1.0, -1.0, -1.0, -1.0, -1.0, 3.0, 0.0, 1.0, 2.0, 2.0, -1.0, -1.0, 1.0, -0.147625121848, -1.0, 0.0406641728446, 1.0, -1.0, 3.0, -1.0, 3.0, 3.0, 3.0, -1.0, 3.0, 3.0, 1.0, 1.0, -1.0, 0.0, 2.0, 2.0, 2.0, 2.0, 0.691972523605, 3.0, 1.0, 3890.0, 507.0, 471.0
2.0, 0.0, 2.0, 1.0, 0.312680014732, 1.0, 3.0, 3.0, 2.0, -1.0, 2.0, 1.50963166922, -1.0, 1.0, 2.0, 0.0, -0.420012154999, 0.0, 2.0, 0.0, -0.635378207526, -0.522538298182, 3.0, 2.148772061, 0.0, 2.0, -1.0, 2.0, 2.0, 1.0, 0.369857526722, -1.0, -1.0, 2.0, -1.0, 0.0, -1.0, -1.0, 3.0, 0.495204841282, 3.0, -1.0, -1.0, -1.0, -1.0, 1.0, -1.0, 0.0, 1.0, -1.0, 4025.0, 502.0, 438.0
-1.0, -0.522064986011, -1.0, 2.0, 0.0, 2.44669274696, 2.0, 0.0, 0.0, -0.459464820115, -0.0658066424065, -1.0, -1.0, 0.0, -1.0, 2.49431218784, 0.0, 3.0, -1.0, -0.675197394376, 1.0, -1.0, 2.0, 0.0, 0.383852360556, 3.0, -1.0, -1.0, 0.016776388172, 0.998875191772, 2.0, 3.0, 2.32406076721, -0.669013902197, -0.592432173827, -1.0, -1.0, 1.0, 2.0, 3.0, 2.0, 1.0, 1.0, 2.28536918903, 0.0, 0.0, 0.0, 2.0, 0.0, 3.0, 4332.0, 501.0, 439.0
2.98739293075, -1.0, 0.0, 2.0, 0.91186417797, -1.0, 0.0, 2.0, 1.0, -1.0, -1.0, 1.0, -1.0, -1.0, 1.0, 2.0, 1.72120426035, 0.0, 0.259829706516, 1.63209502075, 1.0, 0.0, 0.0, 1.0, -1.0, -0.735496713818, 0.0896772121822, 1.0, 0.0, 1.0, 2.0, 1.0, -1.0, 2.0, 2.0, 1.0, -0.100094499497, 1.72845359306, 3.0, -1.0, 2.0, 3.0, -1.0, 3.0, 3.0, 0.0, 2.0, -1.0, -1.0, -1.0, 4113.0, 496.0, 450.0
-0.598579449545, 2.0, 2.0, -1.0, 0.0, -1.0, 2.0, 1.0, 1.0, 1.0, -0.173805440942, -0.398768308988, 3.0, 1.0, 3.0, -0.436496693422, 2.0, 1.61504041725, 3.0, -0.892980284757, 3.0, 2.90016821108, 2.36247781343, -0.173918846635, 3.0, -1.0, 2.0, 3.0, 2.0, -0.621663857631, 2.0, -1.0, 1.6171370789, 1.0, 0.0, 2.0, -0.536343141342, 0.88652873821, 2.0, 1.85864014903, 3.0, 3.0, -1.0, -1.0, 2.10182491647, -0.629657910601, -1.0, -1.0, 2.02059795897, -0.907266563323, 3913.0, 507.0, 470.0
-1.0, -1.0, -1.0, 3.0, 2.0, 3.0, 1.0, 2.0, -1.0, 3.0, 2.0, 3.0, 0.90940329142, -1.0, -1.0, -1.0, 3.0, 3.0, -0.882452546191, 1.0, -1.0, 1.0, 2.0, 0.0, 2.50573171011, 0.0, 2.0, 0.0, 3.0, -1.0, -1.0, 2.3212262416, -1.0, 0.0, 3.0, -1.0, -1.0, 3.0, 2.0, 1.0, 2.0, 3.0, 1.0, 0.270086123863, 3.0, 3.0, 1.0, 0.0, 1.0, -0.850878173919, 3933.0, 497.0, 453.0
-1.0, -1.0, -1.0, 3.0, 2.0, 3.0, 1.0, 2.0, -1.0, 3.0, 2.0, 2.91613948453, 0.90940329142, -1.0, -1.0, -1.0, 3.0, 3.0, -0.882452546191, 1.0, -1.0, 1.0, 2.0, 0.0, 2.50573171011, 0.0, 2.0, 0.0, 3.0, -1.0, -1.0, 2.3212262416, -1.0, 0.0, 3.0, -1.0, -1.0, 3.0, 2.0, 1.0, 2.0, 3.0, 1.0, 0.270086123863, 3.0, 3.0, 1.0, 0.0, 1.0, -0.850878173919, 3933.0, 497.0, 453.0
-1.0, -1.0, -1.0, 3.0, 2.0, 3.0, 1.0, 2.0, -1.0, 3.0, 2.0, 3.0, 0.90940329142, -1.0, -1.0, -1.0, 3.0, 3.0, -0.882452546191, 1.0, -1.0, 1.0, 2.0, 0.0, 2.88604204268, 0.0, 2.0, 0.0, 3.0, -1.0, -1.0, 2.3212262416, -1.0, 0.0, 3.0, -1.0, -1.0, 3.0, 2.0, 1.0, 2.0, 3.0, 1.0, 0.270086123863, 3.0, 3.0, 1.0, 0.0, 1.0, -0.850878173919, 3933.0, 497.0, 453.0
1.0, 2.64538487663, 2.66793050739, 1.0, -1.0, -1.0, 2.04197327169, 0.0, -0.794008005477, -1.0, 2.0, -0.232805564559, 2.0, -1.0, 1.85495044854, 1.60372540846, 1.0, 3.0, 0.589298801748, -1.0, 2.0, 1.56410925583, 1.0, 1.0, 0.0, 0.0, 2.27169572554, -1.0, -1.0, -1.0, 0.0, 0.405497362631, 1.74675953683, 3.0, 2.51077457583, 2.0, 2.0, -1.0, -0.685249406892, -1.0, 1.0, -1.0, 0.0, 1.57081697589, -1.0, 3.0, 0.0, -1.0, 2.0, 3.0, 3915.0, 505.0, 457.0
1.0, 2.0, 3.0, 1.0, 3.0, -1.0, 1.0, -1.0, -0.712646270497, 0.124808170059, -1.0, -1.0, -1.0, 0.766178199874, 2.0, 1.0, -1.0, 2.26958831345, 2.0, 0.0, 1.0, 1.0, 2.08428871219, 0.203963128853, 0.0, 2.0, 1.10538906088, -1.0, 0.0738579105895, 2.0, 2.0, -0.217141197261, 2.0, 0.0, 2.2835655798, 0.0, 3.0, -0.61579743106, -0.691959064169, -1.0, 0.0, 2.0, 2.0, -1.0, 3.0, -1.0, -1.0, 1.0, -1.0, 3.0, 4121.0, 492.0, 454.0
1.0, 0.942588064562, 3.0, -1.0, -0.863063619467, 0.741120054441, -1.0, 2.0, -1.0, -1.0, -0.311324516047, 2.0, 0.0, 2.16280524348, 2.42663984707, 2.20706196331, -0.553164247843, 3.0, 2.82888935882, 2.74924445939, 2.0, 1.8601811674, 3.0, 2.0, -1.0, 1.0, -1.0, 0.0, 1.20483850317, 0.0, 3.0, 1.3435822466, 3.0, 1.49789065676, 0.0, 3.0, 3.0, 2.48790458376, 2.35615909662, 1.0, -0.624798952111, -1.0, -0.536279380741, 0.665696887764, -0.687482284355, 2.36714557502, 1.95970134342, 3.0, 1.70498076885, 1.26719560992, 3891.0, 553.0, 489.0
2.0, 0.0, 2.0, 1.0, 0.312680014732, 1.0, 3.0, 3.0, 1.47680703435, -1.0, -0.270896682237, 0.0, -1.0, 0.844400478432, 2.0, 0.0, 2.0, 0.0, 2.0, 1.37283578669, -0.635378207526, -0.522538298182, 3.0, 3.0, 0.0, 2.0, -1.0, 1.69961478498, 2.0, 1.0, 0.369857526722, -1.0, -1.0, 2.0, -1.0, 0.0, -1.0, -1.0, 3.0, 1.0, 3.0, -0.600166296302, -1.0, -1.0, -1.0, 1.0, -1.0, 0.0, 1.0, -1.0, 4040.0, 502.0, 438.0
1.99839619996, 2.0, 3.0, 1.0, 3.0, 1.97798535391, 1.34905075505, -1.0, -1.0, -0.305731633522, -1.0, -1.0, -1.0, 0.766178199874, 2.0, 1.0, -1.0, 2.54773701127, 2.0, -0.429784230284, 1.0, 1.0, 2.0, -0.691113273082, -0.505143760271, 2.0, 2.0, 0.051599284625, 0.0738579105895, 0.859456505009, 2.0, -0.731517071894, 2.0, 0.0, 2.2835655798, 0.0, 3.0, -0.61579743106, -1.0, -1.0, 0.236676539205, 2.0, 2.0, 0.270086123863, 2.41855218017, -1.0, -0.892254278723, 1.0, -1.0, 3.0, 4153.0, 496.0, 457.0
2.0, 2.0, 3.0, 2.0, -0.881063915077, -1.0, 1.38958094478, 1.0, 1.81578243583, 0.576326851826, 0.505561890912, 1.0, -0.927793756583, 1.0, -1.0, -0.0862456398734, -1.0, -0.863870161279, 2.87786324293, 0.0, 2.05979151851, 2.0, 2.0, -1.0, -1.0, 2.24211641638, 0.0, -1.0, 0.0, 0.970916541857, -1.0, 3.0, -1.0, 3.0, 3.0, 3.0, -1.0, 3.0, 3.0, 1.0, 1.0, -1.0, 0.0, 2.0, 2.0, 2.0, 2.15207936401, -0.864391849199, 3.0, 1.0, 3912.0, 519.0, 473.0
-1.0, -1.0, -1.0, 3.0, 2.0, 3.0, 1.0, 2.0, -1.0, 3.0, 2.0, 3.0, 0.90940329142, -1.0, -1.0, -1.0, 2.20657281614, 3.0, -0.882452546191, 1.0, -1.0, 1.0, 2.0, 0.0, 2.50573171011, 0.0, 2.0, 0.0, 3.0, -1.0, -1.0, 2.3212262416, -1.0, 0.0, 3.0, -1.0, -1.0, 3.0, 2.0, 1.0, 2.0, 3.0, 1.0, 0.270086123863, 3.0, 3.0, 1.0, 0.0, 1.0, -0.850878173919, 3960.0, 497.0, 453.0
2.0, 0.880338541452, 3.0, 2.0, -0.899387734892, -1.0, 1.38958094478, 1.0, 2.0, 3.0, 0.505561890912, 1.0, -0.927793756583, -0.953905394017, -1.0, -1.0, -1.0, -1.0, 0.410886382459, 0.0, 1.0, 2.58563962801, 2.0, -1.0, -1.0, 1.0, 0.0, -1.0, 0.0, 1.0, -1.0, 3.0, -1.0, 3.0, 3.0, 3.0, -1.0, 3.0, 3.0, 1.0, 1.0, -1.0, 1.21509606194, 2.0, 2.0, 2.0, 2.0, 0.0, 3.0, 1.30199708899, 3921.0, 506.0, 470.0
1.0, -0.0614080623251, 3.0, 1.0, -1.0, -1.0, 3.0, 0.0, -1.0, -1.0, 2.0, 2.0, 2.0, -1.0, 1.85495044854, 1.60372540846, 1.0, 3.0, 0.589298801748, -1.0, 2.0, 1.56410925583, 1.0, 1.0, 0.0, 0.0, 2.27169572554, -1.0, -1.0, -1.0, 0.0, 1.0, 1.74675953683, 3.0, 2.0, 2.0, 2.0, -1.0, -0.685249406892, -1.0, 1.0, -1.0, 0.0, 1.57081697589, -1.0, 3.0, 0.0, -1.0, 2.0, 3.0, 3955.0, 505.0, 457.0
