2.0, -0.750501945846, 0.0, 3.0, -1.0, 0.0, -1.0, -0.502741934567, 1.23765330286, 3.0, 1.0, 1.0, -0.554483899349, 1.89279127325, 3.0, 3.0, 2.98630492701, -1.0, 0.0, 1.03961137587, 1.0, 2.00654900415, 0.0, 3.0, 3.0, 2.0, 2.00480237432, 1.27078867275, -1.0, 2.45304453191, -1.0, 0.675231243018, 0.0, -0.08083734197, -0.309001620519, 2.0, 2.13586928819, 1.85017983669, 1.0, 3.0, -1.0, 2.0, 3.0, 0.0, 0.0, 2.0, 2.12832617949, 2.0, 1.0, 1.0, 93100.0, 583.0, 99470.0
2.0, -0.750501945846, 0.0, 3.0, -1.0, 0.0, -1.0, -0.502741934567, 1.23765330286, 3.0, 1.0, 1.0, -0.554483899349, 1.89279127325, 3.0, 3.0, 2.98630492701, -1.0, 0.0, 1.03961137587, 1.0, 2.00654900415, 0.0, 3.0, 3.0, 2.0, 2.00480237432, 1.27078867275, -1.0, 2.45304453191, -1.0, 0.675231243018, 0.0, -0.08083734197, -0.309001620519, 2.0, 2.13586928819, 1.85017983669, 1.0, 3.0, -1.0, 2.0, 3.0, 0.0, 0.0, 2.0, 2.12832617949, 2.0, 1.0, 1.0, 93100.0, 583.0, 99470.0
1.0, 0.0366957441143, 0.0817113458815, 2.83606054856, 3.0, 2.41665545316, 0.779321780953, 1.0, 2.07691761952, 3.0, 1.0, 1.0, 0.0, 2.96700527387, 0.0, 2.0, 3.0, 1.2857736172, 0.292638272165, 2.0, -0.49757672479, 0.0, 0.0, 1.0, -1.0, 3.0, 1.68810485571, 2.87093294186, -0.460643013923, 0.0646833570796, 1.0, 3.0, 0.840621945481, 0.134066230078, 1.0, 2.32007864202, 1.0, 2.0, 1.20927972979, 1.76645793358, 0.0, 0.0, 2.0, -0.428186880886, -0.00731730417032, 1.0, 2.5437190059, 1.0, -1.0, 2.67917618221, 92028.0, 699.0, 99416.0
-0.0716714974515, 2.0, 3.0, 0.0, 1.00823464421, 1.0, 0.439664097315, 2.07660362603, 3.0, 0.952894661568, 0.0, -0.424201228437, -1.0, 2.23720764292, 0.0, -1.0, 1.10487159867, -1.0, 2.0, 2.34482523955, 0.112963817573, 1.24499388456, 0.0, 2.71981386915, 3.0, 3.0, 0.0, -1.0, 0.533299076874, 0.19321658103, 0.27996338863, 2.0, 1.0, 1.0, 2.14739264388, 2.42506944104, 0.0, 2.0, 0.0, 1.43936911717, 0.786729577201, 3.0, 1.0, 1.0, 1.05118518152, 0.622818687322, 0.330536764224, 1.0, 2.0, 3.0, 91914.0, 667.0, 99426.0
2.0, 0.595514307792, 0.0, 3.0, -0.873870257751, 0.0, -1.0, -0.689487340458, 1.23765330286, 3.0, 1.0, 0.597704928695, 1.43684741333, 2.41613093762, 3.0, 3.0, 2.99164563484, -1.0, 0.0, 1.03961137587, 1.0, 2.97236711689, 0.0, 3.0, 2.79832502568, 2.0, 2.42441517512, 1.27078867275, -1.0, 0.213104968639, -1.0, 0.675231243018, 0.0, -0.08083734197, -0.309001620519, 2.05485519274, -1.0, 0.842848518141, 1.0, 3.0, -1.0, 2.0, 3.0, 0.0, 0.0, 2.0, 2.12832617949, 2.03664996201, 1.0, 1.44160937883, 92870.0, 595.0, 99461.0
1.0, 0.0, 2.0, 1.283088586, 1.0, -0.33393066003, 1.0, 3.0, 1.0, 1.0, 0.0, 0.0, 0.901610520717, 2.81806954271, 1.0, 1.0, 0.0, 0.0, 1.0, 1.0, -1.0, -1.0, -1.0, 0.0, -1.0, -1.0, 3.0, -0.876245524765, -0.51883355349, -1.0, 0.0, 3.0, 0.0, 1.94969258314, -1.0, 1.0, -1.0, 0.0, 2.0, 2.0, 0.515599164271, 1.0, 1.0, 3.0, 2.0, 1.81576735204, -0.805697795901, 0.0, 1.0, -1.0, 92951.0, 541.0, 99518.0
-0.0716714974515, 2.0, 3.0, 0.0, 2.53599436754, 1.0, 2.15220276685, 2.07660362603, 3.0, 3.0, 0.0, -0.424201228437, -1.0, 2.0, 0.0, -1.0, -0.396226865075, -1.0, 2.0, 2.34482523955, 0.112963817573, 1.24499388456, 0.0, 2.71981386915, 3.0, 3.0, 0.0, -1.0, 2.81643895884, 0.19321658103, -1.0, 2.0, 1.0, 1.0, 3.0, 2.42506944104, 0.0, 2.0, 0.0, 2.01751909005, 0.786729577201, 3.0, 1.0, 1.0, 1.05118518152, 0.622818687322, 0.0, 1.0, 2.0, 3.0, 92422.0, 651.0, 99434.0
3.0, -1.0, -1.0, 2.30436399481, 2.0, 2.0, -1.0, 1.24902967937, 1.0, 1.0, 2.0, 1.27291736753, 2.56747360751, 3.0, 2.0, 1.0, 1.0, 0.0, 3.0, 3.0, -0.977213148919, 0.0, 0.0, -1.0, -1.0, -1.0, 2.38997055165, 1.0, -1.0, 0.0, -0.536987156505, -0.168050892404, 0.0, -1.0, 2.17430003637, 0.0, -1.0, 1.0, 1.71369012886, 2.0, -0.776720237531, 1.0, 1.0, 0.0, 2.91931083182, 2.64617935092, 3.0, 0.0, 1.0, 3.0, 93394.0, 539.0, 99511.0
2.89672495326, -1.0, -1.0, 1.40989808959, -1.0, 2.8253794285, -1.0, 2.59128804724, 1.0, 1.0, 1.49793979605, 1.33080571506, -0.728277642675, 1.7976810383, 2.0, 1.0, 1.0, 0.41705975018, 3.0, 2.61594872565, 0.0821115785223, -0.708670207581, 0.0, 0.0407528968059, -1.0, -1.0, -0.31266373171, 1.0, -1.0, 0.587499510823, -0.536987156505, 0.439355849117, 0.0, -1.0, 1.69055686966, 0.0, -1.0, 1.0, 1.0, 2.0, 0.0, 1.0, 0.878205753739, -0.187485914506, 2.0, 1.0, 3.0, 0.0, 1.78895080186, 2.27960391687, 92798.0, 544.0, 99500.0
1.0, 0.0366957441143, 2.50341473127, 1.51772271352, 0.352700393601, 2.17492856903, 0.537464396917, 1.0, 2.07691761952, 0.918958365343, 1.0, 1.82667205632, -0.397722434216, 0.0, -0.694495306442, 2.01257091618, 1.25939303237, 1.2857736172, 0.292638272165, 2.0751917928, -0.49757672479, 0.0, 0.0, 2.28177538811, 0.330611739394, 3.0, 1.68810485571, 2.79426606692, -0.460643013923, 2.50270657293, 0.103235582824, 1.21088438643, 0.840621945481, 0.0755240104704, 0.214383161458, 0.09416661039, 1.0, 0.988650487384, 3.0, 0.887760632054, 0.0, 0.0, 2.0, -0.428186880886, 1.0, 1.28225727135, 1.0082362552, 1.0, -1.0, 2.67917618221, 91542.0, 706.0, 99413.0
-0.499871058089, 2.0, 0.337881724754, 0.0, 1.01189280044, 2.43020117643, 1.0, 2.07660362603, 3.0, 3.0, 0.0, 1.0, -1.0, 2.0, 0.0, -1.0, 1.0, -1.0, 2.99089335584, 1.84811495764, -0.212878101479, 2.45108918901, 0.0, 2.0, 3.0, 0.337461203752, 0.0, -1.0, 1.0, 0.0, -1.0, 2.76668925849, 1.0, -0.935800398316, 1.6491960485, 2.42506944104, 0.0, 2.0, 0.0, 1.51038577587, 3.0, 3.0, 1.0, 1.0, 2.0, 0.622818687322, 0.150620901902, 1.0, 2.0, -0.221343089115, 92299.0, 641.0, 99444.0
3.0, -1.0, 0.0, 0.365483955618, 0.0, 2.0, -1.0, 2.59128804724, 2.63232452417, -0.247600967192, 1.49793979605, 1.0, 2.0, 2.3577001293, 2.0, 1.0, 1.0, 0.0, 0.784435646545, 2.61594872565, -0.723131986463, 2.05309061229, 2.01797785234, 0.0407528968059, -1.0, -1.0, 2.60996611839, 1.0, -1.0, -0.33608336482, 0.00721886739015, -1.0, 0.0, -1.0, 1.69055686966, 0.0, -1.0, -0.652313237316, 1.0, 2.0, 0.0, 1.0, 1.0, 0.0, 1.85066152281, 1.0, 3.0, 0.0, 1.0, 3.0, 92560.0, 582.0, 99480.0
1.0, 1.57428587444, 3.0, 0.0, 2.0, 2.04984981486, 0.378791368668, 2.0, 3.0, 3.0, 0.0, 0.560461717616, -1.0, 1.38704291546, 0.0, -1.0, 1.0, 1.02825343095, 0.293511835093, 3.0, -0.315305907923, 2.92959264866, 0.0, 2.6940772882, 2.91013552693, 3.0, 0.0, -1.0, 1.0, 1.48730106709, -1.0, 1.0, -0.299570527372, 0.672320893255, 3.0, 0.707898290678, 0.0, 2.0, 0.251167251799, 1.0, 3.0, -0.135044108905, -0.138372464015, 1.0, 2.0, 2.0, 0.0, 2.0, -0.225737523442, 3.0, 92063.0, 669.0, 99425.0
1.0, 1.0, 0.0, -0.310520663454, -1.0, 2.0, 0.0, 0.0, 0.0, -1.0, 3.0, 2.0, 3.0, 3.0, 0.0, 0.0, 2.28275272642, 0.0, 1.02069343504, 0.697009955267, -1.0, 0.0, 0.0, 1.0, 3.0, 3.0, -0.444797094498, -1.0, 2.0, 2.0, -0.686916858028, 0.0, -0.291938097564, 1.0, -0.055479809332, 0.0, 0.0, 0.912160190045, 1.0, 2.0, 2.0, 0.0, 1.0, -0.0438769406007, 2.0, 3.0, 1.0, 2.0, 1.0, 0.0, 91619.0, 649.0, 99446.0
-0.178423967294, -0.968487536415, -0.30510760102, 0.809490563915, 0.260849472099, 1.0, 0.0, -1.0, 1.48560844697, 3.0, -0.612639144944, 1.0, 1.0, -0.516066562979, 0.0, 0.931800906711, 0.0, -1.0, 1.80186854535, 0.0, -0.834026339557, 0.365829768271, 0.362238791105, 0.0, -1.0, -1.0, 2.0, 0.737217655876, 3.0, 1.42691435773, -1.0, 1.0, -0.258170927887, -0.44941179306, -0.105141755488, 3.0, -1.0, 1.0, 1.0, 2.22645706677, -1.0, -1.0, 0.753357249096, 0.783507366538, 2.0, 3.0, 0.641057357909, 2.0, -0.255995456585, 0.0, 92665.0, 538.0, 99521.0
-0.359692164328, 0.595514307792, 3.0, 3.0, 2.0, 1.58549945727, 2.0, 1.11543297567, 0.0, -0.0293612069816, -0.210880465003, 0.0862622838989, -0.791077263028, 1.50543287115, 0.579065931355, -1.0, 1.0, 1.0, 1.0, 0.0, 1.0, 3.0, 3.0, 2.0, -1.0, 0.879498757237, 2.0, 0.849840115847, -0.747886795732, 2.16539673102, 0.245295161115, 0.651116855965, 0.0, -0.127130322421, 1.34223253028, 0.849190207627, -0.364370038668, 2.0, 0.0, 1.30626118279, -1.0, 2.75945801124, 2.0, 2.0, 0.0, 0.108292688066, 1.0, 0.914871780386, 2.94433809015, 2.0, 92117.0, 652.0, 99432.0
1.0, 0.0366957441143, 2.50341473127, 1.51772271352, 0.352700393601, 2.17492856903, 0.537464396917, 2.97777049507, 2.07691761952, 0.918958365343, 1.04421736374, 1.82667205632, -0.354427727484, 0.0, -0.694495306442, 2.0, 1.25939303237, 1.2857736172, 0.292638272165, 2.0, -0.49757672479, 0.0, 0.0, 0.80177772145, 0.330611739394, 3.0, 1.68810485571, 2.79426606692, -0.460643013923, 2.50270657293, 1.0, 1.21088438643, 1.3050825182, 0.0755240104704, 0.214383161458, 1.0, -0.665105790893, 0.988650487384, 3.0, 1.76645793358, 0.0, 0.0, 2.0, -0.428186880886, 1.0, 1.0, 2.5437190059, 1.0, -1.0, 2.67917618221, 91854.0, 688.0, 99417.0
1.65730294251, -0.79103960096, 0.255155862971, 0.274097028048, 1.0, 2.0, -1.0, 1.0, 1.87931244021, -0.0122990939405, 2.0, 2.0, 3.0, 3.0, 0.0791820108081, 1.0, 1.0, -1.0, 0.540510928359, 2.98265131388, 0.0, 0.0, -0.239982317281, -0.785746827254, 2.14337552974, -1.0, -0.774683365244, -0.924837449848, -1.0, 0.0, 3.0, -0.291572536864, -0.781949495123, -0.262319733615, 2.04871314563, 0.0, -1.0, 1.0, 1.0, -0.953572710397, -0.654420576959, 1.86683768421, 0.184858241389, 1.48586628754, 2.0, -0.399720640074, 3.0, 1.40279447494, 1.0, -0.221343089115, 92794.0, 542.0, 99511.0
3.0, -0.609315891089, 0.0817113458815, 0.0, 2.62652404435, 2.0, -1.0, 0.590754183175, 0.71959880221, 0.450200688859, 2.0, 1.0, 2.0, 1.940858235, 2.0, 1.0, 1.0, -0.168602670334, 0.784435646545, 2.52333171586, 1.26429263927, 0.0, -0.21315968195, 0.0, -1.0, -1.0, 0.797135074734, 1.0, -1.0, 1.79487314582, 3.0, -1.0, 0.0, -1.0, 2.0, 0.0, -1.0, 1.0, 1.0, 2.0, 0.0, 1.0, 1.0, 1.48586628754, 2.0, 1.0, 3.0, 0.0, 1.0, 1.14195237593, 92053.0, 613.0, 99462.0
3.0, -0.672536789347, 2.11027237627, -0.351749057322, 2.62652404435, 2.0, -1.0, 1.5516296066, 1.09615335227, 0.162929282412, 2.0, 0.486415833471, 1.90087165368, 0.80799244133, 2.22916102343, 1.0, 1.0, -0.822382837035, 0.784435646545, 2.89023358033, 0.0, 0.0, 1.06381343142, 0.0, -1.0, -1.0, 1.33959641226, 1.0, -1.0, -0.414966484201, -0.890257098444, 1.0, 0.0, -1.0, 0.547615157954, -0.398098650656, 1.63305501608, 1.0, 1.0, 2.0, 0.0, 1.0, 1.0, 1.48586628754, 2.0, 1.92605585927, 3.0, 0.0, 1.0, 3.0, 92115.0, 607.0, 99464.0
2.0, 0.0, 2.0, -0.844443449225, 2.0, -0.140926428644, 1.0, 2.89563853042, 0.422621803417, -0.812334544197, 0.0, 0.251213349713, 2.49958293463, 2.81806954271, 1.0, 0.0905771713937, 1.06776585876, 1.01259009024, 1.0, 0.538337446516, -1.0, -1.0, 0.438654019661, 0.0, -0.0216505316441, -1.0, 3.0, -0.876245524765, -0.51883355349, -1.0, -0.452098925943, 3.0, 0.0, 1.0, -1.0, 1.0, -1.0, 0.0, -0.123452487441, 2.0, -1.0, 1.0, 1.0, 3.0, 2.0, 1.81576735204, -0.805697795901, 0.354811876181, -0.176579348318, -1.0, 93008.0, 527.0, 99536.0
1.0, 3.0, 0.0, 2.56390351077, 1.69197953504, 1.07743271074, -1.0, 0.0, 1.0, 0.890892198891, 0.0, 0.0, 3.0, 0.902481455372, -1.0, 3.0, 0.889884062378, -1.0, 0.653607285055, 1.0, -1.0, -1.0, -0.842561297529, 3.0, -1.0, -1.0, -1.0, 3.0, -1.0, 1.0, -0.536987156505, 1.0, -0.673013601604, -1.0, 2.0, 0.849190207627, 3.0, -1.0, 0.28675959997, -1.0, 1.09845346809, 1.0, -1.0, 0.0, 0.0, 3.0, 0.0, 0.903636786892, 1.0, 2.0, 93704.0, 497.0, 99561.0
1.0, 1.0, 0.0, 1.0, 0.0578638559337, 2.03940818319, -0.466202046772, 0.0, 1.35689708727, -1.0, 3.0, 2.0, 3.0, 3.0, 0.0, 0.0, 2.98102396886, 0.145009121419, 1.02069343504, 0.697009955267, -1.0, 0.0, 0.0, 1.0, 3.0, 3.0, 0.205179446751, -1.0, 2.0, 2.0, 2.78925029074, 0.0, -0.291938097564, 1.0, 0.0, 0.0, 0.0, 0.912160190045, 1.0, 2.0, 2.0, 0.0, -0.469567528527, -0.0438769406007, 1.582955802, 3.0, 1.0, 2.0, 2.85823803522, 0.0, 91583.0, 681.0, 99428.0
3.0, -0.275717654927, -0.455490750762, 3.0, 1.0, 1.0, -1.0, 3.0, 0.0, -0.736763574958, -0.349545725793, 1.0, 1.0, 1.0, 2.53210392237, 2.0, 2.0, 0.0, 1.0, 0.0, 0.842507517896, 1.0, 1.45333390039, 0.0, -1.0, 2.0, 2.0, 1.80081511083, 2.0, 1.0, 3.0, 1.0, 1.0, 2.99594097112, 0.0, 1.0, -0.944794656823, -1.0, 0.334819864804, 3.0, 0.0, 1.30332819299, 2.0, 1.00903983828, 0.0, 2.0, 0.814001814584, 2.0, 0.0, 0.544609051822, 91986.0, 647.0, 99441.0
1.0, 0.0, 2.0, 2.40012785349, 1.544339663, -0.33393066003, 1.0, 3.0, 1.0, 1.0, 0.0, 0.0, -0.660219884916, 2.81806954271, 1.0, 1.0, 0.0, 0.0, 1.0, 1.0, -1.0, -1.0, -1.0, 0.0, -1.0, -1.0, 3.0, -0.876245524765, -0.51883355349, -1.0, 0.0, 3.0, 0.0, 1.94969258314, -1.0, 1.0, -1.0, 0.0, 2.0, 2.0, 0.515599164271, 1.0, 1.0, 3.0, 2.0, 1.81576735204, -0.805697795901, 0.0, 1.0, -1.0, 93128.0, 527.0, 99522.0
-0.499871058089, -0.609315891089, 3.0, 0.0, 2.0, 2.43020117643, 1.0, 2.07660362603, 3.0, 3.0, 0.0, 1.0, -1.0, 2.0, 0.0, -1.0, 1.0, -1.0, 2.99089335584, 1.84811495764, 1.0, 2.45108918901, 0.0, 2.0, 3.0, 0.337461203752, 0.0, -1.0, 1.0, 0.0, -1.0, 2.38238878211, 1.0, -0.935800398316, 1.6491960485, 2.98560824382, 0.0, 2.0, 0.0, 0.641084287199, 3.0, 3.0, 1.0, 1.0, 2.0, 0.622818687322, 0.150620901902, 1.0, 2.0, -0.221343089115, 92648.0, 625.0, 99453.0
3.0, -0.275717654927, -0.455490750762, 3.0, 1.0, 1.0, -1.0, 3.0, 0.0, -0.44717195898, -0.743862846819, 1.0, 0.357199198764, 1.0, 2.53210392237, 0.0297491166907, 2.0, 0.0, 1.14649693917, -0.561291152202, 0.842507517896, 1.0, 1.45333390039, 1.13415053708, -1.0, 2.0, 2.0, 1.80081511083, 2.0, 1.0, 3.0, -0.427637606184, 1.0, 2.13125949921, 0.0, 1.0, -0.944794656823, -1.0, -0.285221406202, 2.39282924051, 0.0, 1.30332819299, 2.0, -0.345021093089, 0.0, 2.0, -0.132292270117, 2.0, 0.0, 0.544609051822, 91855.0, 634.0, 99448.0
2.0, 0.595514307792, 0.0, 3.0, 0.123180475408, 0.0, -1.0, -0.502741934567, 1.23765330286, 3.0, 1.0, 0.597704928695, 1.43684741333, 2.41613093762, 3.0, 3.0, 2.99164563484, -1.0, 0.0, 1.03961137587, 1.0, 2.90640002533, 0.0, 3.0, 2.79832502568, 2.0, 2.42441517512, 1.27078867275, -1.0, 0.213104968639, -1.0, 0.675231243018, 0.0, -0.08083734197, -0.309001620519, 2.0, -1.0, 0.842848518141, 1.0, 3.0, -1.0, 2.0, 3.0, 0.0, 0.0, 2.0, 2.12832617949, 2.03664996201, 1.0, 1.44160937883, 92674.0, 611.0, 99451.0
3.0, 0.692723131865, 2.50341473127, 0.0, 2.778143567, 2.0, -1.0, 1.0, 2.13615415721, 0.450200688859, 2.0, 1.0, 2.0, 3.0, 2.0, 1.0, 0.787956851371, 0.18849334293, 0.784435646545, 2.59271923479, -0.256996011293, 0.0, -0.133984699613, 0.0, -1.0, -0.101067933273, 0.0, 1.0, -1.0, 0.0, 3.0, -1.0, -0.0353267925103, -1.0, 2.0, -0.103829888429, -1.0, -0.553185062386, 1.0, 3.0, 0.0, 0.104095419843, 1.0, 0.911502486499, 2.0, 1.0, 3.0, 0.355334671687, 0.260144335087, 3.0, 92067.0, 626.0, 99452.0
1.05539184433, -1.0, -1.0, 0.0, 2.0, 0.0, -1.0, -0.590810949609, -1.0, 1.0, 1.25449494795, 0.0, 0.0, 1.78838190876, 0.0, 0.0, 3.0, 2.0, 2.0, -1.0, 2.0, -1.0, -0.817023983464, 2.04023492364, 2.0, -0.446760899974, -0.451672439329, -1.0, 1.0, 0.197127140229, -1.0, 1.0, 2.38177122225, 1.0, -0.580053769348, -1.0, -0.824282460643, 3.0, 0.0, 2.0, 1.0, 0.418107600855, -0.229377119, 0.0, 0.94206951065, 2.0, -1.0, 2.13730182671, 1.0, 0.0, 93291.0, 512.0, 99555.0
2.0, -0.750501945846, 0.0, 3.0, -1.0, 0.0, -1.0, -0.502741934567, 1.23765330286, 3.0, 0.949756775387, 1.82073158735, -0.554483899349, 1.89279127325, 3.0, 3.0, 2.80376391902, -1.0, 0.0, 1.03961137587, -0.812785191601, 2.00654900415, 0.0, 3.0, 3.0, 2.0, 2.38741639748, 1.27078867275, -1.0, 2.45304453191, -1.0, 1.17594538236, 0.0, -0.08083734197, 0.192767705041, 2.0, 2.13586928819, 1.85017983669, 0.635022256861, 3.0, -1.0, 2.0, 3.0, 0.0, 2.97755776832, 2.0, 2.12832617949, 2.0, 1.0, 2.53654732033, 93634.0, 566.0, 99482.0
1.59194815188, -0.968487536415, -1.0, 0.809490563915, -1.0, 2.0, 0.0, -1.0, 1.48560844697, 2.38867711896, 2.36073468244, 1.0, 1.0, 0.0, 0.0, 0.931800906711, 0.0, 2.57001121958, 1.80186854535, -0.972716050431, -0.878312012112, -0.82940653301, -0.727128894546, 1.98939907498, -1.0, -1.0, 2.0, 0.737217655876, 3.0, 0.630843885322, -1.0, 1.0, -0.258170927887, 0.384789317904, -1.0, 3.0, -1.0, 1.0, 1.81635798845, 2.22645706677, -1.0, -1.0, 2.0, 0.783507366538, 0.670399628154, 3.0, 0.641057357909, 2.0, -0.103699624889, 0.0, 93795.0, 495.0, 99552.0
2.0, 0.0, 2.0, -0.889151349745, 1.0, 0.0, 1.0, 3.0, 1.0, 1.0, 0.0, 0.0, 2.64987320103, 2.81806954271, 1.12322203167, 1.0, 0.0, 0.0, 1.0, 1.30921531803, -1.0, -1.0, -1.0, -0.960318781629, -1.0, -1.0, 3.0, -0.876245524765, -0.51883355349, -1.0, 0.0, 3.0, 0.0, 1.0, -1.0, 1.0, -1.0, 0.283402438763, 2.0, 2.0, -1.0, 1.0, 1.0, 3.0, 2.0, 1.81576735204, -0.805697795901, 0.0, 1.0, -1.0, 93757.0, 486.0, 99564.0
-0.556697201377, -0.615180924124, -0.455490750762, 3.0, 2.0, 1.0, -1.0, 3.0, -0.224447286773, 1.0, -0.349545725793, 0.463954714938, 1.0, 1.0, 2.4315524221, 2.0, 2.0, 0.0, 1.0, 0.0, 0.842507517896, 1.0, 1.45333390039, -0.481569132369, -1.0, 2.0, 1.0, 2.0, 2.0, 1.0, 3.0, 1.0, 1.0, 2.13125949921, 0.0, 1.0, 1.0, -1.0, 1.08824736069, 3.0, 0.0, 1.30332819299, 2.0, 1.00903983828, 0.0, 2.0, 3.0, 2.0, 0.0, 0.544609051822, 91979.0, 645.0, 99442.0
1.59194815188, -0.968487536415, 0.0, 0.809490563915, -1.0, 0.0, 0.0, -1.0, 1.48560844697, 2.38867711896, 0.211086475079, 1.0, 1.0, 0.0, 0.0, 1.50782638518, 2.38992075449, 2.57001121958, 1.0, -0.987778063102, -0.834026339557, 0.427583540053, -0.615494644414, 1.98939907498, -1.0, -1.0, 2.0, 0.737217655876, 3.0, 0.630843885322, -1.0, 1.0, -0.258170927887, 0.0, -1.0, 3.0, -0.560030140459, 1.0, 1.0, 2.22645706677, -1.0, -1.0, 2.0, 1.09665712746, 3.0, 3.0, -0.109058562311, 0.0, -0.255995456585, 2.29399419463, 93088.0, 528.0, 99525.0
2.0, 0.595514307792, 0.0, 3.0, -1.0, 0.0, -1.0, -0.502741934567, 1.23765330286, 0.455657461217, 1.0, 2.02698297872, 0.0, 1.89279127325, 3.0, 3.0, 2.98630492701, -1.0, 0.0, 0.492029452314, 1.0, 2.90640002533, 0.0, 3.0, 0.420431439406, 1.16945932948, 2.00480237432, 1.27078867275, -1.0, 2.0, -1.0, 0.675231243018, 0.0, -0.08083734197, -0.309001620519, 2.0, 0.0169973132003, 1.85017983669, 1.0, 3.0, -1.0, 2.0, 3.0, 0.0, 0.0, 1.55761161236, 2.12832617949, 2.0, 0.117209489972, 0.67240126941, 92604.0, 613.0, 99457.0
-0.959446373151, 1.0, 0.0, -0.310520663454, -1.0, 2.0, 0.0, 0.0, 0.0, -1.0, 3.0, 2.0, 3.0, 3.0, 0.0, 0.0, 2.28275272642, 0.0, 1.54520232842, 0.697009955267, -1.0, -0.261052601233, 0.0, 1.0, 3.0, 3.0, -0.444797094498, -1.0, 2.0, 2.0, 0.983731931481, 0.0, -0.291938097564, 1.0, -0.055479809332, 0.0, 0.0, 0.922929380359, 1.0, -0.332712832351, 2.15233148609, 0.0, 1.0, -0.0438769406007, 2.0, 3.0, 0.00462438513416, 2.0, 1.0, -0.944512759771, 91836.0, 630.0, 99464.0
2.71524548337, 0.0, 0.0, -0.45363879823, -0.922401097503, 0.0, 0.670443653411, 3.0, 1.0, -0.259294935438, 0.0, 0.0, 1.07501987846, 1.81651273014, 2.61190407417, 0.75533477816, 0.0, 2.0, 0.120400050487, 1.0, -1.0, -1.0, -1.0, 1.02038133027, -1.0, -1.0, 3.0, -0.6332114992, 2.0, 0.235710222417, 0.0, 0.392198099892, -0.298807197054, -0.882473131504, -1.0, 0.0375020105708, -1.0, -0.210260551631, 2.74162733708, -0.481670795154, -1.0, 1.09731073235, 1.0, -0.176819725438, 0.102936766499, 2.0, 2.55776577841, 0.0, 1.95891155072, -0.0817952460651, 92132.0, 552.0, 99501.0
1.59194815188, -0.968487536415, 0.0, 0.809490563915, -1.0, 2.0, 0.0, -1.0, -0.635315649666, 2.36089831602, 0.211086475079, 1.0, 1.0, 0.0, 0.0, 0.931800906711, 2.38992075449, 2.57001121958, 1.0, 0.0, -0.153908246277, 0.427583540053, -0.727128894546, 0.371340379535, -1.0, -1.0, 2.01422350135, -0.774635260818, 3.0, 1.60247493431, -1.0, 1.40862834657, -0.623493881501, 0.0, -1.0, 3.0, -1.0, 1.0, 1.71369012886, 2.22645706677, -1.0, -1.0, 2.0, 2.0, 3.0, 3.0, -0.938784641993, 2.0, -0.255995456585, 0.0, 93745.0, 499.0, 99557.0
2.73273186791, 1.0, 0.0, 1.0, 0.0578638559337, 2.0, 0.0, 0.0, 0.0, -1.0, 3.0, 2.0, 3.0, 3.0, -0.102933829702, -0.397109945091, 2.33303269672, -0.238845177465, 1.02069343504, 0.697009955267, 1.1030823277, 0.0, 0.0, 2.02468901444, 3.0, 3.0, -0.444797094498, -1.0, 2.0, 2.0, -0.651848157477, -0.366440881417, -0.291938097564, 1.0, 0.0, 0.0, 0.0, 0.912160190045, -0.182348923748, 2.0, 2.0, 0.0, 1.0, -0.0438769406007, 2.0, 1.0, 1.0, 2.0, 2.85823803522, 0.0, 91430.0, 682.0, 99424.0
1.96946276048, -0.609315891089, 0.0817113458815, 0.274097028048, 2.62652404435, 2.0, -1.0, 1.0, 1.09615335227, 0.450200688859, 0.0939326256663, 1.0, 2.4829794718, 3.0, 2.0, 1.0, 1.51829647903, 2.9337398619, 0.784435646545, 2.91979681487, 0.0, 0.0, 0.0, 0.717290398623, -1.0, -1.0, -0.00645616194118, -0.924837449848, -1.0, 0.0, 3.0, -1.0, -0.511314989082, -1.0, 2.04871314563, 0.0, -1.0, 1.0, 1.0, 2.0, -0.62571218378, 1.0, 1.70841431453, 1.48586628754, 1.81588827882, 1.0, 3.0, 1.40279447494, 1.0, 3.0, 92765.0, 564.0, 99490.0
3.0, 1.48126479633, 0.0, -0.401426304304, -0.540431497347, 0.0, 0.851008132259, -1.0, -0.10557920392, 1.31008554583, 1.27553492201, 0.977258684993, 3.0, 0.62059812162, -1.0, -0.806590641011, 2.94422363267, -1.0, -1.0, -0.736745549877, 3.0, 0.0, -1.0, 1.0, 1.77115772585, -1.0, 0.0, 0.0, -0.310547434133, -0.0665434824978, 3.0, 2.0, 0.0, -0.919674268169, -0.524359609714, 1.46809191925, -1.0, 2.0, 3.0, 2.0, -1.0, 0.817473380365, 2.49391101831, -1.0, 0.925794123489, 3.0, -0.838633199702, 2.0, 2.1577055337, 2.0, 93500.0, 517.0, 99543.0
0.336905797247, -0.629063976369, 0.0, -0.902799950502, 2.71605201549, -0.43699972249, 2.0, 1.0, 2.49968225261, -1.0, -1.0, 2.67535963508, -0.753933563239, 3.0, -0.629270932466, 0.0, -0.940519459748, -0.98170418958, -1.0, -1.0, -0.581367897857, -0.708533247606, 1.33135094029, -0.69597720885, -1.0, 3.0, -0.774683365244, -0.921575960308, 0.0, 1.0, 3.0, 2.0, 1.0, 2.0, 0.360548651944, 3.0, 2.05778434503, 2.0, -0.374850984707, 2.81184102726, -1.0, 3.0, 2.0, 1.30224176215, -0.246629257837, 1.0, -1.0, 0.164836710793, -1.0, 2.43969433353, 94810.0, 441.0, 99610.0
0.336905797247, -0.629063976369, 0.0, -0.902799950502, 2.71605201549, -0.43699972249, 2.0, 1.0, 2.49968225261, -1.0, -1.0, 2.34940447729, -0.753933563239, 3.0, -0.629270932466, 0.0, -0.940519459748, -0.98170418958, -1.0, -1.0, -0.581367897857, -0.708533247606, 1.33135094029, -0.69597720885, -1.0, 3.0, -0.774683365244, -0.921575960308, 0.0, 1.0, 3.0, 2.0, 1.0, 2.0, 2.86744023697, 3.0, 2.05778434503, 2.0, -0.374850984707, 2.81184102726, -1.0, 3.0, 2.0, 1.30224176215, -0.246629257837, 1.0, -1.0, -1.0, -1.0, 2.43969433353, 95267.0, 431.0, 99630.0
0.336905797247, -0.629063976369, 0.0, -0.902799950502, 2.71605201549, -0.43699972249, 2.0, 1.0, 2.49968225261, -1.0, -1.0, 2.34940447729, -0.753933563239, 3.0, -0.629270932466, 0.0, -0.940519459748, -0.98170418958, -1.0, -1.0, -0.581367897857, -0.708533247606, 1.33135094029, -0.69597720885, -1.0, 3.0, -0.774683365244, -0.921575960308, 0.0, 1.28362087349, 3.0, 2.0, 1.0, 2.0, 2.86744023697, 3.0, 2.05778434503, 2.0, -0.374850984707, 2.81184102726, -1.0, 3.0, 2.0, 1.30224176215, -0.246629257837, 1.0, -1.0, -1.0, -1.0, 2.43969433353, 95267.0, 431.0, 99630.0
2.73440371748, -0.303891211466, -0.455490750762, 3.0, 1.0, 1.0, -1.0, 3.0, 0.0, -0.44717195898, -0.743862846819, 1.0, 2.27426051087, 1.0, -0.314240604398, 2.0, 2.0, 0.0, 1.14649693917, 0.0, 0.332033718862, 1.0, -0.12139744693, 1.13415053708, -1.0, 2.0, 2.0, 1.80081511083, -1.0, 1.0, 3.0, 1.0, 1.0, 2.13125949921, 0.0, -0.27044466918, -0.979943685405, -1.0, -0.285221406202, 3.0, 0.0, 1.30332819299, 2.0, 1.00903983828, 1.89618632848, 2.0, 0.814001814584, 2.0, 0.0, 0.544609051822, 91920.0, 629.0, 99445.0
0.424688950605, 0.0366957441143, 2.50341473127, 2.00844454359, 0.352700393601, 2.17492856903, 0.537464396917, -0.0694945166764, 2.07691761952, 0.918958365343, 1.96834128794, 1.82667205632, -0.354427727484, 0.0, -0.694495306442, 2.0, 1.25939303237, 1.2857736172, 0.292638272165, 2.0, -0.49757672479, 0.0, 0.377833060483, 0.80177772145, 0.330611739394, 3.0, 1.68810485571, 2.8489503948, -0.460643013923, 2.50270657293, 1.0, 1.21088438643, 0.840621945481, 0.0755240104704, 0.214383161458, 1.26682451797, 1.0, 0.988650487384, 2.44531580248, 1.76645793358, 0.0, 0.0, 2.0, -0.428186880886, 1.0, 1.0, 2.5437190059, 2.24278251265, 0.753038341551, 2.67917618221, 91542.0, 720.0, 99403.0
-0.359692164328, -0.81698297289, 3.0, 3.0, 2.0, 1.58549945727, 2.0, 1.11543297567, 0.825002076722, -0.0293612069816, -0.210880465003, 0.0862622838989, -0.791077263028, 1.50543287115, 0.579065931355, -1.0, 1.0, 1.0, 1.0, 0.0, 2.42753483342, 3.0, 3.0, 2.0, -1.0, 0.879498757237, 2.0, 2.97594971748, -0.747886795732, 0.0, 0.245295161115, 0.651116855965, 0.0, -0.127130322421, 1.34223253028, 0.849190207627, 0.377041691296, 2.0, 0.0, 1.30626118279, -1.0, 2.75945801124, 2.0, 2.0, 0.0, 2.09317760772, 1.2834001058, 0.914871780386, 2.94433809015, 2.0, 92381.0, 636.0, 99441.0
2.0, 1.0, 0.0, -0.310520663454, -1.0, 2.0, 0.0, 0.0, 0.0, -1.0, 3.0, 2.0, 3.0, 3.0, 0.0, 0.0, 2.28275272642, -0.793249266501, 1.02069343504, 0.697009955267, -1.0, 1.12377885225, 0.0, 1.0, 3.0, 3.0, -0.0680339152942, -1.0, 2.0, 2.0, -0.686916858028, 0.0, -0.291938097564, 1.18898730634, -0.055479809332, 0.0, 0.0, 0.912160190045, 1.0, 2.11672361268, 2.0, 0.0, 1.0, -0.0438769406007, 2.0, 3.0, 1.0, 2.0, 1.0, 0.0, 91876.0, 631.0, 99455.0
0.917181511672, 0.0, 2.0, -0.889151349745, 1.0, 0.0, 1.0, 3.0, 1.0, 1.0, 0.0, 0.0, 2.64987320103, 2.81806954271, 2.42493369657, 1.0, 0.0, 0.0, 1.0, 1.30921531803, -1.0, -1.0, -1.0, -0.960318781629, -1.0, 3.0, 3.0, -0.876245524765, -0.51883355349, -1.0, 0.0, 3.0, 0.0, 1.0, -1.0, 1.0, -1.0, 0.283402438763, 2.0, 2.0, -1.0, 1.0, 2.86065978091, 3.0, 2.0, -0.0551913119756, -0.805697795901, 0.0, 1.0, -1.0, 93771.0, 497.0, 99557.0
3.0, 0.720156290952, 0.164002463796, -0.351749057322, -0.749210201443, 2.0, 1.0, 1.42138432551, 0.0, 0.387883889493, 2.0, -0.119491730673, 2.01655997617, 0.803338015837, -0.396981906002, 0.842497962065, 2.38992075449, -0.384372408126, 1.0, 0.0, 0.0, 0.835130274885, -0.299874083395, -0.27745928046, -0.823467839274, -0.702686499518, 2.0, 1.39037232142, 0.138880088326, 1.60663177282, 1.40125514743, -0.427637606184, 0.4300713185, 0.0, -1.0, 3.0, -1.0, 1.0, 1.28753343166, 2.0, 1.74121265762, 1.02400936292, 0.184858241389, 3.0, 3.0, 2.77104324817, 3.0, 2.0, 0.0, 1.42321961114, 91729.0, 651.0, 99440.0
1.0, 0.0, 2.0, -0.889151349745, 1.0, 0.0, 1.0, 3.0, 1.0, 1.0, 0.0, 0.0, 2.64987320103, 2.81806954271, 0.221901406329, -0.505316235293, 0.0, -0.853702757285, 1.0, 1.30921531803, -1.0, -1.0, -1.0, -0.960318781629, -1.0, 3.0, 3.0, -0.876245524765, -0.51883355349, -1.0, 0.0, 3.0, 0.0, 1.0, -1.0, 1.0, -1.0, 0.283402438763, 2.0, 2.0, -1.0, 1.0, 2.0, 3.0, 2.0, 0.555950815923, -0.805697795901, 0.0, 1.0, -1.0, 94024.0, 465.0, 99577.0
1.59194815188, -0.968487536415, 0.0, -0.902799950502, -1.0, 2.0, 0.0, -1.0, -0.635315649666, 2.36089831602, -1.0, 1.82670635336, 1.01319274008, 0.0, 0.0, 0.0, 1.58137442052, 2.90823999574, 0.936508158341, -1.0, -0.153908246277, 1.85862969611, -0.727128894546, 0.371340379535, -1.0, -1.0, 2.01422350135, -0.774635260818, 3.0, 1.60247493431, -0.812670850027, 0.265259883333, -0.623493881501, 0.0, -1.0, 3.0, -1.0, 1.28879257847, 1.71369012886, 1.61325527532, -1.0, -1.0, 2.0, 2.0, 3.0, 3.0, -0.938784641993, 2.0, -0.255995456585, 0.0, 94533.0, 452.0, 99599.0
3.0, -0.672536789347, 1.77475493736, -0.351749057322, 2.62652404435, 2.0, -1.0, 1.5516296066, 1.09615335227, 0.162929282412, 2.0, 0.872482073845, 1.90087165368, 0.80799244133, 2.22916102343, 2.08343391536, 1.25939303237, -0.822382837035, 0.292638272165, 2.89023358033, 0.0, 0.0, 1.06381343142, 0.0, -1.0, -1.0, 1.33959641226, 1.0, -1.0, -0.414966484201, 0.956249110407, 1.0, 0.0, -1.0, 0.547615157954, -0.398098650656, 1.63305501608, 2.30142991593, 1.0, 2.0, 0.0, 1.0, 1.0, 1.48586628754, 2.0, 1.92605585927, 3.0, 0.0, 1.0, 3.0, 92086.0, 623.0, 99456.0
2.0, -0.750501945846, 0.0, 3.0, -1.0, 0.0, -1.0, -0.502741934567, 1.23765330286, 3.0, 0.817822207886, 1.0, -0.554483899349, 1.89279127325, 3.0, 3.0, 2.98630492701, -1.0, 0.0, 1.03961137587, 1.0, 2.00654900415, 0.0, 3.0, 3.0, 2.0, 2.00480237432, 1.27078867275, -1.0, 2.45304453191, -1.0, 0.675231243018, 0.0, -0.08083734197, -0.309001620519, 2.0, 2.13586928819, 1.85017983669, 1.0, 3.0, -1.0, 2.0, 3.0, -0.612443342693, 0.0, 2.0, 2.12832617949, 2.0, 1.0, 1.0, 93334.0, 567.0, 99482.0
2.0, 0.595514307792, 0.0, 3.0, -1.0, 0.0, -0.319330347166, -0.502741934567, 1.23765330286, 0.455657461217, 1.0, 2.02698297872, 0.0, 1.89279127325, 3.0, 3.0, 2.98630492701, -0.238845177465, 0.0, 0.492029452314, 1.0, 0.0, 0.0, 3.0, 0.420431439406, 2.0, 2.00480237432, 1.27078867275, -1.0, 1.0, -1.0, 0.675231243018, 0.0, -0.08083734197, -0.309001620519, 2.0, 1.52297243413, 1.85017983669, 1.0, 3.0, -1.0, 2.0, 3.0, 0.0, 0.0, 1.55761161236, 2.12832617949, 2.0, 1.2467599237, 0.67240126941, 92108.0, 650.0, 99437.0
1.0, 1.0, 0.0, 1.0, 0.0578638559337, 2.0, 0.0, 0.0, 0.0, -1.0, 3.0, 2.0, 3.0, 0.529772401467, 0.0, 0.0, 2.28275272642, -0.238845177465, 1.02069343504, 0.697009955267, -1.0, 0.0, 0.0, 1.0, 3.0, 3.0, -0.444797094498, -1.0, 2.0, 2.0, -0.651848157477, 0.0, -0.291938097564, 1.0, 0.0, 0.0, 0.759504853943, 0.912160190045, 1.0, 2.0, 2.0, 0.0, 0.991031444789, -0.0438769406007, 2.8705597054, 3.0, 1.0, 2.0, 2.85823803522, 0.0, 91525.0, 665.0, 99436.0
1.0, 3.0, 0.0, 2.56390351077, 1.69197953504, 1.07743271074, -1.0, 0.0, 1.0, 0.890892198891, 0.0, 0.0, 3.0, 0.0, -1.0, 3.0, 0.889884062378, -1.0, 2.0, 1.0, -1.0, -1.0, -0.842561297529, -0.739702735291, -1.0, -1.0, -1.0, 3.0, -1.0, 1.0, -0.536987156505, 1.0, -0.673013601604, -1.0, 2.0, 0.849190207627, 3.0, -1.0, -0.204816821081, -1.0, 1.09845346809, 1.0, -1.0, 0.0, 1.47334021787, 3.0, 0.0, 0.903636786892, 1.0, 2.0, 93879.0, 478.0, 99579.0
2.0, 1.14186238744, 2.0, 1.0, 0.0, -0.304183619465, -1.0, 1.0, 0.0, 0.0, 1.70576586341, 0.0, 0.00177189347808, 2.0, -1.0, 0.0, 1.0, -0.124917278089, 0.0849123585658, 2.0, -1.0, 1.0, 2.72305892557, -0.36868616426, -1.0, 1.0, 0.0, 0.0, -1.0, 3.0, -0.542835648685, -0.47300564588, 2.0, 2.0, 1.0, -0.478212284171, 2.0, 1.0, 0.98432988885, 2.42683328262, 2.0, 0.0, 1.0, 0.0, -0.791210213748, 3.0, 1.50490413569, 3.0, 3.0, 0.289016546827, 91979.0, 623.0, 99463.0
3.0, -0.283533832679, -0.455490750762, 3.0, 2.0, 1.0, -1.0, 3.0, 0.0, 1.04783630527, 2.51085639292, 1.0, 1.99507773149, 1.0, 2.0, 0.375954526704, 2.0, -0.256636020058, 1.0, 0.0, 0.842507517896, 1.0, 2.14992419473, 0.0, -1.0, 2.0, 1.0, 2.0, 2.31462855162, 0.454360630656, 3.0, 1.0, 1.0, 1.18082664062, 0.0, 1.0, 1.0, -1.0, 1.08824736069, 3.0, 0.0, 1.30332819299, 2.0, 1.00903983828, 0.0, 2.0, 3.0, 1.36367515468, 0.0, 0.544609051822, 91776.0, 680.0, 99423.0
3.0, 0.692723131865, 2.50341473127, 0.0, 2.778143567, 2.0, -1.0, 1.0, 1.09615335227, 0.450200688859, 2.0, 1.0, 2.0, 3.0, 2.0, 1.0, 0.481548359329, 0.18849334293, 0.784435646545, 2.59271923479, -0.256996011293, 0.0, -0.133984699613, 0.0, -1.0, -1.0, 0.0, 1.0, -1.0, 0.0, 3.0, -1.0, -0.0353267925103, -1.0, 2.0, 0.0, -1.0, -0.553185062386, 1.0, 3.0, 0.0, 0.104095419843, 1.0, 0.911502486499, 2.0, 1.0, 3.0, 0.958471234227, 0.260144335087, 3.0, 92141.0, 615.0, 99459.0
3.0, -0.275717654927, -0.455490750762, 3.0, 1.0, 1.0, -1.0, 3.0, 0.0, -0.44717195898, -0.349545725793, 1.0, 1.0, 1.0, 2.53210392237, 2.0, 2.0, 0.0, 1.0, 0.0, 0.842507517896, 1.0, 1.45333390039, 0.0, -1.0, 2.0, 2.0, 1.80081511083, 2.0, 1.0, 3.0, 1.0, 1.0, 2.13125949921, 0.0, 1.0, -0.944794656823, -1.0, -0.285221406202, 3.0, 0.0, 1.30332819299, 2.0, 1.00903983828, 0.0, 2.0, 0.814001814584, 2.0, 0.0, 0.544609051822, 91684.0, 662.0, 99427.0
3.0, -0.275717654927, -0.455490750762, 3.0, 1.0, 1.0, -1.0, 3.0, -0.101828049488, -0.44717195898, -0.349545725793, 1.0, 1.0, 1.0, 2.53210392237, 2.0, 2.0, 0.0, 1.0, 0.0, 0.842507517896, 1.0, 1.45333390039, 0.0, -1.0, 2.0, 2.0, 1.80081511083, 2.0, 1.0, 3.0, 1.0, 1.0, 2.13125949921, 0.0, 1.0, -0.976320970285, -1.0, -0.285221406202, 3.0, 0.0, 1.30332819299, 2.0, 1.00903983828, 0.0, 2.0, 0.814001814584, 2.0, 0.0, 0.544609051822, 91684.0, 662.0, 99427.0
3.0, -0.609315891089, 0.0, -0.351749057322, 2.62652404435, 2.0, -1.0, 1.0, 1.09615335227, 0.162929282412, 2.0, 1.0, 2.0, 0.80799244133, 2.61190407417, 1.0, 1.0, -0.822382837035, 0.784435646545, 2.89023358033, 0.0, 0.0, 1.06381343142, 0.0, -1.0, -1.0, 1.33959641226, 1.0, -1.0, -0.414966484201, -0.890257098444, 1.0, 0.0, -1.0, 2.0, -0.398098650656, -1.0, 1.0, 1.0, 2.0, 0.0, 1.0, 1.0, 1.48586628754, 2.0, 1.92605585927, 3.0, 0.0, 1.0, 3.0, 92139.0, 589.0, 99468.0
2.71524548337, 0.0, 2.11027237627, -0.45363879823, -0.922401097503, 0.0, 0.670443653411, 3.0, 1.0, 0.482982020288, 0.0, 0.0, 1.07501987846, 1.81651273014, 2.22916102343, 2.0, 0.0, 2.0, 1.0, 1.0, -1.0, -1.0, -1.0, 1.02038133027, -1.0, -1.0, 3.0, 0.0, 2.0, 0.235710222417, 0.0, 0.392198099892, -0.298807197054, -0.882473131504, -1.0, 0.0375020105708, 1.63305501608, -0.210260551631, 2.74162733708, -0.481670795154, -1.0, 1.09731073235, 1.0, -0.176819725438, 0.102936766499, 2.0, 2.55776577841, 0.0, 1.95891155072, -0.0817952460651, 92136.0, 589.0, 99490.0
1.59194815188, -0.968487536415, 0.0, -0.902799950502, -1.0, 2.0, 0.0, -1.0, -0.635315649666, 2.36089831602, 0.211086475079, 1.0, 1.0, 1.31877887784, -0.158466120593, 0.931800906711, 1.58137442052, 2.90823999574, 0.936508158341, -1.0, -0.153908246277, 0.427583540053, -0.727128894546, 0.371340379535, -1.0, -1.0, 2.01422350135, -0.774635260818, 3.0, 1.60247493431, -0.812670850027, 0.265259883333, -0.623493881501, 0.0, -1.0, 3.0, -1.0, 2.58606567856, 1.71369012886, 2.22645706677, -1.0, -1.0, 2.0, 2.0, 3.0, 0.309312288682, 1.32719240302, 1.0, -0.255995456585, 0.0, 93935.0, 479.0, 99573.0
0.915461572087, -1.0, -1.0, 0.365483955618, -1.0, 2.8253794285, -1.0, 2.59128804724, 1.0, -0.761512132028, 1.49793979605, 1.33080571506, -0.728277642675, 1.7976810383, 2.16114533697, 1.0, 1.0, 0.41705975018, 3.0, 2.61594872565, 0.0821115785223, -0.708670207581, 0.0, 0.0407528968059, -1.0, -1.0, 2.38997055165, 1.0, -1.0, 0.587499510823, -0.536987156505, 0.439355849117, 0.0, -1.0, 1.69055686966, 0.0, -1.0, 1.0, 1.0, 2.0, -0.0412899711099, 1.0, 0.878205753739, -0.187485914506, 2.0, 1.0, 3.0, 0.0, 1.78895080186, 2.27960391687, 92960.0, 529.0, 99514.0
3.0, -0.609315891089, 0.0, -0.351749057322, 2.62652404435, 2.0, -1.0, 1.0, 1.09615335227, 2.81038639432, 2.0, 1.0, 2.0, 0.80799244133, 2.61190407417, 1.0, 1.0, -0.822382837035, 0.784435646545, 2.89023358033, 0.0, 0.0, -0.482984077783, 0.0, -1.0, -1.0, 1.33959641226, 1.0, -1.0, -0.414966484201, 0.584079101201, 1.0, 0.0, -1.0, 2.0, -0.266434266663, -1.0, 1.0, 1.0, 2.0, 0.0, 1.0, 1.0, 1.37679790343, 2.0, 1.92605585927, 3.0, 0.0, 1.0, 3.0, 92131.0, 605.0, 99460.0
1.59194815188, -0.968487536415, 0.0, 0.809490563915, -1.0, 2.0, 0.0, -1.0, 1.48560844697, 2.38867711896, 0.211086475079, 1.29382158326, 1.0, 0.0, 0.0, 0.22770525315, 1.34253962265, 2.68608540245, 1.29140911104, 0.0, -0.834026339557, 0.427583540053, -0.727128894546, 1.98939907498, -1.0, -1.0, 1.0, -0.747416688606, 3.0, 0.180267401822, -1.0, 1.0, -0.258170927887, 0.0, -1.0, 3.0, -0.761983796219, 1.0, 2.26434166247, 2.22645706677, -1.0, -1.0, 2.0, 1.09665712746, 2.55848415723, 3.0, 0.641057357909, 2.0, -0.255995456585, 2.67917618221, 93291.0, 520.0, 99525.0
0.336905797247, -0.629063976369, 0.0, -0.902799950502, 1.0, -0.43699972249, 2.0, 1.0, 2.49968225261, -1.0, -1.0, 2.34940447729, -0.753933563239, 1.86824871277, -0.629270932466, 0.0, -0.940519459748, -0.98170418958, 2.52664448258, -1.0, -0.581367897857, -0.708533247606, 1.33135094029, 1.0, -1.0, -1.0, -0.774683365244, -0.921575960308, 0.0, 1.0, 3.0, 2.0, 1.06320556466, 2.0, 2.86744023697, 3.0, 2.0, 2.0, -0.374850984707, 2.81184102726, -1.0, 3.0, -0.184591151561, 1.30224176215, -0.246629257837, 3.0, -1.0, -1.0, -1.0, 2.43969433353, 94742.0, 449.0, 99607.0
3.0, -0.609315891089, 0.435238140296, 0.0, 2.62652404435, 1.07743271074, -1.0, 0.950091543232, 2.98523057128, 1.0, 2.0, 0.161946402429, 1.52928044173, 3.0, 0.714540488028, 1.0, 1.0, -0.168602670334, 0.280690853955, 1.46287089839, -0.166435003388, 0.0, 0.0, 0.0, -1.0, -0.496909305529, 3.0, 1.0, -1.0, 2.9251450074, 1.35640688195, -1.0, 0.0, -1.0, 2.0, 0.0, -1.0, 1.0, 1.0, 2.3648882042, 0.657821832222, -0.178976516635, 2.92621603287, 0.0, 2.0, 1.2937593707, 3.0, 0.0, 1.0, 3.0, 92106.0, 624.0, 99455.0
1.65730294251, -0.79103960096, 0.0817113458815, 0.274097028048, 1.0, 2.0, -1.0, 1.0, 1.87931244021, 0.450200688859, 2.0, 1.0, 1.75407185499, 3.0, 0.0791820108081, 1.0, 1.0, -1.0, 0.540510928359, 2.98265131388, 0.0, 0.0, -0.239982317281, 1.0, 2.14337552974, -1.0, -0.774683365244, -0.924837449848, -1.0, 0.0, 3.0, -0.291572536864, -0.781949495123, -0.262319733615, 2.04871314563, 0.0, -1.0, 1.0, 1.0, 1.75430758703, -0.654420576959, 1.0, 0.184858241389, 1.48586628754, 2.0, -0.399720640074, 3.0, 1.40279447494, 1.0, -0.221343089115, 92236.0, 574.0, 99481.0
0.915461572087, -1.0, 0.0, 0.365483955618, -1.0, 2.8253794285, -1.0, 2.59128804724, 1.0, -0.761512132028, 2.21133983302, 1.33080571506, -0.728277642675, 1.7976810383, 2.16114533697, 1.0, 1.0, 0.41705975018, 3.0, 2.61594872565, 0.0821115785223, -0.708670207581, 0.0, 0.0407528968059, -1.0, -0.207452106805, 2.38997055165, 2.48473721719, -1.0, 0.587499510823, -0.536987156505, 0.439355849117, 0.0, -1.0, 1.69055686966, 0.0, -1.0, 1.0, 1.0, 2.0, -0.0412899711099, 1.0, 0.878205753739, -0.187485914506, 2.0, 1.0, 3.0, 0.0, 0.339639888941, 2.27960391687, 92553.0, 555.0, 99492.0
1.0, 0.0366957441143, 2.65943747908, 1.51772271352, 0.352700393601, 2.17492856903, 0.537464396917, 1.0, 2.33963100706, 0.918958365343, 1.0, -0.245426560663, 0.228524379773, 0.0, 0.0877345418228, 2.01257091618, 1.0, 1.2857736172, 0.784435646545, 2.0751917928, -0.49757672479, 0.0, 0.0, 2.28177538811, 0.330611739394, 3.0, 1.68810485571, 2.79426606692, -0.460643013923, 2.50270657293, 0.103235582824, 1.21088438643, 0.840621945481, 0.0755240104704, 0.214383161458, 0.09416661039, 2.06963668633, 0.988650487384, 3.0, 0.887760632054, 0.0, 0.0, 2.0, -0.428186880886, 1.0, 1.28225727135, 1.0082362552, 1.0, -1.0, 2.67917618221, 91306.0, 718.0, 99405.0
3.0, -0.275717654927, -0.455490750762, 3.0, 1.0, 1.0, -1.0, 3.0, 0.0, -0.44717195898, -0.743862846819, 1.0, 1.0, 1.0, 2.53210392237, 2.0, 2.0, 0.0, 1.14649693917, 0.0, 0.842507517896, 1.0, 1.45333390039, 1.13415053708, -1.0, 2.0, 2.0, 1.80081511083, 2.0, 1.0, 3.0, 1.0, 1.0, 2.13125949921, 0.0, 1.0, -0.944794656823, -1.0, -0.285221406202, 3.0, 0.0, 1.30332819299, 2.0, 1.00903983828, 0.0, 2.0, 0.814001814584, 2.0, 0.0, 0.544609051822, 92007.0, 645.0, 99441.0
3.0, 0.720156290952, 0.164002463796, -0.351749057322, -0.749210201443, 2.0, 1.0, 1.42138432551, 0.0, 0.387883889493, 2.0, -0.119491730673, 2.01655997617, 0.803338015837, -0.396981906002, 0.842497962065, 1.0, -0.584191198337, 1.0, 1.50052577521, 0.0, 0.835130274885, -0.299874083395, -0.27745928046, -0.841647509886, -0.702686499518, 2.0, 1.39037232142, 0.138880088326, 1.60663177282, 1.04609160913, -0.427637606184, 0.4300713185, 0.0, -1.0, 3.0, -1.0, 1.0, 1.28753343166, 0.835777791293, 1.74121265762, 1.02400936292, 0.184858241389, 3.0, 3.0, 2.77104324817, 3.0, 2.0, 0.0, 1.42321961114, 91857.0, 633.0, 99449.0
3.0, -0.609315891089, 0.0, -0.351749057322, 2.62652404435, 2.0, -1.0, 1.0, 1.09615335227, 2.81038639432, 2.04598681716, 1.0, 2.0, -0.469483028098, 2.61190407417, 2.35552409982, 1.95457531277, -0.822382837035, 0.784435646545, 2.89023358033, -0.581367897857, 0.0, -0.482984077783, 0.0, -1.0, -1.0, 1.33959641226, 1.0, -1.0, -0.414966484201, 0.859838630408, 1.0, 0.46303892117, -1.0, 2.0, -0.266434266663, -1.0, 1.0, 1.0, 2.30900567451, 0.0, 1.0, 1.0, 1.37679790343, 2.0, 1.92605585927, 3.0, 0.0, 1.0, 3.0, 92392.0, 588.0, 99472.0
3.0, -0.275717654927, -0.455490750762, 3.0, 1.0, 1.0, -1.0, 3.0, 0.0, -0.44717195898, -0.349545725793, 1.0, 1.0, 1.0, 2.53210392237, 2.0, 2.0, -0.542107905353, 1.0, 0.0, 0.842507517896, 0.781268259801, 1.45333390039, 0.0, -1.0, 2.0, 2.0, 1.55481695637, 2.0, 1.0, 3.0, 1.0, 1.0, 2.13125949921, -0.550729139695, 1.0, -0.944794656823, -1.0, -0.285221406202, 3.0, 0.0, 1.30332819299, 2.0, 1.00903983828, 0.0, 2.0, 0.814001814584, 2.0, 0.0, 0.544609051822, 92115.0, 627.0, 99449.0
1.0, 0.0366957441143, 2.50341473127, 2.0, 3.0, 2.0, 0.0, 1.0, 2.07691761952, 3.0, 1.0, 1.0, 0.0, 0.0, 0.0, 2.0, 0.416834279887, -0.98170418958, 0.292638272165, 2.0, -0.49757672479, 0.0, -0.453277731671, 1.0, 3.0, 3.0, 1.68810485571, 3.0, -0.460643013923, 0.0646833570796, 1.0, 3.0, 0.840621945481, 0.134066230078, 1.0, 1.0, 1.0, -8.08495194082e-06, 3.0, 1.76645793358, 0.0, 0.0, 2.0, -0.428186880886, 1.58720078535, 1.0, 2.5437190059, 1.0, -1.0, 2.67917618221, 91917.0, 700.0, 99414.0
-0.556697201377, -0.564231903468, -0.272624257372, -0.902799950502, 1.0, -1.0, 1.63659494418, 0.26040859429, 1.0, -1.0, -1.0, 3.0, 0.0, 3.0, 0.422834549716, 0.043836111977, -0.940519459748, -0.98170418958, -1.0, -1.0, -0.646040617351, -0.708533247606, 1.0, 1.0, -1.0, 3.0, 0.0, -0.975709466023, -0.76780532224, 1.0, 1.0, 2.0, 1.0, 0.860741327967, 2.0, 3.0, 2.0, 2.0, 3.0, 3.0, -1.0, 0.817473380365, 0.559423695545, 0.34076305962, -0.246629257837, 3.0, -1.0, -1.0, -1.0, 2.55268814438, 94940.0, 436.0, 99619.0
2.0, 0.0, 2.0, -0.844443449225, 1.0, 0.0, 1.0, 3.0, 1.0, 1.0, 0.0, 0.0, 2.64987320103, 2.81806954271, 1.0, 1.0, 0.0, 0.0, 1.0, 1.0, -1.0, -1.0, -1.0, 0.0, -1.0, -1.0, 3.0, -0.876245524765, -0.51883355349, -1.0, 0.0, 3.0, 0.0, 1.0, -1.0, 1.0, -1.0, 0.0, 2.0, 2.0, -1.0, 1.0, 1.0, 3.0, 2.0, 1.81576735204, -0.805697795901, 0.0, 1.0, -1.0, 93411.0, 505.0, 99546.0
-0.359692164328, 2.0, 3.0, 3.0, 2.31929178866, 1.0, 2.0, 1.11543297567, 2.99718199866, -0.0293612069816, -0.0900011557246, 0.0862622838989, -0.753933563239, 1.50543287115, 0.579065931355, -1.0, 1.0, 1.0, 1.0, 0.0, 1.0, 3.0, 3.0, 2.0, 0.542573942057, 0.879498757237, 2.0, 0.849840115847, -0.747886795732, 1.57337242693, 0.245295161115, 0.309311899131, 0.897160495575, -0.127130322421, 1.53301682478, 0.849190207627, 0.390368901485, 2.0, 1.88635541057, 1.30626118279, -1.0, 2.75945801124, 2.44165453375, 2.0, -0.0914435408219, 0.108292688066, 1.8140366722, 0.914871780386, 2.63504643967, 2.0, 92351.0, 671.0, 99421.0
-0.918286809481, -1.0, -1.0, -0.279902715134, 0.0, 1.0, -1.0, 1.37386766898, 1.27284444147, 1.04847453446, -1.0, 2.26228510475, 1.0, -1.0, 0.0, 0.966913246131, 2.82852333869, -0.797898085991, -0.362484052098, 2.0, 1.16214769059, 0.0, 0.0, 1.31806992925, 0.0, 1.25486470747, 2.0, 0.361481042796, 0.0, 3.0, -1.0, 2.0, 1.0, 1.35385056375, 1.0, 0.0, 1.0, 0.78171018093, 0.0, 0.969745156572, 1.0, 0.0, 0.647353242065, -0.784447146036, -0.453454344703, -0.32906510731, -0.388324475314, 0.0203760217491, 1.0, 3.0, 92200.0, 579.0, 99499.0
-0.178423967294, -0.968487536415, -0.30510760102, 0.809490563915, 0.260849472099, 1.0215285901, 0.0, -1.0, 1.48560844697, 3.0, -0.750117240734, 1.0, 1.0, -0.516066562979, 0.0, 0.375954526704, 0.0, -1.0, 1.80186854535, 0.0, -0.834026339557, 0.365829768271, -0.727128894546, 2.03390286184, -1.0, -1.0, 2.0, 0.737217655876, 3.0, 0.454360630656, -1.0, 1.0, -0.258170927887, 0.0, -0.105141755488, 2.32583660028, -1.0, 1.0, 2.53316010855, 2.26410637479, -1.0, -1.0, 0.753357249096, 0.783507366538, 2.0, 3.0, 0.641057357909, 2.0, -0.255995456585, 0.0, 93009.0, 520.0, 99534.0
2.0, 0.0, 2.0, -0.844443449225, 1.0, 0.0, 1.0, 3.0, 1.0, 1.0, 0.0, 0.0, 2.64987320103, 2.81806954271, 1.0, 1.0, -0.590579269329, 0.0, 1.0, 1.0, -1.0, -1.0, -1.0, 0.0, -1.0, -1.0, 3.0, -0.876245524765, -0.51883355349, -1.0, 1.0, 3.0, 0.0, 1.0, -1.0, 1.0, -1.0, 0.0, 2.0, 2.0, -1.0, 1.0, 1.0, 3.0, 2.0, 1.81576735204, -0.162090216737, 0.0, 1.0, -1.0, 93473.0, 500.0, 99548.0
-1.0, -1.0, -1.0, 0.0, 2.0, 0.0, -1.0, -0.590810949609, -1.0, 1.0, 2.0, 0.0, 0.0, -0.460099311871, 0.0, 0.0, 3.0, 2.0, 2.0, -1.0, 2.0, -1.0, -0.817023983464, 2.04023492364, 2.0, 0.0, 0.81021799862, -1.0, 1.0, 2.0, -1.0, 1.0, 2.38177122225, 1.0, 0.254505759322, -1.0, -0.824282460643, 3.0, 0.0, 2.0, 1.0, 2.0, 0.0, 0.0, 0.94206951065, 2.0, -1.0, 2.13730182671, 1.0, 0.0, 93366.0, 510.0, 99552.0
1.59194815188, -0.977549757346, 0.0, 0.809490563915, -1.0, 0.941869130584, -0.819000922379, -1.0, 0.681319530439, 1.90234645385, -0.598774116004, 1.0, 1.0, 0.0, -0.720894689035, 0.931800906711, 2.38992075449, 2.57001121958, 1.0, -0.986503102716, -0.834026339557, 1.86241284726, -0.337798696011, 1.98939907498, -1.0, 3.0, 2.0, 0.0, 3.0, 0.630843885322, -1.0, 1.0, -0.258170927887, 0.0, -1.0, 3.0, -1.0, 1.0, 1.0, 2.22645706677, -1.0, -1.0, 2.0, 1.09665712746, 3.0, 3.0, 0.641057357909, -0.116385896775, -0.255995456585, 2.29399419463, 93568.0, 509.0, 99538.0
0.336905797247, -0.629063976369, 0.0, -0.902799950502, 1.0, -0.43699972249, 2.0, 1.0, 2.49968225261, -1.0, -1.0, 2.34940447729, -0.753933563239, 3.0, -0.629270932466, 0.0, -0.940519459748, -0.98170418958, 2.52664448258, -1.0, -0.581367897857, -0.708533247606, 1.33135094029, 1.0, -1.0, 3.0, -0.774683365244, -0.921575960308, 0.0, 1.0, 3.0, 2.0, 1.0, 2.0, 2.86744023697, 3.0, 2.0, 2.0, -0.859051286169, 2.81184102726, -1.0, 3.0, 2.0, 1.30224176215, 0.576375403375, 3.0, -1.0, -1.0, -1.0, 2.43969433353, 95241.0, 444.0, 99617.0
1.0, 0.0366957441143, 2.50341473127, 1.51772271352, 0.352700393601, 2.17492856903, 0.537464396917, 1.0, 2.07691761952, 0.918958365343, 1.96834128794, 1.82667205632, -0.354427727484, 0.0, -0.694495306442, 2.0, 1.25939303237, 1.2857736172, 0.292638272165, 2.0, -0.49757672479, 0.0, 0.0, 0.80177772145, 0.330611739394, 3.0, 1.68810485571, 2.8489503948, -0.460643013923, 2.50270657293, 1.0, 1.21088438643, 0.840621945481, 0.0755240104704, 0.214383161458, 1.0, 1.0, 0.988650487384, 3.0, 1.76645793358, 0.0, 0.0, 2.0, -0.428186880886, 1.0, 1.0, 2.5437190059, 1.0, 0.753038341551, 2.67917618221, 91614.0, 720.0, 99403.0
1.0, 0.0366957441143, 2.65943747908, 1.51772271352, 0.352700393601, 2.17492856903, 0.537464396917, 1.0, 2.33963100706, 0.918958365343, 1.0, 1.82667205632, 0.228524379773, 0.0, 0.0877345418228, 2.01257091618, 1.25939303237, 1.2857736172, 0.292638272165, 2.0751917928, -0.49757672479, 0.0, 0.0, 2.28177538811, 0.330611739394, 3.0, 1.68810485571, 2.79426606692, -0.460643013923, 2.50270657293, 0.103235582824, 1.21088438643, 0.840621945481, 0.0755240104704, 0.214383161458, 0.09416661039, 1.0, 0.988650487384, 3.0, 0.887760632054, 0.0, 0.0, 2.0, -0.428186880886, 1.0, 1.28225727135, 1.0082362552, 1.0, -1.0, 2.67917618221, 91391.0, 718.0, 99405.0
-0.556697201377, -0.564231903468, 0.364953620814, -0.902799950502, 1.0, -1.0, 2.0, 1.0, 1.0, -1.0, -1.0, 3.0, 0.0, 3.0, 1.93873229973, 0.0, -0.940519459748, -0.98170418958, -1.0, -1.0, -0.646040617351, -0.708533247606, 1.0, 1.0, -1.0, 3.0, 0.0, -0.975709466023, -0.76780532224, 1.0, 1.0, 2.0, 1.0, 0.860741327967, 2.0, 3.0, 2.0, 2.0, -0.374850984707, 3.0, -1.0, 3.0, 1.63917235384, 0.34076305962, -0.246629257837, 3.0, -1.0, -1.0, -1.0, 2.55268814438, 95032.0, 436.0, 99619.0
2.0, 0.0, 2.0, -0.889151349745, 1.0, 0.0, 1.0, 3.0, 1.0, 1.0, 0.0, 0.0, 2.64987320103, 2.81806954271, 1.12322203167, 1.0, 0.0, 0.0, 1.0, 1.30921531803, -1.0, -1.0, -1.0, -0.960318781629, -1.0, -1.0, 3.0, -0.876245524765, -0.51883355349, -1.0, 0.0, 3.0, 0.0, 1.0, -1.0, 1.0, -1.0, 0.283402438763, 2.0, 2.0, -1.0, 1.0, 2.76142585517, 3.0, 2.0, 1.81576735204, -0.805697795901, 0.0, 1.0, -0.504948453036, 93871.0, 486.0, 99564.0
3.0, 1.48126479633, 0.0, -0.401426304304, -0.540431497347, 0.0, -1.0, -1.0, -0.10557920392, 1.31008554583, 1.27553492201, 0.977258684993, 3.0, 0.62059812162, -1.0, -0.806590641011, 2.94422363267, -1.0, -1.0, -0.736745549877, 3.0, 0.0, -1.0, 1.0, 1.77115772585, -1.0, 0.0, 0.0, -0.310547434133, 3.0, 3.0, 2.0, 0.0, -0.919674268169, -0.524359609714, 1.46809191925, -1.0, 2.0, 3.0, 2.0, -1.0, 0.817473380365, 3.0, -1.0, 0.925794123489, 3.0, -0.838633199702, 2.0, 0.0, 2.0, 93796.0, 498.0, 99554.0
1.14494804616, -0.564231903468, 0.0, -0.902799950502, 2.47385107131, -0.43699972249, 2.0, 1.0, 1.0, -1.0, -0.480948101528, 1.54011053962, -0.753933563239, 3.0, -0.629270932466, -0.967818321563, -0.998291606038, -0.992628197703, -1.0, 1.66405549777, 1.0, -0.708533247606, 1.33135094029, 1.0, -1.0, 3.0, -0.774683365244, 1.0, -0.957013127895, 0.79328285971, 3.0, 2.0, 1.0, -0.593164877784, 0.876812101348, 3.0, 2.0, 2.55490339892, -0.374850984707, 3.0, -1.0, 3.0, 1.82123927117, -0.603039260006, -0.270333936448, 1.88937722491, -1.0, 0.842317734724, -1.0, 2.43969433353, 94532.0, 468.0, 99589.0
1.0, 2.00991678286, -1.0, 1.0, -1.0, 2.0, -1.0, 2.44257695441, 2.0, 2.0, 2.0, 1.0, 2.32606734904, -0.95809319092, -0.636240769314, -0.848992273373, 0.0, -1.0, 2.00671968155, 2.88918841304, -0.288901198832, 1.69256168285, 3.0, 2.0, 2.17420579213, -0.890164310725, -1.0, 2.59657417553, 0.0, 2.16373217282, 2.0, 0.0, -0.225467676235, -0.824489849309, -0.783774323422, 1.0, -0.662666777955, 1.0, 1.0, 1.0, -1.0, 2.0, 1.0, -1.0, 0.0, 2.0, 0.0, 3.0, -1.0, 1.0, 94016.0, 507.0, 99552.0
0.336905797247, 1.05729185522, 0.0, -0.902799950502, 2.71605201549, -0.43699972249, 2.0, 1.0, 2.49968225261, -1.0, -1.0, 2.67535963508, -0.753933563239, 3.0, -0.629270932466, 0.0, -0.940519459748, -0.98170418958, -1.0, -1.0, -0.581367897857, -0.708533247606, 1.93467222931, -0.69597720885, -1.0, 3.0, -0.774683365244, -0.921575960308, 0.0, 1.0, 3.0, 2.0, 1.0, 2.0, 0.360548651944, 3.0, 2.05778434503, 2.0, -0.374850984707, 2.81184102726, -1.0, 3.0, 2.0, 1.30224176215, -0.246629257837, 1.0, -1.0, 0.164836710793, -1.0, 2.43969433353, 94718.0, 457.0, 99601.0
1.59194815188, -0.968487536415, 0.0, -0.902799950502, -1.0, 2.0, 0.0, -1.0, -0.635315649666, 2.36089831602, 0.211086475079, 1.0, 1.0, 0.0, 0.0, 0.931800906711, 1.58137442052, 2.90823999574, 0.936508158341, -1.0, -0.153908246277, 0.427583540053, -0.727128894546, 0.371340379535, -1.0, -1.0, 2.01422350135, -0.774635260818, 3.0, 1.60247493431, -0.812670850027, 0.265259883333, -0.623493881501, 0.0, -1.0, 3.0, -1.0, 1.28879257847, 1.71369012886, 2.22645706677, -1.0, -1.0, 2.0, 2.0, 3.0, 3.0, -0.938784641993, 2.0, -0.255995456585, 0.0, 94157.0, 469.0, 99585.0
1.0, 0.0366957441143, 2.50341473127, 1.51772271352, 0.352700393601, 2.17492856903, 0.537464396917, 1.0, 2.07691761952, 0.918958365343, -0.369294624713, 1.89135798016, -0.397722434216, 2.3577001293, -0.694495306442, 2.14672979207, 1.25939303237, 1.2857736172, 0.292638272165, 2.0751917928, -0.49757672479, 0.0, 0.0, 2.28177538811, 0.330611739394, 3.0, 1.68810485571, 2.84256623004, -0.460643013923, 2.50270657293, 0.103235582824, 1.21088438643, 0.840621945481, 2.30248798623, 0.214383161458, 0.09416661039, 1.0, 0.988650487384, 3.0, 0.887760632054, 0.0, 0.0, 2.0, -0.428186880886, 1.0, 1.28225727135, 1.0082362552, 1.0, -1.0, 2.67917618221, 91683.0, 706.0, 99413.0
2.73273186791, 1.0, 0.0, 1.0, 0.0578638559337, 2.0, 0.0, 0.0, 0.0, -1.0, 3.0, 2.0, 3.0, 3.0, 0.0, -0.397109945091, 2.33303269672, -0.238845177465, 1.02069343504, 0.697009955267, 1.1030823277, 0.0, 0.0, 2.02468901444, 3.0, 3.0, -0.444797094498, -1.0, 2.0, 2.0, -0.651848157477, 0.0, -0.291938097564, 1.0, 0.0, 0.0, 0.0, 0.912160190045, 1.0, 2.0, 2.0, 0.0, 1.0, -0.0438769406007, 2.0, 3.0, 1.0, 2.0, 2.85823803522, 0.0, 91542.0, 682.0, 99424.0
0.336905797247, -0.629063976369, 0.0, -0.902799950502, 1.0, -0.43699972249, 2.0, 1.0, 2.49968225261, -1.0, -1.0, 2.34940447729, -0.753933563239, 3.0, -0.629270932466, 0.0, -0.940519459748, -0.98170418958, 2.52664448258, -1.0, -0.581367897857, -0.708533247606, 1.33135094029, 1.0, -1.0, 3.0, -0.774683365244, -0.921575960308, 0.0, 1.0, 3.0, 2.0, 1.0, 2.0, 2.86744023697, 3.0, 2.0, 2.0, -0.374850984707, 2.81184102726, -1.0, 3.0, 2.0, 1.30224176215, -0.246629257837, 3.0, -1.0, -1.0, -1.0, 2.43969433353, 94870.0, 460.0, 99600.0
