0.0, -1.0, 0.0, 0.0, 1.0, 2.0, 1.0, 3.0, -1.0, 3.0, -1.0, 0.0, 1.0, -1.0, 1.0, 0.0, -1.0, -1.0, 2.0, 0.0, 2.0, 0.0, 2.0, 3.0, 3.0, 2.0, -1.0, 3.0, 1.0, -1.0, 3.0, 2.0, 0.0, -1.0, -1.0, 0.0, 1.0, 3.0, 2.0, 0.0, 2.0, 1.0, 2.0, -1.0, 1.0, 1.0, 1.0, 2.0, 0.0, 1.0, 98136.0, 557.0, 99536.0
0.0, 1.0, -1.0, 1.0, 2.0, 0.0, -1.0, 3.0, -1.0, 2.0, 0.0, -1.0, 2.0, 1.0, 0.0, 0.0, 3.0, 3.0, 2.0, -1.0, 2.0, 2.0, -1.0, 1.0, 0.0, 1.0, 2.0, 1.0, 0.0, -1.0, 1.0, 1.0, 0.0, 1.0, 1.0, 1.0, 0.0, 3.0, -1.0, -1.0, 0.0, 2.0, 2.0, 3.0, 3.0, 3.0, -1.0, -1.0, 2.0, 1.0, 98119.0, 580.0, 99540.0
2.0, -1.0, 3.0, 1.0, 3.0, 3.0, 1.0, 2.0, -1.0, 0.0, 1.0, 1.0, 1.0, 0.0, -1.0, 3.0, -1.0, -1.0, -1.0, 2.0, 0.0, 1.0, 3.0, -1.0, 1.0, -1.0, 2.0, 2.0, -1.0, -1.0, 3.0, 2.0, 2.0, 3.0, 2.0, -1.0, 2.0, 0.0, 1.0, 3.0, 0.0, -1.0, -1.0, -1.0, -1.0, 0.0, 1.0, 1.0, 2.0, 0.0, 98385.0, 498.0, 99597.0
1.0, 3.0, 3.0, 2.0, -1.0, 2.0, 0.0, 2.0, -1.0, 1.0, -1.0, -1.0, 3.0, 3.0, -1.0, 1.0, 0.0, 0.0, -1.0, 0.0, 3.0, 0.0, 2.0, 3.0, 0.0, 2.0, 3.0, 0.0, -1.0, 3.0, 2.0, 1.0, -1.0, -1.0, 0.0, 1.0, 2.0, 2.0, 0.0, 0.0, 0.0, 2.0, -1.0, 1.0, -1.0, 1.0, 1.0, -1.0, 2.0, 2.0, 98177.0, 549.0, 99530.0
2.0, 0.0, -1.0, -1.0, -1.0, 3.0, 2.0, 1.0, -1.0, -1.0, 3.0, 3.0, 3.0, 0.0, 1.0, 2.0, 1.0, 3.0, -1.0, 1.0, 1.0, 1.0, 0.0, 2.0, -1.0, 1.0, 0.0, 2.0, 0.0, 0.0, 2.0, 2.0, -1.0, 2.0, 2.0, -1.0, 0.0, 0.0, 3.0, 3.0, 3.0, 0.0, -1.0, 1.0, 3.0, 1.0, 2.0, 0.0, 1.0, 1.0, 98232.0, 575.0, 99515.0
-1.0, 2.0, 1.0, 2.0, 0.0, 1.0, 0.0, 3.0, 3.0, -1.0, 0.0, -1.0, 2.0, 2.0, 2.0, 2.0, 3.0, -1.0, 1.0, 1.0, -1.0, 1.0, 3.0, 0.0, 3.0, 0.0, -1.0, 3.0, 1.0, -1.0, 1.0, 3.0, 0.0, 0.0, -1.0, 1.0, 0.0, 2.0, 1.0, 3.0, 0.0, 2.0, 3.0, 3.0, -1.0, 1.0, 0.0, 3.0, 1.0, 0.0, 98076.0, 583.0, 99518.0
1.0, -1.0, 1.0, 0.0, 1.0, -1.0, 2.0, -1.0, 0.0, 1.0, 3.0, 0.0, -0.330406299866, 2.0, 2.0, 0.0, -1.0, 1.0, 2.0, 1.0, 2.0, 1.0, -1.0, 0.598287151681, -1.0, 2.0, 3.0, 2.0, 3.0, -1.0, 3.0, -1.0, -1.0, 0.0, 1.0, 0.0, 1.0, 2.0, 3.0, 0.0, 0.0, 3.0, 1.0, -1.0, 1.0, 2.0, 3.0, 0.0, 0.0, -1.0, 98108.0, 569.0, 99553.0
0.0, -1.0, 0.0, 0.0, -0.605475976929, 2.0, 1.0, 3.0, -1.0, 3.0, -1.0, 0.0, 1.0, -1.0, 0.204381145127, 0.875400609292, -1.0, -1.0, 2.0, 0.0, 2.0, 0.0, 2.0, 2.87990461937, 3.0, 2.0, -1.0, 3.0, 1.0, -1.0, 3.0, 2.0, 0.0, -1.0, -1.0, 0.0, 1.0, 3.0, 2.0, 0.0, 2.0, 1.0, 2.0, -0.522261393476, 1.0, 1.0, 1.0, 2.0, 0.0, 0.45968268152, 98177.0, 538.0, 99542.0
2.0, 2.0, 1.0, 3.0, 3.0, -0.29845821541, 2.65713733588, -1.0, 2.78594812457, -1.0, 1.0, 2.06439451344, 1.0, 0.0, 0.0, -1.0, -1.0, 1.45879316636, 1.0, 1.0, 1.0, 1.0, 2.0, 1.0, 2.0, 3.0, -1.0, 2.0, 3.0, 2.0, -1.0, -1.0, -1.0, 3.0, 0.0, -1.0, 3.0, 2.0, 1.0, -1.0, 1.0, 2.0, 3.0, -0.979654870359, -1.0, 2.83500306003, -1.0, 2.0, 0.0, -1.0, 98497.0, 504.0, 99572.0
2.0, -1.0, 3.0, 1.0, 3.0, 3.0, 1.0, 2.0, -1.0, 0.0, 1.0, 2.63398844916, 1.0, 0.0, -0.936721902208, 3.0, -1.0, -1.0, -1.0, 2.0, 0.0, 1.0, 3.0, -1.0, 1.0, -1.0, 2.0, 2.0, -1.0, -1.0, 3.0, 2.0, 2.0, 3.0, 2.0, -1.0, 2.0, -0.965194334015, 1.0, 3.0, 0.0, -1.0, -1.0, -1.0, -1.0, 0.0, 1.0, 0.935535525249, 2.0, 0.0, 98508.0, 485.0, 99613.0
0.0, 1.0, 1.0, 2.0, -1.0, 1.0, -1.0, 1.0, 0.331587211998, -1.0, -0.00125606776754, 1.0, 2.0, 2.0, 2.24806083526, 0.0, -0.594028940451, 2.0, 2.0, 1.0, -0.617048693034, -1.0, 3.0, 1.0, 2.0, -1.0, -1.0, 3.0, 2.10362559205, 0.0, 0.0, 2.0, -1.0, 2.0, 1.0, 0.0, -1.0, 1.0, 0.0, 3.0, -1.0, 2.37435444819, -1.0, 3.0, 3.0, 0.0, -1.0, 1.0, -1.0, 1.0, 98356.0, 508.0, 99582.0
1.0, 0.432649832611, 3.0, 0.0, 1.11108349383, -1.0, 3.0, 0.0, 0.0, 3.0, 3.0, 2.0, 3.0, 2.0, 0.387535235837, 1.0, 1.0, 3.0, -1.0, 2.0, -1.0, 0.0, 2.0, 2.0, -1.0, -0.215403077799, 1.0, 2.0, 0.0, 0.0, 0.0, -1.0, 3.0, 1.84547529839, 2.0, 2.0, -1.0, 2.0, 2.0, 2.0, 3.0, 1.0, 1.0, 0.0, -1.0, 3.0, 1.0, 0.0, 1.0, 0.0, 98048.0, 621.0, 99492.0
2.0, 0.0, -1.0, -0.0365302617793, -1.0, 1.55205497169, 2.0, 1.0, -1.0, -1.0, 3.0, 3.0, 3.0, -0.0203161088808, 1.0, 2.0, 1.81641511807, 3.0, -1.0, 1.0, 1.0, 3.0, 0.0, 1.10838191624, -1.0, 0.058478620608, 0.0, 2.0, 0.0, 0.0, 2.0, 2.0, -1.0, 2.0, 2.0, -1.0, 0.0, 0.0, 3.0, 3.0, 3.0, 0.0, -1.0, 1.0, 3.0, 1.0, 0.532046597575, 0.0, 1.0, 1.0, 98107.0, 594.0, 99501.0
2.0, 1.0, 1.0, 2.0, -1.0, 0.0, 2.40816430665, 2.0, 1.0, -1.0, -1.0, 2.0, -1.0, -1.0, 1.0, 1.49427669319, 2.0, -1.0, 0.0, 1.0, 0.0, 2.82128916249, 0.0, 0.0, -1.0, 0.0, 0.0, 3.0, 0.0, 1.0, 1.0, -1.0, 3.0, -1.0, 2.0, 0.0, -1.0, 1.0, 1.0, 2.0, -1.0, 2.0, 1.0, -1.0, 3.0, -1.0, 0.0, 0.0, 1.0, 2.0, 98269.0, 530.0, 99559.0
0.0, -1.0, 0.0, -0.73400056283, 1.0, 2.0, 1.0, 3.0, -1.0, 3.0, -1.0, 0.0, 1.0, -1.0, 1.0, 0.0, -1.0, -1.0, 2.0, 0.0, 2.0, 0.0, 2.33995634529, 3.0, 3.0, 2.0, -1.0, 3.0, 1.0, -1.0, 3.0, 2.0, 0.0, -1.0, -1.0, 0.0, 1.0, 3.0, 2.0, 0.0, 2.0, 1.0, 2.0, -1.0, 1.0, 1.0, -0.829307979948, 2.0, 0.0, 1.0, 98281.0, 522.0, 99555.0
2.0, -1.0, 3.0, 1.0, 3.0, 3.0, 1.0, 2.0, -1.0, 0.0, 1.0, 0.327977343751, 1.0, 0.0, -1.0, 3.0, 0.143209880567, -1.0, -1.0, 2.0, 0.0, 1.0, 3.0, -1.0, 1.0, -1.0, 2.0, 2.0, -1.0, -1.0, 3.0, -0.75913650507, 2.0, 3.0, -0.322571528887, -1.0, 2.0, 0.0, 1.0, 3.0, 0.0, -1.0, -1.0, -1.0, -1.0, 0.0, 1.0, 2.45873721443, 2.0, 0.0, 98308.0, 502.0, 99591.0
-0.596230204411, 3.0, 3.0, 2.0, -1.0, 2.0, 0.0, 2.0, -1.0, 1.28928935866, -1.0, -1.0, 3.0, 3.0, -1.0, 1.0, 0.0, 0.0, -1.0, 0.0, 1.51428450524, 0.0, 2.0, 3.0, 1.2900393718, 2.0, 3.0, 0.0, 1.22397285103, 3.0, 2.0, 1.0, -1.0, -1.0, 0.0, 1.0, 2.0, 2.0, 0.176454459694, 0.0, 0.0, 2.0, -1.0, 1.0, -1.0, 1.0, 1.0, -1.0, 2.0, 2.0, 98146.0, 554.0, 99525.0
2.0, 0.0, -1.0, -1.0, -1.0, 3.0, 2.0, 1.0, 0.413113478779, -1.0, 3.0, 3.0, 3.0, 0.0, 1.0, 2.09808620775, 1.0, 3.0, -1.0, 1.0, 1.0, -0.296130214909, 0.0, 2.0, -1.0, 0.812371077459, 0.0, 2.0, 0.0, 0.0, 2.0, 2.0, -1.0, 2.0, 2.0, -1.0, 0.0, 0.0, 3.0, 3.0, 3.0, 0.0, -1.0, 1.0, 3.0, 1.0, 2.0, 0.0, 1.0, 1.0, 98196.0, 590.0, 99510.0
2.0, 1.94845167684, 3.0, -1.0, -1.0, 0.0, 1.0, 1.0, 2.0, 0.0, 1.0, -1.0, 2.0, 3.0, 1.0, 2.0, 3.0, -1.0, -1.0, 1.0, -1.0, 3.0, 1.0, 3.0, -1.0, 1.93810000045, -1.0, 1.0, -1.0, 0.0, 2.32926454692, 2.0, 3.0, 2.0, 1.0, 3.0, -1.0, 0.0, 0.0, 3.0, 1.0, 2.0, -1.0, 0.0, 2.0, 3.0, -1.0, 0.0, 1.0, 0.0, 98341.0, 537.0, 99537.0
-1.0, 2.0, -0.0116202899682, 2.06913687814, 0.0, 1.0, 0.0, 3.0, 3.0, -1.0, 0.0, -1.0, 2.0, 2.0, 2.0, 0.136288021983, 3.0, 0.190445423601, 1.0, 1.0, -1.0, 1.0, 3.0, 0.0, 3.0, 0.0, -1.0, 3.0, 1.0, -1.0, 1.31355109858, 3.0, 0.0, 0.0, -1.0, 1.0, 0.0, 2.0, 1.0, 3.0, 0.0, 1.1608912729, 3.0, 3.0, -1.0, 1.0, 0.0, 3.0, 0.0, 1.79772221119, 97936.0, 601.0, 99506.0
0.0, -1.0, 0.0, 2.27507286704, -0.605475976929, 2.0, 1.0, 3.0, -1.0, 3.0, -1.0, -0.0716034334646, 1.0, -1.0, 0.204381145127, 0.875400609292, -1.0, -1.0, 2.0, 0.0, 2.0, -0.95649544283, 2.0, 2.87990461937, 3.0, 2.0, -1.0, 2.0, 1.0, -1.0, 3.0, 2.0, -0.145164853306, -1.0, -1.0, 0.0, 1.0, 3.0, 2.0, 0.0, 2.0, 1.0, 2.33437270154, -0.522261393476, 1.0, 1.0, 1.0, 2.0, 0.0, 0.45968268152, 98314.0, 526.0, 99553.0
1.0, 0.324071749866, 0.0, 3.0, 1.0, 3.0, 1.0, -1.0, 1.0, 1.0, 0.0, 2.0, 1.0, 1.0, -1.0, -1.0, 3.0, -1.0, -1.0, 1.0, 2.0, -1.0, 1.0, -1.0, 0.0, 3.0, -1.0, 2.42434677693, -1.0, 0.0, -1.0, 2.0, 2.0, -0.727122186215, 1.0, 0.0, -0.923295227846, -0.287429599162, 0.0, -1.0, 3.0, 1.0, 2.57907228303, 2.90193132582, -1.0, 0.0, 2.15786231006, -0.339217162082, -1.0, 3.0, 98489.0, 497.0, 99593.0
2.0, 2.87344610705, 1.0, 3.0, 2.12266773509, -0.29845821541, 2.65713733588, 1.0, 2.78594812457, -1.0, 1.0, 2.06439451344, 1.0, 0.0, 0.0, -1.0, -1.0, 1.45879316636, 1.0, 3.0, 1.0, 1.0, 2.0, 1.0, 2.0, 3.0, -1.0, 2.0, 3.0, 2.0, -1.0, -1.0, -1.0, 3.0, 0.0, -1.0, 3.0, 2.0, 1.0, -1.0, 1.0, 2.0, 3.0, -0.979654870359, -1.0, 2.83500306003, -1.0, 2.0, 0.0, -1.0, 98476.0, 519.0, 99558.0
1.0, 0.432649832611, 3.0, 0.0, 2.14651591364, -1.0, 3.0, -0.345872850637, 0.0, 3.0, 3.0, 2.0, 3.0, 2.0, 0.387535235837, 1.0, 1.0, 3.0, -1.0, 2.0, -1.0, 0.0, 2.0, 2.0, 2.2444971878, -0.215403077799, 1.0, 2.0, 0.0, 0.0, 0.0, -1.0, 3.0, 0.798429721487, 2.0, 2.0, -1.0, 0.218178196682, 2.0, 2.0, 3.0, 1.0, 1.0, 0.0, -1.0, 3.0, 1.85370856478, 0.0, 1.0, 0.0, 97974.0, 632.0, 99485.0
-1.0, 3.0, -1.0, -1.0, -1.0, 0.0, 2.0, 0.0, -1.0, 2.0, 0.0, 0.964467700599, -1.0, 2.0, 2.0, 1.0, 2.0, 2.0, 2.83041359516, -1.0, 0.0, 0.322592184435, -0.550849674785, 0.0, 2.0, 1.19733125527, -1.0, 0.0, 2.0, 1.0, 1.0, -0.883274380782, 1.10499401776, -1.0, 1.0, -1.0, 2.0, -0.594410062337, 1.0, -1.0, 2.46078131703, -1.0, 1.0, 0.0, 3.0, 1.86690104659, 1.0, -0.929176240418, 0.0, 3.0, 98409.0, 496.0, 99615.0
0.0, 3.0, 1.0, -1.0, -1.0, 2.0, 3.0, 2.0, 2.0, 3.0, -1.0, 1.0, 0.0, -1.0, 0.0, 3.0, 1.0, 3.0, 0.0, 3.0, -0.337860639594, 2.0, 0.0, 1.0, -1.0, 0.0, 2.0, 0.0, 3.0, 0.0, -1.0, 2.0, 0.0, 2.0, 0.85342560667, 1.0, -1.0, 3.0, 2.0, 0.0, 0.964126093151, -1.0, 1.0, -1.0, 2.0, 3.0, -1.0, 3.0, 1.0, 0.0, 98332.0, 571.0, 99521.0
2.0, 1.0, 1.0, 2.0, -1.0, 0.0, 2.40816430665, 3.0, 1.0, -1.0, -1.0, 2.0, -1.0, -1.0, 1.0, 1.49427669319, 2.0, -1.0, 0.0, 1.0, 0.0, 2.96932160229, 0.0, 0.0, -1.0, 0.0, 0.0, 3.0, 0.0, 1.0, 1.0, -1.0, 3.0, -1.0, -1.0, 0.0, -1.0, 1.0, 1.0, 0.80741346402, -1.0, 2.0, 1.0, -1.0, 3.0, -1.0, 0.0, 0.0, 1.0, 2.0, 98294.0, 515.0, 99567.0
1.36462806701, -1.0, 1.0, -0.438247181016, 1.0, -1.0, 0.375062077285, -1.0, 0.0, 1.0, 3.0, 0.0, 0.0, 2.0, 2.0, 0.0, -1.0, 1.0, 2.0, 1.0, 2.0, 1.0, -1.0, 1.20031809087, -1.0, 2.0, 3.0, 2.0, 3.0, -1.0, 3.0, -1.0, -1.0, 0.0, 1.0, 0.0, 1.0, 2.0, 3.0, 0.0, 0.0, 3.0, 1.0, 0.670652851977, 1.0, 2.0, 3.0, 0.0, 0.0, -1.0, 98065.0, 583.0, 99545.0
1.0, -1.0, 0.0, 1.0, -0.113410273228, 1.10453249088, 2.0, 2.71721226723, 0.0, 2.0, 2.0, 3.0, -0.33226496522, -0.877175916412, -0.745611777051, 3.0, -1.0, 2.0, 1.0, -1.0, -0.501564523032, 1.0, 1.0, -1.0, 0.0, 1.0, -1.0, -1.0, -1.0, -1.0, 2.0, -1.0, 1.0, -1.0, 1.0, 0.0, 2.0, -1.0, 2.0, 2.0, 0.820439276869, 3.0, -1.0, -1.0, 0.0, 0.722038470416, 1.0, 0.0, 3.0, 2.78943169674, 98487.0, 487.0, 99610.0
2.0, 2.0, 1.0, 1.0, -0.774310581367, 0.0, -1.0, 0.0, -1.0, 0.0, 3.0, 2.82931321956, 0.582922318775, 0.875892560932, -1.0, -1.0, -1.0, -1.0, 1.0, 0.0, 3.0, 3.0, 1.0, -1.0, 0.0, 1.0, -1.0, 1.68317779203, -1.0, 0.0, 2.0, 3.0, -1.0, 0.0, 3.0, -1.0, 3.0, 1.0, 0.0, 1.0, -1.0, 2.0, 3.0, 1.0, -1.0, 1.0, 0.0, 3.0, 0.868036397818, 3.0, 98431.0, 500.0, 99592.0
3.0, 0.4223837161, 0.0, 3.0, -1.0, 1.0, 0.0, 3.0, -1.0, 0.0, 0.0, -1.0, 1.0, 0.0, 1.0, 0.0, 3.0, -1.0, -1.0, 0.0, 0.0, 1.0, 1.0, 2.0, 0.0, 2.0, 1.0, 1.0, 3.0, 3.0, 2.0, 0.0, -1.0, 2.0, 2.0, 2.0, -1.0, -1.0, 2.0, 0.0, -1.0, 2.0, 3.0, 0.0, 1.0, 3.0, -0.97907886387, 1.0, 3.0, -1.0, 98234.0, 561.0, 99524.0
0.827961826238, -1.0, 3.0, 2.0, 2.0, 3.0, 3.0, 0.0, -1.0, 1.75003183827, 2.0, 2.0, 0.746915268437, 1.0, 1.0, 0.0, 1.0, 1.0, 0.431854227594, 0.0, -0.0853226493709, 0.423190471391, 3.0, -1.0, 2.4659943194, 0.0, 3.0, 1.0, 0.0, 1.0, 3.0, -1.0, 0.0, 2.0, -0.457947413635, 2.0, 1.0, 0.0, 2.0, 3.0, 0.0, 3.0, 2.0, 1.0, -1.0, 2.0, 2.0, -1.0, -1.0, 2.0, 97993.0, 624.0, 99505.0
1.0, 2.0, 2.0, 2.0, -0.479781028087, 0.0, 3.0, -1.0, 0.71905065619, -1.0, 1.8111933797, -1.0, 0.0, 0.0, 0.0, 1.0, 1.0, 1.0, -1.0, 1.0, 2.0, 1.0, -1.0, 1.0, 1.0, 0.0, -1.0, 0.0, -1.0, -1.0, 2.0, 1.46949880684, 2.07077941608, 0.0, 0.0, 3.0, 3.0, 0.0, 0.0, 1.0, 3.0, -1.0, -1.0, 3.0, 3.0, 1.0, 2.0, 1.86701387507, 2.0, 3.0, 98130.0, 579.0, 99538.0
1.0, 3.0, 3.0, -1.0, -1.0, 2.0, 0.0, 2.0, -1.0, 1.0, -1.0, -1.0, 3.0, 3.0, -1.0, 0.967019434668, -0.0520955605143, 0.0, -1.0, 0.0, 3.0, 0.0, 2.0, 1.62861004572, 0.871475882024, 2.0, 3.0, 0.0, -1.0, 3.0, 2.0, 1.0, -1.0, -1.0, 0.0, 1.0, 2.0, 1.0660997437, 0.0, 0.0, 1.79574703512, 2.0, -1.0, 1.0, -1.0, 1.9514231036, 1.0, -1.0, 2.0, 2.0, 98273.0, 530.0, 99544.0
3.0, 0.0, 1.0, -1.0, -1.0, 2.0, 0.0, 1.0, -1.0, 2.0, 3.0, 1.0, 1.07885180684, -1.0, 2.0, -0.496408067837, 1.0, -1.0, 2.0, 1.0, 3.0, 1.0, 3.0, 2.0, 0.0, 3.0, -1.0, 0.0, 1.0, 2.0, 2.0, 2.0, 1.0, 3.0, 3.0, 0.0, -1.0, -1.0, 1.0, 2.0, -0.0604162672248, 2.0, -1.0, 3.0, 0.0, -0.250351612921, 0.0, 1.0, 0.0, 3.0, 98142.0, 577.0, 99514.0
2.25473800278, -1.0, 3.0, 1.0, 3.0, 3.0, 1.0, 2.0, -1.0, 0.0, 1.0, 2.63398844916, 1.0, 0.606864651027, -0.936721902208, 3.0, -1.0, -1.0, -1.0, 2.0, 0.0, 1.0, 3.0, -1.0, 1.0, -1.0, 2.0, 2.0, -1.0, -1.0, 3.0, 2.0, 2.0, 3.0, 2.0, -1.0, 2.0, -0.965194334015, 1.0, 3.0, 0.0, -1.0, -1.0, -1.0, -1.0, 0.0, 1.0, 0.935535525249, 2.0, 0.0, 98512.0, 485.0, 99613.0
1.0, -1.0, 1.0, 0.0, 1.0, -1.0, 2.0, -1.0, 0.0, 1.0, 3.0, 0.0, 0.0, 2.0, 2.0, 0.0, -1.0, 1.0, 2.0, 1.0, 2.0, 1.0, -1.0, 2.0, -1.0, 2.0, 3.0, 2.0, 3.0, -1.0, 3.0, -1.0, -1.0, 0.0, 1.0, 0.0, 1.0, 2.0, 3.0, 0.0, 0.0, 3.0, 1.0, -1.0, 1.0, 2.0, 3.0, 0.0, 0.0, -1.0, 98131.0, 569.0, 99553.0
-1.0, 3.0, 2.0, -1.0, 1.0, 1.0, -1.0, 0.0, 3.0, 1.0, 3.0, -1.0, 3.0, 2.0, 2.0, 0.0, 1.0, 3.0, 0.0, 3.0, -1.0, 1.0, 3.0, 2.0, -1.0, 1.0, 3.0, 0.0, 0.0, 0.0, 3.0, 2.0, 2.0, 0.0, -1.0, 1.0, 2.0, 3.0, 1.0, 0.0, 0.0, 3.0, 0.0, 0.0, 2.0, 1.0, 2.0, 1.0, 2.0, 1.0, 98158.0, 630.0, 99499.0
3.0, 3.0, 0.0, 3.0, 1.87569202501, 1.388327419, 0.0, 3.0, -1.0, 0.0, 3.0, 2.16426504942, 1.0, 0.0, 1.0, 0.0, 3.0, -1.0, -1.0, 0.0, 0.0, 1.0, 1.0, 2.0, 0.0, 2.0, 1.0, 0.120334018017, 3.0, 3.0, 2.0, 0.191201021094, -1.0, 2.0, 2.0, 2.0, -0.96395448303, -1.0, 2.0, 0.0, -1.0, 2.0, 2.91928721549, 0.0, 1.0, 3.0, -1.0, 1.0, 2.32015689059, -1.0, 98254.0, 591.0, 99511.0
-1.0, 3.0, 2.0, -1.0, 1.0, 1.0, -1.0, 0.0, 3.0, 1.0, 3.0, -1.0, 3.0, 2.0, 2.0, 0.0, 1.0, 3.0, 0.0, 3.0, -1.0, 1.0, 3.0, 2.0, -1.0, 1.0, 3.0, -0.366550618033, 0.0, 0.0, 3.0, 2.80908027067, 2.0, 0.0, -1.0, 1.0, 2.0, 3.0, 1.0, -0.394661124598, 0.0, 3.0, 0.0, 0.0, 2.0, 1.0, 2.0, 1.0, 2.0, 1.0, 98160.0, 630.0, 99499.0
3.0, 0.0, 1.0, -1.0, -1.0, 2.24267953701, 0.0, 2.9996365622, -1.0, 2.0, 3.0, 1.0, 2.0, 2.77225567803, 2.70257688821, -0.432658578105, 0.114565538715, -1.0, 2.28038918726, 1.0, 2.0, 1.0, 3.0, 2.0, 0.0, 3.0, -0.661301514257, 0.0, 1.0, 2.93238736732, 2.59736125557, 2.0, 1.0, 3.0, 1.0, 0.0412272175503, -1.0, -1.0, 1.0, 2.0, -1.0, 0.222750353951, -1.0, 3.0, 0.0, 0.0, 0.0, 1.0, 0.0, 3.0, 98245.0, 576.0, 99523.0
-1.0, 2.0, 0.0, 1.0, -1.0, 3.0, 3.0, 3.0, 1.0, 1.0, -1.0, -1.0, 3.0, 2.0, 0.0, 1.0, -0.488443985234, 3.0, -1.0, 2.0, 0.484528028163, 2.0, -1.0, 0.0, 0.0, 3.0, 1.0, 2.0, 0.0, 0.0, 2.0, 2.0, 0.0, 1.0, 2.0, 0.0, 3.0, 2.22527714206, 0.0, -1.0, 0.0576817254117, 3.0, 1.0, -1.0, 1.0, 1.0, 3.0, -1.0, 2.0, 0.0, 98067.0, 603.0, 99507.0
-1.0, 2.0, 1.0, -1.0, -1.0, 0.0, 2.0, 2.0, 2.70613181431, 2.0, 1.0, 2.0, 2.0, 2.0, 1.0, 2.0, 1.0, 0.0, 3.0, 0.0, -1.0, -1.0, 3.0, -1.0, 0.897460320883, 3.0, 0.0, 1.0, 2.0, -1.0, 1.0, -1.0, 0.0, 1.0, -0.511006249852, -1.0, -1.0, 0.0, 1.0, 0.968517303598, -1.0, 2.0, -1.0, 0.0, 0.0, -1.0, 3.0, -1.0, 0.0, 0.0, 98400.0, 498.0, 99598.0
-1.0, 2.0, 1.0, 2.0, 0.0, 1.0, -0.288942067291, 3.0, 3.0, -1.0, 0.274947084614, -1.0, 2.0, 2.0, 2.16735267295, -0.261098412674, 3.0, -1.0, 1.0, 1.0, -1.0, 1.0, 3.0, 0.0, 3.0, 3.0, 1.16590155783, 3.0, 1.0, -1.0, 1.0, 3.0, 0.0, 0.0, -1.0, 1.0, 0.0, 0.0661279234135, 1.0, 3.0, 1.92922332114, 2.0, 3.0, 2.86978889801, -1.0, 1.0, 0.0477734332716, 3.0, 1.0, 0.0, 98030.0, 601.0, 99508.0
-1.0, 3.0, 2.0, -1.0, 1.0, 1.0, -0.576212380191, 0.0, 3.0, 1.0, 3.0, -1.0, 3.0, 2.07410721851, 2.0, 0.0, 1.0, 3.0, 0.0, 3.0, -1.0, 1.0, 3.0, 0.335238103755, 0.739941153374, 0.275722143833, 3.0, 0.551831293007, 0.0, -0.0649884533252, 3.0, 2.0, 2.0, 0.0, -1.0, 1.0, 2.0, 3.0, 1.0, 0.501176550079, 1.04521948803, 3.0, 0.0, 0.0, 2.0, 1.37466865788, 2.20076760637, 1.0, 2.0, 2.47709561111, 98109.0, 641.0, 99492.0
-0.496788130004, 0.0, 2.0, 1.0, 0.0, 3.0, 3.0, 1.0, 0.0, 1.0, 0.0, 2.0, 2.0, 0.0, 1.0, 1.0, 2.0, -0.273550295971, 3.0, 2.0, 2.0, 1.0, 3.0, 0.0, -1.0, 1.0, 2.0, 0.0, -1.0, 0.0, 3.0, 0.0, 3.0, 3.0, 3.0, 2.0, 1.0, -1.0, -1.0, -1.0, 3.0, 3.0, -1.0, 3.0, 0.0, 1.0950386846, 2.78827850241, 1.0, -0.164584527237, 0.658445562075, 98164.0, 637.0, 99496.0
-1.0, 3.0, 2.0, -1.0, 1.0, 1.0, -0.576212380191, 0.0, 3.0, 1.0, 3.0, -1.0, 3.0, 2.0, 2.0, 0.0, 1.0, 3.0, 0.0, 3.0, -1.0, 1.0, 3.0, 2.0, 0.739941153374, 0.275722143833, 3.0, 0.551831293007, 0.0, -0.0649884533252, 3.0, 2.0, 2.0, 0.0, -1.0, 1.0, 2.0, 3.0, 1.0, 0.0, 0.0, 3.0, 0.0, 0.0, 2.0, 1.37466865788, 2.0, 1.0, 2.0, 2.47709561111, 98119.0, 641.0, 99492.0
0.0, 0.0, 2.0, 1.0, 0.0, 3.0, 3.0, 1.0, 0.0, 1.0, 0.634226671409, 2.0, 0.789616397002, 0.0, -0.122024313344, 0.0, 2.0, 1.0, 3.0, 2.0, 2.0, 1.03681791869, 3.0, 0.0, -1.0, 1.0, 2.0, 0.0, -1.0, 0.0, 3.0, 1.0, 3.0, 3.0, 3.0, 2.0, 1.0, -1.0, -1.0, -1.0, 3.0, 3.0, -1.0, 3.0, 0.0, 1.0, 2.0, 1.0, 2.0, 1.0, 98169.0, 637.0, 99496.0
3.0, 3.0, 0.0, 3.0, 2.0, 1.388327419, 0.0, 3.0, -1.0, 0.0, 3.0, 2.16426504942, 1.0, 0.0, 1.0, 0.0, 3.0, -1.0, -1.0, 0.0, 0.0, 1.0, 1.0, 2.0, 0.0, 2.0, 1.0, 0.120334018017, 3.0, 3.0, 2.0, 0.0, -1.0, 2.0, 2.0, 2.0, -1.0, -1.0, 2.0, 0.0, -1.0, 2.0, 2.91928721549, 0.0, 1.0, 3.0, -1.0, 1.0, 3.0, -1.0, 98270.0, 591.0, 99511.0
0.0, 0.0, 2.0, 1.0, 0.0, 3.0, 3.0, 1.0, 0.0, 1.0, 0.0, 2.0, 2.0, 0.0, 1.0, 0.0, 2.0, 1.0, 3.0, 2.0, 2.0, 1.0, 3.0, 0.0, -1.0, 1.0, 2.0, 0.0, -1.0, 0.0, 3.0, 1.0, 3.0, 3.0, 3.0, 2.0, 1.0, -1.0, -1.0, -1.0, 3.0, 3.0, -1.0, 3.0, 0.0, 1.0, 2.0, 1.0, 2.0, 1.0, 98178.0, 637.0, 99496.0
1.0, 3.0, 3.0, 2.0, -1.0, 2.0, 0.0, 2.0, -1.0, 1.0, -1.0, -1.0, 3.0, 3.0, -1.0, 1.0, -0.0520955605143, 0.0, -1.0, 0.0, 3.0, 0.0, 2.0, 1.62861004572, 0.719987243801, 2.0, 3.0, 0.0, -1.0, 3.0, 2.0, 1.0, -1.0, -1.0, 0.0, 1.0, 2.0, 2.0, 0.0, 0.0, 0.0, 2.0, -1.0, 1.0, -1.0, 1.9514231036, 1.0, -1.0, 2.0, 2.0, 98179.0, 549.0, 99530.0
-0.46310692171, -1.0, 2.0, 1.0, 2.0, 0.0, -1.0, 3.0, -1.0, 1.0, 0.0, 0.0, 0.0, -1.0, 1.0, 2.0, 0.0, 0.195086125754, 0.0, 3.0, 1.51227320031, -1.0, -1.0, 1.0, 2.0, -1.0, 1.0, -1.0, -0.171155224554, 1.0, -1.0, 2.0, -1.0, 3.0, 2.0, -1.0, 1.0, -1.0, 2.67542487633, 2.0, 0.835020380508, 2.0, 0.0, 0.0, -1.0, 0.885147628416, 3.0, 0.0, 1.0, 2.0, 98201.0, 541.0, 99566.0
2.0, 1.0, 1.0, 2.0, -1.0, 0.0, 2.0, 2.0, 1.0, -1.0, -1.0, 2.0, -1.0, -1.0, 1.0, 3.0, 2.0, 1.43116986902, 0.0, 1.0, 0.0, 2.0, 0.0, 0.0, -1.0, 0.0, 0.0, 3.0, 0.0, 1.6315290733, 1.0, -1.0, 3.0, -1.0, 2.0, 0.0, -1.0, 1.0, 1.0, -0.798086703813, 3.0, 2.0, 1.0, -1.0, 3.0, -1.0, 0.685431646239, 0.0, 1.0, 2.0, 98249.0, 548.0, 99542.0
0.0, 1.0, 1.0, 2.0, -1.0, 0.0247101152902, -1.0, 1.0, 0.0, -1.0, 1.0, 1.0, 2.0, 2.0, 2.0, 0.0, 0.0, 2.0, 2.0, 1.0, 0.0, -1.0, 3.0, 1.0, 2.0, -1.0, -1.0, 3.0, 2.0, 0.0, 0.0, 2.0, -1.0, 2.0, 0.651992721378, 0.0, -1.0, 1.0, 0.0, 3.0, -1.0, 2.0, -1.0, 3.0, 2.73664976831, -0.440062814417, -1.0, 1.0, -1.0, 1.0, 98224.0, 543.0, 99556.0
2.0, 2.0, 1.0, 3.0, 3.0, 3.0, 3.0, 3.0, 1.0, -1.0, 1.0, 1.0, 1.0, 0.0, 0.0, -1.0, -1.0, 2.0, 1.0, 1.0, 1.0, 1.0, 2.0, 1.0, 2.0, 3.0, -1.0, 2.0, 3.0, 2.0, -1.0, -1.0, -1.0, 3.0, 0.0, -1.0, 3.0, 2.0, 1.0, -1.0, 1.0, 2.0, 3.0, 3.0, -1.0, 2.0, -1.0, 2.0, 0.0, -1.0, 98500.0, 533.0, 99550.0
2.0, 0.0, -1.0, -0.0365302617793, -1.0, 1.55205497169, 2.0, 1.0, -1.0, -1.0, 3.0, 3.0, 3.0, -0.0203161088808, 1.62591087256, 2.0, 1.81641511807, 3.0, -1.0, 1.0, 1.0, 3.0, 0.0, 1.10838191624, -1.0, 0.058478620608, 0.0, 1.94204977619, 0.0, 0.0, 2.0, 2.0, -1.0, 2.0, 2.0, -1.0, 0.0, 0.0, 3.0, 3.0, 3.0, 0.0, -1.0, 1.0, 3.0, 1.0, 0.532046597575, 0.0, 1.71750911892, 1.0, 98129.0, 594.0, 99501.0
2.0, 1.0, 3.0, -1.0, -1.0, 0.0, 1.0, 1.0, 2.0, 0.0, 1.0, -1.0, 2.0, 3.0, 1.0, -1.0, 3.0, -1.0, -1.0, 1.0, -1.0, 3.0, 1.0, 3.0, -1.0, 2.0, -1.0, 1.0, -1.0, 0.0, 2.0, 2.0, 3.0, 2.0, 1.0, 3.0, -1.0, 0.0, 0.0, 3.0, 1.0, 2.0, -1.0, 0.0, 2.0, 3.0, -1.0, 0.0, 0.0, 0.0, 98389.0, 526.0, 99554.0
2.0, 0.0, 3.0, 2.0, -1.0, 1.0, 0.0, -1.0, -1.0, 1.0, 0.0, 0.0, 2.0, 2.0, 3.0, 1.0, 2.0, 2.0, 1.0, 0.0, 3.0, 0.0, 0.0, 1.0, 3.0, 0.0, 3.0, 3.0, -1.0, 0.0, 2.0, -1.0, 1.0, 2.0, 2.0, 3.0, -1.0, 0.0, 0.0, 1.0, -1.0, 1.0, 0.0, 1.0, 1.0, 1.0, 3.0, -1.0, 3.0, -1.0, 98093.0, 588.0, 99521.0
2.0, 0.0, 2.0, 0.0, 1.0, 2.0, 0.0, 0.822812307451, 2.5301799106, 1.0, 1.0, 0.0, 0.0, -1.0, -1.0, 1.0, 2.0, 3.0, 1.18087171879, -1.0, 3.0, 1.0, -1.0, 2.0, 0.331998426213, 2.0, 3.0, 3.0, -1.0, -1.0, 1.0, 2.0, -1.0, 1.0, 0.0, 2.0, 1.43826695598, 0.0, 3.0, -1.0, -1.0, 0.0, 0.0, 2.0, 3.0, 3.0, 0.0, 0.0, 3.0, 1.0, 98106.0, 585.0, 99533.0
0.0, 2.0, 3.0, -1.0, -1.0, 1.0, 1.0, 0.0, 0.0, 2.0, 1.0, 2.0, 3.0, 1.0, 3.0, 0.0, 3.0, -1.0, 3.0, 1.0, -1.0, 3.0, 2.0, 0.0, 2.0, 2.0, 1.0, 2.0, 1.0, 3.0, -1.0, 3.0, 1.0, 2.0, -1.0, -1.0, 0.0, 0.0, 0.0, -1.0, -1.0, 3.0, 0.0, 2.0, 2.0, 1.0, 0.0, 0.0, 2.0, 0.0, 98188.0, 571.0, 99526.0
0.0, 3.0, 1.0, -1.0, -1.0, 2.0, 3.0, 3.0, 2.0, 3.0, -1.0, 1.0, 0.0, -1.0, 0.0, 3.0, 1.0, 3.0, 0.0, 3.0, 1.0, 2.0, 0.0, 1.0, -1.0, 0.0, 2.0, 0.0, 3.0, 0.0, -1.0, 2.0, 0.0, 2.0, -1.0, 1.0, -1.0, 3.0, 2.0, 0.0, 1.0, -1.0, 1.0, -1.0, 2.0, 3.0, -1.0, 3.0, 1.0, 0.0, 98391.0, 556.0, 99529.0
3.0, 2.0, 0.0, 0.0, 3.0, 1.0, 2.0, -1.0, 1.10868603581, 0.122356034543, 2.0, -1.0, 1.0, 0.0, 1.0, 0.0, -0.207138689415, 3.0, -1.0, -1.0, 2.0, 0.669592418137, 2.0, 3.0, 0.797103660219, -1.0, 1.0, -1.0, 1.57582337283, 2.87770400319, 2.0, 2.38282384562, 3.0, -1.0, 0.0, 3.0, -0.882596256321, 2.0, -1.0, -1.0, 0.0, 1.0, 1.0, 0.0938477223995, -1.0, 0.0, 1.0, 2.0, -0.44695915344, 1.0, 98166.0, 570.0, 99534.0
-1.0, 2.0, 0.0, 1.0, -1.0, 3.0, 3.0, 3.0, 1.0, 1.0, -1.0, -1.0, 3.0, 2.0, 0.0, 1.0, 1.0, 3.0, -1.0, 2.0, 0.0, 2.0, -1.0, 0.0, -1.0, 3.0, 1.0, 2.0, 0.0, 0.0, 2.0, 2.0, 0.0, 1.0, 2.0, 0.0, 3.0, 0.0, 0.0, -1.0, 3.0, 3.0, 1.0, -1.0, 1.0, 1.0, 3.0, -1.0, 2.0, 0.0, 98163.0, 592.0, 99514.0
0.0, 1.0, 1.0, 2.0, -1.0, 1.0, -1.0, 1.0, 0.0, -1.0, 1.0, 1.0, 2.0, 2.0, 2.0, 0.0, 0.0, 2.0, 2.0, 1.0, 0.0, -1.0, 3.0, 1.0, 2.0, -1.0, -1.0, 3.0, 2.0, 0.0, 0.0, 2.0, -1.0, 2.0, 1.0, 0.0, -1.0, 1.0, 0.0, 3.0, -1.0, 2.0, -1.0, 3.0, 3.0, 0.0, -1.0, 1.0, -1.0, 1.0, 98243.0, 543.0, 99556.0
-1.0, 2.0, 1.0, -1.0, -1.0, 0.0, 2.0, 2.0, 2.0, 2.0, 1.0, 2.0, 2.0, 2.0, 1.0, 2.0, 1.0, 0.0, 3.0, 0.0, -1.0, -1.0, 3.0, -1.0, 2.0, 3.0, 0.0, 1.0, 2.0, -1.0, 1.0, -1.0, 0.0, 1.0, 1.0, -1.0, -1.0, 0.0, 1.0, 1.0, -1.0, 2.0, -1.0, 0.0, 0.0, -1.0, 3.0, -1.0, 0.0, 0.0, 98377.0, 513.0, 99590.0
2.0, 0.0, 2.0, 0.0, 1.0, 2.0, 0.0, 1.0, 3.0, 1.0, 1.0, 0.0, 0.0, -1.0, -1.0, 1.0, 1.0, 3.0, 2.0, -1.0, 3.0, 1.0, -1.0, 2.0, 1.0, 2.0, 3.0, 3.0, -1.0, -1.0, 1.0, 2.0, -1.0, 1.0, 0.0, 2.0, 2.0, 0.0, 3.0, -1.0, -1.0, 0.0, 0.0, 2.0, 3.0, 3.0, 0.0, 0.0, 3.0, 1.0, 98114.0, 585.0, 99533.0
0.0, 1.0, 1.0, 2.28372703643, -1.0, 1.0, -1.0, 1.0, 2.05525306525, -1.0, -0.00125606776754, 1.0, 2.0, 2.0, 2.24806083526, 0.508360850887, -0.594028940451, 2.0, 2.0, 1.0, -0.617048693034, -1.0, 1.89657913639, 1.0, 2.0, -1.0, -1.0, 3.0, 2.10362559205, 0.0, 0.0, 2.0, -1.0, 2.0, 1.0, 0.0, -1.0, 1.0, 0.0, 3.0, -1.0, 2.37435444819, -1.0, 3.0, 3.0, 0.0, -1.0, 1.0, -1.0, 1.0, 98383.0, 508.0, 99582.0
2.0, 1.0, 2.0, 1.0, 3.0, 1.0, 1.0, 2.0, 2.0, 2.0, 0.0, 1.0, 0.0, 0.0, 2.0, 0.0, 0.0, 1.0, 0.0, -1.0, 0.0, 0.0, -1.0, 3.0, -1.0, 0.0, 1.0, -0.315026991163, -0.735385881068, 2.0, 0.0, 3.0, 2.0, 2.0, -1.0, 1.0, 3.0, 1.0, 3.0, 0.0, 3.0, 2.0, -1.0, 1.22497078055, 3.0, -1.0, 1.0, 2.0, 3.0, 2.45298845685, 98065.0, 626.0, 99507.0
-1.0, 3.0, 2.43120040191, -1.0, -1.0, 0.0, 2.0, -0.440887026722, -1.0, 2.0, 0.983219909827, 3.0, -1.0, 2.0, 2.01599253144, 0.0, 2.0, 2.0, 2.0, -1.0, 0.0, 1.0, 0.153019811547, 0.0, 0.340635035602, -1.0, -1.0, 0.0, 1.0, 1.0, 1.0, 1.0, 1.0, -1.0, 1.0, 0.815819026887, 2.0, 0.0, 1.0, -1.0, 2.0, -1.0, 1.0, 0.0, 3.0, -1.0, 1.0, 0.0, 0.0, 3.0, 98229.0, 547.0, 99567.0
2.0, 0.0, 2.0, 0.0, 1.0, 2.0, 0.0, 0.822812307451, 3.0, 1.0, 1.0, 0.0, 0.0, -1.0, -1.0, 1.0, 2.0, 3.0, 1.18087171879, -1.0, 3.0, 1.0, -1.0, 2.0, 1.0, 2.0, 3.0, 3.0, -1.0, -1.0, 1.0, 2.0, -1.0, 1.0, 0.0, 2.0, 1.43826695598, 0.0, 3.0, -1.0, -1.0, 0.0, 0.0, 2.0, 3.0, 3.0, 0.0, 0.0, 3.0, 1.0, 98117.0, 585.0, 99533.0
2.0, 1.0, 2.27478631419, -1.0, -1.0, 0.880756757154, 1.0, 0.554580838406, 2.0, 0.0, 1.0, -1.0, 2.0, 3.0, 0.159116091411, -1.0, 3.0, -1.0, -1.0, 1.0, -1.0, 3.0, 1.38662031679, 3.0, -1.0, 2.0, -1.0, 1.0, 0.11045765091, 0.0, 2.0, 2.0, 3.0, 2.0, 1.0, 3.0, -1.0, 0.0, -0.849155185952, 3.0, 1.0, 2.0, -1.0, 0.589042780507, 2.0, 3.0, -0.148750461545, 0.0, 0.0, 0.0, 98359.0, 545.0, 99543.0
-1.0, 2.0, 3.0, 2.0, -1.0, 3.0, 1.0, 3.0, 1.11237750172, 1.0, 1.0, 1.0, 1.0, -1.0, 0.0, -1.0, 3.0, 0.0, 3.0, 0.0, -1.0, 1.75896541821, 2.0, 1.0, 0.0, 3.0, 2.0, -1.0, 0.0, 2.0, -1.0, 0.0, -1.0, 0.0, 1.67082039476, 2.0, -1.0, 1.0, -1.0, 3.0, -1.0, 2.0, 2.0, 1.0, -1.0, 3.0, 0.0, 0.0, 2.0, 3.0, 98382.0, 537.0, 99551.0
-1.0, 3.0, -1.0, -1.0, -1.0, 0.0, 2.0, 0.0, -1.0, 2.0, 0.0, 3.0, -1.0, 2.0, 2.0, 1.0, 2.0, 2.0, 2.83041359516, -1.0, 0.0, 0.322592184435, -0.550849674785, 0.0, 2.0, 1.19733125527, -1.0, 0.0, 2.0, 1.0, 1.0, 0.0, 1.0, -1.0, 1.0, -1.0, 2.0, 0.0, 1.0, -1.0, 2.46078131703, -1.0, 1.0, 0.0, 3.0, -1.0, 1.0, 0.0, 0.0, 3.0, 98303.0, 519.0, 99593.0
0.587086806291, 3.0, 1.0, -1.0, -1.0, 1.62400076021, 0.0, -1.0, -1.0, 1.0, 3.0, 1.0, 2.0, 1.0, 2.90204829431, 2.0, 3.0, 2.0, 0.0, -1.0, -1.0, 0.0, 3.0, 1.0, 0.21164374279, 1.0, -1.0, 2.0, -1.0, 2.0, 0.0, 3.0, 1.0, -1.0, 1.0, 2.0, -1.0, -1.0, -1.0, 0.0, 0.0, 3.0, 0.0, 3.0, 0.0, -1.0, 1.0, -0.303577332513, 1.0, 0.0, 98446.0, 520.0, 99577.0
2.0, 0.0, 2.0, 0.0, 1.0, 2.0, 0.0, 1.0, 3.0, 1.0, 1.0, 0.0, -0.0141444672534, -1.0, -1.0, 1.0, 1.0, 3.0, 2.0, -1.0, 3.0, 1.0, -1.0, 2.0, 2.25151751214, 2.0, 3.0, 3.0, -1.0, -1.0, 1.0, 2.0, -1.0, 1.0, 0.0, 2.0, 2.0, 0.0, 3.0, -1.0, -1.0, 0.0, -0.163063930741, 2.0, 3.0, 3.0, 0.0, 0.0, 3.0, 1.0, 98125.0, 585.0, 99533.0
-1.0, 3.0, 0.0, 2.0, 1.0, 3.0, -1.0, 1.0, 0.0, 0.0, 0.0, 3.0, -1.0, -1.0, 0.0, 1.0, -1.0, 2.70845820762, 2.0, 3.0, -1.0, 3.0, 1.0, 3.0, 2.0, 0.0, 2.0, -1.0, -1.0, 3.0, 2.0, -1.0, -0.655085224367, -1.0, 1.0, 0.0, -1.0, 3.0, 2.94056826323, -1.0, -0.607316294118, 0.0, 2.0, 2.0, 2.0, -1.0, 3.0, 1.0, 0.0, 2.0, 98581.0, 499.0, 99600.0
3.0, 3.0, 1.0, 0.0, -1.0, 1.0, 0.0, 0.0, 0.0, 2.0, 2.0, 2.0, 1.0, 2.0, 3.0, 1.0, 1.0, 0.0, 2.0, 1.0, 2.0, 3.0, -1.0, -1.0, 2.0, 3.0, 2.0, 3.0, 0.0, 2.0, 3.0, -1.0, 0.0, 1.0, -1.0, 3.0, -1.0, -1.0, 2.0, 1.0, 3.0, 1.0, 3.0, 2.0, 0.0, 0.0, -1.0, 1.0, 3.0, 1.0, 98180.0, 607.0, 99505.0
3.0, 1.0, 0.0, 0.0, -1.0, 3.0, 0.0, 2.0, 0.0, 0.0, 2.0, 1.0, 0.0, 0.0, 3.0, -1.0, 2.74519873877, -1.0, 2.0, 1.0, 2.0, 3.0, 1.0, 0.0, 3.0, 2.0, 2.0, 1.0, 2.14176079878, 2.0, 3.0, 0.266804308985, -1.0, 0.0, 2.0, 1.0, 3.0, 2.0, 3.0, 2.0, 2.0, -1.0, 0.0, 1.0, 0.0, 1.0, -1.0, -1.0, 1.0, 0.0, 98184.0, 620.0, 99504.0
1.0, 2.0, 1.26888546926, -1.0, 3.0, 2.0, 1.0, 1.0, 3.0, -1.0, 2.0, 1.0, 2.0, 1.0, 1.0, 2.0, 3.0, 3.0, -1.0, 0.785756959713, 0.0, 2.91693602248, 1.0, 1.0, 0.0, 1.0, 3.0, -0.738601251807, -1.0, 0.0, -1.0, 3.0, 2.0, 0.0, 0.359347524225, 3.0, 1.71378667099, 0.0, 1.0, 1.0, 2.0, 2.0, 3.0, 0.0, -0.780831147821, 2.84644856793, 0.0, 0.0, 2.0, -1.0, 98211.0, 599.0, 99504.0
3.0, 3.0, 0.0, 3.0, 2.0, 1.0, 0.0, 3.0, -1.0, 0.0, 0.0, -1.0, 1.0, 0.0, 1.0, 0.0, 3.0, -1.0, -1.0, 0.0, 0.0, 1.0, 1.0, 2.0, 0.0, 2.0, 1.0, 1.0, 3.0, 3.0, 2.0, 0.0, -1.0, 2.0, 2.0, 2.0, -1.0, -1.0, 2.0, 0.0, -1.0, 2.0, 3.0, 0.0, 1.0, 3.0, -1.0, 1.0, 3.0, -1.0, 98243.0, 580.0, 99518.0
-1.0, 2.0, 3.0, 2.0, -1.0, 3.0, 1.0, 3.0, 0.0, 1.0, 1.0, 1.0, 1.0, -1.0, 0.0, -1.0, 3.0, 0.0, 3.0, 0.0, -1.0, 3.0, 2.0, 1.0, 0.0, 3.0, 2.0, -1.0, 0.0, 2.0, -1.0, 0.0, -1.0, 0.0, 2.0, 2.0, -1.0, 1.0, -1.0, 3.0, -1.0, 2.0, 2.0, 1.0, -1.0, 3.0, 0.0, 0.0, 2.0, 3.0, 98398.0, 537.0, 99551.0
1.0, -1.0, 1.0, -0.253764562456, 1.0, -1.0, 2.0, -1.0, 0.0, 1.0, 3.0, 0.0, -0.330406299866, 2.0, 2.0, 0.0, -1.0, 1.0, 2.0, 1.0, 2.17153356687, 1.0, -1.0, 0.598287151681, -1.0, 0.598469990533, 3.0, 3.0, 3.0, -0.841381962462, 3.0, -1.0, -1.0, 0.0, 1.0, 0.0, 1.0, 2.0, 3.0, 0.0, 1.58927758008, 3.0, 1.0, -1.0, 1.0, 2.0, 3.0, 0.0, 0.0, -1.0, 98148.0, 569.0, 99553.0
2.0, 1.0, 2.0, 1.0, 3.0, 1.0, 1.0, 2.568531756, 2.0, 2.0, 0.0, 1.0, 0.0, 0.0, 2.0, 0.0, 0.0, 1.0, 0.0, -1.0, 0.0, 0.0, -1.0, 3.0, -1.0, 0.0, 1.0, -0.315026991163, -0.735385881068, 2.0, 0.0, 3.0, 2.0, 2.0, -1.0, 1.0, 3.0, 1.0, 3.0, 0.0, 3.0, 2.0, -1.0, 1.22497078055, 3.0, -1.0, 2.0, 2.0, 3.0, 2.45298845685, 98088.0, 626.0, 99507.0
3.0, 1.0, 0.0, 3.0, -1.0, 3.0, 0.0, 2.0, 0.0, 0.0, 2.0, 1.0, 0.0, 0.0, 3.0, -1.0, 1.0, -1.0, 2.0, 1.0, 3.0, 3.0, 1.0, 0.0, 3.0, 2.0, 2.0, 1.0, 1.0, 2.0, 3.0, 2.0, -1.0, 0.0, 2.0, 1.0, 3.0, 2.0, 3.0, 2.0, 2.0, -1.0, 0.0, 1.0, 0.0, 1.0, -1.0, -1.0, 1.0, 0.0, 98223.0, 620.0, 99504.0
-1.0, 2.0, 3.0, 2.56761906722, -1.0, 3.0, 1.0, 3.0, 0.0, 1.0, 1.0, 1.0, 1.0, -1.0, 0.0, -1.0, 3.0, 0.0, 3.0, 0.0, -1.0, 3.0, 2.0, 1.0, 0.0, 3.0, 2.0, -1.0, 0.0, 2.0, -1.0, 0.0, -1.0, 0.0, 2.0, 2.0, -1.0, 0.730467608719, -1.0, 3.0, -1.0, 3.0, 1.14296355319, 1.0, -1.0, 3.0, 0.0, 0.0, 2.0, 3.0, 98432.0, 537.0, 99551.0
-1.0, 2.0, 3.0, 2.56761906722, -1.0, 3.0, 1.0, 3.0, 0.0, 2.49261039003, 1.0, 1.0, 1.0, -1.0, 0.0, -0.976849072645, 3.0, 0.0, 3.0, 0.0, -1.0, 3.0, 2.0, 2.43628666678, 0.0, 3.0, 2.0, -1.0, 0.0, 2.0, -1.0, 0.0, -1.0, 0.0, 2.0, 2.0, -1.0, 0.730467608719, -1.0, 3.0, -1.0, 3.0, 1.14296355319, 1.0, -1.0, 3.0, 0.0, 0.0, 2.0, 3.0, 98474.0, 537.0, 99551.0
-1.0, 2.0, 0.0, 1.11533928574, -1.0, 3.0, 3.0, 3.0, 1.0, 1.0, -1.0, -1.0, 3.0, 2.98739560778, 0.0, 1.0, 1.0, 3.0, -1.0, 2.0, 0.0, 2.0, -1.0, 0.0, -1.0, 3.0, 1.0, 2.0, 0.0, 0.0, 2.0, 2.0, 0.0, 1.0, 2.0, -0.44763500246, 3.0, 1.12527931226, 0.0, -1.0, 3.0, 3.0, 1.0, -1.0, 1.0, 1.0, 3.0, -1.0, 2.51111651114, 0.0, 98205.0, 592.0, 99514.0
0.0, 2.91177433442, -1.0, -1.0, 1.0, 0.0, 1.0, 2.0, 2.48766564543, 1.0, -1.0, 1.0, 2.0, 3.0, 2.0, 2.56727342631, 1.0, 3.0, -1.0, -0.44068562341, 3.0, -1.0, 0.0, 2.0, -1.0, 1.0, 2.0, 3.0, 3.0, 2.0, -1.0, 0.0, 3.0, 2.58486062802, 3.0, 2.0, 0.484540911805, 3.0, -1.0, 0.0, 1.0, 0.0, 1.0, 0.0, -1.0, -1.0, 0.0, 2.6453181018, 2.0, 0.0, 98353.0, 582.0, 99522.0
2.0, -1.0, -1.0, -1.0, 2.0, 0.0, 3.0, 0.0, 0.0, 2.0, 0.0, 1.0, 3.0, -0.592548596644, 0.0352448439598, 2.0, 3.0, 3.0, 0.0, 1.0, 3.0, 2.0, 2.0, 0.0, 0.0, -1.0, 1.0, 2.0, 3.0, 2.90689283725, -1.0, 0.0, 1.0, 1.0, 3.0, 2.80927815191, 0.0, 3.0, 1.0, 0.147651904929, -0.209823212254, 3.0, 1.0, 0.0, 2.0, 1.0, 3.0, -1.0, 0.0, 1.07918827553, 98147.0, 629.0, 99501.0
-1.0, 2.0, 1.0, 2.0, 0.0, 1.0, 0.0, 3.0, 3.0, -1.0, 0.274947084614, -1.0, 2.0, 2.0, 2.16735267295, 1.10740546355, 3.0, -1.0, 1.0, 1.0, -1.0, 1.0, 3.0, 0.0, 3.0, 3.0, -1.0, 3.0, 1.0, -1.0, 1.0, 3.0, 0.0, 0.0, -1.0, 1.0, 0.0, 2.0, 1.0, 3.0, 1.92922332114, 2.0, 3.0, 3.0, -1.0, 1.0, 0.0477734332716, 3.0, 1.0, 0.0, 98143.0, 583.0, 99518.0
0.0, 1.93201000676, 3.0, -1.0, -0.153407338204, 1.0, 1.0, 0.0, 1.15945552913, 2.0, 1.0, 2.0, 3.0, 1.0, 3.0, -0.148041293336, 3.0, -1.0, 3.0, 1.0, -1.0, 3.0, 2.0, 0.0, 2.0, 2.0, 1.0, 2.0, 1.0, 3.0, -1.0, 3.0, 1.0, 2.0, -1.0, -1.0, 0.0, 0.0921816074394, 0.0, 1.93806840883, -1.0, 3.0, 0.0, 2.0, 2.0, 1.0, 0.0, 0.0, 2.0, 0.0, 98116.0, 607.0, 99509.0
0.0, 3.0, 3.0, 1.0, 2.0, -1.0, 2.11416325728, -1.0, -1.0, -1.0, 1.0, 0.0, 2.23881299041, 1.0, 1.94785731414, -1.0, 2.0, -1.0, 2.30524983664, 1.0, 0.0, 1.0, 1.0, 1.0, 3.0, 1.30454917862, 0.0, -1.0, 3.0, 2.0, 0.0, 2.0, -1.0, 3.0, 2.0, 2.0, -1.0, -1.0, -1.0, 1.0, 1.0, 0.81794403965, 2.0, -1.0, 0.0, 1.0, -1.0, 0.0, -1.0, 2.0, 98466.0, 514.0, 99589.0
0.0, 1.0, -1.0, 1.0, 2.0, 0.0, -1.0, 3.0, -1.0, 2.0, 0.0, -1.0, 2.0, 1.0, 0.0, 0.0, 2.46270607434, 3.0, 2.0, -1.0, 2.0, 2.0, -1.0, 1.0, -1.0, 1.0, 2.0, 1.0, -0.512782360902, -1.0, 1.0, 1.0, 0.0, 1.0, 1.0, 1.0, 0.0, 0.0, -1.0, -1.0, 0.0, 2.0, 2.0, 3.0, 3.0, 3.0, -1.0, -1.0, 2.0, 1.0, 98189.0, 551.0, 99564.0
0.827961826238, -1.0, 3.0, 2.0, 2.0, 3.0, 3.0, 0.0, -1.0, 1.75003183827, 2.0, 2.0, -1.0, 1.0, 1.0, 0.0, 1.0, 1.0, 0.431854227594, 0.0, -0.0853226493709, 0.423190471391, 3.0, -1.0, 2.4659943194, 0.0, 3.0, 1.0, 0.0, 1.0, 3.0, -1.0, 0.0, 2.0, 0.0, 2.0, 1.0, 0.0, 2.0, 3.0, 0.0, 3.0, 2.0, 1.0, -1.0, 2.0, 2.0, -1.0, -1.0, 2.0, 98079.0, 613.0, 99522.0
1.64235693349, 2.91177433442, -1.0, -1.0, 1.0, 0.0, 0.821019580822, 2.0, 2.48766564543, 0.679763064469, -1.0, 1.0, 2.0, 3.0, 2.0, 2.56727342631, 1.0, 3.0, -1.0, -0.44068562341, 0.576849974338, -1.0, 0.0, 2.17398531037, 2.0, 1.0, 2.0, 3.0, 3.0, 2.0, -1.0, 1.19463145857, 3.0, 2.58486062802, 3.0, 2.0, 0.484540911805, 3.0, -1.0, -0.580885330525, 1.0, 0.0, 1.0, 0.0, -1.0, -1.0, 0.0, 2.6453181018, 2.0, 0.0, 98379.0, 576.0, 99526.0
3.0, 0.0, 1.0, -1.0, -1.0, 2.0, 0.0, 1.0, -1.0, 2.0, 3.0, 1.0, 2.0, -1.0, 2.0, 0.0, 1.0, -1.0, 2.0, 1.0, 3.0, 1.0, 3.0, 2.0, 0.0, 3.0, -1.0, 0.0, 1.0, 2.0, 2.0, 2.0, 1.0, 3.0, 3.0, 0.0, -1.0, -1.0, 1.0, 2.0, -1.0, 2.0, -1.0, 3.0, 0.0, 0.0, 0.0, 1.0, 0.0, 3.0, 98281.0, 560.0, 99530.0
0.0, 2.0, 1.0, 3.0, 0.0, 2.0, -1.0, 3.0, 2.0, 0.0, 1.0, -1.0, 3.0, 3.0, -1.0, 3.0, 0.0, 1.0, 0.0, 2.0, 2.0, 2.0, 2.0, 2.0, 2.0, 1.0, -1.0, 1.0, 1.0, 3.0, 2.0, -1.0, -1.0, 0.0, 1.0, 0.0, 0.0, 3.0, -1.0, -1.0, 3.0, 0.0, 3.0, -1.0, -1.0, 2.0, 3.0, 0.0, -1.0, 1.0, 98289.0, 558.0, 99535.0
0.0, 2.0, 1.0, 3.0, 0.0, 2.0, -1.0, 3.0, 2.0, 0.0, 1.0, -1.0, 3.0, 3.0, -1.0, 3.0, 0.0, 1.0, 0.0, 2.0, 2.0, 2.0, 2.0, 2.0, 2.0, 1.0, -1.0, 1.0, 1.0, 3.0, 2.0, -1.0, -1.0, 0.0, 1.0, 0.0, 0.0, 3.0, -1.0, -1.0, 3.0, 0.0, 3.0, -1.0, -1.0, 2.0, 3.0, 0.0, -1.0, 1.0, 98289.0, 558.0, 99535.0
2.0, 2.0, 1.0, 1.0, 1.0, 0.0, -1.0, 0.0, -1.0, 0.0, 3.0, 0.0, 2.30712543766, 1.0, -1.0, -1.0, -1.0, -1.0, 0.264315101055, 0.0, 2.62047010023, 2.88458613271, 1.0, -1.0, 0.0, 1.0, -1.0, 0.0, -1.0, 0.0, 2.0, 3.0, -1.0, 0.0, 3.0, -1.0, 3.0, 1.0, 0.0, 1.0, -1.0, 2.0, 3.0, 1.0, -1.0, 1.0, 0.0, 3.0, 0.0, 3.0, 98366.0, 519.0, 99586.0
-1.0, 3.0, -1.0, -1.0, -1.0, 0.0, 2.0, 0.0, -1.0, 2.0, 0.0, 3.0, -1.0, 2.0, 2.0, 1.0, 2.0, 2.0, 2.0, -1.0, 0.0, 1.0, 1.0, 0.0, 2.0, -1.0, -1.0, 0.0, 1.0, 1.0, 1.0, 0.0, 1.0, -1.0, 1.0, -1.0, 2.0, 0.0, 1.0, -1.0, 2.0, -1.0, 1.0, 0.0, 3.0, -1.0, 1.0, 0.0, 0.0, 3.0, 98336.0, 520.0, 99593.0
