1.0, 2.68669318009, 2.0, 1.0, 0.0, 2.0, 0.990389971226, 3.0, -0.877455801022, 0.0, 0.136365593009, 1.14833370807, 0.308844403338, 0.154493023638, -1.0, -1.0, 0.638194456871, -0.168500589639, -0.0458351783271, 0.45271989909, -1.0, -0.397968808316, 2.997131341, 1.70736922234, -0.842652831403, 1.0, 0.417707907233, 2.38018031849, 0.0, 1.0, 0.635027241014, -0.446140398439, 3.0, -0.343998576366, 3.0, 2.2555765873, 2.0, 3.0, 0.0, -0.0629403340214, 0.984462715202, -0.332778991866, -1.0, 1.04041686806, 0.219222864287, 1.13884645497, 3.0, 0.639116526993, 0.0, -1.0, 96106.0, 626.0, 99380.0
3.0, -1.0, 0.022665475308, -0.520917959379, 1.02946404698, -0.543806010774, -0.908482824976, -1.0, -1.0, 2.03471292687, -1.0, -1.0, 1.0, 3.0, 2.0, -0.753836030343, 3.0, -1.0, -1.0, 1.2405635617, 1.41553750826, 2.0, -0.694156966608, 3.0, 1.09539108254, -0.93706201898, 3.0, 1.0, -1.0, 0.331335736726, 3.0, -0.561117937332, 0.0, -1.0, -0.969042983836, -0.857573581106, 1.0, -1.0, -0.316570726417, -0.491824019152, 2.40104316358, 1.0, -0.793017503996, 0.931011744441, -0.537787252231, -0.0436290680423, -1.0, -0.10756489514, 0.0, 0.70863730051, 97929.0, 410.0, 99631.0
3.0, -1.0, 3.0, -0.520917959379, 1.02946404698, -0.543806010774, -1.0, -1.0, -1.0, 2.03471292687, -1.0, -1.0, 1.0, 3.0, 2.0, -0.753836030343, 3.0, -1.0, -1.0, 0.0, 1.41553750826, 2.0, -0.694156966608, 3.0, 1.09539108254, 0.0, 3.0, 1.0, -1.0, 0.331335736726, 3.0, -0.561117937332, 0.0, -1.0, -0.969042983836, -0.857573581106, 1.0, -1.0, -0.316570726417, 1.28354465337, 2.11842587388, 1.0, -0.793017503996, 0.0, -0.537787252231, -1.0, -1.0, -0.10756489514, 0.0, 0.70863730051, 97965.0, 410.0, 99628.0
2.33410142812, 1.95696157881, 0.022665475308, 2.0, 1.02534095679, 3.0, 0.416618380734, 2.40533440941, 3.0, 0.0, 0.587322971876, 1.0, -0.214134258061, 1.0, 2.95575803176, 2.0, 0.795291683111, 0.918699004021, -0.17871319745, 2.0, 2.475516723, 0.972559502912, 0.170912110192, 3.0, 2.0, 1.49979109789, 1.09485052191, -0.124297069141, 3.0, 1.99878796164, 2.0, 0.399799920224, 0.765883921003, 0.0, 2.51117769259, -0.354258242445, 2.0, 1.7942864853, -0.269628300052, 1.25346178199, 0.611363489446, 1.0, 2.83191687628, 1.0, 3.0, -0.865675099744, 0.0, 0.0, 1.50608550068, 3.0, 96262.0, 726.0, 99339.0
3.0, -1.0, 3.0, -0.520917959379, -1.0, -0.543806010774, -1.0, -1.0, -1.0, 2.03471292687, -1.0, -1.0, 1.0, 3.0, 2.0, -0.753836030343, 3.0, -1.0, -1.0, 0.0, 1.41553750826, 2.0, 0.0, 3.0, 1.0, 0.0, 3.0, 1.0, -1.0, 0.402331751984, 3.0, -1.0, 0.0, -1.0, -0.538242695688, 0.0, 1.0, -1.0, -0.316570726417, 1.28354465337, 2.11842587388, 1.0, -0.793017503996, 0.0, 0.0, -1.0, -1.0, -1.0, 0.0, 0.70863730051, 97773.0, 415.0, 99611.0
1.0, 0.0796072936833, 0.344006128919, -0.470434474796, -0.349908815734, -0.78462989972, -1.0, -0.907860686722, -1.0, 1.63822011669, -0.952444052103, -1.0, 0.0, -0.110916472504, 2.0, -0.908317403417, 3.0, -0.0253249862921, -1.0, -0.335783722757, 0.0, 2.99114959898, -0.638847538548, -0.394170017654, -0.903151109063, -1.0, 3.0, 1.81442411028, -1.0, 0.417937321119, 3.0, -1.0, 0.0, 0.852200943327, 0.0, 0.0, 1.0, -1.0, -0.869913043846, 1.9329152012, -0.406012425862, 2.03594297598, 2.0, 2.01342831067, 1.94383088177, -1.0, -1.0, -1.0, -1.0, 2.0, 97361.0, 450.0, 99576.0
-0.471984036118, 0.189509560351, 1.93894150659, -1.0, 1.09584852384, -0.622528402403, 2.86577333163, 0.0, -1.0, 2.77263252775, -1.0, -0.249853988334, 0.0, 0.0, -0.97812756173, 2.0, -0.923350175491, 2.94190795425, -0.710439650291, 1.0, 2.48391516844, -0.921288560322, -1.0, 3.0, 2.93816158091, 1.0, 2.93283390175, 2.99089452924, -1.0, -0.586763203431, -1.0, 0.624610630333, -0.223417795655, -0.832624348962, 0.0919096932748, -0.161826904914, 0.106215006014, 3.0, 2.24258975398, -0.65787615691, 0.542896095686, -1.0, -0.863785769669, -0.746480060464, 2.81003552274, 2.10879334616, 3.0, -0.800288258633, 2.25283287698, -0.920959229028, 97654.0, 440.0, 99553.0
1.72559760188, 1.95696157881, 0.022665475308, 2.0, 1.02534095679, 3.0, 0.416618380734, 2.40533440941, 3.0, 0.0, 0.587322971876, 1.0, 0.0255473457929, 1.0, 2.0, 2.0, 0.795291683111, 0.918699004021, -0.17871319745, 2.0, 2.475516723, 2.92921748369, 0.170912110192, 3.0, 2.0, 1.49979109789, 1.09485052191, 0.706565179368, 3.0, 1.99878796164, 1.29754285807, 1.0, 0.984279072898, 0.0, 1.05060969557, 0.709358113255, 2.0, 2.0, -0.269628300052, 1.25346178199, 0.611363489446, 1.0, 2.83191687628, 0.931011744441, 1.38727700087, 0.0218788275959, -1.0, 0.0, 1.50608550068, 3.0, 96216.0, 722.0, 99340.0
1.0, 2.68669318009, 2.0, 1.0, 0.0, 2.0, 1.53132946818, 3.0, -0.877455801022, 0.0, -1.0, 1.14833370807, 0.308844403338, 0.154493023638, -1.0, -1.0, 0.638194456871, -0.168500589639, -0.0458351783271, 0.45271989909, -1.0, -0.397968808316, 2.997131341, 1.70736922234, -0.842652831403, 1.0, 0.417707907233, 2.38018031849, 0.0, 1.0, 0.635027241014, -0.446140398439, 3.0, -0.343998576366, 3.0, 2.2555765873, 2.0, 3.0, 0.0, -0.0629403340214, 0.984462715202, -0.332778991866, -1.0, 1.04041686806, 0.219222864287, 1.13884645497, 3.0, 0.639116526993, 0.0, -1.0, 96284.0, 607.0, 99394.0
0.679453847336, 0.513359836115, 0.497585559957, -1.0, -1.0, 0.0, 0.0, 2.97379387786, 3.0, 2.0, 3.0, 2.0, -0.167990410856, -0.225356936252, -1.0, 3.0, -0.123433423407, 1.49542640532, -1.0, 0.0, 1.0, 0.0830171131905, 2.71459353091, 2.0, -1.0, 0.0, 2.0, -0.368066271541, -1.0, 1.53056088655, -0.153723197011, -0.26122681834, 1.0, 1.0, -0.0380685200049, -0.0920898765355, 0.452303891533, 2.98418872818, 0.0, 1.59474470206, 1.0, -0.332552119239, 3.0, 0.0, 0.0, 0.0, -0.363997534428, 1.01617910546, 2.0, 3.0, 96155.0, 642.0, 99377.0
1.12872961659, 0.0, 3.0, -0.520917959379, -0.820028939829, 1.0, 0.695560885555, -1.0, -1.0, 0.0, -1.0, -1.0, -0.602340302777, 2.49748596985, -1.0, -1.0, 3.0, 2.39206559084, -0.978858655671, 0.929705001021, 1.02569377577, 0.451052332979, -0.888241445557, 2.04828438925, -0.908075718974, -0.756090730526, 3.0, 2.60352435448, -1.0, -0.702645450768, 3.0, 2.92360721845, -0.0776647256061, -1.0, 0.554071004059, 0.0, 2.0, -1.0, 0.0, 0.817262940948, -0.894340234341, 2.49655403092, 1.76773288683, -0.885591006771, -0.450550469245, 2.0, -1.0, -1.0, 1.10837621221, 0.70863730051, 97649.0, 421.0, 99571.0
0.0, 0.0500143263931, 3.0, -1.0, 1.09584852384, 2.0, 2.53988199404, 0.0, -1.0, 2.77263252775, -1.0, -0.249853988334, 0.895613633266, 1.0, -0.97812756173, 2.0, -0.923350175491, 2.94190795425, -0.710439650291, 2.9706781067, 2.93872407472, -0.114807809562, -1.0, 1.6717223247, -0.519869873642, 1.0, 2.93283390175, 2.75276431464, -1.0, 2.82681236204, -1.0, -0.573843351645, -0.223417795655, 0.0, 1.64210594842, 0.380402982969, 0.106215006014, 3.0, 2.24258975398, -0.65787615691, 0.124790866604, -1.0, -0.699125442234, -0.93050713418, 2.46755266622, 2.10879334616, 3.0, -0.800288258633, 2.25283287698, -0.838102186814, 97522.0, 470.0, 99520.0
3.0, -0.47309337799, 2.32660947736, 0.0310175216027, 2.0, 3.0, 0.416618380734, 1.8359553549, -1.0, 3.0, 1.0, 0.0323726183584, 0.0, 1.0, -1.0, -0.241157630308, 0.0, 1.75058001714, 2.0, 0.0, 0.549623525626, 1.0, 2.07496685706, 3.0, -0.951107133067, 0.907621947788, 2.37542659613, 2.09209329718, -1.0, 1.7818805817, 2.42342857382, 2.0, 3.0, 0.777414598947, -0.260772181689, 1.58686532873, 2.78925134704, 0.0806907523062, 2.0, 0.500283185763, 0.0, 2.0, 0.0, 0.771331157402, 3.0, -0.15863110483, -0.904690983825, 0.0, 1.0, 1.0, 96467.0, 657.0, 99364.0
-0.4505398013, 1.16699495336, 0.497585559957, -1.0, -1.0, 0.0, 0.0235003837138, 1.67554404, 3.0, 2.0, 3.0, 2.0, -0.145807294438, -0.225356936252, -1.0, 3.0, -0.123433423407, 1.49542640532, -1.0, -0.335783722757, 0.0, 0.0830171131905, 2.71459353091, 2.52867710856, -1.0, -1.0, 2.0, -0.368066271541, -1.0, 1.53056088655, -0.153723197011, -0.991316341822, 1.0, 1.0, -0.0380685200049, -0.0920898765355, 0.452303891533, 2.88268779782, 0.0, 1.05323728165, 1.0, -0.332552119239, 3.0, 0.0, 0.0, 0.0, -0.363997534428, -0.145333847787, 2.0, 3.0, 96256.0, 613.0, 99405.0
1.12872961659, 0.0, 3.0, -0.520917959379, -0.820028939829, 1.0, 0.695560885555, -1.0, -1.0, 0.0, -1.0, -1.0, -0.602340302777, 2.49748596985, -1.0, -1.0, 3.0, 2.39206559084, -0.978858655671, 0.929705001021, -1.0, 0.451052332979, 0.0, 2.04828438925, -0.908075718974, -0.474853005092, 3.0, 2.60352435448, -1.0, -0.702645450768, 3.0, 2.92360721845, -0.50927531872, -1.0, 0.554071004059, 0.0, 2.0, -1.0, 0.0, 0.817262940948, -0.880908598367, 2.49655403092, 1.76773288683, -0.885591006771, -0.308758909714, 2.0, -1.0, -1.0, -0.25498991852, 0.70863730051, 97541.0, 423.0, 99570.0
0.0, 0.189509560351, 1.93894150659, -1.0, 1.09584852384, -0.161511872362, 2.86577333163, 0.0, -1.0, 2.77263252775, -1.0, -0.249853988334, 0.0, 0.0, -0.97812756173, 2.0, -0.923350175491, 2.94190795425, -0.710439650291, 1.0, 2.93872407472, -0.921288560322, -1.0, 3.0, 2.93816158091, 1.0, 2.93283390175, 2.75276431464, -1.0, -0.586763203431, -1.0, 0.624610630333, -0.223417795655, -0.832624348962, 0.436812229196, -0.161826904914, 0.106215006014, 3.0, 2.24258975398, -0.65787615691, 0.542896095686, -1.0, -0.863785769669, -0.746480060464, 2.46755266622, 2.10879334616, 3.0, -0.800288258633, 2.25283287698, -0.920959229028, 97545.0, 457.0, 99538.0
1.0, 0.607168886796, 2.0, 1.0, -0.934144032455, -0.591283541259, -0.337931575283, -0.0424386555985, -0.877455801022, 1.0, -1.0, 1.61411638607, 3.0, 1.38736695717, -1.0, -1.0, 1.62522881445, 1.91968951738, 0.520327678924, 1.0, -1.0, -0.819080396934, 1.67804315085, 1.0, 0.38688749668, -0.118037536342, -1.0, 0.497836873272, 1.0643017092, 0.521404383254, 1.14696430595, -1.0, -0.248492403686, 0.0, 3.0, 2.95615696048, 0.789157153872, 0.366276714311, 1.39344456985, 2.51587972253, 2.76170209977, -1.0, -1.0, 0.49607637742, 2.19454780846, 2.0, -0.865269628613, -1.0, 2.0, -0.893394976776, 97165.0, 487.0, 99499.0
1.0, 2.0, -0.210984797933, -0.470434474796, 0.0, 1.0, 0.0, -0.401369483276, -0.877455801022, 1.38306135784, 1.42437981411, 3.0, 3.0, 1.3132380329, 2.0, 2.38656912624, 3.0, 0.626170493451, 2.71351794005, -0.0121806850921, 1.76080061377, -0.236201434962, 3.0, -0.103553583407, 2.0, 1.13788034962, -1.0, 0.0, -0.194540190196, 1.0, 2.0, -0.493507442691, 0.903929039714, 0.0, 3.0, 2.58864918699, 2.0, 3.0, 0.0, -0.266052287864, 2.64384816545, 0.561062358537, 0.219528585929, 0.144865861023, 1.00125669805, 2.74489439109, 3.0, 0.1612378161, 0.0, -0.879773603605, 96280.0, 689.0, 99360.0
0.341422084893, 0.3867043834, 0.30019563545, 0.0, 1.55413644538, 0.0, 2.0, 0.205358381664, -1.0, 3.0, -0.0685764456205, 2.0, 0.0, 1.0, -1.0, -1.0, 0.995172949545, 0.742983246221, 2.0, 0.362129637456, 2.14544692674, 0.0830171131905, -0.851353978018, 3.0, -0.951107133067, 1.22510110354, 3.0, -0.897782414934, -0.96760539466, 1.0, 2.42342857382, 2.53034229652, 2.27413086799, 2.0, 1.89411132119, 3.0, 2.98851262654, 1.68024558303, -0.353675868539, -0.0241898440033, 1.73893097598, 2.0, 0.0, -1.0, 3.0, 0.835599005057, -1.0, 0.0, 2.99033294261, 1.0, 96767.0, 598.0, 99401.0
1.0, 0.0796072936833, 0.344006128919, -0.470434474796, -1.0, -0.78462989972, -1.0, -0.907860686722, -1.0, 1.63822011669, -0.952444052103, -1.0, 0.0, -0.110916472504, 2.0, -0.136654865559, 3.0, -0.0253249862921, -1.0, 0.0, 1.0, 2.99114959898, -0.914023770252, -0.394170017654, -0.903151109063, 0.0, 3.0, 1.0, -1.0, 0.417937321119, 3.0, -1.0, 0.0, 0.852200943327, 0.0, 0.0, 1.0, -1.0, -0.869913043846, 1.9329152012, -0.406012425862, 2.03594297598, 2.0, 2.01342831067, 1.94383088177, -1.0, -1.0, -1.0, -1.0, 2.0, 97201.0, 462.0, 99559.0
1.0, 2.68669318009, 2.0, 1.0, 0.0, 2.0, 1.53132946818, 3.0, -0.877455801022, 0.0, -1.0, 2.07476353578, 3.0, 0.154493023638, -1.0, -1.0, 0.638194456871, -0.168500589639, -0.0458351783271, 0.45271989909, -1.0, -0.397968808316, 2.51460551492, 1.70736922234, -0.842652831403, 1.0, 0.417707907233, 2.38018031849, 0.0, 1.0, 0.635027241014, -1.0, 3.0, -0.109964658419, 3.0, -0.350547782695, 2.0, 3.0, 0.0, -0.0629403340214, 0.984462715202, -0.142462168829, -1.0, 1.04041686806, 0.402772468818, 1.13884645497, 3.0, 0.639116526993, 0.0, -1.0, 96341.0, 593.0, 99406.0
2.29344990414, 1.95696157881, 0.022665475308, 2.0, 1.02534095679, 3.0, 0.416618380734, 2.21701633471, 3.0, 0.0, 0.587322971876, 1.0, 0.0255473457929, 1.0, 2.82178539926, 2.0, 0.795291683111, 0.918699004021, -0.17871319745, 2.0, 2.475516723, 2.81531876875, 0.170912110192, 3.0, 2.0, 1.49979109789, 1.09485052191, -0.124297069141, 3.0, 1.99878796164, 2.0, 1.0, 1.79041630639, 0.0, 2.79108733781, 0.709358113255, 2.0, 0.366276714311, -0.748269476274, 1.25346178199, -0.245713475429, 0.832651953732, 2.83191687628, -0.551593681286, 3.0, -0.865675099744, 0.0, 0.0, 1.50608550068, 3.0, 96418.0, 699.0, 99356.0
0.679453847336, -0.47309337799, 2.32660947736, -0.335398754138, 2.0, 3.0, 1.63784040096, 1.8359553549, -0.877455801022, 3.0, 1.0, 0.102508709586, 0.0, 1.22084933616, -1.0, -1.0, 0.0, 1.75058001714, 2.0, 0.0, 1.0, 1.0, 2.07496685706, 3.0, -0.951107133067, 1.148001985, 2.37542659613, 2.94214076538, -1.0, 1.7818805817, 2.42342857382, 2.0, 3.0, 2.0, 0.600927293137, 1.58686532873, 2.78925134704, 0.293780608189, 0.937573940375, 0.456004572164, 0.0, 0.480520909458, 0.0, -0.646362737621, 3.0, -0.15863110483, 0.160324701343, 0.0, 1.0, 1.90378599827, 96504.0, 648.0, 99368.0
1.12872961659, 0.0, 3.0, -0.520917959379, -0.820028939829, 1.0, 0.695560885555, -1.0, -1.0, 0.0, -1.0, -1.0, -0.602340302777, 2.49748596985, -1.0, -1.0, 3.0, 2.39206559084, -0.978858655671, 0.929705001021, -1.0, 0.451052332979, 0.0, 2.04828438925, -0.908075718974, -0.474853005092, 3.0, 2.60352435448, -1.0, -0.0716537381797, 3.0, 2.92360721845, -0.917013942073, -1.0, 0.554071004059, 0.0, 2.0, -1.0, 0.0, 0.817262940948, -0.880908598367, 2.49655403092, 1.76773288683, -0.885591006771, -0.308758909714, 2.0, -1.0, -1.0, 0.364107183476, 0.70863730051, 97407.0, 434.0, 99555.0
0.474199569377, -0.47309337799, 2.32660947736, 0.0310175216027, 0.286591185972, 3.0, 0.416618380734, 1.8359553549, -1.0, 3.0, 1.0, 0.0323726183584, 0.0, 1.0, -1.0, -0.241157630308, 0.0, 1.75058001714, 2.0, 0.0, 0.549623525626, -0.97091635738, 2.07496685706, 3.0, -0.951107133067, 0.907621947788, 2.37542659613, 2.40240823759, -1.0, 1.7818805817, 2.42342857382, 2.40542399649, 3.0, 0.777414598947, -0.260772181689, 1.58686532873, 2.78925134704, 0.0806907523062, 2.0, 0.500283185763, 0.0, 2.0, 0.0, 0.771331157402, 3.0, -0.15863110483, -0.953101942528, 0.0, 1.0, 1.0, 96433.0, 639.0, 99373.0
3.0, 2.0, 2.0103761871, -0.771799165948, -0.947056083322, 1.0, 0.0, -1.0, 3.0, 1.0, -1.0, -1.0, 3.0, 0.0, -1.0, 2.0, 3.0, 2.0, 0.0, 0.0, -0.768598387955, 2.13066826411, 0.0, 0.0, 2.27784461803, 0.311222273679, 1.1910875945, -1.0, -1.0, 3.0, 3.0, 3.0, 0.308786713313, -1.0, 3.0, 1.0, -1.0, 0.0, 2.0, 2.0, 0.0, 0.0, 0.834951148145, -1.0, 1.0, 1.0, -1.0, -1.0, 2.0, -1.0, 97067.0, 497.0, 99490.0
1.12872961659, 0.0, 3.0, -0.520917959379, -0.820028939829, 1.0, 0.695560885555, -1.0, -1.0, 0.0, 0.538004587167, -0.323547861227, -0.602340302777, 2.49748596985, -1.0, -1.0, 3.0, 2.39206559084, -0.978858655671, 0.929705001021, -1.0, 0.451052332979, 0.0, 2.04828438925, -0.908075718974, -0.474853005092, 3.0, 2.60352435448, -1.0, -0.44811355833, 3.0, 2.92360721845, -0.180954473766, -1.0, 0.246326858861, 0.0, 2.0, -1.0, 0.0, 0.817262940948, -0.880908598367, 2.49655403092, 1.76773288683, -0.885591006771, -0.308758909714, 2.0, -1.0, -1.0, 2.25283287698, 0.70863730051, 97155.0, 479.0, 99513.0
0.214272715065, -0.836201351187, 1.85860661128, 1.0, -0.552021167359, 2.36643589346, 1.2105902346, 1.55731243758, -1.0, 1.0, -1.0, 3.0, 1.74644209996, 1.38736695717, -1.0, -1.0, 2.41390478089, 0.873197123057, 1.73899327362, 1.0, -1.0, -0.528299576995, 1.67804315085, 0.296426382074, 2.18058983408, -0.648612816979, -1.0, -0.522884375342, 0.0, -0.338691680244, 2.39131614906, -1.0, 3.0, 2.4843870524, 3.0, 1.54265036665, 2.0, -0.698974637314, 1.39344456985, 2.51587972253, 2.17358698899, 1.15114232953, -1.0, 2.47896396535, 1.00125669805, 2.0, -0.865269628613, -1.0, 0.0, -0.893394976776, 97405.0, 462.0, 99526.0
1.0, 2.0, 2.0, -0.0944981585267, 0.0, 2.51969305528, 0.0, 3.0, -0.958923212933, 0.0, -1.0, 0.095791924882, 3.0, 1.0, -1.0, -1.0, 0.995172949545, 0.180271306754, 0.725760634213, 1.0, -1.0, -0.681482535447, 3.0, 1.58497438175, 1.57739132222, 1.0, 0.467640862088, 0.670647938078, -1.0, 1.0, -0.370926873474, 1.612549127, 3.0, -0.780581747103, 3.0, 2.0, 2.0, 3.0, 0.0, 1.0, 1.0, -0.5562362063, -1.0, 1.04041686806, 0.238711154062, 1.13884645497, 3.0, -1.0, 2.35621837251, -1.0, 96777.0, 539.0, 99448.0
2.0, 1.17437551089, 2.11558528884, -1.0, -0.877847377623, 2.0, 0.416618380734, -0.401369483276, 1.19717674222, 3.0, 3.0, 1.43723453871, 0.288747743837, 1.63138039044, 2.32483043837, 2.0, 2.0, 2.01589074054, 1.69326050181, 0.0, 1.0, 0.0, 1.0, 2.58039501798, -1.0, 1.0, 2.0904813466, 0.0540483129482, 0.0, 0.997963041443, 2.0, 2.20076494124, 0.0, 0.0, 1.06629001926, 0.197781882691, -1.0, 3.0, -1.0, 0.0, 2.0, 1.46747233897, 0.674779282659, 2.0, 0.0, 1.0, 0.195160700549, 2.0, 1.0, 2.17978833118, 96403.0, 670.0, 99373.0
-0.885629620391, 0.0, 2.06904274183, -1.0, 1.09584852384, 2.0, 2.53988199404, -0.345681368946, -1.0, 2.77263252775, -1.0, -0.249853988334, 0.496129313881, 0.137373827726, -0.97812756173, -1.0, -0.992767023134, 1.43765206376, -0.710439650291, 2.9706781067, 2.93872407472, -0.661996096869, -1.0, 3.0, 2.93816158091, 1.05197945555, 2.56953361108, 2.75276431464, -1.0, 1.0, -1.0, 0.0, -0.223417795655, 0.0, 1.64210594842, -0.0215129183425, 0.250194350043, 3.0, 1.58297644782, 0.622276300917, 1.0, -1.0, -0.604692879133, 0.453923801694, 2.46755266622, 2.57998972702, 3.0, -0.800288258633, 2.25283287698, -0.920959229028, 97414.0, 477.0, 99510.0
2.0, 1.95696157881, 0.022665475308, 2.0, 1.02534095679, 3.0, 0.416618380734, 2.40533440941, 3.0, 0.0, 0.587322971876, 1.39425778827, 0.0255473457929, 1.0, 2.82178539926, 2.0, 0.795291683111, 0.918699004021, -0.17871319745, 2.0, 2.475516723, 2.81531876875, 0.0, 3.0, 0.393049314457, 1.49979109789, 1.09485052191, -0.124297069141, 3.0, 1.99878796164, -0.41559202511, 1.0, 1.79041630639, 0.0, 2.79108733781, 0.709358113255, 2.0, 2.0, -0.269628300052, 1.25346178199, 0.611363489446, 1.0, 2.83191687628, -0.551593681286, 3.0, -0.865675099744, 0.0, 0.0, 1.50608550068, 3.0, 96371.0, 711.0, 99347.0
2.36934556303, 1.95696157881, 0.022665475308, 2.0, 1.02534095679, 3.0, 0.416618380734, 2.40533440941, 3.0, 0.0, 0.794325735613, 1.0, 0.0255473457929, 1.0, 2.0, 2.0, 0.795291683111, 0.918699004021, -0.17871319745, 2.0, 2.475516723, 2.92921748369, 0.170912110192, 3.0, 2.0, 1.92441791283, 1.09485052191, -0.124297069141, 3.0, 1.99878796164, 2.0, 1.0, 0.984279072898, -0.334504195025, 2.51117769259, 0.709358113255, 2.0, 2.0, -0.269628300052, 1.25346178199, 0.611363489446, 1.0, 2.83191687628, -0.304059306081, 1.38727700087, -1.0, -1.0, 0.0, 0.807110982609, 3.0, 96394.0, 707.0, 99353.0
2.24798320171, 0.613654646613, 3.0, -0.642777896845, -0.619376301853, 2.30943177571, 1.48503957804, 0.205358381664, 3.0, 2.79490589787, -0.914236011763, -0.63686353288, 0.0, 2.32743557572, -1.0, -0.83393579152, 1.38768216638, 0.742983246221, 2.0, -0.228471821851, -0.850638226825, 1.0, -1.0, 3.0, -0.672338007143, 1.22510110354, 3.0, 2.95542811428, -1.0, 1.0, 2.69753525116, 2.9712060371, 3.0, 2.0, -1.0, 3.0, 3.0, 2.0, 2.29639985435, 2.82615961121, 0.0, 2.0, 1.77872573028, -0.79378597259, 0.504621547626, -1.0, 0.0, -0.89768873231, 1.18964950063, 1.57704054246, 97430.0, 516.0, 99472.0
-0.666355047774, -1.0, -1.0, -0.231293208593, 0.307492668204, 3.0, 2.0, -0.501793264314, -1.0, 0.642010010365, 1.32845422945, 2.36639821143, 0.0, 1.0, -1.0, 0.114888082765, 1.38768216638, 0.742983246221, 2.0, 0.0, 0.513113770215, -0.237583405261, -0.087683848756, 1.46782574439, -0.975607292188, 0.0506125431269, 2.53665884312, 0.0, -1.0, 1.0, 0.444050678941, 0.367017915598, 3.0, 1.3106896526, -1.0, 3.0, -0.056501514946, 2.0, 2.0, 2.0, 0.0, -1.0, 0.0, -1.0, 1.26086460669, -0.0677264800444, 0.0, -0.995664157296, 1.6504641123, 2.48250516684, 96692.0, 549.0, 99467.0
0.214272715065, -0.605758902284, 1.85860661128, 1.0, -0.619376301853, 2.0, 1.2105902346, 1.55731243758, -0.877455801022, 1.0, -1.0, 3.0, 1.74644209996, 1.38736695717, -1.0, -1.0, 1.62522881445, 0.873197123057, 1.73899327362, 1.0, -1.0, -0.528299576995, 1.67804315085, 0.296426382074, 2.18058983408, -0.648612816979, -1.0, -0.462803878017, 0.0, -0.338691680244, 2.0, -1.0, 3.0, 0.690596770496, 3.0, 1.54265036665, 2.0, -0.698974637314, 1.39344456985, 2.51587972253, 2.0, 1.15114232953, -1.0, 2.47896396535, 1.00125669805, 2.0, -0.865269628613, -1.0, 0.0, -0.893394976776, 97311.0, 476.0, 99518.0
1.41355456095, 0.0, 0.0992377155697, 1.0, -1.0, 1.0, -0.134219544756, -0.907860686722, -1.0, 1.63822011669, -0.876702210936, -1.0, 0.0, -0.110916472504, 2.17139788211, -0.136654865559, 3.0, -0.0253249862921, -1.0, 0.0, 1.0, 2.99114959898, -0.914023770252, -0.394170017654, -0.903151109063, 1.0, 3.0, 1.0, -1.0, 0.417937321119, 3.0, -1.0, 0.0, 0.852200943327, 0.0, 2.15002629772, 1.0, -1.0, -0.973645465413, 1.9329152012, -0.406012425862, 1.0, 2.0, -0.427458641707, 1.94383088177, 1.38005598702, -0.286238211182, -1.0, -1.0, 2.0, 96744.0, 524.0, 99495.0
1.12872961659, 0.0, 3.0, -0.520917959379, -0.820028939829, 1.0, 0.695560885555, -1.0, -1.0, 2.59932089266, -1.0, -1.0, 1.0, 0.535432029968, -1.0, -1.0, 3.0, 1.84619715564, -1.0, -0.513236477856, 1.27089152958, 0.451052332979, 0.0, 1.6082868913, -0.798541371968, -0.474853005092, 3.0, 1.59261146207, -1.0, 1.0, 1.37527381867, 0.396749558146, 0.0125185812943, 0.290260365257, -0.538242695688, 0.0, 1.54583890061, -1.0, 0.0, 1.28354465337, 1.70364326408, 2.49655403092, 2.52539551522, 2.64882048112, -0.329475014241, -1.0, -1.0, -1.0, 0.0, 1.30026856942, 97310.0, 467.0, 99531.0
0.0, 2.0, 0.551791382472, 0.128197433538, 0.0, 1.63445152967, 0.0, 0.148463431082, -0.877455801022, 0.0, 3.0, 3.0, 3.0, 1.0, -1.0, -1.0, 3.0, 0.0501942875616, 1.73899327362, 1.0, -1.0, -0.930118289273, 1.67804315085, 1.0, 2.0, -0.118037536342, 1.13858452518, -0.12027507666, 0.0, 1.0, 2.65331283631, 1.44844655176, 3.0, 0.0, 3.0, 2.0, 2.0, 3.0, 0.0, 1.0, 2.0, -1.0, -1.0, 2.01342831067, -0.211604547824, 2.13130283408, 3.0, -1.0, -0.00579437395124, -1.0, 96600.0, 589.0, 99413.0
1.0, 2.0, 0.551791382472, 0.128197433538, -1.0, 2.0, 0.0, 0.148463431082, -0.877455801022, 0.0, -1.0, 3.0, 3.0, 1.0, -1.0, -1.0, 3.0, 0.0501942875616, 1.13205277272, 1.0, 2.0350923015, -0.397968808316, 1.67804315085, 1.0, 2.0, -0.118037536342, -0.480948929158, -0.12027507666, 0.0, 1.0, 2.65331283631, 1.0, 3.0, 0.0, 3.0, 2.0, 2.0, 3.0, 0.0, 1.0, 2.0, -0.332552119239, -1.0, 2.01342831067, 1.00125669805, 2.0, 3.0, -1.0, -0.00579437395124, -1.0, 96513.0, 605.0, 99403.0
1.0, 2.61863978152, 2.0, -0.177588329551, 0.0, 2.0, 1.30433117735, 3.0, -0.877455801022, 0.0, -1.0, 0.095791924882, 3.0, -0.325795827911, -1.0, -0.256553696377, 2.15584382953, -0.441463611599, 1.92945653866, 1.0, -1.0, -0.397968808316, 3.0, 1.70736922234, 2.4280436305, 1.0, 0.467640862088, 2.15688152247, 0.0, 1.0, 2.25834458093, -1.0, 0.204732034651, -0.109964658419, 3.0, 2.2555765873, 2.0, 2.55545624778, -0.405361180179, -0.0629403340214, 1.0, -1.0, -1.0, 1.04041686806, 0.251040459097, 1.13884645497, 3.0, -1.0, 2.65730616299, -0.562080686552, 96545.0, 587.0, 99420.0
1.0, 0.607168886796, 2.0, 1.0, -0.934144032455, -0.591283541259, -0.337931575283, -0.406911313217, -0.881897384352, 1.0, -1.0, 1.61411638607, 3.0, 1.38736695717, -1.0, -1.0, 1.62522881445, 1.91968951738, 0.520327678924, 1.0, -1.0, -0.819080396934, 0.778021086911, 1.0, 0.38688749668, -0.118037536342, -1.0, 1.27538728584, 1.0643017092, 0.521404383254, 1.14696430595, -0.258729288788, -0.248492403686, 0.0, 3.0, 1.93093019155, 0.789157153872, 0.366276714311, 1.39344456985, 2.51587972253, 2.76170209977, -1.0, -1.0, 0.49607637742, 2.19454780846, 2.0, -0.865269628613, -1.0, 2.0, -0.893394976776, 97079.0, 501.0, 99487.0
1.12872961659, 0.0, 3.0, -0.520917959379, -0.820028939829, 1.0, 0.695560885555, -1.0, -1.0, 0.0, -0.374749226541, -1.0, -0.602340302777, 2.49748596985, -1.0, -1.0, 3.0, 0.256250615213, -0.978858655671, 0.929705001021, 0.686660873727, -0.921288560322, 0.0, 2.04828438925, -0.908075718974, -0.474853005092, 3.0, 2.60352435448, -1.0, -0.722091104355, 3.0, 2.94095668717, -0.50927531872, -1.0, 0.554071004059, 0.0, 2.0, -1.0, 0.0, 0.817262940948, -0.880908598367, 2.49655403092, 1.76773288683, -0.885591006771, -0.308758909714, 2.0, 0.0194867910101, -1.0, -0.25498991852, 0.70863730051, 97246.0, 461.0, 99540.0
1.0, 0.0, 2.0, 1.0, -0.934144032455, 2.0, 0.0, -0.0424386555985, -0.877455801022, 0.892015017197, -1.0, 2.0, 3.0, 1.38736695717, -1.0, -0.786518905801, 1.62522881445, 0.873197123057, 0.520327678924, 1.0, -1.0, -0.397968808316, -0.087683848756, 1.0, 0.694516147721, -0.118037536342, -1.0, 0.0, -1.0, 0.521404383254, 1.14696430595, -1.0, 0.0113764109192, 0.0, 3.0, 2.98764771295, -0.117000062755, 0.366276714311, 1.39344456985, 2.51505864838, 2.76170209977, -1.0, -1.0, 0.974586907261, 2.19454780846, -0.985954725677, -0.865269628613, -1.0, 0.0, -0.893394976776, 97012.0, 488.0, 99497.0
2.0, 1.06311905639, 2.57762178932, 2.0, 2.0, 3.0, 0.576452591865, 2.40533440941, -1.0, 0.0, 0.587322971876, 1.0, -0.258956380546, 0.695278989351, 2.0, 3.0, -1.0, 0.918699004021, 1.72477407645, 2.98479932219, 2.475516723, 2.81531876875, 0.170912110192, 3.0, -0.802375976592, -1.0, 0.234066066401, -0.124297069141, 3.0, 2.0, 0.0, 1.0, 0.0, 0.0, 3.0, 1.83135136352, 2.0, 2.0, -0.269628300052, -0.277351992734, 1.0, 1.0, 3.0, 0.7847334795, 3.0, 0.0, 0.0, 0.0, 2.0, 0.249707534978, 96399.0, 683.0, 99369.0
2.0, 1.11496397152, 0.022665475308, 2.0, 2.0, 3.0, 0.416618380734, 2.40533440941, 3.0, 0.0, 0.587322971876, 1.0, 0.0255473457929, 1.0, 2.0, 3.0, -1.0, 0.918699004021, -0.17871319745, 2.0, 1.04207762623, 2.87216694916, -0.147869164151, 3.0, 2.0, 1.49979109789, 1.09485052191, -0.124297069141, 3.0, 1.13306749104, 2.55178966985, 1.0, 0.0, 0.0, 2.51117769259, 0.709358113255, 2.0, 2.0, -0.347600861206, -0.277351992734, 0.611363489446, 1.0, 0.0664493038786, 1.0, 3.0, -0.865675099744, 0.0, 0.0, 2.0, 3.0, 96309.0, 713.0, 99354.0
-0.154480819328, 2.52081569346, 2.0, 1.46261374233, -0.619376301853, 2.96043338446, 2.06486843741, 0.894070572517, -0.877455801022, -0.168358020888, -1.0, 3.0, 1.74644209996, 1.13939191513, -1.0, -1.0, 1.62522881445, 1.5849964922, 1.73899327362, 1.40739866004, -1.0, -0.919008382123, 1.67804315085, 1.18562760542, 2.18058983408, -1.0, -0.42584368873, -0.806875985342, -0.742266940085, 0.74029567799, 2.0, 1.37208263797, 3.0, 0.690596770496, 3.0, 2.98849541474, -0.056501514946, 0.366276714311, 1.39344456985, -0.0205980934967, 2.26881707195, -0.220944234987, -1.0, 0.974586907261, 1.00125669805, 2.0, 0.382559957595, 3.0, 0.0, -0.893394976776, 96866.0, 539.0, 99439.0
0.679453847336, 2.73434953565, 0.0, -1.0, -1.0, -0.885705305971, 0.0, 3.0, 3.0, 2.0, 3.0, -1.0, -0.554469179814, 0.280086867373, -1.0, 3.0, 1.73851774233, 1.49542640532, -1.0, -0.227147100004, -0.805840660697, 2.36997023256, 2.10374872695, -0.225525163445, 0.152233376991, -1.0, 2.0, -0.225531437518, -1.0, 3.0, -0.153723197011, 1.0, 1.0, 1.0, 0.0, -0.0920898765355, 0.272568269235, 0.189010152648, 0.0, 2.51587972253, 1.0, -0.332552119239, 3.0, 0.480621715605, 0.0, -0.35438649238, 0.846834791338, -0.881551771954, 2.0, 3.0, 96684.0, 562.0, 99454.0
-0.133094606871, 0.0, 0.44138479755, -0.470434474796, -0.820028939829, 1.0, 0.695560885555, -0.85321384104, -1.0, 2.61537369157, -1.0, -1.0, 1.18914482273, 3.0, -1.0, -1.0, 3.0, 1.27570607802, -1.0, -0.513236477856, 1.27089152958, 0.451052332979, 0.0, -0.808393848594, -0.798541371968, -0.474853005092, 2.04658098094, 1.59261146207, -1.0, 1.0, 3.0, 0.396749558146, 0.0125185812943, -0.73482882128, -0.538242695688, 0.0, 1.54583890061, -1.0, 0.0, 1.67349167945, 0.237719286722, 2.49655403092, 2.52539551522, 2.64882048112, -0.308758909714, -1.0, -1.0, -1.0, 0.799230650521, 0.70863730051, 97339.0, 454.0, 99547.0
-0.879295232325, 0.3867043834, 0.30019563545, -0.774107969548, 2.8515334708, 3.0, 2.0, 0.205358381664, -1.0, 2.59932089266, -0.959461137233, 2.83408612975, 0.0, 1.2175187212, -1.0, -1.0, -0.568774548265, 0.742983246221, 2.0, 0.362129637456, 0.553993260497, 1.0, -0.624336858912, 3.0, -0.951107133067, 0.507242538562, 3.0, -0.897782414934, -0.96760539466, 1.0, 2.42342857382, 2.53034229652, 2.27413086799, 2.0, 1.89411132119, 3.0, 2.63064741337, -0.290290865679, 2.38634468623, -0.0241898440033, 2.48007628947, 2.0, 2.57047936217, -1.0, 3.0, 0.835599005057, -1.0, 0.0, 2.99033294261, 2.1940525257, 97271.0, 536.0, 99456.0
2.0, 1.0, 3.0, -0.0308066065938, -0.980112163165, 1.90931052872, 0.0, 0.0, -1.0, 1.16644753182, 2.52179630206, -0.444808495337, 2.45417852234, 3.0, 1.04176457471, 2.03933295364, 0.787920379914, 3.0, 1.49122676452, 0.362129637456, 1.0, 0.632235196332, 1.70881033143, 2.58039501798, -1.0, 0.907621947788, 3.0, 0.209434594721, 0.0, 2.39838246197, 2.0, 2.53034229652, 0.0, 0.690596770496, 0.0, 2.52476944434, -1.0, 3.0, 3.0, 0.0, 1.75853970095, 0.0311175227059, -0.898462687499, 0.10441720334, 0.313212887241, 0.892513867071, 0.950563301708, 0.315695192027, 0.248610209448, 1.0, 96430.0, 662.0, 99373.0
2.24798320171, 2.72989072624, 3.0, -0.780319798866, -0.619376301853, 3.0, 1.48503957804, 0.205358381664, 3.0, 2.79490589787, -0.839535582239, -0.63686353288, -0.607492693923, 2.32743557572, -1.0, 0.233242161968, 1.38768216638, 0.80095254779, 2.0, -0.0366445797308, -0.559829847476, 1.0, -1.0, 3.0, -0.951107133067, 1.22510110354, 3.0, 2.95542811428, -1.0, 0.0333913712101, 1.08057759238, 2.9712060371, 3.0, 2.0, -1.0, 3.0, 3.0, 2.86074741115, 1.21535459664, 2.96978691818, -0.436460893869, 2.0, 1.77872573028, -0.79378597259, 0.504621547626, 1.0, 0.0, -1.0, 1.15125298032, 0.70863730051, 97276.0, 532.0, 99460.0
-0.666355047774, -1.0, -1.0, -0.231293208593, 0.552946493451, 3.0, 2.0, -0.501793264314, -1.0, 0.642010010365, 1.0, 2.78647953449, -0.671894338809, 1.0, -1.0, -0.339647106191, 1.38768216638, 0.742983246221, 2.0, 0.0, 0.513113770215, -0.237583405261, -0.087683848756, 2.15099212233, -0.975607292188, 0.0506125431269, 2.53665884312, 0.0, -1.0, 1.0, 1.39648228917, 0.367017915598, 3.0, 2.0, -1.0, 0.309837040827, -0.056501514946, 2.0, 2.0, 2.0, 0.0, -1.0, -0.233948398384, -1.0, 1.26086460669, -0.0677264800444, 0.0, 2.12268818762, 1.57477773693, 1.0, 96695.0, 555.0, 99461.0
1.41355456095, 0.0, 0.344006128919, 1.0, -1.0, 1.0, -1.0, -0.907860686722, -1.0, 1.63822011669, -0.876702210936, -1.0, 0.0, -0.110916472504, 2.0, -0.136654865559, 3.0, -0.0253249862921, -1.0, 0.0, 1.0, 2.99114959898, -0.914023770252, -0.394170017654, -0.903151109063, 0.0, 3.0, 1.0, -1.0, 0.417937321119, 3.0, -1.0, 0.0, 0.852200943327, 0.0, 0.0, 1.0, -1.0, -0.869913043846, 1.9329152012, -0.406012425862, 1.0, 2.0, 2.01342831067, 1.94383088177, -1.0, -1.0, -1.0, -1.0, 2.0, 97131.0, 479.0, 99544.0
1.0, 0.0, 2.0, 1.0, -0.934144032455, 2.0, 0.0, -0.0424386555985, -0.877455801022, 1.0, -1.0, 2.0, 3.0, 1.38736695717, -1.0, -0.786518905801, 1.62522881445, 0.873197123057, 0.520327678924, 1.0, -1.0, -0.397968808316, -0.087683848756, 1.0, 0.694516147721, -0.118037536342, -1.0, 0.0, -1.0, 0.521404383254, 1.14696430595, -1.0, 0.0113764109192, 0.0, 3.0, 2.98764771295, -0.117000062755, 0.366276714311, 1.39344456985, 2.51587972253, 2.76170209977, -1.0, -1.0, 0.974586907261, 2.19454780846, 2.0, -0.865269628613, -1.0, 0.0, -0.893394976776, 96932.0, 503.0, 99484.0
1.0, 2.0, -0.210984797933, -0.470434474796, 0.0, 1.0, 0.0, -0.401369483276, -0.877455801022, 1.36347779266, 1.42437981411, 3.0, 3.0, 1.3132380329, 2.0, 2.38656912624, 3.0, 0.626170493451, 2.71351794005, -0.0121806850921, 1.76080061377, -0.236201434962, 3.0, -0.103553583407, 2.0, 0.663094329761, -1.0, 0.0, 2.88361126037, 1.0, 2.0, -0.803290778904, 0.903929039714, 0.0, 3.0, 2.58864918699, 2.0, 3.0, 0.0, -0.266052287864, 2.64384816545, 0.561062358537, 0.219528585929, 0.144865861023, 1.00125669805, 2.74489439109, 3.0, 0.1612378161, 0.0, -0.879773603605, 96370.0, 675.0, 99372.0
0.0, 2.0, 0.551791382472, 0.128197433538, 0.0, 1.63445152967, 0.0, 0.148463431082, -0.877455801022, 0.0, 3.0, 3.0, 3.0, 1.0, -1.0, -1.0, 3.0, 0.0501942875616, -1.0, 1.0, -1.0, -0.930118289273, 1.67804315085, 1.0, 2.29619793438, 0.358053400763, 1.13858452518, -0.12027507666, 0.0, 1.0, 2.65331283631, 0.847492731834, 3.0, 0.0, 3.0, 2.0, 2.0, 3.0, 0.0, 1.0, 2.0, -1.0, -1.0, 2.01342831067, -0.211604547824, 2.13130283408, 3.0, -1.0, -0.00579437395124, -1.0, 96651.0, 570.0, 99428.0
0.341422084893, 0.3867043834, 0.30019563545, -0.774107969548, 2.8515334708, 3.0, 2.0, 0.205358381664, -1.0, 2.59932089266, -0.959461137233, 2.83408612975, 0.0, 1.2175187212, -1.0, -1.0, 0.995172949545, 0.742983246221, 2.0, 0.362129637456, 1.4381641016, 1.0, -0.624336858912, 3.0, -0.951107133067, 0.507242538562, 3.0, -0.897782414934, -0.96760539466, 1.0, 2.42342857382, 2.53034229652, 2.27413086799, 2.0, 1.89411132119, 3.0, 2.63064741337, -0.290290865679, 2.38634468623, -0.0241898440033, 2.48007628947, 2.0, 2.57047936217, -1.0, 3.0, 0.835599005057, -1.0, 0.0, 2.99033294261, 2.1940525257, 97111.0, 564.0, 99424.0
0.214272715065, 2.15024735757, 2.0, 1.0, -0.850828143881, 1.82841930436, 1.2105902346, 0.894070572517, -0.877455801022, 2.0, 3.0, 3.0, 1.38760724446, 1.38736695717, -1.0, -1.0, 1.62522881445, 0.516503595624, 1.73899327362, -0.227147100004, -1.0, -0.593043859522, 2.21139589669, 2.03738840417, 2.18058983408, 1.91863536483, 0.371006909682, -0.462803878017, 0.0, 0.74029567799, 2.02832166464, -0.54541533454, 3.0, 0.360090464158, 3.0, 2.95615696048, 2.0, 0.498252483745, 1.39344456985, 2.51587972253, 2.23536196004, 0.360015849981, -1.0, -1.0, 1.00125669805, 2.0, 1.20711070128, 3.0, 2.23598511116, -0.893394976776, 96846.0, 577.0, 99412.0
1.12872961659, 0.0, 0.613216529968, -0.520917959379, -0.820028939829, 1.18657296433, 0.695560885555, -1.0, -1.0, 2.59932089266, -1.0, -1.0, -0.602340302777, 0.535432029968, -1.0, -1.0, 3.0, 1.84619715564, -1.0, -0.513236477856, 1.27089152958, 0.659709837664, 0.0, 0.107351041027, -0.798541371968, 2.51809874184, 3.0, 1.59261146207, -1.0, 1.0, 1.37527381867, 0.396749558146, 0.0125185812943, 0.290260365257, -0.538242695688, -0.0920898765355, 1.54583890061, -1.0, 0.0, 0.592879344505, 1.70364326408, 2.49655403092, 2.52539551522, 2.64882048112, -0.329475014241, -1.0, -1.0, -1.0, 0.0, 1.30026856942, 97379.0, 455.0, 99542.0
0.214272715065, 2.52081569346, 2.0, 1.46261374233, -0.619376301853, 2.98889679239, 1.2105902346, 0.894070572517, -0.877455801022, -0.168358020888, -1.0, 3.0, 1.74644209996, 1.38736695717, -1.0, -1.0, 1.62522881445, 0.516503595624, 1.73899327362, 1.40739866004, -1.0, -0.397968808316, 1.67804315085, 1.18562760542, 2.18058983408, -1.0, -0.42584368873, -0.462803878017, -0.652307555918, 0.74029567799, 2.0, -1.0, 3.0, 0.690596770496, 3.0, 2.95615696048, 2.0, 0.366276714311, 1.39344456985, -0.024650591833, 2.26881707195, 0.360015849981, -1.0, 0.974586907261, 1.00125669805, 2.0, 1.20711070128, 3.0, 0.0, -0.893394976776, 96719.0, 557.0, 99434.0
1.0, 2.0, 0.551791382472, 0.128197433538, 0.0, 2.0, 0.0, 0.148463431082, -0.877455801022, -0.73014875232, -1.0, 3.0, 3.0, 2.17504254537, -1.0, -0.756444432508, 0.493946188153, 0.0501942875616, 2.06319826195, 1.0, -1.0, -0.97091635738, 1.67804315085, 1.0, 2.31256245609, -0.118037536342, 0.991088987433, -0.12027507666, -0.913019725744, 1.0, 2.65331283631, -1.0, 3.0, -0.9118738213, 3.0, 1.88453644707, 0.0652531591077, 3.0, 0.0, 1.0, 2.0, -1.0, -1.0, 1.61777729597, 1.00125669805, 2.0, 3.0, -1.0, -0.00579437395124, -1.0, 97014.0, 508.0, 99477.0
1.57474464729, 2.0, 2.0, -0.925100336119, 0.0, 2.51969305528, 0.0, 3.0, -0.877455801022, 0.0, -1.0, 0.095791924882, 3.0, 1.0, -1.0, -1.0, 2.6540727189, 0.894055849009, -0.799730477887, 1.0, -1.0, -0.397968808316, 3.0, 0.78719592136, 2.00068940345, 1.0, 0.467640862088, 0.670647938078, -1.0, 1.0, -0.370926873474, -1.0, 3.0, -0.780581747103, 1.52980146596, 2.0, -0.00109805515292, -1.0, 0.0, 1.0, 1.17922854876, -1.0, -1.0, 1.04041686806, -0.152695346861, 1.13884645497, 3.0, -1.0, 2.0, -1.0, 96910.0, 499.0, 99491.0
0.214272715065, 2.52081569346, 2.0, 1.0, -0.850828143881, 2.98889679239, 1.2105902346, 0.894070572517, -0.877455801022, 1.13662721627, -1.0, 3.0, 1.74644209996, 1.38736695717, -1.0, -1.0, 1.62522881445, 0.516503595624, 1.73899327362, 1.04863548058, -1.0, -0.593043859522, 1.67804315085, 2.03738840417, 2.18058983408, 1.91863536483, 0.371006909682, -0.462803878017, 0.0, 0.74029567799, 2.0, -0.54541533454, 3.0, 0.360090464158, 3.0, 2.95615696048, 2.0, 0.498252483745, 1.39344456985, 2.51587972253, 2.23536196004, 0.360015849981, -1.0, -1.0, 1.00125669805, 2.0, 1.20711070128, 3.0, 2.23598511116, -0.893394976776, 96944.0, 558.0, 99426.0
-0.933151079192, 0.0, 0.727122011917, -0.520917959379, -0.820028939829, 1.0, 0.695560885555, -1.0, -1.0, 2.59932089266, -1.0, -1.0, 1.0, 0.535432029968, -1.0, -1.0, 3.0, 1.84619715564, -1.0, -0.513236477856, 1.27089152958, 0.659709837664, 0.0, 0.107351041027, -0.798541371968, 1.56937355775, 3.0, 1.59261146207, -1.0, 1.0, 1.37527381867, 0.396749558146, 0.0125185812943, 0.290260365257, -0.538242695688, -0.0920898765355, 1.54583890061, -1.0, 0.0, 0.592879344505, 0.0, 2.49655403092, 2.52539551522, 2.64882048112, -0.329475014241, -1.0, 0.579932839874, -1.0, 0.0, 1.30026856942, 97218.0, 471.0, 99534.0
1.0, 2.0, 0.312853255689, -0.470434474796, 0.0, 2.40833345451, 0.0, 1.85873575817, -0.877455801022, 0.0, 1.42437981411, 3.0, 3.0, 1.3132380329, 0.745558702522, -1.0, 3.0, 0.626170493451, 2.71351794005, -0.486940310916, 1.93244377668, -0.236201434962, 3.0, -0.103553583407, 2.0, 1.13788034962, -1.0, 0.0, -0.194540190196, 1.0, 2.0, -0.493507442691, 0.903929039714, 0.0, 3.0, 2.58864918699, 2.0, 3.0, 0.0, 1.0, 2.0, 0.561062358537, 0.219528585929, 2.98235756604, 1.00125669805, 2.36693601723, 3.0, 0.1612378161, 0.0, -0.879773603605, 96391.0, 676.0, 99370.0
1.0, 2.0, 2.0, 1.0, 0.0, 2.51969305528, 0.0, 2.53949996798, -0.877455801022, 0.0, -1.0, 0.095791924882, 3.0, 0.272582927843, -1.0, -1.0, 0.995172949545, 0.716298981597, -0.793739746974, 1.0, -1.0, -0.397968808316, 3.0, -0.261980344137, 2.00068940345, 1.0, 0.467640862088, 0.670647938078, -1.0, 1.0, -0.370926873474, -1.0, 3.0, -0.780581747103, 3.0, 2.0, 2.0, 3.0, 2.15612533665, 1.0, 0.929972266692, -1.0, -1.0, 1.3908554686, -0.538127914803, 1.13884645497, 3.0, -1.0, -0.331595009288, -1.0, 96884.0, 513.0, 99480.0
0.679453847336, 1.65774663743, 0.0, -1.0, -1.0, 0.0, 0.0, 3.0, 3.0, 2.0, 3.0, -1.0, -0.554469179814, 0.280086867373, -1.0, 3.0, 1.73851774233, 1.49542640532, -1.0, -0.227147100004, -0.768598387955, 2.36997023256, 2.10374872695, 1.6082868913, -1.0, -1.0, 2.0, -0.225531437518, -1.0, 3.0, -0.153723197011, 1.0, 1.0, 1.0, 0.0, -0.0920898765355, 0.452303891533, 0.189010152648, 0.0, 0.709749530052, 1.0, -0.332552119239, 3.0, 0.0, 0.0, -0.162649783224, 2.0, -1.0, 2.0, 3.0, 96620.0, 565.0, 99445.0
2.0, 1.95696157881, 0.022665475308, 2.0, 1.02534095679, 3.0, 0.416618380734, -1.0, 3.0, 0.0, 0.587322971876, 1.0, 0.0255473457929, 1.0, 2.0, 0.65792817167, 0.795291683111, 0.918699004021, -0.17871319745, 2.0, 2.475516723, 2.81531876875, 0.170912110192, 3.0, 2.0, 1.49979109789, 1.09485052191, -0.124297069141, 3.0, 1.99878796164, 2.0, 1.0, 0.984279072898, 0.0, 2.51117769259, 0.709358113255, 2.0, 2.0, -0.269628300052, 1.25346178199, 0.611363489446, 1.0, 2.83191687628, 1.0, 3.0, -0.865675099744, 0.0, 0.0, 1.65777124894, 3.0, 96388.0, 710.0, 99356.0
3.0, 2.0, 2.0103761871, -0.771799165948, -0.947056083322, 1.0, 0.0, -1.0, 3.0, 1.0, -1.0, -1.0, 3.0, 0.0, -1.0, 2.0, 3.0, 2.0, 0.0, 0.0, 0.945551228157, 2.13066826411, 0.0, 0.0, 1.2409719382, 0.311222273679, 1.1910875945, -1.0, -1.0, 3.0, 3.0, 3.0, 0.308786713313, -1.0, 3.0, -0.0920898765355, -1.0, 0.0, 2.0, 2.0, 0.0, 0.0, 0.834951148145, -1.0, -0.484265102123, 1.0, -1.0, -1.0, 2.0, -1.0, 96967.0, 515.0, 99479.0
1.94073649347, 2.0, 2.86778266604, 1.0, -0.820028939829, 2.51969305528, 0.0, 2.53949996798, -0.877455801022, 0.0, -1.0, 0.095791924882, 3.0, 0.535432029968, -1.0, 2.15070098182, 0.995172949545, 0.716298981597, -0.793739746974, 1.0, 1.27089152958, -0.397968808316, 3.0, -0.261980344137, 2.00068940345, 1.0, 0.467640862088, 0.670647938078, -1.0, 1.0, -0.370926873474, -1.0, 3.0, -0.780581747103, 3.0, 2.0, 2.0, 3.0, 2.15612533665, 1.0, 0.929972266692, -1.0, -1.0, 0.0, -0.538127914803, 1.13884645497, -1.0, -1.0, -0.331595009288, -1.0, 96975.0, 509.0, 99482.0
0.679453847336, 0.334722513519, 0.0, -1.0, 1.73134949358, 0.0, 0.0, 3.0, 3.0, 1.63822011669, 1.0, 2.66330092097, -0.554469179814, 2.33126573983, -1.0, 3.0, 2.66421243218, 1.49542640532, -1.0, -0.227147100004, -0.995073288544, 2.36997023256, -0.914023770252, 0.107351041027, -1.0, -1.0, 2.0, 0.997079996548, -1.0, 3.0, -0.153723197011, -1.0, 1.0, 1.0, 0.0, -0.37865353648, 0.452303891533, 1.08018189475, 0.350308300659, 0.709749530052, 1.0, -1.0, 3.0, 0.0, 0.0, 0.808024203983, 2.0, -0.145333847787, 2.0, 3.0, 96579.0, 567.0, 99442.0
3.0, 2.0, 2.0103761871, 0.201448842747, -0.947056083322, 0.730200903514, 0.0, -1.0, -1.0, 1.0, -1.0, -1.0, 3.0, 0.0, -1.0, 2.0, 0.546683481768, 2.0, 0.0, 1.16210137582, -0.404056518427, 2.13066826411, 0.0, 0.0, 2.76931285308, 1.49979109789, 1.1910875945, -0.897782414934, -1.0, 3.0, 3.0, 1.44612865449, 0.308786713313, 0.0, 3.0, 1.18641106684, -1.0, 0.0, 2.0, 2.0, 0.0, 0.0, 0.834951148145, -1.0, 1.0, 1.0, -1.0, -1.0, 2.0, -1.0, 96896.0, 526.0, 99464.0
1.0, 2.0, 2.35505031707, -0.470434474796, 0.0, 2.0, 0.0, 0.248005275279, -0.97520314931, 0.0, -1.0, 3.0, 3.0, -0.465904938603, -1.0, -0.710646560335, 1.09178278193, 0.449405289092, 2.71351794005, -0.192983338716, -1.0, 0.196585558985, 3.0, 1.44415258305, 1.51919626671, 1.13788034962, -1.0, 0.790850031492, -0.275341938743, 1.73758673034, 2.0, -0.507728876156, 0.903929039714, 0.0, 3.0, 2.0, 2.0, 1.26410163326, 0.186094269449, -0.0596818235394, 2.0, 1.26079481272, -1.0, 2.41937389447, 1.00125669805, 1.81126026887, 3.0, 0.1612378161, -0.439844646617, -1.0, 96489.0, 590.0, 99422.0
3.0, -1.0, 1.62290986623, -0.934408244199, 1.73134949358, 3.0, 2.0, 1.63718484196, -1.0, 2.89939310685, 1.93601396552, 0.478466486141, 1.17937820344, 1.0, -1.0, -1.0, -1.0, 0.0, -1.0, 1.59039766018, 2.05065567394, -0.925487695765, 1.9265042802, 3.0, -1.0, 0.0733562160512, 2.50106364561, -0.623443772471, -1.0, 0.440128856851, 0.414823075641, 2.0, 3.0, -0.812292846128, 0.0, 3.0, 3.0, 2.98199843731, 1.5596892743, 2.78906220461, 1.44972972178, 0.160840904869, -0.820532027869, 0.673574066, 2.85846370338, -0.590877773968, -0.34048411018, -0.439028020439, 2.33234698618, 1.72124895759, 97227.0, 520.0, 99468.0
0.0291512732384, -1.0, 1.62290986623, -0.934408244199, 2.0, 3.0, -0.0401625921208, 1.63718484196, -1.0, 2.0, 1.0, 0.095791924882, -0.187717411898, 1.0, -1.0, -1.0, -1.0, 0.0, 1.62775921585, 0.0, 2.05065567394, -0.925487695765, 0.242899915829, 3.0, -1.0, 0.0733562160512, 0.509362031939, 2.12103523151, -1.0, 1.0, 0.24934517572, 2.0, 2.97904214221, 0.0913059732167, 0.47239089659, 3.0, 3.0, 2.98199843731, 0.0, 2.78906220461, 0.0, 2.0, 1.0, 0.673574066, -0.480208238144, -0.590877773968, 0.0, 0.829887349227, 2.33234698618, 1.0, 96573.0, 584.0, 99421.0
0.214272715065, 2.52081569346, 2.0, 1.46261374233, -0.619376301853, 2.98889679239, 2.06486843741, 0.894070572517, -0.877455801022, -0.168358020888, -1.0, 3.0, 1.74644209996, 1.13939191513, -1.0, -1.0, 1.62522881445, 0.516503595624, 1.73899327362, 1.40739866004, -1.0, -0.919008382123, 1.67804315085, 1.18562760542, 2.18058983408, -1.0, -0.42584368873, -0.462803878017, -0.742266940085, 0.74029567799, 2.0, -1.0, 3.0, 0.690596770496, 3.0, 2.95615696048, -0.056501514946, 0.366276714311, 1.39344456985, -0.0205980934967, 2.26881707195, -0.220944234987, -1.0, 0.974586907261, 1.00125669805, 2.0, 1.20711070128, 3.0, 0.0, -0.893394976776, 96815.0, 539.0, 99443.0
1.0, -0.0327438237502, 2.0, 1.0, -0.934144032455, 2.0, 0.0, -0.0424386555985, -0.877455801022, 1.0, 1.04109819827, 2.0, 3.0, 1.38736695717, -1.0, -0.786518905801, 1.62522881445, 0.873197123057, 1.99589995074, 1.7137049278, -1.0, -0.397968808316, -0.087683848756, 1.0, 0.694516147721, -0.118037536342, -1.0, 0.0, -1.0, 0.521404383254, 1.14696430595, -1.0, 0.0113764109192, 0.0, 3.0, 2.98764771295, -0.117000062755, 0.366276714311, 1.39344456985, 2.51587972253, 2.76170209977, -1.0, -1.0, 1.23546638149, 2.19454780846, 2.0, -0.865269628613, -1.0, 0.0, -0.893394976776, 96869.0, 522.0, 99470.0
0.214272715065, 2.14707399897, 2.0, 1.0, -0.619376301853, 2.98889679239, 1.2105902346, 0.894070572517, -0.877455801022, 1.0, -1.0, 3.0, 1.74644209996, 0.626298749172, -1.0, -1.0, 1.62522881445, 0.873197123057, 1.73899327362, 1.40739866004, -1.0, -0.397968808316, 1.67804315085, -0.551151150852, -0.951107133067, 1.91863536483, -1.0, -0.462803878017, 0.0, -0.338691680244, 2.0, -1.0, 3.0, 0.690596770496, 0.931709374811, 2.95615696048, 2.0, 0.366276714311, 1.39344456985, 2.51587972253, 2.0, -0.471723929995, -1.0, 0.974586907261, 1.00125669805, 2.0, -0.523507302213, 0.772161479336, 0.0, -0.893394976776, 96996.0, 525.0, 99464.0
1.0, -0.0327438237502, 2.82365734011, 1.0, -0.934144032455, 2.0, 0.30729081172, -0.0424386555985, -0.877455801022, 1.0, 1.07236816368, -1.0, 3.0, 1.38736695717, -1.0, -0.887569598185, 1.62522881445, 0.873197123057, 1.99589995074, 1.7137049278, -1.0, -0.397968808316, -0.087683848756, 1.0, 0.694516147721, -0.118037536342, -1.0, 0.0, -1.0, 1.0, 1.14696430595, -1.0, 0.0113764109192, 0.0, 3.0, -0.0920898765355, -0.117000062755, 0.366276714311, 1.39344456985, 2.51587972253, 2.90378487612, -1.0, -1.0, 1.23546638149, 2.19454780846, 2.0, -0.865269628613, -1.0, 0.0, -0.893394976776, 96831.0, 508.0, 99483.0
3.0, -1.0, 0.0970284254718, 0.0, 2.0, 3.0, 2.0, -0.403362166801, -1.0, 2.79490589787, 3.0, 1.61411638607, 0.0, 2.62622493119, -1.0, -0.796075879663, 2.18571509475, 0.742983246221, 1.60338444459, 0.0, 1.0, 0.83146215526, -1.0, -0.0753369313278, -0.951107133067, -0.229616186494, 3.0, 2.24660036993, -1.0, 2.14841751202, 1.14626580663, 2.12319335066, 3.0, 2.0, -0.0787976827785, 3.0, 1.99252109509, 2.75028594682, 2.0, -0.814687873988, 0.910463362589, -0.0207864603797, -0.943466732341, -1.0, 3.0, 1.0, -0.285487561014, 0.0, 1.0, -0.737025296876, 96925.0, 565.0, 99432.0
-0.666355047774, -1.0, -1.0, -0.231293208593, -1.0, 3.0, 1.2105902346, 1.0, -1.0, 0.642010010365, 1.0, 2.11460331491, 1.74644209996, 1.0, -1.0, 1.21031444054, 1.45044081252, 0.211268042104, 1.73899327362, 2.27329235917, 0.513113770215, -0.919008382123, 0.546439675467, 0.329172352423, 2.18606381322, 1.58379332369, 2.44515429709, 0.0, -1.0, -0.458241973689, 0.444050678941, 1.91021341159, 1.0, -0.896154835072, -1.0, 3.0, -0.056501514946, 2.0, 2.0, 2.0, -0.00155084623987, -1.0, 0.0, -1.0, 1.26086460669, 1.0, 0.0, -0.89768873231, 2.03664529418, 1.0, 96821.0, 533.0, 99474.0
0.0, 0.684289154324, 0.551791382472, 0.128197433538, 0.0, 1.63445152967, 0.0, -0.929947099371, -0.877455801022, 0.0, 2.12238680987, 3.0, 3.0, 1.0, -1.0, -1.0, 3.0, 0.0501942875616, 1.73899327362, 1.0, -1.0, -0.930118289273, 1.67804315085, 1.0, 2.0, -0.118037536342, 1.13858452518, -0.12027507666, 0.0, 1.0, 2.65331283631, 1.44844655176, 3.0, 0.0, 3.0, 1.34281811595, 2.0, 3.0, 0.0, 1.0, 2.0, -0.807472620748, -1.0, 2.01342831067, -0.211604547824, 2.13130283408, 0.499431278945, -1.0, -0.00579437395124, -0.833881342324, 96562.0, 573.0, 99430.0
-0.367067650288, 2.0, 2.35505031707, -0.842877297642, 0.0, 2.0, 0.0, 2.37895385688, -0.97520314931, 0.0, -1.0, 3.0, 3.0, -0.465904938603, -1.0, -0.710646560335, 1.09178278193, 0.449405289092, 2.71351794005, -0.192983338716, -1.0, 0.196585558985, 3.0, 1.44415258305, 1.51919626671, 1.13788034962, -1.0, 0.790850031492, -0.275341938743, 1.0, 1.39554630465, -0.507728876156, 0.903929039714, 0.0, 3.0, 2.0, 2.0, 1.26410163326, -0.26486755686, 1.001774214, 2.0, 1.26079481272, -1.0, 2.41937389447, 1.00125669805, 0.0, 3.0, 0.1612378161, -0.439844646617, -1.0, 96526.0, 575.0, 99431.0
1.12872961659, 0.0, 2.27851641614, -0.520917959379, -0.820028939829, 1.0, 0.695560885555, -1.0, -1.0, 0.0, -1.0, 1.26296519275, -0.602340302777, 2.49748596985, -1.0, -1.0, 2.50120006885, 1.84619715564, -1.0, 0.929705001021, -1.0, 0.451052332979, 0.0, 2.04828438925, -0.908075718974, -0.474853005092, 3.0, 1.59261146207, -1.0, -0.702645450768, 3.0, 2.92360721845, -0.50927531872, -1.0, 0.554071004059, 0.0, 2.0, -1.0, 0.0, 1.28354465337, -0.880908598367, 2.49655403092, 2.24768012923, -0.343254050277, -0.308758909714, 2.0, -1.0, -1.0, -0.25498991852, 0.70863730051, 97366.0, 452.0, 99549.0
1.0, 2.0, 2.0, 1.0, 0.0, 2.51969305528, 0.0, 2.06908451271, 2.23463968987, 0.0, -1.0, 0.095791924882, 3.0, 1.0, -1.0, -1.0, 0.995172949545, 0.716298981597, -0.793739746974, 1.0, -1.0, -0.397968808316, 3.0, 0.78719592136, 2.00068940345, 1.0, 0.467640862088, 0.670647938078, -1.0, 1.0, -0.370926873474, -1.0, 3.0, -0.780581747103, 3.0, 2.0, 0.216727250891, 3.0, 0.0, 1.0, 1.0, -1.0, -1.0, 1.04041686806, -0.538127914803, 1.13884645497, 3.0, -0.551045870066, -0.0024880810566, -1.0, 96844.0, 529.0, 99474.0
0.679453847336, 1.65774663743, 0.0, -1.0, -1.0, 0.0, 0.0, 3.0, 3.0, 1.63822011669, 3.0, 2.0, -0.554469179814, 2.33126573983, -1.0, 3.0, 2.10738078322, 1.49542640532, -1.0, -0.227147100004, -0.995073288544, 2.36997023256, -0.914023770252, 0.107351041027, -1.0, -1.0, 2.0, 0.997079996548, -1.0, 3.0, -0.153723197011, 1.0, 1.0, 1.0, 0.0, -0.0920898765355, 0.452303891533, 0.189010152648, 0.0, 0.709749530052, 1.0, -0.332552119239, 3.0, 0.0, 0.0, 0.808024203983, 2.0, -0.145333847787, 0.0, 3.0, 96478.0, 580.0, 99426.0
-0.985596502451, 0.0, 0.613216529968, -0.520917959379, -0.820028939829, 1.0, 0.695560885555, -1.0, -1.0, 2.59932089266, -1.0, -1.0, 1.0, 0.535432029968, -1.0, -1.0, 3.0, 1.84619715564, -1.0, -0.513236477856, 1.27089152958, 1.05337647498, 1.29038321803, 0.107351041027, -0.83415354945, 2.51809874184, 3.0, 1.41006553354, -1.0, 1.0, 1.37527381867, 0.396749558146, 0.0125185812943, 0.290260365257, -0.538242695688, -0.0920898765355, 1.54583890061, -1.0, 1.29306411779, 0.592879344505, 1.70364326408, 2.49655403092, 2.44596891067, 0.324266168237, -0.329475014241, 0.349364946948, -1.0, -1.0, 0.0, 1.30026856942, 97223.0, 467.0, 99535.0
1.0, 2.61863978152, 2.0, -0.177588329551, 0.0, 2.24906707923, 1.30433117735, 3.0, -0.877455801022, 0.0, -1.0, 0.095791924882, 3.0, -0.325795827911, -1.0, -0.256553696377, 2.15584382953, -0.441463611599, 0.989675495624, 1.0, -1.0, -0.397968808316, 3.0, 1.70736922234, 2.4280436305, 1.9215905142, 0.467640862088, 2.15688152247, -0.63400268477, 1.0, 2.25834458093, -1.0, 0.204732034651, -0.109964658419, 3.0, 2.2555765873, 2.0, 2.55545624778, -0.405361180179, -0.0629403340214, 1.0, -1.0, -1.0, 1.04041686806, 0.251040459097, 1.13884645497, 3.0, -1.0, 2.65730616299, -0.562080686552, 96611.0, 568.0, 99429.0
2.0, 1.11496397152, 0.022665475308, 2.0, 2.0, 3.0, 0.416618380734, 2.40533440941, 3.0, 0.0, 0.587322971876, 1.0, 0.0255473457929, 1.0, 2.0, 3.0, -1.0, 0.918699004021, -0.17871319745, 2.0, 1.04207762623, 2.87216694916, -0.147869164151, 3.0, 2.0, 1.49979109789, 1.09485052191, -0.124297069141, 3.0, 1.13306749104, 2.55178966985, 1.0, 0.0, 0.0, 2.51117769259, 0.709358113255, 2.0, 2.0, -0.347600861206, -0.277351992734, 0.611363489446, 1.0, 0.0664493038786, 1.0, 3.0, -0.865675099744, 0.0, 0.0, 2.0, 3.0, 96309.0, 713.0, 99354.0
0.679453847336, 1.32209234029, 0.0, -1.0, -1.0, 1.17147197094, 1.75471023031, 3.0, 3.0, 2.0, 3.0, 2.0, 2.03489400731, 2.0, -1.0, 3.0, 1.0, 0.449405289092, -1.0, -0.227147100004, 0.0, -0.664831403165, 2.10374872695, -0.209003082294, -1.0, -1.0, 2.0, -0.368066271541, -1.0, -0.220144327543, -0.153723197011, -0.507209708471, 1.54992554056, -1.0, 0.0, -0.0920898765355, 0.711676575982, -1.0, 0.196642605878, 0.709749530052, 1.0, -0.332552119239, 1.58298937648, 0.0, 0.0, 0.0, 0.930735040582, -0.145333847787, 2.0, 3.0, 96527.0, 573.0, 99442.0
0.214272715065, 2.52081569346, 2.0, -0.715909211413, -0.619376301853, 2.98889679239, 1.2105902346, 0.894070572517, -0.877455801022, -0.168358020888, -1.0, 3.0, 1.74644209996, 1.38736695717, -1.0, -1.0, 1.62522881445, 0.516503595624, 1.73899327362, 1.40739866004, 0.536930978537, -0.397968808316, 1.67804315085, 1.18562760542, 2.18058983408, -1.0, -0.42584368873, -0.462803878017, 0.660725602125, 0.74029567799, 1.94962149726, -1.0, 3.0, 0.690596770496, 3.0, 2.95615696048, 2.0, 0.366276714311, 1.39344456985, -0.024650591833, 2.26881707195, 0.360015849981, -1.0, 0.974586907261, 1.00125669805, 2.0, 1.20711070128, 3.0, 0.0, -0.893394976776, 96714.0, 579.0, 99423.0
0.0728805510666, -1.0, -1.0, -0.231293208593, -0.309139141143, 3.0, 2.079122249, 1.0, -1.0, -0.413056628595, 1.0, 3.0, -0.881738064485, 1.74272027866, -1.0, 1.21031444054, 2.21893721981, 0.211268042104, 2.0, 2.27329235917, 0.513113770215, -0.397968808316, -0.999401145562, 0.329172352423, -0.993701102692, 1.58379332369, 2.53665884312, 0.0, -1.0, 1.86928942537, 0.444050678941, 1.91021341159, 3.0, -0.911734214574, -1.0, 3.0, 2.0, 0.182262088431, 2.0, 2.0, -0.00155084623987, 0.72533923936, -0.950473818243, -1.0, 1.51136088847, 1.0, 0.0, -0.89768873231, 1.96273581721, 1.3135777071, 96832.0, 535.0, 99466.0
-0.666355047774, -1.0, -1.0, -0.231293208593, 0.552946493451, 3.0, 1.2105902346, 1.0, -1.0, 0.642010010365, 1.0, 1.88956882211, 1.74644209996, 1.0, -1.0, 1.21031444054, 1.45044081252, 0.211268042104, 1.73899327362, 2.27329235917, 0.513113770215, -0.919008382123, -0.810564421846, 0.329172352423, -0.975607292188, 1.58379332369, 2.44515429709, 0.0, -1.0, -0.458241973689, 0.444050678941, 1.91021341159, 3.0, -0.896154835072, -1.0, 3.0, -0.056501514946, 2.0, 2.0, 2.0, -0.00155084623987, -1.0, 0.0, -1.0, 1.26086460669, 1.0, 0.0, -0.89768873231, 2.03664529418, 1.0, 96873.0, 518.0, 99482.0
1.0, 1.65239421723, 2.68482683626, 1.57829202817, -0.378174405534, 2.0, 0.0, 0.808488449143, -0.985828294486, 0.0, 1.53352816237, -0.383052395457, 3.0, 0.568517809161, -1.0, -0.934026399909, 0.995172949545, -0.441463611599, -0.466188098257, 2.93190492424, -1.0, -0.397968808316, 3.0, 0.78719592136, 2.20335398419, 2.06551437304, 0.879642868971, 0.670647938078, -0.660405039121, 1.0, 2.0, -1.0, 0.43447669886, -0.330825232167, 3.0, 2.31581220354, 2.0, 3.0, 0.0, 1.0, -1.0, -0.437255302009, -1.0, 1.04041686806, -0.748884328234, 1.13884645497, 0.767862570942, 1.78265789358, 0.0, -1.0, 96613.0, 582.0, 99423.0
-0.666355047774, -1.0, -1.0, -0.231293208593, -0.309139141143, 3.0, 2.0, 1.0, -1.0, -0.413056628595, 1.0, 3.0, -0.881738064485, 1.0, -1.0, 1.21031444054, 2.21893721981, 0.211268042104, 2.0, 2.27329235917, 0.513113770215, -0.919008382123, -0.087683848756, 0.329172352423, -0.975607292188, 1.58379332369, 2.53665884312, 0.0, -1.0, 1.86928942537, 0.444050678941, 1.91021341159, 3.0, -0.911734214574, -1.0, 3.0, -0.056501514946, 0.182262088431, 2.0, 2.0, -0.00155084623987, 0.755367337726, -0.950473818243, -1.0, 1.26086460669, 1.0, 0.0, -0.89768873231, 1.87525599649, 1.3135777071, 96864.0, 519.0, 99481.0
3.0, 2.0, 2.0103761871, 0.201448842747, -0.947056083322, 0.730200903514, 0.0, -1.0, -1.0, 1.0, -1.0, -1.0, 3.0, 0.0, -1.0, 2.0, 0.546683481768, 2.0, 0.0, 1.16210137582, -0.404056518427, 2.13066826411, 0.0, 0.0, 2.76931285308, 1.49979109789, 1.1910875945, -0.897782414934, -1.0, 3.0, 1.19328405241, 1.44612865449, 0.308786713313, 0.0, 3.0, 1.18641106684, -1.0, 0.0, 2.0, 2.0, -0.598734329097, 0.0, 0.834951148145, -1.0, 1.0, 1.0, -1.0, 0.412685332762, 2.0, -1.0, 96836.0, 530.0, 99461.0
1.0, 2.0, 2.0, -0.177588329551, 0.0, 2.0, 0.0, 3.0, -0.877455801022, 0.0, -1.0, 0.095791924882, 3.0, -0.325795827911, -1.0, -1.0, 2.15584382953, -0.441463611599, 1.92945653866, 1.0, -1.0, -0.397968808316, 3.0, 1.70736922234, 2.00068940345, 1.0, 0.467640862088, 2.15688152247, 0.0, 1.0, 2.0, -1.0, 0.0, -0.109964658419, 3.0, 2.2555765873, 2.0, 3.0, 0.0, -0.0629403340214, 1.0, -1.0, -1.0, 1.04041686806, -0.538127914803, 1.13884645497, 3.0, -1.0, 0.0, -1.0, 96674.0, 563.0, 99444.0
1.83482181359, -1.0, -1.0, -0.231293208593, 0.552946493451, 3.0, 2.0, -0.501793264314, -1.0, 0.642010010365, 1.0, 2.78647953449, -0.671894338809, 1.0, -1.0, -0.339647106191, 1.38768216638, -0.078774381322, 2.88219269025, 0.0, 0.84566770479, -0.237583405261, -0.087683848756, 2.15099212233, -0.975607292188, 0.0506125431269, 2.53665884312, 0.0, -1.0, 1.0, 1.39648228917, 0.367017915598, 0.984279072898, 1.30197434868, -1.0, 0.309837040827, -0.056501514946, 2.0, 2.0, 2.0, 0.0, -1.0, -0.233948398384, -1.0, 1.26086460669, -0.0677264800444, 0.0, 2.12268818762, 1.57477773693, 1.0, 96547.0, 570.0, 99444.0
1.12872961659, 0.0, 2.27851641614, -0.520917959379, -0.820028939829, 1.0, -0.0517564353764, -1.0, -1.0, 0.0, -1.0, 1.26296519275, -0.602340302777, 2.49748596985, -1.0, -1.0, 2.50120006885, 1.84619715564, -1.0, 0.929705001021, -1.0, 0.451052332979, 0.0, 2.04828438925, -0.908075718974, -0.474853005092, 3.0, 1.59261146207, -1.0, -0.702645450768, 1.94181566008, 2.92360721845, -0.50927531872, -1.0, 0.554071004059, 0.0, 2.0, -1.0, 0.0, 1.28354465337, -0.949007245623, 2.49655403092, 2.24768012923, -0.343254050277, 0.494990418003, 2.0, -0.409674373639, -1.0, -0.25498991852, 0.70863730051, 97163.0, 471.0, 99535.0
