1.0, 0.0, 3.0, 3.0, -1.0, -1.0, 1.0, 1.0, -1.0, -1.0, 1.0, 3.0, 1.0, 0.0, 3.0, 0.0, 3.0, 2.0, 2.0, 1.0, 1.0, 2.0, 0.0, 2.0, 0.0, 1.0, 0.0, 2.0, 2.0, -1.0, 3.0, -1.0, 1.0, 2.0, 0.0, 0.0, 2.0, -1.0, -1.0, -1.0, 3.0, 0.0, -1.0, -1.0, 3.0, 1.0, 1.0, 2.0, 2.0, 2.0, 98660.0, 527.0, 99502.0
1.0, -1.0, 0.0, 0.0, -1.0, 2.0, 3.0, 2.0, 0.0, 2.0, 2.0, 2.0, 0.0, -1.0, 1.0, -1.0, 3.0, -1.0, 2.0, 0.0, 3.0, -1.0, 2.0, 1.0, 1.0, -1.0, 3.0, 3.0, 1.0, 0.0, 0.0, 1.0, 2.0, 1.0, 3.0, 1.0, 1.0, 0.0, -1.0, -1.0, 3.0, 2.0, 0.0, -1.0, 0.0, 0.0, -1.0, 1.0, 2.0, 0.0, 98623.0, 549.0, 99488.0
2.0, 3.0, 0.0, 2.0, 1.0, -1.0, -1.0, 0.0, 1.00771720042, 1.0, 2.0, 3.0, 2.0, 0.0, 2.0, 1.0, 3.0, -1.0, -1.0, 1.0, 2.0, -1.0, 2.0, 3.0, 1.0, 0.0, 1.0, 0.0, 1.0, 2.0, -1.0, 0.0, 0.0, -0.21409334342, 0.0, 3.0, 0.0, -1.0, -1.0, -1.0, -0.122232724072, 1.0, -1.0, 1.0, 1.0, 3.0, 3.0, 0.0, 3.0, 2.0, 98597.0, 562.0, 99484.0
1.0, 3.0, 3.0, 1.0, 2.0, 2.0, 2.0, 1.0, 3.0, 2.0, 0.0, 0.0, 0.0, 1.0, 2.0, 0.0, 0.0, 2.0, 1.0, 0.0, 1.0, -1.0, 1.0, 0.0, 3.0, -0.808559520117, 3.0, 1.0, 2.0, 1.0, 2.0, -1.0, 3.0, 3.0, 0.0, 3.0, -1.0, 2.0, 0.0, 2.05506696245, -1.0, 3.0, 3.0, -1.0, 0.0, 0.0, 0.0, 1.0, 3.0, 2.0, 98588.0, 615.0, 99439.0
1.0, 2.0, 1.0, 3.0, 3.0, 1.0, 2.0, 0.0, 3.0, -1.0, 2.0, 0.0, 0.0, 0.0, 0.0, 1.0, 1.0, 3.0, 3.0, -1.0, -1.0, 1.0, 2.0, 1.0, 0.0, -1.0, 3.0, 2.0, 0.0, 3.0, 0.0, -1.0, 1.0, 2.0, -1.0, 1.0, 2.0, 2.0, 0.0, 0.0, 2.0, 0.0, 2.0, -1.0, -1.0, 0.0, -1.0, -1.0, 2.0, 1.0, 98632.0, 551.0, 99486.0
3.0, 0.0, 0.0, 3.0, -1.0, 3.0, 3.0, 2.0, 0.0, -1.0, 0.0, 3.0, 1.0, -1.0, -0.745688644995, 1.43174490858, 1.0, 1.0, 3.0, 1.45299241562, 2.0, 2.0, 1.0, 3.0, 1.0, 0.0, 1.0, 1.0, 2.0, 0.0, 2.0, 1.0, 2.0, 0.0, 3.0, 0.0, 2.0, 1.0, 0.0, -1.0, 2.0, 2.0, -1.0, -1.0, -1.0, -1.0, -1.0, 2.0, 2.0, 0.0, 98579.0, 564.0, 99494.0
1.0, 2.0, 3.0, 1.0, -0.989728009458, 2.0, 1.0, 0.0, 3.0, 1.0, -1.0, 0.0, 1.10656246157, 2.0, 3.0, 2.0, 0.0, 3.0, -1.0, 2.0, 0.0, -1.0, 1.0, 0.0, -1.0, 2.47816843614, 1.0, 0.0, 3.0, -0.634595809855, 1.0, -1.0, -0.729436333677, 0.0, 2.0, 0.0, 1.2641932358, 0.0, -1.0, 3.0, 2.0, 1.0, 1.0, -1.0, -1.0, 1.0, 0.0, 0.0, 2.0, -1.0, 98639.0, 525.0, 99522.0
1.0, -1.0, 2.0, 3.0, -1.0, 0.0, 0.0, 0.0, 1.0, -1.0, 0.0, 1.40325282694, 1.0, -1.0, 0.160469606802, 0.0461989192553, 3.0, 3.0, 0.0, 1.0, 3.0, 2.0, 2.0, 3.0, 3.0, 0.0, 2.0, 1.0, 0.0, 2.0, 1.0, 3.0, 3.0, 2.0, 0.0, 1.0, 3.0, 2.0, 0.0, 1.0, -1.0, -1.0, 2.0, 0.0, 2.0, 0.0, -1.0, 2.0, 1.59650660066, 3.0, 98759.0, 605.0, 99442.0
-1.0, 0.0, -1.0, -1.0, 2.0, 3.0, -1.0, 2.0, -1.0, 3.0, 1.0, 2.0, 2.0, 3.0, 2.0, 1.0, 2.0, -1.0, 3.0, -1.0, 0.0, 3.0, 2.0, 3.0, 3.0, 1.0, 0.0, -1.0, 0.0, 0.0, -1.0, 1.0, 1.0, 0.0, 2.0, 1.0, 2.0, 1.0, 2.0, 0.0, 3.0, 2.0, 3.0, 1.0, -1.0, 1.0, 0.0, -1.0, 2.0, 0.0, 98654.0, 532.0, 99480.0
-1.0, 2.0, 1.0, 0.0, -1.0, 3.0, 0.0, 1.0, -1.0, 3.0, 0.0, 2.0, 2.0, 0.0, 1.0, 3.0, 3.0, 1.0, 1.0, 3.0, -1.0, 1.0, 3.0, 3.0, 2.0, 2.0, 0.0, -1.0, 1.0, 2.0, 0.0, -1.0, 0.0, 2.0, 2.0, 3.0, 0.0, -1.0, 0.0, 0.0, -1.0, 1.0, 0.0, 1.0, 0.0, 2.0, -1.0, 3.0, 3.0, 1.0, 98775.0, 544.0, 99472.0
3.0, 0.0, 0.0, 2.0, 2.0, 2.0, 0.0, 0.122407761329, 0.0, 2.0, 3.0, 0.0, 1.0, 0.267311904814, 1.0, -1.0, 2.0, -1.0, 2.0, 2.0, 1.50318312589, 0.453692141711, -1.0, 0.0, 0.0, 0.0, 0.0, 2.0, 1.0, -1.0, -1.0, 3.0, 2.0, 2.0, 1.0, -1.0, 1.0, -1.0, 3.0, 0.0, 0.473959111527, 0.0, 1.0, -1.0, -1.0, 2.0, -0.159951973153, 3.0, 2.0, -1.0, 98599.0, 540.0, 99493.0
3.0, 1.0, -1.0, 0.0, 2.0, 0.0, 0.0, 1.0, 3.0, -1.0, 1.0, -1.0, 0.0, 2.0, 0.0, 1.0, 1.0, 3.0, 3.0, -1.0, 1.0, 0.0, -1.0, 3.0, 1.0, 2.0, 2.0, 1.0, 0.0, 0.0, 0.0, 3.0, 2.0, 3.0, 1.0, 0.0, -1.0, 3.0, -1.0, -1.0, -1.0, -1.0, -1.0, 2.0, -1.0, 2.0, -1.0, 0.0, 1.0, 0.0, 98619.0, 519.0, 99527.0
-1.0, -1.0, -1.0, 3.0, -1.0, 2.0, 1.0, 0.0, 1.0, 0.0, -1.0, -1.0, 3.0, 0.0, 0.0, 3.0, 1.0, 0.0, 2.0, 0.0, 2.0, 1.0, 1.0, 2.0, 0.0, 2.0, 0.0, 2.0, 3.0, 2.0, 0.0, 2.0, 1.0, 3.0, 3.0, -1.0, 1.0, 0.0, -1.0, 1.0, -1.0, 1.0, -1.0, -1.0, -1.0, -1.0, -1.0, 2.0, 0.0, 2.0, 98748.0, 492.0, 99533.0
-1.0, 1.0, 2.0, -1.0, 2.0, 0.0, 0.0, -1.0, 1.43802928546, 1.0, 2.0, -1.0, 1.0, 2.0, 2.0, 0.0, 1.0, -1.0, 0.0, 3.0, 2.0, 1.0, 0.983977949487, -1.0, -1.0, 1.0, 2.0, 0.341279842613, 3.0, -1.0, -1.0, 0.0, -1.0, 1.0, -1.0, 3.0, -1.0, 2.0, 1.0, -1.0, 2.0, 1.97743475164, -1.0, -1.0, -1.0, -1.0, 1.0, 0.0, 2.0, 1.0, 98783.0, 464.0, 99586.0
1.0, -1.0, 0.0, 0.0, -1.0, 2.0, 3.0, 2.0, 0.0, 2.0, 2.0, 2.0, 0.0, -1.0, 1.0, -1.0, 3.0, -1.0, 2.0, 0.0, 3.0, 1.8340004467, 2.0, 1.0, 1.0, -1.0, 3.0, 3.0, 1.0, 0.0, 0.0, 1.0, 2.0, 1.0, 3.0, 1.0, 1.0, 0.0, -1.0, -1.0, 3.0, 2.0, 0.0, -1.0, 0.0, -0.675921526295, -1.0, 1.0, 2.0, 0.0, 98597.0, 547.0, 99492.0
0.0, 2.0, -0.802322184196, 0.0, 1.0, -0.95847946959, -1.0, 2.0, 2.0, -1.0, 0.0, 3.0, 0.0, 2.0, 3.0, -1.0, 0.0, 2.0, 1.0, 0.0, -1.0, 1.0, -1.0, 1.0, 2.0, 0.0, -1.0, 2.0, 1.0, -1.0, -1.0, 1.0, 3.0, 3.0, 2.0, 3.0, 0.0, -1.0, 1.0, -1.0, 2.0, 1.0, -1.0, -0.657963075282, 2.0, 0.0, 3.0, 0.0, 1.0, 1.0, 98761.0, 489.0, 99554.0
-1.0, 2.0, 2.0, 1.0, 1.21680135554, -1.0, 0.0, 1.0, -1.0, 2.0, 0.0, 1.0, 3.0, 2.0, 2.0, -1.0, 0.0, 2.0, 0.0, 1.0, 3.0, 0.0, -1.0, -1.0, 2.16105902978, 1.0, 0.463519473571, -1.0, 2.0, 0.0, 3.0, -1.0, 0.0, 1.0, 2.0, 3.0, -1.0, 2.0, -1.0, 0.0, 0.0, 1.0, 0.0, 1.0, -1.0, 1.0, -1.0, 1.0, 2.0, 0.0, 98661.0, 506.0, 99512.0
1.0, 2.0, 1.0, -1.0, 1.0, 3.0, -1.0, -1.0, -1.0, -1.0, -1.0, 3.0, 2.0, 3.0, 0.0, 1.0, 0.0, -1.0, 1.0, 3.0, 1.0, -1.0, 1.0, 3.0, 0.0, 3.0, 2.0, 1.0, 1.0, -0.226840563986, -1.0, -0.19767161788, 2.0, 0.0, 1.0, 0.0, -1.0, 2.0, 0.0, 1.0, 3.0, 0.0, 0.0, -1.0, 3.0, 2.0, 3.0, 2.0, 2.0, 2.0, 98580.0, 549.0, 99494.0
3.0, 0.0, 0.0, 1.0, 2.0, 2.0, 0.0, -1.0, 0.0, 2.0, 3.0, 0.0, 1.0, 1.0, 1.0, -1.0, 2.0, -1.0, 2.0, 2.0, 1.0, 0.0, -1.0, 0.0, 0.0, 0.0, 0.0, 2.0, 1.0, -1.0, -1.0, 3.0, 2.0, 2.0, 1.0, -1.0, 1.0, -1.0, 3.0, 0.0, 1.0, 1.0, 1.0, -1.0, -1.0, 2.0, 1.0, 3.0, 2.0, -1.0, 98626.0, 529.0, 99508.0
-1.0, -1.0, -1.0, 3.0, -1.0, 2.0, 1.0, 0.0, 1.0, 0.0, -1.0, -1.0, 3.0, 0.0, 0.0, 3.0, 1.0, 0.0552226210755, 2.0, 0.0, 2.0, 1.0, 1.0, 2.0, 0.0, 2.0, -0.509313147096, 2.0, 3.0, -0.909457917358, 0.0, 2.0, 1.0, 3.0, 3.0, -1.0, 1.0, 0.0, -1.0, 1.0, -1.0, 1.0, -1.0, -1.0, -1.0, -1.0, -1.0, 2.0, 0.0, 2.0, 98873.0, 464.0, 99565.0
2.0, -1.0, -1.0, 2.0, -1.0, 0.0, 0.0, 0.0, 1.0, -1.0, -1.0, 2.0, 0.0, 2.0, -1.0, 0.0, 3.0, -1.0, 1.0, -1.0, 2.0, 3.0, 2.0, -1.0, 2.0, -1.0, 1.0, 1.0, 2.0, 1.0, 0.0, 0.0, 3.0, 1.0, 0.0, -1.0, 2.0, 0.0, 3.0, 1.0, 3.0, 0.0, 3.0, 2.0, -1.0, -1.0, 2.0, 0.0, -1.0, 1.0, 98768.0, 498.0, 99525.0
-1.0, -1.0, 1.0, 1.0, -1.0, -1.0, 0.0, 1.0, 0.0, -1.0, 0.405072733563, -1.0, -0.331831585079, 2.0, 1.0, 3.0, -1.0, 3.0, 2.0, 1.0, 2.0, 2.0, 0.0, 0.0, 3.0, 0.0, -1.0, 2.0, 1.37779150353, 1.0, -1.0, 1.0, 2.0, 3.0, -1.0, -1.0, 0.0, -1.0, -1.0, -1.0, 0.603956253695, 3.0, -1.0, 0.0, 1.0, 0.0, 1.0, 2.0, 1.0, 2.0, 98855.0, 484.0, 99556.0
2.0, -1.0, -1.0, -1.0, 2.0, 1.0, 1.0, 0.0, -1.0, 1.0, 0.0, -1.0, 2.0, 3.0, 2.0, 3.0, -1.0, -1.0, -1.0, 0.0, -1.0, 2.0, 0.0, 3.0, -1.0, 2.0, 3.0, 2.0, 3.0, 1.0, -1.0, 2.0, -1.0, -1.0, -1.0, 2.0, 1.0, 3.0, 1.0, 1.0, 0.0, 0.0, 2.0, -1.0, 0.0, -1.0, -1.0, -1.0, -1.0, -1.0, 99122.0, 430.0, 99615.0
-1.0, 0.0, 1.0, 3.0, -1.0, 2.0, 0.0, 2.0, -1.0, 0.0, 0.0, 2.0, 0.0, 0.0, 0.0, 3.0, -0.238984891007, -1.0, 0.0, -1.0, 3.0, 3.0, 2.0, 0.663060161895, 1.0, 3.0, 0.0, 2.0, 0.0, 2.0, 3.0, 1.0, 1.0, 2.0, 3.0, 1.0, 0.0, 0.0, 1.0, 2.0, 1.0, 1.0, 3.0, -1.0, 3.0, -1.0, 1.0, -1.0, -1.0, 2.0, 98533.0, 568.0, 99460.0
2.0, -1.0, -1.0, -1.0, -0.100623055891, -0.832325582691, 1.0, 0.0, -1.0, 0.931604261469, 0.0, -1.0, 2.0, 2.23229622973, 2.0, 3.0, -1.0, -1.0, -1.0, 0.0, -1.0, 2.0, 0.0, 3.0, -1.0, 2.0, 3.0, 2.25396767899, 3.0, 1.0, -1.0, 2.0, -1.0, -1.0, -1.0, 0.608420510646, 1.0, 3.0, 1.0, 1.0, 0.0, 0.0, 2.0, -1.0, 0.0, -1.0, -1.0, -1.0, -1.0, -1.0, 99084.0, 415.0, 99623.0
3.0, 3.0, -1.0, 3.0, 1.0, -1.0, 1.0, 2.0, 1.0, 0.0, 1.0, 2.0, 1.0, 3.0, 0.0, 3.0, 2.0, 1.0, 0.0, -1.0, 1.0, 0.0, 2.0, 3.0, -1.0, -1.0, -1.0, 3.0, 2.0, 3.0, -1.0, 3.0, 1.0, 2.0, 1.0, 0.0, 2.0, 0.0, -1.0, 1.0, -1.0, 0.0, 0.0, 2.0, 1.0, 0.0, 2.0, 2.0, -1.0, 0.0, 98680.0, 559.0, 99472.0
-1.0, 0.0, -1.0, -1.0, 2.0, 3.0, -1.0, 2.0, -1.0, 3.0, 1.0, 2.0, 2.0, 3.0, 2.0, 1.0, 2.0, -1.0, 3.0, -1.0, 0.0, 3.0, 2.0, 3.0, 3.0, 1.0, 0.0, -1.0, 0.0, 0.0, -1.0, 1.0, -0.695743317935, 0.0, 2.0, 1.0, 2.0, 1.0, 2.0, -0.271528973357, 3.0, 2.0, 3.0, 1.0, -1.0, 1.0, 0.0, -1.0, 2.0, 0.0, 98679.0, 521.0, 99496.0
-1.0, 1.0, 2.0, -1.0, 2.0, 0.0, 0.0, -1.0, 1.0, 1.0, 2.0, -1.0, 1.0, 2.0, 2.0, 0.0, 1.0, -1.0, 0.0, 3.0, 2.0, 1.0, 0.0, -1.0, -1.0, 1.0, 2.0, -1.0, 3.0, -1.0, -1.0, 0.0, -1.0, 1.0, -1.0, 3.0, -1.0, 2.0, 1.0, -1.0, 2.0, 0.0, -1.0, -1.0, -1.0, -1.0, 1.0, 0.0, 2.0, 1.0, 98770.0, 445.0, 99600.0
-1.0, -1.0, 2.0, 1.0, 0.0, 1.0, -1.0, 1.0, 0.0, -1.0, 2.0, 3.0, -1.0, -1.0, 0.0, 2.0, 0.0, -1.0, 3.0, 0.0, -1.0, -1.0, 0.0, 3.0, 1.0, 3.0, 2.0, 3.0, 1.0, 1.0, -1.0, 3.0, 2.0, 2.0, 0.0, -0.824644640645, 0.0, -1.0, -1.0, -1.0, -0.838169336111, 3.0, 3.0, 1.0, -1.0, 2.0, 1.0, 0.0, 2.0, 2.0, 98938.0, 469.0, 99556.0
-1.0, 0.0, 0.0, 3.0, 3.0, 0.0, 1.0, 2.0, 0.0, -1.0, 2.0, 2.0, 2.0, 2.0, 0.0, 3.0, 1.0, 2.0, 2.0, 3.0, 2.0, 1.0, 3.0, 1.0, -1.0, -1.0, 1.0, 1.0, -1.0, 1.0, -1.0, 0.0, 3.0, 3.0, 0.0, 1.0, 0.0, 2.0, -1.0, 3.0, -1.0, 0.0, 1.0, 1.0, 2.0, 2.0, -1.0, 1.0, 0.0, 3.0, 98604.0, 562.0, 99457.0
-1.0, 0.0, 0.0, 3.0, 3.0, 0.0, 1.0, 2.0, 0.0, -1.0, 2.0, 2.0, 2.0, 2.0, 0.0, 3.0, 1.0, 2.0, 2.0, 3.0, 2.0, 1.0, 3.0, 1.0, -1.0, -1.0, 1.0, 1.0, -1.0, 1.0, -1.0, 0.0, 3.0, 3.0, 0.0, 1.0, 0.0, 2.0, -1.0, 3.0, -1.0, 0.0, 1.0, 1.0, 2.0, 2.0, -1.0, 1.0, 0.0, 3.0, 98604.0, 562.0, 99457.0
0.0, 0.0, 2.0, 2.0, -1.0, 2.0, 3.0, 2.0, 2.0, 3.0, 0.0, 1.0, 0.0, -1.0, 1.0, -1.0, 3.0, 2.0, 1.0, 0.0, 2.0, -1.0, 0.0, -1.0, -1.0, -1.0, -1.0, 2.0, 1.0, 3.0, 1.0, -1.0, 1.0, -1.0, 0.0, -1.0, 3.0, -1.0, 3.0, 1.0, 0.0, 2.0, -1.0, 3.0, 1.0, 2.0, 1.0, -1.0, 1.0, 0.0, 98925.0, 491.0, 99536.0
3.0, 0.0, 3.0, 1.0, 2.0, -1.0, -1.0, 1.0, 2.0, -1.0, 2.0, 3.0, 2.0, 2.0, 2.0, 2.0, 1.0, 3.0, 3.0, 0.0, -1.0, 3.0, 3.0, 3.0, 1.0, 2.0, 0.0, 0.0, 2.0, 1.0, 1.0, 0.0, 1.0, 3.0, 0.0, 1.0, -1.0, 0.0, -1.0, 0.0, 1.0, 0.0, 0.0, 1.0, 2.0, 0.0, -1.0, 3.0, 1.0, 2.0, 98590.0, 602.0, 99455.0
3.0, 1.0, -1.0, 0.0, 2.0, 0.0, 0.0, 0.401671728555, 3.0, -1.0, 1.0, -1.0, 0.0, 2.0, 0.0, 1.0, 1.0, 3.0, 3.0, -1.0, 1.0, 0.0, -1.0, 3.0, 1.0, 1.86001597935, 2.0, 1.0, 0.0, 0.0, 0.0, 3.0, 2.0, 3.0, 1.0, 0.0, -1.0, 0.0, -1.0, -1.0, -1.0, -0.178352371548, -1.0, 2.0, -1.0, 2.0, -1.0, 0.0, 1.0, 1.57488906939, 98554.0, 530.0, 99513.0
0.0, 0.0, 2.0, 2.0, -1.0, 2.0, 3.0, 2.0, 2.0, 3.0, 0.0, 1.0, 0.0, -1.0, 1.0, -1.0, 3.0, 2.0, 1.0, 0.0, 2.0, -1.0, -0.451794085265, -1.0, -1.0, -1.0, -1.0, 2.26777241553, -0.521687922307, 3.0, 1.0, -1.0, 1.0, -1.0, 2.97999976616, -1.0, 3.0, -1.0, 3.0, 1.0, 0.0, 2.0, -1.0, 3.0, 1.0, 2.0, 1.0, -1.0, 1.0, 0.0, 99001.0, 479.0, 99552.0
-1.0, 0.0, 0.0, 2.0, 3.0, 2.71581362132, 1.0, 3.0, 0.0, -1.0, 1.0, 3.0, 0.0, 1.0, -1.0, 1.79536424399, 1.0, -1.0, 2.0, 0.0, 2.59792665732, 1.0, 2.27041694593, 1.0, 3.0, 3.0, 1.0, 2.0, 3.0, 2.37583826058, 0.0, 0.0, 2.0, 0.0, -1.0, 1.0916069628, -1.0, 2.0, 0.0, 0.0, 2.0, 1.0, 1.0, 2.0, 2.0, 1.0, 2.0, 1.0, 3.0, -1.0, 98579.0, 604.0, 99450.0
1.0, 3.0, 3.0, 1.0, 2.0, 2.0, 2.0, 1.0, 3.0, 2.0, 0.0, 0.0, 0.0, 1.0, 2.0, 0.0, 1.0, 2.0, 1.0, 0.0, 1.0, -1.0, 1.0, 0.0, 3.0, -1.0, 3.0, 1.0, 2.0, 1.0, 2.0, -1.0, 3.0, 3.0, 0.0, 3.0, -1.0, 2.0, 0.0, 2.0, -1.0, 3.0, 3.0, -1.0, 0.0, 0.0, 0.0, 1.0, 3.0, 2.0, 98608.0, 615.0, 99439.0
1.0, 2.0, 1.0, 0.0, -1.0, 0.0, 2.0, -1.0, -1.0, 2.0, -1.0, 1.0, 2.26968652419, 0.0, 1.0, 2.0, 1.0, 0.0, 3.0, 0.0, 3.0, 1.0, 3.0, 3.0, 0.0, -1.0, 1.0, 2.0, 2.0, 0.0, -1.0, 0.0, 1.0, 3.0, 2.0, 2.0, -1.0, 0.0, 0.0, -1.0, 1.0, -1.0, 3.0, 1.0, -1.0, 1.0, 3.0, 1.0, 1.3322102973, 2.0, 98650.0, 559.0, 99489.0
1.0, -1.0, 2.0, 3.0, -1.0, 0.0, 0.0, 0.0, 1.0, -1.0, 0.0, 3.0, 1.0, -1.0, 1.0, 2.0, 1.0, 3.0, 0.0, 1.0, 3.0, 2.0, 2.0, 3.0, 3.0, 0.0, 2.0, 1.0, 0.0, 2.0, 1.0, 3.0, 3.0, 2.0, 0.0, 1.0, 3.0, 2.0, 0.0, 1.0, -1.0, -1.0, 2.0, 0.0, 2.0, 0.0, -1.0, 2.0, 1.0, 3.0, 98767.0, 605.0, 99442.0
0.0, 1.0, 0.0, 1.0, -1.0, 1.0, 0.0, 2.1738397448, -1.0, -0.192800055271, 2.0, 0.0, -1.0, 2.0, 1.0, -1.0, -1.0, 3.0, 2.0, 1.0, 2.0, 0.701312722984, 3.0, 0.0, 3.0, -1.0, 0.0, 1.0, 2.0, 0.0, 0.0, 3.0, 2.59958421464, 2.0, 0.0, -1.0, 1.21904263479, 3.0, -1.0, 2.0, -1.0, 0.0, 2.0, 1.0, -1.0, 3.0, 3.0, 0.0, 1.0, 3.0, 98685.0, 550.0, 99490.0
3.0, 2.0, -1.0, -1.0, -1.0, 2.0, 0.0, 1.0, 1.0, 0.0, -1.0, 1.0, 1.0, -1.0, -1.0, 3.0, 2.0, 0.0, 3.0, 0.0, 3.0, 1.0, 3.0, 0.0, -1.0, 2.0, 1.0, 1.0, 3.0, 0.0, -1.0, -1.0, 2.0, 3.0, 3.0, 2.0, 2.0, 0.0, 0.0, 1.0, 2.0, 0.0, -1.0, 1.0, 0.0, 3.0, 2.0, 2.0, 3.0, 0.0, 98717.0, 556.0, 99486.0
-1.0, 2.0, 0.815611963155, 0.0, -1.0, 3.0, 0.0, 1.0, -1.0, 3.0, 0.0, 2.0, 2.0, 0.0, 1.0, 3.0, 3.0, 1.0, 1.0, 3.0, -1.0, 1.0, 3.0, 3.0, 2.85622476386, 2.0, 2.0, -1.0, 1.0, 2.0, 0.316074480954, -1.0, 0.0, 2.0, 2.0, 3.0, 0.0, -1.0, 0.0, 0.0, -1.0, 1.0, 0.0, 1.0, 0.0, 2.0, -1.0, 3.0, 2.87578021388, 1.0, 98819.0, 544.0, 99472.0
3.0, 0.620968725032, 0.0, 2.0, 3.0, 3.0, 1.0, 1.0, -1.0, 2.0, 1.0, 2.0, 2.0, -1.0, 0.0, 0.0, -0.544055229893, -1.0, 3.0, 3.0, 1.0, 2.0, 0.0, 1.0, -1.0, -1.0, 2.0, 0.281367479269, 2.0, -0.412113814086, 0.0, -1.0, -0.205721679049, 1.0, 2.0, 1.0, -1.0, -1.0, 0.542895563682, 1.0, 1.0, 2.0, -0.345723273453, 0.412668354762, 2.0, -1.0, 0.0, -0.288972472337, -1.0, 0.0, 98654.0, 542.0, 99506.0
-1.0, 1.0, 1.0, -1.0, -1.0, 1.0, 0.0, 2.0, 1.0, 0.0, 2.0, -1.0, 2.0, -1.0, 3.0, 1.0, 2.0, 2.0, 3.0, 1.09013901356, 0.0, 0.0, 1.0, 2.0, 0.0, -1.0, 0.0, 2.0, 1.0, 3.0, -0.0336917301014, 1.0, -1.0, 2.0, 1.0, 1.0, 0.781912907824, 0.0, 0.0, 1.0, 2.0, -1.0, 0.0, 1.0, -1.0, -1.0, -1.0, 2.0, 3.0, 0.0, 98620.0, 546.0, 99495.0
1.0, 2.0, 3.0, 1.0, -1.0, 2.0, 1.0, 0.0, 3.0, 1.0, -1.0, 0.0, 0.0, 2.0, 3.0, 2.0, 0.0, 3.0, -1.0, 2.0, 0.0, -1.0, 1.0, 1.0, -1.0, 2.0, 1.0, 0.0, 3.0, -1.0, 1.0, -1.0, 2.0, 0.0, 2.0, 0.0, -1.0, 0.0, -1.0, 3.0, 2.0, 1.0, 1.0, -1.0, 2.0, 1.0, 0.0, 0.0, 2.0, -1.0, 98615.0, 543.0, 99508.0
-1.0, 0.0, -1.0, 2.0, 0.0, 0.0, -1.0, 1.0, 2.0, -1.0, 2.0, 3.0, 3.0, 1.0, 2.0, 2.0, -1.0, 3.0, 3.0, 0.0, -1.0, 1.0, 0.0, 2.0, -1.0, 1.0, -1.0, 3.0, 0.0, -1.0, -0.68736688925, -1.0, 3.0, 1.0, 2.0, 1.0, 2.0, 0.0, -1.0, 1.0, 2.0, -1.0, 1.0, 2.70297831436, 0.0, 3.0, 2.0, -1.0, 0.205839338431, 0.0, 98897.0, 493.0, 99549.0
-1.0, -1.0, 1.0, 2.0, 0.0, 2.0, 2.0, 0.0, 0.0, 2.0, -1.0, 0.0, -0.540600200959, 0.0, 0.0, 1.0, 2.0, 2.0, 1.0, 1.44131709089, -1.0, 3.0, -1.0, -1.0, -1.0, 2.0, 3.0, 2.0, 0.0, 0.0, 3.0, 3.0, 1.0, 2.0, 2.0, 1.0, 0.0, -1.0, 1.0, -0.891634643983, -0.656102242249, 0.0, -1.0, -1.0, 1.57050409739, 2.0, 3.0, 1.0, 1.0, -1.0, 98856.0, 493.0, 99553.0
-1.0, 2.0, 2.0, 2.0, 3.0, -0.990601201615, 2.0, 2.0, -1.0, 0.960003049604, 2.0, 1.0, 1.0, -1.0, 0.0, 1.0, 0.0, 1.0, 2.0, 3.0, 3.0, 3.0, -1.0, 3.0, 0.0, -1.0, -1.0, 3.0, -1.0, 2.0, -1.0, -1.0, -1.0, 2.0, -1.0, 0.0, 0.0, 0.0, 0.0, 2.0, 3.0, 2.0, -1.0, -0.838725866316, 0.0, 0.0, 2.66103888986, 3.0, 1.0, 1.0, 98877.0, 497.0, 99547.0
1.0, 0.0, 3.0, 3.0, -1.0, -1.0, -1.0, 1.0, -1.0, -1.0, 1.0, 3.0, 1.0, 0.0, 3.0, 0.0, 3.0, 3.0, 2.50151703218, 1.0, 1.0, 2.0, 0.0, 2.0, 0.0, 1.0, 0.0, 2.0, 2.0, -1.0, 3.0, -1.0, 1.0, 2.0, 0.0, -0.083819916434, 2.0, -1.0, -1.0, -1.0, 3.0, 0.0, -1.0, -1.0, 3.0, 1.0, 1.0, 1.0, 2.0, 2.0, 98675.0, 515.0, 99519.0
-1.0, 2.0, 2.0, 1.0, 1.0, -1.0, 0.0, 1.0, -1.0, 2.0, 0.0, 1.0, 3.0, 2.0, 2.0, -1.0, 0.0, 2.0, 0.0, 1.0, 3.0, 0.0, -1.0, -1.0, 2.0, 1.0, 3.0, -1.0, 2.0, 0.0, 3.0, -1.0, 0.0, 1.0, 2.0, 3.0, -1.0, 2.0, -1.0, 0.0, 0.0, 1.0, 0.0, 1.0, -1.0, 1.0, -1.0, 1.0, 2.0, 0.0, 98709.0, 506.0, 99512.0
1.0, 2.0, 1.0, -1.0, 1.0, 3.0, -1.0, -1.0, -1.0, -1.0, -1.0, 3.0, 2.0, 3.0, 0.0, 1.0, 0.0, -1.0, 1.0, 3.0, 1.0, -1.0, 1.0, 3.0, 0.0, 3.0, 2.0, 1.0, 1.0, -1.0, -1.0, 0.0, 2.0, 0.0, 1.0, 0.0, -1.0, 2.0, 0.0, 1.0, 3.0, 0.0, 0.0, -1.0, 3.0, 2.0, 3.0, 2.0, 2.0, 2.0, 98658.0, 533.0, 99511.0
2.0, -1.0, -1.0, 1.0, -1.0, 0.0, 0.0, 0.0, 1.0, -1.0, -1.0, 2.0, 0.0, 2.0, -1.0, 0.0, 3.0, -1.0, 1.0, -1.0, 2.0, 3.0, 2.0, -1.0, 2.0, -1.0, 1.0, 1.0, 2.25020150471, 1.0, 0.0, 0.0, 3.0, 1.0, 0.0, -1.0, 2.0, 0.0, 3.0, 1.0, 3.0, 1.0, 3.0, 2.0, -1.0, -1.0, 2.0, 0.0, -1.0, 1.0, 98779.0, 498.0, 99525.0
0.0, 2.21253725336, 0.0, -1.0, -1.0, -1.0, 0.0, -1.0, 2.82595722058, 0.0, 1.0, -1.0, 0.0, 2.0, -1.0, -1.0, 0.0, 2.0, 2.69265146062, 0.0, 3.0, 3.0, 1.0, 3.0, 2.0, 1.0, 2.0, 3.0, -1.0, 1.0, -1.0, -1.0, 2.10764220006, -1.0, 0.0, -1.0, -1.0, 3.0, 2.0, 1.0, -1.0, 2.0, -1.0, 1.0, 0.0, 1.0, 0.0, 1.0, 3.0, 2.0, 98892.0, 488.0, 99558.0
-1.0, 2.0, 1.0, 2.0, -1.0, 2.0, -1.0, 1.0, -1.0, 0.0, 0.0, 1.0, 1.0, 1.0, 2.0, -1.0, 2.0, -1.0, 1.0, 0.0, 1.0, -1.0, 2.0, 3.0, 3.0, 2.0, -1.0, 0.0, 3.0, -1.0, 2.0, 0.0, 0.0, 1.0, -1.0, 3.0, 2.0, 3.0, -1.0, -1.0, 1.0, -1.0, -1.0, 3.0, -1.0, 1.0, 3.0, 2.0, 2.0, 0.0, 98873.0, 485.0, 99559.0
3.0, 0.0, 0.0, 3.0, -1.0, 3.0, 3.0, 2.0, 0.0, -1.0, 0.0, 3.0, 1.0, -1.0, 2.0, 0.0, 1.0, 1.0, 3.0, 1.0, 2.0, 2.0, 1.0, 3.0, 1.0, 0.0, 1.0, 1.0, 2.0, 0.0, 2.0, 1.0, 2.0, 0.0, 3.0, 0.0, 2.0, 1.0, 0.0, -1.0, 2.0, 2.0, -1.0, -1.0, -1.0, -1.0, -1.0, 2.0, 2.0, 0.0, 98546.0, 575.0, 99480.0
-1.0, 0.0, 1.0, 3.0, -1.0, 2.0, 0.0, 2.0, -1.0, 0.0, 0.0, 2.0, 0.0, 0.0, 0.0, 3.0, 2.0, -1.0, 0.0, -1.0, 3.0, 3.0, 2.0, 2.0, 1.0, 3.0, 0.0, 2.0, 0.0, 2.0, 3.0, 1.0, 1.0, 2.0, 3.0, 1.0, 0.0, 0.0, 1.0, 2.0, 1.0, 1.0, 3.0, -1.0, 3.0, -1.0, 1.0, -1.0, -1.0, 2.0, 98591.0, 568.0, 99460.0
1.0, 0.0, 0.0, 1.0, 3.0, 2.0, 2.0, -1.0, 2.0, 0.0, 3.0, 3.0, 0.0, 1.0, -1.0, 3.0, 3.0, 2.0, 2.0, 1.0, 1.0, 0.0, -1.0, 3.0, 1.0, 2.0, 0.0, -1.0, 0.0, 0.0, 3.0, 3.0, -1.0, 2.0, -1.0, 0.0, -1.0, 0.0, 1.0, -1.0, 1.0, 1.0, 1.0, -1.0, 1.0, 2.0, 3.0, 2.0, 0.0, 3.0, 98538.0, 584.0, 99501.0
-1.0, 0.0, 2.0, 2.0, 2.0, 0.0, -1.0, -1.0, 3.0, 1.0, 1.0, 3.0, 0.0, 1.0, 3.0, 0.0, 1.0, -1.0, 1.0, 1.0, 3.0, 1.0, 1.0, 3.0, 1.0, -1.0, 3.0, 2.0, 3.0, -1.0, -1.0, -1.0, 3.0, -1.0, 2.0, 0.0, 0.0, -1.0, -1.0, 2.0, 2.0, 2.0, 2.0, 1.0, 2.0, 3.0, 1.0, 2.0, 0.0, 0.0, 98715.0, 529.0, 99497.0
-1.0, 2.0, 2.0, 3.0, 0.0, 1.0, -1.0, 1.0, 0.0, 0.0, 2.0, 3.0, 2.0, 3.0, -1.0, 0.0, 2.0, -1.0, 1.0, 0.0, 1.0, 0.0, -1.0, 3.0, 1.0, -1.0, 0.0, 3.0, 2.0, 1.0, 0.0, -1.0, 1.0, 0.0, 2.0, 3.0, 1.0, 1.0, -1.0, -1.0, 3.0, -1.0, 3.0, -1.0, 2.0, 0.0, 3.0, 0.0, 2.0, 2.0, 98693.0, 539.0, 99506.0
3.0, 1.0, 0.0, 2.0, 3.0, 3.0, 1.0, 1.0, -1.0, 2.0, 1.0, 2.0, 2.0, -1.0, 0.0, 0.0, 3.0, -1.0, 3.0, 3.0, 1.0, 2.0, 0.0, 1.0, -1.0, -1.0, 2.0, 0.0, 2.0, 0.0, 0.0, -1.0, 0.0, 1.0, 2.0, 1.0, -1.0, -1.0, -1.0, 1.0, 1.0, 2.0, -1.0, 1.0, 2.0, -1.0, 0.0, 2.0, -1.0, 0.0, 98685.0, 525.0, 99511.0
-1.0, -1.0, 1.0, 1.0, -1.0, -1.0, 0.0, 1.0, 0.0, -1.0, 3.0, -1.0, -1.0, 2.0, 1.0, 3.0, -1.0, 3.0, 2.0, 1.0, 2.0, 2.0, 0.0, 0.0, 3.0, 0.0, -1.0, 2.0, 2.0, 1.0, -1.0, 1.0, 2.0, 3.0, -1.0, -1.0, 0.0, -1.0, -1.0, -1.0, 1.0, 3.0, -1.0, 0.0, 1.0, 0.0, 1.0, 2.0, 1.0, 2.0, 98984.0, 474.0, 99567.0
0.0, 2.0, 2.0, 3.0, -1.0, 0.0, 1.0, 0.0, 1.0, 3.0, 3.0, 3.0, 0.0, 0.0, 3.0, -1.0, 0.0, 0.0, 1.0, 2.0, -1.0, -1.0, 0.0, 2.0, 1.0, 2.0, 0.0, 1.0, -1.0, 3.0, 1.0, 3.0, 3.0, -1.0, 3.0, 3.0, 2.0, -1.0, 1.0, 0.0, 2.0, 1.0, 3.0, 0.0, 1.0, 1.0, 2.0, 2.0, 2.0, 2.0, 98740.0, 593.0, 99458.0
2.0, 3.0, 0.0, 2.0, 1.0, -1.0, -1.0, 0.0, 2.0, 1.0, 2.0, 3.0, 2.0, 0.0, 2.0, 1.0, 3.0, -1.0, -1.0, 1.0, 2.0, -1.0, 2.0, 3.0, 1.0, 0.0, 1.0, 0.0, 1.0, 2.0, -1.0, 0.0, 0.0, 0.0, 0.0, 3.0, 0.0, -1.0, -1.0, -1.0, 1.0, 1.0, -1.0, 1.0, 1.0, 3.0, 3.0, 0.0, 3.0, 2.0, 98615.0, 562.0, 99484.0
1.0, 2.0, -1.0, 1.0, -1.0, 1.0, 0.0, 3.0, 0.0, 1.0, -1.0, 3.0, 3.0, -1.0, 3.0, 1.0, 1.0, -1.0, -1.0, -1.0, 1.0, 0.0, 2.0, 2.0, 3.0, 2.0, 0.0, 2.0, 3.0, 0.0, 2.0, 3.0, 3.0, 2.0, 1.0, 0.0, 0.0, 3.0, 0.0, 2.0, 3.0, 1.0, -1.0, 0.0, 2.0, 2.0, -1.0, 1.0, 3.0, -1.0, 98726.0, 565.0, 99483.0
-1.0, 0.0, -1.0, 2.0, 0.0, 0.0, -1.0, 1.0, 2.0, -1.0, 2.0, 3.0, 3.0, -1.0, 2.0, 2.0, -1.0, 3.0, 3.0, 0.0, -1.0, 1.0, 0.0, 2.0, -1.0, 1.0, -1.0, 3.0, 0.0, -1.0, 0.0, -1.0, 3.0, 1.0, 2.0, 1.0, 2.0, 0.0, -1.0, 1.0, 2.0, -1.0, 1.0, 2.0, 0.0, 3.0, 2.0, -1.0, 1.0, 0.0, 98936.0, 498.0, 99555.0
0.0, 3.0, 0.0, -1.0, -1.0, -1.0, 0.0, -1.0, 2.0, 0.0, 1.0, -1.0, 0.0, 2.0, -1.0, -1.0, 0.0, 2.0, 2.0, 0.0, 3.0, 3.0, 1.0, 3.0, 2.0, 1.0, 2.0, 3.0, -1.0, 1.0, -1.0, -1.0, 2.0, -1.0, 0.0, -1.0, -1.0, 3.0, 2.0, 1.0, -1.0, 2.0, -1.0, 1.0, 0.0, 1.0, 0.0, 1.0, 3.0, 2.0, 98894.0, 488.0, 99558.0
1.0, 0.0, 0.0, 1.0, 3.0, 2.0, 2.0, -1.0, 1.80960287762, 0.0, 3.0, 3.0, 1.42560503777, 1.0, -1.0, 3.0, 3.0, 2.0, 2.0, 1.0, 1.0, 0.0, -1.0, 3.0, 1.0, 2.0, 2.0, -1.0, 0.0, 0.0, 3.0, 3.0, -1.0, 2.0, -0.717028918744, 0.0, -1.0, 0.0, 0.542906162718, -1.0, 1.0, 0.0, 1.0, -1.0, 1.0, 2.27626654254, 0.66683666938, 2.0, 0.0, 3.0, 98565.0, 584.0, 99501.0
0.0, 2.0, 2.0, 3.0, -1.0, 0.0, 1.0, 0.0, 1.0, 3.0, 3.0, 3.0, 0.0, 0.0, 3.0, -1.0, 1.0, 0.0769255090508, 1.0, 2.0, -1.0, -1.0, 0.0, 2.0, 1.0, 2.78940732177, 0.0, 1.0, -1.0, 3.0, 1.0, 3.0, 3.0, -1.0, 3.0, 3.0, 2.0, -1.0, 1.0, 0.0, 2.0, 1.0, 3.0, 0.0, 1.0, 1.0, 2.73784829124, 2.0, 2.0, 2.0, 98769.0, 593.0, 99458.0
-1.0, 2.0, 1.0, 2.0, -1.0, 2.0, -1.0, 1.0, -1.0, 0.0, 0.0, 1.0, 1.0, 1.0, 2.18453562197, -1.0, 2.0, -1.0, 1.0, 0.0, 1.0, -1.0, 2.87748985045, 3.0, 3.0, 2.0, -1.0, 0.0, 3.0, -1.0, 2.0, 0.0, 0.0, 1.0, -1.0, 3.0, 2.0, 3.0, -1.0, -1.0, 1.0, -1.0, -1.0, 3.0, 0.645578633899, 1.0, 3.0, 2.0, 2.0, 0.0, 98854.0, 502.0, 99547.0
3.0, 2.0, 1.0, 2.0, -1.0, -1.0, 0.985190499039, 1.0, -1.0, 0.0, 1.0, 2.0, 2.0, -1.0, 0.0, 2.0, 1.0, 2.0, 0.0, 0.0, 1.0, 3.0, 3.0, 0.391323853432, 3.0, -1.0, 0.0, -1.0, 2.7579526422, 1.0, 0.0, 2.0, 1.0, 0.0, 3.0, -1.0, -1.0, -1.0, 0.0, 1.0, -1.0, -1.0, 0.0, 0.0, 0.0, 1.0, 1.24529138482, -1.0, -1.0, 2.0, 98800.0, 511.0, 99515.0
-1.0, 0.0, 2.0, 2.0, 2.0, 0.0, -1.0, -1.0, 3.0, 1.0, 1.0, 3.0, 0.0, 1.0, 3.0, 0.0, 1.0, -1.0, 1.0, 1.0, 3.0, 1.0, 1.0, 3.0, 1.0, -1.0, 3.0, 2.0, 3.0, -1.0, -1.0, -1.0, 3.0, -1.0, 2.0, 0.0, 0.0, -1.0, -1.0, 2.0, 2.0, 2.96690942797, 2.0, 1.0, 2.0, 3.0, 1.0, 2.0, 0.0, -0.0785190137935, 98730.0, 529.0, 99497.0
3.0, -1.0, 2.0, 1.0, 0.0, 1.0, -1.0, 1.0, 0.0, -1.0, 2.0, 3.0, -1.0, -1.0, 0.0, 1.0, 0.0, -1.0, 3.0, 0.0, -1.0, -1.0, 0.0, 3.0, 1.0, 3.0, 2.0, 3.0, 1.0, 1.0, -1.0, 3.0, 2.0, 2.0, 0.0, -1.0, 0.0, -1.0, -1.0, -1.0, 2.0, 3.0, 3.0, 1.0, -1.0, 2.0, 1.0, 0.0, 2.0, 2.0, 98892.0, 503.0, 99537.0
-1.0, 0.0, 3.0, -1.0, -1.0, 2.0, 1.0, 2.0, -1.0, 1.0, 2.0, 1.0, -1.0, 2.0, 1.0, 2.0, 1.0, -1.0, 0.0, 1.0, 3.0, 1.0, 3.0, -1.0, 3.0, 2.0, 1.0, -1.0, -1.0, 1.0, 3.0, -1.0, 2.0, 0.0, -1.0, 1.0, -1.0, 3.0, 1.0, 2.0, 2.0, 3.0, 0.0, 3.0, 0.0, 2.0, 2.0, -1.0, -1.0, 0.0, 98902.0, 499.0, 99530.0
-1.0, 1.0, 1.0, -1.0, 2.0, 0.0, 2.0, 1.0, 1.0, 0.0, 0.0, 2.0, 2.0, -1.0, 0.0, 1.0, 1.0, 3.0, 3.0, 1.0, 0.0, 0.0, 3.0, 1.0, -1.0, -1.0, 2.0, 3.0, 1.0, 3.0, 0.0, 2.0, 3.0, -1.0, 2.0, 0.0, 2.0, 1.0, 2.0, 0.0, 3.0, -1.0, -1.0, 2.0, 2.0, 3.0, 0.0, 3.0, 0.0, 1.0, 98632.0, 588.0, 99463.0
-1.0, 2.0, 2.0, 3.0, 0.0, 1.0, -1.0, 1.0, 0.0, 0.0, 2.0, 3.0, 2.0, 3.0, -1.0, 0.0, 2.0, -1.0, 0.223856310257, 0.0, 1.0, 0.0, -1.0, 3.0, 1.0, -1.0, 0.0, 3.0, 2.0, 1.0, 0.0, -0.953328076095, 1.0, 0.0, 2.0, 3.0, 1.0, 1.0, -1.0, -1.0, 3.0, -1.0, 2.43569549369, 0.606874847312, -0.00865701030614, 0.0, 3.0, 0.0, 2.0, -1.0, 98705.0, 541.0, 99509.0
1.23105821369, 0.0, 0.0, 2.0, -1.0, 2.0, 1.0, 1.04408186307, 2.0, -1.0, 2.0, 3.0, 0.0, 0.0, 2.0, 2.0, 1.0, -1.0, 0.0, 3.0, -1.0, 3.0, 0.0, 3.0, 1.0, 1.0, 0.0, 2.50091023145, 2.0, 1.0, 0.0, -1.0, 2.0, -1.0, -1.0, 2.0, -1.0, 0.0, 3.0, 0.0, 1.0, 3.0, 3.0, 1.0, 2.0, 3.0, 1.85048334169, 1.0, -0.357494357323, 0.0, 98604.0, 579.0, 99465.0
0.0, 2.0, -1.0, 2.0, -1.0, 2.0, -1.0, 2.0, -1.0, 0.0, 1.0, 3.0, 1.0, -1.0, -1.0, 2.0, 2.0, 0.0, 2.0, -1.0, 1.0, 0.0, 3.0, 3.0, -1.0, 3.0, 3.0, 0.0, 2.0, -1.0, -1.0, 1.0, 0.0, -1.0, 2.0, 0.0, 2.0, 1.0, 1.0, 0.0, 2.0, 1.0, 1.0, -1.0, 0.0, 3.0, -1.0, 0.0, -1.0, 1.0, 98792.0, 506.0, 99534.0
-1.0, 0.0, 0.0, 2.0, 3.0, 1.0, 1.0, 3.0, 0.0, -1.0, 1.0, 3.0, 0.0, 1.0, -1.0, 3.0, 1.0, -1.0, 2.0, 0.0, 2.0, 1.0, 2.0, 0.0, 3.0, 3.0, 1.0, 2.0, 3.0, 1.0, 0.0, 0.0, 2.0, 0.0, -1.0, -1.0, -1.0, 2.0, 0.0, 0.0, 2.0, 1.0, 1.0, 2.0, -1.0, 1.0, 2.0, 1.0, 3.0, -1.0, 98609.0, 571.0, 99477.0
-1.0, 0.0, -0.444834774234, 0.0, 0.270091665201, 3.0, 1.0, 1.0, 2.86440653245, 2.0, 2.0, -1.0, 1.0, -1.0, 0.0, 2.0, 1.03061283569, 2.0, 3.0, -1.0, 3.0, 0.0, 0.0, 3.0, 0.0, 1.0, 1.0, 3.0, 0.0, 0.0, 2.0, 1.0, -1.0, 0.397313306633, -1.0, -0.494745592325, 3.0, -1.0, 0.0, 1.0, 0.0, -1.0, -1.0, 0.0, 1.0, 2.0, 2.0, 2.19093686013, 3.0, 1.0, 98585.0, 579.0, 99488.0
-1.0, -1.0, 1.0, 2.0, 0.0, 2.0, 2.0, 0.0, 0.0, 2.0, -1.0, 0.0, 0.0, 0.0, 0.0, 1.0, 2.0, 2.0, 1.0, 1.0, -1.0, 3.0, -1.0, -1.0, -1.0, 2.0, 3.0, 2.0, 0.0, 0.0, 3.0, 3.0, 1.0, 2.0, 2.0, 1.0, 0.0, -1.0, 1.0, 1.0, -1.0, 0.0, -1.0, -1.0, 1.0, 2.0, 3.0, 1.0, 1.0, -1.0, 98748.0, 514.0, 99525.0
-1.0, 1.0, 0.0, 1.0, 1.0, 3.0, 0.0, -1.0, 3.0, 2.0, 2.0, -1.0, 0.0, 0.0, 2.0, -1.0, 2.0, 3.0, 2.0, 1.0, 2.0, -1.0, -1.0, 2.0, 3.0, 0.0, 1.0, 1.0, 0.0, 0.0, -1.0, -1.0, 1.0, 0.0, 2.0, 3.0, -1.0, -1.0, 0.0, 2.0, 2.0, -1.0, 0.0, 3.0, 2.0, -1.0, 3.0, 1.0, 1.0, 3.0, 98735.0, 522.0, 99519.0
2.0, 1.0, 2.0, 2.62817298019, 2.0, -1.0, 0.0, 0.0, -1.0, 1.29813625519, 3.0, 3.0, 1.0, -1.0, 1.0, 3.0, 0.0, 3.0, 2.0, -1.0, 2.0, 3.0, 3.0, 0.0, -1.0, -0.488600303549, -1.0, 2.0, 2.0, -0.250888610287, 1.87618040523, 1.0, 0.0, 3.0, 0.0, 3.0, 0.0, 1.0, 2.99472484455, 2.0, -1.0, 3.0, 0.0, 3.0, 2.0, -0.661500879115, -1.0, 1.0, -1.0, 2.56271516871, 98751.0, 565.0, 99484.0
2.0, 3.0, 3.0, 0.958596904559, -1.0, 2.91266483774, -1.0, -1.0, 3.0, 2.0, 1.0, 0.0, 2.08779161883, 3.0, 2.53755349737, 0.540457949224, 0.0, 0.0, 0.0, 2.53537452428, 3.0, 1.0, 1.0, 0.0, 0.0, 0.0, 0.0, -1.0, 3.0, 1.0, -1.0, 2.0, -1.0, 0.0, -1.0, 0.0, 1.0, 1.0, 1.0, 2.0, 0.0, -1.0, 0.0, 2.0, 3.0, 2.0, -1.0, -1.0, -1.0, 1.0, 98658.0, 557.0, 99506.0
-1.0, 0.0, -1.0, 3.0, 1.0, 3.0, 2.0, 2.0, 1.0, -1.0, 2.0, 1.0, 2.0, -1.0, 3.0, 0.0, 3.0, 1.0, 0.0, -1.0, 0.0, 3.0, 2.0, 2.0, 3.0, 0.0, 3.0, 1.0, 3.0, 1.0, 0.0, -1.0, 2.0, 1.0, 1.0, 3.0, 0.0, 0.0, 2.0, 1.0, 3.0, 0.0, 2.0, 1.0, 2.0, -1.0, -1.0, 2.0, 0.0, -1.0, 98707.0, 570.0, 99473.0
-1.0, 2.0, 3.0, 1.0, 3.0, 0.641687173118, 2.0, 1.3078787005, 0.771705239381, 2.20628264221, 2.0, 1.0, 1.0, -0.49475471393, 2.0, 1.0, 3.0, 0.0, 2.06549898349, 3.0, -1.0, -0.67681864919, -1.0, 1.0, -1.0, 0.0, -1.0, 0.0, 3.0, 3.0, 0.0, -1.0, 0.0, 1.0, 2.45930015758, 2.0, 0.0, 1.0, 0.0, 0.0, 1.0, 3.0, 3.0, 3.0, 2.0, 0.0, -0.967305940809, 2.0, 2.0, -1.0, 98866.0, 562.0, 99485.0
0.517227162039, -1.0, 1.0, -1.0, 3.0, -1.0, 1.0, 0.0, 3.0, -0.58254059092, 3.0, 2.55006536094, 2.94414797531, 3.0, -1.0, 3.0, 2.0, 3.0, 2.0, 0.0, 2.0, 0.0, 2.0, 2.0, -1.0, 3.0, 1.0, 2.0, 1.0, 0.0, -1.0, -1.0, 1.0, 0.0, 2.0, 0.0, -0.76494694149, 1.0, -0.46869343859, 1.0, 0.0, 1.0, -1.0, -1.0, 2.0, -1.0, 0.0, -1.0, 0.0, 1.0, 98776.0, 519.0, 99517.0
-1.0, 0.0, 1.0, 0.0, -1.0, 3.0, -1.0, 1.0, 2.0, 2.0, 2.0, -1.0, 1.0, -1.0, 0.0, 2.0, 0.0, 3.0, 3.0, -1.0, 3.0, 0.0, 0.0, 3.0, 0.0, 1.0, 1.0, 3.0, 0.0, 0.0, 2.0, 1.0, -1.0, 2.0, -1.0, 1.0, 3.0, -1.0, 0.0, 1.0, 0.0, -1.0, -1.0, 0.0, 1.0, 2.0, 2.0, 1.0, 3.0, 1.0, 98659.0, 550.0, 99512.0
2.0256301694, 2.0, 1.0, -0.895294020317, -1.0, 2.0, 0.0, 1.84482725884, 2.37143030161, 1.0, 0.0, 2.0, 3.0, 0.0, 0.0, -0.236768342701, 1.0, 2.0, 1.0, -1.0, -1.0, 2.0, 1.0, 0.0, -1.0, -1.0, 3.0, -1.0, 3.0, 1.0, 0.0, 1.0, 1.0, 3.0, 3.0, 2.0, -1.0, 2.0, 0.0, -1.0, 1.0, 2.0, -1.0, 2.0, 0.0, 2.0, 1.0, 2.0, -1.0, 0.0, 98683.0, 546.0, 99510.0
2.0, 1.0, 2.0, 2.0, 2.0, -1.0, 0.0, 0.0, -1.0, 0.0, 3.0, 3.0, 1.0, -1.0, 1.0, 3.0, 0.0, 3.0, 2.0, -1.0, 2.0, 3.0, 3.0, 0.0, -1.0, 0.0, -1.0, 2.0, 2.0, 0.0, -1.0, 1.0, 0.0, 3.0, 0.0, 3.0, 0.0, 1.0, 2.0, 2.0, -1.0, 3.0, 0.0, 3.0, 2.0, -1.0, -1.0, 1.0, -1.0, 1.0, 98719.0, 550.0, 99492.0
3.0, 3.0, -1.0, 3.0, 1.0, -1.0, 1.0, 2.0, 1.0, 0.0, 0.445568317086, 2.0, 1.0, 3.0, 0.0, 3.0, 2.0, 1.0, 0.0, -1.0, 1.0, 0.0, 1.20741104138, 3.0, -1.0, 0.808933066304, -1.0, 3.0, 2.0, 3.0, -1.0, 3.0, 1.0, 2.0, 1.0, 0.0, 2.0, 0.0, -1.0, 1.0, -1.0, 0.0, 0.0, 2.0, 1.0, 0.0, 2.0, 2.0, -1.0, 0.0, 98641.0, 575.0, 99464.0
-1.0, 1.0, 1.0, -1.0, -1.0, 1.0, 0.0, 2.0, 1.0, 0.0, 2.0, -1.0, 2.0, -1.0, 3.0, 1.0, 2.0, 2.0, 3.0, -1.0, 0.0, 0.0, 1.0, 2.0, 2.0, -1.0, 0.0, -1.0, 1.0, 3.0, 3.0, 1.0, -1.0, 2.0, 1.0, 1.0, 2.0, 0.0, 0.0, 1.0, 2.0, -1.0, 0.0, 0.0, -1.0, -1.0, -1.0, 2.0, 3.0, 0.0, 98700.0, 515.0, 99520.0
3.0, 1.32866259462, 3.0, 2.69741871197, 2.0, 2.0, 0.0, 3.0, 3.0, 1.0, 1.0, -1.0, 0.0, 0.0, 0.0, -1.0, -1.0, -1.0, 1.0, 3.0, 2.0, -1.0, -1.0, 1.0, 1.0, 2.74430934234, 0.0, 2.0, 1.0, -1.0, 3.0, 1.0, 3.0, 1.39946025133, 0.0, 0.0, 2.0, 3.0, 0.0, 1.0, 0.0, 1.0, 0.0, 1.0, -1.0, -1.0, 0.0, 0.0, 3.0, 1.5264219605, 98634.0, 567.0, 99491.0
1.0, -0.849769451741, 2.0, 2.0, 2.0, 3.0, 0.0, -1.0, 3.0, 1.0, 2.0, 1.0, 0.0, -1.0, -1.0, 3.0, 2.0, 2.0, 2.0, 0.0, 0.0, -1.0, 0.0, 3.0, 0.0, 0.0, 1.0, 1.0, 1.0, -0.49772939038, -1.0, 1.64031507786, 2.0, -1.0, 1.0, -1.0, 3.0, 0.0, 1.0, 0.0, 2.0, 3.0, -1.0, -1.0, 1.0, -1.0, 0.0, 3.0, 0.161108536721, 0.0, 98649.0, 560.0, 99513.0
2.0, -1.0, 0.0, 3.0, 1.0, -1.0, -1.0, 2.0, -1.0, 1.0, 0.0, 2.0, 0.0, 2.0, 2.0, 1.0, 2.0, -1.0, 0.0, 0.0, 2.0, 2.0, 1.0, 3.0, 0.0, -1.0, 1.0, 1.0, 3.0, 0.0, 2.0, 0.0, 0.0, 3.0, 3.0, -1.0, 1.0, 0.0, 1.0, 2.0, 3.0, 1.0, -1.0, 3.0, 3.0, 0.0, 2.0, 3.0, 1.0, -1.0, 98697.0, 570.0, 99476.0
2.0, 3.0, 3.0, 1.0, -1.0, 1.0, 2.0, -1.0, 3.0, 2.0, 1.0, 0.0, 2.0, 3.0, 2.0, 2.0, 0.0, 0.0, 0.0, 2.0, 3.0, 1.0, 1.0, 0.0, -1.0, 0.0, 0.0, -1.0, 3.0, 1.0, -1.0, 2.0, -1.0, 0.0, -1.0, 0.0, 1.0, 1.0, 1.0, 2.0, 0.0, -1.0, 0.0, 2.0, 3.0, 2.0, -1.0, -1.0, -1.0, 1.0, 98685.0, 552.0, 99498.0
1.0, 3.0, 3.0, 3.0, 2.0, -1.0, 1.0, 1.0, 2.0, -1.0, 1.0, 1.0, 1.0, -1.0, 0.0, 2.0, 2.0, -0.456105529507, 2.0, 0.0, 1.0, -0.656185313048, 1.0, 3.0, 1.0, -1.0, 3.0, 1.0, 3.0, 2.0, 2.0, 1.25741390058, 2.0, -1.0, 3.0, 0.0, -0.108422222173, 2.0, 2.0, -1.0, 3.0, 0.0, -1.0, 3.0, -1.0, 0.0, -1.0, 0.0, 0.0, 2.0, 98682.0, 563.0, 99485.0
-1.0, 3.0, 0.0, -1.0, 0.0, 0.0, 0.0, 0.0, -1.0, 0.0, 1.0, 1.0, 1.0, 1.69780773004, 3.0, 2.0, 0.0, 3.0, 3.0, 0.0, 2.43216395523, 1.0, 1.0, 1.0, 0.0, 2.0, 0.0, 2.0, -1.0, 3.0, -1.0, 2.0, -1.0, 1.0, 1.0, -1.0, 3.0, 2.0, -1.0, 1.0, 0.0, -1.0, -1.0, 2.0, 2.0, -0.438406472361, 2.0, 1.0, 2.0, 2.0, 98657.0, 559.0, 99495.0
-1.0, 0.0, 3.0, -1.0, -1.0, 2.0, 1.0, 2.0, -1.0, 1.0, 2.0, 1.0, -1.0, 2.0, 1.0, 2.0, 1.0, -1.0, 0.0, 1.0, 0.814500748997, 1.0, 3.0, -1.0, 3.0, 2.0, 1.0, -1.0, -1.0, 1.0, 1.31883521882, 0.990929780745, 2.0, 0.0, -1.0, 1.0, -1.0, 3.0, 1.0, 2.0, 2.0, 3.0, 0.0, 3.0, 0.0, 2.0, 2.11280850917, -1.0, -1.0, 0.0, 98795.0, 518.0, 99515.0
1.0, 3.0, 3.0, 3.0, 2.0, -1.0, 1.0, 1.0, 2.0, -1.0, 1.0, 1.0, 1.0, -1.0, 0.0, 2.0, 2.0, 0.0, 2.0, 0.0, 1.0, 0.0, 1.0, 3.0, 1.0, -1.0, 3.0, 1.0, 3.0, 2.0, 2.0, 1.0, 2.0, -1.0, 3.0, 0.0, 0.0, 2.0, 2.0, -1.0, 3.0, 0.0, -1.0, 3.0, -1.0, 0.0, -1.0, 0.0, 0.0, 2.0, 98634.0, 574.0, 99475.0
2.0, 2.0, -1.0, -1.0, 3.0, 1.0, 0.0, 2.0, 2.06680955537, 2.0, 3.0, -1.0, 1.0, -1.0, 1.0, 2.0, 1.0, 1.64765213393, -1.0, 0.0, 1.06373957826, 0.783166132728, 1.0, 1.0, 0.167594384115, 3.0, 0.0, -1.0, -1.0, 3.0, -1.0, 2.0, 0.0, 2.0, 0.0, 3.0, 2.0, 1.0, 0.0, 0.0, 0.0, 0.13762523006, 0.103767743089, 3.0, 2.0, -1.0, 2.0, -1.0, 3.0, 0.0, 98653.0, 564.0, 99485.0
