0.162090822227, 0.980518158601, 2.14081426457, 0.592290246336, 69.9263557227, 4.50861725433, 0.485063979474, 3.7242759725, 39.1985541961, 117.370598372, 0.0763269711934, 0.25
0.103442462935, 1.00782467828, 3.58138539259, 0.691786546729, 58.2532828126, 7.43224736366, 0.589129318267, 0.172172757268, 3.70181860893, 76.2561470654, 0.0930903366695, 0.166666666667
0.103442462935, 0.95852125927, 2.65735078891, 0.488308015614, 6.35545310442, 41.3112123411, 0.978680167013, 1.70417776847, 21.4959722196, 95.9384591807, 0.0985751945567, 0.0
0.162090822227, 0.828510051439, 2.76429032214, 0.468587654361, 86.1239247492, 1.09484113905, 1.30048632995, 0.597019440894, 3.88036422104, 187.240639447, 0.012489835372, 0.214285714286
0.550724535441, 1.04319812659, 2.13669537563, 0.427800329387, 60.0437764463, 31.4952602964, 0.547336731563, 1.62539478414, 18.2721896729, 64.3965285056, 0.421096813345, 0.0
0.122977527486, 0.849992910617, 5.21591153749, 0.64971251594, 71.4568980752, 4.02632542974, 0.602722594881, 4.7406519885, 3.20429421768, 216.174288105, 0.00889678871623, 0.0
0.350139115337, 1.07179849186, 2.06068449675, 0.697499541926, 97.5935500702, 1.79503040264, 0.168115620214, 4.80786285554, 15.0827739013, 123.059288871, 0.0325194532319, 0.0
0.391394981916, 0.828510051439, 2.80826938947, 0.476385944168, 86.1239247492, 1.09484113905, 1.30048632995, 0.597019440894, 3.88036422104, 195.467401874, 0.0162671674511, 0.0975609756098
0.162090822227, 1.04777607431, 2.14081426457, 0.468587654361, 66.5774600433, 46.8531570845, 0.189954940015, 4.79766851329, 18.5291915753, 101.425920013, 0.0979499627619, 0.0
0.11837992067, 0.859933633059, 2.80826938947, 0.660384276082, 89.1835095389, 4.41428129351, 0.738461508319, 3.95481279546, 9.08190948721, 115.674525674, 0.0578577484223, 0.444444444444
0.109142080018, 1.11997058598, 2.80217845447, 0.654750218626, 14.7246123574, 4.02632542974, 0.570674014043, 4.7406519885, 22.5995995841, 134.950744914, 0.0210726238847, 0.0
0.122977527486, 1.06893541383, 2.78545169494, 0.523540020201, 71.4568980752, 44.1219328692, 0.37831701349, 2.48835012734, 7.82056402718, 91.4103918559, 0.233103789284, 0.0
0.202477815597, 0.918230886624, 5.34813871539, 0.668639279322, 63.4043496034, 48.2362606855, 0.382126329123, 4.46068453229, 27.495521913, 348.787493677, 0.0, 0.0
0.103442462935, 0.838053575867, 3.58138539259, 0.691786546729, 58.2532828126, 4.02632542974, 0.589129318267, 0.172172757268, 3.70181860893, 127.338717246, 0.0252486294242, 0.0
0.103442462935, 1.10104506367, 2.65735078891, 0.488308015614, 1.26108655957, 41.3112123411, 0.589129318267, 1.70417776847, 21.4959722196, 97.7793602458, 0.128133943726, 0.0
0.230032437938, 0.838053575867, 3.80217524828, 0.427021495263, 63.4043496034, 1.09484113905, 1.30048632995, 0.736350920308, 21.4959722196, 223.35711254, 0.0151998512956, 0.0
0.172121572025, 0.838053575867, 5.21591153749, 0.632253747918, 94.905412623, 4.02632542974, 0.602722594881, 4.7406519885, 34.1512507903, 266.586168827, 0.0113740818072, 0.0
0.162090822227, 0.828510051439, 2.76429032214, 0.468587654361, 86.1239247492, 1.09484113905, 1.30048632995, 0.597019440894, 3.88036422104, 227.615979489, 0.0103049656275, 0.348837209302
0.350139115337, 1.07179849186, 2.06068449675, 0.697499541926, 97.5935500702, 1.79503040264, 0.168115620214, 4.80786285554, 18.3828428395, 124.823868495, 0.0374730195289, 0.3125
0.230032437938, 0.838053575867, 3.80217524828, 0.427021495263, 63.4043496034, 1.09484113905, 1.30048632995, 0.736350920308, 3.88036422104, 216.376567616, 0.0193820652283, 0.376623376623
0.550724535441, 0.823228390736, 2.13669537563, 0.427800329387, 88.1934408979, 31.4952602964, 0.547336731563, 0.269455352274, 18.2721896729, 95.1331423975, 0.423077107296, 0.285714285714
0.162090822227, 1.04777607431, 2.14081426457, 0.468587654361, 66.5774600433, 46.8531570845, 0.189954940015, 4.79766851329, 18.5291915753, 97.368883212, 0.323036619373, 0.0833333333333
0.505016501855, 0.823228390736, 2.77059108583, 0.653243340089, 15.6780012601, 17.3152879675, 0.37831701349, 2.48835012734, 7.82056402718, 91.6952231112, 0.404725422623, 0.461538461538
0.176582202615, 1.09950114395, 9.30712449624, 0.620658264201, 59.6731195177, 1.79503040264, 0.315114949992, 0.677269310162, 12.1317318596, 577.717801899, 0.00337705705961, 0.0
0.158263979549, 1.15230498546, 7.93396910027, 0.63202362217, 77.716480366, 25.9192658445, 0.88653611492, 3.79066065074, 22.5995995841, 644.530600179, 1.11022302463e-16, 0.0
0.11837992067, 0.859933633059, 2.80826938947, 0.660384276082, 94.3809390137, 4.41428129351, 0.738461508319, 4.88601228726, 9.08190948721, 132.583758663, 0.0452444784115, 0.0
0.162090822227, 0.980518158601, 2.14081426457, 0.550533695837, 69.9263557227, 4.50861725433, 0.485063979474, 3.7242759725, 39.1985541961, 161.487349117, 0.0280294850466, 0.0
0.391394981916, 0.828510051439, 2.51849136644, 0.476385944168, 86.1239247492, 1.09484113905, 1.30048632995, 0.597019440894, 3.88036422104, 164.971936777, 0.0256208769767, 0.341463414634
0.162090822227, 1.04777607431, 2.14081426457, 0.698991148948, 66.5774600433, 46.8531570845, 0.742214600123, 2.9220500341, 18.5291915753, 98.1416521264, 0.25373547406, 0.0
0.103442462935, 1.10104506367, 2.65735078891, 0.476385944168, 6.35545310442, 41.3112123411, 0.337617614758, 0.546729373631, 2.31505399099, 123.238337553, 0.166315704797, 0.333333333333
0.103442462935, 0.88339167125, 2.06638940923, 0.488308015614, 42.7265790445, 41.1525148815, 0.829260277983, 1.33551294931, 21.4959722196, 110.765290373, 0.20445039407, 0.166666666667
0.103442462935, 0.95852125927, 2.65735078891, 0.468603716062, 96.1157971675, 21.9046226167, 0.978680167013, 1.70417776847, 21.4959722196, 125.919227675, 0.152397895898, 0.0
0.230032437938, 0.838053575867, 3.80217524828, 0.427021495263, 63.4043496034, 1.09484113905, 1.30048632995, 0.736350920308, 3.88036422104, 237.347509995, 0.024342958088, 0.208333333333
0.230032437938, 0.849992910617, 5.21591153749, 0.64971251594, 60.0437764463, 4.02632542974, 0.602722594881, 4.7406519885, 3.20429421768, 261.944088518, 0.0187003246313, 0.0
0.176582202615, 1.09950114395, 3.71047136252, 0.620658264201, 91.5872164738, 1.79503040264, 0.602722594881, 0.677269310162, 35.7080190183, 314.93003974, 0.0121812472251, 0.0
0.446249556346, 0.919522549983, 2.12599044711, 0.545609108726, 29.7224585675, 33.5339952807, 0.746095631831, 0.677269310162, 38.1121254568, 97.2501631369, 0.477654271348, 0.421052631579
0.192119904951, 1.16703507614, 6.21545295628, 0.559022070402, 59.886094795, 1.09484113905, 1.62062750388, 4.01298252322, 9.08190948721, 786.799201047, 0.0103656532552, 0.205882352941
0.103442462935, 0.95852125927, 2.65735078891, 0.488308015614, 6.35545310442, 41.3112123411, 0.978680167013, 1.70417776847, 21.4959722196, 138.24977964, 0.0993157789573, 0.0714285714286
0.419193485309, 1.0026677361, 3.58138539259, 0.691786546729, 58.2532828126, 7.43224736366, 0.589129318267, 0.172172757268, 3.70181860893, 146.261790802, 0.0684548822162, 0.0
0.103442462935, 0.95852125927, 2.65735078891, 0.488308015614, 6.35545310442, 41.3112123411, 0.978680167013, 1.70417776847, 3.88036422104, 132.976460393, 0.11643680061, 0.0
0.234232513955, 0.851571129931, 2.75801669434, 0.633677637413, 88.1186964415, 8.01848659381, 0.611919081198, 3.41016814349, 42.0153103676, 148.606388835, 0.0675945413883, 0.0
0.103442462935, 0.95852125927, 5.21591153749, 0.468603716062, 72.8528914661, 4.02632542974, 0.978680167013, 0.669130839899, 38.1121254568, 165.84438528, 0.0380580377275, 0.0769230769231
0.112253422109, 0.828510051439, 5.4922794762, 0.645002337301, 86.1239247492, 7.09723042873, 0.212063053159, 0.529520448009, 12.1272130564, 218.275271672, 0.0534482102601, 0.0
0.685051930372, 0.828998412044, 5.21591153749, 0.668159504695, 66.5774600433, 4.02632542974, 0.602722594881, 4.7406519885, 34.1512507903, 211.914816295, 0.059198686039, 0.0
0.636213267318, 0.828510051439, 3.80901777435, 0.476385944168, 86.1239247492, 1.02883582569, 1.30048632995, 1.90438428281, 3.88036422104, 214.410908735, 0.0293238667887, 0.0277777777778
0.176582202615, 0.864282259614, 7.43392926368, 0.468587654361, 91.5872164738, 31.408792452, 0.485063979474, 4.60749152714, 7.31584520093, 243.367410841, 0.0506673402778, 0.0
0.391394981916, 0.828510051439, 2.80826938947, 0.476385944168, 86.1239247492, 1.02458810704, 1.30048632995, 0.597019440894, 3.88036422104, 164.14989588, 0.0437481644357, 0.271428571429
0.176582202615, 1.09950114395, 7.22291278459, 0.620658264201, 97.1159734652, 1.79503040264, 0.602722594881, 0.677269310162, 12.1317318596, 197.650859898, 0.029111079711, 0.4
0.142894421214, 0.913394274841, 2.80826938947, 0.685910845037, 89.2946525821, 1.34122466532, 1.35303366617, 0.269455352274, 4.14040546315, 201.945988251, 0.0271006704684, 0.510416666667
0.162090822227, 0.823228390736, 2.65735078891, 0.660384276082, 88.1934408979, 41.3112123411, 0.187341734942, 0.546729373631, 4.14040546315, 102.583694276, 0.322203253644, 0.0
0.550724535441, 0.823228390736, 2.13669537563, 0.427800329387, 88.1934408979, 31.4952602964, 0.547336731563, 0.269455352274, 18.2721896729, 124.876439901, 0.269094924463, 0.0
0.142894421214, 0.823228390736, 2.80826938947, 0.660384276082, 88.1934408979, 37.2871794818, 0.187341734942, 0.269455352274, 21.7960959913, 119.253062536, 0.276590310713, 0.0
0.162090822227, 0.823228390736, 2.65735078891, 0.660384276082, 88.1934408979, 41.3112123411, 0.187341734942, 0.546729373631, 4.14040546315, 98.6106115133, 0.415574218782, 0.5
0.253181965578, 0.823228390736, 2.80826938947, 0.660384276082, 88.1934408979, 37.2871794818, 0.187341734942, 0.269455352274, 21.7960959913, 99.4864590194, 0.347066239172, 0.333333333333
0.505016501855, 0.823228390736, 2.77059108583, 0.653243340089, 15.6780012601, 44.1219328692, 0.37831701349, 2.48835012734, 7.82056402718, 98.1933097884, 0.549647194583, 0.0
0.162090822227, 1.10104506367, 2.65735078891, 0.488308015614, 6.35545310442, 41.3112123411, 0.189954940015, 0.546729373631, 4.14040546315, 112.282511952, 0.261609385315, 0.25
0.162090822227, 1.04777607431, 2.0260371579, 0.459794742272, 17.8459562413, 39.7915024839, 0.189954940015, 3.64363502654, 19.7654212895, 110.802140898, 0.290643212652, 0.181818181818
0.73057254153, 0.845717899703, 5.95946392859, 0.554270566162, 69.8985141697, 13.3095699389, 0.56721091842, 4.31380774946, 5.1646259505, 129.604464809, 0.259921625918, 0.2
0.103442462935, 0.88339167125, 2.06638940923, 0.488308015614, 42.7265790445, 41.1525148815, 0.829260277983, 1.33551294931, 21.4959722196, 127.778648615, 0.268369555441, 0.047619047619
0.391394981916, 0.828510051439, 2.75801669434, 0.476385944168, 86.1239247492, 1.09484113905, 1.30048632995, 3.41016814349, 3.88036422104, 244.098021493, 0.024784413669, 0.355555555556
0.230032437938, 0.838053575867, 3.80217524828, 0.427021495263, 63.4043496034, 1.09484113905, 1.30048632995, 0.736350920308, 21.4959722196, 248.263133937, 0.0264116178884, 0.228915662651
0.230032437938, 1.07592611909, 5.21591153749, 0.64971251594, 60.0437764463, 4.02632542974, 0.602722594881, 4.7406519885, 2.69373975459, 286.720788497, 0.0289799451995, 0.0
0.229984861773, 0.875246792794, 6.34132023631, 0.481246159262, 94.905412623, 1.34122466532, 0.189954940015, 1.90438428281, 16.4776943806, 263.855200246, 0.0204748614123, 0.272727272727
0.230032437938, 0.849992910617, 5.21591153749, 0.64971251594, 60.0437764463, 4.02632542974, 0.0899907050174, 4.7406519885, 34.1512507903, 269.644824584, 0.042054404102, 0.0
0.229984861773, 0.832994902247, 6.34132023631, 0.621165470815, 92.6009743719, 1.34122466532, 2.19634183784, 1.70417776847, 16.4776943806, 583.925910524, 0.015727153324, 0.0
0.229984861773, 0.832994902247, 6.34132023631, 0.621165470815, 94.905412623, 1.34122466532, 1.71312500416, 1.70417776847, 16.4776943806, 498.561618865, 0.0220156590678, 0.210526315789
0.192119904951, 1.16703507614, 5.95946392859, 0.559022070402, 59.886094795, 1.09484113905, 1.62062750388, 4.01298252322, 9.08190948721, 750.101265738, 0.0141515053216, 0.0
0.176582202615, 1.09950114395, 7.17846496559, 0.620658264201, 91.5872164738, 1.79503040264, 0.602722594881, 0.677269310162, 12.1317318596, 448.361117966, 0.026650142459, 0.0
0.176582202615, 1.09950114395, 7.17846496559, 0.620658264201, 91.5872164738, 1.79503040264, 0.602722594881, 0.677269310162, 12.1317318596, 496.251266532, 0.0239785164959, 0.176470588235
0.229984861773, 0.832994902247, 6.34132023631, 0.621165470815, 94.905412623, 1.34122466532, 2.77760299004, 3.81097524553, 16.4776943806, 561.964863893, 0.0149044383639, 0.00826446280992
0.176582202615, 1.09950114395, 7.17846496559, 0.620658264201, 91.5872164738, 1.79503040264, 0.602722594881, 0.677269310162, 12.1317318596, 533.042308706, 0.0199167209163, 0.25
0.292080197303, 1.09999337239, 2.39258592536, 0.698991148948, 89.2946525821, 40.0194283224, 0.978680167013, 2.9220500341, 31.1893079854, 141.604241009, 0.201207815787, 0.0
0.103442462935, 0.95852125927, 2.65735078891, 0.488308015614, 6.35545310442, 41.3112123411, 0.978680167013, 1.70417776847, 21.4959722196, 134.953432581, 0.164749895741, 0.411764705882
0.103442462935, 0.95852125927, 2.24156109179, 0.468603716062, 96.1157971675, 37.4255544361, 0.978680167013, 1.70417776847, 21.4959722196, 137.735644066, 0.184527276073, 0.166666666667
0.162090822227, 1.04777607431, 2.14081426457, 0.468587654361, 66.5774600433, 46.3623349436, 0.189954940015, 3.95481279546, 18.5291915753, 132.980650683, 0.206521645893, 0.0
0.446249556346, 0.919522549983, 2.12599044711, 0.545609108726, 29.7224585675, 33.5339952807, 0.746095631831, 0.677269310162, 38.1121254568, 144.469641625, 0.134008425534, 0.0
0.192119904951, 0.859933633059, 2.14081426457, 0.655539481221, 59.886094795, 4.41428129351, 1.27807629548, 4.45942682714, 9.08190948721, 158.43556049, 0.0856135746238, 0.340909090909
0.636213267318, 0.828998412044, 6.1312950472, 0.476385944168, 98.1786876125, 1.09484113905, 0.996884556563, 1.17447235014, 3.88036422104, 158.062617187, 0.0729273589483, 0.380952380952
0.230032437938, 0.849992910617, 3.71047136252, 0.64971251594, 60.0437764463, 4.02632542974, 0.602722594881, 4.7406519885, 34.1512507903, 155.294973484, 0.0823861161838, 0.4
0.253181965578, 0.823228390736, 2.80826938947, 0.660384276082, 88.1934408979, 37.2871794818, 0.187341734942, 0.269455352274, 21.7960959913, 158.05114795, 0.0988409671308, 0.0
0.162090822227, 0.980518158601, 2.14081426457, 0.592290246336, 69.9263557227, 4.50861725433, 0.570674014043, 3.7242759725, 43.4436155079, 169.595330961, 0.0701453493173, 0.27027027027
0.230032437938, 0.849992910617, 5.21591153749, 0.64971251594, 60.0437764463, 4.02632542974, 0.0899907050174, 4.7406519885, 34.1512507903, 181.263682975, 0.0604819258395, 0.111111111111
0.190066851589, 1.11997058598, 2.80217845447, 0.654750218626, 14.7246123574, 4.02632542974, 0.570674014043, 1.91057042558, 34.1512507903, 221.833649637, 0.0332847750567, 0.1
0.230032437938, 1.02329620906, 3.93850317377, 0.550533695837, 69.9263557227, 4.50861725433, 0.485063979474, 3.7242759725, 39.1985541961, 267.021002292, 0.0652743250039, 0.0
0.391394981916, 0.828510051439, 2.65735078891, 0.476385944168, 86.1239247492, 1.09484113905, 1.30048632995, 0.597019440894, 3.88036422104, 191.583556931, 0.0453052543495, 0.373134328358
0.269470951148, 0.919522549983, 2.09362509764, 0.545609108726, 29.7224585675, 1.09484113905, 0.943650444072, 4.80786285554, 40.7092269453, 175.857892654, 0.0474164925202, 0.578947368421
0.142894421214, 0.822062454509, 2.80826938947, 0.685910845037, 89.2946525821, 37.2871794818, 0.189954940015, 0.269455352274, 4.14040546315, 106.089197379, 0.424692119885, 0.416666666667
0.269470951148, 0.919522549983, 2.09362509764, 0.545609108726, 29.7224585675, 38.8727908516, 0.943650444072, 4.80786285554, 40.7092269453, 111.748465279, 0.531014428438, 0.363636363636
0.113129525934, 1.09950114395, 7.43392926368, 0.644805994509, 91.6730791653, 16.4553563423, 0.485063979474, 4.60749152714, 12.1317318596, 814.306737328, 0.0191745297651, 0.0
0.192119904951, 1.16703507614, 6.21545295628, 0.559022070402, 59.886094795, 1.09484113905, 1.62062750388, 4.01298252322, 31.3448806676, 911.482321671, 0.0172444464936, 0.246376811594
0.162090822227, 0.980518158601, 2.14081426457, 0.550533695837, 1.26108655957, 4.50861725433, 0.589129318267, 3.7242759725, 21.4959722196, 158.935895622, 0.0858451583077, 0.652173913043
0.176582202615, 1.09950114395, 7.22291278459, 0.620658264201, 97.1159734652, 1.79503040264, 0.602722594881, 0.677269310162, 12.1317318596, 605.012632162, 0.0242797928879, 0.0
0.253181965578, 0.823228390736, 2.14081426457, 0.655539481221, 88.1934408979, 37.2871794818, 0.187341734942, 0.269455352274, 18.2371805329, 114.928524337, 0.348339464283, 0.0526315789474
0.230032437938, 0.828510051439, 8.43897557533, 0.445127739187, 98.1786876125, 1.09484113905, 1.30048632995, 2.91056485319, 3.88036422104, 399.07507308, 0.0262668100185, 0.342857142857
0.192119904951, 1.16703507614, 6.21545295628, 0.559022070402, 59.886094795, 1.09484113905, 1.62062750388, 4.01298252322, 9.08190948721, 804.932314937, 0.0220152239648, 0.379746835443
0.419193485309, 0.828510051439, 3.58138539259, 0.420230263572, 33.1674186242, 1.09484113905, 1.30048632995, 4.47246891366, 3.88036422104, 238.616858379, 0.0389764242875, 0.175
0.253181965578, 1.02609191605, 2.14081426457, 0.560493197503, 88.1934408979, 37.2871794818, 0.187341734942, 0.269455352274, 24.1471241748, 113.599837798, 0.437777878957, 0.0
0.230032437938, 0.828510051439, 8.43897557533, 0.445127739187, 98.1786876125, 1.0094910144, 0.710515420352, 1.14732695237, 3.88036422104, 275.463723404, 0.0338866361999, 0.526315789474
0.162090822227, 1.04777607431, 2.14081426457, 0.468587654361, 66.5774600433, 46.8531570845, 0.742214600123, 3.66917629287, 18.5291915753, 108.574032471, 0.374799483905, 0.533333333333
0.391394981916, 0.828510051439, 2.65735078891, 0.476385944168, 59.886094795, 1.09484113905, 1.30048632995, 0.597019440894, 3.88036422104, 227.889098054, 0.0507591448328, 0.571428571429
