0.509771052532, 1.05453113725, 2.00527582804, 0.326237713934, 17.1905064403, 46.3205392157, 2.17530867464, 1.72820393924, 32.0434412454, 267.386038849, 0.393471708482, 0.556164383562
0.509771052532, 1.05453113725, 2.00527582804, 0.326237713934, 17.1905064403, 40.5313192664, 2.17530867464, 1.72820393924, 31.0492939161, 298.620713979, 0.401988893806, 0.099173553719
0.512706297868, 0.841635609905, 2.00527582804, 0.312757438628, 19.6955961932, 45.476946791, 2.22773348225, 1.38108343823, 23.9830749118, 201.984808214, 0.482319943391, 0.357692307692
0.502609372321, 0.915543545736, 2.47452661511, 0.453025480902, 39.866919201, 48.1441400099, 2.42118476746, 1.72820393924, 28.0525009804, 326.189837076, 0.439092149169, 0.0786516853933
0.532522519422, 1.00804178201, 2.02874989546, 0.445752995449, 17.1905064403, 41.3652694546, 2.82731293441, 1.72820393924, 21.488261532, 269.543399152, 0.419907134138, 0.277419354839
0.502609372321, 0.915543545736, 2.8708036609, 0.453025480902, 39.866919201, 48.1441400099, 2.42118476746, 1.72820393924, 28.0525009804, 439.486058313, 0.370906882658, 0.628252788104
0.532522519422, 1.03422536917, 2.00294905336, 0.445752995449, 11.2105621181, 41.3652694546, 2.82731293441, 2.97860565151, 20.6661259033, 217.093303901, 0.450000831796, 0.0
0.549400616806, 0.873132513717, 2.06482929098, 0.427982780708, 45.7329825344, 43.9496346698, 2.4474441989, 1.56669333843, 24.5355424251, 208.607856504, 0.432010101858, 0.508038585209
0.512706297868, 0.841635609905, 2.00527582804, 0.312757438628, 19.6955961932, 48.1441400099, 2.22773348225, 1.38108343823, 23.9830749118, 171.953448683, 0.534060947321, 0.0
0.509771052532, 1.03422536917, 2.00527582804, 0.312757438628, 29.0208028549, 44.5051378685, 2.02945631233, 1.55049911724, 30.3523041385, 358.863158418, 0.389255475464, 0.25641025641
0.502609372321, 0.841635609905, 2.00527582804, 0.312757438628, 19.6955961932, 48.1441400099, 2.22773348225, 1.72820393924, 28.0525009804, 225.236187524, 0.420053244923, 0.453703703704
0.52055161507, 0.873132513717, 2.06482929098, 0.312757438628, 19.6955961932, 41.527823638, 2.22773348225, 1.55049911724, 23.9830749118, 213.82223502, 0.453972241803, 0.33185840708
0.512706297868, 0.841635609905, 2.00527582804, 0.312757438628, 19.6955961932, 49.4272494655, 2.22773348225, 1.38108343823, 23.9830749118, 198.405013996, 0.451875179764, 0.474777448071
0.504818042406, 1.2000127452, 2.04352761886, 0.312757438628, 19.6955961932, 41.3652694546, 2.85453330372, 1.55049911724, 20.6661259033, 313.621335962, 0.394219232615, 0.484978540773
0.514451144015, 0.887935483196, 2.00527582804, 0.498880568513, 21.6656901356, 43.3838512025, 2.57271495067, 1.20458309803, 21.0812085267, 197.543370129, 0.498628232027, 0.126666666667
0.546749366506, 0.873132513717, 2.12279785214, 0.463072555926, 19.6955961932, 45.476946791, 2.85453330372, 3.61083638319, 21.0812085267, 231.087256136, 0.446715356989, 0.0
0.532522519422, 0.841635609905, 2.06482929098, 0.453075900331, 19.6955961932, 44.5683716326, 2.17530867464, 1.38108343823, 32.0434412454, 241.645835545, 0.424170975761, 0.107913669065
0.512706297868, 0.841635609905, 2.00294905336, 0.312757438628, 23.3496322285, 44.5051378685, 2.22773348225, 1.38108343823, 20.2132656305, 205.454144882, 0.461806062138, 0.468864468864
0.509771052532, 1.05453113725, 7.64474805272, 0.326237713934, 18.0523943793, 46.3205392157, 2.02945631233, 1.72820393924, 32.0434412454, 1264.50559577, 0.367781372392, 0.363636363636
0.514451144015, 0.887935483196, 2.00527582804, 0.490403907867, 46.6014069472, 43.3838512025, 2.85453330372, 1.20458309803, 21.0812085267, 209.048193475, 0.493727563676, 0.142857142857
0.509771052532, 1.05453113725, 2.00527582804, 0.326237713934, 11.2820478754, 41.3652694546, 2.17530867464, 1.20458309803, 31.0492939161, 320.083631202, 0.390196860467, 0.462264150943
0.514451144015, 0.887935483196, 2.00527582804, 0.490403907867, 46.6014069472, 43.2723473907, 2.57271495067, 1.20458309803, 21.0812085267, 231.200969682, 0.440738527694, 0.303370786517
0.509771052532, 1.03422536917, 2.00460393284, 0.312757438628, 2.77979469481, 44.5051378685, 2.02945631233, 1.55049911724, 24.9843253154, 266.238141246, 0.421693342964, 0.367021276596
0.51287687809, 1.07841451539, 3.58571642889, 0.228694118649, 19.6955961932, 45.476946791, 2.85453330372, 1.55049911724, 24.4531483504, 612.977640762, 0.384919548239, 0.582959641256
0.532522519422, 0.834120522453, 2.0211123484, 0.412521992703, 11.2105621181, 41.3652694546, 2.82731293441, 1.56669333843, 20.6661259033, 211.563317858, 0.422118096041, 0.363636363636
0.52055161507, 0.873132513717, 2.06482929098, 0.312757438628, 37.9299642134, 42.1438796368, 2.22773348225, 1.55049911724, 23.9830749118, 262.561765747, 0.375223864218, 0.625925925926
0.512706297868, 0.841635609905, 2.00294905336, 0.312757438628, 23.3496322285, 44.5051378685, 2.22773348225, 1.38108343823, 20.2132656305, 191.377956503, 0.426180725219, 0.605700712589
0.509771052532, 1.05453113725, 2.00527582804, 0.326237713934, 11.2820478754, 41.3652694546, 2.17530867464, 1.20458309803, 31.0492939161, 238.525724892, 0.389380745096, 0.559556786704
0.532522519422, 0.934711567038, 2.00294905336, 0.445752995449, 17.0531331858, 41.3652694546, 2.82731293441, 2.43749207513, 20.6661259033, 196.17483073, 0.512027027618, 0.0921985815603
0.512706297868, 0.841635609905, 2.00527582804, 0.271164529844, 19.6955961932, 43.9496346698, 2.22773348225, 1.38108343823, 23.9830749118, 248.163524602, 0.422106230598, 0.207547169811
0.52055161507, 0.873132513717, 2.06482929098, 0.420259779715, 19.6955961932, 41.527823638, 2.22773348225, 1.55049911724, 23.9830749118, 235.536237522, 0.439514223997, 0.0
0.509771052532, 1.05453113725, 2.00527582804, 0.399884247469, 11.2820478754, 41.3652694546, 2.17530867464, 1.20458309803, 31.0492939161, 276.132284106, 0.407602680257, 0.425619834711
0.512706297868, 0.841635609905, 2.00527582804, 0.312757438628, 19.6955961932, 45.476946791, 2.22773348225, 1.38108343823, 21.1588286187, 210.642270997, 0.470014088422, 0.438735177866
0.509771052532, 1.05453113725, 2.00527582804, 0.312757438628, 10.1298496977, 44.5051378685, 2.26703290999, 1.55049911724, 23.9566923607, 289.468446694, 0.398237654559, 0.339901477833
0.512706297868, 0.841635609905, 2.00527582804, 0.312757438628, 19.6955961932, 48.217120756, 2.22773348225, 1.38108343823, 23.9830749118, 218.752600443, 0.404394319015, 0.596100278552
0.532522519422, 0.834120522453, 2.0211123484, 0.412521992703, 11.2105621181, 41.3652694546, 2.82731293441, 1.56669333843, 20.6661259033, 215.664491413, 0.417665113945, 0.515358361775
0.512706297868, 0.841635609905, 2.00527582804, 0.271164529844, 19.6955961932, 41.3652694546, 2.22773348225, 1.38108343823, 23.9830749118, 250.580215691, 0.408872798119, 0.394444444444
0.52055161507, 0.873132513717, 2.06482929098, 0.420259779715, 42.4240436367, 41.2973149271, 2.22773348225, 1.55049911724, 23.9830749118, 227.985986241, 0.411126693052, 0.451612903226
0.52055161507, 1.17238245156, 2.47452661511, 0.312757438628, 42.3863143452, 41.6876466254, 2.22773348225, 1.30050860275, 28.0525009804, 378.597222091, 0.400994362159, 0.142857142857
0.514451144015, 0.887935483196, 2.00527582804, 0.490403907867, 15.555344988, 43.3838512025, 2.85453330372, 1.20458309803, 21.0812085267, 194.12306984, 0.503074728004, 0.416403785489
0.52055161507, 0.880309112684, 2.00527582804, 0.268718277124, 19.6955961932, 42.7029714637, 2.22773348225, 1.55049911724, 24.4191580959, 216.088373121, 0.492315184295, 0.317708333333
0.504818042406, 1.00804178201, 2.06482929098, 0.312757438628, 19.6955961932, 41.3652694546, 2.85453330372, 1.55049911724, 20.6661259033, 283.384288313, 0.382487564378, 0.65191740413
0.52055161507, 0.957531694727, 2.00527582804, 0.312757438628, 19.6955961932, 42.7029714637, 2.22773348225, 1.55049911724, 24.4191580959, 295.941286434, 0.38463131951, 0.649831649832
0.514451144015, 0.887935483196, 2.00527582804, 0.490403907867, 46.6014069472, 43.3838512025, 2.57271495067, 1.20458309803, 21.0812085267, 207.119095653, 0.483337361817, 0.384615384615
0.546749366506, 1.17238245156, 2.47452661511, 0.330319265743, 42.3863143452, 47.8080328779, 2.65108080871, 1.2729563378, 28.0525009804, 320.502933747, 0.384517459854, 0.682828282828
0.746081622552, 0.934711567038, 2.06482929098, 0.427982780708, 45.7329825344, 43.9496346698, 2.4474441989, 1.56669333843, 24.5355424251, 209.625830334, 0.496078666766, 0.27868852459
0.546749366506, 0.873132513717, 2.12279785214, 0.463072555926, 34.5498598745, 45.476946791, 2.85453330372, 3.61083638319, 21.0812085267, 181.496034474, 0.551058164285, 0.0
0.532522519422, 0.898060490438, 2.35960009046, 0.312757438628, 10.6684568059, 41.2406873651, 2.22773348225, 1.55049911724, 23.2781012791, 293.44019876, 0.391658674925, 0.623693379791
0.511671856114, 0.988486633425, 2.00527582804, 0.312757438628, 5.21684222764, 47.7207953855, 2.59072005233, 1.03782748784, 32.564996773, 258.092594993, 0.400337805757, 0.618918918919
0.511671856114, 0.988486633425, 2.00527582804, 0.225520506208, 34.4648248495, 47.7207953855, 2.59072005233, 1.03782748784, 32.564996773, 272.679058181, 0.421124893673, 0.394285714286
0.511671856114, 0.988486633425, 2.00527582804, 0.312757438628, 5.21684222764, 47.7207953855, 2.59072005233, 1.03782748784, 32.564996773, 274.678637277, 0.420283328632, 0.384615384615
0.52055161507, 1.03422536917, 2.35960009046, 0.430421329988, 19.6955961932, 45.476946791, 2.22773348225, 1.55049911724, 23.2781012791, 335.210092313, 0.408769076488, 0.130841121495
0.509771052532, 1.03422536917, 2.00527582804, 0.312757438628, 5.21684222764, 44.5051378685, 2.02945631233, 1.55049911724, 25.9320762256, 301.137556779, 0.420873983394, 0.116071428571
0.537763347669, 0.841635609905, 2.54506357248, 0.430421329988, 39.7707485414, 44.0635110413, 2.85453330372, 1.38108343823, 27.8343823808, 358.173833116, 0.394358991722, 0.556561085973
0.886257653436, 0.873132513717, 2.06482929098, 0.427982780708, 2.77979469481, 43.9496346698, 2.4474441989, 1.56669333843, 24.5355424251, 208.468092949, 0.513193947026, 0.310502283105
0.546749366506, 0.841635609905, 2.55948336566, 0.430421329988, 19.6955961932, 45.476946791, 2.85453330372, 1.20458309803, 23.9830749118, 254.104413972, 0.406070091956, 0.611111111111
0.52055161507, 0.980196171786, 2.00527582804, 0.312757438628, 9.09359543811, 41.527823638, 2.22773348225, 1.55049911724, 23.9830749118, 245.170432675, 0.406621724413, 0.625
0.532522519422, 0.841635609905, 2.06482929098, 0.453075900331, 19.6955961932, 44.1758930118, 2.4474441989, 1.38108343823, 24.5355424251, 215.10674665, 0.438276582093, 0.431818181818
0.509771052532, 1.05061905586, 2.00527582804, 0.326237713934, 15.0918563155, 46.3205392157, 2.17530867464, 1.72820393924, 32.0434412454, 240.609551524, 0.422726901912, 0.409594095941
0.52055161507, 1.17238245156, 2.47452661511, 0.477076363562, 42.3863143452, 41.6876466254, 2.22773348225, 1.30050860275, 28.0525009804, 372.975857796, 0.390432019765, 0.586538461538
0.512706297868, 0.841635609905, 2.00527582804, 0.312757438628, 19.6955961932, 48.1441400099, 2.02945631233, 1.38108343823, 23.9830749118, 211.832432275, 0.502106736382, 0.258278145695
0.580712453529, 0.957531694727, 2.06285649832, 0.327291175218, 29.7977700763, 46.297643981, 2.48412613077, 4.70196260818, 24.4191580959, 216.105701795, 0.551436643196, 0.0
0.746081622552, 0.934711567038, 2.06482929098, 0.427982780708, 45.7329825344, 43.9496346698, 2.4474441989, 1.56669333843, 24.5355424251, 213.790255129, 0.567623862068, 0.0719424460432
0.512706297868, 0.887935483196, 2.00527582804, 0.490403907867, 23.3496322285, 44.5051378685, 2.22773348225, 1.38108343823, 23.9830749118, 195.232067596, 0.596769713955, 0.0
0.52055161507, 0.873132513717, 2.06482929098, 0.312757438628, 37.9299642134, 40.5313192664, 2.22773348225, 1.55049911724, 31.0492939161, 249.679201771, 0.408568123098, 0.647814910026
0.509771052532, 1.01945506095, 2.00527582804, 0.312757438628, 5.21684222764, 44.5051378685, 2.02945631233, 1.55049911724, 25.9320762256, 313.378406437, 0.391887853471, 0.68221574344
0.897742811259, 0.886238505197, 2.06482929098, 0.39492664599, 47.0297391731, 44.1758930118, 2.4474441989, 2.66809702894, 24.5355424251, 215.900110814, 0.598268545537, 0.0
0.550265613932, 0.871953789519, 2.08326088374, 0.39492664599, 46.6014069472, 49.2131452097, 2.57271495067, 0.625881776574, 21.0812085267, 214.722717273, 0.5822127805, 0.0727272727273
0.514451144015, 0.887935483196, 2.00527582804, 0.490403907867, 19.1553842613, 43.3838512025, 2.85453330372, 1.20458309803, 21.0812085267, 215.45048316, 0.504692248945, 0.272189349112
0.532522519422, 0.990158612607, 2.00294905336, 0.445752995449, 17.0531331858, 41.3652694546, 2.82731293441, 2.97860565151, 20.2671027135, 251.41880079, 0.444623498656, 0.0103092783505
0.52055161507, 1.03422536917, 2.35960009046, 0.430421329988, 19.6955961932, 45.476946791, 2.59072005233, 1.55049911724, 23.2781012791, 294.380244945, 0.445025143443, 0.0
0.550265613932, 0.871953789519, 2.08326088374, 0.467737138326, 46.6014069472, 49.2131452097, 2.57271495067, 0.625881776574, 21.0812085267, 200.221931852, 0.587621575553, 0.116279069767
0.514451144015, 0.887935483196, 2.00527582804, 0.490403907867, 48.06982085, 43.3838512025, 2.85453330372, 1.20458309803, 21.8503066584, 287.206310688, 0.408940713164, 0.556
0.509771052532, 1.05453113725, 7.64474805272, 0.326237713934, 18.0523943793, 46.3205392157, 2.02945631233, 1.72820393924, 32.0434412454, 1008.59963462, 0.418016549605, 0.33734939759
0.512706297868, 0.841635609905, 2.0015038993, 0.312757438628, 34.7974733197, 49.4272494655, 2.22773348225, 1.38108343823, 23.9830749118, 212.76978883, 0.445154272628, 0.565333333333
0.514451144015, 0.887935483196, 2.00527582804, 0.489595884966, 23.3496322285, 44.7313874863, 2.85453330372, 1.20458309803, 21.0812085267, 222.553556738, 0.440162258007, 0.461240310078
0.512706297868, 0.841635609905, 2.00527582804, 0.312757438628, 46.6014069472, 40.7849834632, 2.22773348225, 1.38108343823, 21.0812085267, 213.050123226, 0.485429169462, 0.418326693227
0.532522519422, 0.841635609905, 2.06482929098, 0.453075900331, 19.6955961932, 44.5683716326, 2.17530867464, 1.38108343823, 32.0434412454, 281.565971921, 0.404414506122, 0.622073578595
0.509771052532, 1.05453113725, 2.00527582804, 0.326237713934, 17.1905064403, 46.3205392157, 2.17530867464, 1.72820393924, 32.0434412454, 298.40953867, 0.404935693428, 0.578947368421
0.549400616806, 1.05453113725, 2.00527582804, 0.326237713934, 21.6656901356, 46.3205392157, 2.15707146653, 1.20458309803, 21.0812085267, 214.778004145, 0.44117069526, 0.609195402299
0.532522519422, 1.04307926415, 2.00294905336, 0.445752995449, 47.0297391731, 44.1758930118, 2.4474441989, 1.55049911724, 20.6661259033, 225.107853525, 0.528882541562, 0.0
0.532522519422, 0.934711567038, 2.00294905336, 0.445752995449, 17.0531331858, 41.3652694546, 2.82731293441, 2.43749207513, 20.2671027135, 229.638048176, 0.484039174803, 0.0
0.514451144015, 0.887935483196, 2.00527582804, 0.490403907867, 46.6014069472, 43.3838512025, 2.85453330372, 1.20458309803, 21.0812085267, 219.058472579, 0.491806304988, 0.207100591716
0.546749366506, 0.841635609905, 2.12279785214, 0.453075900331, 19.6955961932, 49.8115716517, 2.45848725496, 3.61083638319, 24.5355424251, 224.868850216, 0.495845879207, 0.0266666666667
0.512706297868, 0.841635609905, 2.00527582804, 0.312757438628, 19.6955961932, 45.476946791, 2.22773348225, 1.38108343823, 23.9830749118, 227.906001375, 0.464168813504, 0.296511627907
0.52055161507, 0.957531694727, 2.00527582804, 0.312757438628, 19.6955961932, 42.7029714637, 2.22773348225, 1.55049911724, 24.4191580959, 218.325008056, 0.528982083383, 0.0550458715596
0.512706297868, 0.841635609905, 2.0038356646, 0.312757438628, 19.6955961932, 48.1441400099, 2.48430720965, 1.38108343823, 23.9830749118, 223.299123327, 0.493562207833, 0.112903225806
0.546749366506, 0.873132513717, 2.12279785214, 0.368309632971, 19.6955961932, 45.476946791, 2.85453330372, 3.61083638319, 21.0812085267, 221.081105811, 0.533512984205, 0.038961038961
0.52055161507, 0.889647419391, 2.0012040093, 0.312757438628, 19.6955961932, 45.5886168695, 2.57271495067, 1.55049911724, 26.4036243187, 224.631802268, 0.493977187446, 0.111111111111
0.52055161507, 1.03422536917, 2.00527582804, 0.326237713934, 19.6955961932, 45.476946791, 2.22773348225, 1.55049911724, 23.9830749118, 222.482387176, 0.514942872446, 0.0378787878788
0.512706297868, 1.11124172069, 2.00527582804, 0.312757438628, 19.6955961932, 48.1441400099, 2.05177431334, 1.72820393924, 23.9830749118, 227.68533668, 0.52440519718, 0.0
0.52055161507, 0.898060490438, 2.35960009046, 0.312757438628, 10.6684568059, 41.2406873651, 2.22773348225, 1.55049911724, 23.2781012791, 265.502720074, 0.416612044785, 0.51320754717
0.505896124174, 1.05453113725, 2.00527582804, 0.326237713934, 17.1905064403, 40.5313192664, 2.17530867464, 1.72820393924, 31.0492939161, 265.952619706, 0.412906469475, 0.538461538462
0.509771052532, 1.05453113725, 2.00527582804, 0.312757438628, 22.8543894317, 44.5051378685, 2.02945631233, 1.55049911724, 30.3523041385, 270.83989947, 0.409197394538, 0.581081081081
0.509771052532, 0.97625976206, 2.00527582804, 0.326237713934, 17.1905064403, 40.5313192664, 2.17530867464, 1.72820393924, 31.0492939161, 249.631985686, 0.419575104373, 0.582655826558
0.549400616806, 0.887935483196, 2.40148378981, 0.467737138326, 46.6014069472, 49.2131452097, 2.57271495067, 1.20458309803, 26.4036243187, 298.451091776, 0.431587193094, 0.238372093023
0.52055161507, 0.889647419391, 2.0012040093, 0.312757438628, 19.6955961932, 45.476946791, 2.22773348225, 1.55049911724, 29.8709309422, 283.306641437, 0.433452485782, 0.246153846154
0.52055161507, 0.870937888979, 2.00527582804, 0.312757438628, 11.2105621181, 48.1944405041, 2.82731293441, 1.55049911724, 23.9830749118, 218.709473577, 0.494470748019, 0.277486910995
0.546749366506, 0.841635609905, 2.06482929098, 0.453075900331, 19.6955961932, 49.8115716517, 2.45848725496, 1.38108343823, 24.5355424251, 229.507087293, 0.458860734348, 0.361256544503
0.514451144015, 0.887935483196, 2.00527582804, 0.490403907867, 46.6014069472, 43.2723473907, 2.57271495067, 1.20458309803, 21.0812085267, 219.100375586, 0.482331989083, 0.350230414747
