1.24373957644, 1.06702054106, 1.4913732166, 0.8498820793, 2.83000096915, 1.02826482027, 5.56716601456, 1.26000091981, 1.14000017967, 1.76994999414, 1.78517917119, 0.949152749133, 3.04000096979, 1.05308363791, 0.795693482369, 1.00000050016, 1.00000024356, 1.09375536455, 9.98824062669, 0.955980174725, 1.00000015886, 119.456541618, 0.971537876786, 1.86477591022, 0.970276035918, 3.29000068227, 1.00000004832, 15.837155641, 7.04545793646, 16.5332886734, 2.14477211796
2.83530205771, 1.07793778909, 1.54655728623, 0.802260851675, 2.83000047884, 0.929187365691, 1.35701503577, 1.26000090307, 1.14000067361, 1.77358855448, 3.02415813739, 1.03692829803, 3.04000081693, 1.10590737476, 0.975034847236, 1.0000005358, 1.00000011432, 1.05631800961, 6.83327498484, 0.941932971344, 1.00000023699, 111.034550201, 0.993755177368, 4.72354246628, 0.95311238954, 3.29000011871, 1.00000053236, 51.3539039856, 12.862092497, 75.0956028188, 1.07238605898
1.24753624104, 1.08074916511, 1.40917629146, 0.804468195231, 2.83000006243, 1.03648010946, 1.67622331869, 1.26000084748, 1.14000079372, 3.68712494471, 2.36527606268, 1.05621951527, 3.04000045474, 1.06844383502, 0.931266076163, 1.00000060001, 1.00000015056, 1.10110863534, 6.97836729634, 0.978475553456, 1.00000006253, 123.661210183, 1.02144768024, 1.23577667505, 1.06037747339, 3.29000070436, 1.00000059688, 15.3711002128, 11.4711091211, 98.4832493527, 4.55764075067
3.83015064727, 1.10796513776, 1.45761469141, 0.817672602824, 2.83000031729, 1.05913029604, 4.38588553315, 1.26000097535, 1.14000080268, 2.913106704, 2.85300504225, 0.896909037361, 3.0400007193, 1.03412918246, 0.926425500909, 1.00000078971, 1.00000020528, 1.05903500483, 5.45851148839, 0.934478050603, 1.00000037764, 119.372725967, 0.977146784312, 4.65164998786, 0.999967475591, 3.29000046431, 1.00000098075, 17.9008151792, 8.90986703073, 98.2731788011, 0.0
3.729884048, 1.09442454239, 1.65570986543, 0.99915330821, 2.83000082876, 1.09765291551, 5.11793083005, 1.26000054707, 1.1400008006, 2.06643312176, 1.8305898562, 1.05353800906, 3.04000014573, 1.09783847776, 0.78136855713, 1.00000082776, 1.00000006748, 1.08748832291, 4.6542782099, 0.912321641439, 1.00000099121, 83.3519991682, 0.987282448803, 2.36963862771, 0.970484421659, 3.29000082695, 1.00000080362, 36.5334820193, 8.9030331809, 95.0156424126, 2.68096514745
4.89671830075, 1.08637758739, 1.39249608865, 0.979413657552, 2.8300003043, 1.11778181085, 5.39865654017, 1.26000091084, 1.14000047742, 3.5001565561, 2.60273683538, 1.07723804638, 3.0400000499, 1.03649070885, 0.942194042949, 1.00000003006, 1.00000047697, 1.08849639615, 4.39585350638, 0.924964914325, 1.00000006875, 124.565795998, 0.898843131873, 3.90634651544, 1.01572474658, 3.29000063413, 1.00000049957, 79.2261119426, 14.2802852006, 86.9979042842, 1.60857908847
2.77326230077, 1.0487725272, 1.47670843907, 0.84390385401, 2.83000090442, 0.94426566086, 5.36852292891, 1.26000070015, 1.14000059608, 1.6962121299, 3.09405164109, 1.08953151232, 3.04000055587, 1.1169005552, 0.821562646226, 1.0000004307, 1.00000038812, 1.02295492887, 3.73535742528, 0.99436935917, 1.00000005355, 94.000496804, 0.956422324112, 3.58304723243, 1.06476674572, 3.29000072416, 1.00000062385, 40.7663606963, 9.25832898833, 167.237828317, 1.60857908847
4.32983562609, 1.07178197795, 1.53060534135, 0.966527045907, 2.8300009573, 1.16548455228, 3.69375890968, 1.26000052258, 1.1400006783, 2.37639900879, 1.65550562183, 1.03692829803, 3.04000094183, 1.05695541769, 0.781278530392, 1.00000029644, 1.00000043916, 1.06165003965, 9.87332063682, 0.980761049735, 1.00000078628, 113.643386537, 0.863466542598, 4.50535767866, 1.04297132904, 3.29000096593, 1.00000066887, 71.1878124591, 17.5638301567, 236.463007534, 0.0
3.90088107085, 1.0179868912, 1.4662888824, 0.964929989001, 2.83000063779, 1.17895583448, 3.13277812671, 1.26000050198, 1.14000094816, 2.93886435359, 2.10722583537, 0.97299512686, 3.04000051448, 1.1074630802, 1.03864889138, 1.00000051276, 1.0000005124, 1.00618383091, 7.52058326724, 0.96091797465, 1.00000004709, 117.875098326, 0.889499203476, 1.29769262412, 1.0181774789, 3.29000076003, 1.00000058941, 62.8617853984, 12.766879232, 346.882679931, 0.536193029491
2.25285300632, 1.13570294937, 1.41447708735, 0.819863177314, 2.83000021972, 1.04493754066, 3.48220319613, 1.26000044076, 1.14000062632, 2.73932253905, 3.10851287057, 0.929362198437, 3.04000025324, 1.03788479863, 0.825399903775, 1.00000071192, 1.00000064458, 1.10285901779, 9.53203982414, 0.964361263916, 1.00000068012, 94.1863765022, 0.864751904474, 2.73257638153, 1.03276996092, 3.29000064962, 1.0000003675, 63.3307363016, 13.6804543724, 346.482335286, 1.07238605898
1.24753624104, 1.08074916511, 1.40917629146, 0.804468195231, 2.83000006243, 1.03648010946, 1.51625944111, 1.26000084748, 1.14000079372, 3.25742170942, 2.36527606268, 1.08875221021, 3.04000045474, 1.06844383502, 0.931266076163, 1.00000060001, 1.00000015056, 1.08523112501, 6.97836729634, 0.978475553456, 1.00000006253, 123.661210183, 1.02144768024, 1.39320664079, 1.06037747339, 3.29000070436, 1.00000059688, 147.224993557, 11.8414291191, 384.801781665, 4.82573726542
2.14125917631, 1.03134447684, 1.72811428596, 0.94478067457, 2.83000097511, 1.00755529704, 4.49195049855, 1.26000040988, 1.14000001595, 3.42423655138, 1.90573194345, 1.0594999268, 3.04000050398, 1.06934557555, 0.991145850532, 1.00000051021, 1.00000082007, 1.05212517752, 6.04164733942, 0.949112981134, 1.00000075482, 98.5103179689, 0.874614659601, 3.29712211665, 1.06117312684, 3.2900008885, 1.00000066729, 154.130754228, 12.2116505024, 220.83373431, 6.97050938338
3.37712672406, 1.08707829619, 1.43365490369, 0.871756904621, 2.83000062825, 0.872618856869, 4.23921371065, 1.26000033387, 1.14000093676, 1.67408056091, 2.311491755, 0.951876538619, 3.0400003258, 1.02595305083, 0.968599098827, 1.0000009445, 1.00000056613, 1.08799438829, 7.90547993867, 0.954682946357, 1.00000034116, 116.833258529, 1.07075813887, 4.17265624649, 0.960256253794, 3.29000092258, 1.00000027576, 51.1414183669, 16.7684619978, 428.158908909, 1.87667560322
4.9582344908, 1.08818892741, 1.42597727134, 0.831492973662, 2.8300008359, 1.00421746744, 2.14137884218, 1.26000005949, 1.14000056968, 2.0709472929, 2.64863084391, 0.983219765999, 3.04000028849, 1.08560740576, 1.00740231044, 1.00000010715, 1.00000073154, 1.06320050437, 9.80917651458, 0.980684852902, 1.00000002941, 78.7627123631, 0.936541490179, 1.75318532309, 1.02186071915, 3.2900009093, 1.00000090953, 114.529712196, 10.9238951562, 500.794084999, 2.41286863271
1.24753624104, 1.08618642577, 1.4073793618, 0.804468195231, 2.83000006243, 1.03648010946, 1.67622331869, 1.26000084748, 1.140000985, 3.25742170942, 2.36527606268, 1.09323165116, 3.04000045474, 1.06844383502, 0.931266076163, 1.00000060001, 1.00000015056, 1.08211025637, 6.97836729634, 0.978475553456, 1.00000006253, 123.661210183, 1.02544581249, 2.45534088276, 1.06882957438, 3.29000070436, 1.00000069474, 83.7869653009, 10.3260469441, 584.233062381, 3.75335120643
2.69737811644, 1.05802902897, 1.73925199744, 0.800055755228, 2.83000022659, 0.958284655347, 1.63541467128, 1.26000098094, 1.14000019719, 3.27936163069, 1.56425884315, 0.903119820941, 3.04000079868, 1.00084305813, 0.795707529384, 1.00000077191, 1.00000016519, 1.10574622407, 9.70469241316, 0.957553752779, 1.0000005807, 77.8523594676, 0.991023542118, 5.46975289256, 1.02629165409, 3.29000058325, 1.0000000618, 178.696344437, 12.5535931622, 250.14549215, 3.21715817694
3.09360205041, 1.01125111015, 1.68666754422, 0.830734933742, 2.83000031216, 0.887384176854, 2.01651224752, 1.26000079989, 1.14000071763, 2.309242257, 2.2943581182, 0.889685606209, 3.04000067914, 1.08897823221, 1.03148098329, 1.00000005195, 1.00000091132, 1.00444116492, 8.98339283483, 0.982775235526, 1.00000026238, 85.2911588219, 1.00274845518, 4.10115075439, 1.0369460936, 3.29000098479, 1.00000073005, 148.984304229, 12.3888018872, 340.71092846, 4.28954423592
4.89671830075, 1.08637758739, 1.39401951984, 0.979413657552, 2.8300003043, 1.11778181085, 5.39865654017, 1.26000091084, 1.14000047742, 3.5001565561, 2.60273683538, 1.08709149207, 3.0400000499, 1.00762272253, 0.942194042949, 1.00000001764, 1.00000025116, 1.08849639615, 5.05906256228, 0.924964914325, 1.00000006875, 124.565795998, 0.898843131873, 3.90634651544, 1.01572474658, 3.29000075926, 1.00000077177, 215.771564491, 18.3921050763, 259.444036928, 0.804289544236
5.86172933013, 1.07125603558, 1.43416548628, 0.893773229581, 2.83000097198, 0.93533006833, 3.37773243958, 1.26000029525, 1.14000068441, 2.86647484461, 2.80173864954, 0.977854298946, 3.0400006944, 1.02705498545, 0.946429613343, 1.00000024153, 1.000000493, 1.02528636641, 5.77833631704, 0.947365301142, 1.00000090109, 83.4713834957, 1.03973764654, 1.35077856825, 1.00057517848, 3.29000063308, 1.00000002107, 171.43532698, 23.0659556144, 452.939099781, 0.0
1.35882281766, 1.13120089506, 1.49008480283, 0.938874780612, 2.83000000363, 1.15642236139, 5.79027107732, 1.26000065535, 1.14000017428, 3.47821949967, 1.85932569195, 0.887153207137, 3.04000034664, 1.11823990526, 0.971170918483, 1.00000053477, 1.00000039426, 1.10207064202, 3.1633738772, 0.948010316999, 1.00000083957, 97.2689799998, 0.844720224928, 3.50033292093, 1.03077980314, 3.29000097571, 1.00000009833, 378.460550463, 18.851479976, 1080.68380502, 0.268096514745
4.53659584955, 1.08227929509, 1.54505286159, 0.815072657341, 2.8300003059, 0.853492973497, 4.20920951588, 1.26000096805, 1.14000017687, 2.6704019377, 2.33697859013, 1.03083930754, 3.04000043721, 1.07605158812, 0.987117278278, 1.00000015057, 1.00000087112, 1.02548661281, 6.27414966808, 0.929421345457, 1.00000004797, 75.3625213369, 0.94864294792, 3.871302189, 1.06405728871, 3.29000039803, 1.00000072468, 227.956289044, 19.5469039424, 601.652765973, 0.268096514745
4.89671830075, 1.10889348824, 1.39401951984, 0.979413657552, 2.8300003043, 1.11778181085, 5.39865654017, 1.26000091084, 1.14000047742, 3.5001565561, 2.60273683538, 1.07723804638, 3.0400000499, 1.00762272253, 0.942194042949, 1.00000063415, 1.00000025116, 1.08849639615, 4.39585350638, 0.924964914325, 1.00000006875, 124.565795998, 0.898843131873, 3.90634651544, 1.01572474658, 3.29000075926, 1.00000077177, 261.411563038, 20.2021088264, 591.748511253, 0.0
1.24753624104, 1.08618642577, 1.40917629146, 0.804468195231, 2.83000006243, 1.03648010946, 1.67622331869, 1.26000084748, 1.140000985, 3.25742170942, 2.36527606268, 1.09323165116, 3.04000045474, 1.06844383502, 0.931266076163, 1.00000060001, 1.00000015056, 1.08211025637, 6.97836729634, 0.978475553456, 1.00000006253, 123.661210183, 1.02144768024, 2.45534088276, 1.06882957438, 3.29000070436, 1.00000069474, 376.873684207, 16.1458653581, 1062.92281913, 0.536193029491
5.04410232114, 1.0410557322, 1.71717638406, 0.884454513593, 2.83000046027, 1.14740141807, 5.08953772461, 1.2600007106, 1.14000044433, 2.4952267965, 2.60531074048, 0.993239114614, 3.04000007907, 1.10785340833, 0.930927698787, 1.0000006259, 1.00000032468, 1.0943766967, 6.45715461038, 0.938379179701, 1.00000089702, 79.6178594418, 1.06168364044, 4.11087026927, 1.0321125198, 3.2900005294, 1.00000008894, 105.00022138, 21.1631028289, 802.465593414, 0.804289544236
1.24753624104, 1.08074916511, 1.40917629146, 0.804468195231, 2.83000063779, 1.03648010946, 1.67622331869, 1.26000084748, 1.14000079372, 3.25742170942, 2.36527606268, 1.08875221021, 3.04000045474, 1.07519571267, 0.904570701119, 1.00000067485, 1.00000015056, 1.00444116492, 6.97836729634, 0.978475553456, 1.00000014188, 123.661210183, 1.05084044697, 1.39320664079, 1.06037747339, 3.29000070436, 1.00000059688, 82.3388647421, 14.3323468043, 410.91155376, 2.68096514745
3.95114026396, 1.08135104125, 1.55465601318, 0.892626491889, 2.83000009358, 0.898200026709, 2.44422750846, 1.26000025936, 1.14000006882, 1.8159174084, 2.68882246562, 0.918436841278, 3.04000001705, 1.03339809425, 1.00140162198, 1.00000077228, 1.00000080669, 1.03313633849, 4.04378764319, 0.985997271767, 1.00000043946, 75.7847160129, 0.992124943722, 1.18031054861, 1.0014945895, 3.29000027154, 1.00000010443, 200.564132598, 15.2856873333, 2226.34348695, 2.14477211796
4.81139430182, 1.13152964438, 1.57111635409, 0.855465795427, 2.83000087652, 0.967461886791, 3.07520096771, 1.26000051452, 1.14000069753, 3.50306541415, 2.71484655065, 0.955585780055, 3.04000080301, 1.01520996813, 0.999239771538, 1.0000006396, 1.00000001714, 1.04222210353, 9.80116458717, 0.946492290429, 1.00000019585, 119.214527702, 0.933928349027, 2.93674426614, 1.0222712823, 3.2900005067, 1.00000071363, 213.276350524, 18.652182901, 672.870774376, 1.60857908847
5.93457140071, 1.039311013, 1.67153521495, 0.801837236782, 2.83000053851, 1.09423212089, 4.12099246269, 1.26000044379, 1.14000085121, 1.26222313474, 1.92746972359, 0.888537464457, 3.04000044115, 1.078022557, 0.818964544368, 1.00000035361, 1.00000099314, 1.0143438443, 3.33287776083, 0.941452277188, 1.00000054027, 93.0846619286, 0.945906427954, 1.83001799396, 0.99384931124, 3.29000075175, 1.00000033192, 151.730509117, 17.0496939468, 1158.18763368, 1.60857908847
1.24373957644, 1.10700008105, 1.4913732166, 0.8498820793, 2.83000096915, 1.18571264748, 5.29314132312, 1.26000091981, 1.14000017967, 1.76994999414, 1.78517917119, 0.949152749133, 3.04000096979, 1.05308363791, 1.06799465889, 1.00000020938, 1.00000024356, 1.09375536455, 9.9717189679, 0.955980174725, 1.00000015886, 119.456541618, 0.971537876786, 3.92745578236, 0.958873440269, 3.29000068227, 1.00000057181, 145.748419609, 16.7864211125, 525.248296146, 2.14477211796
4.32983562609, 1.07178197795, 1.53060534135, 0.966527045907, 2.8300009573, 1.14037682535, 3.54284129612, 1.26000048103, 1.1400006783, 2.37639900879, 1.65550562183, 1.01549929091, 3.04000060332, 1.00422704971, 0.781278530392, 1.00000029644, 1.00000041156, 1.06165003965, 9.87332063682, 0.980761049735, 1.00000078628, 104.46560953, 0.863466542598, 4.50535767866, 1.04297132904, 3.29000096593, 1.00000066887, 190.682723107, 14.948960506, 1518.79937068, 2.41286863271
2.30767313151, 1.13536879294, 1.63335671178, 0.899679427603, 2.8300000768, 0.976937051889, 5.59777645512, 1.26000055289, 1.14000071877, 3.34733434804, 2.54782237706, 1.04409267939, 3.04000063512, 1.06672611457, 1.05013517054, 1.0000005242, 1.00000043654, 1.00593072597, 4.41836912671, 0.940617212079, 1.00000060202, 106.130648784, 1.05818914641, 4.58796600668, 1.0687436704, 3.29000015476, 1.00000098986, 131.997171019, 10.8595837417, 688.471490408, 6.16621983914
3.54418521372, 1.06454596075, 1.34158627789, 0.92054372625, 2.83000031263, 1.18960109058, 2.56251750609, 1.26000098008, 1.14000010057, 1.77693153155, 1.94476521608, 1.06674399788, 3.04000014878, 1.10095327369, 1.02523220852, 1.00000056051, 1.000000318, 1.0410838384, 7.16413509684, 0.924720881181, 1.00000047905, 113.254054001, 1.06016215098, 3.29209589607, 1.06755461228, 3.29000033496, 1.00000092509, 306.035221168, 29.5157981543, 361.328207755, 1.60857908847
4.921551811, 1.07125603558, 1.55376723214, 0.819857669866, 2.83000003809, 1.10550624957, 4.59560653282, 1.26000047529, 1.1400006816, 1.51456859193, 1.58474500837, 0.921270780394, 3.04000081299, 1.05800856291, 0.888731595829, 1.00000012737, 1.00000057783, 1.04077032108, 6.31841572254, 0.986728337531, 1.00000059813, 109.220524826, 0.916187501341, 4.3797145673, 1.06080214728, 3.29000022515, 1.00000055193, 299.942687036, 21.0601380717, 569.5921256, 1.34048257373
2.70871922153, 1.12063309127, 1.63959754817, 0.999704958022, 2.83000065568, 0.996430726328, 1.22731066179, 1.26000096827, 1.14000034939, 2.95229681567, 2.62899744223, 1.06970060713, 3.04000027743, 1.05595264387, 0.942719841718, 1.00000051276, 1.00000029757, 1.0845148547, 7.36372462763, 0.930237802985, 1.0000008588, 93.625654073, 0.966273889942, 4.9801133158, 0.989109215063, 3.29000086868, 1.00000008917, 177.464908465, 24.8846957139, 1033.78271141, 0.0
1.32943719636, 1.13536879294, 1.63335671178, 0.899679427603, 2.8300000768, 0.976937051889, 4.70654413181, 1.26000091981, 1.14000071877, 3.34733434804, 1.56664103601, 1.04409267939, 3.04000063512, 1.00055441338, 1.05013517054, 1.0000005242, 1.00000043654, 1.00593072597, 4.41836912671, 0.940617212079, 1.00000060202, 106.130648784, 1.05818914641, 4.58796600668, 1.0687436704, 3.29000015476, 1.00000057181, 373.494212665, 31.8115467407, 568.538319286, 0.0
2.00403083104, 1.13987292578, 1.65534621153, 0.860224994021, 2.83000025468, 1.11782672768, 4.85131351597, 1.26000090011, 1.14000014204, 2.82442843513, 2.4297960132, 1.0606249615, 3.0400008884, 1.10548876968, 1.07775088353, 1.00000012737, 1.00000057998, 1.0686553567, 8.36999492848, 0.969576351871, 1.00000005366, 89.103351826, 0.845402879798, 1.96916180865, 1.06930883504, 3.29000020494, 1.0000009502, 476.61699459, 24.0261417258, 518.06089316, 1.60857908847
3.51311063215, 1.03829460444, 1.53569739709, 0.974268281214, 2.83000068726, 1.09132533184, 1.10436945536, 1.26000044379, 1.14000085121, 1.26222313474, 2.40362662506, 0.888537464457, 3.04000037689, 1.078022557, 0.998882307733, 1.00000035361, 1.00000099314, 1.0143438443, 3.33287776083, 0.941452277188, 1.00000054027, 93.0846619286, 1.06933996629, 1.83001799396, 0.99384931124, 3.29000075175, 1.00000033192, 508.768704994, 23.5734886041, 1342.94927299, 0.0
3.09360205041, 1.01125111015, 1.68666754422, 0.830734933742, 2.83000031216, 1.08751562312, 2.01651224752, 1.26000079989, 1.14000071763, 2.309242257, 2.2943581182, 0.889685606209, 3.04000067914, 1.08897823221, 1.03148098329, 1.00000005195, 1.00000091132, 1.00444116492, 8.98339283483, 0.982775235526, 1.00000026238, 85.2911588219, 1.00274845518, 4.10115075439, 0.980733880295, 3.29000098479, 1.00000073005, 849.22091977, 23.8326461712, 968.93631171, 0.268096514745
4.59781857643, 1.00078756814, 1.58094047685, 0.873139144714, 2.83000099031, 1.05521928895, 5.27580606463, 1.26000071742, 1.14000094823, 3.06964722843, 1.74685402626, 1.08638574722, 3.04000084791, 1.03000316243, 1.01105392706, 1.00000003924, 1.00000033118, 1.01446461917, 7.42132630046, 0.96351413256, 1.00000024801, 78.1141955622, 0.881604547259, 1.95523576825, 1.06461132414, 3.29000032453, 1.000000201, 460.107394767, 23.6525515307, 3090.0974348, 0.0
4.02299562806, 1.13249771276, 1.56962298841, 0.800663570691, 2.83000063181, 0.928310773117, 3.62285333112, 1.2600004316, 1.14000015101, 1.99708687508, 1.80704354077, 1.04500677315, 3.0400005131, 1.06234086919, 0.789956067565, 1.00000074203, 1.00000057255, 1.07302618074, 4.28167710089, 0.940835235192, 1.0000003927, 120.4236336, 1.08352079413, 1.22588983738, 1.03086381099, 3.29000050526, 1.00000056655, 410.326915669, 22.4290887642, 2501.24368813, 0.536193029491
4.00023206185, 1.12674097785, 1.72354016081, 0.840501262947, 2.83000085426, 1.09972307857, 4.24427244962, 1.26000043404, 1.14000052552, 1.65473271741, 2.39932639982, 1.0229595215, 3.04000008998, 1.06325732658, 1.06044860135, 1.00000012805, 1.00000048063, 1.08177088954, 6.11386877483, 0.91687925012, 1.00000009969, 105.530646938, 0.860519423349, 1.72929421936, 1.01254726545, 3.29000000004, 1.00000032947, 383.933625068, 18.7720190047, 3853.41281714, 0.804289544236
3.09360205041, 1.01125111015, 1.68666754422, 0.830734933742, 2.83000031216, 1.08751562312, 2.01651224752, 1.26000079989, 1.14000071763, 2.309242257, 2.2943581182, 0.889685606209, 3.04000070723, 1.08897823221, 1.03148098329, 1.00000005195, 1.00000032749, 1.08523112501, 8.98339283483, 0.982775235526, 1.00000026238, 85.2911588219, 1.00274845518, 4.10115075439, 0.980733880295, 3.29000098479, 1.00000098945, 460.117268553, 16.7115260481, 1768.92861948, 1.34048257373
1.24753624104, 1.08618642577, 1.40917629146, 0.804468195231, 2.83000006243, 1.03648010946, 1.67622331869, 1.26000085652, 1.14000096697, 3.25742170942, 2.36527606268, 1.09323165116, 3.04000045474, 1.06844383502, 0.931266076163, 1.00000003006, 1.00000012985, 1.08849639615, 6.92126067873, 0.953670243554, 1.00000006253, 123.661210183, 1.02144768024, 4.11087026927, 1.05279376201, 3.2900004819, 1.00000069474, 1112.00228046, 20.5694663573, 2919.26830486, 1.07238605898
3.21213830816, 1.08783688406, 1.60188754542, 0.855914530292, 2.83000021764, 1.03440282338, 3.47641260699, 1.26000034595, 1.14000012393, 3.42280355544, 2.13768706497, 1.05787835601, 3.0400001996, 1.0909837125, 0.868352618587, 1.00000001945, 1.00000000339, 1.0016821263, 7.72185681639, 0.911987337687, 1.00000082316, 83.6743166451, 0.876549676944, 5.68187346767, 1.00743945534, 3.29000025831, 1.00000029433, 195.857114656, 25.0033760112, 1019.53648228, 1.34048257373
3.51311063215, 1.03829460444, 1.53569739709, 0.974268281214, 2.83000098846, 1.09132533184, 1.10436945536, 1.26000044379, 1.14000085121, 1.26222313474, 2.40362662506, 0.888537464457, 3.04000044115, 1.078022557, 0.998882307733, 1.00000035361, 1.00000099314, 1.0143438443, 3.33287776083, 0.941452277188, 1.00000054027, 93.0846619286, 0.9763778086, 1.83001799396, 0.99384931124, 3.29000075175, 1.00000033192, 364.00196268, 21.9227154379, 1085.64883681, 1.07238605898
5.76572613368, 1.07125603558, 1.43416548628, 0.893773229581, 2.83000097198, 0.93533006833, 3.37773243958, 1.26000029525, 1.14000068441, 2.94895679978, 2.80173864954, 0.977854298946, 3.0400006944, 1.02705498545, 0.946429613343, 1.00000024153, 1.000000493, 1.0794115067, 5.77833631704, 0.947365301142, 1.00000090109, 83.4713834957, 1.03973764654, 1.30991912673, 0.995167024064, 3.29000063308, 1.00000028116, 309.715946122, 21.8763036837, 3192.37695055, 0.804289544236
3.37712672406, 1.08707829619, 1.43365490369, 0.871756904621, 2.83000062825, 0.943833079563, 4.23921371065, 1.26000024365, 1.14000093676, 1.59176055543, 2.27947937089, 0.965252363064, 3.0400003258, 1.08450261003, 0.968599098827, 1.0000009445, 1.00000052594, 1.08799438829, 7.90547993867, 0.954682946357, 1.00000034116, 116.833258529, 1.07075813887, 4.17265624649, 0.969456907186, 3.29000092258, 1.00000027576, 173.037593501, 14.9213817753, 691.49326906, 2.68096514745
1.35882281766, 1.13120089506, 1.49008480283, 0.938874780612, 2.83000000363, 1.15642236139, 5.79027107732, 1.26000065535, 1.14000017428, 3.47821949967, 1.85932569195, 0.887153207137, 3.04000034664, 1.11823990526, 0.971170918483, 1.00000036384, 1.00000039426, 1.10207064202, 3.1633738772, 0.929421345457, 1.00000083957, 97.2689799998, 0.844720224928, 3.50033292093, 1.03077980314, 3.29000097571, 1.00000009833, 273.615880481, 14.772135909, 1202.66713538, 3.75335120643
3.83015064727, 1.10134377957, 1.45761469141, 0.817672602824, 2.83000085734, 1.05913029604, 4.38588553315, 1.26000097535, 1.14000080268, 2.913106704, 2.37945228356, 0.962140415598, 3.0400007193, 1.03966094481, 0.926425500909, 1.00000078971, 1.00000034748, 1.05903500483, 4.41836912671, 0.934478050603, 1.00000037764, 113.385974433, 1.05657013674, 4.65164998786, 0.999967475591, 3.29000046431, 1.00000098075, 187.074068129, 18.3941342499, 2155.39351353, 2.41286863271
4.53659584955, 1.08227929509, 1.54505286159, 0.905503802244, 2.8300003059, 0.853492973497, 4.20920951588, 1.26000096805, 1.14000017687, 2.6704019377, 2.33697859013, 1.03083930754, 3.04000043721, 1.07605158812, 0.987117278278, 1.00000015057, 1.00000087112, 1.02548661281, 6.27414966808, 0.929421345457, 1.00000004797, 75.3625213369, 0.94864294792, 3.871302189, 1.06405728871, 3.29000039803, 1.00000068452, 157.020398453, 23.3819225402, 4272.91652723, 2.14477211796
2.41162659076, 1.0355103548, 1.42889411435, 0.81319892506, 2.83000026757, 1.02871994796, 2.44146131824, 1.26000075094, 1.14000083838, 2.65610538831, 2.69660237627, 0.984155302224, 3.04000029354, 1.05452276028, 0.795707529384, 1.00000043469, 1.00000013075, 1.08027163824, 6.34690670742, 0.969658343504, 1.00000097315, 123.971121829, 0.992890434342, 4.7074180416, 0.995592684277, 3.29000060645, 1.00000010656, 190.842240214, 17.9940199862, 940.914804144, 2.14477211796
5.86172933013, 1.1260677744, 1.43416548628, 0.846612414901, 2.83000097198, 0.93533006833, 3.37773243958, 1.26000029525, 1.14000068441, 2.86647484461, 2.80173864954, 0.977854298946, 3.04000018157, 1.02705498545, 0.946429613343, 1.00000024153, 1.000000493, 1.02528636641, 5.77833631704, 0.947365301142, 1.00000090109, 83.4713834957, 1.03973764654, 1.35077856825, 1.00057517848, 3.29000063308, 1.00000002107, 161.643841447, 12.1910325388, 741.91831722, 7.50670241287
1.24373957644, 1.10093270757, 1.4913732166, 0.8498820793, 2.83000096915, 1.11780994663, 5.56716601456, 1.26000091981, 1.14000017967, 1.76994999414, 1.78517917119, 0.949152749133, 3.04000096979, 1.05308363791, 0.795693482369, 1.00000050016, 1.00000024356, 1.09375536455, 9.98824062669, 0.955980174725, 1.00000015886, 119.456541618, 0.971537876786, 2.06893259475, 0.970276035918, 3.29000068227, 1.00000004832, 158.114871675, 11.6940308706, 1830.17635862, 6.97050938338
4.9582344908, 1.08818892741, 1.42597727134, 0.831492973662, 2.8300008359, 0.929452698022, 1.10436945536, 1.26000005949, 1.14000010732, 2.0709472929, 2.64863084391, 0.983219765999, 3.04000028849, 1.08560740576, 1.00740231044, 1.00000010715, 1.00000068903, 1.06320050437, 9.80917651458, 0.980684852902, 1.00000002941, 78.7627123631, 0.936541490179, 1.75318532309, 1.02186071915, 3.29000012697, 1.00000090542, 159.248942737, 12.3146840486, 695.335771983, 6.97050938338
4.68301639236, 1.10202961745, 1.55376723214, 0.819857669866, 2.83000003809, 1.10550624957, 4.59560653282, 1.26000047529, 1.1400006816, 1.51456859193, 1.58474500837, 0.921270780394, 3.04000081299, 1.05800856291, 0.888731595829, 1.00000012737, 1.00000057783, 1.04077032108, 6.31841572254, 0.986728337531, 1.00000059813, 109.220524826, 0.916187501341, 4.3797145673, 1.06080214728, 3.29000022515, 1.00000055193, 337.639464263, 21.9879009433, 880.947969099, 1.60857908847
2.77326230077, 1.07203445774, 1.47670843907, 0.84390385401, 2.83000090442, 0.94426566086, 5.36852292891, 1.26000070015, 1.14000059608, 1.6962121299, 3.09405164109, 1.08953151232, 3.04000055587, 1.1169005552, 0.821562646226, 1.0000004307, 1.00000038812, 1.02295492887, 4.19368245106, 0.99436935917, 1.00000037764, 94.000496804, 0.956422324112, 3.58304723243, 1.06476674572, 3.29000072416, 1.00000062385, 941.657277265, 27.8711663298, 1299.5956901, 0.0
4.89671830075, 1.08637758739, 1.65570986543, 0.979413657552, 2.8300003043, 1.11778181085, 5.39865654017, 1.26000091084, 1.14000047742, 3.5001565561, 2.60273683538, 1.07723804638, 3.0400000499, 1.03649070885, 0.942194042949, 1.00000003006, 1.00000047697, 1.08849639615, 4.39585350638, 0.924964914325, 1.00000006875, 124.565795998, 0.898843131873, 3.90634651544, 1.01572474658, 3.29000063413, 1.00000049957, 261.171453158, 26.7015935088, 2102.58043277, 0.536193029491
1.61543164471, 1.12874530171, 1.72560305604, 0.997989973853, 2.83000028002, 1.15653178987, 3.62285333112, 1.26000051718, 1.14000092351, 3.26095921848, 1.742124812, 1.05044428637, 3.04000051297, 1.11964954796, 0.869657155124, 1.00000033119, 1.00000094609, 1.00393348946, 9.74713249711, 0.915709315199, 1.00000012792, 87.6032253123, 0.858861710472, 3.96729229842, 1.00605756739, 3.29000000235, 1.00000054276, 344.898879323, 31.3328942181, 1642.78944156, 0.536193029491
3.75512345925, 1.11646670175, 1.50563282171, 0.963415016268, 2.83000031729, 0.998853897193, 5.99492809121, 1.26000003598, 1.14000002766, 3.13449970662, 3.07022403357, 0.940338892699, 3.0400004563, 1.03412918246, 1.07215122745, 1.00000091377, 1.00000080762, 1.02762398478, 4.33843498579, 0.934397664509, 1.00000034941, 85.5380782144, 1.06168364044, 1.81958515601, 1.00605424235, 3.29000075612, 1.00000014133, 434.848371751, 32.6163428539, 1294.72057763, 0.536193029491
1.24753624104, 1.08074916511, 1.40917629146, 0.804468195231, 2.83000063779, 1.03648010946, 1.67622331869, 1.26000084748, 1.14000079372, 3.25742170942, 2.36527606268, 1.08875221021, 3.04000045474, 1.07519571267, 0.931266076163, 1.00000060001, 1.00000015056, 1.08523112501, 6.97836729634, 0.978475553456, 1.00000014188, 123.661210183, 1.02144768024, 1.39320664079, 1.06037747339, 3.29000070436, 1.00000059688, 1066.95094475, 41.2920653247, 712.662485496, 0.268096514745
3.56703124967, 1.02149440975, 1.48501256317, 0.800884573968, 2.83000015759, 1.0007378528, 3.45818820438, 1.26000008811, 1.14000044374, 2.52550945266, 2.85732400736, 0.880250281172, 3.04000072137, 1.0147821706, 0.881751335818, 1.00000002227, 1.00000023866, 1.01441279821, 6.029761654, 0.977970961067, 1.00000017715, 78.140690491, 0.879482806788, 4.52418819802, 1.03913620558, 3.29000039364, 1.00000068851, 442.363644678, 32.8659065579, 3467.41247039, 0.268096514745
1.24753624104, 1.08074916511, 1.40917629146, 0.804468195231, 2.83000006243, 1.03648010946, 1.67622331869, 1.26000084748, 1.14000079372, 3.25742170942, 2.36527606268, 1.05621951527, 3.04000045474, 1.06844383502, 0.931266076163, 1.00000060001, 1.00000015056, 1.08523112501, 6.97836729634, 0.978475553456, 1.00000006253, 123.661210183, 1.02144768024, 1.39320664079, 1.06037747339, 3.29000070436, 1.00000059688, 517.278014321, 26.8371519256, 2673.19506134, 0.0
3.8026813286, 1.04090594388, 1.6056893597, 0.894800775027, 2.83000069676, 0.873828458861, 5.69447361964, 1.26000069426, 1.14000057625, 1.3319918978, 1.83607975219, 0.999818494819, 3.04000001317, 1.11233437995, 1.05643112902, 1.00000019093, 1.00000087206, 1.02724184748, 3.04941402676, 0.985899543222, 1.00000091466, 109.514015907, 1.0803693276, 1.05615618499, 1.06281163661, 3.29000017849, 1.00000002309, 698.087621721, 35.2940574023, 1734.96255133, 0.0
3.37712672406, 1.08707829619, 1.43365490369, 0.871756904621, 2.83000062825, 0.943833079563, 4.23921371065, 1.26000033387, 1.14000093676, 1.54669895933, 2.311491755, 0.951876538619, 3.0400003258, 1.08450261003, 0.968599098827, 1.0000009445, 1.00000052594, 1.08799438829, 7.90547993867, 0.954682946357, 1.00000034116, 116.833258529, 1.07075813887, 4.17265624649, 0.969456907186, 3.29000092258, 1.00000027576, 608.140562466, 25.1218149926, 1439.13426836, 0.536193029491
1.24753624104, 1.08074916511, 1.40917629146, 0.804468195231, 2.83000006243, 1.03648010946, 1.67622331869, 1.26000084748, 1.14000079372, 3.57630595536, 2.36527606268, 1.05621951527, 3.04000045474, 1.06844383502, 0.931266076163, 1.00000060001, 1.00000015056, 1.08523112501, 3.07660416347, 0.986728337531, 1.00000006253, 123.661210183, 1.02144768024, 1.39320664079, 1.06037747339, 3.29000070436, 1.00000059688, 578.09337114, 25.6471090664, 2309.31298436, 0.536193029491
1.74446682952, 1.13903705027, 1.63993908716, 0.828566961119, 2.83000074976, 0.902561986352, 4.88899783369, 1.26000042679, 1.14000074128, 1.57187883997, 2.68694641426, 1.08513708628, 3.04000044949, 1.05021151869, 0.921245079824, 1.00000071196, 1.00000013819, 1.06341708794, 5.88700848017, 0.966080691611, 1.00000008875, 103.472884911, 0.988895346638, 3.27717334637, 1.05454318487, 3.29000015344, 1.00000022176, 608.464590211, 26.3735947122, 2245.12894468, 0.0
3.88619350953, 1.0402156241, 1.7107547206, 0.966412389197, 2.83000009283, 1.07679167891, 2.37195162527, 1.26000008227, 1.14000093403, 1.54814023938, 1.85507134449, 1.05072272872, 3.04000017541, 1.00110862272, 0.856724947039, 1.00000034169, 1.00000090204, 1.03051383611, 3.76541818507, 0.987280111815, 1.00000058195, 102.453039774, 0.903528323782, 1.14659151484, 1.0279634473, 3.29000065555, 1.0000006462, 1001.2717149, 30.5264041479, 1174.63880848, 0.536193029491
3.82605056797, 1.01843275541, 1.35129964681, 0.850110158953, 2.83000028747, 1.08069125595, 2.71341210296, 1.26000046992, 1.14000055936, 3.68694556961, 2.7565883835, 0.952001663789, 3.04000050956, 1.09489117497, 1.06374600754, 1.0000000691, 1.00000000544, 1.06149867354, 3.01583791815, 0.918457561148, 1.00000031933, 115.823838877, 0.968884781792, 1.76783145384, 0.968536414388, 3.29000090249, 1.00000073777, 385.039559728, 19.1301067391, 5678.92988879, 1.60857908847
2.83530205771, 1.07793778909, 1.54655728623, 0.802260851675, 2.83000047884, 0.929187365691, 1.35701503577, 1.26000090307, 1.14000067361, 1.77358855448, 3.02415813739, 1.03692829803, 3.04000078301, 1.10590737476, 0.975034847236, 1.0000005358, 1.00000011432, 1.10920231891, 6.83327498484, 0.941932971344, 1.00000023699, 111.034550201, 0.993755177368, 4.72354246628, 0.95311238954, 3.29000011871, 1.00000053236, 1046.36836415, 21.597519006, 5112.96218904, 1.07238605898
4.89671830075, 1.08637758739, 1.39401951984, 0.979413657552, 2.8300003043, 1.11778181085, 5.39865654017, 1.26000091084, 1.14000047742, 3.5001565561, 2.60273683538, 1.07723804638, 3.0400000499, 1.00762272253, 0.942194042949, 1.00000003006, 1.00000025116, 1.08849639615, 4.39585350638, 0.924964914325, 1.00000006875, 124.565795998, 0.898843131873, 3.90634651544, 1.01572474658, 3.29000075926, 1.00000077177, 598.666915848, 18.1422239697, 5319.98660638, 1.60857908847
3.91115332563, 1.05801294898, 1.63461515807, 0.939520672046, 2.83000046556, 1.18330064127, 2.49241372065, 1.26000053835, 1.14000008592, 3.41411094793, 2.88610896758, 1.05322132877, 3.04000022973, 1.05602893301, 0.993550451895, 1.00000059492, 1.00000073793, 1.05867440668, 3.69015181807, 0.9746234078, 1.00000032673, 112.083621893, 1.02699737064, 1.32613193669, 0.979424986185, 3.29000053186, 1.00000065779, 566.099584803, 20.8721919192, 2568.98617638, 1.34048257373
1.24753624104, 1.08074916511, 1.60273275741, 0.804468195231, 2.83000006243, 1.03648010946, 1.67622331869, 1.26000084748, 1.14000079372, 3.57630595536, 2.36527606268, 1.05621951527, 3.04000045474, 1.06844383502, 0.931266076163, 1.00000060001, 1.00000015056, 1.08523112501, 3.07660416347, 0.986728337531, 1.00000006253, 123.661210183, 1.03532193168, 1.39320664079, 1.06037747339, 3.29000070436, 1.00000059688, 469.934765489, 19.9872696855, 1877.79040802, 1.60857908847
2.00403083104, 1.13987292578, 1.65534621153, 0.860224994021, 2.83000025468, 1.02168294097, 4.85131351597, 1.26000090011, 1.14000014204, 2.82442843513, 2.4297960132, 1.0606249615, 3.0400008884, 1.10548876968, 1.07775088353, 1.00000045712, 1.00000057998, 1.0686553567, 8.36999492848, 0.969576351871, 1.00000005366, 81.7744425547, 0.863057867167, 1.96916180865, 1.06930883504, 3.29000020494, 1.0000009502, 585.393119485, 25.9916154031, 1053.96523503, 1.34048257373
1.24753624104, 1.08618642577, 1.40917629146, 0.804468195231, 2.83000006243, 1.03648010946, 1.43860022444, 1.26000084748, 1.140000985, 3.25742170942, 2.36527606268, 1.09323165116, 3.04000045474, 1.06844383502, 0.908759879337, 1.00000060001, 1.00000015056, 1.08211025637, 6.97836729634, 0.978475553456, 1.00000006253, 123.661210183, 1.02144768024, 2.45534088276, 1.06882957438, 3.29000070436, 1.00000069474, 340.93458929, 30.4155398137, 1887.92813289, 1.34048257373
4.93094899741, 1.13461866024, 1.63270788165, 0.9552525852, 2.83000096408, 0.859581424109, 3.03032362561, 1.26000004766, 1.14000091213, 2.2161933373, 2.53341769336, 0.995163443471, 3.04000084791, 1.07594663098, 1.01105392706, 1.00000028544, 1.00000094476, 1.02666410048, 5.38581899584, 0.949254237587, 1.00000017146, 89.3975075515, 1.0632660948, 2.68774777362, 1.01987098886, 3.29000047354, 1.00000056991, 329.317978264, 22.0701057416, 5693.53901429, 1.60857908847
4.68301639236, 1.08433747125, 1.55376723214, 0.819857669866, 2.83000003809, 1.10550624957, 4.59560653282, 1.26000047529, 1.1400006816, 1.59549045247, 1.58474500837, 0.979206144686, 3.04000082439, 1.05800856291, 0.888731595829, 1.00000012737, 1.00000057783, 1.04077032108, 6.31841572254, 0.986728337531, 1.00000071873, 109.220524826, 0.916187501341, 3.95414310786, 1.06080214728, 3.29000022515, 1.00000055193, 567.785014454, 26.1263920374, 7529.50122068, 1.07238605898
2.86119388963, 1.03124843912, 1.61659051845, 0.99544610731, 2.83000030505, 1.06305071305, 4.14667216546, 1.26000092415, 1.14000033731, 1.29157046137, 3.09181095077, 1.08723113178, 3.04000084901, 1.0059027969, 0.988180089648, 1.00000040813, 1.00000038661, 1.01969033554, 6.65813781818, 0.938450851483, 1.00000041078, 123.160753058, 1.08848194626, 4.95725530339, 1.00139508514, 3.2900007484, 1.0000006472, 1841.71897729, 24.5631051547, 4696.73430185, 1.07238605898
4.59781857643, 1.00078756814, 1.58094047685, 0.873139144714, 2.83000099031, 1.05521928895, 5.27580606463, 1.26000071742, 1.14000094823, 3.06964722843, 1.74685402626, 1.08638574722, 3.04000099226, 1.03000316243, 0.958859521309, 1.00000003924, 1.00000033118, 1.01446461917, 7.42132630046, 0.96351413256, 1.00000003884, 78.3811317631, 0.881604547259, 2.45981181099, 1.06461132414, 3.29000032453, 1.000000201, 368.471100921, 23.4561383293, 3769.72926344, 1.34048257373
4.89671830075, 1.08637758739, 1.39249608865, 0.979413657552, 2.8300003043, 1.11778181085, 5.39865654017, 1.26000091084, 1.14000047742, 3.5001565561, 2.60273683538, 1.07723804638, 3.0400000499, 1.02326466859, 0.942194042949, 1.00000006221, 1.00000047697, 1.08849639615, 4.39585350638, 0.924964914325, 1.00000006875, 124.565795998, 0.898843131873, 3.90634651544, 1.06274915745, 3.29000063413, 1.00000049957, 427.864291915, 15.705942016, 995.576843438, 6.43431635389
4.89671830075, 1.08637758739, 1.65570986543, 0.979413657552, 2.8300003043, 1.11778181085, 5.39865654017, 1.26000091084, 1.14000047742, 3.5001565561, 2.60273683538, 1.01024027526, 3.0400000499, 1.03649070885, 0.942194042949, 1.0000004307, 1.00000047697, 1.08849639615, 4.39585350638, 0.924964914325, 1.00000006875, 124.565795998, 0.898843131873, 3.90634651544, 1.01572474658, 3.29000063413, 1.0000005945, 408.535877647, 16.7018908863, 2870.6335399, 3.21715817694
3.18430793111, 1.08068999899, 1.71598474391, 0.899679427603, 2.83000075879, 1.09313730348, 1.01982219652, 1.26000040635, 1.14000078436, 2.57050061867, 2.45981279625, 0.92588691101, 3.04000033197, 1.0739117449, 0.808321194311, 1.00000003614, 1.00000072552, 1.04225990183, 5.52450263687, 0.965104367785, 1.00000060522, 117.540043187, 1.02250060971, 4.4575749705, 1.05126043855, 3.29000080399, 1.00000076555, 299.616470642, 17.1868810336, 972.24168434, 3.21715817694
4.89671830075, 1.08637758739, 1.382289459, 0.979413657552, 2.8300003043, 1.11778181085, 5.39865654017, 1.26000091084, 1.14000047742, 3.5001565561, 2.60273683538, 1.07723804638, 3.04000012589, 1.00762272253, 0.853978762309, 1.00000003006, 1.00000025116, 1.08849639615, 4.39585350638, 0.924964914325, 1.00000006875, 124.565795998, 0.886930249781, 3.90634651544, 1.01572474658, 3.29000075926, 1.00000077177, 236.166195042, 15.8692314017, 858.689494075, 3.75335120643
3.83015064727, 1.10134377957, 1.45761469141, 0.817672602824, 2.83000085734, 1.05913029604, 4.38588553315, 1.26000097535, 1.14000080268, 2.913106704, 2.85300504225, 0.896909037361, 3.0400007193, 1.03966094481, 0.926425500909, 1.00000078971, 1.00000034748, 1.05903500483, 5.45851148839, 0.934478050603, 1.00000037764, 119.372725967, 0.977146784312, 4.65164998786, 0.999967475591, 3.29000046431, 1.00000098075, 289.745543347, 16.6020764917, 1580.9577793, 3.48525469169
3.729884048, 1.09442454239, 1.65570986543, 0.99915330821, 2.83000091879, 1.09765291551, 5.11793083005, 1.26000054707, 1.1400008006, 2.913106704, 1.8305898562, 1.05353800906, 3.04000014573, 1.09783847776, 0.78136855713, 1.00000082776, 1.00000006748, 1.08748832291, 4.6542782099, 0.912321641439, 1.00000099121, 83.3519991682, 0.987282448803, 2.36963862771, 0.970484421659, 3.2900008058, 1.00000080362, 358.342188297, 15.706787388, 1586.10823384, 3.48525469169
2.30767313151, 1.13536879294, 1.72059756108, 0.899679427603, 2.83000001368, 0.976937051889, 4.46990618069, 1.26000055289, 1.14000071877, 3.34733434804, 2.54782237706, 1.04409267939, 3.04000063512, 1.06672611457, 1.05013517054, 1.0000005242, 1.00000043654, 1.01413530633, 4.41836912671, 0.989826515234, 1.00000060202, 106.130648784, 1.05818914641, 2.29668622728, 1.0687436704, 3.29000015476, 1.00000094645, 583.185929377, 17.7129211575, 1570.18376352, 2.68096514745
4.68301639236, 1.10202961745, 1.55376723214, 0.819857669866, 2.83000003809, 1.10550624957, 4.59560653282, 1.26000047529, 1.1400006816, 1.51456859193, 1.58474500837, 0.979206144686, 3.04000081299, 1.05800856291, 0.888731595829, 1.00000012737, 1.00000057783, 1.04077032108, 6.31841572254, 0.986728337531, 1.00000071873, 109.220524826, 0.916187501341, 3.95414310786, 1.06080214728, 3.29000022515, 1.00000055193, 218.482442634, 19.4284741523, 2644.39991867, 2.14477211796
1.24753624104, 1.08074916511, 1.40917629146, 0.804468195231, 2.83000006243, 1.03648010946, 1.67622331869, 1.26000084748, 1.14000079372, 3.25742170942, 2.36527606268, 1.08875221021, 3.04000045474, 1.06844383502, 0.931266076163, 1.00000033119, 1.00000015056, 1.08523112501, 6.82787735648, 0.978475553456, 1.00000006253, 123.661210183, 1.02144768024, 1.39320664079, 1.06037747339, 3.29000070436, 1.00000059688, 333.333226534, 15.251599106, 998.409951182, 7.77479892761
2.14125917631, 1.03134447684, 1.72811428596, 0.94478067457, 2.83000097511, 1.00755529704, 4.49195049855, 1.26000040988, 1.14000008364, 3.42423655138, 1.90573194345, 1.0594999268, 3.04000050398, 1.06934557555, 0.885022778453, 1.00000051021, 1.00000095232, 1.05212517752, 6.04164733942, 0.97506072915, 1.00000075482, 98.5103179689, 0.874614659601, 3.29712211665, 1.06117312684, 3.2900008885, 1.00000066729, 225.994021249, 13.4883730081, 2694.25063305, 7.50670241287
3.83015064727, 1.10134377957, 1.45761469141, 0.817672602824, 2.83000085734, 1.05913029604, 4.38588553315, 1.26000097535, 1.14000080268, 2.913106704, 2.37945228356, 0.962140415598, 3.0400007193, 1.03966094481, 0.926425500909, 1.00000078971, 1.00000034748, 1.05903500483, 4.41836912671, 0.934478050603, 1.00000037764, 113.385974433, 0.977146784312, 4.65164998786, 0.999967475591, 3.29000046431, 1.00000098075, 1175.76459933, 30.1637556483, 1626.09841443, 0.0
3.09360205041, 1.01125111015, 1.68666754422, 0.951693143205, 2.83000063181, 1.08751562312, 2.01651224752, 1.26000079989, 1.14000015101, 2.309242257, 2.2943581182, 0.889685606209, 3.04000070723, 1.08897823221, 1.03148098329, 1.00000005195, 1.00000032749, 1.08523112501, 8.98339283483, 0.982775235526, 1.00000026238, 85.2911588219, 1.00274845518, 4.10115075439, 1.00213319472, 3.29000098479, 1.00000098945, 700.539703231, 35.6889293577, 7300.7841051, 0.536193029491
1.24373957644, 1.06702054106, 1.4913732166, 0.8498820793, 2.83000096915, 1.06197051342, 5.29314132312, 1.26000091981, 1.14000017967, 1.76994999414, 1.78517917119, 0.949152749133, 3.04000096979, 1.05308363791, 0.795693482369, 1.00000050016, 1.00000024356, 1.09375536455, 9.9717189679, 0.955980174725, 1.00000015886, 119.456541618, 0.971537876786, 1.17772154095, 0.970276035918, 3.29000068227, 1.00000004832, 1051.53595787, 41.4315540008, 1822.12158617, 1.07238605898
4.89671830075, 1.08637758739, 1.382289459, 0.979413657552, 2.83000071037, 1.13690544088, 5.39865654017, 1.26000091084, 1.14000047742, 3.5001565561, 2.60273683538, 1.07723804638, 3.04000012589, 1.0701301931, 0.808321194311, 1.00000003006, 1.00000018176, 1.08849639615, 4.39585350638, 0.924964914325, 1.00000006875, 124.565795998, 0.943005181258, 3.81429183944, 1.01572474658, 3.29000075926, 1.00000077177, 1652.87870326, 28.522624282, 2457.49751781, 2.14477211796
3.37712672406, 1.08707829619, 1.43365490369, 0.871756904621, 2.83000062825, 0.943833079563, 4.23921371065, 1.26000024365, 1.14000093676, 1.59176055543, 2.311491755, 0.965252363064, 3.0400003258, 1.08450261003, 0.968599098827, 1.0000009445, 1.00000052594, 1.08799438829, 7.90547993867, 0.954682946357, 1.00000034116, 116.833258529, 1.07075813887, 4.17265624649, 0.969456907186, 3.29000092258, 1.00000027576, 606.464868686, 18.7101342958, 861.735073057, 4.28954423592
2.25285300632, 1.13570294937, 1.41447708735, 0.858079545112, 2.83000021972, 1.04493754066, 3.48220319613, 1.26000044076, 1.14000047678, 2.73932253905, 3.10851287057, 0.929362198437, 3.04000025324, 1.03788479863, 0.825399903775, 1.00000071192, 1.00000064458, 1.10285901779, 9.53203982414, 0.984779277783, 1.00000068012, 94.1863765022, 0.864751904474, 2.69422636299, 1.03276996092, 3.29000064962, 1.0000003675, 712.211333543, 38.4140953068, 5845.52754817, 0.0
3.75512345925, 1.11646670175, 1.50563282171, 0.963415016268, 2.83000031729, 0.998853897193, 5.99492809121, 1.26000003598, 1.14000002766, 3.13449970662, 3.07022403357, 0.940338892699, 3.0400004563, 1.03412918246, 1.07215122745, 1.00000091377, 1.00000080762, 1.02762398478, 4.33843498579, 0.934397664509, 1.00000034941, 85.5380782144, 1.06168364044, 1.81958515601, 1.00605424235, 3.29000075612, 1.00000014133, 446.640207039, 16.8474918918, 1546.26377931, 4.28954423592
1.61543164471, 1.12874530171, 1.66695664572, 0.991884160028, 2.830000006, 1.15653178987, 1.12101471195, 1.26000051718, 1.14000085591, 3.26095921848, 1.63653837801, 0.981253106342, 3.04000051297, 1.11964954796, 0.869657155124, 1.00000033119, 1.00000094609, 1.02183962814, 9.74713249711, 0.915709315199, 1.00000011303, 87.6032253123, 0.858861710472, 2.45534088276, 1.02575017855, 3.29000000235, 1.00000054276, 467.380468516, 24.0673651875, 3879.83092213, 1.34048257373
4.32983562609, 1.07178197795, 1.53060534135, 0.966527045907, 2.8300009573, 1.14037682535, 3.54284129612, 1.26000048103, 1.1400006783, 2.37639900879, 1.65550562183, 1.01549929091, 3.04000094183, 1.00422704971, 0.781278530392, 1.00000029644, 1.00000042902, 1.06165003965, 9.87332063682, 0.980761049735, 1.00000078628, 104.46560953, 0.863466542598, 4.50535767866, 1.04297132904, 3.29000096593, 1.00000066887, 1128.08560833, 25.9905116028, 6784.03297435, 0.536193029491
3.83015064727, 1.10134377957, 1.45761469141, 0.817672602824, 2.83000085734, 1.05913029604, 4.48669527964, 1.26000097535, 1.14000080268, 2.913106704, 3.00526811731, 0.962140415598, 3.0400007193, 1.03966094481, 0.926425500909, 1.00000078971, 1.00000034748, 1.05903500483, 4.41836912671, 0.934478050603, 1.00000037764, 113.385974433, 1.05657013674, 4.65164998786, 0.999967475591, 3.29000046431, 1.00000098075, 285.488644486, 28.0119454638, 1251.82784062, 3.21715817694
1.24373957644, 1.04816037541, 1.424098274, 0.824291424696, 2.83000097117, 1.16191876392, 2.282465605, 1.26000055289, 1.14000062855, 1.76994999414, 2.1626922483, 0.949152749133, 3.04000096979, 1.078168159, 1.06799465889, 1.00000050016, 1.00000024356, 1.09375536455, 9.74713249711, 0.933302569179, 1.00000015886, 123.865218049, 0.97377121965, 1.17772154095, 0.958873440269, 3.29000081448, 1.00000098986, 354.37220681, 16.4021355967, 3420.95068497, 4.02144772118
2.25285300632, 1.13570294937, 1.41447708735, 0.858079545112, 2.83000021972, 1.04493754066, 3.48220319613, 1.26000044076, 1.14000047678, 2.73932253905, 3.10851287057, 0.929362198437, 3.04000025324, 1.03788479863, 0.825399903775, 1.00000071192, 1.00000064458, 1.10285901779, 9.53203982414, 0.984779277783, 1.00000068012, 94.1863765022, 0.864751904474, 2.69422636299, 1.03276996092, 3.29000064962, 1.0000003675, 765.506831326, 23.5805924558, 1849.83614955, 2.68096514745
