1.0, -1.0, -1.0, 0.0, 3.0, 2.0, 0.0, 1.0, 2.0, 0.0, 3.0, 1.0, 3.0, 0.0, 1.0, 3.0, 2.0, 0.0, 3.0, 1.0, 3.0, 2.0, 1.0, 2.0, 0.0, -1.0, 1.0, -1.0, 2.0, -1.0, 2.0, 2.0, 2.0, -1.0, 2.0, 1.0, 2.0, -1.0, 2.0, 1.0, 0.0, 0.0, 3.0, 1.0, 1.0, 0.0, 0.0, 0.0, 0.0, -1.0, 94442.0, 637.0, 99440.0
1.0, 2.0, 0.0, 1.0, 3.0, 1.0, 1.0, 1.0, 3.0, 0.0, 3.0, 2.0, 3.0, 2.0, 0.0, 1.0, -1.0, 1.0, 2.0, 0.0, 3.0, 1.0, -1.0, 0.0, 3.0, 2.0, 1.0, 0.0, 2.0, 0.0, 1.0, 0.0, 2.0, 1.0, 2.0, 0.0, 0.0, 3.0, -1.0, 0.0, 0.0, -1.0, 1.0, 2.0, 2.0, 3.0, 1.0, 1.0, -1.0, 2.0, 94254.0, 683.0, 99400.0
0.0, -1.0, 1.0, -1.0, 2.0, 2.0, 1.0, 0.0, 1.0, 3.0, 2.0, 0.0, 2.0, 0.0, -1.0, 0.0, -1.0, 2.0, 0.0, 2.0, 2.0, 1.0, 1.0, 1.0, 1.0, 0.0, 1.0, -1.0, 1.0, 2.0, 1.0, -1.0, 0.0, 0.0, -1.0, 0.0, 0.0, 0.0, 3.0, -1.0, 3.0, 2.0, 0.0, 2.0, 2.0, 2.0, 1.0, 0.0, 1.0, 1.0, 94218.0, 645.0, 99443.0
0.0, 0.0, 2.0, 2.0, 2.0, 1.0, 3.0, 2.0, 0.0, 3.0, 2.0, 1.0, -1.0, 0.0, 3.0, 1.0, 0.0, 2.0, 0.0, 3.0, 2.0, 0.0, 0.0, 1.0, 3.0, 3.0, 3.0, 2.0, 0.0, 1.0, 1.0, 2.0, 2.0, 0.0, 1.0, 1.0, -1.0, 1.0, 2.0, -1.0, 0.0, 3.0, 1.0, 0.0, -1.0, -1.0, 0.0, 2.0, 2.0, 2.0, 94232.0, 683.0, 99402.0
1.0, -1.0, -1.0, 0.0, 3.0, 2.0, 0.0, 1.0, 2.0, 0.0, 3.0, 1.13938959539, 3.0, 0.0, 1.0, -0.880236689147, 2.0, 0.0, 3.0, 1.0, 3.0, 2.0, 1.0, 2.0, 0.0, -1.0, 1.0, -1.0, 2.0, -1.0, 2.0, 2.0, 2.0, -1.0, 2.0, 1.0, 2.0, 0.46944504503, 2.0, 1.0, 0.0, 0.0, 3.0, 1.0, 1.0, -0.235190545268, 0.0, 0.0, 0.0, 1.8374038768, 94280.0, 655.0, 99428.0
0.728543346296, 2.0, 2.0, 2.0, 3.0, -1.0, -1.0, 0.0, 1.0, 2.0, -0.240893912826, 0.0, 1.0, 0.0, 1.0, 2.0, -1.0, 1.0, 2.0, 3.0, -1.0, 2.0, 1.0, -1.0, 3.0, 2.0, 1.0, 1.61756596748, 1.0, -1.0, -1.0, -1.0, 0.0, -1.0, -1.0, 2.0, 1.0, 1.0, 3.0, 0.0, -1.0, -1.0, 0.0, -1.0, 1.28791242339, 2.0, -1.0, 0.0, -1.0, 2.54653507272, 95621.0, 519.0, 99547.0
0.0, 3.0, 2.0, 0.0, 1.0, 2.46111253143, 0.0, 2.0, 3.0, 2.0, 0.0, 1.0, 2.0, 1.0, 1.28542983539, 0.0, -1.0, 1.06887250034, 3.0, 1.00716251868, 0.748914279047, 0.0, -1.0, 2.0, 0.0, -0.762701626713, 0.0852026099632, 0.0, -1.0, 3.0, 2.0, -1.0, 3.0, 1.0, 0.0, 1.0, -1.0, 1.0, 2.68276081355, 0.0, 0.79071982997, 0.0, 3.0, 0.0, 3.0, 2.0, 0.0, -0.258879398741, 2.0, 3.0, 93972.0, 679.0, 99404.0
-1.0, 0.0, 1.0, 0.0, 3.0, 2.0, 1.0, 2.0, 1.0, 2.0, 0.0, 0.0, 2.0, 0.0, 2.02122657037, 0.0, -1.0, 3.0, 3.0, 0.0, 2.0, -1.0, 1.0, 0.0, 3.0, -1.0, 2.0, -1.0, 0.0, 0.0, 1.0, 3.0, -1.0, 2.0, 3.0, 2.0, 1.0, 0.0, -0.468245798275, 2.0, 0.0, 1.0, 3.0, 3.0, 0.0, 2.0, 1.0, 2.0, 2.0, 1.33296493696, 94428.0, 672.0, 99414.0
2.0, 0.0, 2.0, 2.0, 0.0, 0.0, 1.0, -1.0, 3.0, 0.0, 0.0, 2.0, 1.0, 2.0, 3.0, 0.0, 3.0, 1.0, 3.0, 2.0, -1.0, 3.0, 0.0, -1.0, 0.0, -1.0, 3.0, -1.0, 0.0, -1.0, 0.0, 2.0, 2.0, 1.0, 1.0, 2.168599925, 0.0, 2.0, 2.0, 1.0, 1.0, -1.0, -1.0, 3.0, 1.0, 1.0, 3.0, -1.0, 0.0, -1.0, 94959.0, 607.0, 99464.0
0.0, 0.0, -1.0, 2.0, -1.0, 0.0, 1.0, -1.0, 1.0, -1.0, 2.0, 0.0, 1.0, 0.0, 0.0, 3.0, 3.0, 3.0, 0.0, -1.0, 1.0, 1.0, 1.0, 2.0, 0.0, 1.0, 2.0, -1.0, -1.0, 2.0, 2.0, -1.0, -1.0, 0.0, 2.0, -1.0, 1.0, 0.0, 1.0, 0.0, 1.0, 2.0, 2.0, 0.0, 3.0, 3.0, 2.0, 0.0, 2.0, 2.0, 94594.0, 616.0, 99468.0
-0.466360318803, -1.0, 2.0, -1.0, 1.22334414528, 1.0, -1.0, 1.0, 0.0, 2.0, 0.0, -0.976645594603, 0.0, 0.0, 2.0, 1.0, 0.0, 2.0, 3.0, 3.0, 2.0, 0.0, 2.0, 3.0, 2.0, 2.0, 3.0, 2.0, -1.0, -1.0, 2.0, -1.0, -1.0, -1.0, 0.0, 1.0, -1.0, 0.0, 2.0, 2.0, 1.0, 2.0, 0.0, 1.0, 0.0, 0.0, 3.0, -0.616243408557, -1.0, -1.0, 95067.0, 569.0, 99510.0
0.0, 0.0, 2.0, 2.0, 2.0, 1.0, 3.0, 2.0, 0.0, 3.0, 2.0, 1.0, -1.0, 0.0, 0.0, 1.0, 0.0, 2.0, 0.0, 3.0, 1.30277411973, 0.0, 0.0, 1.0, 3.0, 2.59736204647, 3.0, 2.0, 0.0, 1.0, 1.0, 2.0, 2.0, 0.0, 1.0, 1.49435275672, -1.0, 1.0, 2.0, 2.0, 0.0, -0.422529047383, 1.0, 0.0, -1.0, -1.0, 0.0, 2.0, 2.0, -0.305583730418, 93836.0, 699.0, 99392.0
-1.0, -1.0, 0.0, 0.0, 2.0, 3.0, 0.0, 1.0, 2.0, 1.85174725777, 1.0, 2.0, -1.0, 0.0, 0.0, 0.00639919648133, 0.0, 2.0, 1.0, -1.0, 1.0, -1.0, 0.0, 3.0, -1.0, -1.0, 1.0, 0.0, 2.0, 0.0, -1.0, 0.0, 1.0, -1.0, -0.283060405869, 0.201519633786, 1.0, 2.47283069562, 3.0, 1.0, 0.0, 2.0, -1.0, -1.0, 0.0, 3.0, -1.0, 2.0, 3.0, -0.724327270754, 95024.0, 562.0, 99518.0
1.0, 2.0, 0.0, 0.324818449555, 3.0, 1.0, 1.0, 1.0, 3.0, 1.77148319124, 3.0, 2.0, 3.0, 2.0, -0.852716456964, 1.0, -1.0, 1.0, 2.0, 0.0, 3.0, 1.0, -1.0, 0.0, 3.0, 2.0, 0.63370371911, 0.0, 2.0, 0.0, 1.0, 0.0, 2.0, 1.0, 2.0, 1.63053246491, 0.0, 3.0, -1.0, 0.0, 0.0, -1.0, 1.0, 2.0, 2.96824671804, 3.0, 1.0, 1.0, -1.0, 2.0, 94481.0, 672.0, 99410.0
2.0, 0.0, 2.40386883003, 2.0, 0.0, -0.401573284078, -1.0, -1.0, 1.66698377288, 0.0, 0.0, 2.0, 1.0, 2.0, 3.0, 0.0, 3.0, 1.0, 3.0, 2.0, -1.0, 3.0, 0.0, -1.0, 0.0, -1.0, 3.0, -1.0, 0.0, -1.0, 0.0, 2.0, 0.536460513452, 1.0, 1.0, -1.0, 0.0, 0.269119786591, 2.0, 1.0, 1.0, -1.0, -1.0, 3.0, 1.0, -0.0136628790583, 3.0, -1.0, 0.0, 1.22726859345, 94919.0, 590.0, 99474.0
0.0, -1.0, 1.0, -1.0, 2.0, 2.0, 1.0, 0.0, 1.0, 3.0, 2.0, 0.0, 2.0, 0.0, 1.96207344683, 0.0, -1.0, 2.0, 0.0, 2.0, 2.0, 1.0, 1.0, 1.0, 1.0, 0.0, 2.4327320851, -1.0, 1.0, 2.0, 1.0, -1.0, 0.0, 0.0, -1.0, 0.0, -0.212012240439, 0.0, 3.0, -1.0, 3.0, -0.0570844970739, 0.0, 2.0, 2.0, 2.0, 1.0, 0.0, 1.0, 1.0, 94088.0, 656.0, 99433.0
2.0, 0.0, 0.0, 1.0, 2.0, 2.0, -1.0, 0.0, 3.0, 3.0, 2.0, 3.0, 0.0, 1.0, 3.0, -1.0, 1.0, 1.0, 2.0, 1.0, 2.0, 0.0, -1.0, 2.0, 1.0, 0.0, 3.0, 1.0, 0.0, 2.0, 2.0, 1.0, 3.0, 1.0, 0.0, 2.27181857533, 2.0, 2.0, 0.0, 3.0, 1.0, 2.0, 1.0, 1.0, 0.0, -0.0677357666762, 0.0, 0.0, 0.0, 2.0, 93974.0, 720.0, 99387.0
0.0, -1.0, 2.0, -1.0, 1.58912486193, 1.0, -1.0, 1.0, 0.0, 2.0, 0.0, 0.0, 0.0, 0.0, 2.0, 1.0, -0.634571109082, 2.0, 3.0, 3.0, 2.0, 0.0, 2.0, 3.0, 2.0, 2.0, 3.0, 2.0, -1.0, -1.0, 2.0, -1.0, -1.0, -1.0, 0.0, 1.0, -1.0, 0.0, 2.0, 1.20925397372, 1.0, 2.0, 0.0, 1.0, 1.0, 0.0, 3.0, 2.0, -1.0, -1.0, 94793.0, 579.0, 99482.0
0.728543346296, 2.0, 2.0, 2.0, 3.0, -1.0, -1.0, 0.0, 1.0, 2.0, -0.240893912826, 0.0, 1.0, 0.0, 1.0, 2.08866152404, -1.0, 1.0, 2.0, 3.0, -1.0, 2.0, 1.0, -1.0, 3.0, -1.0, 2.14564713691, 1.61756596748, 1.0, -1.0, -1.0, -1.0, 0.0, -1.0, -1.0, 2.0, 1.0, 1.0, 3.0, 0.0, -1.0, 0.583373877689, 0.0, -1.0, 1.28791242339, 2.0, -1.0, -0.948088031376, -1.0, 2.54653507272, 95801.0, 511.0, 99558.0
-1.0, 0.0, 1.0, 0.0, 3.0, 2.0, 1.0, 2.0, 1.0, 2.0, -0.0316106480805, 0.0, 2.0, 0.0, 2.02122657037, 0.0, -1.0, 3.0, 3.0, 0.0, 2.0, -1.0, 1.0, -0.165139354049, 3.0, -1.0, -0.77979886752, -1.0, 0.0, 0.0, 1.0, 3.0, -0.798054668191, 2.0, 3.0, 2.0, 1.0, 0.0, 0.0207522223219, 2.0, -0.176702555278, 1.0, 3.0, 3.0, 0.0, 2.0, 1.0, 2.0, 2.0, 1.33296493696, 94522.0, 656.0, 99427.0
0.372252194992, 2.0, 0.848747548322, 1.0, 3.0, 1.0, 0.674157765089, 1.0, 3.0, 0.0, 3.0, 2.0, 3.0, 2.0, 0.0, 2.26296226121, -1.0, 1.0, 2.0, -0.979710367788, 3.0, 1.0, -1.0, 0.0, 2.33634801861, 1.66916311099, 1.0, 0.0, 2.0, 0.0, 1.0, 0.562505111748, 2.0, 1.0, 2.0, 0.0, 0.0, 3.0, -1.0, 0.0, 0.0, -1.0, 1.0, 2.0, 2.0, 3.0, 3.0, 1.0, -0.785450048024, 2.0, 94580.0, 665.0, 99414.0
0.0, 3.0, 2.0, 0.0, 0.259744823383, 2.0, 0.0, 2.0, 3.0, 2.0, 0.0, 1.0, 1.35118771837, 1.0, 1.0, 0.0, -1.0, 1.0, 3.0, 2.0, 1.0, 0.178141079158, -1.0, 2.0, 0.0, 1.0, 2.0, -0.21226873658, -0.323808804227, 3.0, 2.0, -1.0, 3.0, -0.260356605477, 0.0, 1.0, -1.0, 1.0, -1.0, 0.0, 1.0, 0.0, 3.0, 0.0, 3.0, -0.370683526255, 0.0, 0.0, 2.0, 3.0, 93795.0, 692.0, 99403.0
1.0, 2.0, 3.0, -1.0, 2.41441276836, 1.0, 0.0, 0.0, 2.0, -1.0, 2.0, 0.0, 2.0, 2.0, 0.0, 0.0, 1.0, 1.0, 2.0, 0.0, 2.0, 3.0, 3.0, 1.0, 3.0, -1.0, 1.0, 2.0, -1.0, 3.0, 1.0, 3.0, 0.0, 1.0, 3.0, -1.0, 3.0, 1.0, -0.707381345673, 0.0, 3.0, 3.0, 2.0, 0.0, -1.0, 1.0, 2.0, -0.0763991887963, -1.0, 1.6984518789, 94791.0, 648.0, 99431.0
-0.280118590241, 1.0, 2.0, -1.0, -1.0, -1.0, 2.0, -1.0, 2.0, 2.0, -1.0, 1.0, 2.0, 2.0, 2.0, 0.0, -0.606656766892, 0.0, -1.0, 2.13756984214, 2.0, 0.0, 0.0, 3.0, 2.0, 2.0, -1.0, 1.0, 0.0, 0.0, 1.0, 2.0, 0.0, 0.0, 0.0, 0.974441713107, 1.0, 1.0, -1.0, -1.0, 1.0, 1.0, -1.0, 0.0, 0.691354977029, 2.0, -1.0, -1.0, 3.0, -1.0, 95036.0, 557.0, 99519.0
1.0, 2.0, 0.0, 1.0, 3.0, 1.0, 1.0, 1.0, 3.0, 0.0, 3.0, 2.0, 3.0, 2.0, 0.0, 1.0, -1.0, 0.572278553232, 2.0, 0.0, 3.0, 1.0, 2.0951678644, 0.0, 1.37973023294, 2.0, 1.0, 0.0, 2.0, 0.0, 1.0, 0.0, 2.46186090309, 1.0, 2.0, 0.0, 0.0, 3.0, -1.0, 0.0, 0.0, -1.0, 1.0, 2.0, 2.0, 3.0, 1.0, 1.0, -1.0, 2.0, 94118.0, 698.0, 99389.0
0.0, 1.8257950403, 2.0, 0.0, -1.0, 1.0, 0.0, -1.0, -1.0, 0.0, 2.86231906068, -1.0, -1.0, 0.0, 0.0, 1.0, -1.0, -1.0, 1.0, 0.0, 2.0, 0.0, 3.0, -1.0, 2.0, 0.0, 2.0, -0.310791915108, -1.0, 2.0, 3.0, 1.0, 1.0, 0.0, 1.0, -1.0, 3.0, -1.0, 0.0, 2.0, 0.951826886255, 1.0, 2.0, 3.0, 2.0, 1.08756401203, 1.0, 0.0, 1.0, 2.0, 94656.0, 604.0, 99467.0
2.0, 0.0, 2.0, 2.0, 0.0, -0.538029796933, -1.0, 2.0, 3.0, 0.0, 0.0, 2.0, 1.58636558502, 2.0, 3.0, 0.0, 2.98724809128, 1.0, 3.0, 2.0, -0.286768132556, 3.0, 0.0, -1.0, 0.0, -1.0, 3.0, -1.0, 0.0, -1.0, 0.595830648327, 2.0, 2.0, 1.0, 1.0, -1.0, 0.0, 2.0, 2.0, 1.0, 1.18169520632, -1.0, -1.0, 3.0, 1.0, 1.0, 3.0, -1.0, -0.80517371174, -1.0, 95324.0, 572.0, 99490.0
-1.0, 0.0, 3.0, 3.0, 1.0, 2.0, 1.0, 2.0, -1.0, 0.0, -1.0, -1.0, 2.0, 3.0, 1.0, -1.0, -1.0, -1.0, 0.0, 1.35902417897, 3.0, 0.0, -1.0, 2.16351321432, -1.0, 2.19178728483, 1.0, 2.0, 1.0, 0.0, 0.395490177284, 2.09933737477, 0.0, 1.0, 0.0, 1.0, 1.0, 0.0, -1.0, 2.0, 0.0, 2.04784427416, -1.0, 2.0, -1.0, 2.0, 0.0, 0.0, -1.0, 2.0, 95136.0, 567.0, 99507.0
0.0, 0.520431209899, 2.0, -1.0, -1.0, -1.0, 2.0, -1.0, 2.0, 2.0, -1.0, 1.0, 2.0, 2.1852948023, 2.0, -0.80632392841, -1.0, 0.0, -1.0, 1.0, 2.0, 0.0, 0.913544239559, 3.0, 2.0, 2.0, -1.0, -0.948037850949, 0.0, 0.0, 1.0, 2.0, 0.0, 0.0, 0.0, 3.0, 1.0, 0.159103789419, -1.0, -1.0, 1.0, 1.0, -1.0, 0.0, 3.0, 2.0, -1.0, -1.0, 3.0, -1.0, 95484.0, 526.0, 99549.0
0.728543346296, 2.0, 2.0, 2.0, 3.0, -1.0, -1.0, 0.0, 1.0, 2.0, -0.240893912826, -0.824966715763, 1.0, 0.0, 1.0, 2.0, -1.0, 1.0, 2.0, 3.0, -1.0, 2.0, 1.0, -1.0, 3.0, 2.0, 1.0, 1.61756596748, 1.0, -1.0, -1.0, -1.0, 0.0, -1.0, -1.0, 2.0, 1.0, 1.0, 3.0, 0.0, -1.0, -1.0, 0.0, -1.0, 1.28791242339, 2.0, -1.0, 0.0, -1.0, 2.54653507272, 95834.0, 502.0, 99563.0
1.0, 2.0, 1.0, 1.09493232468, -0.493842821182, 2.46111253143, 2.56211330399, -1.0, 2.36000856191, 0.0, 3.0, 2.0, 1.0, 2.0, 2.0, 0.711206181103, 3.0, 1.0, 0.0, 2.0, 1.0, 3.0, 2.0, 1.0, -1.0, -1.0, -0.049983283692, 0.0, 0.867164880009, -1.0, -1.0, -0.251773586126, 1.99919040228, 0.0, 3.0, 3.0, -1.0, -1.0, 2.0, -1.0, 0.0, 1.0, 3.0, 1.0, 0.387644057352, 3.0, 1.15819474326, 2.0, 0.0, -1.0, 94699.0, 631.0, 99444.0
0.0, -1.0, 1.0, -1.0, 2.0, 2.57282207093, 0.30150541121, 0.0, 1.0, 3.0, 2.0, 0.0, 2.0, 0.0, -1.0, 0.0, -1.0, 2.0, 0.0, 2.0, 2.0, 1.0, 1.0, 1.0, 1.0, 0.0, 1.0, -1.0, 0.885806117511, 2.0, 1.0, -1.0, 0.0, 0.0, -1.0, 0.0, 0.0, 0.0, 3.0, -1.0, 3.0, 2.0, 0.0, -0.162305486757, 2.0, -0.594221262236, 0.227811203973, -0.552250613825, 1.0, 1.0, 94453.0, 617.0, 99473.0
-0.466360318803, -1.0, 2.0, -1.0, 1.22334414528, 1.0, -1.0, 1.0, 0.0, 2.0, 0.0, -0.976645594603, 0.0, 0.0, 2.0, 1.0, 0.0, -0.0449114138947, 3.0, 2.70121504674, 2.0, 0.0, 2.0, 3.0, 2.0, 2.0, 2.20801403829, 2.0, -1.0, -1.0, 2.0, -1.0, -1.0, -1.0, 0.0, 1.0, -1.0, 0.0, 2.0, 2.0, 1.0, 2.0, 0.0, 1.0, 0.0, 0.0, 3.0, -0.616243408557, 0.418967790897, -1.0, 94791.0, 588.0, 99498.0
-1.0, 0.159311814431, 2.0, 1.0, 2.0, -1.0, -1.0, 1.0, 0.947681380703, 0.0, -1.0, 2.0, 0.0, 2.0, 2.48328218347, -1.0, 1.11648170483, 1.0, -0.204003357408, 1.0, 1.0, -0.180035690022, 0.0, 2.95915901842, 0.0, 2.0, 1.0, 1.0, 1.0, 2.0, -0.717134889953, 2.0, -1.0, 0.0, -1.0, 0.0, -1.0, 1.0, 1.0, 1.0, -1.0, -1.0, 2.0, -1.0, 0.0, -0.738114215555, -1.0, 1.0, -1.0, 2.0, 95444.0, 530.0, 99560.0
1.0, 3.0, 0.0, 0.0, 1.0, 0.0, 1.17017438317, 1.0, 1.0, 1.0, 3.0, 2.0, 0.0, 2.0, 0.0, 2.0, 0.0, 0.0, 3.0, 0.505437127097, 3.0, 3.0, 0.0, 2.0, -1.0, 2.0, 0.0, -1.0, 2.0, 3.0, 1.0, 0.192988694904, 0.0577196256802, -0.541560794789, 2.0, 2.0, 0.0, 1.0, 2.0, 2.0, 0.0, 2.0, 1.0, 0.95089476719, -1.0, 1.0, -1.0, 2.04386101903, -1.0, 0.0, 94112.0, 662.0, 99419.0
1.0, 2.0, 0.0, -1.0, 3.0, 2.0, 0.0, -0.0566887542148, 2.0, 0.0, 1.0, 1.0, 0.0, 2.5538581709, 2.0, 0.0, -1.0, 1.0, 3.0, -1.0, 0.0, -0.172078967229, -1.0, -1.0, 0.0, 1.0, 2.0, 2.0, -1.0, 1.0, 1.0, 3.0, -0.179831961156, 0.996645792175, 1.0, -1.0, -1.0, 0.0, 2.0, 0.0, 2.0, 0.0, 2.0, -0.90143129521, 1.13926635806, 3.0, -1.0, 1.0, 0.0, 1.0, 94402.0, 621.0, 99455.0
0.0, -1.0, 2.0, -1.0, 1.58912486193, 1.0, -1.0, -0.679840908655, 0.0, 2.08601003663, 0.0, 0.0, 0.0, 0.0, 2.0, 0.573506876889, -0.634571109082, 2.0, 3.0, 3.0, 2.0, 0.0, 2.0, 3.0, 2.0, 2.0, 3.0, 2.0, -1.0, -1.0, 2.0, -1.0, -1.0, -1.0, 0.0, 1.0, -1.0, 0.0, 2.0, 1.20925397372, 1.0, 2.0, 0.0, 1.0, 1.0, 0.821370476787, 3.0, 2.0, -1.0, 0.0, 94804.0, 579.0, 99476.0
0.728543346296, 2.0, 2.0, 2.0, 3.0, -1.0, -1.0, 0.0, 1.0, 2.0, -0.240893912826, 0.0, 1.0, 0.0, 1.0, 2.08866152404, -1.0, 1.0, 2.0, 3.0, -1.0, 2.0, 1.0, -1.0, 3.0, -1.0, 2.14564713691, 1.61756596748, 1.0, -1.0, -1.0, -1.0, 0.0, -1.0, -1.0, 2.0, 1.0, 0.700581872211, 3.0, 0.0, -1.0, 0.583373877689, 0.0, -1.0, 0.584219126084, 2.0, -1.0, -0.948088031376, -1.0, 2.54653507272, 95801.0, 511.0, 99558.0
2.0, 0.0, 0.0, 1.0, 2.0, 2.06810512922, -1.0, 0.0, 3.0, 3.0, 2.0, 1.44401474849, 0.262080341706, 1.17280554035, 2.59278705626, 2.0, 1.96310616689, -0.049047481801, 2.25809050475, 0.650268482847, 2.0, 0.0, -1.0, 2.33815580991, 1.0, 0.0, 3.0, 1.0, -0.866556285302, 2.0, 2.0, 1.0, 3.0, 2.81461917662, 0.0, 3.0, 2.0, 2.0, 0.947734829981, 3.0, 1.0, 2.0, 1.0, -0.123607047824, 0.0, 1.0, 0.0, 0.0, 0.0, 2.0, 93905.0, 721.0, 99378.0
0.0, 2.60908646672, 2.0, 0.137746203175, 0.259744823383, 2.0, 0.0, 2.0, 3.0, 2.0, 0.0, 1.0, 2.69328865207, 1.0, 1.0, 0.0, -1.0, 1.0, 3.0, 2.0, 1.0, -0.451483467202, -1.0, 2.0, 0.0, 1.0, 2.0, -0.21226873658, -0.323808804227, 3.0, 2.0, -1.0, 3.0, -0.260356605477, -0.952789585992, 1.0, -1.0, 1.0, -1.0, 0.0, 1.0, 0.0, 3.0, 0.0, 3.0, -0.536403839855, 0.0, 0.0, 2.0, 3.0, 94272.0, 661.0, 99432.0
1.0, 2.0, 3.0, 1.79715126483, 2.41441276836, 1.0, -0.377515903277, 0.0, 2.0, -1.0, 2.0, 0.0, 2.0, 2.0, 0.0, 0.0, 1.0, -0.265969422843, 2.0, 0.0, 2.0, 3.0, 3.0, 1.0, 3.0, -1.0, 1.50391082279, 2.0, -1.0, 0.327157237719, 1.0, 3.0, 0.0, 1.0, 3.0, -1.0, 3.0, 1.0, -0.707381345673, 0.0, 3.0, 3.0, 2.0, 2.36226354257, 0.213104331034, 1.0, 2.0, -0.0763991887963, -1.0, 1.6984518789, 94547.0, 676.0, 99407.0
0.0, 2.33313146752, 2.0, 1.0, 0.0, 1.09932589389, 3.0, -0.658367772681, 2.0, 2.0, 2.0, 2.0, 0.233741177688, 0.0, 1.0, 0.0, -1.0, -1.0, 1.0, 1.0, -1.0, -1.0, -0.653110670238, -1.0, 2.0, 0.0, 3.0, 1.0, -0.995521446144, 0.0, 1.34721927385, -1.0, 1.19716960512, 1.0, 1.17302918296, 1.0, 2.58398062409, 2.0, -1.0, 2.0, -1.0, -1.0, -0.732831975939, 3.0, 2.0, 2.0, 2.0, 2.0, -0.523996768839, -1.0, 95583.0, 529.0, 99540.0
3.0, 2.63242066433, 1.44788114879, 2.0, 3.0, -1.0, -1.0, 0.0, 1.0, 2.0, 1.0, 0.0, 0.0, 0.0, 1.0, 0.0, -1.0, 1.0, 2.0, 3.0, -1.0, 2.0, 1.0, -1.0, 3.0, 2.0, 1.0, 2.01546533408, 1.0, -1.0, -1.0, -1.0, 0.0, -1.0, -1.0, 2.0, 1.0, 1.0, 3.0, 0.0, -1.0, -1.0, 0.0, -1.0, -0.718669109328, 2.0, -1.0, -0.555096866419, 0.30984016531, 0.0, 95735.0, 509.0, 99563.0
-0.0595763127658, 1.98051950879, -0.26203116928, 1.10891929744, 1.0, 2.0, 1.0, 0.168835833801, 1.0, 0.0, -1.0, 0.0, 1.0, 2.0, -1.0, 2.0, 2.0, 1.0, 1.0, 2.0, 3.0, 0.0, 0.0, 2.0, 2.0, 3.0, 1.0, 1.0, 0.0, 0.0, 1.0, 0.180029494945, 2.0, 0.180151682678, 0.334941886413, 2.0, -1.0, 1.0, -1.0, 2.0, 1.0, 2.0, 2.0, -1.0, 2.0, 0.0, 0.0, -1.0, -1.0, -1.0, 94211.0, 651.0, 99447.0
3.0, 2.04149711334, 0.0, 2.0, 1.0, 1.49946858938, 3.0, 2.0, 0.0, 1.0, 2.6064527174, 2.0, 2.0, 1.99324249471, 1.0, 0.0, 1.0, 0.0, 3.0, 2.0, 1.62916483749, -0.231622669694, 1.0, 1.0, 0.0, 0.0, 2.0, 2.0497398866, 3.0, 0.0, 0.528406283459, 1.0, 0.0, -1.0, 3.0, -1.0, 2.0, 0.0, 0.0, -1.0, 3.0, 1.0, 0.0, -1.0, -0.709416716674, 0.0, 3.0, 2.0, -1.0, 2.0, 94488.0, 668.0, 99412.0
0.557866547207, -1.0, 0.0, 1.0, 0.0, 2.84121671699, 0.915032323444, 3.0, 2.40062588627, 0.0, 3.0, -0.379956397726, 2.0, 3.0, 0.894802649337, 2.0, 2.0, 1.0, 2.0, 0.0, 3.0, 0.0, 0.0, -1.0, 0.0, 2.50841370741, -0.104692713562, 1.0, 3.0, 2.54329351488, 2.0, 1.0, 1.0, 0.0, 2.0, -1.0, 1.0, 2.0, 2.0, 0.0, 2.0, 1.0, -1.0, 0.0, 1.0, -1.0, 2.0, 1.0, 1.0, 1.0, 94174.0, 691.0, 99399.0
1.0, 2.0, 3.0, -1.0, 3.0, 1.0, 0.0, 0.0, 2.0, -1.0, 2.0, 2.34424751397, 2.0, 2.0, 0.0, 0.0, 1.0, 1.0, 2.0, 0.0, 2.0, 3.0, 3.0, 1.0, 1.20234493767, -1.0, 1.0, 2.0, -1.0, 3.0, 1.0, 3.0, -0.371091955537, 1.0, 3.0, -1.0, 3.0, 1.0, 0.0, 0.0, 3.0, 3.0, 2.0, 0.0, -1.0, 1.0, 2.0, 0.348596011029, -1.0, -0.235203132106, 94604.0, 661.0, 99417.0
2.0, 1.0, 1.0, 3.0, 0.0, 3.0, 1.0, -1.0, 1.0, -1.0, 0.0, 2.0, -1.0, 0.0, 1.0, 1.0, 2.0, 0.0, -1.0, 2.0, -1.0, 1.0, 0.0, -1.0, 0.0, -1.0, 1.0, 2.0, -0.927002148709, 2.0, 0.0, 3.0, 1.0, 2.0, 3.0, 0.0, 0.0, 3.0, 1.0, -1.0, 0.0, 2.06625540534, 3.0, 2.0, 2.0, 0.0, 2.0, 0.0, -1.0, 1.0, 94649.0, 610.0, 99459.0
0.0, 1.0, 2.0, 0.0, -1.0, 1.0, 0.0, 2.0, -1.0, 1.39690027216, 2.0, -1.0, -1.0, 0.0, 0.0, 1.0, -1.0, -1.0, 2.59481479601, 0.0, 2.0, 0.0, 3.0, 0.0, 2.0, 0.198451294042, 2.0, 0.0, -1.0, 2.0, 3.0, 1.0, -0.548283780257, 0.0, 1.0, -1.0, 3.0, -1.0, 0.0, 2.0, 2.0, 1.0, 2.0, 3.0, 2.0, 1.0, 1.0, 0.0, -0.669938860503, 2.0, 94834.0, 600.0, 99471.0
0.0, 1.0, 2.0, -1.0, -0.0150361410443, -1.0, 2.0, -1.0, 0.102584992227, 1.00358486582, -1.0, 1.0, 2.0, 2.0, 2.0, 2.0, -1.0, 0.0, -1.0, 0.201223025736, 2.0, 0.0, 0.0, 1.18738919266, -1.0, 2.0, -1.0, 0.729562800461, 0.0, 2.0, 1.0, 2.0, 0.0, 2.77505653237, 0.0, 3.0, 1.0, 0.202544965696, -1.0, -1.0, -1.0, 1.0, -1.0, 0.0, 3.0, 2.0, -1.0, -1.0, 3.0, -1.0, 95287.0, 536.0, 99541.0
1.0, -1.0, -1.0, 0.0, 3.0, 2.0, 0.0, 1.0, 2.0, 0.0, 3.0, 1.13938959539, 3.0, 0.0, 1.0, 0.687312566264, 2.98857365193, 0.0, 1.54197886413, 1.0, 3.0, 2.0, -0.156725337165, 2.0, 0.0, 2.47426998431, 1.0, -1.0, 2.0, -1.0, 2.0, 2.0, 2.0, -1.0, 2.0, 1.0, 2.0, 0.0886920918029, 2.0, 1.0, 0.0, -1.0, 3.0, 1.0, 1.0, 0.0, 0.0, 0.0, 1.94175710227, 1.8374038768, 94224.0, 664.0, 99418.0
1.0, 0.0, 0.0, 0.0, 2.0, 3.0, 0.0, 1.0, 2.0, 3.0, 1.0, 2.0, -1.0, 0.0, 0.0, 1.0, 0.0, 2.84763832394, 1.0, -1.0, 1.0, -1.0, 0.0, 3.0, -1.0, -1.0, 1.0, 0.0, 2.0, 1.86345886148, 0.233146855356, 0.0, 0.424220218904, -1.0, 0.0, 2.0, 1.0, 2.0, 3.0, 1.0, 0.0, 2.0, -1.0, -1.0, 0.0, 3.0, -1.0, 2.0, 3.0, -1.0, 94648.0, 605.0, 99472.0
0.0, 2.0, 0.0, 3.0, 2.0, 1.0, 3.0, 3.0, 2.0, 1.92069201452, -1.0, 0.0, -1.0, 2.25767474534, 1.0, 2.0, -0.882089861507, 1.0, 1.0, -1.0, 2.72931867309, 2.0, 3.0, 1.0, -0.449128826105, -0.707477084542, -0.321270025298, 2.23683787726, 2.0, 1.0, 0.78190258302, -1.0, 2.0, -1.0, 3.0, 2.0, 0.0, 3.0, 1.0, 3.0, -1.0, 1.0, 0.0, 0.0, 0.0, 3.0, 1.0, 2.0, 1.0, -1.0, 95028.0, 614.0, 99457.0
1.0, 0.0, 0.0, 1.0, 1.0, 0.0, 1.0, 2.0, 3.0, 3.0, 3.0, 2.0, 0.0, 2.0, 1.0, -1.0, -1.0, 2.0, 1.0, 1.22177071341, 2.0, 2.26422118307, 2.28425575164, -1.0, -0.0398924312589, 2.0, 1.0, 2.0, 2.0, 2.0, 0.0, 2.0, 0.0, 0.0, 0.0, 1.0, 1.0, 0.0, 3.0, 2.0, 2.0, -1.0, 1.0, 0.0, 3.0, 3.0, -1.0, 3.0, -1.0, 2.0, 94434.0, 669.0, 99416.0
1.0, -0.706450433949, -1.0, 0.0, 3.0, 2.0, 0.0, 1.0, 2.0, 0.0, 3.0, 1.0, 3.0, 0.0, 1.0, 3.0, 2.0, 0.0, 3.0, 1.0, 3.0, 2.0, 1.0, 2.0, 0.0, -1.0, 1.0, -1.0, 2.0, -1.0, 2.0, 2.0, 2.0, -1.0, 2.0, 1.0, 2.0, -1.0, 2.41442926198, 1.0, 0.0, 0.0, 3.0, 1.0, 1.0, 0.0, 0.0, 0.0, -0.00414585885009, -1.0, 94442.0, 637.0, 99440.0
1.0, 2.0, 0.0, 1.0, 3.0, 1.0, 1.0, 1.0, 3.0, 0.0, 3.0, 2.0, 3.0, 2.0, 0.0, 1.0, -1.0, 1.0, 2.0, 0.0, 3.0, 1.0, -1.0, 0.0, 3.0, 2.0, 1.0, 0.0, 2.0, 0.0, 1.0, 0.0, 2.0, 1.0, 2.0, 0.0, 0.0, 3.0, -1.0, 0.0, 0.0, -1.0, 1.0, 2.0, 2.0, 3.0, 1.0, 1.0, -1.0, 2.0, 94254.0, 683.0, 99400.0
2.0, 0.0, 2.35098741155, 2.0, 0.0, 0.0, -1.0, -1.0, 3.0, 0.0, 0.0, 2.0, 1.0, 1.38582979943, 3.0, 0.0, 2.47907240411, 1.0, 3.0, 2.0, -1.0, 3.0, 0.0, -1.0, 0.0, -1.0, 3.0, -1.0, 0.0, -1.0, 0.0, 2.0, 2.0, 1.0, 1.0, -1.0, 0.0, 2.0, 2.0, 1.0, 1.0, -1.0, -1.0, 3.0, 1.0, 1.0, 3.0, -1.0, 0.0, -1.0, 95149.0, 573.0, 99490.0
1.0, -1.0, -1.0, 0.0, 3.0, 2.0, 0.0, 1.0, 2.0, -0.0998868579032, 3.0, 0.215746878905, 3.0, 0.0, 1.0, -0.880236689147, -1.0, 0.0, 3.0, 1.0, 3.0, 1.57541304925, 1.0, 2.0, 0.0, -1.0, 1.0, -1.0, 2.0, -1.0, 2.0, 2.0, 2.0, -1.0, 2.0, 1.0, 2.0, 0.46944504503, 2.0, 1.97569458507, 0.0, 0.0, 3.0, 1.0, 1.0, -0.235190545268, 0.0, 0.0, -0.679896695469, 1.8374038768, 94431.0, 618.0, 99445.0
2.75369418851, 3.0, 2.0, 0.0, 1.0, 2.0, 0.0, 2.0, 3.0, 2.0, 0.0, 0.0, 2.0, 1.0, 1.48939607168, 0.0, -1.0, 1.06887250034, 3.0, 1.00716251868, 0.748914279047, 0.0, -1.0, 2.0, 0.0, -0.762701626713, 0.0852026099632, 0.0, -1.0, 3.0, 2.0, -1.0, 3.0, 1.0, 0.0, 1.0, -1.0, -0.251414835912, 2.68276081355, 0.0, 0.79071982997, -0.797793843217, 3.0, 0.0, 3.0, 2.0, -0.566704010724, -0.258879398741, 2.0, 3.0, 94460.0, 642.0, 99434.0
-0.466360318803, -1.0, 2.0, -1.0, 1.22334414528, 1.0, -1.0, 1.0, 0.0, 2.0, 0.0, -0.976645594603, 0.0, 0.0, 2.0, 1.0, 0.0, 2.0, 3.0, 3.0, 2.0, -0.557892458788, 2.0, 0.0, 2.0, 2.0, 3.0, 2.0, -1.0, -1.0, 2.0, -1.0, -1.0, -1.0, 0.0, 1.0, -1.0, 0.0, 2.0, 2.0, 1.0, 2.0, 0.0, 1.0, 0.0, 0.0, 3.0, -0.616243408557, -1.0, 0.00454825183573, 95102.0, 571.0, 99508.0
-1.0, -1.0, 0.0, 0.0, 3.0, 2.51032353658, 0.0, 1.0, 2.0, 1.85174725777, 1.0, 2.0, -1.0, 0.0, 0.0, 0.00639919648133, 0.0, 2.0, 1.0, -1.0, 1.0, -0.420654076767, -1.0, 3.0, -1.0, -1.0, 1.03094254426, 0.0, -0.272517904978, 0.0, -1.0, 1.49484852057, 1.0, -1.0, -0.283060405869, 0.201519633786, -1.0, 2.47283069562, 3.0, 1.0, 0.0, 2.0, -1.0, -1.0, 0.0, 3.0, -1.0, 0.995594103608, 3.0, -0.724327270754, 95003.0, 549.0, 99526.0
1.0, 2.0, 0.0, -1.0, 2.0, 2.0, 0.0, -0.0566887542148, 2.0, 0.0, 1.0, 1.0, 0.0, 2.5538581709, 2.16912079456, 0.0, -0.371231368152, 0.928105190294, 3.0, -1.0, 0.0, 1.0, 0.0, -1.0, 0.0, 1.0, 2.0, 2.0, -1.0, 1.0, 1.0, 3.0, -0.179831961156, 0.0, 1.0, -1.0, 2.84755659431, 0.0, 2.0, 0.0, 2.0, 0.0, 2.0, -1.0, 1.13926635806, 3.0, -1.0, 1.0, -0.771433484026, -0.255321372855, 94249.0, 648.0, 99440.0
1.0, 2.0, 0.0, 0.324818449555, 3.0, 1.0, 1.0, 1.0, 3.0, 1.77148319124, 3.0, 2.0, 3.0, 2.0, 1.57853678266, 1.0, -1.0, 1.0, 2.28501282849, 0.0, 3.0, 1.0, -1.0, 0.0, 3.0, 2.0, 0.63370371911, 0.0, 2.0, 0.0, 1.0, 0.0, 2.0, 1.79255907101, 2.0, 1.63053246491, -0.853130308428, 3.0, -1.0, 0.0, 0.0, -1.0, 1.0, 2.0, 2.96824671804, 3.0, 1.0, 1.0, -1.0, 2.0, 94547.0, 670.0, 99411.0
2.0, 0.0, 2.40386883003, 2.0, 0.0, -0.401573284078, -1.0, -1.0, 1.66698377288, 0.0, 0.0, 2.0, 1.0, 2.0, 2.78621877195, 0.0, 3.0, 1.0, 3.0, 2.0, 1.31658679384, 3.0, 0.0, -1.0, 0.0, -1.0, 3.0, -1.0, 0.0, -1.0, 0.0, 2.0, 0.536460513452, 1.0, 1.0, -1.0, 1.08765631367, 0.269119786591, 2.0, 1.0, 1.0, -1.0, -1.0, 3.0, 1.0, -0.506046347114, 1.88672722922, -1.0, 0.0, 1.22726859345, 94880.0, 591.0, 99471.0
0.728543346296, 2.0, 2.0, 2.0, 3.0, -1.0, -1.0, -0.67575586953, 1.0, 2.0, -0.240893912826, -0.995692707805, 1.0, 0.0, 1.0, 2.08866152404, -0.45112783085, 1.0, 2.0, 3.0, -1.0, 2.0, 1.0, -1.0, 3.0, -1.0, 2.14564713691, 1.61756596748, 1.47393164616, -1.0, -1.0, -1.0, 0.0, -1.0, -1.0, 2.0, 1.0, 1.0, 3.0, 0.0, -1.0, 0.583373877689, 0.0, -1.0, 1.28791242339, 2.0, -1.0, -0.948088031376, -1.0, 2.54653507272, 96135.0, 495.0, 99579.0
-1.0, 0.0, 1.0, 0.0, 3.0, 2.0, 1.0, 2.0, 1.0, 2.0, -0.0316106480805, 0.0, 2.0, 0.0, 2.02122657037, 0.0, -1.0, 3.0, 3.0, 0.0, 2.0, -1.0, 1.0, -0.165139354049, 3.0, -1.0, -0.77979886752, -1.0, 0.0, 0.0, 1.0, 3.0, -0.798054668191, 2.0, 3.0, 2.0, 1.0, 0.0, 0.0207522223219, 2.0, -0.176702555278, 1.0, 3.0, 3.0, 0.0, 2.0, 0.724180036053, 2.0, 2.0, 1.33296493696, 94522.0, 656.0, 99427.0
-0.466360318803, -1.0, 2.0, -1.0, 0.164459417303, 1.0, -1.0, 1.0, 0.0, 2.0, 0.0, -0.994033441328, 0.0, 0.861690577393, 2.53448157732, 1.0, 0.0, 2.0, 3.0, 2.3078178154, 2.0, 0.0, 0.0, 3.0, -0.715472921015, 2.0, 3.0, 2.0, -1.0, -1.0, 2.0, -1.0, -1.0, -1.0, 0.0, 1.0, -1.0, 0.0, 2.0, 2.0, 1.0, 2.0, 0.0, 1.0, 0.0, 2.72928586918, 3.0, 0.0, 0.212548832419, 1.0, 94652.0, 602.0, 99477.0
-0.297056976626, 0.0, 2.0, 2.0, 2.0, 0.559002627371, 3.0, 2.0, 0.0, 3.0, 2.0, 1.0, -0.0362511343344, 0.0, 0.0, 1.0, 0.0, 2.0, 0.0, 2.89343340355, 1.30277411973, 0.0, 0.0, 1.0, 3.0, 2.59736204647, 3.0, 2.0, 1.10271289693, 0.0, 1.0, 2.0, 2.0, 0.0, 1.0, -0.201637943472, -1.0, 1.0, 1.26902708558, 2.0, 0.0, -0.422529047383, 1.0, -1.0, -1.0, -1.0, 0.0, 2.0, 2.0, -0.305583730418, 93735.0, 703.0, 99394.0
0.0, 3.0, 2.0, 0.0, 0.259744823383, 2.0, 0.0, 2.0, 2.18609370037, 2.0, 0.0, 1.0, 1.35118771837, 1.0, 1.0, 0.0, -1.0, 1.0, 3.0, 2.0, 1.0, 0.178141079158, -1.0, 2.0, 0.0, 1.0, 2.0, -0.21226873658, -0.323808804227, 3.0, 2.0, 3.0, 3.0, -0.260356605477, 0.0, -1.0, -1.0, 1.48620065861, -1.0, 0.0, 1.0, 0.0, 3.0, -0.376888248651, 3.0, -0.370683526255, 0.0, 0.0, 2.0, 3.0, 93808.0, 692.0, 99395.0
0.0, -0.271183356948, 2.0, 1.24413523346, 0.0, 1.09932589389, 3.0, -0.658367772681, 2.0, 2.0, 2.0, 2.0, -0.976580575558, 0.0, 1.0, 0.0, -1.0, -0.966316518748, 1.0, 1.0, -1.0, -1.0, 1.0, 0.0, 2.0, 0.0, 3.0, 1.0, -0.995521446144, 0.0, 2.39167681689, -1.0, 1.0, 1.0, 1.17302918296, 1.0, 1.0, -0.812317525294, -1.0, 2.0, -1.0, -1.0, -0.732831975939, 3.0, 2.0, 2.0, 2.0, 2.0, -0.523996768839, -1.0, 95668.0, 523.0, 99545.0
0.0, 1.8257950403, 2.0, 0.0, -1.0, 1.0, 0.0, -1.0, -1.0, 0.0, 2.86231906068, -1.0, -1.0, 0.0, 0.0, 1.0, -1.0, -1.0, 1.0, 0.0, 2.0, 0.0, 3.0, -1.0, 2.0, 0.0, 2.0, -0.310791915108, -1.0, 2.0, 3.0, 1.0, 1.0, 0.0, 1.0, -1.0, 3.0, -1.0, 0.0, 2.0, 0.951826886255, 1.0, -1.0, 3.0, 2.0, 1.08756401203, 1.0, 0.0, 0.447148658749, 2.0, 94697.0, 590.0, 99477.0
-1.0, 0.0, 3.0, 3.0, 1.0, 2.0, 1.0, 2.0, -0.714427831837, 0.0, -1.0, -1.0, 2.0, 3.0, 1.0, -1.0, -1.0, -1.0, 0.0, 1.35902417897, 3.0, 0.0, -1.0, 2.16351321432, 2.06900261599, 2.19178728483, 1.0, 2.0, 1.0, 0.0, 0.395490177284, 1.02224323758, -0.523877972068, 1.0, 1.42139440395, 1.0, 1.0, 0.159103789419, -1.0, 2.0, 1.96539864304, 2.04784427416, -1.0, 2.0, -1.0, 2.0, 0.0, 0.0, -1.0, 2.0, 95339.0, 568.0, 99506.0
0.0, 0.520431209899, 2.0, 1.96865390501, -1.0, -1.0, 2.0, -1.0, 2.0, 2.0, -1.0, 1.0, 2.0, 2.1852948023, 2.0, -0.80632392841, -1.0, 0.0, -1.0, 1.0, 2.0, 0.0, 0.913544239559, 3.0, 2.0, 2.0, -1.0, -0.948037850949, 0.0, 0.0, 1.0, 2.0, 0.0, 1.54635697303, 0.0, 3.0, 0.20711501383, 0.0, -1.0, -1.0, 1.0, 1.0, -1.0, 0.0, 3.0, 2.88088250966, -1.0, -1.0, 3.0, -1.0, 95437.0, 536.0, 99536.0
0.728543346296, 2.68579919223, 2.0, 2.0, 3.0, -1.0, -1.0, 0.0, 1.0, 2.0, -0.240893912826, -0.824966715763, 1.0, 0.0, 1.0, 2.0, -1.0, 1.0, 2.72341240074, 3.0, -1.0, 2.0, 1.40011424179, -1.0, 3.0, 2.0, 2.4907847696, 0.0457776473705, 1.0, -1.0, -1.0, -1.0, -0.331154693695, -1.0, -0.0661815538254, 2.0, -1.0, -1.0, 3.0, 0.0, -1.0, -1.0, 1.0179366236, 2.05249573586, 1.28791242339, 2.0, 1.15819474326, 0.0, -1.0, 2.54653507272, 95635.0, 524.0, 99539.0
-1.0, 0.0, 2.0, 0.0, 3.0, 2.0, 1.0, 0.722082513931, 1.0, 2.0, 0.0, 0.0, 2.0, 0.0, 2.02122657037, 0.240762206595, -1.0, 3.0, 3.0, 0.0, 2.0, 1.55348666777, 1.0, -1.0, 3.0, -1.0, 2.0, -1.0, 0.0, 0.0, 1.36407580672, 3.0, -1.0, 2.0, 1.71887214898, 2.0, 1.0, 0.0, -0.468245798275, 2.0, 0.0, 1.0, 3.0, 3.0, 0.0, 1.83855292786, 0.227811203973, 2.0, 2.0, 1.33296493696, 94269.0, 676.0, 99409.0
-0.466360318803, -1.0, 2.0, -1.0, 1.22334414528, 1.0, -1.0, 1.0, 0.0, 2.0, 0.0, -0.976645594603, 0.0, -0.0797523550009, 2.0, 1.0, 0.0, -0.281944556561, 3.0, 2.70121504674, 2.0, 0.0, 2.0, 3.0, 2.0, 2.0, 2.20801403829, 2.0, -1.0, -1.0, 2.0, -1.0, -1.0, -1.0, 0.0, 1.0, -1.0, 0.0, 2.0, 2.0, 1.0, 2.0, 0.0, 1.0, 0.0, 0.0, 3.0, -0.616243408557, 0.418967790897, -1.0, 94791.0, 588.0, 99498.0
1.0, 2.0, 0.0, -1.0, 3.0, 2.0, 0.0, 0.861408542552, 2.0, 0.0, 1.0, 1.0, 0.0, 2.5538581709, 2.0, 0.0, -1.0, 1.0, 3.0, -1.0, 0.0, -0.172078967229, -1.0, -1.0, 0.0, 1.0, 2.0, 2.0, -1.0, -0.306854804093, 1.0, 3.0, -0.179831961156, 0.996645792175, 1.0, -0.467086992726, -1.0, 0.0, 2.0, 0.0, 2.0, 0.0, 0.977881361886, -0.967349387167, 1.13926635806, 3.0, -1.0, 1.29859368156, 0.0, 1.0, 94237.0, 636.0, 99445.0
0.0174461036758, 2.0, 2.14145139236, -1.0, 3.0, 0.208574048563, 0.456464030815, 0.0, 2.0, -1.0, 2.13515045425, 0.0, 0.0, 1.43031749534, -0.0441292308114, 0.0, 1.0, 1.0, 2.0, 0.0, -0.366536648838, 3.0, 3.0, 1.0, 3.0, -1.0, 1.0, 2.0, -1.0, 3.0, 1.0, 3.0, 0.0, 1.0, 3.0, -1.0, 0.624476571829, 1.0, 0.0, 0.0, 3.0, 3.0, 0.743034184791, 0.0, -1.0, 1.0, 1.76890730834, 0.262836354474, -1.0, -1.0, 94283.0, 644.0, 99433.0
0.0, -1.0, 2.0, -1.0, -0.99304759785, 1.0, -1.0, -0.679840908655, 0.0, 2.08601003663, -0.240893912826, -0.686798669033, 0.0, 0.0, 2.0, 0.658046744803, -0.634571109082, 2.0, 3.0, 3.0, 2.25182424464, 0.0, 2.0, -1.0, 2.0, 2.0, 3.0, 2.0, -1.0, -1.0, 2.0, -1.0, -1.0, -1.0, 0.0, 1.0, -1.0, 0.0, 2.0, 0.204568865042, 1.0, 2.0, 0.0, 1.0, 1.0, 0.821370476787, 3.0, 2.0, -1.0, 0.0, 95104.0, 539.0, 99512.0
2.0, 2.0, 0.0, 1.0, 2.0, 2.06810512922, 2.66649327346, 2.00465834819, 3.0, 3.0, 2.0, 1.44401474849, 0.262080341706, 1.17280554035, 2.59278705626, 2.0, 1.96310616689, -0.049047481801, -0.266274119303, 0.650268482847, 2.0, 0.0, -1.0, 2.33815580991, 1.0, 0.0, 3.0, 1.0, -0.866556285302, 2.0, 0.268841926007, 1.0, 3.0, 2.81461917662, 0.0, -0.0388220250506, 2.0, 2.49966569411, 0.947734829981, 3.0, 1.0, 2.0, 1.0, 1.86893668602, 0.0, 1.0, 0.0, 0.0, 0.0, 2.0, 93774.0, 740.0, 99362.0
0.372252194992, 0.0, 0.848747548322, -0.885706368123, 3.0, 1.0, 0.674157765089, 1.0, 3.0, -0.12299739164, 3.0, 2.0, 3.0, -0.220652103343, 0.0, 2.26296226121, -1.0, 1.0, 2.0, -0.979710367788, 3.0, 1.0, -1.0, 0.648007014522, 2.33634801861, 1.66916311099, 1.0, 0.0, 2.0, 2.26990800438, 1.0, 0.562505111748, 2.0, 1.0, 2.0, 0.0, 0.0, 3.0, -1.0, 0.0, 0.860352058222, -0.118835132888, 1.0, -0.123607047824, 2.0, 3.0, 3.0, 1.0, -0.785450048024, 1.30983208715, 94319.0, 673.0, 99413.0
0.0, 2.60908646672, 2.0, 0.137746203175, 0.259744823383, 2.0, 0.0, 2.24405480277, 0.292525194538, 2.0, 0.0, 1.0, 2.69328865207, 1.0, 1.0, 0.0, -1.0, 1.0, 3.0, 2.0, 1.0, -0.451483467202, 3.0, 2.0, 0.0, 1.0, 2.0, -0.21226873658, -0.323808804227, 3.0, 2.0, -1.0, 3.0, -0.260356605477, -0.952789585992, 1.0, -1.0, 1.0, -1.0, 0.0, 1.0, 0.0, 1.29318422613, 0.0, 3.0, -0.536403839855, 0.0, 0.0, -0.865563263022, 1.02642237424, 94070.0, 657.0, 99433.0
3.0, 2.44443399188, 0.0, 2.0, 1.0, 2.42411488439, 3.0, 2.0, 0.32712664538, -0.854185742481, 2.6064527174, 2.0, 2.0, 1.99324249471, 1.0, 0.0, 1.0, 0.0, 3.0, -0.904448128692, 1.62916483749, -0.231622669694, 1.0, 1.0, 0.0, 0.0, 2.0, 2.0497398866, 3.0, 0.0, 0.528406283459, 1.0, 0.0, -1.0, 3.0, -1.0, 2.0, 0.0, 0.0, -1.0, 3.0, 1.05575562643, 0.0, -1.0, 2.37868207058, 0.0, 3.0, 2.0, -1.0, 2.0, 94652.0, 651.0, 99427.0
1.0, 3.0, 1.0, 1.43260622877, 0.0, 2.0, -0.179701738254, 2.0, 0.0, 0.0, 0.0, 0.0, 3.0, -1.0, 3.0, 0.0, 3.0, 1.86476995027, 2.09352869017, -1.0, -1.0, 0.0, 3.0, -1.0, 1.0, 2.47712043414, 0.441895102764, -1.0, -0.271143509667, 3.0, 0.0, 0.415212678933, 3.0, 3.0, 0.14072426878, 1.0, 1.0, -1.0, 0.0, -1.0, -1.0, 1.0, 3.0, -1.0, 1.53912540384, -1.0, 0.0132939482193, 2.0, -1.0, -1.0, 95004.0, 566.0, 99516.0
1.97607574186, -1.0, 0.0, -0.371614291891, 0.0, 2.84121671699, 0.915032323444, 3.0, 2.40062588627, 0.0, 3.0, -0.379956397726, 2.0, 3.0, 2.61227564497, 2.0, 2.0, 1.0, 2.05779202566, 0.0, 3.0, 0.0, 0.0, -1.0, 0.0, 2.50841370741, -0.104692713562, 1.0, 3.0, 2.54329351488, 2.0, 1.0, 1.0, 0.0, 2.0, -1.0, 1.0, 2.0, 2.0, 0.0, 2.0, 1.0, -1.0, 0.0, 1.0, 1.0, 2.0, 1.74351953837, 1.0, 1.0, 94179.0, 708.0, 99386.0
1.0, 2.0, 3.0, -0.34586048191, 3.0, 1.0, 0.0, 0.0, 2.0, -1.0, 2.0, 2.34424751397, 2.0, 2.0, 0.0, -0.641135839051, 1.0, 1.0, 2.0, 0.0, 2.0, 3.0, 3.0, 1.0, 1.20234493767, -1.0, 1.0, 2.0, -1.0, 3.0, 1.0, 3.0, -0.371091955537, 1.0, 3.0, -0.0580156194947, 3.0, 1.0, 0.0, 0.0, 3.0, 3.0, 2.0, 0.0, -1.0, -1.0, 2.0, 0.348596011029, -1.0, -0.235203132106, 94654.0, 657.0, 99423.0
0.0, 1.0, 2.0, 0.0, -1.0, 1.0, 0.0, 2.0, 1.0, 1.39690027216, 2.0, -1.0, 0.740407022553, 0.0, 0.0, 1.0, -1.0, -1.0, 2.59481479601, 0.0, 2.0, 0.0, 3.0, 0.0, 2.0, -0.528896082819, 2.0, 0.0, -1.0, 2.0, 3.0, 1.0, -0.548283780257, 0.0, 2.07449420152, -1.0, 3.0, -1.0, 0.0, 2.0, 2.0, 0.845370706596, 2.0, 3.0, 2.0, 1.0, 1.0, 0.0, -0.669938860503, 2.0, 94658.0, 616.0, 99455.0
1.0, 1.0, -1.0, 2.0, 0.0, -1.0, 2.0, 0.0, 0.161065716076, 1.0, 2.0, -0.210207820049, 0.0, 2.0, -1.0, 0.0, 2.17393579486, -0.390260983243, 3.0, 2.0, 3.0, 0.0, -1.0, -1.0, 0.0, 0.0, 1.0, 2.0, 1.0, 2.0, 2.0, -1.0, 0.0, 2.0, -0.488133367352, 2.0, 1.0, 1.07517175604, 0.0, 1.35220484712, 1.0, 1.0, -1.0, 1.57288468962, 0.0, 3.0, 0.0, 0.0, 0.0, -1.0, 94028.0, 653.0, 99449.0
1.0, -0.0786146739907, 0.0, 0.0, 2.0, 3.0, 0.0, 1.0, 0.819442688621, 3.0, 1.0, 2.0, -0.413778690022, 0.0, 0.0, 1.0, 1.01724873115, 1.68121371071, 1.08574961041, -1.0, 1.0, -1.0, 0.0, 3.0, -1.0, -1.0, 0.39473079201, 0.837142759834, 2.0, 1.86345886148, 0.233146855356, 0.0, 0.424220218904, -1.0, 0.0, 2.0, 1.0, 2.0, 3.0, 1.0, 0.0, 2.0, -1.0, -1.0, 0.0, 3.0, -1.0, 2.0, 3.0, -1.0, 94333.0, 624.0, 99459.0
2.35136412987, -1.0, 1.0, -0.608212706838, 2.0, 1.34241943418, 1.0, 0.0, 1.0, 3.0, 2.0, -0.310553779143, -0.744105700626, 0.0, -0.211645295256, 0.0, -1.0, 1.14086875156, 1.75472893099, 2.0, 2.0, 1.0, 2.89687535959, 1.0, 1.0, 0.0, 2.59249951431, -1.0, 0.885806117511, 2.0, 1.0, -1.0, 0.0, 1.0, -1.0, 0.0, 0.0, 0.780185148939, 2.87817561061, -1.0, 0.317820977295, 2.0, 0.0, -0.162305486757, 2.0, -0.607739110444, 1.0, -0.552250613825, 2.09128910525, 1.0, 94626.0, 609.0, 99476.0
0.0, -1.0, 1.0, -1.0, 0.243966180842, 2.0, -1.0, 0.0, 1.0, 3.0, 2.0, 0.0, 2.0, 0.0, -1.0, 1.83522893336, -0.97823904822, 2.0, 0.0, 2.0, 2.0, 1.0, 1.0, 1.0, 1.0, 0.0, 1.0, -1.0, 0.885806117511, 2.78664856163, 1.0, -1.0, 0.0, 0.0, -1.0, 0.0, 0.0, 0.0, 3.0, 0.0, 3.0, 2.0, 0.0, 1.17615061345, 2.0, -0.594221262236, 1.0, -0.552250613825, 1.0, 1.0, 94616.0, 614.0, 99479.0
3.0, 2.0, 2.0, 2.0, 3.0, -1.0, 1.0, 0.0, 1.0, 2.0, 1.0, 0.0, 1.53803488319, -0.618711203086, 1.0, 2.0, -1.0, 1.0, 2.0, 3.0, -1.0, 2.0, 1.0, -1.0, 3.0, 2.0, 1.88252576057, 2.0, 1.0, -1.0, -1.0, -1.0, 0.0, -1.0, -1.0, 2.0, 1.0, 1.0, 3.0, -1.0, -1.0, -1.0, 0.0, -1.0, 2.0, 2.0, -1.0, 0.0, -1.0, 0.0, 95987.0, 504.0, 99561.0
2.0, 1.0, 1.0, 3.0, 0.0, 3.0, 1.0, -1.0, 1.0, -1.0, 0.0, 2.0, -1.0, 0.0, 1.0, 1.0, 2.0, 0.0, -1.0, 2.0, -1.0, 1.06583923118, 0.0, 0.0, 0.0, -1.0, 1.0, 2.0, 0.0, 2.0, 0.0, 3.0, 1.0, 2.0, 1.93834601846, 0.0, 0.0, 3.0, 1.0, -1.0, 0.0, 2.0, 3.0, 2.0, 2.0, 0.0, 2.0, 0.0, -1.0, 1.0, 94437.0, 632.0, 99443.0
-1.0, -0.834349985731, 3.0, 3.0, 1.0, 3.0, 1.0, 2.0, -1.0, 0.0, -1.0, -1.0, 2.0, 3.0, 2.76565832447, 1.31792534617, -1.0, -1.0, 0.0, 0.720710591447, 3.0, 0.0, -1.0, 2.0, -1.0, 1.94044009003, 1.0, 2.0, -0.564432487483, 0.0, 0.0, 2.0, 1.04806928358, 1.0, 0.0, 1.0, 1.24924326435, 0.0, -1.0, 2.0, 0.0, 2.0, -1.0, 2.51311324922, -1.0, 2.0, 0.0, 0.0, -1.0, 0.265862179171, 95272.0, 550.0, 99511.0
-0.297056976626, 0.0, 2.0, 2.0, 2.0, 1.0, 3.0, 2.0, 0.0, 3.0, 2.0, 1.0, -0.0362511343344, 0.0, 0.0, 1.0, 0.0, 2.0, 0.0, 2.89343340355, 1.30277411973, 0.0, 0.0, 1.0, 3.0, 2.59736204647, 3.0, 2.0, 0.0, 1.0, 1.0, 2.0, 2.0, 0.0, 1.0, -0.201637943472, -1.0, 1.0, 2.0, 2.0, 0.0, -0.422529047383, 1.0, -1.0, -1.0, -1.0, 0.0, 2.0, 2.0, -0.305583730418, 93770.0, 703.0, 99394.0
0.372252194992, 2.0, 0.848747548322, -0.885706368123, 3.0, 1.0, 0.674157765089, 1.0, 3.0, -0.12299739164, 3.0, 2.0, 3.0, -0.220652103343, 0.0, 2.26296226121, -1.0, 1.0, 2.0, -0.979710367788, 3.0, 1.0, -1.0, 0.648007014522, 2.33634801861, 1.66916311099, 1.0, 0.0, 2.0, 2.26990800438, 1.0, 0.562505111748, 2.0, 1.0, 2.0, 0.0, 0.0, 3.0, -1.0, 0.0, 0.0, -1.0, 1.0, 2.0, 2.0, 3.0, 3.0, 1.0, -0.785450048024, 2.0, 94656.0, 655.0, 99427.0
1.0, 1.0, -1.0, 2.0, 0.0, -1.0, 2.0, 0.0, 0.161065716076, 1.0, 2.0, 0.0, 0.0, 2.0, -1.0, 0.0, 2.17393579486, -0.390260983243, 3.0, 2.0, 3.0, 0.0, -1.0, -1.0, 2.0, 0.0, 1.0, 2.0, 1.0, 2.0, 2.0, -1.0, 0.0, 2.0, 2.0, 2.0, 1.0, 1.0, 0.0, 1.35220484712, 1.0, 1.0, -1.0, 1.0, 0.0, 3.0, 0.0, 1.0, 0.0, -1.0, 94184.0, 653.0, 99449.0
2.0, 0.0, 0.0, 1.0, 2.0, 2.06810512922, -1.0, 0.0, 3.0, 3.0, 2.0, 1.44401474849, 0.262080341706, 1.17280554035, 2.59278705626, 2.0, 1.96310616689, -0.049047481801, 2.25809050475, 0.837546694139, 2.0, 0.0, -1.0, 2.33815580991, 1.0, 0.0, 3.0, 1.0, -0.866556285302, 2.0, 2.0, 1.0, 3.0, 2.81461917662, 0.0, 3.0, 2.0, 2.0, 0.947734829981, 3.0, 1.0, 2.0, 1.0, 1.0, 0.0, 1.0, 0.0, 0.0, 0.0, 2.0, 93945.0, 721.0, 99378.0
0.0, -1.0, 1.0, -1.0, 2.0, 2.0, 1.0, 0.0, 1.0, 3.0, 2.0, 0.0, 2.0, 0.0, -1.0, 0.0, -1.0, 2.0, 0.0, 2.0, 2.0, 1.0, 1.0, 1.0, 1.0, 0.0, 1.0, -1.0, 0.885806117511, 2.0, 1.0, -1.0, 0.0, 0.0, -1.0, 0.0, 0.0, 0.0, 3.0, -1.0, 3.0, 2.0, 0.0, -0.162305486757, 2.0, -0.594221262236, 1.0, -0.552250613825, 1.0, 1.0, 94485.0, 617.0, 99473.0
-1.0, 0.0, 1.0, 0.0, 3.0, 2.46111253143, 1.0, 2.0, 1.0, 2.0, 0.0, 1.0, 2.0, 0.0, 2.02122657037, 0.0, -1.0, 3.0, 3.0, 0.0, 2.0, -1.0, 1.0, 0.0, 3.0, -1.0, 2.0, -1.0, 0.0, 0.0, 1.0, 3.0, -1.0, 2.0, 3.0, 2.0, 1.0, 0.0, -0.468245798275, 2.0, 0.0, 1.25481020264, 3.0, 3.0, 0.0, 2.0, 1.0, 2.0, 2.0, 1.33296493696, 94471.0, 672.0, 99414.0
