-1.0, -0.610097329029, -1.0, 2.0, -1.0, 2.0, 0.386181008714, 1.56584596954, -1.0, 2.0, -0.942694904698, -0.568989793893, -0.429590032056, -1.0, 2.0, 2.16074331022, 0.221182304806, 0.666263857013, 2.02667017882, 0.790293553199, 0.185473134868, -0.520708985061, 2.97184779253, 2.64830147733, 2.74922603105, -1.0, 1.19728738879, -0.988420847198, 1.92939875254, -1.0, 2.2727253968, 1.43140751532, 3.0, 0.0, -1.0, 1.99745737015, 0.150259514276, -1.0, -1.0, 1.92802816611, 2.22034295046, -1.0, -0.552878657859, 1.0, -1.0, -1.0, -1.0, -0.164111336019, 1.91367695272, -1.0, 3139.0, 411.0, 364.0
-1.0, 1.78433487817, -1.0, -0.182763679977, -1.0, -1.0, 3.0, 0.0, -1.0, -1.0, 2.23637757085, 1.0, 1.56631834098, -0.976892976308, -1.0, 0.268903865377, 0.814703788417, 2.69740849329, 1.51150050383, -1.0, 0.12072672978, 0.493532426574, 1.0, 2.41033588415, 2.34423191243, 0.0, 0.0, 2.05045649238, 0.0, -0.15066357562, -0.654487546599, 2.31036704105, -0.60847642409, -1.0, 2.47371457731, 2.0, 1.55475441041, -0.521395609589, 3.0, -1.0, -1.0, -0.613401370672, 0.0762748606472, 3.0, -1.0, -1.0, -1.0, -0.85828262122, 2.39762107039, 3.0, 3214.0, 436.0, 358.0
1.81876338851, 1.0, -1.0, 1.50927106774, -0.676090341073, 2.30524385963, 1.77785424242, -1.0, -0.912735050216, -1.0, 1.12760084986, -0.517335014998, -0.85774247621, -1.0, -1.0, -0.523577108562, 2.72903983865, -1.0, 1.58410825617, 3.0, 0.982365007253, -1.0, -0.761824825303, -0.754111403688, 0.224098293581, 1.64920463623, 3.0, 2.28705406987, 1.53988666965, 2.0, 3.0, 1.44681101988, 2.0720773432, -1.0, 1.0, 2.04783638049, 0.439019353182, -0.53431840876, 2.0, 0.512542400899, 3.0, -0.733626994157, 2.0, -0.113696380633, -1.0, 3.0, -0.515996898531, -1.0, 2.22310536738, -1.0, 2896.0, 415.0, 361.0
2.2802089199, 1.0, -1.0, 1.50927106774, -0.676090341073, 2.30524385963, 1.77785424242, -1.0, -0.912735050216, -1.0, 1.12760084986, -0.517335014998, -0.85774247621, -1.0, -1.0, -0.523577108562, 2.72903983865, -1.0, 1.58410825617, 3.0, 0.982365007253, -1.0, -0.761824825303, -0.754111403688, 0.224098293581, 1.64920463623, 3.0, 2.28705406987, 1.53988666965, 2.0, 3.0, 1.44681101988, 2.0720773432, -1.0, 1.0, 2.04783638049, 0.439019353182, 1.5751104098, 2.0, 0.512542400899, 3.0, -0.733626994157, 2.0, -0.113696380633, -1.0, 3.0, -0.515996898531, -1.0, 2.22310536738, -1.0, 2941.0, 429.0, 372.0
2.0, -0.231241824284, 2.61850842424, 2.02523593902, 1.0, -0.702892243756, 2.0, 2.48995804394, -0.544332447916, -1.0, 0.0, -0.621339949507, -1.0, 0.889623054303, 0.232926565938, 0.545503033883, 0.0469489246033, 0.0, 2.0, -0.397581072211, 0.0, -0.513790558085, 0.354521909783, -0.559218848641, -0.779785604445, -0.678945730436, -1.0, -0.342443133341, 0.0, 1.0, 1.0, -1.0, -1.0, 2.97299599884, -1.0, 0.0, 0.247022252697, -1.0, 3.0, -0.824449897467, 3.0, -1.0, -1.0, -1.0, -1.0, 1.34412536934, -1.0, 0.0, 1.50234613284, -1.0, 3502.0, 418.0, 365.0
1.81876338851, 1.0, -1.0, 2.78764746989, 0.0, 2.30524385963, 1.77785424242, -1.0, -0.896832158938, -1.0, 1.12760084986, -0.517335014998, -0.843308947345, -1.0, -1.0, -0.523577108562, 2.0, -1.0, 1.58410825617, 3.0, 0.0, -1.0, -0.761824825303, -0.754111403688, 0.224098293581, 1.64920463623, 3.0, 2.28705406987, 1.53988666965, 2.0, 3.0, 0.730732316058, 2.0720773432, -1.0, 1.0, 2.04783638049, 0.439019353182, -0.53431840876, 2.0, 0.512542400899, 3.0, -0.641663713113, 2.0, 1.82331216986, -1.0, 3.0, -0.515996898531, -1.0, 2.22310536738, -1.0, 3112.0, 426.0, 376.0
1.81876338851, 1.0, -1.0, 2.78764746989, 0.0, 2.30524385963, 2.17206610185, -1.0, -0.896832158938, -1.0, -1.0, -0.517335014998, -0.843308947345, -1.0, 2.41181210021, -0.523577108562, 2.0, -1.0, 1.58410825617, 3.0, 0.0, -1.0, -0.761824825303, -0.754111403688, 0.224098293581, 1.64920463623, 3.0, 2.28705406987, 1.76743018576, 2.0, 3.0, 0.730732316058, 2.0720773432, -1.0, 1.0, 2.04783638049, 0.439019353182, -0.53431840876, 2.0, 0.512542400899, 3.0, -0.641663713113, 2.0, 1.82331216986, -1.0, 3.0, -0.515996898531, -1.0, 2.22310536738, -1.0, 3145.0, 425.0, 385.0
1.81876338851, 1.0, -0.785387664044, 1.50927106774, -0.960125767675, 2.30524385963, 0.562518669443, -1.0, -0.96937682793, -1.0, 1.36136974585, -0.941889753354, 0.0, -1.0, -1.0, 2.0, 2.0, -1.0, -0.638021173307, 2.53253257458, -0.852589857209, -1.0, -0.761824825303, -0.754111403688, 0.224098293581, 1.64920463623, 1.88186092929, 2.28705406987, 1.53988666965, 2.0, 3.0, 0.20187888423, 2.0720773432, -1.0, 1.0, 2.04783638049, 1.57824022018, -0.53431840876, 2.0, 0.512542400899, 3.0, 0.0, 2.81335902351, -0.959310143552, -1.0, 0.694501141652, -0.00606455974022, -1.0, 2.22310536738, -1.0, 3022.0, 433.0, 370.0
0.0, -1.0, 1.0, 3.0, 1.0, -0.776367964452, 1.0, 2.0, -1.0, -0.658234147145, -1.0, -0.83940435792, -0.227574450908, -1.0, 2.0, 3.0, 3.0, 1.97477882214, -1.0, 0.0, 0.0, 2.0, 2.45361438072, 0.130156870948, -1.0, 1.0, 2.34461940274, -1.0, 0.302920440817, -1.0, -0.991429986639, 1.22839907027, -0.659298179997, -1.0, -1.0, 0.0, 2.76915506948, 2.48846131935, 2.0, -0.690632472182, 2.23614812186, 2.12013493447, -0.93084912852, 2.0, 2.036340457, 0.648636143027, 0.694578763339, 2.08406600046, -1.0, -0.607376524211, 3247.0, 421.0, 380.0
-1.0, -0.612837581322, -1.0, 2.0, 1.02488680339, 2.0, 0.386181008714, 1.56584596954, -1.0, 2.0, -0.942694904698, -0.53673987279, -0.429590032056, -1.0, 2.0, 2.16074331022, -0.744979592755, 0.666263857013, 2.02667017882, 0.790293553199, 0.436332711203, -0.520708985061, 2.57662577521, 2.54942273933, 2.74922603105, -1.0, 2.23985968195, -0.988420847198, -0.624010875718, -1.0, 2.2727253968, 1.09404034114, 0.0, 0.0456999040873, -1.0, 1.99745737015, 0.621980387365, -0.86222567397, 2.71056784327, 1.92802816611, 2.22034295046, -1.0, -0.552878657859, 1.0, -1.0, 0.675117845881, -1.0, -0.164111336019, 2.13477170565, -1.0, 3416.0, 420.0, 389.0
-1.0, 2.65174570543, 2.64611314849, 2.2104351313, 2.24385376973, -1.0, 3.0, 2.28628011766, -0.570246824574, -1.0, 0.525615955604, -0.53673987279, 1.12628590211, 1.45762927601, -1.0, -0.532934965709, 1.57194382184, -0.104698035998, 1.0, -1.0, -0.749346843673, -0.797057050638, 1.0, 2.54942273933, 1.90522554985, 3.0, -0.588432608362, -1.0, 1.48669773848, 3.0, 1.0, 2.0, -0.0114415745657, -1.0, 2.0, 1.0, -0.559717028478, 3.0, 2.0, 0.512542400899, 0.623743645995, 2.0, -0.610908450685, 2.0, -1.0, -0.637289562215, 3.0, 1.17160170228, -1.0, -1.0, 2996.0, 446.0, 374.0
-1.0, -0.668992264279, 1.0, -0.707146878533, -1.0, 2.0, 2.0, 2.13076656328, -1.0, -0.824572201055, 2.59257583843, 0.0, 2.132840926, 3.0, 2.11770443206, 2.16599173929, 2.30989277242, 1.0, 0.764467922959, 2.71928542255, 1.1315625407, -1.0, 2.0, 3.0, 1.65071824111, 0.683688386021, 0.717972059461, 1.83644912446, 0.0, -1.0, 1.0, 1.49985170901, 2.48420414752, -1.0, -0.79038421285, -1.0, 2.00422531787, 2.08305686455, 1.0, 0.864605404009, -1.0, -1.0, -0.57798728043, 2.72889361875, -1.0, -1.0, -1.0, -0.841808506396, 2.0, -1.0, 2974.0, 441.0, 378.0
-0.610000861512, 2.56504307937, 3.0, -0.182763679977, 0.0, -1.0, 3.0, 0.0, -1.0, -1.0, 2.0, 1.0, 1.56631834098, -1.0, -1.0, 0.0, 1.31020836529, -0.941537255918, -0.994845306512, -1.0, 0.12072672978, 0.493532426574, 1.0, 2.41033588415, 0.0, 0.0, 0.0, -1.0, 0.0, -1.0, -0.654487546599, 2.31036704105, -0.605293036805, 3.0, 2.0, -0.548191536518, -0.775380548675, -0.521395609589, 0.0, -1.0, -1.0, -0.613401370672, 0.0, 3.0, -1.0, 3.0, -0.281725064899, -0.85828262122, 2.2722514365, 3.0, 3572.0, 419.0, 373.0
1.81876338851, 1.0, -1.0, 1.50927106774, 0.0, 2.30524385963, 1.77785424242, -1.0, -0.896832158938, -1.0, 1.12760084986, -0.517335014998, -0.843308947345, -1.0, -1.0, -0.523577108562, 2.0, -1.0, 1.58410825617, 3.0, 0.982365007253, -1.0, -0.761824825303, -0.754111403688, 0.224098293581, 1.64920463623, 3.0, 2.28705406987, 1.53988666965, 2.0, 3.0, 0.730732316058, 2.0720773432, -1.0, 1.0, 2.04783638049, 0.439019353182, -0.53431840876, 2.0, 0.512542400899, 3.0, -0.534486999392, 2.0, 1.82331216986, -1.0, 3.0, -0.515996898531, -1.0, 2.22310536738, -1.0, 3114.0, 426.0, 376.0
1.81876338851, 1.0, -1.0, 1.50927106774, -0.960125767675, 2.30524385963, 0.562518669443, -1.0, -0.96937682793, -1.0, 1.36136974585, -0.941889753354, 0.0, -1.0, -1.0, 2.0, 2.0, -1.0, -0.638021173307, 3.0, -0.852589857209, -1.0, -0.761824825303, -0.754111403688, 0.224098293581, 1.64920463623, 3.0, 2.28705406987, 1.53988666965, 2.0, 3.0, 0.278063979769, 2.0720773432, -1.0, 1.0, 2.04783638049, 0.439019353182, -0.53431840876, 2.0, 0.512542400899, 3.0, 0.0, 2.81335902351, -0.959310143552, -1.0, 0.694501141652, -0.00606455974022, -1.0, 2.22310536738, -1.0, 3058.0, 433.0, 370.0
1.85689477119, 0.634869032249, -1.0, 1.50927106774, -0.960125767675, 2.30524385963, 0.562518669443, -1.0, -0.96937682793, -1.0, 1.36136974585, -0.941889753354, -0.372750169288, -1.0, -1.0, 2.0, 2.0, -1.0, -0.638021173307, 3.0, -0.852589857209, -1.0, -0.761824825303, -0.754111403688, 0.224098293581, 1.68356257776, 3.0, 2.28705406987, 1.53988666965, 2.0, 3.0, 0.278063979769, 2.0720773432, -1.0, 1.0, 2.04783638049, 0.439019353182, -0.53431840876, 2.0, 0.512542400899, 3.0, 0.0, 2.81335902351, -0.959310143552, -1.0, 0.694501141652, -0.00606455974022, -1.0, 2.22310536738, -1.0, 3058.0, 433.0, 370.0
-1.0, 1.0, 1.0, -1.0, -1.0, 2.0, 2.23376249132, 1.0, -1.0, 1.88415089745, 1.0, -0.724213209166, 1.0, 3.0, 1.81405160385, 3.0, 2.30989277242, -0.747498527993, 2.0, 1.0, 2.24547228384, -1.0, 2.0, 3.0, 1.56413262943, 1.0, 1.47287332331, 1.95088880186, -0.835591936655, -1.0, -0.668327687483, 0.894692785252, 1.82113208719, -0.316367738338, 0.0, -1.0, 0.152984284389, 2.08305686455, 1.0, -0.644595916845, -0.714224151696, -1.0, -0.548988064354, 1.91514246525, -1.0, -1.0, -1.0, -0.864334773786, 2.68027186983, -1.0, 3281.0, 421.0, 390.0
-1.0, -0.668992264279, 1.0, -0.707146878533, -1.0, 2.0, 2.0, 2.13076656328, -1.0, -0.824572201055, 2.59257583843, 0.0, 2.132840926, 3.0, 2.11770443206, 2.16599173929, 2.30989277242, 1.0, 0.764467922959, 2.71928542255, 1.1315625407, -1.0, 2.0, 3.0, 1.65071824111, 0.683688386021, 0.717972059461, 1.83644912446, 0.0, -1.0, 1.0, 1.49985170901, 2.48420414752, -0.77833058188, -0.783479785595, -1.0, 2.00422531787, 2.08305686455, 1.0, 0.864605404009, -1.0, -1.0, -0.57798728043, 0.553900116457, -1.0, -1.0, -1.0, -0.841808506396, 2.0, -1.0, 3054.0, 441.0, 378.0
-1.0, 0.782921934518, 0.0397008774899, -0.784169546114, -1.0, 0.842672230639, 2.0, 2.13076656328, -1.0, -0.846359458021, 2.59257583843, 0.098622599914, 2.132840926, 3.0, 2.31746840213, 2.16599173929, 2.39004401678, 1.0, 1.52297150362, 2.71928542255, 1.1315625407, -1.0, 2.55022759928, 3.0, 2.34453596762, 0.683688386021, 2.75604985963, 2.93892011966, 0.0, -0.164677341012, 0.0, 0.894692785252, -1.0, -0.512249072633, 0.0, -1.0, 2.00422531787, 2.08305686455, 2.28102252923, 1.68678886063, -1.0, -1.0, -0.548988064354, -0.687427922473, -1.0, -1.0, -1.0, -0.841808506396, 2.0, -1.0, 3034.0, 464.0, 389.0
1.81876338851, 1.0, -1.0, 1.50927106774, 0.0, 2.30524385963, 1.77785424242, -1.0, -0.896832158938, -1.0, 1.12760084986, -0.517335014998, -0.843308947345, -1.0, -1.0, -0.523577108562, 2.0, -1.0, 1.58410825617, 3.0, 0.0, -1.0, -0.761824825303, -0.754111403688, 0.224098293581, 1.64920463623, 3.0, 2.28705406987, 1.53988666965, 2.0, 3.0, 0.730732316058, 2.0720773432, -1.0, 1.0, 2.04783638049, 0.439019353182, -0.53431840876, 2.0, 0.512542400899, 3.0, -0.534486999392, 2.0, 1.82331216986, -1.0, 3.0, -0.515996898531, -1.0, 2.22310536738, -1.0, 3140.0, 426.0, 376.0
1.81876338851, 1.0, -1.0, 1.50927106774, 0.0, 2.30524385963, 1.77785424242, -1.0, -0.896832158938, -1.0, 1.12760084986, -0.517335014998, -0.843308947345, -1.0, -1.0, -0.523577108562, 2.0, -0.938394206316, 1.58410825617, 3.0, 0.0, -1.0, -0.761824825303, -0.754111403688, 0.224098293581, 1.64920463623, 3.0, 2.28705406987, 1.53988666965, 2.0, 3.0, 0.730732316058, 2.0720773432, -0.77833058188, 1.0, 2.04783638049, 0.439019353182, -0.53431840876, 2.0, 0.512542400899, 3.0, -0.534486999392, 2.0, 1.82331216986, -1.0, 3.0, -0.515996898531, -1.0, 2.22310536738, -1.0, 3140.0, 426.0, 376.0
1.85689477119, 0.634869032249, -1.0, 1.50927106774, -0.960125767675, 2.30524385963, 0.562518669443, -1.0, -0.96937682793, -1.0, 1.36136974585, -0.941889753354, -0.372750169288, -1.0, -1.0, 2.0, 2.0, -1.0, -0.638021173307, 3.0, -0.852589857209, -1.0, -0.761824825303, -0.754111403688, -0.0232240921388, 1.68356257776, 3.0, 2.28705406987, 1.53988666965, 2.0, 3.0, 0.278063979769, 2.0720773432, -1.0, 1.0, 2.04783638049, 0.439019353182, -0.53431840876, 2.0, 0.512542400899, 3.0, 0.0, 2.05915308846, -0.959310143552, -1.0, 0.694501141652, -0.00606455974022, -1.0, 2.22310536738, -1.0, 3108.0, 433.0, 370.0
-1.0, 1.0, 1.0, -1.0, -1.0, 2.15126015346, 2.23376249132, 1.0, -1.0, 1.88415089745, 1.0, -0.724213209166, -0.346358993042, 3.0, 1.81405160385, 3.0, 2.31038743027, -0.747498527993, 2.0, 1.0, 0.418384242718, -1.0, 2.0, 3.0, 1.56413262943, 1.0, 3.0, 1.95088880186, -0.835591936655, -1.0, -0.668327687483, 0.894692785252, 1.82113208719, -0.316367738338, 0.0, -1.0, 0.152984284389, 2.08305686455, 1.0, -0.644595916845, -0.714224151696, -1.0, -0.548988064354, 1.91514246525, -1.0, -1.0, -1.0, -0.918547908188, 2.68027186983, -1.0, 3285.0, 421.0, 390.0
-1.0, -0.668992264279, 1.0, -0.707146878533, -1.0, 2.0, 2.0, 2.13076656328, -1.0, -0.824572201055, 2.59257583843, 0.0, 2.132840926, 3.0, 2.11770443206, 2.16599173929, 2.30989277242, 1.0, 2.16241401009, 2.71928542255, 1.1315625407, -1.0, 2.0, 3.0, 1.65071824111, 0.683688386021, 0.717972059461, 1.83644912446, 0.0, -1.0, 1.0, 1.49985170901, 2.48420414752, -0.77833058188, -0.783479785595, -1.0, 2.00422531787, 2.08305686455, 1.0, 0.345181646333, -1.0, -1.0, -0.57798728043, 0.553900116457, -1.0, -1.0, -1.0, -0.841808506396, 2.0, -1.0, 3070.0, 441.0, 378.0
1.81876338851, 1.0, -1.0, 1.50927106774, 0.0, 2.30524385963, 1.77785424242, -1.0, -0.896832158938, -1.0, 1.12760084986, -0.517335014998, -0.843308947345, -1.0, -1.0, -0.523577108562, 2.0, -1.0, 1.58410825617, 3.0, 0.0, -1.0, -0.761824825303, -0.754111403688, 0.224098293581, 1.64920463623, 3.0, 2.28705406987, 1.53988666965, 2.0, 3.0, 0.730732316058, 2.0720773432, -1.0, 1.0, 2.04783638049, 0.439019353182, -0.53431840876, 1.38977844942, 0.512542400899, 3.0, -0.534486999392, 2.0, 1.82331216986, -1.0, 3.0, -0.515996898531, -1.0, 2.22310536738, -1.0, 3177.0, 426.0, 376.0
-0.832376027167, -0.993030202506, 0.795337166787, 2.0, -1.0, -0.692109111467, 0.449402262203, -0.876214199412, -1.0, -1.0, -0.179499595979, 1.0, 1.0, -1.0, -0.0261070374107, -0.612353730515, 0.852228127, 0.0, 2.27881984746, 1.0, -0.749346843673, 2.01410632623, 1.87650563509, -1.0, 2.25729371006, 1.0, 0.0, -0.518769562896, 2.27842076006, 0.0, 2.65921524705, -0.502114574293, 0.121276698053, 1.0, -1.0, 3.0, -1.0, -0.00462824515514, -1.0, 1.0, 1.32276000181, 2.0, 0.0, 0.0, -1.0, -0.729329935783, -1.0, 0.0221569586446, -1.0, 0.0, 3863.0, 447.0, 370.0
-0.832376027167, -0.993030202506, 0.795337166787, 2.0, -1.0, -0.692109111467, 0.449402262203, -0.876214199412, -1.0, -1.0, -0.179499595979, 1.0, 1.0, -1.0, -0.0261070374107, -0.612353730515, 0.852228127, 0.0, 2.27881984746, 1.0, -0.749346843673, 2.01410632623, 1.87650563509, -1.0, 2.25729371006, 1.0, 0.0, -0.518769562896, 2.27842076006, 0.0, 2.65921524705, -0.502114574293, 0.121276698053, 1.0, -1.0, 3.0, -1.0, -0.0632091133642, -1.0, 1.0, 1.32276000181, 2.0, 0.0, 0.0, -1.0, -0.729329935783, -1.0, 0.0221569586446, -1.0, -0.253899018712, 3863.0, 447.0, 370.0
1.81876338851, 0.859515766834, -0.785387664044, 1.50927106774, -0.960125767675, 2.30524385963, 0.562518669443, -1.0, -0.96937682793, -1.0, 1.36136974585, -0.941889753354, 0.0, -1.0, -0.281057437113, 2.56744901915, 2.0, -1.0, -0.638021173307, 2.53253257458, -0.852589857209, -1.0, -0.761824825303, -0.754111403688, 0.224098293581, 1.64920463623, 1.88186092929, 2.57059292847, 1.53988666965, 2.54563611397, 3.0, 0.20187888423, 1.8909297257, -1.0, 1.0, 2.04783638049, 1.57824022018, -0.53431840876, 2.0, 0.512542400899, 3.0, 0.0, 1.74466507844, -0.959310143552, -1.0, 0.694501141652, -0.00606455974022, -1.0, 2.22310536738, -1.0, 3149.0, 449.0, 383.0
-1.0, 1.70672709434, -0.0183367256007, -1.0, 1.38005211459, 2.0, 2.89092331509, -0.981025983423, -1.0, 1.88415089745, 2.50329804574, -0.69712184252, 2.42242959297, 3.0, 1.81405160385, 3.0, 2.30989277242, 1.60775404721, 2.0, 1.0, 2.24547228384, -1.0, 0.956596255966, 3.0, 3.0, 1.0, 2.0, 2.05045649238, 0.0, -1.0, 0.0, -1.0, 1.82113208719, -1.0, 0.0, -1.0, -0.981123365029, 2.08305686455, 2.0, 1.00405894924, -1.0, -1.0, -0.548988064354, 2.62599456737, -1.0, -1.0, -1.0, -0.92590632989, 2.0, -1.0, 3143.0, 443.0, 389.0
-1.0, -0.610097329029, -1.0, 2.0, -1.0, 2.0, 0.386181008714, 1.56584596954, -1.0, 2.0, -0.942694904698, -0.53673987279, 0.0149920637381, -1.0, 2.0, 2.16074331022, 0.221182304806, 0.666263857013, 2.02667017882, 0.790293553199, 0.185473134868, -0.520708985061, 2.97184779253, 2.54942273933, 2.74922603105, -1.0, 1.19728738879, -0.988420847198, 0.0, -1.0, 2.2727253968, 1.09404034114, 3.0, 0.0, -1.0, 1.99745737015, 0.621980387365, -1.0, 1.0, 1.92802816611, 2.22034295046, -1.0, -0.552878657859, 1.0, -1.0, -1.0, -1.0, -0.164111336019, 1.48619616185, -1.0, 3309.0, 426.0, 377.0
1.81876338851, 1.0, -1.0, 1.50927106774, -0.960125767675, 2.30524385963, 0.562518669443, -1.0, -0.982390402335, -1.0, 1.36136974585, -0.941889753354, 0.0, -1.0, -1.0, 2.0, 2.0, -1.0, -0.638021173307, 3.0, -0.852589857209, -1.0, -0.761824825303, -0.00973711482028, 0.224098293581, 1.64920463623, 3.0, 2.28705406987, 1.53988666965, 2.0, 3.0, 0.278063979769, 2.0720773432, -1.0, 1.0, 2.04783638049, 0.374550913659, -0.53431840876, 2.0, 0.512542400899, 3.0, 0.0, 2.81335902351, -0.959310143552, -1.0, 0.694501141652, -0.00606455974022, -1.0, 2.39025672472, -1.0, 3199.0, 443.0, 381.0
1.81876338851, 1.0, -1.0, 1.50927106774, 0.0, 2.30524385963, 1.77785424242, -1.0, -0.809127407197, -1.0, 1.12760084986, -0.517335014998, -0.843308947345, -1.0, -1.0, -0.242432414933, 2.29210607687, -1.0, 1.58410825617, 3.0, 0.0, -1.0, -0.761824825303, -0.754111403688, 0.224098293581, -0.110634606399, 3.0, 2.28705406987, 1.67953560723, 1.73390482527, 3.0, 0.730732316058, 2.0720773432, -1.0, 1.0, 2.04783638049, 0.439019353182, -0.53431840876, 1.38977844942, 0.512542400899, 3.0, -0.534486999392, 2.0, 1.82331216986, -1.0, 3.0, -0.515996898531, -1.0, 2.22310536738, -1.0, 3264.0, 444.0, 380.0
1.81876338851, 0.859515766834, -0.785387664044, 1.50927106774, -0.960125767675, 2.30524385963, 0.562518669443, -1.0, -0.96937682793, -1.0, 1.36136974585, -0.941889753354, 0.0, -1.0, -0.281057437113, 2.56744901915, 2.0, -1.0, -0.638021173307, 2.53253257458, -0.852589857209, -1.0, -0.761824825303, -0.754111403688, 0.224098293581, 1.64920463623, 1.88186092929, 2.28705406987, 1.53988666965, 2.54563611397, 3.0, 0.20187888423, 2.0720773432, -1.0, 1.0, 2.04783638049, 1.57824022018, -0.53431840876, 2.0, 0.512542400899, 3.0, 0.0, 1.74466507844, -0.959310143552, -1.0, 0.694501141652, -0.00606455974022, -1.0, 2.97237046568, -1.0, 3156.0, 449.0, 383.0
-1.0, 1.0, 1.0, -1.0, 2.24385376973, 2.0, 2.0, 1.0, -1.0, 1.88415089745, 1.0, -0.69712184252, 1.0, 2.49610580739, 1.81405160385, 3.0, 2.30989277242, 1.0, 2.81964851001, 0.74218505727, 0.266742632831, -0.513790558085, 0.956596255966, 3.0, 1.45215919013, 1.0, 2.0, 2.06311161404, -0.745727226929, -1.0, 2.35994137884, 0.894692785252, -0.369927779582, -1.0, 0.0, -0.778855601588, -1.0, 2.57502005533, 1.0, -1.0, -1.0, -1.0, -0.891476498956, 1.91514246525, -1.0, -1.0, -1.0, -0.952011434985, 0.18632367287, -1.0, 3436.0, 437.0, 390.0
2.0, -0.231241824284, 2.61850842424, 2.02523593902, 1.0, -0.702892243756, 2.0, 2.48995804394, -0.544332447916, -1.0, 0.0, -0.621339949507, -1.0, 0.889623054303, 0.232926565938, 0.545503033883, 0.0469489246033, 0.0, 2.0, -0.397581072211, 0.0, -0.513790558085, 0.354521909783, -0.559218848641, -0.779785604445, -0.678945730436, -1.0, -0.342443133341, 0.0, 1.0, 1.0, -1.0, -1.0, 2.97299599884, -1.0, 0.0, 0.247022252697, -1.0, 3.0, -0.824449897467, 3.0, -1.0, -0.109780355935, -1.0, -1.0, 1.34412536934, -1.0, 0.0, 1.50234613284, -1.0, 3750.0, 436.0, 382.0
2.0, 0.840850564974, 2.61850842424, 2.02523593902, 1.0, 2.27231152859, 3.0, 2.48995804394, -0.544332447916, -1.0, 0.0, -0.621339949507, -1.0, 0.889623054303, 0.232926565938, 0.545503033883, 2.0, 0.0, 2.0, -0.397581072211, 0.0, -1.0, 0.354521909783, -0.559218848641, 0.0, -0.576214463416, -1.0, -0.342443133341, 0.0, 1.0, 1.0, -1.0, -1.0, 2.97299599884, -1.0, 0.0, -1.0, -1.0, 3.0, -0.824449897467, 3.0, -1.0, -1.0, -1.0, -1.0, 1.0, -1.0, 0.0, 1.50234613284, -1.0, 3458.0, 440.0, 377.0
1.81876338851, 1.0, -1.0, 1.50927106774, 0.0, 2.30524385963, 1.77785424242, -0.132572974426, -0.896832158938, -1.0, 1.12760084986, -0.517335014998, -0.843308947345, -1.0, -1.0, -0.523577108562, 2.0, -1.0, 1.45031423785, 3.0, 0.982365007253, -1.0, -0.761824825303, -0.754111403688, 0.224098293581, 1.64920463623, 2.13931236784, 2.28705406987, 1.53988666965, 2.0, 3.0, 0.730732316058, 2.0720773432, -1.0, 1.0, 1.41540322827, 0.439019353182, -0.53431840876, 2.0, 0.512542400899, 3.0, -0.534486999392, 2.0, 1.82331216986, -1.0, 3.0, -0.515996898531, -1.0, 2.22310536738, -1.0, 3337.0, 440.0, 388.0
1.81876338851, 1.0, -1.0, 1.50927106774, 0.0, 2.30524385963, 1.77785424242, -1.0, 0.653427452751, -1.0, 1.12760084986, -0.517335014998, -0.843308947345, -1.0, -1.0, -0.523577108562, 2.0, -1.0, 1.58410825617, 3.0, 0.0, -1.0, -0.761824825303, -0.754111403688, 0.224098293581, 1.64920463623, 3.0, 2.28705406987, 1.53988666965, 2.0, 3.0, 0.730732316058, 2.0720773432, -1.0, 1.0, 2.04783638049, 0.439019353182, -0.53431840876, 1.38977844942, 0.512542400899, 3.0, -0.534486999392, 2.0, 1.82331216986, -1.0, 3.0, -0.515996898531, -1.0, 2.22310536738, -1.0, 3380.0, 437.0, 396.0
3.0, 0.842009341787, -1.0, -1.0, 0.860065321404, 1.131362749, 0.0, 2.28628011766, 2.02105244321, -0.907651382578, -1.0, -0.880812148172, -1.0, 1.0, -0.966029259457, 3.0, 1.0, 0.0, 1.47028014585, 1.0, -0.875183534722, 0.493532426574, -0.391243243143, 1.21716268013, 0.0, -0.249655867897, -0.137262390075, -0.267096744328, 2.99800926247, -1.0, -1.0, -1.0, 1.0, -0.669630218454, 0.0, 1.0, -1.0, -0.790711733511, 3.0, -0.965297557665, -1.0, -0.856693129715, -0.562210993095, 2.0, -1.0, 3.0, -0.91518088566, 0.88598007762, 2.0, 1.0, 3980.0, 432.0, 395.0
3.0, 0.842009341787, -1.0, -1.0, 2.48612865648, 1.131362749, 0.0, 2.28628011766, 3.0, -0.907651382578, -1.0, 0.0, -1.0, 1.0, -0.966029259457, 3.0, 1.0, -0.568725466836, 1.47028014585, 1.0, 0.0184118342747, -1.0, -0.547759225868, -0.938332058482, 0.0, 2.0, -1.0, 0.0, 2.99485817276, -1.0, -1.0, -1.0, 1.0, -0.185885002035, 0.0, 1.0, -1.0, -0.790711733511, 3.0, -0.965297557665, -1.0, 1.65371133418, -0.562210993095, 2.0, -1.0, 3.0, 1.0, 0.88598007762, 2.0, 1.0, 3866.0, 432.0, 412.0
3.0, 0.842009341787, -1.0, -1.0, 2.48612865648, 1.131362749, 0.0, 2.28628011766, 3.0, -0.907651382578, -1.0, 0.0, -1.0, 1.0, -0.966029259457, 3.0, 1.0, -0.568725466836, 1.47028014585, 1.0, 0.0184118342747, -1.0, -0.547759225868, -0.938332058482, 0.0, 2.0, -1.0, 0.0, 2.99485817276, -1.0, -1.0, -1.0, 1.0, -0.185885002035, 0.0, 1.0, -1.0, -0.790711733511, 3.0, -0.965297557665, -1.0, 1.65371133418, -0.562210993095, 2.0, -1.0, 3.0, 1.0, 0.88598007762, 2.0, 1.0, 3866.0, 432.0, 412.0
3.0, 0.842009341787, -1.0, -0.963248453281, 2.48612865648, 1.131362749, 0.0, 2.28628011766, 3.0, -0.907651382578, -1.0, 0.0, -1.0, 1.0, -0.966029259457, 3.0, 1.0, -0.568725466836, 1.47028014585, 1.0, 0.0184118342747, -1.0, -0.547759225868, -0.938332058482, 0.0, 2.0, -1.0, 0.0, 2.99485817276, -1.0, -1.0, -1.0, 1.0, -0.185885002035, 0.0, 1.0, -1.0, -0.790711733511, 3.0, -0.965297557665, -1.0, 1.65371133418, -0.562210993095, 2.0, -1.0, 3.0, 1.0, 0.88598007762, 2.0, 1.0, 3866.0, 432.0, 412.0
-1.0, 0.263131076239, -0.0183367256007, -1.0, 1.38005211459, 2.0, 2.18353936665, -0.981025983423, -1.0, 1.88415089745, 2.50329804574, -0.69712184252, 2.60526323848, 3.0, 1.81405160385, 3.0, 2.30989277242, 1.0, 1.52297150362, 1.0, 2.24547228384, -1.0, 0.956596255966, 3.0, 3.0, 1.0, 2.0, 1.83644912446, -0.143956766163, -1.0, 0.0, -1.0, 1.82113208719, -1.0, 0.823979193227, -1.0, -0.981123365029, 2.08305686455, 1.0, 1.00405894924, -1.0, -1.0, -0.548988064354, 1.91514246525, -1.0, -1.0, -1.0, -0.841808506396, 2.0, -1.0, 3289.0, 443.0, 389.0
-1.0, -0.610097329029, -1.0, 2.0, -1.0, 2.0, 0.386181008714, 1.56584596954, -1.0, 2.0, -0.369732778162, -0.53673987279, 0.0149920637381, -1.0, 2.0, 2.16074331022, 0.221182304806, 0.666263857013, 2.02667017882, 0.790293553199, 0.185473134868, -0.520708985061, 2.97184779253, 2.54942273933, 2.74922603105, -1.0, 1.19728738879, -0.988420847198, 0.0, -1.0, 2.2727253968, 1.09404034114, 3.0, 0.0, -1.0, 1.99745737015, 0.621980387365, -1.0, 2.3338504483, 1.92802816611, 2.22034295046, -1.0, -0.552878657859, 1.0, -1.0, -1.0, -1.0, -0.164111336019, 1.48619616185, -1.0, 3338.0, 443.0, 381.0
-1.0, -0.668992264279, 1.0, -0.707146878533, -1.0, 2.0, 2.0, 2.13076656328, -1.0, -0.824572201055, 2.59257583843, 0.0, -0.27283181161, 3.0, 1.81405160385, 2.16599173929, 2.30989277242, 1.0, 2.68714589491, 2.71928542255, 1.1315625407, -1.0, 0.604962851891, 3.0, 2.34453596762, 0.683688386021, 0.717972059461, 1.08727098691, 2.99485817276, -1.0, 0.0, 1.7313565671, 2.48420414752, -0.512249072633, 0.0, -1.0, 2.20633596656, -0.804327067919, 1.0, -0.190892412143, -1.0, -1.0, -0.548988064354, 2.0, -1.0, -1.0, -1.0, -0.841808506396, 2.0, -1.0, 3281.0, 445.0, 381.0
1.81876338851, 0.126290212102, -1.0, 1.50927106774, 1.00566511311, 2.30524385963, 1.74934423454, -1.0, -0.896832158938, -1.0, 1.36136974585, -0.517335014998, 0.0, -1.0, -1.0, 2.0, 2.0, -1.0, 1.58410825617, 3.0, -0.796032757637, -1.0, -0.761824825303, -0.754111403688, 0.224098293581, 1.64920463623, 3.0, 2.28705406987, 1.53988666965, 2.0, 3.0, 0.730732316058, 2.0720773432, -1.0, 1.0, 2.04783638049, 1.87635319918, -0.53431840876, 2.56782465807, 0.512542400899, 3.0, 0.0, -1.0, 0.551608012344, -1.0, 2.0, -0.00606455974022, -1.0, 2.22310536738, -1.0, 3269.0, 452.0, 391.0
-1.0, -0.869033076462, 1.0, -0.468490982468, -1.0, 2.0, 2.0, 2.13076656328, -1.0, -0.996588113336, 2.59257583843, 0.0, 2.132840926, 3.0, 2.11770443206, 2.16599173929, 2.30989277242, 1.0, 2.16241401009, 2.71928542255, 1.1315625407, -1.0, 2.0, 3.0, 1.65071824111, 0.683688386021, 1.57322558705, 1.83644912446, 0.0, -1.0, 1.0, 1.49985170901, -0.119441302327, -0.77833058188, -0.991407835825, -1.0, 2.00422531787, 2.08305686455, 1.0, 0.345181646333, -1.0, -1.0, -0.57798728043, 0.553900116457, -1.0, -1.0, -1.0, -0.841808506396, 2.0, -1.0, 3231.0, 454.0, 387.0
-1.0, 1.90105368551, -0.579876160614, 1.80526331562, -0.984141656298, -1.0, 3.0, -0.836408491511, -1.0, -1.0, -0.721805190887, 3.0, 2.67498648932, 0.380402185169, -0.276956962223, 1.61089676743, 2.0, 2.19715951316, 0.640967894709, -1.0, 2.76290008485, 0.712110408205, 1.0, 2.01197140755, 1.0, 3.0, -0.976370279443, -1.0, 3.0, 0.956618201419, 2.04360579354, 2.0, -0.993495192516, -1.0, 3.0, 1.0, -1.0, 3.0, 0.258689357805, 0.512542400899, 2.54575707022, 2.62176100137, 1.43008202661, 2.0, -1.0, -0.637289562215, 3.0, 1.84559694638, -0.510725542322, 3.0, 3157.0, 486.0, 406.0
-1.0, 0.782921934518, 0.0397008774899, -0.707146878533, -1.0, 2.0, 2.0, 2.13076656328, -1.0, -0.824572201055, 2.59257583843, 0.0, 2.132840926, 3.0, 2.31746840213, 2.16599173929, 2.39004401678, 1.0, 1.14410911854, 2.71928542255, 1.1315625407, -1.0, 2.55022759928, 3.0, 2.34453596762, 0.683688386021, 0.717972059461, 2.93892011966, 0.0, -0.164677341012, 0.0, 0.894692785252, -1.0, -0.512249072633, 0.0, -1.0, 2.00422531787, 2.08305686455, 2.28102252923, 1.00405894924, -1.0, -1.0, -0.548988064354, -0.687427922473, -1.0, -1.0, -1.0, -0.841808506396, 2.0, -1.0, 3161.0, 464.0, 389.0
1.81876338851, 1.0, -0.785387664044, 1.50927106774, -0.960125767675, 2.30524385963, 0.562518669443, -1.0, -0.96937682793, 1.58118617571, 1.36136974585, -0.941889753354, 0.0, -1.0, -1.0, 2.0, 2.0, -1.0, -0.638021173307, 2.53253257458, -0.852589857209, -1.0, -0.761824825303, -0.754111403688, 0.224098293581, 1.64920463623, 1.88186092929, 2.28705406987, 1.53988666965, 2.0, 3.0, 0.20187888423, 2.0720773432, -1.0, 1.0, 2.04783638049, 1.57824022018, 2.76527819309, 2.0, 0.512542400899, 3.0, 0.0, 2.81335902351, -0.959310143552, -1.0, 0.694501141652, -0.00606455974022, -1.0, 2.22310536738, -1.0, 3215.0, 458.0, 399.0
-1.0, 1.0, 1.0, -1.0, 2.24385376973, 2.0, 2.0, 1.0, -1.0, 1.88415089745, 1.0, -0.69712184252, 1.0, 3.0, 1.81405160385, 3.0, 2.30989277242, 1.0, 2.0, 0.74218505727, 0.266742632831, -1.0, 0.956596255966, 3.0, 1.45215919013, 1.0, 2.0, 2.06311161404, -0.745727226929, -1.0, 0.0, 0.894692785252, -0.369927779582, -1.0, 0.0, -0.778855601588, -1.0, 2.08305686455, 1.0, -1.0, -1.0, -1.0, -0.891476498956, 1.91514246525, -1.0, -1.0, -1.0, -0.952011434985, 0.18632367287, -1.0, 3503.0, 437.0, 390.0
2.0, -0.231241824284, 2.61850842424, 2.02523593902, 1.0, 2.27231152859, 3.0, 2.48995804394, -0.544332447916, -1.0, 0.0, -0.621339949507, -1.0, 0.889623054303, 0.232926565938, 0.545503033883, 2.0, 0.0, 2.0, -0.397581072211, 0.0, -0.513790558085, 0.354521909783, -0.559218848641, 0.0, -0.678945730436, -1.0, -0.342443133341, 0.0, 1.0, 1.0, -1.0, -1.0, 2.97299599884, -1.0, 0.0, -1.0, -1.0, 3.0, -0.824449897467, 3.0, -1.0, -1.0, -1.0, -1.0, 1.0, -1.0, 0.0, 1.50234613284, -1.0, 3501.0, 440.0, 377.0
3.0, 0.842009341787, -1.0, -1.0, 0.348709653236, 1.131362749, 0.0, 2.28628011766, 3.0, -0.907651382578, -1.0, 0.0, -1.0, 1.0, -0.966029259457, 3.0, 1.0, -0.568725466836, 1.47028014585, 1.0, 0.0184118342747, -1.0, -0.547759225868, -0.938332058482, 0.0, 1.16978551862, -1.0, 2.40795639284, 2.99485817276, -1.0, -1.0, -1.0, 1.0, -0.185885002035, 0.327438770176, 1.0, -1.0, -0.790711733511, 3.0, -0.965297557665, -1.0, 1.65371133418, -0.562210993095, 2.0, -1.0, 3.0, 1.0, 0.88598007762, 2.0, 1.0, 3911.0, 432.0, 412.0
-1.0, 0.263131076239, -0.0183367256007, -1.0, 1.38005211459, 2.0, 2.89092331509, -0.981025983423, -1.0, 1.88415089745, 2.50329804574, -0.69712184252, 2.60526323848, 3.0, 1.81405160385, 3.0, 2.30989277242, 1.0, 1.52297150362, 1.0, 2.24547228384, -1.0, 0.956596255966, 3.0, 3.0, 1.0, 2.0, 2.05045649238, 0.0, -1.0, 0.0, -1.0, 1.82113208719, -1.0, 0.0, -1.0, -0.981123365029, 2.08305686455, 1.0, 1.00405894924, -1.0, -1.0, -0.548988064354, 1.91514246525, -1.0, -1.0, -1.0, -0.841808506396, 2.0, -1.0, 3301.0, 443.0, 389.0
1.81876338851, 1.0, -1.0, 1.50927106774, 0.0, 2.30524385963, 0.562518669443, -1.0, -0.896832158938, -1.0, 1.36136974585, -0.941889753354, -0.5906280335, -1.0, -1.0, 2.0, 2.0, -1.0, -0.638021173307, 3.0, -0.852589857209, -1.0, -0.761824825303, -0.756616139354, 0.224098293581, 1.64920463623, 3.0, 2.40294694986, 1.39070674955, 2.0, 1.5478942566, 0.655491057384, 2.0720773432, -1.0, 1.0, 2.04783638049, 0.439019353182, -0.53431840876, 2.0, 0.512542400899, 3.0, 1.27458401544, 2.0, -0.189855833384, -1.0, 0.694501141652, -0.00606455974022, -1.0, 2.22310536738, -1.0, 3442.0, 447.0, 381.0
-1.0, -0.668992264279, 1.0, -0.707146878533, -1.0, 2.0, 2.0, 2.13076656328, -1.0, -0.824572201055, 2.59257583843, 0.0, 2.132840926, 3.0, 1.81405160385, 2.16599173929, 2.30989277242, 1.0, 2.16241401009, 2.71928542255, 1.1315625407, -1.0, 2.0, 3.0, 2.34453596762, 0.683688386021, 0.717972059461, 1.83644912446, 0.0, -1.0, 0.0, 0.894692785252, 2.48420414752, -0.512249072633, 0.0, -1.0, 2.00422531787, 2.08305686455, 1.0, 0.345181646333, -1.0, -1.0, -0.548988064354, 1.22794803456, -1.0, -1.0, -1.0, -0.841808506396, 2.0, -1.0, 3292.0, 459.0, 392.0
-1.0, 2.52652453791, 2.64611314849, 2.2104351313, -0.993284291486, -1.0, 3.0, 2.28628011766, -1.0, -1.0, 0.525615955604, 3.0, 1.12628590211, 1.45762927601, -1.0, -0.532934965709, 1.57194382184, -0.0712374261004, 1.0, -1.0, -0.749346843673, -0.797057050638, 1.0, 2.54942273933, 1.90522554985, 3.0, 1.0, -1.0, 1.85532920231, 3.0, 1.0, 2.0, 0.0, -1.0, 2.0, 1.0, -1.0, 3.0, 2.0, 0.512542400899, 0.623743645995, 2.0, -0.610908450685, 2.0, -1.0, -0.637289562215, 3.0, 1.17160170228, -1.0, 3.0, 3167.0, 483.0, 406.0
-1.0, 0.782921934518, 1.0, -0.707146878533, -1.0, 2.0, 2.0, 2.13076656328, -1.0, -0.824572201055, 2.59257583843, 0.0, 2.132840926, 3.0, 1.81405160385, 2.16599173929, 1.66613236054, 1.0, 2.16241401009, 2.71928542255, 1.43619322895, -1.0, 2.74445601796, 3.0, 2.34453596762, 0.683688386021, 0.717972059461, 1.83644912446, 0.0, -1.0, 0.0, 0.894692785252, -1.0, -0.512249072633, 0.296951138122, -0.328430671881, 2.00422531787, 2.08305686455, -0.928639024706, 1.00405894924, -1.0, -1.0, -0.548988064354, 1.22794803456, -1.0, -1.0, -1.0, -0.841808506396, 2.0, -1.0, 3241.0, 465.0, 395.0
0.459548793688, 2.56504307937, 2.82652520203, -0.182763679977, -1.0, -1.0, 0.0, -0.137235825614, -1.0, -1.0, 2.0, -0.62812598985, 1.56631834098, -1.0, -1.0, 0.0, -0.214227633495, 2.28543114121, -0.540574616372, -1.0, -0.817256076774, 0.661707328258, 1.0, 2.41033588415, 0.0, 0.0, 2.23985968195, -1.0, -0.624010875718, -1.0, 0.0, 2.31036704105, 0.0, 3.0, -1.0, 2.0, -0.065360183474, -0.521395609589, 3.0, -1.0, -1.0, -0.988479758556, 0.0, 3.0, -1.0, 2.85064936283, -0.416518331183, -0.905174651988, 2.68497592505, 0.865237422319, 3622.0, 438.0, 391.0
-1.0, -0.610097329029, -1.0, 2.0, 1.02488680339, 2.0, 0.386181008714, 1.56584596954, -1.0, 2.0, -0.942694904698, -0.53673987279, -0.429590032056, -1.0, 2.0, 2.16074331022, 0.221182304806, 0.666263857013, 2.02667017882, 0.790293553199, 0.185473134868, -0.520708985061, 2.97184779253, 2.54942273933, 2.74922603105, -1.0, 1.19728738879, -0.988420847198, 1.92939875254, -1.0, 2.2727253968, 1.09404034114, 3.0, 0.0, -1.0, 1.99745737015, 0.621980387365, -1.0, 1.0, 1.92802816611, 2.22034295046, -1.0, -0.552878657859, 1.0, -1.0, -1.0, -1.0, -0.164111336019, 1.48619616185, -1.0, 3505.0, 437.0, 392.0
-1.0, 0.263131076239, -0.0183367256007, -1.0, 1.38005211459, 2.0, 2.89092331509, -0.981025983423, -1.0, 1.88415089745, 2.50329804574, -0.69712184252, 2.42242959297, 3.0, 1.81405160385, 3.0, 2.30989277242, 1.0, 2.0, 1.0, 2.24547228384, -1.0, 0.956596255966, 3.0, 3.0, 1.0, 2.0, 2.05045649238, 0.0, -1.0, 0.0, -1.0, 1.82113208719, -1.0, 0.0, -1.0, -0.981123365029, 2.08305686455, 1.0, 1.00405894924, -1.0, -1.0, -0.548988064354, 1.91514246525, -1.0, -1.0, -1.0, -0.841808506396, 2.0, -1.0, 3329.0, 443.0, 389.0
-0.832376027167, -0.993030202506, 0.795337166787, 2.0, -1.0, -0.692109111467, 0.449402262203, 0.0, -1.0, -1.0, 1.0, 1.0, 1.0, -1.0, -0.0261070374107, -0.612353730515, 0.852228127, 0.0, 2.27881984746, 1.0, -0.749346843673, 2.01410632623, 1.87650563509, -1.0, 2.25729371006, 1.0, 0.0, -0.518769562896, 2.27842076006, 0.0, 2.65921524705, -0.502114574293, 0.121276698053, 1.0, -1.0, 3.0, -1.0, -0.00462824515514, -1.0, 1.0, 1.32276000181, 2.0, 0.0, 0.0, -1.0, -0.729329935783, -1.0, 0.0, -1.0, 0.0, 3987.0, 461.0, 382.0
-1.0, 0.782921934518, 1.0, -0.707146878533, -1.0, 2.0, 2.0, 2.13076656328, -1.0, -0.824572201055, 2.59257583843, 0.0, 2.132840926, 3.0, 1.81405160385, 2.16599173929, 2.30989277242, 1.0, 1.14410911854, 2.71928542255, 1.1315625407, -1.0, 2.0, 3.0, 2.34453596762, 0.683688386021, 0.717972059461, 1.83644912446, 0.0, -1.0, 0.0, 0.894692785252, -1.0, -0.512249072633, 0.0, -1.0, 2.00422531787, 2.08305686455, 2.28102252923, 1.00405894924, -1.0, -1.0, -0.548988064354, 1.22794803456, -1.0, -1.0, -1.0, -0.841808506396, 2.0, -1.0, 3316.0, 461.0, 396.0
-1.0, 1.0, 2.26077682924, 3.0, -0.994678676459, -1.0, 2.91730138918, 1.0, -1.0, -1.0, 0.301249028488, 3.0, 0.0, 1.36062838044, 0.0, 2.93198157056, -0.542083742916, 2.81130072899, -0.800714319652, -1.0, -0.749346843673, 2.0, 1.0, 2.54942273933, -0.836146682578, 3.0, 1.0, -1.0, 3.0, 3.0, 2.81255864607, 2.0, 0.0, -1.0, 2.0, 1.56474598063, -1.0, 3.0, 2.51675016613, 0.512542400899, 2.0, 2.50352438635, 1.0, 2.0, -1.0, -0.899471643373, 3.0, 1.0, -0.924313605208, 3.0, 3215.0, 500.0, 411.0
1.81876338851, 2.58930462862, 0.263383688609, 1.50927106774, 0.0, 2.30524385963, 0.562518669443, -1.0, -0.896832158938, -1.0, 1.36136974585, -0.517335014998, -0.843308947345, 0.210975093441, -0.979896520521, 2.0, 2.97226585694, -1.0, 1.58410825617, 3.0, 0.0, -0.91202895151, -0.684103566944, -0.754111403688, -0.764783186801, 2.46349400779, 3.0, 1.74132147912, 1.53988666965, 2.0, 3.0, 0.730732316058, 2.32846795353, -1.0, 1.0, 2.04783638049, 0.439019353182, 0.976131811767, 2.42480683291, 0.833095668443, -1.0, -0.449468888851, -0.72728802091, 2.63996147218, -0.798055023593, 3.0, 0.574506533437, -1.0, 2.22310536738, -1.0, 3303.0, 466.0, 403.0
2.62752828327, 2.89019403362, -1.0, 3.0, 1.33110359961, 0.789910440251, 2.0787444413, 1.2659205861, 2.0, -1.0, -0.946324648381, 3.0, 1.0, 3.0, -1.0, 1.13640153836, 0.411911147756, 0.429654969359, -0.208645029858, 2.33080347116, 2.95349504786, 2.0, 0.407658250074, 2.71767622002, -1.0, 2.85522605035, 2.82822077271, -0.721574906624, -0.47901757759, 3.0, 3.0, 2.01069425709, 0.546382777647, -1.0, 2.0, 2.32552738635, -0.550615951315, 2.95828541953, -1.0, -0.966745111619, 3.0, 2.8718049222, -1.0, 1.0, 1.65870162914, -0.63722013919, 1.85476442561, -1.0, 1.94896615907, -1.0, 3264.0, 495.0, 443.0
0.0, -1.0, 1.0, 3.0, 1.0, 1.0, 1.0, 2.0, -1.0, -0.658234147145, -1.0, -0.83940435792, -0.890669165999, -0.508893456714, 2.0, 3.0, 3.0, 3.0, -1.0, 0.0, 0.0, 2.0, 2.45361438072, 2.42411121926, -1.0, 1.0, 2.34461940274, -1.0, 0.302920440817, -1.0, -0.99899229581, -0.375180587599, -1.0, -1.0, -1.0, 0.0, 2.80566027646, 2.48846131935, 2.0, -0.690632472182, 2.23614812186, 2.14227115598, -0.371589233267, 2.0, 2.036340457, 0.648636143027, 0.694578763339, 2.08406600046, -1.0, -0.607376524211, 3361.0, 443.0, 394.0
1.81876338851, 1.0, -1.0, 1.50927106774, 0.0, 2.30524385963, 1.77785424242, -1.0, -0.896832158938, -1.0, 1.12760084986, -0.517335014998, -0.843308947345, -1.0, -1.0, -0.523577108562, 2.0, 1.53319236765, 1.58410825617, 3.0, 0.0, -1.0, -0.761824825303, -0.754111403688, 0.224098293581, 1.64920463623, 3.0, 2.28705406987, 1.53988666965, 2.0, 3.0, -0.479932945373, 2.0720773432, -1.0, 1.0, 2.04783638049, 0.439019353182, -0.53431840876, 1.38977844942, 0.512542400899, 3.0, -0.534486999392, 2.0, 1.82331216986, -1.0, 3.0, 1.06486262595, -1.0, 2.97237046568, -1.0, 3360.0, 456.0, 400.0
2.23410240918, 0.126290212102, -1.0, 1.50927106774, 0.0, 2.98346756812, 1.74934423454, -1.0, -0.896832158938, -1.0, 0.96619038605, -0.517335014998, 0.0, -1.0, -1.0, 2.0, 2.16552458447, -1.0, 3.0, 3.0, -0.872867443396, -0.554012520925, -0.761824825303, -0.754111403688, 0.224098293581, 1.64920463623, 3.0, 2.28705406987, 0.894056440876, 2.0, 3.0, 0.730732316058, 1.86939259075, -1.0, 1.0, 2.04783638049, 0.439019353182, -0.53431840876, 2.56782465807, 0.512542400899, 3.0, 0.0, -1.0, 0.551608012344, -1.0, 0.755546378662, -0.00606455974022, -1.0, 2.22310536738, -1.0, 3396.0, 452.0, 391.0
1.9101294783, 1.0, -1.0, 1.50927106774, 0.0, 2.30524385963, 0.562518669443, -1.0, -0.896832158938, -1.0, 1.36136974585, -0.517335014998, -0.843308947345, -1.0, -1.0, 2.0, 2.0, -1.0, 1.58410825617, 3.0, 0.0, -1.0, -0.786359823575, -0.754111403688, 0.224098293581, 1.64920463623, 3.0, 2.28705406987, 1.1559490185, 2.0, 3.0, 0.730732316058, 2.0720773432, -1.0, 1.0, -0.54492837818, 0.439019353182, -0.53431840876, 2.0, 0.512542400899, 3.0, -0.449468888851, 2.0, 1.82331216986, -1.0, 3.0, -0.00606455974022, -1.0, 2.22310536738, -1.0, 3432.0, 450.0, 393.0
-1.0, 0.782921934518, 1.0, -0.707146878533, -1.0, 2.0, 2.0, 2.13076656328, -1.0, -0.824572201055, 2.59257583843, 0.0, 2.132840926, 3.0, 1.81405160385, 2.16599173929, 2.30989277242, 1.0, 2.16241401009, 2.71928542255, 1.1315625407, -1.0, 2.0, 3.0, 2.34453596762, 0.683688386021, 0.717972059461, 1.83644912446, 0.0, -1.0, 0.0, 0.894692785252, -1.0, -0.512249072633, 0.0, -1.0, 2.00422531787, 2.08305686455, 1.0, 1.00405894924, -1.0, -1.0, -0.548988064354, 1.22794803456, -1.0, -1.0, -1.0, -0.841808506396, 2.0, -1.0, 3326.0, 461.0, 396.0
-1.0, 0.782921934518, 1.0, -0.707146878533, -1.0, 2.0, 2.0, 2.13076656328, -1.0, -0.824572201055, 2.59257583843, 0.0, 2.132840926, 3.0, 1.81405160385, 2.16599173929, 1.72894188772, 1.0, 2.16241401009, 2.71928542255, 1.1315625407, -1.0, 2.0, 3.0, 2.34453596762, 0.683688386021, 0.717972059461, 1.83644912446, 0.0, -1.0, 0.0, 0.894692785252, -1.0, -0.512249072633, 0.0, -1.0, 2.00422531787, 2.08305686455, 1.0, 1.00405894924, -1.0, -1.0, -0.548988064354, 1.22794803456, -1.0, -1.0, -1.0, -0.841808506396, 2.0, -1.0, 3326.0, 461.0, 396.0
-1.0, 1.0, 2.26077682924, 3.0, -0.994678676459, -1.0, 2.93278203962, 1.0, -0.796797912443, -1.0, 0.301249028488, 3.0, 0.0, 0.426787804972, 0.0, 2.93198157056, -0.542083742916, 2.81130072899, -0.800714319652, -1.0, -0.749346843673, 2.0, 1.24206117076, 2.54942273933, -0.836146682578, 3.0, 1.0, -1.0, 3.0, 3.0, 2.81255864607, 2.0, 0.0, -1.0, 2.0, 1.56474598063, -1.0, 3.0, 2.51675016613, 0.512542400899, 2.0, 2.50352438635, 1.0, 1.67788263903, -1.0, -0.899471643373, 3.0, 1.0, -0.924313605208, 3.0, 3259.0, 500.0, 411.0
-1.0, 1.90105368551, 0.676761633614, 1.80526331562, -0.984141656298, -1.0, 3.0, -0.836408491511, -1.0, -1.0, -0.721805190887, 3.0, 2.67498648932, 0.380402185169, -0.276956962223, 1.61089676743, 2.0, 2.0, 0.640967894709, -1.0, 2.76290008485, 0.712110408205, 1.0, 2.01197140755, 1.0, 3.0, -0.942508499478, -1.0, 3.0, 3.0, 2.04360579354, 2.0, -0.927311185844, -1.0, 3.0, 1.0, -1.0, 3.0, 1.0, 0.512542400899, 2.54575707022, 2.0, 1.43008202661, 2.0, -1.0, -0.637289562215, 3.0, 1.84559694638, -0.510725542322, 3.0, 3245.0, 500.0, 422.0
-1.0, 1.90105368551, 0.676761633614, 3.0, -0.984141656298, -1.0, 3.0, -0.836408491511, -1.0, -1.0, 0.0, 3.0, 2.67498648932, 1.45762927601, 0.0, 1.61089676743, 2.0, 2.0, 0.640967894709, -1.0, 2.76290008485, 0.712110408205, 1.0, 2.01197140755, 1.0, 3.0, -0.942508499478, -1.0, 3.0, 3.0, 1.0, 2.0, -0.927311185844, -1.0, 3.0, 1.0, -1.0, 3.0, 2.0, 0.512542400899, 2.54575707022, 2.0, 1.43008202661, 2.0, -1.0, -0.637289562215, 3.0, 1.9740205338, -0.510725542322, 3.0, 3236.0, 517.0, 426.0
2.75677839493, 2.89019403362, -1.0, 3.0, 1.33110359961, 0.789910440251, 2.0787444413, 1.2659205861, 2.0, -1.0, -0.946324648381, 3.0, 1.0, 3.0, -1.0, 1.13640153836, 0.411911147756, 0.429654969359, -0.208645029858, 2.33080347116, 2.95349504786, 2.0, 0.407658250074, 2.71767622002, -1.0, 2.85522605035, 2.82822077271, -0.721574906624, -0.47901757759, 3.0, 3.0, 2.01069425709, 0.489857285626, -1.0, 2.0, 2.32552738635, -0.550615951315, 2.95828541953, -1.0, -0.966745111619, 3.0, 2.8718049222, -1.0, 1.0, 1.65870162914, -0.63722013919, 1.85476442561, -1.0, 1.94896615907, -1.0, 3295.0, 495.0, 443.0
-1.0, 1.0, 1.0, -1.0, 2.24385376973, 2.0, 2.0, 1.0, -1.0, 1.88415089745, 1.0, -0.69712184252, 1.0, 3.0, 1.81405160385, 3.0, 2.30989277242, 1.0, 2.0, 0.74218505727, 0.266742632831, -1.0, 0.956596255966, 3.0, 3.0, 1.0, 2.0, 2.05045649238, 0.0, -1.0, 0.0, 0.894692785252, 0.0, -1.0, 0.0, -0.778855601588, -1.0, 2.08305686455, 1.0, -1.0, -1.0, -1.0, -0.891476498956, 1.91514246525, -1.0, -1.0, -1.0, -0.952011434985, 2.0, -1.0, 3383.0, 449.0, 395.0
0.425853695094, 1.0, -1.0, 1.50927106774, 0.0, 2.0, 3.0, -1.0, -0.896832158938, -1.0, 1.36136974585, -0.517335014998, 0.0, -1.0, -0.919238461993, 2.0, -1.0, -1.0, 2.93791975728, 3.0, 0.0, -1.0, -0.761824825303, 1.37632165991, 0.224098293581, 1.64920463623, 3.0, 2.28705406987, 1.53988666965, 2.0, 3.0, -0.668533964764, 0.986496042279, -1.0, 1.0, 2.04783638049, 0.439019353182, -0.53431840876, -0.899646951914, 1.0, 3.0, 0.0, 2.0, -0.189855833384, 2.1029988349, 2.20838922125, 0.042259420299, -1.0, -0.587013069488, -1.0, 3649.0, 444.0, 397.0
-1.0, 1.78433487817, 3.0, -0.182763679977, -1.0, -1.0, 3.0, 0.0, -1.0, -1.0, 2.0, 1.0, 1.56631834098, -0.976892976308, -1.0, 0.813194381125, 0.814703788417, 2.69740849329, 1.51150050383, -1.0, 0.12072672978, 0.493532426574, 1.0, 2.41033588415, 2.19020582087, 0.0, 0.0, 2.05045649238, 0.0, -0.15066357562, -0.654487546599, 2.31036704105, -0.60847642409, 3.0, 2.47371457731, 2.0, 1.55475441041, -0.521395609589, 3.0, -1.0, -1.0, -0.613401370672, 0.0, 3.0, -1.0, -1.0, -1.0, -0.85828262122, 2.39762107039, 3.0, 3385.0, 467.0, 394.0
1.81876338851, 0.126290212102, -1.0, 1.50927106774, 0.0, 2.30524385963, 1.74934423454, -1.0, -0.896832158938, -1.0, 1.36136974585, -0.517335014998, 0.0, -1.0, -1.0, 2.0, 2.0, -1.0, 1.58410825617, 3.0, -0.796032757637, -1.0, -0.761824825303, -0.754111403688, 0.224098293581, 1.64920463623, 3.0, 2.28705406987, 1.53988666965, 2.0, 3.0, 0.730732316058, 2.0720773432, -1.0, 1.0, 2.04783638049, 0.439019353182, -0.53431840876, 2.56782465807, 0.512542400899, 3.0, 0.0, -1.0, 0.551608012344, -1.0, 2.0, -0.00606455974022, -1.0, 2.22310536738, -1.0, 3398.0, 452.0, 391.0
1.9101294783, 0.556358377891, -1.0, 1.50927106774, 0.0, 2.30524385963, 0.562518669443, -1.0, -0.896832158938, -1.0, 1.36136974585, -0.517335014998, -0.843308947345, -1.0, -1.0, 1.05049283379, 2.0, -1.0, 1.58410825617, 3.0, 0.0, -1.0, -0.786359823575, -0.754111403688, 0.224098293581, 1.64920463623, 3.0, 2.28705406987, 1.1559490185, 2.0, 3.0, 0.730732316058, 2.0720773432, -1.0, 0.19826529115, -0.54492837818, 0.439019353182, -0.53431840876, 2.0, 0.512542400899, 1.51562336164, -0.449468888851, 2.0, 1.82331216986, -1.0, 3.0, -0.00606455974022, -1.0, 2.22310536738, -1.0, 3510.0, 450.0, 393.0
2.62752828327, 0.44187286015, -1.0, 3.0, 1.00909725756, -0.993820527737, 2.32059594195, 1.2659205861, 1.14122941072, -1.0, -0.946324648381, 3.0, 1.0, 3.0, -1.0, 3.0, 0.748443572437, 2.51939926218, -0.208645029858, 2.33080347116, 2.95349504786, 2.0, 0.407658250074, 2.54942273933, -1.0, 2.85522605035, 2.82822077271, -0.721574906624, -0.47901757759, -1.0, 3.0, -1.0, 0.546382777647, -1.0, 2.0, 2.32552738635, -0.550615951315, 2.95828541953, -1.0, -0.966745111619, 3.0, 2.8718049222, -1.0, 1.0, 1.65870162914, 0.749111798799, 1.85476442561, -1.0, 1.94896615907, -1.0, 3342.0, 464.0, 432.0
-1.0, 2.52652453791, 2.64611314849, 2.2104351313, -0.993284291486, -1.0, 3.0, 2.28628011766, -0.281124867159, -1.0, 0.525615955604, -0.53673987279, 1.12628590211, 1.45762927601, -1.0, -0.532934965709, 1.57194382184, -0.0712374261004, 1.0, -1.0, -0.749346843673, -0.797057050638, 1.0, 2.54942273933, 1.90522554985, 3.0, 1.0, -1.0, 1.85532920231, 3.0, 1.0, 2.0, -0.0114415745657, -1.0, 2.0, 1.0, -0.559717028478, 3.0, 2.0, 0.512542400899, 0.623743645995, 2.0, -0.610908450685, 2.0, -1.0, -0.637289562215, 3.0, 1.17160170228, -1.0, 3.0, 3336.0, 478.0, 411.0
-1.0, 1.44973160223, 2.64611314849, 2.2104351313, -0.993284291486, 0.91914719708, 3.0, 2.28628011766, -1.0, -1.0, 0.525615955604, 3.0, 1.12628590211, 1.45762927601, -1.0, -0.532934965709, 1.57194382184, -0.0712374261004, 1.0, 0.144606499871, -0.749346843673, -0.797057050638, 1.0, 2.54942273933, 1.90522554985, 3.0, 1.0, -1.0, 1.85532920231, 3.0, 1.0, 2.0, 0.0, -1.0, 2.0, 1.0, -1.0, 3.0, 2.0, 0.512542400899, -0.609182215819, 2.0, -0.610908450685, 2.0, -1.0, -0.637289562215, 3.0, 1.17160170228, -1.0, 3.0, 3318.0, 500.0, 417.0
-1.0, 1.90105368551, 0.676761633614, 1.29701971266, -0.984141656298, -1.0, 3.0, -0.836408491511, -1.0, -1.0, 0.0, 3.0, 2.67498648932, 1.45762927601, 0.0, 1.73983817815, 2.0, 2.0, 0.283031755599, -1.0, 2.76290008485, 0.874093938002, 1.0, 2.01197140755, 1.0, 3.0, -0.948229970275, -1.0, 3.0, 3.0, 1.08494752076, 2.0, -0.927311185844, -1.0, 3.0, 1.0, -1.0, 3.0, 2.0, 2.36347434316, 2.54575707022, 2.0, 1.43008202661, 2.0, -1.0, -0.637289562215, 3.0, 1.9740205338, -0.510725542322, 3.0, 3276.0, 517.0, 426.0
-1.0, -0.610097329029, -1.0, 2.0, 1.02488680339, 2.0, 0.386181008714, 1.56584596954, -1.0, 2.0, -0.942694904698, -0.53673987279, -0.429590032056, -1.0, 2.0, 2.16074331022, 0.221182304806, 0.666263857013, 2.02667017882, 0.790293553199, 0.436332711203, -0.520708985061, 2.97184779253, 2.54942273933, 2.74922603105, -1.0, 1.19728738879, -0.988420847198, 1.92939875254, -1.0, 2.2727253968, 1.09404034114, 3.0, 0.0456999040873, -1.0, 1.99745737015, 0.621980387365, -1.0, 1.0, 1.92802816611, 2.22034295046, -1.0, -0.552878657859, 1.0, -1.0, 0.675117845881, -1.0, -0.164111336019, 1.48619616185, -1.0, 3639.0, 449.0, 406.0
2.23410240918, 2.17949236606, -1.0, -1.0, -0.862447071371, 0.0, -1.0, 0.332617398985, 3.0, -1.0, -1.0, 2.0, -1.0, 2.0, -0.966029259457, 1.0, 0.0, -0.373244758985, 3.0, -1.0, 2.0, 2.0, 0.354521909783, 2.0, -1.0, 0.312456149798, -1.0, 0.0, 3.0, 0.0, 1.99342559372, 1.0, 3.0, -0.633700161513, -0.794837743927, -1.0, 1.19043838439, -1.0, 3.0, -0.824449897467, 2.25215941826, -0.870588347373, -1.0, 2.0, 2.24531081858, 1.25027421163, 1.0, 1.0, 1.29196862523, 1.64833098395, 3651.0, 447.0, 419.0
3.0, 1.3172903633, -1.0, -1.0, 0.860065321404, 1.131362749, 0.0, 2.28628011766, 2.02105244321, -0.907651382578, -1.0, -0.880812148172, -1.0, 1.44259553137, -0.966029259457, 0.527451277249, 1.0, 0.0, 1.47028014585, 1.0, -0.724543348562, 0.493532426574, -0.391243243143, 1.21716268013, 0.0, 0.626365058692, -0.137262390075, 0.183106943181, 2.99800926247, 1.04457902976, -1.0, -1.0, 1.50612196927, -0.669630218454, 0.0, 1.15157333281, -1.0, -0.790711733511, 3.0, -0.965297557665, -1.0, -0.978099220394, -0.562210993095, 2.0, -1.0, 1.95880536945, -0.91518088566, 0.88598007762, 2.93918577757, 1.0, 3963.0, 449.0, 399.0
3.0, 0.842009341787, -1.0, -1.0, 2.48612865648, -1.0, 0.0, 2.28628011766, 3.0, -0.907651382578, -1.0, 0.0, -1.0, 1.0, -0.966029259457, 3.0, 1.0, 0.0, 0.108721926127, 1.0, -0.732064753725, -1.0, -0.547759225868, 1.21716268013, 0.0, 2.74839918897, -0.446503058664, 0.0, 2.99974399576, -1.0, -1.0, -1.0, 1.0, 0.866405024415, 0.0, 1.0, -1.0, -0.790711733511, 3.0, -0.965297557665, -1.0, 1.65371133418, -0.562210993095, 0.876693921497, -1.0, 3.0, 1.0, 0.88598007762, 2.0, 1.0, 4052.0, 446.0, 419.0
0.459548793688, 2.56504307937, 3.0, -0.182763679977, -1.0, -1.0, 3.0, 0.0, -0.945904876228, -1.0, 2.0, 1.0, 2.42117133359, -1.0, -1.0, -0.877043363162, -1.0, 2.25134019501, -0.540574616372, -1.0, -0.724543348562, 0.493532426574, 1.0, 2.41033588415, 0.0, 2.09744469677, 2.44715919237, -1.0, -0.624010875718, -1.0, 0.0, 2.31036704105, 0.0, 2.3501865934, 2.0, 2.0, 1.55475441041, -0.521395609589, 3.0, -1.0, -1.0, -0.384640265806, 0.0, 3.0, -1.0, 3.0, 0.0, -0.85828262122, 2.0, 3.0, 3685.0, 447.0, 412.0
2.23410240918, 0.126290212102, -1.0, 1.50927106774, 0.0, 2.98346756812, 1.74934423454, -1.0, -0.896832158938, -1.0, 0.96619038605, -0.517335014998, 0.0, -1.0, -1.0, 2.0, 2.16552458447, -1.0, 3.0, 3.0, -0.541621000103, -0.554012520925, -0.761824825303, -0.754111403688, -0.180055238604, 1.64920463623, 3.0, 2.28705406987, 2.40428040965, 2.0, 3.0, 0.730732316058, 1.86939259075, -1.0, 1.0, 2.04783638049, 0.439019353182, -0.53431840876, 2.56782465807, 0.512542400899, 3.0, 0.0, -1.0, -0.469046090645, -1.0, 0.755546378662, -0.00606455974022, -1.0, 2.22310536738, -1.0, 3426.0, 452.0, 391.0
-1.0, 0.263131076239, -0.0183367256007, -1.0, 1.38005211459, -0.342479958747, 2.0, -0.981025983423, -1.0, 1.88415089745, -0.322839133215, -0.69712184252, 2.57997093163, 3.0, 1.81405160385, 3.0, 2.30989277242, 1.0, 2.25162405504, 1.0, 2.24547228384, -1.0, 0.956596255966, 3.0, 3.0, 2.67876550289, 2.0, 2.05045649238, 0.0, -1.0, 0.0, 0.325326545448, 1.82113208719, -1.0, 0.0, -1.0, -1.0, 2.08305686455, 1.0, 1.00405894924, -1.0, -1.0, -0.696374700568, 1.85288851705, -1.0, -1.0, -1.0, -0.841808506396, 2.0, -1.0, 3403.0, 454.0, 398.0
-1.0, 0.263131076239, -0.0183367256007, -1.0, 1.38005211459, 2.0, 2.0, -0.981025983423, -1.0, 1.88415089745, -0.322839133215, -0.69712184252, 2.57997093163, 3.0, 1.81405160385, 3.0, 2.30989277242, 2.78527935056, 0.996168158983, -0.950287757961, 2.24547228384, -1.0, 0.956596255966, 3.0, 3.0, 1.0, 2.0, 2.05045649238, 0.0, -1.0, 0.0, 0.894692785252, 1.82113208719, -1.0, 0.0, -1.0, -1.0, 2.08305686455, 1.0, 1.00405894924, -1.0, -0.417062198505, -0.548988064354, 1.91514246525, -1.0, -1.0, -0.691781029078, -0.841808506396, 2.0, -1.0, 3417.0, 452.0, 394.0
0.459548793688, 2.05666229178, 3.0, -0.182763679977, -1.0, -1.0, 3.0, -0.514629659166, -1.0, -1.0, 2.0, 1.0, 1.56631834098, -1.0, -1.0, 0.0, -1.0, 2.25134019501, -0.540574616372, -1.0, -0.951458180883, 0.493532426574, 1.0, 2.41033588415, 0.0, 0.0, 2.23985968195, -1.0, -0.624010875718, -1.0, 0.0, 2.31036704105, 0.0, 3.0, 2.0, 2.0, 1.55475441041, -0.521395609589, 3.0, -1.0, -1.0, -0.384640265806, 0.0, 2.65151231328, -1.0, 3.0, -0.351298245516, -0.85828262122, 2.13477170565, 3.0, 3618.0, 451.0, 404.0
-1.0, 2.39351747952, 0.676761633614, 3.0, -0.984141656298, -1.0, 3.0, -0.836408491511, -1.0, -1.0, 0.0, 3.0, 2.67498648932, 0.758946588896, 0.0, 1.61089676743, 2.0, 2.0, -0.212629750809, -1.0, 2.76290008485, 0.712110408205, 1.0, 2.54942273933, 1.0, 3.0, -0.942508499478, -1.0, 3.0, 3.0, 0.0, 2.0, -0.927311185844, -1.0, 3.0, 1.0, -1.0, 3.0, 1.93254936555, 0.44362806274, 2.54575707022, 2.0, 1.43008202661, 2.0, -1.0, -0.637289562215, 2.96216977012, 1.9740205338, -0.510725542322, 3.0, 3311.0, 517.0, 426.0
3.0, 0.842009341787, -1.0, -1.0, 2.48612865648, -1.0, 0.0, 2.28628011766, 3.0, -0.907651382578, -1.0, 0.0, -1.0, 1.0, -0.966029259457, 3.0, 1.0, 1.35003886471, 0.108721926127, 1.0, -0.732064753725, -1.0, -0.547759225868, 1.21716268013, 0.0, 2.74839918897, -0.446503058664, 0.0, 2.99974399576, -1.0, -1.0, -1.0, 1.0, 0.866405024415, 0.0, 1.0, -1.0, -0.790711733511, 3.0, -0.965297557665, -1.0, 1.65371133418, -0.562210993095, 0.0514562292243, -1.0, 3.0, 1.0, 0.88598007762, 2.0, 1.0, 4069.0, 446.0, 419.0
3.0, 0.842009341787, -1.0, -1.0, 2.48612865648, 1.131362749, 0.0, 2.28628011766, 3.0, -0.907651382578, -1.0, 0.0, -1.0, 1.0, -0.966029259457, 3.0, 1.0, 0.0, 1.47028014585, 1.0, -0.875183534722, -1.0, -0.547759225868, 1.21716268013, 0.0, -0.249655867897, -1.0, 0.0, 2.99485817276, -1.0, -1.0, -1.0, 1.0, 0.41492272648, 0.0, 1.0, -1.0, -0.790711733511, 3.0, -0.965297557665, -1.0, 0.23520853287, -0.562210993095, 2.0, -1.0, 3.0, 1.0, 0.88598007762, 2.0, 1.0, 4078.0, 447.0, 418.0
2.23410240918, 0.126290212102, -1.0, 1.50927106774, 0.0, 2.98346756812, 1.74934423454, -1.0, -0.896832158938, -1.0, 0.96619038605, -0.517335014998, 0.0, -1.0, -1.0, 2.0, 2.16552458447, -1.0, 3.0, 3.0, -0.541621000103, -0.554012520925, -0.761824825303, -0.754111403688, -0.180055238604, 1.41222914605, 3.0, 2.28705406987, 2.40428040965, 2.0, 3.0, 0.730732316058, 1.86939259075, -1.0, 1.0, 2.04783638049, 0.439019353182, -0.53431840876, 2.56782465807, 0.512542400899, 3.0, 0.0, -1.0, -0.469046090645, -1.0, 0.755546378662, -0.00606455974022, -1.0, 2.22310536738, -1.0, 3459.0, 452.0, 391.0
1.81876338851, 1.0, -1.0, 1.50927106774, 0.0, 2.30524385963, 0.991268407466, -1.0, -0.896832158938, -1.0, 1.36136974585, -0.517335014998, -0.843308947345, -1.0, -1.0, 2.0, 2.17750157296, -1.0, 1.58410825617, 3.0, 0.0, -1.0, -0.761824825303, -0.754111403688, 0.224098293581, 1.64920463623, 3.0, 2.28705406987, 1.53988666965, 2.0, 3.0, 0.730732316058, 2.0720773432, -1.0, 1.0, 2.04783638049, 1.8602383994, -0.53431840876, 2.0, 0.512542400899, 3.0, -0.449468888851, 2.0, 1.82331216986, -1.0, 3.0, -0.00606455974022, -1.0, 2.22310536738, -1.0, 3407.0, 469.0, 405.0
3.0, 0.842009341787, -1.0, -1.0, 0.860065321404, 1.131362749, 0.0, 2.28628011766, 2.02105244321, -0.907651382578, -1.0, -0.880812148172, -1.0, 1.44259553137, -0.966029259457, 0.527451277249, 1.0, 0.0, 1.47028014585, 1.0, -0.875183534722, 0.538975280375, -0.391243243143, 1.21716268013, 0.0, 0.626365058692, -0.137262390075, -0.267096744328, 2.99876242806, 1.04457902976, -1.0, -1.0, 1.0, -0.669630218454, 0.0, 1.0, -1.0, -0.790711733511, 3.0, -0.965297557665, -1.0, -0.856693129715, -0.562210993095, 2.0, -1.0, 1.95880536945, -0.91518088566, 0.88598007762, 2.0, 1.0, 3997.0, 449.0, 399.0
