2.38874385267, 1.00000045835, 1.39243892199, 1.14202918445, 1.87802269489, 0.913701138681, 2.29168446597, 1.20331158775, 0.996472544218, 2.88993840285, 5.26503861289, 0.814031957512, 2.71556673168, 1.06162405261, 1.09000083372, 1.0762669761, 1.01410354377, 1.22456070933, 8.82303113808, 0.979593783856, 0.796838906587, 540.537316515, 1.16632284269, 5.29290240033, 1.14696202731, 2.31554252217, 1.10776959123, 145.491098234, 12.4158629346, 1127.05597831, 12.600536193
5.00905250497, 1.00000007833, 1.26417046356, 1.07866907273, 7.06644652814, 0.821799410167, 4.26815020853, 1.11961924651, 0.929844317484, 2.11048230211, 4.74568647627, 1.1254222389, 2.5915113875, 1.01373182652, 1.09000092313, 1.0173423701, 1.03975244086, 0.843510958697, 3.8276538907, 1.00902645388, 0.951782809325, 373.648538225, 1.13654567004, 3.487586561, 1.12046152741, 4.36432914336, 1.23989569819, 103.95825228, 13.2103222788, 1134.53853716, 4.55764075067
1.66161700366, 1.00000067942, 1.63655667097, 0.896108290147, 5.60769925266, 0.954406307927, 4.9814933697, 1.11641530205, 0.99319388966, 5.00311055832, 5.17098093834, 0.950954403281, 1.85171159592, 0.828325957641, 1.09000032253, 1.06868223078, 1.03268116788, 1.04812276471, 6.68718461162, 0.993591192601, 0.982495175734, 790.282496551, 1.1646649599, 3.90244501453, 1.10622409476, 2.56421651075, 1.04615555134, 167.889982619, 12.204440504, 368.01478343, 6.43431635389
3.60247323647, 1.00000064392, 1.19455158787, 0.914715534932, 2.18664340101, 0.948662863273, 1.20347631402, 1.04693862344, 0.926214520668, 6.16295834311, 6.13758498509, 0.846078281262, 2.119785257, 0.830565137995, 1.09000002572, 1.08881251622, 1.00002631696, 0.867288792244, 5.33073190629, 1.00729671009, 0.86581418894, 836.299337646, 1.14894441825, 5.78262648944, 1.00766126909, 3.95022189331, 0.946864210588, 215.15129434, 15.5922391291, 1869.23368371, 1.60857908847
3.44618480621, 1.00000041322, 1.48713295602, 0.836771836462, 2.4603989516, 0.884990375406, 4.03836536878, 1.01676973846, 0.951856655823, 5.19148737279, 6.01251703006, 0.971725764625, 4.741486452, 0.85917021325, 1.090000402, 1.09456576398, 1.0197432204, 1.11085104283, 4.19536318252, 0.967421598705, 0.780367104386, 590.353080725, 1.09258058295, 3.87256933528, 0.974617555539, 1.43955986338, 1.00550518914, 60.5097018985, 17.5916603421, 56.5709856458, 0.0
1.93007987527, 1.00000062061, 1.45778594493, 1.18009812655, 2.10159994167, 0.958936534575, 3.83137869301, 1.09796087756, 0.947639512065, 3.98116349546, 5.14525045989, 0.869590451762, 4.13158046778, 0.846739570973, 1.09000022152, 1.04265852705, 1.00738168129, 1.17721486819, 7.26078459114, 1.04523579574, 0.997054969467, 496.055428408, 1.18717102957, 5.97187146811, 1.23292832196, 4.66773958061, 1.04609312872, 341.975709566, 15.2848221093, 297.353413802, 3.48525469169
3.91235529262, 1.00000069121, 1.38904535515, 1.03095808873, 3.17440793824, 0.82927964653, 4.03752271346, 1.01891456962, 0.978251219525, 4.58147137944, 5.77082699239, 0.918273243195, 2.96660383858, 0.868525703672, 1.09000007512, 1.01447419922, 1.03220519214, 0.894212584604, 4.54859055861, 1.08095205, 0.772793478513, 961.693561275, 1.08387665562, 5.67757403511, 1.08155111905, 5.25684989421, 0.972647590684, 301.475216657, 14.9951808364, 716.95031513, 6.70241286863
1.66093625656, 1.00000027245, 1.00953614834, 0.833688349658, 6.85124623677, 0.879735494551, 2.24752892776, 1.04435367067, 0.96273994527, 4.18964319686, 6.12023187309, 0.869496828623, 4.72691788405, 0.975419662977, 1.09000045759, 1.0957917347, 1.01531425236, 1.09069614334, 6.06765965466, 1.03201074412, 0.765071082334, 774.110595892, 0.984070730985, 5.78409840693, 1.12974217613, 3.85318872599, 1.07017099465, 301.23307364, 14.6499641814, 3010.29024907, 4.55764075067
3.13300948965, 1.00000075498, 1.43253569818, 0.868157133264, 2.06809556619, 0.947260896366, 3.48284432018, 1.22141347901, 0.909736071055, 2.63400521805, 5.89269468862, 1.01838739583, 2.91996888938, 1.22478922581, 1.09000094127, 1.02248349763, 1.01170876523, 1.21742977638, 8.03409049154, 0.930511464686, 0.918303020421, 40.3988553071, 0.944448039726, 4.87141054773, 1.21306714977, 1.41975551709, 1.22285420053, 421.353753163, 17.0206237882, 552.283368812, 5.36193029491
5.47039607232, 1.0000003354, 1.35474893713, 0.910927289912, 6.46384332285, 0.710911051569, 4.18607963627, 1.03401107858, 0.959063680659, 4.06992426327, 5.7526214533, 0.854077453233, 4.7994416034, 0.918175163072, 1.09000056438, 1.0045647926, 1.03203278761, 0.853810873144, 3.66098936373, 1.15862126994, 0.775475877537, 989.76838482, 1.19091134446, 2.6602913028, 1.14256904583, 4.57875650507, 1.12475567337, 584.181677071, 33.8353423433, 1034.49368202, 0.0
4.86387996453, 1.00000037741, 1.28999857907, 0.922297569851, 4.17629731329, 0.874161088848, 3.86802710486, 1.22612296888, 0.932106353874, 4.09820526541, 4.85335783436, 1.07636854931, 1.45090514695, 0.845022777587, 1.09000087438, 1.00177524962, 1.03771442282, 1.18423676822, 3.38679652786, 0.928189036096, 0.778619781954, 325.712561919, 1.17622275494, 5.73311707615, 1.2336094662, 2.54145754233, 0.900168474289, 252.274083694, 20.3791435103, 822.353650051, 0.804289544236
3.03113018802, 1.00000043212, 1.59705723795, 0.953083434752, 5.1762802372, 0.753485118399, 4.24912326082, 1.13213617985, 0.966881517847, 4.56061751536, 4.76471717323, 1.05597284029, 3.8280509104, 1.02426774808, 1.09000093554, 1.0177263021, 1.02679277167, 0.8678764563, 4.04764060503, 0.920708912584, 0.85266249578, 888.580454661, 1.18618305736, 3.52968192519, 1.04618345668, 4.1866984749, 1.10406022532, 630.324162888, 18.3004561814, 1290.02355056, 2.41286863271
2.19001847041, 1.00000000432, 1.52068089948, 0.976172095698, 2.33149717894, 0.910201411053, 3.4449781202, 1.22007624795, 0.9514254914, 5.4200554617, 6.16774801236, 0.863973056462, 1.58323439182, 0.827879242416, 1.09000095568, 1.02589908557, 1.00732893684, 0.937356493259, 8.88645288626, 1.00242421931, 0.816597011704, 64.5337253353, 1.0741286085, 5.57413266267, 1.13944917627, 2.11538297016, 1.27663886136, 115.944200314, 22.6375077702, 1314.92586366, 0.536193029491
5.17217997429, 1.00000066047, 1.55778038837, 0.830236303206, 6.6262790704, 0.927978974618, 2.24379632817, 1.08713240002, 0.958893542799, 2.46528187664, 6.12534045444, 0.982956616903, 2.31510563504, 0.950873271302, 1.09000030045, 1.08338765573, 1.02971498208, 0.989515957528, 9.79857468188, 0.922983241365, 0.807668246579, 347.651878609, 1.00430247136, 1.5034272962, 0.99527378129, 2.44261371636, 1.19795497671, 265.263973334, 20.6949980864, 1180.30123533, 0.0
3.53461051553, 1.00000013162, 1.24725206494, 1.14524495365, 4.97664376433, 0.869195794504, 2.54941293286, 1.0032162031, 0.96382462947, 3.64565374097, 5.35922686599, 1.05581969383, 2.87873379678, 1.11268492475, 1.09000091292, 1.02338836333, 1.0073525252, 1.09023455772, 3.29334701411, 0.954419344308, 0.968956577375, 580.263009046, 1.14086305225, 5.46447991947, 1.16046081331, 2.78358635026, 0.943214970909, 210.598727302, 19.3903131882, 464.456560066, 1.07238605898
5.06730380782, 1.00000024224, 1.59124787202, 1.05140532768, 1.634534195, 0.753992861685, 3.35515066581, 1.11257803902, 0.938597739119, 5.98756867802, 4.87016965172, 1.18233336911, 2.12871822069, 0.911161164317, 1.09000092163, 1.08710213491, 1.00139718285, 1.21442649874, 5.22530334902, 1.04637291655, 0.996620172283, 63.749358134, 1.02457063057, 1.00276367968, 1.19270214677, 4.90391932282, 1.13238203314, 319.951703575, 17.6262466656, 1522.80265013, 1.60857908847
1.83666591712, 1.00000000972, 1.69894669356, 0.823099713363, 6.97489366797, 0.759192660292, 1.36125899313, 1.25019965404, 0.933735855523, 5.87227841408, 6.10491827093, 0.813755662799, 2.73920116563, 1.05863916479, 1.09000067867, 1.06815936083, 1.01359721801, 0.816091641245, 4.94147761445, 1.12989207641, 0.808936918193, 580.159131508, 0.981717195409, 2.68942687481, 1.14644786983, 3.63762033994, 0.937772305836, 420.796757496, 16.5376360327, 2593.99147073, 4.82573726542
3.12322938816, 1.00000042553, 1.56287096961, 1.00567831031, 1.52068354414, 0.981973019865, 5.90986608079, 1.10178489893, 0.916739318964, 5.56459131505, 4.99160521978, 1.18924981963, 3.67950280729, 0.89915934465, 1.09000025562, 1.06074550139, 1.01279022972, 1.01131367248, 4.43575479099, 1.17265110916, 0.943722209088, 736.020365166, 1.02036917858, 4.98727579279, 1.07176675758, 4.80785971948, 0.924667119395, 323.311904994, 15.7014105302, 3263.01601275, 6.70241286863
1.50542674629, 1.00000062136, 1.16573023528, 0.892218721537, 4.59828173804, 0.871957420068, 2.50445124768, 1.10329771962, 0.998663436407, 1.74484513739, 5.4615631661, 1.15730357459, 3.02238655801, 0.910316079616, 1.09000086019, 1.08049501968, 1.0257801729, 0.878940857163, 7.05269985343, 0.991130869467, 0.786688154982, 447.209965516, 1.16011691751, 1.98703396505, 1.00411309299, 5.04206736054, 0.954901078828, 481.654110302, 17.3177374267, 10563.6936688, 5.09383378016
3.7381763006, 1.00000099717, 1.24865310321, 0.834119396374, 5.84604393745, 0.772743563919, 4.686762738, 1.10627971225, 0.927222738821, 2.42542495645, 5.51383285659, 1.12586970408, 2.64006397632, 0.842747512312, 1.09000029411, 1.08653732692, 1.01382012792, 0.857337135383, 3.41272251455, 1.07179606119, 0.783045560983, 49.6666458533, 0.981535456352, 2.57954975324, 1.16786873496, 3.82369320957, 1.00294517378, 1772.43299506, 30.737383018, 9692.49962651, 0.0
2.4782806281, 1.00000032877, 1.50733144116, 1.01447683971, 3.62524008688, 0.944501720263, 1.83564224166, 1.03932635553, 0.980539740294, 4.15705519357, 4.99229199987, 0.875481893829, 4.75711326221, 1.24339971454, 1.09000033953, 1.07125962818, 1.03354990302, 1.11940797054, 4.96132102625, 0.939342478535, 0.804788647555, 792.074431359, 0.940444829034, 5.70580907532, 1.03868211837, 2.6121198782, 0.908011328568, 1303.22435943, 27.2196157468, 12253.8437687, 0.0
1.50542674629, 1.00000062136, 1.16573023528, 0.892218721537, 4.8854275212, 0.871957420068, 1.47422783446, 1.10329771962, 0.998663436407, 1.74484513739, 5.4615631661, 1.15730357459, 3.02238655801, 0.910316079616, 1.09000086019, 1.08049501968, 1.0257801729, 1.00976614281, 7.05269985343, 0.991130869467, 0.786688154982, 447.209965516, 1.16011691751, 1.98703396505, 1.00411309299, 5.04206736054, 0.954901078828, 1004.58844281, 31.2034894889, 6158.37475692, 0.0
1.0564904491, 1.00000093593, 1.35844381028, 0.938142386699, 2.19417252601, 0.824162677645, 2.59897246426, 1.14581730094, 0.993204308148, 5.98439450786, 6.21303483649, 1.16880447044, 2.69376888559, 0.921954969319, 1.0900001509, 1.07303084899, 1.04702915933, 1.14880666126, 3.88265283506, 0.949120395091, 0.828434062281, 111.526097539, 1.09100084497, 5.6415386499, 1.15265380117, 1.29772061706, 0.921557917441, 455.691546383, 31.6105619023, 2313.99183929, 0.0
5.67909479198, 1.0000003109, 1.18311480293, 1.06992843189, 2.95266125123, 0.761693653256, 5.39135709947, 1.17366170022, 0.955166490898, 3.17628398811, 5.89662821007, 1.09881810997, 2.44481941084, 0.939650736205, 1.09000004814, 1.04876604464, 1.03903636727, 0.957046028367, 5.33722964371, 1.0708318094, 0.895366280962, 638.091478511, 0.925304177313, 1.62628117645, 1.01839052457, 5.21302182704, 0.888840978172, 2454.00178994, 55.4831797233, 2230.00953961, 0.268096514745
1.41845654761, 1.00000085997, 1.1502123315, 1.11861543508, 5.99627485572, 0.907546584637, 5.27245206643, 1.00604813644, 0.93891077352, 1.72285273522, 6.17268464807, 1.14023261025, 1.8735565165, 1.17123059445, 1.0900005217, 1.05555834392, 1.01549447335, 0.840815640474, 7.33037066079, 1.04318593789, 0.927572256658, 40.5797455161, 1.17229269667, 3.58614400736, 1.05453319731, 3.2553469489, 1.18815150108, 591.396869104, 17.7559500422, 4467.56986656, 3.48525469169
3.03022438347, 1.00000018892, 1.05132450506, 0.995686960082, 5.45083546409, 0.868011303391, 4.88972344432, 1.09635897505, 0.93132263454, 2.79342524102, 5.01912582409, 0.933948635006, 3.31730656321, 1.24860460754, 1.09000006918, 1.07221621477, 1.04786469995, 0.975474961033, 8.04864041479, 0.981642299942, 0.80077318153, 660.289443493, 1.14140488481, 5.10835108918, 1.15277025644, 5.2115098087, 1.09672581837, 871.148931443, 23.397060107, 15234.7282798, 0.536193029491
5.08041229646, 1.00000062264, 1.67393358626, 0.907124293715, 5.66515882196, 0.977163132261, 2.66069779436, 1.08370744907, 0.999661143094, 4.70573124282, 5.21884829862, 1.11577270348, 1.94417199672, 1.15598708369, 1.09000084798, 1.02977897882, 1.02354302272, 0.998153549317, 3.93518517417, 0.912548456247, 0.939437891184, 589.31815509, 0.926228248987, 3.45042011352, 1.11317056186, 1.97871784737, 1.28021415451, 1227.09095291, 44.0886426093, 3049.24615618, 0.0
2.5428771232, 1.00000013038, 1.07211368688, 1.02234811391, 2.70392918621, 0.781720844328, 3.76098684238, 1.16587329654, 0.972944705056, 3.53367786859, 5.17574982527, 1.2168369439, 2.20171705702, 1.0434437823, 1.09000064236, 1.00099899902, 1.03732223851, 0.979909784845, 4.54464309113, 0.974443829727, 0.81382515973, 279.460007576, 1.09995572129, 5.00636599227, 1.04849812262, 1.32479815269, 0.967704026137, 1525.00590663, 35.1679421963, 5730.15885831, 0.0
1.12257288573, 1.00000074078, 1.62172239522, 1.14692806449, 4.93790247489, 0.929814137108, 2.43728170665, 1.09980227566, 0.945396760014, 2.9242904975, 5.12087309061, 1.03380761137, 2.27727787582, 0.889351603234, 1.09000068114, 1.1073877671, 1.03279383617, 1.07569661795, 7.93967360688, 1.08993167591, 0.916602518205, 450.961000085, 1.19580482294, 5.67111625296, 1.17715672278, 4.46580643663, 0.926681334739, 482.005356084, 17.9316114495, 3865.88474491, 6.16621983914
4.50783246528, 1.00000002942, 1.3230803945, 1.00303149315, 2.44076043321, 0.798362468919, 3.4482014235, 1.17054948517, 0.932038802072, 3.09648786717, 6.17195404551, 0.907356282127, 2.48592553221, 0.822281186821, 1.09000027643, 1.02290322385, 1.03958410238, 1.08615802382, 5.26565831292, 0.99913860566, 0.8102373814, 925.671889683, 1.08893475968, 5.95731014884, 1.12431972661, 4.56618968244, 1.22858249366, 414.629504758, 33.2375623636, 4515.71829207, 0.804289544236
4.6455085848, 1.00000001298, 1.13720030667, 0.904131220927, 6.97912099549, 0.740568311971, 1.21361587453, 1.03095374889, 0.913111129006, 4.40650599496, 5.69336951122, 0.996889891, 3.19342565395, 0.990686870711, 1.09000054736, 1.02472241301, 1.02796058625, 1.18696338557, 6.00110240821, 0.964634957268, 0.794923729653, 628.825814623, 0.970244389913, 2.13073168082, 1.00434260556, 2.09772676918, 1.08803912527, 911.084279599, 30.9691287356, 3148.03935496, 0.804289544236
2.88008861674, 1.00000045849, 1.509592716, 0.811433638125, 4.32721932393, 0.81762539194, 2.87090188654, 1.04308686309, 0.967509026496, 4.85852742459, 5.4670251006, 1.07633379252, 1.074474952, 1.1434790406, 1.09000045592, 1.10969827906, 1.00655841279, 1.0801498948, 5.75038597797, 1.0841938602, 0.888204839103, 936.091285676, 1.1698008152, 1.72987813741, 1.2353323158, 2.33742651906, 1.05659883571, 775.331167878, 22.6840740855, 1260.85483296, 3.75335120643
1.01437010892, 1.00000004709, 1.37809078288, 0.957493008503, 1.99597535684, 0.857029441286, 5.44845565885, 1.06711084348, 0.975104934839, 3.08101726296, 4.808934304, 1.16541744396, 3.65058696643, 1.08542365071, 1.090000164, 1.0118742328, 1.01340558423, 0.811324040923, 4.76447873736, 0.940418447679, 0.971298747971, 813.074708636, 1.15626532225, 2.6484434999, 1.14291806238, 4.1366012425, 0.966222460335, 1287.72358381, 45.8819389178, 7792.6093472, 0.0
2.38874385267, 1.00000045835, 1.39243892199, 1.14202918445, 1.87802269489, 0.913701138681, 2.29168446597, 1.20331158775, 0.996472544218, 3.11528625741, 4.75679681711, 0.814031957512, 2.71556673168, 1.06162405261, 1.09000083372, 1.09512580408, 1.02030386781, 1.22456070933, 8.82303113808, 0.979593783856, 0.796838906587, 850.471750525, 1.16632284269, 5.29290240033, 1.14696202731, 2.31554252217, 1.10776959123, 303.840614637, 21.7160052064, 4828.52912021, 3.48525469169
3.44618480621, 1.00000041322, 1.48713295602, 0.836771836462, 2.51924232363, 0.884990375406, 4.03836536878, 1.14761692163, 0.951856655823, 5.19148737279, 6.01251703006, 0.971725764625, 4.57754242451, 0.85917021325, 1.090000402, 1.09456576398, 1.0197432204, 1.11085104283, 4.19536318252, 0.967421598705, 0.780367104386, 562.986165716, 1.09258058295, 3.87256933528, 0.974617555539, 1.43955986338, 1.00550518914, 1937.101553, 50.0110508154, 7584.7582935, 0.268096514745
1.41084385083, 1.0000004642, 1.20819529506, 0.823934417408, 3.10937292374, 0.734482418098, 1.53249028904, 1.09133014152, 0.925274829719, 4.82523308298, 5.9675675239, 0.957585031975, 3.84061172846, 1.01823738213, 1.09000026006, 1.04847523945, 1.01268129267, 0.910222077718, 3.43934313026, 0.953071249823, 0.76013456287, 273.028863532, 1.08120096216, 5.66922488545, 1.12971715638, 4.89308253341, 1.04364514157, 417.227772697, 23.247606231, 2675.25250423, 1.07238605898
2.73476828336, 1.00000050967, 1.3189198605, 0.99123703728, 3.53890535896, 0.833692398598, 3.01525848144, 1.03284232255, 0.930188888311, 6.04472921534, 5.39391707223, 0.865292229481, 3.7879397449, 1.18450103038, 1.09000030028, 1.05707114666, 1.04978031755, 0.824926222546, 3.27460869919, 1.18162153813, 0.988880269902, 862.22173765, 0.975480278898, 1.01390320753, 1.21070398362, 1.66881205566, 0.88087503082, 962.552045737, 29.4363480976, 1739.46923743, 1.07238605898
2.68718826135, 1.00000061972, 1.38478376846, 1.00038086554, 3.26821329069, 0.764275134511, 3.9612716854, 1.01391312917, 0.933735855523, 4.37594088521, 5.65467834965, 0.827908849046, 3.43571168781, 1.05111010843, 1.09000003655, 1.01413293878, 1.01359721801, 0.819915466853, 7.33322288665, 1.16156831844, 0.977463847962, 771.98212065, 1.07001436086, 2.68942687481, 1.08295748125, 4.92536475671, 1.26259231335, 471.46636371, 24.9607107856, 1449.64001305, 1.87667560322
1.32279435646, 1.00000022837, 1.63743862636, 1.12817131088, 5.30373391406, 0.894073302718, 3.86968018597, 1.03045186839, 0.915127504743, 5.44175091214, 6.06593423346, 1.0378162594, 4.17566469651, 0.874437350212, 1.09000049128, 1.03658161341, 1.00696705836, 1.01149446765, 6.68398373865, 1.04498954846, 0.807033533264, 411.798630239, 1.1598763288, 5.87263544279, 0.950375790065, 4.46747961975, 1.23119027492, 2128.53015518, 49.8833016337, 7081.97360467, 0.0
5.57460124125, 1.0000009772, 1.02183987321, 0.863148347184, 3.76703152238, 0.838205371681, 3.71297386252, 1.07990607408, 0.928544182554, 5.51489390755, 5.85209215525, 0.946081687563, 1.58914645215, 0.882873318356, 1.09000063684, 1.06435669054, 1.00547189928, 0.995599916306, 3.60881924354, 1.01265413286, 0.806700547959, 256.819207816, 0.944168037686, 5.67165440041, 1.04178398949, 1.94928234418, 1.19066066285, 1745.90331053, 48.6853953086, 9006.41605509, 0.268096514745
1.42280452678, 1.0000001458, 1.32197816464, 1.05507322068, 2.06050158378, 0.94276026131, 5.57265611419, 1.07677003321, 0.917671540098, 2.66329495208, 6.13155428306, 1.15469965272, 4.01031662794, 0.850548867148, 1.09000035981, 1.04754851309, 1.0420822064, 1.02565515806, 4.82849261959, 1.09122442995, 0.901792597052, 817.378120118, 1.05811255206, 5.36607406244, 1.05056969982, 5.2345947407, 1.20889882565, 1528.36851183, 48.2680852249, 9117.17896406, 0.0
1.51545801479, 1.00000079419, 1.18987469195, 1.05774457853, 4.93700826865, 0.72554510715, 3.23123459031, 1.06982276452, 0.920227645824, 4.79632872166, 6.03202299488, 0.902770262004, 2.95474606661, 0.983807316887, 1.09000069517, 1.08802271957, 1.03798196617, 0.946179812587, 8.93936109379, 0.955137856287, 0.992095730761, 862.586518865, 1.01375119086, 1.28721451942, 1.124528489, 4.98299903282, 0.985254231705, 1386.80810677, 45.6209575382, 6892.41917378, 0.536193029491
2.38520504039, 1.00000071083, 1.7207162788, 1.05676618548, 6.4108789428, 0.820705049492, 2.42803957227, 1.07917028677, 0.919776233401, 2.12809530592, 5.08848254089, 0.811250013816, 2.39632420367, 1.00090348147, 1.0900002667, 1.03716570101, 1.00675719492, 1.21805679004, 3.92998717856, 0.942854025338, 0.794750743799, 547.32514449, 1.15078331947, 4.65318545455, 1.20056970236, 5.43454919051, 1.16004335903, 604.606898884, 34.2326366062, 2640.59759735, 0.804289544236
3.85927414556, 1.00000022603, 1.45054029402, 0.888577779155, 5.34903185422, 0.766906333954, 4.58929229774, 1.0203410166, 0.961566738788, 6.07212839407, 5.27190602126, 1.16240440267, 3.32686343569, 0.903695131288, 1.09000081136, 1.10074336707, 1.01207156224, 1.18899031108, 8.96111079029, 0.993667470901, 0.928314694644, 541.935686367, 1.15784948631, 5.30059444188, 1.20490713201, 1.17580357654, 1.15450435499, 550.652211424, 21.2267861788, 3485.26340074, 2.68096514745
5.36937206169, 1.00000021139, 1.45022259036, 0.825634527768, 5.2494087874, 0.961819211683, 1.63277649558, 1.06122877886, 0.92278672897, 2.70798452957, 6.10886508494, 0.889620578246, 2.55696032883, 0.930169080549, 1.09000097598, 1.03337743107, 1.04050366243, 0.902948373364, 3.76151030366, 1.12106985702, 0.815162095923, 173.481706819, 1.05031397596, 5.80512551385, 0.955572246076, 5.41832386082, 1.14423922754, 2515.97342208, 40.1638289574, 8420.01565279, 0.536193029491
1.93007987527, 1.00000062061, 1.45778594493, 1.18009812655, 2.10159994167, 0.958936534575, 3.83137869301, 1.09796087756, 0.947639512065, 3.98116349546, 5.14525045989, 0.869590451762, 4.13158046778, 0.846739570973, 1.09000022152, 1.04265852705, 1.00738168129, 1.17721486819, 8.7994225208, 1.04523579574, 0.997054969467, 496.055428408, 1.18717102957, 5.97187146811, 1.23292832196, 4.66773958061, 1.04609312872, 2140.75404095, 36.2921729857, 27465.6748893, 0.268096514745
3.42467938673, 1.00000095877, 1.70531298709, 0.892977119003, 2.38193040077, 0.894971332919, 4.06734048791, 1.13103206039, 0.9300607114, 5.74629003404, 5.23272377996, 1.03708447194, 1.56218626944, 1.19594728601, 1.09000074875, 1.07957603807, 1.01318284278, 1.16355124807, 6.91789111856, 1.09822890302, 0.957742287122, 675.108018764, 0.963127798148, 4.94065941222, 1.06393329649, 1.65245430452, 0.886970457313, 4313.82131102, 42.6351181017, 13707.9452865, 0.0
2.94861160045, 1.00000004115, 1.52788791147, 1.01927532277, 3.41727627197, 0.86637888485, 4.36940416426, 1.2173525236, 0.904873112198, 5.13922249971, 6.0401660903, 1.17769590372, 3.39791136219, 1.28537056041, 1.0900006963, 1.07098260175, 1.03576122509, 1.06089318054, 9.01269085289, 1.15760959552, 0.942801074759, 589.728164945, 0.943550188936, 1.21367449832, 1.04783487204, 3.95286031522, 1.25784615053, 2294.98603665, 28.3919850357, 10570.6871081, 1.07238605898
1.01437010892, 1.00000004709, 1.37809078288, 0.957493008503, 1.99597535684, 0.857029441286, 3.42685589231, 1.06711084348, 0.975104934839, 3.08101726296, 4.808934304, 1.15214814633, 3.65058696643, 1.08542365071, 1.090000164, 1.0118742328, 1.0020733834, 0.811324040923, 4.76447873736, 0.940418447679, 0.971298747971, 962.199081226, 1.15626532225, 2.6484434999, 1.14291806238, 4.1366012425, 0.966222460335, 653.263136201, 36.3422674686, 3878.44755789, 0.804289544236
5.68496329407, 1.00000053656, 1.23829153122, 1.02288797085, 3.82023080702, 0.750381529641, 5.16338110789, 1.00156101285, 0.929990109365, 3.2123573095, 5.56921023724, 1.01464827708, 4.96888287205, 1.14063233702, 1.09000078467, 1.0236426345, 1.01441302039, 0.936331242094, 3.84162057628, 1.01767221296, 0.929987432823, 23.7993569774, 1.07257087901, 5.75274777144, 1.11227544876, 4.1776626811, 1.15239092205, 2125.18703766, 55.7530553865, 6531.21595427, 0.536193029491
2.68243491121, 1.00000097792, 1.22127457345, 0.891512052656, 5.62989254191, 0.821959979993, 1.21533376427, 1.0751718669, 0.929716370565, 2.52823200691, 6.04140357532, 1.17581865185, 1.47084132592, 1.15304550237, 1.09000038551, 1.07179404068, 1.0490432226, 1.2248239516, 5.00843534709, 0.933262220219, 0.810401796034, 225.126934982, 1.17711635773, 2.47635527405, 1.23413343166, 4.3178963875, 1.21234256685, 497.903268979, 20.5694642601, 10698.6260984, 5.36193029491
3.42467938673, 1.00000095877, 1.70531298709, 0.892977119003, 3.46475545197, 0.894971332919, 4.06734048791, 1.13103206039, 0.9300607114, 5.74629003404, 5.23272377996, 1.03708447194, 1.56218626944, 1.19594728601, 1.09000074875, 1.07957603807, 1.01318284278, 1.16355124807, 6.91789111856, 1.09822890302, 0.957742287122, 675.108018764, 0.963127798148, 4.94065941222, 1.06393329649, 1.65245430452, 0.886970457313, 3933.8078778, 47.5313713254, 26280.5809434, 0.0
3.07668147753, 1.00000099118, 1.63212612974, 0.815189999851, 3.29681454469, 0.915532254454, 2.00074547246, 1.09118827487, 0.987914259996, 2.82622170607, 5.83906980399, 1.01885006435, 3.66037794438, 1.13231614993, 1.09000014525, 1.00617177878, 1.0340224392, 0.834278291731, 4.11308832216, 1.10234988213, 0.784647706571, 984.482916354, 1.09319064283, 4.72197695541, 1.20068830726, 3.25699293916, 1.16894274924, 3174.92464651, 59.4254125611, 16228.6693474, 0.0
2.82099154869, 1.00000065775, 1.44862765408, 0.842123668468, 6.03370977123, 0.977489224567, 4.85407784897, 1.23936914101, 0.983777382829, 3.42754158001, 5.17441757516, 0.87385291733, 1.36984545351, 0.821673520912, 1.09000071664, 1.00870871315, 1.04961757153, 1.04553701656, 8.48375965701, 1.18758863872, 0.762771478349, 617.406724608, 0.980613495666, 2.18330436474, 1.01048921605, 1.46973608766, 1.26747379116, 1505.40701371, 27.8573898728, 1864.7070084, 3.21715817694
4.91053469506, 1.00000056493, 1.43800617304, 0.989299526943, 2.89881425462, 0.899282459689, 3.56504251583, 1.00226148626, 0.990106585037, 2.6097883524, 5.60286932501, 1.06996933636, 2.45432987486, 1.05936054771, 1.09000007785, 1.0756046164, 1.02092514889, 1.064747934, 7.27342072056, 1.00071350883, 0.824762259413, 960.603666733, 1.03344464433, 2.05680992732, 1.21897105875, 1.6586808751, 1.21324888822, 849.988441008, 22.8035059035, 16670.3811038, 2.41286863271
4.87574893073, 1.00000071814, 1.15770031863, 1.05409911969, 2.69596003102, 0.933945085973, 1.11780938481, 1.25275754662, 0.933960322912, 5.30463444271, 6.05756297749, 1.19382761406, 4.42760849542, 1.14036561353, 1.09000004117, 1.02546880449, 1.01796538732, 1.00665399107, 5.3445660349, 1.15113513282, 0.775789232595, 89.2857640203, 1.09535755278, 2.29064676532, 0.994869201188, 5.4161058026, 0.951667834059, 698.841880581, 23.553936617, 1994.74430805, 2.9490616622
5.55271069526, 1.00000071651, 1.17085033486, 0.820609981835, 2.00542621925, 0.870579110641, 1.30199152294, 1.1080486895, 0.932189872117, 5.77894499465, 4.92587538269, 1.04419133368, 2.24643097031, 0.880260171141, 1.09000028889, 1.02694258579, 1.01497206949, 1.08327176681, 6.2583144242, 0.974746718615, 0.892308052007, 728.455134492, 1.10010652607, 5.51806470621, 1.21991390245, 1.21960200127, 1.26845834541, 4554.47693193, 37.7441770873, 19458.1859037, 0.536193029491
1.67527564188, 1.00000083332, 1.59769720824, 1.17552648544, 4.76514805881, 0.828250212173, 5.55043940954, 1.02636752865, 0.929382747475, 2.8281240876, 4.76423082561, 0.895704432739, 2.29145138345, 1.0068441901, 1.0900001752, 1.0929638321, 1.04675742884, 1.13605553621, 8.50141752905, 0.972511442361, 0.934977454413, 252.466640339, 1.14530744357, 4.08302790948, 0.952092049517, 1.5983612005, 0.886689280651, 1178.93732304, 26.7986924709, 8632.86940461, 1.60857908847
4.80269531568, 1.00000091807, 1.58740381055, 0.921734822323, 6.51098674288, 0.740336127688, 1.49700529483, 1.00512717085, 0.93787333166, 4.85221774757, 5.74196117987, 1.11091799278, 1.13233012442, 1.00342436202, 1.09000065434, 1.0984093105, 1.02896707603, 0.837022404015, 4.63700176489, 0.933408117194, 0.814872757028, 959.158492481, 0.951518969204, 3.20852329547, 1.2254668573, 3.26463323964, 1.05262787058, 714.634429906, 29.0134917232, 8516.67790031, 1.60857908847
2.82099154869, 1.00000065775, 1.44862765408, 0.842123668468, 6.03370977123, 0.977489224567, 4.85407784897, 1.23936914101, 0.983777382829, 3.42754158001, 5.17441757516, 0.87385291733, 1.36984545351, 0.821673520912, 1.09000071664, 1.01504732227, 1.04961757153, 1.04553701656, 8.48375965701, 1.18758863872, 0.762771478349, 617.406724608, 0.980613495666, 2.18330436474, 1.01048921605, 1.46973608766, 1.25470744172, 1032.79826141, 39.8966830268, 5504.14383692, 0.804289544236
4.24019726205, 1.00000084709, 1.18027870642, 0.830138663398, 1.87830148174, 0.723788319842, 4.17448546612, 1.06655808399, 0.955380461063, 4.41209623259, 5.37820418043, 1.12356824049, 2.78461854802, 1.05557771937, 1.09000046312, 1.02947229739, 1.02954219692, 0.993028076287, 5.47977220118, 1.13183157415, 0.899791487778, 430.136713753, 1.1866281165, 3.13715964686, 0.971624638485, 2.19036639249, 1.18347888568, 2091.73189135, 52.3352595022, 13733.6264773, 0.536193029491
3.95346037504, 1.00000031747, 1.44575664444, 0.835831120202, 2.90941376491, 0.87067425818, 1.62442840968, 1.12956465586, 0.910030258578, 2.69443918338, 6.10546972358, 1.12086912223, 2.10086166763, 1.08035027881, 1.09000093679, 1.05503605345, 1.0042397797, 1.00793034446, 7.79568507672, 1.02514804203, 0.906267595308, 635.328030784, 0.946841026577, 5.40322837755, 1.20329544472, 4.86739256433, 1.08587037562, 2689.23380371, 54.4359802335, 5450.88174231, 0.804289544236
1.09123053428, 1.00000015506, 1.56574433077, 0.846462860507, 4.44618079366, 0.826268171246, 3.10250514184, 1.20874951275, 0.948672141564, 5.98439450786, 6.21303483649, 0.878127481109, 3.5500805969, 1.24638937325, 1.09000068853, 1.05151460476, 1.03929872052, 1.20001897995, 6.15090197212, 0.929716646786, 0.77350098604, 371.827916565, 1.07065903022, 4.24516932089, 1.11161052391, 1.18153508274, 1.24492926069, 624.147544486, 26.2295734457, 11286.9652619, 1.87667560322
1.23418310294, 1.00000003863, 1.71723128166, 1.20852074706, 4.40478166458, 0.842089789855, 1.64481218518, 1.05153516907, 0.927888739218, 1.55635140985, 5.53074426344, 0.835436597924, 4.8740720959, 1.23944708429, 1.09000063509, 1.00109895474, 1.00771069888, 1.180337021, 9.32367392232, 1.03406201029, 0.857156296922, 693.41942997, 1.18357873022, 3.34729722427, 1.06071928087, 2.63022660228, 0.98361392392, 1659.73232766, 28.4162518076, 4903.9163956, 1.87667560322
4.27019674714, 1.00000066047, 1.55778038837, 0.830236303206, 6.6262790704, 0.927978974618, 2.24379632817, 1.08713240002, 0.958893542799, 2.46528187664, 6.12534045444, 1.09107028409, 2.31510563504, 1.06516469024, 1.09000030045, 1.08338765573, 1.02971498208, 0.989515957528, 9.79857468188, 0.988851234212, 0.807668246579, 347.651878609, 1.00430247136, 1.5034272962, 0.99527378129, 2.44261371636, 1.19795497671, 572.859455213, 26.5326981789, 19140.4323115, 1.87667560322
4.58115628831, 1.00000005511, 1.43173842168, 1.03100809566, 1.48420558438, 0.971320081563, 5.46284491447, 1.15971494194, 0.921748944924, 2.79582677099, 5.86379761221, 0.987923515208, 2.81124222842, 1.00101660666, 1.09000064906, 1.03809868125, 1.00378327279, 1.19020951499, 7.24616505403, 0.981912199857, 0.798160072054, 850.471750525, 0.983483414491, 4.9262053992, 1.19000009767, 1.28134995382, 1.05835636967, 3041.21027688, 28.2923832749, 5017.02585826, 2.14477211796
2.17338139408, 1.00000023388, 1.58427935929, 1.03810700495, 5.81418564314, 0.872209610607, 5.94148800419, 1.19909962483, 0.928934945789, 4.59873856062, 5.42902101483, 0.971878629108, 2.13143866101, 0.974780312676, 1.0900003365, 1.0546012293, 1.01559509882, 1.17578773477, 4.35428183014, 0.944055839087, 0.868473650773, 561.542357948, 1.0322705253, 4.86876859677, 1.10991762743, 3.82034233512, 1.26587264707, 1525.64985418, 30.6936952787, 3417.19004224, 1.60857908847
1.66799756699, 1.00000013083, 1.57667732075, 1.21637132255, 4.48243271102, 0.992990690416, 3.27633954701, 1.22563030185, 0.903603689127, 3.83748191798, 6.12171552362, 1.02996649864, 2.82144460926, 1.11475797479, 1.09000034501, 1.01390294378, 1.0263964172, 1.04926950666, 5.71607973803, 0.974443829727, 0.854484331737, 739.401263723, 1.12426829098, 5.00054842347, 1.23709726127, 2.21570466357, 1.09308956923, 1266.14565839, 27.1777502137, 17641.919058, 1.60857908847
3.85243407035, 1.00000089594, 1.26417046356, 1.06061523159, 5.69543693248, 0.805461069453, 1.98276622122, 1.04321023283, 0.959705405613, 4.74879221271, 5.47096145932, 1.02451885119, 1.17885338872, 1.12733644088, 1.09000070832, 1.0901401518, 1.02996494553, 0.979285585229, 9.01097650477, 1.17600867089, 0.787133922545, 195.448581638, 1.1640778395, 5.9016945103, 1.00692624133, 4.78490431758, 1.20030675166, 1825.09632208, 29.3414479657, 5846.61022703, 2.14477211796
2.93049358358, 1.00000031747, 1.44575664444, 0.835831120202, 2.90941376491, 0.87067425818, 1.62442840968, 1.12956465586, 0.910030258578, 2.69443918338, 6.10546972358, 1.12086912223, 2.10086166763, 1.09341720266, 1.09000093679, 1.05503605345, 1.0042397797, 1.00793034446, 7.79568507672, 1.02514804203, 0.906267595308, 660.917780588, 1.15054534422, 5.40322837755, 1.20329544472, 3.43929052647, 1.08587037562, 866.180936447, 23.3391399039, 4240.57597063, 2.9490616622
1.99455331014, 1.00000099118, 1.63212612974, 0.815189999851, 5.35740944507, 0.915532254454, 2.00074547246, 1.09118827487, 0.987914259996, 2.82622170607, 5.83906980399, 1.01885006435, 3.66037794438, 1.13231614993, 1.09000014525, 1.00617177878, 1.0340224392, 0.834278291731, 4.11308832216, 1.10234988213, 0.761796955578, 984.482916354, 1.09319064283, 5.40442026328, 1.20068830726, 3.25699293916, 1.16894274924, 1318.27721937, 44.7265771844, 2466.77471834, 1.60857908847
3.43840011595, 1.00000042373, 1.43321309015, 0.949002943558, 3.43826570324, 0.711662609301, 2.45805014768, 1.25632528492, 0.956390671184, 3.97153579958, 5.30746176374, 1.07632853141, 4.75507408485, 1.11373467258, 1.09000029039, 1.10273210977, 1.04280419888, 0.999742891122, 6.64559320974, 1.09635497807, 0.998011365507, 855.090520589, 1.19113674975, 2.46530091619, 1.17059535731, 2.77171934797, 0.948025054706, 3137.38198354, 65.6962496063, 34258.5239682, 0.536193029491
4.7353256692, 1.0000006883, 1.09911997046, 1.00769545168, 1.88024778993, 0.815083762717, 2.919253699, 1.15091701421, 0.919445264534, 4.88725394677, 5.80383826278, 0.922340513401, 1.08189256164, 1.17045580348, 1.09000007006, 1.0348348455, 1.01107480702, 1.0769547946, 4.36755692491, 1.01677890452, 0.873651818019, 907.367220971, 1.18141200879, 4.79420439717, 1.18107829235, 3.48723575346, 0.886557429724, 1294.65248312, 24.1656951732, 3768.91781227, 3.21715817694
1.42280452678, 1.00000030358, 1.32197816464, 1.05507322068, 2.06050158378, 0.94276026131, 5.57265611419, 1.07677003321, 0.917671540098, 2.66329495208, 6.13155428306, 1.15469965272, 4.01031662794, 0.850548867148, 1.09000035981, 1.04754851309, 1.0420822064, 1.02565515806, 4.82849261959, 0.928773679897, 0.901792597052, 817.378120118, 1.05811255206, 5.36607406244, 1.05652499307, 5.2345947407, 1.20889882565, 1653.53837571, 49.5252396278, 6576.18441497, 0.804289544236
1.41845654761, 1.00000085997, 1.1502123315, 1.11861543508, 5.99627485572, 0.907546584637, 5.27245206643, 1.00604813644, 0.93891077352, 1.72285273522, 6.17268464807, 1.14023261025, 3.49020093748, 1.17123059445, 1.0900005217, 1.05555834392, 1.01549447335, 0.840815640474, 7.33037066079, 1.04318593789, 0.927572256658, 40.5797455161, 1.17229269667, 3.58614400736, 1.05453319731, 3.2553469489, 1.18815150108, 1196.25966118, 44.3941626259, 4289.59450652, 1.07238605898
1.67527564188, 1.00000083332, 1.59769720824, 1.17552648544, 4.50367248242, 0.828250212173, 5.55043940954, 1.02636752865, 0.929382747475, 2.8281240876, 6.14159356291, 0.895704432739, 2.29145138345, 1.0068441901, 1.0900001752, 1.0929638321, 1.01559509882, 1.13605553621, 8.50141752905, 0.972511442361, 0.934977454413, 252.466640339, 1.14530744357, 4.08302790948, 0.952092049517, 1.5983612005, 0.886689280651, 684.777132762, 26.6934819783, 3911.86858077, 3.48525469169
2.20084283902, 1.00000082521, 1.5067002238, 0.992876539054, 4.54494116391, 0.950412550691, 5.30174223633, 1.09689510259, 0.93673235771, 1.77946120882, 5.10653186747, 1.01400970574, 2.49952551309, 0.865673514077, 1.09000090021, 1.0209343491, 1.01054326527, 0.810606936399, 3.20102756566, 1.07766465392, 0.963128372785, 612.790996861, 0.979800064432, 2.17465340195, 1.21130397813, 1.75698553517, 1.20080857592, 3633.10885165, 30.160095617, 2589.79583567, 4.28954423592
5.00905250497, 1.00000007833, 1.01831865993, 1.07866907273, 7.06644652814, 0.821799410167, 4.26815020853, 1.11961924651, 0.929844317484, 2.11048230211, 4.74568647627, 1.1254222389, 2.5915113875, 1.08787326403, 1.09000092313, 1.0173423701, 1.03975244086, 0.843510958697, 3.8276538907, 1.00902645388, 0.951782809325, 373.648538225, 1.13654567004, 3.487586561, 1.12046152741, 4.36432914336, 1.23989569819, 2566.576146, 27.8187610886, 12239.4136398, 2.68096514745
3.95346037504, 1.00000053319, 1.49455291933, 0.863641685598, 2.29886980518, 0.7328821356, 4.13070160634, 1.23523408551, 0.979686357503, 3.12237021127, 5.68992020813, 0.924635680889, 3.50009462442, 0.854633503648, 1.09000045413, 1.01639555156, 1.03680813167, 1.16643205206, 9.78656149243, 0.969196694485, 0.960634997416, 635.328030784, 1.16169348027, 3.80503649951, 1.16900894389, 2.53703347387, 1.12323812837, 1767.40898889, 25.9388691592, 5823.30011798, 3.21715817694
2.5428771232, 1.00000013038, 1.07211368688, 1.02234811391, 2.70392918621, 0.781720844328, 3.76098684238, 1.16587329654, 0.972944705056, 3.53367786859, 5.17574982527, 1.2168369439, 2.20171705702, 1.0434437823, 1.09000064236, 1.00099899902, 1.03732223851, 0.979909784845, 4.54464309113, 1.02716676518, 0.81382515973, 279.460007576, 1.09995572129, 5.00636599227, 1.04849812262, 1.32479815269, 0.967704026137, 1673.67288223, 25.6120285967, 15342.3794655, 2.9490616622
1.6100282845, 1.00000068574, 1.70505783352, 0.885570643623, 5.08683293872, 0.877054265125, 1.09176971885, 1.09284465702, 0.938929396549, 3.36479009314, 5.08308328935, 1.03569234895, 1.93177452666, 1.15542733699, 1.09000097368, 1.06964835526, 1.03074547712, 1.22351037554, 5.43752285826, 1.03644333852, 0.902294548946, 41.2388850831, 1.12212791619, 1.52699766556, 1.0131759871, 4.17246693902, 1.09730577923, 1821.96889587, 35.6163138242, 6288.24446923, 1.07238605898
2.50788833302, 1.00000007697, 1.67997513175, 1.00140987195, 5.8511775148, 0.84114946157, 3.90384490313, 1.14347153055, 0.905292943382, 6.01245298589, 5.99566488389, 1.20602138206, 4.25946472175, 0.812569357139, 1.09000020846, 1.07965686771, 1.03621970632, 1.07812720403, 7.34452303582, 1.14386273198, 0.967599007451, 995.050324897, 1.10653795811, 5.75923209442, 1.00082451238, 2.97472325914, 0.964449056241, 1339.64445997, 47.7790543735, 2784.00326899, 1.87667560322
2.71661337193, 1.00000017686, 1.08217646934, 0.978644476684, 6.02118564147, 0.976201217298, 1.7546935237, 1.05462625795, 0.964992393158, 6.13723938841, 5.7857332947, 0.985549505936, 4.01658073282, 0.94304408096, 1.09000062891, 1.09520405601, 1.00694698066, 0.97682354946, 3.54743273208, 1.16678061801, 0.778969819399, 706.930185841, 0.976173974959, 4.86916785648, 0.991942542934, 3.06044479644, 1.25470744172, 2431.23789985, 31.4420385495, 2977.5524255, 3.75335120643
1.57745918473, 1.00000034784, 1.38397687027, 1.17200963921, 5.15215942212, 0.773740485236, 2.40753597384, 1.18951644154, 0.958714062436, 3.39948089315, 5.92374676884, 1.06345862615, 4.46621123975, 1.09521317506, 1.09000049399, 1.02120587648, 1.04570055198, 1.0675286795, 3.24941275854, 0.914809705726, 0.809142024328, 612.272985453, 1.05175593152, 3.06481189478, 1.15908852003, 4.96021131746, 1.19653505095, 1085.47100647, 42.3821973463, 12640.9632195, 1.07238605898
3.02347745617, 1.0000001887, 1.69538898692, 0.908755397662, 6.83339005082, 0.852721194096, 1.15105084941, 1.11931535408, 0.962634879345, 3.17482213266, 4.94305324526, 0.836323832003, 4.54502123447, 0.823467647838, 1.09000038637, 1.07290310678, 1.02578955058, 1.16333890906, 3.75172200203, 1.01745035535, 0.943129924214, 796.954329262, 1.09916338028, 3.78057956127, 1.07743748905, 3.27019220597, 1.2528315909, 1697.40891078, 29.8366192914, 13807.7590424, 2.14477211796
2.19417054453, 1.00000067431, 1.18957102917, 0.958014627433, 2.5765083128, 0.837453190006, 4.49612739041, 1.04574329667, 0.914887869527, 3.32920267063, 5.3138558243, 0.86785263982, 3.93061580055, 0.822462654178, 1.09000053372, 1.07609967903, 1.01292375753, 0.902183831485, 5.55415916046, 0.995429906124, 0.770390600189, 859.720462522, 0.979170482174, 4.78193029323, 1.13338828264, 1.51798801045, 1.11316735685, 1337.49507781, 23.1001606606, 18030.9982454, 8.57908847185
2.60792812832, 1.0000001235, 1.67864941943, 0.943904981152, 4.53963138035, 0.902141667806, 4.58674979391, 1.20526157459, 0.99478337156, 1.49108404541, 4.73047109271, 0.952152448469, 1.53392919485, 0.938948117716, 1.09000078832, 1.05795261424, 1.02114222515, 0.960168221664, 6.04616862908, 1.04360951699, 0.836316333451, 136.074388811, 0.93041261476, 3.846680795, 1.18907098774, 1.1378022876, 1.19542280212, 1749.16655376, 24.1860447931, 6691.79821883, 3.75335120643
3.20828746473, 1.00000051045, 1.49416754661, 1.09107799431, 2.53362981223, 0.8066974157, 3.94099296369, 1.21538435467, 0.999494651384, 5.40387414851, 5.5329797388, 1.02301292623, 3.9277030614, 0.82445113775, 1.09000013721, 1.10651123074, 1.03609355816, 1.21157010672, 6.77190112197, 1.04250721661, 0.948331769973, 446.216861936, 1.12027900484, 4.66839084867, 1.11173308671, 5.04940431402, 1.23369345799, 3654.73751191, 47.2021409662, 26895.8433689, 0.804289544236
4.37521466739, 1.00000084742, 1.04541812542, 0.929067098804, 4.08431205433, 0.810862186462, 2.01126796662, 1.15829580103, 0.901623002538, 2.71748092016, 4.91428522085, 1.00431287998, 2.884763496, 1.04455598038, 1.09000063178, 1.06344935273, 1.00881679472, 1.13347660603, 3.61376548507, 1.15733358669, 0.773894658639, 471.646404454, 0.976927143802, 4.04550564443, 1.2245439453, 4.23646950639, 1.27578335397, 1130.14352835, 27.1437681768, 6349.21086295, 4.02144772118
1.77223371975, 1.00000032877, 1.48414388783, 1.01447683971, 1.66267167768, 0.990441580735, 5.38180608517, 1.20236848236, 0.904335961725, 2.371542748, 5.38334374995, 1.15134218743, 1.90759346344, 0.890629784579, 1.09000050927, 1.02534735117, 1.01151265902, 1.11532874409, 7.77861969292, 1.04292719533, 0.772612159709, 97.8325105328, 1.02945347761, 4.20912679753, 1.20109256419, 1.41273106341, 0.882185094642, 1633.58917023, 29.1653798402, 13710.4726245, 2.9490616622
5.06730380782, 1.00000024224, 1.59124787202, 1.05140532768, 1.634534195, 0.753992861685, 3.35515066581, 1.11257803902, 0.938597739119, 5.98756867802, 4.87016965172, 1.18233336911, 2.12871822069, 0.911161164317, 1.09000092163, 1.08710213491, 1.00139718285, 1.21442649874, 5.22530334902, 1.04637291655, 0.996620172283, 63.749358134, 1.09551938407, 1.00276367968, 1.19270214677, 4.90391932282, 1.13238203314, 1329.21487183, 23.4962343422, 10188.3128231, 6.70241286863
5.36937206169, 1.00000021139, 1.45022259036, 0.825634527768, 5.2494087874, 0.961819211683, 1.63277649558, 1.06122877886, 0.92278672897, 2.70798452957, 6.10886508494, 0.889620578246, 2.55696032883, 0.930169080549, 1.09000093159, 1.01447419922, 1.04050366243, 0.902948373364, 3.76151030366, 1.12106985702, 0.815162095923, 173.481706819, 1.05031397596, 5.80512551385, 0.955572246076, 5.41832386082, 1.14423922754, 4139.590936, 50.8156088575, 27349.7242867, 0.804289544236
1.66093625656, 1.00000027245, 1.00953614834, 0.833688349658, 6.85124623677, 0.879735494551, 2.99218774569, 1.04435367067, 0.96273994527, 4.18964319686, 6.12023187309, 0.869496828623, 4.72691788405, 0.975419662977, 1.09000045759, 1.03705627998, 1.01531425236, 1.09069614334, 6.06765965466, 1.03201074412, 0.765071082334, 774.110595892, 0.984070730985, 5.48258742566, 1.12974217613, 3.85318872599, 0.978283115698, 1673.15542043, 47.4385067213, 8833.12533773, 1.07238605898
3.85243407035, 1.00000089594, 1.01831865993, 1.06061523159, 5.69543693248, 0.805461069453, 1.98276622122, 1.04321023283, 0.959705405613, 4.74879221271, 5.47096145932, 1.07931134406, 1.30567891023, 1.12733644088, 1.09000040695, 1.0901401518, 1.02996494553, 0.979285585229, 9.01097650477, 1.17600867089, 0.787133922545, 195.448581638, 1.16231449834, 5.9016945103, 1.11612654451, 4.78490431758, 1.26362816265, 1387.12678106, 46.1038214716, 12333.7849009, 1.07238605898
4.58115628831, 1.00000005511, 1.43173842168, 1.03100809566, 1.48420558438, 0.959618975001, 5.46284491447, 1.15971494194, 0.921748944924, 2.79582677099, 5.86379761221, 0.987923515208, 2.81124222842, 1.00101660666, 1.09000064906, 1.03809868125, 1.00378327279, 1.19020951499, 7.24616505403, 0.981912199857, 0.925533587048, 540.537316515, 0.983483414491, 4.9262053992, 1.19000009767, 1.28134995382, 1.05835636967, 3094.8355351, 44.3114627808, 8570.09888539, 1.34048257373
4.24019726205, 1.00000084709, 1.18027870642, 0.830138663398, 1.87830148174, 0.723788319842, 4.17448546612, 1.06655808399, 0.955380461063, 4.41209623259, 5.37820418043, 1.0820602896, 2.78461854802, 1.05557771937, 1.09000046312, 1.02947229739, 1.02954219692, 0.993028076287, 5.47977220118, 1.13183157415, 0.968956577375, 430.136713753, 1.1866281165, 5.93371164926, 0.971624638485, 2.19036639249, 1.18347888568, 1782.59388962, 28.7086894532, 4197.2935987, 5.36193029491
2.68718826135, 1.00000061972, 1.38478376846, 1.00038086554, 3.26821329069, 0.764275134511, 3.9612716854, 1.01391312917, 0.959010696606, 4.37594088521, 5.42594463538, 0.827908849046, 3.43571168781, 1.05111010843, 1.09000003655, 1.01413293878, 1.00993430192, 0.993999804181, 7.33322288665, 1.14705435057, 0.977463847962, 771.98212065, 1.07001436086, 4.81031784912, 1.08295748125, 4.92536475671, 1.26259231335, 1375.21615024, 23.5687247941, 8670.31531338, 10.7238605898
2.16389404142, 1.00000041567, 1.10822180558, 1.01301577568, 3.07906666908, 0.93140671179, 1.89197236471, 1.19255842887, 0.987029272019, 1.60489377014, 5.84419942382, 1.07977062009, 1.36022580849, 1.09328785186, 1.09000038592, 1.04877023648, 1.01710884094, 0.858618985554, 8.0385386364, 1.15927650953, 0.871427829212, 990.232997214, 1.15446619485, 3.27183503617, 0.989291662993, 4.60526154172, 1.16255719658, 1076.00438494, 25.6881898476, 9511.52723996, 5.8981233244
3.91673337311, 1.00000049147, 1.0352740186, 0.866259324427, 2.53362981223, 0.755614080355, 5.17184385672, 1.05902933289, 0.975130984978, 4.8201079513, 4.83870318799, 1.14396943209, 3.9277030614, 0.82445113775, 1.09000028779, 1.04277579421, 1.04231145677, 0.896935049331, 3.39222741611, 1.10658224634, 0.764833167932, 633.310168184, 1.08073314011, 5.08509402817, 1.14067314558, 1.21214384526, 1.06358914985, 1603.85151503, 29.7781638308, 13772.6423472, 2.9490616622
3.03022438347, 1.00000018892, 1.05132450506, 0.995686960082, 3.29681454469, 0.868011303391, 4.88972344432, 1.09635897505, 0.93132263454, 2.79342524102, 5.01912582409, 0.889476875819, 3.31730656321, 1.24860460754, 1.09000006918, 1.07221621477, 1.04786469995, 0.975474961033, 8.04864041479, 0.981642299942, 0.80077318153, 660.289443493, 1.14140488481, 5.10835108918, 1.15277025644, 5.2115098087, 1.09672581837, 1529.27619933, 46.1520544459, 4413.7411681, 1.87667560322
