0.500913237237, 1.13009445167, 2.26541466268, 0.399945526864, 28.7273175489, 40.2066689729, 2.7056875813, 1.08816424507, 20.4609680664, 296.66828447, 0.436195373854, 0.029702970297
0.891104494613, 0.869520333491, 2.03022943801, 0.208114268651, 43.2835249233, 42.154244483, 2.7056875813, 1.66493798226, 30.4885353437, 221.173597833, 0.456684986821, 0.57027027027
0.645198048062, 0.856681606555, 2.01254163626, 0.415885067935, 44.9158245047, 40.6080154734, 2.16803874726, 2.93903284253, 23.0725770125, 227.726089801, 0.48810669887, 0.00952380952381
0.542619766067, 1.06001439608, 2.04682919832, 0.22807903204, 26.573581353, 46.5910209038, 2.91651389977, 0.234350507658, 28.8232258819, 288.794692278, 0.473499289185, 0.0157480314961
0.509363758028, 0.883543403677, 2.78169402189, 0.399945526864, 35.0568717222, 40.2066689729, 2.7056875813, 1.33754661721, 40.2974364079, 355.992469306, 0.454065072076, 0.0
0.520976596097, 0.838790019582, 2.17822091802, 0.465911695843, 30.0807167666, 44.5778878973, 2.15352774624, 1.49804295812, 23.3359435121, 218.771257492, 0.487668544778, 0.423664122137
0.550555065245, 0.883543403677, 2.08923229198, 0.20345250264, 35.0568717222, 49.26836396, 2.7056875813, 1.33754661721, 20.6682329395, 222.076522297, 0.455123984221, 0.373626373626
0.845207554024, 0.869520333491, 2.07113442526, 0.415885067935, 19.4465729595, 47.987644155, 2.23010962389, 3.64841412231, 20.6331120249, 202.818028404, 0.507911419554, 0.295454545455
0.530426386472, 0.869520333491, 2.07113442526, 0.463207731015, 12.4109004822, 43.4653235319, 2.36331138659, 2.4796921574, 20.6331120249, 223.973577275, 0.470401554352, 0.215568862275
0.676685405419, 0.856681606555, 2.01254163626, 0.30769801957, 37.0588085, 40.6080154734, 2.16803874726, 2.93903284253, 23.0725770125, 199.104840943, 0.514472089857, 0.148351648352
0.542619766067, 0.871853778083, 2.04245167424, 0.274960794095, 44.4847174475, 46.5910209038, 2.91651389977, 1.52579297247, 28.8232258819, 275.027683387, 0.409575410361, 0.567765567766
0.676685405419, 0.856681606555, 2.01254163626, 0.30769801957, 37.0588085, 40.6080154734, 2.16803874726, 2.93903284253, 23.0725770125, 198.641428494, 0.563579548852, 0.0
0.645198048062, 0.856681606555, 2.01254163626, 0.415885067935, 30.9302649472, 40.6080154734, 2.16803874726, 0.234350507658, 23.0725770125, 199.806852657, 0.549045798601, 0.0
0.530426386472, 0.853572892154, 2.01254163626, 0.387282579765, 12.4109004822, 45.5678934356, 2.08177781611, 1.33754661721, 35.015272488, 286.801370546, 0.436087879233, 0.276923076923
0.520976596097, 1.06094197667, 2.17822091802, 0.465911695843, 30.0807167666, 44.5778878973, 2.15352774624, 1.49804295812, 23.3359435121, 231.081688775, 0.478531953204, 0.0
0.530426386472, 0.869520333491, 2.06375952389, 0.406248372052, 43.2835249233, 42.154244483, 2.21397741968, 1.92265304998, 28.1096134504, 218.709832398, 0.495660150726, 0.0
0.86615117126, 0.836655376207, 2.01254163626, 0.30769801957, 39.3936535084, 40.3671862037, 2.12410275564, 1.1324830913, 23.0725770125, 194.435776025, 0.503885035954, 0.412371134021
0.645198048062, 0.856681606555, 2.01254163626, 0.415885067935, 40.6916029229, 40.6080154734, 2.16803874726, 2.93903284253, 23.0725770125, 198.998046763, 0.503376169521, 0.321100917431
0.6190353879, 0.869520333491, 2.03022943801, 0.415885067935, 19.4465729595, 47.987644155, 2.23010962389, 1.03110885026, 20.6331120249, 208.035237824, 0.512987801561, 0.0
0.542619766067, 1.06001439608, 2.04682919832, 0.420889617469, 26.573581353, 46.5910209038, 2.91651389977, 0.234350507658, 28.8232258819, 349.026088665, 0.464528621436, 0.0
0.509363758028, 0.883543403677, 2.78169402189, 0.399945526864, 35.0568717222, 40.2066689729, 2.27551331464, 1.33754661721, 40.2974364079, 410.783259875, 0.384555360716, 0.118644067797
0.854452704746, 0.869520333491, 2.07113442526, 0.24621606313, 19.4465729595, 47.987644155, 2.7056875813, 1.33754661721, 30.4885353437, 227.005561665, 0.451536063674, 0.562146892655
0.831323135176, 0.837145201853, 2.03824380453, 0.212448996571, 19.4465729595, 47.987644155, 2.11927216249, 1.33754661721, 20.6331120249, 173.828308076, 0.501525928987, 0.438438438438
0.550555065245, 0.883543403677, 2.78169402189, 0.399945526864, 35.0568717222, 40.2066689729, 2.7056875813, 1.33754661721, 20.6682329395, 227.841873978, 0.457527367989, 0.030303030303
0.530426386472, 0.853572892154, 2.01254163626, 0.387282579765, 12.4109004822, 45.5678934356, 2.08177781611, 1.33754661721, 35.015272488, 240.886030225, 0.416411363657, 0.379032258065
0.542619766067, 0.893321863299, 2.04245167424, 0.274960794095, 17.704478896, 46.5910209038, 2.91651389977, 1.52579297247, 28.8232258819, 284.271735352, 0.38975905589, 0.480952380952
0.595149967452, 0.836655376207, 2.03022943801, 0.208114268651, 43.2835249233, 42.154244483, 2.7056875813, 1.66493798226, 30.4885353437, 195.093991525, 0.457293652456, 0.441509433962
0.782087252357, 0.869520333491, 2.07113442526, 0.212448996571, 19.4465729595, 47.987644155, 2.85271162766, 1.85832905488, 20.6331120249, 197.114121718, 0.589251107611, 0.135483870968
0.86615117126, 0.836655376207, 2.01254163626, 0.30769801957, 37.0588085, 40.6080154734, 2.12410275564, 1.1324830913, 23.0725770125, 234.009214531, 0.4162507199, 0.643564356436
0.538587235422, 1.10337415057, 2.80177805993, 0.22807903204, 19.7215893218, 41.0924856554, 2.7056875813, 1.1324830913, 21.6585192652, 381.960189986, 0.389036863433, 0.38829787234
0.519120279612, 1.06048378775, 2.39090832641, 0.415885067935, 30.6579525332, 40.727768993, 2.85271162766, 1.92265304998, 35.7320599541, 334.976269902, 0.426755462531, 0.0133333333333
0.530426386472, 0.856681606555, 2.07113442526, 0.30769801957, 37.0588085, 40.6080154734, 2.16803874726, 2.93903284253, 23.0725770125, 196.34491675, 0.515160239675, 0.28624535316
0.782087252357, 0.869520333491, 2.07113442526, 0.212448996571, 9.09091915138, 40.0683034699, 2.85271162766, 1.74967712857, 20.6331120249, 234.516439932, 0.449817327271, 0.626288659794
0.542619766067, 1.06001439608, 2.04245167424, 0.420889617469, 26.573581353, 46.5910209038, 2.91651389977, 1.52579297247, 28.8232258819, 327.946349912, 0.445573861308, 0.214285714286
0.705654878804, 0.871853778083, 2.03022943801, 0.274960794095, 15.2450690301, 45.4431789344, 2.08177781611, 1.66493798226, 27.2007585324, 240.230969266, 0.455294709996, 0.426778242678
0.86615117126, 0.869520333491, 2.01254163626, 0.415885067935, 19.4465729595, 44.7760162988, 2.23010962389, 4.33411586229, 20.6331120249, 201.316432402, 0.607772441585, 0.0
0.620939741551, 0.982753423113, 2.12231929323, 0.465911695843, 9.09091915138, 44.5778878973, 2.47354393539, 3.80613913688, 23.3359435121, 203.975098249, 0.576073862204, 0.0
0.520976596097, 0.864605587281, 2.17822091802, 0.465911695843, 20.9320961469, 44.5778878973, 2.24292150811, 4.29282319576, 23.3359435121, 236.103769749, 0.483818058953, 0.00970873786408
0.620939741551, 0.982753423113, 2.12231929323, 0.447248991314, 9.09091915138, 44.2514149048, 2.47354393539, 3.80613913688, 23.3359435121, 240.433191611, 0.486545967981, 0.0
0.645198048062, 0.828282871296, 2.01254163626, 0.415885067935, 30.9302649472, 40.6080154734, 2.08679231758, 2.93903284253, 23.0725770125, 221.698592296, 0.502189997494, 0.225988700565
0.583357193482, 0.859473562013, 2.02484888841, 0.463207731015, 43.2835249233, 42.154244483, 2.7056875813, 1.66493798226, 35.015272488, 213.303879184, 0.533942501231, 0.0
0.6190353879, 0.869520333491, 2.07113442526, 0.415885067935, 19.4465729595, 44.7760162988, 2.23010962389, 3.77638393751, 20.6331120249, 219.923932916, 0.517716594751, 0.0869565217391
0.86615117126, 0.856681606555, 2.00970355009, 0.415885067935, 37.0588085, 40.6080154734, 2.85271162766, 2.93903284253, 23.0725770125, 227.151163114, 0.525116517804, 0.0258620689655
0.505948174811, 1.10337415057, 2.86249590885, 0.463207731015, 19.7215893218, 40.6080154734, 3.92579067763, 1.44824818367, 35.015272488, 548.916789343, 0.4668513601, 0.0
0.530426386472, 1.25840526959, 2.97317249467, 0.249986511468, 35.0568717222, 40.2066689729, 3.27940692173, 1.92265304998, 43.7807037243, 795.742079183, 0.406087510334, 0.26968503937
0.530426386472, 0.869520333491, 2.07113442526, 0.463207731015, 12.4109004822, 42.154244483, 2.7056875813, 1.33754661721, 35.015272488, 320.47584614, 0.460571949498, 0.333333333333
0.854452704746, 0.871853778083, 2.03022943801, 0.402030022591, 19.4465729595, 47.987644155, 2.08177781611, 1.33754661721, 27.2007585324, 271.076235513, 0.469794802412, 0.322222222222
0.530426386472, 0.869520333491, 2.07113442526, 0.463207731015, 12.4109004822, 42.154244483, 2.7056875813, 1.33754661721, 35.015272488, 239.857027613, 0.476513114745, 0.347457627119
0.73510350202, 0.946105792047, 2.12231929323, 0.455259826217, 9.09091915138, 40.6498979273, 2.69852828094, 1.1324830913, 23.3359435121, 231.732456433, 0.51651452474, 0.0863309352518
0.530426386472, 0.86924318785, 2.01254163626, 0.362693999671, 12.4109004822, 45.5678934356, 2.08177781611, 1.33754661721, 35.015272488, 298.828428642, 0.47546656733, 0.121495327103
0.705654878804, 0.869520333491, 2.78169402189, 0.274960794095, 43.2835249233, 45.4431789344, 2.08177781611, 1.33754661721, 27.2007585324, 280.263446819, 0.429454240874, 0.622377622378
0.782087252357, 0.869520333491, 2.01560844144, 0.204767860573, 21.412064517, 47.987644155, 3.22935694176, 1.12792891444, 20.6331120249, 246.452204919, 0.453728791707, 0.605
0.526902803176, 1.13009445167, 2.26541466268, 0.212448996571, 28.7273175489, 42.154244483, 3.39432578766, 1.08816424507, 20.8373059793, 375.827637027, 0.424492834508, 0.403483309144
0.530426386472, 0.919287740012, 2.39090832641, 0.415885067935, 2.92271449164, 44.3340965745, 2.85271162766, 1.92265304998, 30.4885353437, 277.681776841, 0.430370803533, 0.478260869565
0.530426386472, 0.919287740012, 2.39090832641, 0.415885067935, 12.4109004822, 44.3340965745, 2.85271162766, 1.92265304998, 30.4885353437, 307.274710841, 0.467440763369, 0.398104265403
0.565438254489, 0.869520333491, 2.03824380453, 0.212448996571, 9.09091915138, 47.987644155, 2.23010962389, 1.33754661721, 20.6331120249, 269.807514078, 0.450409164937, 0.504
0.530426386472, 0.859473562013, 2.07113442526, 0.463207731015, 12.4109004822, 41.7279708755, 2.08177781611, 1.33754661721, 35.015272488, 263.384158845, 0.432094141721, 0.531353135314
0.705654878804, 0.869520333491, 2.03022943801, 0.208114268651, 43.2835249233, 42.154244483, 2.7056875813, 1.66493798226, 35.015272488, 242.684003949, 0.426286794754, 0.624708624709
0.550555065245, 0.883543403677, 2.08923229198, 0.20345250264, 35.0568717222, 49.26836396, 2.7056875813, 1.33754661721, 23.3359435121, 271.06764579, 0.450449237185, 0.471794871795
0.77308033366, 0.849375172233, 2.01254163626, 0.289983001634, 14.7748412882, 47.987644155, 2.16803874726, 1.85832905488, 35.015272488, 263.685445002, 0.459486120294, 0.403225806452
0.891104494613, 0.919287740012, 2.39090832641, 0.419574688379, 37.5388760318, 41.5132273005, 2.7056875813, 1.33754661721, 42.4229251215, 317.261789213, 0.457680059902, 0.386934673367
0.738655226396, 0.871853778083, 2.28241977982, 0.419574688379, 4.42870549131, 45.4431789344, 2.08177781611, 1.66493798226, 27.2007585324, 248.833450024, 0.468207645932, 0.411042944785
0.530426386472, 0.859473562013, 2.07113442526, 0.463207731015, 12.4109004822, 41.7279708755, 3.38963261857, 1.76232371886, 35.015272488, 334.462155389, 0.436103103675, 0.427397260274
0.512377137034, 0.869520333491, 2.03022943801, 0.208114268651, 43.2835249233, 42.154244483, 2.7056875813, 1.66493798226, 42.0076385406, 280.904320348, 0.437203788348, 0.429149797571
0.891104494613, 0.919287740012, 2.39090832641, 0.419574688379, 4.42870549131, 41.5132273005, 2.7056875813, 1.33754661721, 42.4229251215, 327.112376737, 0.414186494326, 0.545774647887
0.538587235422, 1.25614003242, 2.31109083928, 0.22807903204, 19.7215893218, 41.0924856554, 2.7056875813, 1.1324830913, 21.6585192652, 347.122278769, 0.405698128958, 0.660056657224
0.530426386472, 0.869520333491, 2.07113442526, 0.362693999671, 12.4109004822, 45.5678934356, 2.08177781611, 1.33754661721, 35.015272488, 308.012111992, 0.409699087236, 0.590909090909
0.573640964047, 1.11639428766, 2.08923229198, 0.212448996571, 28.7273175489, 49.26836396, 2.64960334839, 1.33754661721, 27.2007585324, 354.808776269, 0.420472001281, 0.481308411215
0.519120279612, 1.06048378775, 2.39090832641, 0.415885067935, 30.6579525332, 40.727768993, 2.85271162766, 1.92265304998, 23.3359435121, 320.338744631, 0.417753209341, 0.576811594203
0.705654878804, 0.869520333491, 2.03022943801, 0.274960794095, 43.2835249233, 45.4431789344, 2.08177781611, 1.66493798226, 27.2007585324, 238.874111773, 0.477002491571, 0.455598455598
0.854452704746, 0.869520333491, 2.03824380453, 0.212448996571, 19.4465729595, 47.987644155, 2.23010962389, 1.33754661721, 20.6331120249, 231.573566209, 0.464512238965, 0.662087912088
0.831323135176, 0.869520333491, 2.03824380453, 0.212448996571, 19.4465729595, 47.987644155, 2.11927216249, 1.33754661721, 20.6331120249, 205.787746737, 0.498329110199, 0.586605080831
0.530426386472, 0.869520333491, 2.03824380453, 0.212448996571, 19.4465729595, 47.987644155, 2.23010962389, 1.33754661721, 20.6331120249, 213.26779249, 0.473132211456, 0.533527696793
0.854452704746, 0.869520333491, 2.03824380453, 0.402030022591, 19.4465729595, 47.987644155, 2.23010962389, 1.33754661721, 20.6331120249, 212.095832437, 0.496149145604, 0.480519480519
0.86615117126, 0.856681606555, 2.01254163626, 0.30769801957, 37.0588085, 40.6080154734, 2.16803874726, 2.93903284253, 23.0725770125, 202.475191009, 0.594468193028, 0.253731343284
0.782087252357, 0.869520333491, 2.07113442526, 0.212448996571, 9.09091915138, 40.0683034699, 2.85271162766, 1.74967712857, 20.6331120249, 263.03690139, 0.423574303999, 0.675287356322
0.509363758028, 0.945922726252, 2.78169402189, 0.399945526864, 35.0568717222, 40.2066689729, 2.7056875813, 1.33754661721, 40.2974364079, 391.304404309, 0.398750761001, 0.626598465473
0.520976596097, 0.982753423113, 4.56065711265, 0.274960794095, 37.5388760318, 45.6024930128, 2.64960334839, 1.33754661721, 36.2588688491, 784.784822901, 0.397282027621, 0.615671641791
0.530426386472, 1.05133493507, 2.86249590885, 0.212448996571, 27.0807346087, 42.154244483, 2.1878038238, 1.92265304998, 42.4229251215, 473.577380547, 0.41408230356, 0.442211055276
0.538587235422, 1.10337415057, 2.80177805993, 0.22807903204, 19.7215893218, 41.0924856554, 2.7056875813, 1.1324830913, 21.6585192652, 416.456254668, 0.408810516562, 0.588235294118
0.612703549017, 1.25840526959, 2.97317249467, 0.249986511468, 35.0568717222, 40.2066689729, 3.27940692173, 1.10545852994, 43.7807037243, 664.296397985, 0.408742288759, 0.56636438582
0.500913237237, 1.19517141842, 2.86249590885, 0.463207731015, 14.6098523876, 42.154244483, 3.38963261857, 1.92265304998, 42.4229251215, 691.140053321, 0.40289631936, 0.570415400203
0.530426386472, 0.869520333491, 5.59441855079, 0.406248372052, 43.2835249233, 40.727768993, 2.21397741968, 1.92265304998, 35.7320599541, 637.781547077, 0.410372232864, 0.501618122977
0.603913888976, 1.20159555089, 6.88030206398, 0.335868077455, 11.2293947108, 41.4646997782, 2.64960334839, 1.16824514775, 25.9490157581, 1207.66807913, 0.389241957498, 0.487889273356
0.530426386472, 1.05133493507, 2.86249590885, 0.415885067935, 37.5388760318, 47.987644155, 2.85271162766, 1.92265304998, 37.7485938786, 492.062728937, 0.471059822784, 0.0392156862745
0.530426386472, 0.919287740012, 2.39090832641, 0.415885067935, 37.5388760318, 40.727768993, 3.38963261857, 1.92265304998, 36.675510989, 363.309556839, 0.430424022479, 0.453908984831
0.587278059369, 1.18786500141, 2.19545945956, 0.458712285513, 36.2235199402, 47.988210385, 2.94724992078, 3.28558456511, 35.0912122186, 359.230622244, 0.478853667601, 0.020618556701
0.530426386472, 1.05133493507, 2.86249590885, 0.463207731015, 27.0807346087, 42.154244483, 3.38963261857, 1.92265304998, 42.4229251215, 642.172872525, 0.433389898695, 0.224101479915
0.854452704746, 1.15806988165, 2.07113442526, 0.362693999671, 19.4465729595, 44.7760162988, 2.08177781611, 1.33754661721, 27.2007585324, 346.742558551, 0.432348527886, 0.413953488372
0.57015595831, 1.05133493507, 2.78169402189, 0.399945526864, 35.0568717222, 40.2066689729, 2.7056875813, 1.33754661721, 20.6682329395, 409.325824517, 0.458441359634, 0.115384615385
0.538587235422, 1.10337415057, 2.80177805993, 0.22807903204, 19.7215893218, 41.0924856554, 2.7056875813, 1.1324830913, 21.6585192652, 336.9986164, 0.470182520558, 0.155279503106
0.57015595831, 0.919287740012, 2.78169402189, 0.399945526864, 35.0568717222, 40.2066689729, 2.7056875813, 1.33754661721, 20.6682329395, 346.314760128, 0.456469902344, 0.128205128205
0.500913237237, 1.13009445167, 2.26541466268, 0.212448996571, 28.7273175489, 42.154244483, 3.39432578766, 1.08816424507, 20.6331120249, 379.61096958, 0.428082361933, 0.230769230769
0.530426386472, 1.19517141842, 2.86249590885, 0.463207731015, 14.6098523876, 42.154244483, 3.38963261857, 1.92265304998, 42.4229251215, 737.492116304, 0.449327064754, 0.0519877675841
0.645198048062, 0.828282871296, 2.01254163626, 0.415885067935, 30.9302649472, 40.6080154734, 2.08679231758, 0.234350507658, 23.0725770125, 198.938474735, 0.588636473997, 0.295652173913
0.831323135176, 0.837145201853, 2.03824380453, 0.212448996571, 19.4465729595, 47.987644155, 2.11927216249, 1.33754661721, 20.6331120249, 211.264690175, 0.526377836461, 0.346341463415
0.519120279612, 1.06048378775, 2.39090832641, 0.415885067935, 37.0588085, 40.727768993, 2.85271162766, 1.92265304998, 30.4885353437, 410.556576776, 0.487818216133, 0.0
0.773803520164, 0.856681606555, 2.01254163626, 0.289983001634, 37.0588085, 40.6080154734, 2.16803874726, 2.39358925117, 35.015272488, 218.226809675, 0.607102605857, 0.0575539568345
0.874667083443, 0.823344824476, 4.6204639265, 0.293243462772, 44.4328974367, 40.5470263292, 2.77838457046, 1.92168031577, 36.9279982128, 541.096590886, 0.401490081415, 0.644827586207
0.542619766067, 1.10337415057, 2.17732073568, 0.293243462772, 44.4328974367, 42.8580078143, 3.9769897979, 1.1324830913, 30.4289558832, 435.754048219, 0.409866598556, 0.674493927126
