0.543997652859, 0.955285693739, 2.13069692672, 0.683805545358, 88.2006195208, 27.7253337716, 0.675508844469, 3.50804954636, 1.8333289351, 141.690789564, 0.0, 0.25
0.361673280925, 0.988265947542, 2.62940690909, 0.479891388302, 44.4759576951, 25.7013115206, 0.0595553150281, 1.96600926746, 9.52098745669, 36.6234875515, 0.331640567573, 0.0
0.107953984006, 0.836116150866, 7.796137137, 0.534039048805, 81.9445815106, 1.44371231321, 0.995198731236, 2.77457011576, 39.9589226534, 513.465442192, 0.00277425092505, 0.0
0.110981049496, 0.822497675169, 2.03291246809, 0.683805545358, 26.3889474248, 27.7253337716, 0.0595553150281, 2.77457011576, 1.8333289351, 44.8613591452, 0.154665681057, 0.0
0.110981049496, 0.822497675169, 2.03291246809, 0.683805545358, 26.3889474248, 1.44371231321, 0.0595553150281, 3.15339924625, 1.8333289351, 75.6844698504, 0.00962902937744, 0.0
0.404939238206, 0.822497675169, 2.07758304899, 0.683805545358, 33.4461560985, 27.7253337716, 0.0595553150281, 3.96097388799, 1.8333289351, 61.7817819321, 0.0186599667518, 0.0
0.110981049496, 0.822497675169, 2.03291246809, 0.683805545358, 26.3889474248, 1.2692001177, 0.413609621873, 3.15339924625, 27.917635311, 105.097897826, 0.00663056738065, 0.272727272727
0.107953984006, 0.831122884291, 3.26025847766, 0.534039048805, 26.3889474248, 1.45361668644, 0.995198731236, 3.92703208017, 8.73660580579, 115.705253935, 0.00417157914628, 0.0
0.110981049496, 0.822497675169, 2.03291246809, 0.688437259785, 26.3889474248, 1.44371231321, 0.0595553150281, 3.15339924625, 1.8333289351, 72.8768201624, 0.00464582764485, 0.545454545455
0.1123925437, 0.828581991376, 2.37270562384, 0.659046070261, 75.9524252788, 1.2692001177, 0.586133656265, 0.0745593957465, 27.917635311, 96.0698977401, 0.00890439814562, 0.142857142857
0.117260536106, 0.854811682802, 2.07758304899, 0.659046070261, 44.4759576951, 1.26205151028, 0.594336853737, 2.49584552836, 13.5178659185, 96.5345350635, 0.00799593034581, 0.416666666667
0.110981049496, 0.822497675169, 2.03291246809, 0.689557043872, 26.3889474248, 1.44371231321, 0.0595553150281, 2.08992360605, 1.8333289351, 65.395567267, 0.00828377550913, 0.5625
0.107953984006, 0.905490529341, 2.37354045795, 0.467214193677, 84.5250673112, 1.44371231321, 0.859073674525, 1.7982935795, 3.81762093794, 66.5715259836, 0.0178365318941, 0.578947368421
0.715631078392, 0.954468830344, 2.2604683819, 0.672451886803, 99.3460520086, 14.2928842469, 0.675508844469, 3.20977625306, 5.50027519409, 46.7151477002, 0.310115180206, 0.5625
0.104530791411, 0.920462400488, 5.30907060802, 0.659275170085, 5.63777378401, 31.5799845365, 0.224951184226, 3.08100469503, 18.511080167, 53.3908744815, 0.282698524706, 0.363636363636
0.104530791411, 0.954468830344, 2.2604683819, 0.672451886803, 5.63777378401, 14.2928842469, 0.675508844469, 3.20977625306, 5.50027519409, 61.5874248246, 0.161224923606, 0.4375
0.543997652859, 0.955285693739, 2.13069692672, 0.683805545358, 88.2006195208, 25.7013115206, 0.675508844469, 3.50804954636, 1.8333289351, 55.9147528831, 0.222032104751, 0.5
0.107953984006, 0.855577796242, 2.2604683819, 0.534039048805, 28.5032374416, 1.36078223304, 0.0262780952237, 2.77457011576, 27.769550421, 109.330190418, 0.00719633376275, 0.357142857143
0.107953984006, 0.855577796242, 3.26025847766, 0.461253269764, 16.0775682948, 1.45361668644, 1.29448507531, 2.77457011576, 39.9589226534, 409.9696104, 0.00459170311583, 0.0
0.107953984006, 0.855577796242, 3.26025847766, 0.552531396302, 26.3889474248, 1.44371231321, 0.995198731236, 3.15339924625, 39.9589226534, 202.978793275, 0.00652232822433, 0.0
0.10647634936, 1.09538503059, 2.80184593344, 0.547014708835, 39.2903508793, 1.38016720993, 0.025966027662, 2.77457011576, 27.769550421, 223.351685823, 0.00637676121867, 0.0
0.107953984006, 0.855577796242, 3.26025847766, 0.535041075101, 16.0775682948, 1.45361668644, 1.29448507531, 2.77457011576, 39.9589226534, 310.602839459, 0.00570564620482, 0.0
0.107953984006, 0.855577796242, 2.2604683819, 0.691981540439, 38.8495426775, 1.45361668644, 0.995198731236, 4.94306120807, 27.769550421, 142.995889297, 0.00690016523941, 0.0
0.715631078392, 0.854811682802, 2.2604683819, 0.691981540439, 99.3460520086, 1.26205151028, 0.594336853737, 3.92703208017, 13.5178659185, 72.9378725026, 0.0388578140142, 0.0
0.307453184353, 0.905490529341, 2.37354045795, 0.467214193677, 84.5250673112, 2.99340875136, 0.859073674525, 1.7982935795, 15.4133639089, 70.5569815591, 0.113465561976, 0.166666666667
0.307453184353, 0.905490529341, 2.37354045795, 0.488198063225, 84.5250673112, 2.99340875136, 0.859073674525, 1.7982935795, 3.81762093794, 111.020570616, 0.018601446204, 0.125
0.107953984006, 0.855577796242, 3.26025847766, 0.552531396302, 17.1551444385, 1.44371231321, 0.995198731236, 1.66233989815, 3.81762093794, 92.4884266995, 0.0186508238195, 0.375
0.63889827088, 0.885257720921, 2.01097476572, 0.691981540439, 86.6846485848, 4.27445417212, 0.395042773344, 3.04230652833, 2.25808699791, 71.9831476467, 0.119131740494, 0.25
0.107953984006, 0.855577796242, 3.26025847766, 0.552531396302, 26.3889474248, 1.44371231321, 0.675508844469, 3.15339924625, 39.9589226534, 181.33744844, 0.00543810047899, 0.416666666667
0.307453184353, 0.905490529341, 3.49976685522, 0.467214193677, 87.7286249642, 2.99340875136, 0.859073674525, 1.7982935795, 3.81762093794, 68.7668629128, 0.116897153579, 0.714285714286
0.108696018159, 1.02952646554, 5.163604019, 0.492098349137, 70.8180115707, 1.04765720909, 1.26014865987, 4.039972495, 40.1081387655, 567.718229789, 0.00608031245084, 0.0384615384615
0.107953984006, 1.03552613808, 7.796137137, 0.534039048805, 73.2895160681, 1.42772260434, 0.848556126006, 2.77457011576, 27.769550421, 497.118558515, 0.00543121708794, 0.454545454545
0.63889827088, 0.885257720921, 2.01097476572, 0.636772523086, 30.6871076042, 8.32445635788, 0.395042773344, 4.18119885864, 2.25808699791, 66.8368411634, 0.252752269782, 0.48
0.101134800035, 0.828581991376, 2.37270562384, 0.659046070261, 75.9524252788, 1.11933860507, 0.395042773344, 0.0584727090066, 1.8333289351, 84.3070445929, 0.0144010154884, 0.739130434783
0.117260536106, 0.828581991376, 2.37270562384, 0.659046070261, 75.9524252788, 1.2692001177, 0.846586449056, 0.0745593957465, 27.917635311, 174.401822447, 0.00872548612419, 0.0
0.107953984006, 0.825331517901, 3.26025847766, 0.577334352368, 26.3889474248, 1.45361668644, 0.995198731236, 2.77457011576, 11.7012230164, 164.216339444, 0.00717525038739, 0.2
0.543997652859, 0.855577796242, 2.01088460279, 0.683805545358, 88.2006195208, 27.7253337716, 0.675508844469, 3.50804954636, 1.8333289351, 66.4865472545, 0.279053944526, 0.6875
0.309384648118, 0.885257720921, 2.01097476572, 0.636772523086, 30.6871076042, 8.32445635788, 0.395042773344, 4.18119885864, 1.67674088437, 74.1948378139, 0.110736091929, 0.0
0.307453184353, 0.905490529341, 2.37354045795, 0.467214193677, 84.5250673112, 2.32233580589, 0.859073674525, 1.7982935795, 15.4133639089, 75.2378069535, 0.108521322446, 0.5
0.715631078392, 0.954468830344, 2.2604683819, 0.672451886803, 99.3460520086, 14.2928842469, 0.675508844469, 0.932391006303, 5.50027519409, 63.9434291215, 0.511783331209, 0.681818181818
0.107953984006, 0.855577796242, 3.26025847766, 0.456641013678, 1.58965393458, 1.45361668644, 1.18349829514, 2.77457011576, 39.9589226534, 231.770488357, 0.00677209004461, 0.0
0.63889827088, 0.885257720921, 2.01097476572, 0.691981540439, 86.6846485848, 4.27445417212, 0.637721036795, 3.04230652833, 1.67674088437, 68.3101823101, 0.194892144373, 0.633333333333
0.117260536106, 0.854811682802, 2.07758304899, 0.659046070261, 44.4759576951, 1.26205151028, 0.594336853737, 2.49584552836, 13.5178659185, 104.579079652, 0.016146909923, 0.3
0.729485207154, 0.867838788249, 2.37270562384, 0.461253269764, 75.9524252788, 1.45361668644, 0.846586449056, 0.204447691534, 27.917635311, 103.670514961, 0.0241789888256, 0.0
0.236256797828, 0.888031800445, 2.37270562384, 0.659046070261, 97.4377324265, 2.75711986056, 0.596147586, 3.72952327745, 2.43220544562, 95.8258775703, 0.0347395399562, 0.272727272727
0.715631078392, 0.854811682802, 2.07758304899, 0.691981540439, 44.4759576951, 1.26205151028, 0.594336853737, 2.49584552836, 13.5178659185, 97.0115353036, 0.0362577693202, 0.0
0.110981049496, 0.822497675169, 2.03291246809, 0.688796460588, 26.3889474248, 1.44371231321, 0.0595553150281, 2.08992360605, 1.8333289351, 89.649475255, 0.0216541948226, 0.509803921569
0.107953984006, 0.855577796242, 2.2604683819, 0.691981540439, 26.3889474248, 1.45361668644, 0.995198731236, 4.94306120807, 27.769550421, 83.8071146062, 0.0277409320113, 0.533333333333
0.204553561771, 0.885257720921, 2.01097476572, 0.636772523086, 30.6871076042, 8.32445635788, 0.395042773344, 4.18119885864, 1.67674088437, 93.0590015098, 0.0377248651292, 0.0
0.715631078392, 0.854811682802, 2.2604683819, 0.691981540439, 99.3460520086, 1.26205151028, 0.594336853737, 3.92703208017, 13.5178659185, 105.646509271, 0.025927165243, 0.133333333333
0.107953984006, 1.19717158671, 2.37354045795, 0.534039048805, 39.2903508793, 1.38016720993, 0.025966027662, 2.65350009702, 3.81762093794, 180.089495775, 0.00836070997381, 0.315789473684
0.107953984006, 0.855577796242, 3.26025847766, 0.534039048805, 16.0775682948, 1.45361668644, 1.29448507531, 2.77457011576, 39.9589226534, 240.702521808, 0.00802929690655, 0.0
0.107953984006, 0.855577796242, 3.26025847766, 0.534039048805, 26.3889474248, 1.45361668644, 0.729144719312, 2.77457011576, 27.769550421, 141.537232211, 0.01543619362, 0.166666666667
0.117260536106, 0.828581991376, 2.37270562384, 0.659046070261, 75.9524252788, 1.2692001177, 0.846586449056, 0.131150626667, 27.917635311, 100.261626769, 0.0196495772134, 0.333333333333
0.107953984006, 0.855577796242, 2.78307618959, 0.534039048805, 26.3889474248, 1.45361668644, 1.29448507531, 2.77457011576, 27.769550421, 227.084352204, 0.00929754304208, 0.109375
0.236256797828, 0.888031800445, 2.37270562384, 0.641612266841, 85.1220398389, 1.82443989536, 0.383913294873, 1.4278262851, 9.52098745669, 157.075812975, 0.0180752878065, 0.0
0.510199931144, 0.829521149626, 3.15336464972, 0.56801981572, 84.5250673112, 4.90902635738, 0.790794928105, 1.34905708563, 9.55574505755, 92.5922896886, 0.094254523958, 0.0
0.810424561102, 0.885257720921, 2.01097476572, 0.691981540439, 86.6846485848, 4.27445417212, 0.637721036795, 3.04230652833, 2.25808699791, 82.2513319434, 0.100421666645, 0.0
0.236256797828, 0.888031800445, 2.37270562384, 0.641612266841, 85.1220398389, 2.75711986056, 0.596147586, 1.4278262851, 9.52098745669, 76.356297974, 0.0468350272485, 0.111111111111
0.715631078392, 0.954468830344, 2.2604683819, 0.672451886803, 99.3460520086, 14.2928842469, 0.675508844469, 3.20977625306, 19.6990097519, 74.7545790159, 0.407918981633, 0.3
0.107953984006, 0.833660524502, 7.796137137, 0.659046070261, 26.3889474248, 1.45361668644, 0.846586449056, 2.77457011576, 27.769550421, 355.022024962, 0.00751105020067, 0.0
0.107953984006, 1.05702968225, 3.26025847766, 0.534039048805, 26.3889474248, 2.18414662526, 0.995198731236, 0.399852159156, 27.769550421, 242.001249562, 0.00835295761225, 0.0
0.107953984006, 0.837911989269, 7.796137137, 0.498733298882, 26.3889474248, 1.44371231321, 0.92825599157, 2.77457011576, 20.5160185494, 277.300856554, 0.00806643400273, 0.193548387097
0.715631078392, 0.854811682802, 2.15502026787, 0.467214193677, 99.3460520086, 2.18907889885, 0.594336853737, 4.77251999455, 5.50027519409, 73.8934432618, 0.174690824367, 0.611111111111
0.715631078392, 0.954468830344, 2.2604683819, 0.672451886803, 88.2006195208, 14.2928842469, 0.675508844469, 3.20977625306, 5.8228509174, 75.4099716447, 0.475561454384, 0.444444444444
0.107953984006, 0.840836766945, 7.796137137, 0.534039048805, 26.3889474248, 1.44371231321, 2.32865301475, 2.77457011576, 39.9589226534, 828.949392685, 0.00734951664225, 0.0
0.307453184353, 0.905490529341, 2.37354045795, 0.488198063225, 84.5250673112, 2.99340875136, 0.859073674525, 1.7982935795, 3.81762093794, 116.00016974, 0.0224358586247, 0.111111111111
0.107953984006, 1.03552613808, 7.796137137, 0.534039048805, 26.3889474248, 1.42772260434, 2.32865301475, 2.77457011576, 27.769550421, 1194.12177985, 0.00735192612632, 0.0
0.107953984006, 1.04355219526, 2.31844195843, 0.446831908363, 70.8180115707, 1.04765720909, 2.28980701499, 3.92703208017, 8.73660580579, 311.329166867, 0.00762438181195, 0.248226950355
0.107953984006, 0.855577796242, 3.26025847766, 0.669128586831, 1.23549894484, 1.2692001177, 1.29448507531, 2.77457011576, 39.9589226534, 411.61628464, 0.00758403090404, 0.0
0.104088958963, 0.843887481639, 3.26025847766, 0.534039048805, 84.5250673112, 2.99340875136, 0.995198731236, 0.368522092442, 11.832504197, 192.195716709, 0.0139774924027, 0.0
0.107953984006, 0.825331517901, 3.26025847766, 0.577334352368, 26.3889474248, 1.45361668644, 0.995198731236, 2.77457011576, 11.7012230164, 174.598864515, 0.0167010601565, 0.0
0.107953984006, 0.855577796242, 3.26025847766, 0.534039048805, 26.3889474248, 1.45361668644, 0.995198731236, 2.77457011576, 20.1360247909, 190.438965746, 0.01429238723, 0.0
0.715631078392, 0.854811682802, 2.07758304899, 0.691981540439, 44.4759576951, 1.25845327861, 0.594336853737, 2.49584552836, 13.5178659185, 95.1303098247, 0.0616909485017, 0.0714285714286
0.107953984006, 0.855577796242, 3.26025847766, 0.561225215308, 1.58965393458, 1.44371231321, 0.675508844469, 3.15339924625, 39.9589226534, 149.574519573, 0.0147584266793, 0.2
0.573153928843, 0.833660524502, 2.37270562384, 0.659046070261, 26.3889474248, 1.44371231321, 0.846586449056, 0.204447691534, 39.9589226534, 175.300371196, 0.01710562096, 0.0
0.110981049496, 0.822497675169, 2.13069692672, 0.683805545358, 33.4461560985, 27.7253337716, 0.0595553150281, 3.96097388799, 1.8333289351, 90.6745817529, 0.151149251613, 0.0
0.107953984006, 0.833660524502, 7.796137137, 0.659046070261, 26.3889474248, 1.19500756033, 0.259420867873, 2.77457011576, 27.769550421, 381.105990307, 0.00846407458009, 0.142857142857
0.307453184353, 0.905490529341, 2.37354045795, 0.467214193677, 84.5250673112, 2.11058671254, 0.859073674525, 1.7982935795, 15.4133639089, 125.994609927, 0.0333373516571, 0.0
0.715631078392, 0.854811682802, 2.20604397086, 0.672525205603, 99.3460520086, 1.60556927477, 0.594336853737, 3.92703208017, 5.50027519409, 91.4409499571, 0.104647965696, 0.5
0.107953984006, 1.02952646554, 3.26025847766, 0.534039048805, 26.3889474248, 1.45361668644, 0.995198731236, 4.039972495, 27.769550421, 195.047506842, 0.0162084292428, 0.0625
0.622023248589, 0.822497675169, 2.31844195843, 0.577334352368, 77.3095876073, 4.24721428163, 0.594336853737, 3.92703208017, 11.7012230164, 82.1252835494, 0.106809151599, 0.5625
0.779049956402, 0.958358118841, 2.07758304899, 0.446787620371, 1.57929251478, 49.8379182867, 0.92825599157, 2.49584552836, 18.4812261695, 81.9642730663, 0.866778268211, 0.0
0.63889827088, 0.855577796242, 2.01097476572, 0.636772523086, 30.6871076042, 2.53249185772, 0.395042773344, 2.77457011576, 2.25808699791, 98.9156956675, 0.0623696966235, 0.0
0.63889827088, 0.855577796242, 2.01097476572, 0.636772523086, 30.6871076042, 2.53249185772, 0.0595553150281, 2.77457011576, 2.25808699791, 97.7671825103, 0.0546567431861, 0.0714285714286
0.107953984006, 0.855577796242, 3.26025847766, 0.534039048805, 26.3889474248, 1.45361668644, 1.59377562188, 2.77457011576, 27.769550421, 352.827653971, 0.00913424779405, 0.0384615384615
0.307453184353, 0.840836766945, 2.37354045795, 0.534039048805, 94.5420226245, 2.99340875136, 0.859073674525, 2.77457011576, 3.81762093794, 89.3412868152, 0.0611545010583, 0.666666666667
0.307453184353, 0.905490529341, 2.37354045795, 0.467214193677, 84.5250673112, 16.5970354151, 0.859073674525, 1.7982935795, 3.81762093794, 90.0572746353, 0.227198802873, 0.0
0.107953984006, 0.840836766945, 7.796137137, 0.534039048805, 26.3889474248, 1.44371231321, 2.32865301475, 2.77457011576, 39.9589226534, 907.675284969, 0.00843934011725, 0.0
0.117260536106, 0.828581991376, 2.37270562384, 0.659046070261, 75.9524252788, 1.44371231321, 0.0595553150281, 0.0745593957465, 1.8333289351, 128.998736473, 0.0103562741076, 0.416666666667
0.107349007888, 0.828581991376, 2.37270562384, 0.659046070261, 75.9524252788, 1.2692001177, 0.846586449056, 0.131150626667, 27.917635311, 119.245789513, 0.0148579472204, 0.416666666667
0.107953984006, 0.855577796242, 7.796137137, 0.534039048805, 26.3889474248, 1.44371231321, 0.995198731236, 2.77457011576, 39.9589226534, 376.237049623, 0.00902669683993, 0.0
0.107953984006, 0.855577796242, 3.26025847766, 0.461253269764, 16.0775682948, 1.45361668644, 1.29448507531, 2.77457011576, 39.9589226534, 355.707773537, 0.009086604325, 0.0
0.361673280925, 0.988265947542, 2.62940690909, 0.479891388302, 44.4759576951, 2.87241134003, 0.0595553150281, 1.96600926746, 9.52098745669, 125.115646468, 0.0366361838916, 0.0
0.779049956402, 0.931496714384, 2.07758304899, 0.645320797215, 94.5420226245, 9.66642467711, 0.92825599157, 2.49584552836, 13.9936899071, 89.5155580382, 0.419290455256, 0.0
0.10647634936, 1.09538503059, 2.80184593344, 0.547014708835, 39.2903508793, 1.38016720993, 0.025966027662, 2.77457011576, 27.769550421, 226.003728103, 0.0103594944376, 0.0
0.404939238206, 0.931496714384, 2.07758304899, 0.495197824926, 94.5420226245, 4.56662519441, 0.92825599157, 2.49584552836, 18.4812261695, 82.295135818, 0.133987110506, 0.166666666667
0.107953984006, 0.855577796242, 3.26025847766, 0.534039048805, 26.3889474248, 1.38016720993, 0.0262780952237, 2.77457011576, 27.769550421, 159.463891961, 0.016454065883, 0.270833333333
0.110981049496, 0.822497675169, 2.13069692672, 0.683805545358, 33.4461560985, 27.7253337716, 0.0595553150281, 3.96097388799, 1.8333289351, 93.7333195182, 0.131820490491, 0.0
0.810424561102, 0.885257720921, 2.01097476572, 0.691981540439, 86.6846485848, 4.27445417212, 0.637721036795, 3.04230652833, 1.1646958574, 84.2261315543, 0.231181075652, 0.15
