-1.0, -1.0, 1.0, 3.0, 2.0, 1.0, -0.304213048203, 2.43201629025, -0.768049830919, 2.0, 2.0, 0.0, -0.473923778986, -1.0, 3.0, -0.817467489882, 2.31330617144, 1.70990482859, 0.301501815959, 0.0, 0.070356753313, -0.647051578554, 3.0, 1.93848998444, -1.0, 3.0, 1.0, -0.95819178958, 3.0, 3.0, 2.0, 0.0, 1.19008401062, -1.0, 2.0, -1.0, -1.0, 0.0, -1.0, 2.0, 0.0245002572964, -0.431026118122, 0.0, -0.713324145155, -1.0, 1.12685597796, 2.0, 0.545077534524, -1.0, 2.32536603673, 96249.0, 487.0, 99536.0
1.0, 0.475685063407, 2.0, 0.480361397223, 1.0, 1.0, 0.555458532946, 0.0, 1.0, 0.0, 1.0, 2.0, -1.0, -1.0, 0.0, 1.0, 0.473597494394, 0.0, 2.0, -0.328053013733, 2.33786600046, 0.0, 2.58647500433, 1.0, 3.0, 1.0, 3.0, 1.0, 1.0, 2.0, 1.0, 1.0, 1.0, -1.0, 0.0, -1.0, 3.0, 0.0, 3.0, 2.0, 0.0, -0.0625127995982, -1.0, 2.0, -1.0, 3.0, -1.0, -1.0, 2.0, 0.0, 95093.0, 589.0, 99450.0
1.0, 0.475685063407, 2.0, 0.480361397223, 1.0, 1.0, 0.555458532946, 0.0, 1.0, 0.0, 1.0, 2.0, -1.0, -1.0, 0.0, 1.0, 0.473597494394, 0.0, 2.0, -0.328053013733, 2.33786600046, 0.0, 2.58647500433, 1.0, 3.0, 1.0, 3.0, 1.0, 1.0, 2.0, 1.0, 1.0, 1.0, -1.0, 0.0, -0.837550496517, 3.0, 0.0, 2.72201479459, 2.0, -0.269408920637, -0.0625127995982, -1.0, 2.0, -1.0, 3.0, -1.0, -1.0, 2.0, 0.0, 95093.0, 589.0, 99450.0
2.0, 0.102640962321, 3.0, 3.0, 2.0, 0.0, 1.0, 0.0, 0.0, 1.23117422747, 0.87791060667, 0.0, 0.627627402197, -1.0, 0.0, 0.619460199591, 3.0, 2.0, -0.366846677906, 0.215765019621, 0.0, 2.0, 2.0, 0.0, -1.0, -1.0, 3.0, 0.937076155276, -0.81454656061, -1.0, 2.0, 2.0, 1.0, -1.0, -0.258684070275, -0.8321337257, -1.0, 2.0, -1.0, 2.0, 0.745134296354, -1.0, 3.0, 3.0, 1.08979258952, 2.0, 2.29345184589, -0.601719295318, -0.239669871919, -1.0, 95847.0, 534.0, 99480.0
1.0, -1.0, 1.75557510304, 1.0, -0.481116214755, 1.0, 0.0, 0.0, 1.90796487245, 2.0, 1.0, 2.0, -0.102802800722, -1.0, 0.0, 1.0, 0.0, 0.0, 2.16851495998, 0.0, 2.0, 0.945999676899, 2.0, 1.0, 0.450833547738, 1.0, 3.0, 1.0, 1.0, 2.0, 1.0, 1.16108387191, 1.0, 0.0, -0.184136721884, -0.0261463347176, 3.0, 0.0, 3.0, 2.11127400854, 0.0, 2.1004754577, -1.0, 2.0, -1.0, 3.0, -0.891661905134, -1.0, 2.0, 0.128257062936, 94990.0, 614.0, 99435.0
-1.0, -1.0, 0.754239114634, 1.35146671069, 0.0, 1.44496490414, 0.0, -0.426517120005, 1.0, -1.0, 2.0, 0.0, 0.0, 1.0, 2.16987287697, 0.0, 2.50659291355, 1.0, -1.0, -0.114382739867, 3.0, -0.0313607775265, 3.0, 0.0, -1.0, 3.0, 1.0, 1.24154485334, 3.0, 3.0, 0.614958491936, 0.0, 1.0, -1.0, 2.0, -1.0, -1.0, 1.40936184376, 1.0, 2.02702608439, 0.958576850647, 0.0, 0.0, 3.0, -1.0, 1.0, 2.0, 1.0, -1.0, 1.85861578549, 95373.0, 557.0, 99474.0
1.0, -1.0, 2.0, 0.797853287095, 1.0, 1.0, 2.0, 0.0, 1.0, 2.0, 1.0, 2.0, -0.219286562216, -0.805336772847, -0.0023481799056, 1.0, -0.445464895186, 0.0, 2.0, 0.0, 2.0, 0.84696181857, 2.40407535606, 1.0, 3.0, -0.226835854511, 2.01355716123, -0.476920451114, 1.0, 0.505306836946, 1.0, 2.01808829742, 1.0, 0.0, 2.14264103505, -1.0, 3.0, 0.0, 3.0, 1.72960558476, 0.0, -0.841857516019, -1.0, 0.735292683715, -1.0, 3.0, -1.0, -1.0, 2.0, 0.0, 95175.0, 580.0, 99454.0
1.07397206084, 0.0, 1.0, 2.3892908746, 0.282980419756, -0.727432672269, -0.404536215994, -0.179380389595, 0.0, 0.0, 2.0, 3.0, 1.30743996162, 2.88949985063, -0.0100252436953, 2.04260253314, 2.0, 0.692313527585, 0.381230262276, 2.26858353812, -0.976340066362, 1.0, 2.0, -0.439172830949, 0.605590856173, 0.0529653580892, 0.0, 0.849239107734, 0.0, 3.0, 0.0, 1.0, 2.0, 3.0, 0.0, -1.0, -0.568645063923, 1.0, 2.0, 2.0, 0.0, 2.0, 2.0, -0.32902123276, -0.80113014742, 2.0, 3.0, 1.77610335473, -1.0, 2.0, 94925.0, 616.0, 99426.0
2.51442894842, 1.0, 1.05808746092, -1.0, -0.0705893500826, 1.1135532107, -0.115922691736, 0.0, 0.0, 2.6308959147, 2.0, 2.03235623522, 0.00745576674836, -1.0, 0.0, 1.0, 2.0, 2.0, -1.0, 0.0, -1.0, -0.267381468769, -0.347662656961, 0.0, 1.0, 1.0, 2.0, 0.0, 0.0, 1.0, 0.22800946708, 1.4239323906, 1.0, -1.0, 1.41898023765, 2.0, -1.0, 1.0, -1.0, 1.0, 2.0, 0.0, 2.0, -1.0, 1.0, 2.0, -1.0, 2.0, -1.0, 2.0, 95323.0, 553.0, 99482.0
0.185171973309, -0.232224572311, 2.0, 1.33022842245, 1.0, 1.0, 0.201800333001, -0.689137351685, 1.0, 2.14623285207, 1.0, 1.70911022785, -0.219286562216, -1.0, -0.0023481799056, 1.0, -0.413139284402, 0.0, -0.331015972012, 0.0, -0.600018464571, 0.0, 2.0, 1.0, 3.0, 1.78183949917, 3.0, -0.0619290705426, 1.0, 0.505306836946, 1.0, -0.323195611647, 1.0, 0.0, 0.0, -1.0, 3.0, 0.0, 0.0, 2.0, 0.0, 0.0287423184055, -1.0, 2.0, -1.0, 3.0, -1.0, -1.0, 2.0, -0.431490207445, 94826.0, 588.0, 99453.0
-0.246573657, 1.0, 0.0, 0.396989416797, 2.0, 3.0, -1.0, 0.0, 0.0, 2.0, -0.475612587952, 3.0, 0.627627402197, -1.0, 0.0, 1.0, 2.0, 2.0, -0.0580552793743, 0.0, -0.541317486932, 1.0, 0.521724220437, -0.255792934809, -0.68585679067, 2.95488291631, 2.0, -0.91670079389, -1.0, 1.79891746611, 2.0, 2.11625730444, -0.493357183329, -1.0, 1.0, 2.0, -1.0, 0.0, -1.0, 1.0, 2.0, -0.84311215398, 0.332086694142, -1.0, 1.0, 2.0, 1.93275412376, 2.0, 0.19710557279, 2.0, 95559.0, 548.0, 99484.0
1.0, -1.0, 2.0, 0.797853287095, 1.0, 1.0, 2.0, -0.689137351685, 1.0, -0.974821251585, 1.0, 2.99599845072, -0.219286562216, -1.0, -0.0023481799056, 1.0, -0.413139284402, 0.0, -0.331015972012, 0.0, 1.83050685402, 0.0, 2.0, 1.0, 3.0, 1.0, 3.0, 1.0, 1.0, 0.505306836946, 1.0, 1.0, 0.425579106425, 0.0, 0.0, -1.0, 3.0, 0.0, 1.78687192701, 2.0, 0.0, 0.408893388598, -1.0, 2.0, -1.0, 3.0, -1.0, -1.0, 2.0, 0.86037257737, 95210.0, 567.0, 99472.0
2.51442894842, 1.0, 1.05808746092, -1.0, -0.0705893500826, 1.1135532107, -1.0, 0.0, 0.0, 2.6308959147, 2.0, 3.0, 0.00745576674836, -1.0, 0.0, 1.0, -0.498318336833, 0.317152135625, -1.0, 0.0, 0.365481384037, 1.0, -0.347662656961, 0.0, 1.0, 1.0, 2.0, 0.0, 0.0, 1.0, 0.22800946708, 1.4239323906, 1.0, -1.0, 0.385065456845, 2.0, -1.0, 1.0, -1.0, 0.984566483728, 2.0, 0.0, 2.04849452702, -1.0, 1.0, 2.0, -1.0, 2.0, -1.0, 2.0, 95255.0, 553.0, 99485.0
1.07397206084, 0.0, 1.0, 2.3892908746, 0.0, -0.97467204532, -0.404536215994, 0.0, 0.0, 0.0, 2.0, 3.0, 3.0, 2.88949985063, 1.94640304059, 2.0, 2.0, 0.692313527585, 3.0, 2.0127847304, -0.275606350798, 0.849907478708, 2.0, 0.0, 0.605590856173, -1.0, -0.656546608568, 2.0, 0.0, 3.0, 1.12783626101, 1.0, 2.0, -0.537128024459, 0.0, -1.0, -0.568645063923, 0.530019586826, 2.33068066327, 2.06858936513, 0.0, 2.0, 2.0, 1.4858844197, -0.904645589686, 2.0, 3.0, 3.0, -1.0, 2.0, 95524.0, 589.0, 99447.0
1.0, 1.0, 0.0, 1.0, 2.78589499649, 0.0, 0.215527964956, 0.0, 2.19146774933, 1.70228305154, 2.0, 1.0, 0.0, 0.615928844922, 1.0, 2.5799665689, 0.0, 3.0, -0.542485149524, 3.0, -0.162041390704, 1.0, 2.0, 0.119248462794, 0.0, 0.172241342359, 0.0, 0.0, 0.1121614662, 1.11437217076, 0.0, -0.681018795787, 0.0554594222167, 2.0, 2.16718851068, 1.06331710121, 1.39749413353, 1.0, 0.0, 3.0, 2.0, 3.0, 1.0, 1.0, 3.0, 2.0, 2.0, -1.0, -1.0, 2.0, 94923.0, 649.0, 99414.0
1.07397206084, 0.0, 1.0, 2.3892908746, 0.0, -0.97467204532, -0.404536215994, 0.0, 0.0, 0.0, 2.0, 3.0, 3.0, 2.88949985063, 1.94640304059, 2.598189854, 2.0, 0.692313527585, 3.0, 2.0127847304, -0.275606350798, 0.849907478708, 2.0, 0.0, 0.605590856173, -1.0, 0.401571706873, 2.0, 0.0, 3.0, 1.12783626101, 1.0, 2.0, -0.537128024459, 0.0, -1.0, -0.568645063923, 0.530019586826, 1.78687192701, 2.06858936513, 0.0, 2.0, 2.0, 1.4858844197, -0.904645589686, 2.0, 3.0, 3.0, -1.0, 2.0, 95364.0, 603.0, 99435.0
-1.0, -1.0, 1.0, 1.20187188982, 2.0, 1.0, -0.304213048203, 2.43201629025, -0.768049830919, 0.57634366561, 2.11606515238, 0.0, -0.473923778986, -1.0, -0.0023481799056, 1.00453210297, 1.65816175908, 1.0, 0.301501815959, 0.0, 1.83050685402, -0.647051578554, 3.0, 1.93848998444, -1.0, 1.75874324525, 1.0, -0.95819178958, 3.0, 3.0, 2.0, 0.0, 1.19008401062, -1.0, 2.0, -1.0, -1.0, 1.67798827685, -1.0, 0.335271963668, 0.0245002572964, -0.431026118122, 0.0, 2.0, -1.0, 1.12685597796, 2.0, 0.545077534524, -1.0, 1.46180201736, 95779.0, 513.0, 99503.0
1.07397206084, 0.0, 0.741773495212, 2.3892908746, 1.99412596369, -1.0, -1.0, -0.237551713491, 0.0, 0.0, 2.0, 3.0, 3.0, 2.91072391572, 1.68700346282, 0.923354284162, 2.0, -0.657811524814, 3.0, 2.0127847304, -1.0, 1.0, 1.42454716739, -0.0332774323209, 3.0, -1.0, -0.840482585852, 2.0, 1.7254075502, 3.0, -0.25724530506, 1.0, 2.00744008028, 3.0, 0.0, -1.0, -0.568645063923, 1.0, 2.0, 2.0, 0.0, 2.0, 2.0, 0.909160366263, -0.874527274982, 1.36493254677, 3.0, 3.0, -1.0, 2.0, 95886.0, 559.0, 99471.0
1.0, -0.595480364068, 0.0, 3.0, 2.0, 3.0, -1.0, -0.0111770267773, 2.0, 2.0, 2.29445401244, -1.0, -1.0, -1.0, 0.0, 1.0, 2.0, 2.94363343667, -1.0, 0.0, -1.0, 1.0, 1.0, 0.0, 0.206768146097, 1.0, 2.0, 0.0, -1.0, 1.56139508444, 1.20354312033, 0.0, 1.0, 2.0, 1.0, 0.797109375714, -1.0, 0.0, 2.53593251357, 0.589128715896, 2.0, -0.673774645612, -1.0, -1.0, 1.79839432557, -0.74423191787, -1.0, 2.0, -1.0, 2.0, 96111.0, 494.0, 99533.0
-1.0, -1.0, 1.0, 3.0, 2.0, 0.955809293236, 0.0, 2.43201629025, 2.0, -1.0, 2.0, 0.0, 2.45675492848, 1.0, 3.0, 0.0, 0.0155647695601, 1.0, 0.301501815959, 0.0, 1.83050685402, -0.647051578554, 0.0, 2.64996364873, -0.952061518265, 3.0, 1.0, 2.52059859514, 2.76382342413, 3.0, 2.0, 0.0, 1.19008401062, -1.0, 1.453250744, -1.0, -1.0, 0.0, -1.0, 1.0, 0.0245002572964, -0.81344620562, 3.0, 2.0, -1.0, -0.973982184622, 2.0, 0.545077534524, -1.0, 2.95959801026, 95962.0, 512.0, 99497.0
0.0, 3.0, 3.0, 1.84793124571, 2.93800465676, 0.0, 3.0, 0.851504585448, 0.992739667312, 3.0, 1.59872948513, 0.130806619756, 0.692187517552, 2.73220816984, 3.0, 2.43211413043, 2.85097473263, 2.42542475783, 3.0, 1.0, 0.0, 0.131242800372, 0.0, 0.452199850178, 2.0, 2.0, 1.34248941706, 2.0, 0.803840352617, 3.0, 1.0, 2.0, 1.87462564738, 1.0, 3.0, 1.0, -0.360934694811, 3.0, 0.0, 2.40934961831, 2.41084621846, 1.0, 3.0, -0.0755704301479, 1.0, 1.0, 2.45939847418, 0.442907627467, -1.0, 2.35243026403, 95249.0, 698.0, 99375.0
0.185171973309, -0.761412411453, 2.0, 1.33022842245, 1.0, 1.0, 0.201800333001, -0.689137351685, 1.0, 2.14623285207, 1.0, 1.70911022785, -0.219286562216, -1.0, 0.240413086573, 1.0, -0.413139284402, 0.0, -0.331015972012, 0.0, -0.600018464571, 0.0, 2.0, 1.0, 3.0, 1.78183949917, 3.0, -0.0619290705426, 1.0, 0.505306836946, 1.0, -0.323195611647, 1.0, 0.0, 0.0, -1.0, 3.0, 0.0, 0.0, 2.0, 0.0, 0.0287423184055, -0.0312733556406, 2.0, -1.0, 3.0, -1.0, -1.0, 2.0, -0.431490207445, 94830.0, 583.0, 99458.0
-1.0, -1.0, 1.0, 2.68297535801, 1.58953836839, 0.955809293236, 0.0, 2.43201629025, 1.57589228082, -1.0, 2.0, 0.0, 2.45675492848, 1.0, 0.820598116861, 0.0, 0.0155647695601, -0.303699612538, 0.301501815959, 0.0, 1.83050685402, -0.647051578554, 0.0, 2.64996364873, -0.952061518265, 3.0, 1.0, 2.52059859514, 2.76382342413, 3.0, 2.0, 0.0, 1.19008401062, -1.0, 1.453250744, -1.0, -1.0, 0.0, -1.0, 2.57658749725, -0.554194922722, -0.81344620562, 3.0, 2.33417323691, -1.0, 0.289715018696, 2.0, 0.545077534524, -1.0, 2.98951413986, 96109.0, 504.0, 99510.0
1.0, 2.76248481063, 0.0, -1.0, 1.50880702448, 3.0, -1.0, 0.0, -0.472630874748, 2.0, 2.29445401244, 3.0, -1.0, -1.0, 0.0, 2.88754854294, 2.27429800201, 2.94363343667, -1.0, 0.0, -1.0, 1.0, 1.0, 0.787187006232, 1.0, 1.0, 2.0, 0.0, -1.0, 1.80965322475, 2.0, 0.0, 1.0, -1.0, 1.0, -0.571348377646, -1.0, 0.0, -1.0, 1.41055174373, 2.0, -0.0772633440258, 0.424752744252, -1.0, -0.71148238155, -0.74423191787, -1.0, 2.0, -1.0, 2.0, 96172.0, 473.0, 99544.0
0.0, -0.463927568255, 1.93097644726, 1.0, 1.0, 2.0, 0.0, 0.333502406484, 0.722769394831, 2.0, 2.0, 2.35577423892, 1.37180798494, 2.35280651618, 1.0, 2.95991532364, 0.0, 3.0, 1.0, 3.0, 0.865144634267, -0.82850079551, 1.82464714125, 2.0, 1.12444060573, 0.380245104053, 0.352513752875, 1.63143908407, 1.0, 0.86431503084, 0.881777036855, 0.350301382012, 1.01958644598, 2.0, 2.56860620868, -0.301946688962, 0.228371336379, -0.0486736890123, 0.0, 2.32980152409, 2.0, 3.0, 1.0, 1.0, 1.18119301148, 2.0, 0.0, -1.0, -1.0, 0.0, 94786.0, 667.0, 99398.0
1.0, -1.0, 2.0, 1.33022842245, 1.0, 1.0, 2.0, -0.689137351685, 1.0, 2.14623285207, 1.0, 1.70911022785, -0.219286562216, -1.0, -0.0023481799056, 1.0, -0.413139284402, -0.197161841377, -0.331015972012, 0.0, -0.331843804389, 0.0, 2.0, 1.0, 3.0, 1.20528599021, -0.808051599654, 1.0, 1.0, 0.505306836946, 1.0, 1.35774186439, 1.0, 0.0, 0.0, -1.0, 3.0, 0.0, 0.0, 2.0, 2.0, 2.0, -1.0, 2.0, -1.0, 3.0, -1.0, -1.0, 2.0, 0.0, 95226.0, 570.0, 99470.0
-1.0, -1.0, 1.0, 3.0, 2.0, 1.0, -0.942443490126, 2.49284821076, -0.768049830919, -1.0, 0.470102062466, 2.0, 2.45675492848, 1.0, 3.0, 0.0, 0.0, -0.731883434407, 1.79944233803, 2.0, 2.46995481214, -1.0, 3.0, 2.15566884635, -1.0, 1.28860689689, 1.0, 1.30912786917, 2.88897253689, 3.0, 2.0, 0.0, 2.58600191114, -1.0, 2.0, -1.0, -1.0, 2.84609274961, 3.0, 2.40219396397, -0.550128385483, 0.0, -0.36987405162, 2.0, -0.971280960075, -0.56460018778, 2.0, 0.614218733516, -1.0, 2.0, 96437.0, 485.0, 99530.0
-1.0, -1.0, 1.0, 3.0, 2.0, 1.0, -0.304213048203, 2.43201629025, -0.768049830919, 2.0, -0.187939880153, 0.0, 0.0, -1.0, 3.0, -0.817467489882, 2.31330617144, 1.70990482859, 2.0266967247, 0.0, 0.070356753313, -0.647051578554, 3.0, 1.93848998444, -1.0, 3.0, 1.0, -0.998888283752, 3.0, 3.0, 2.0, 0.0, 1.19008401062, -1.0, -0.541275340895, -1.0, -1.0, 0.0, 0.141351178943, 2.0, 0.0245002572964, -0.431026118122, 0.0, -0.957946344135, -1.0, 1.12685597796, 2.0, 0.545077534524, -0.587982372457, -0.307985429668, 96134.0, 490.0, 99542.0
2.55219072887, 1.06951643333, 2.21613960091, 1.0, 1.0, 1.0, 2.0, 0.0, 2.1036157826, 2.0, 1.7312096191, 2.0, 0.0261817813918, -1.0, 0.0, 0.0895661485154, 2.0, 0.0, -0.331015972012, 0.487132378144, 2.0, -0.618849026908, 2.0, 1.0, 3.0, 1.0, 3.0, 1.0, -0.299305297077, 2.0, 1.0, -0.0396991908611, -0.163009920754, 0.0, 0.92551473746, -1.0, 3.0, 0.0, 3.0, 2.0, 0.0, 2.0, -1.0, 2.0, -1.0, 3.0, -1.0, -1.0, 2.0, 0.0, 95234.0, 603.0, 99440.0
-1.0, -1.0, 1.0, 3.0, 2.0, 1.0, -0.942443490126, 2.49284821076, -0.768049830919, -1.0, 2.0, 2.0, -1.0, -0.540714271977, 3.0, 0.0, 2.10000738483, -0.731883434407, 1.79944233803, 2.0, 1.83050685402, -1.0, 3.0, 2.15566884635, -1.0, 1.28860689689, 1.0, 1.57210624824, 2.88897253689, 3.0, 2.0, 0.0, 1.0, -1.0, 2.0, -1.0, -1.0, 2.84609274961, 3.0, 2.0, -0.550128385483, 0.0, 0.0, 2.0, -0.971280960075, -0.56460018778, 2.0, 0.545077534524, -1.0, 2.0, 96700.0, 454.0, 99550.0
2.44373903902, 1.41352416638, -1.0, 3.0, -0.383973184382, 2.66447331087, 1.0, 0.943624427362, -0.517964476392, 2.1164524182, 1.03363095757, -1.0, -1.0, -1.0, -0.943842346565, 2.81304909852, 1.0, -0.51002929006, 1.11548708764, 3.0, 0.0, -1.0, -1.0, 0.0914308718129, -1.0, 1.0, 3.0, 2.87799192733, 0.0, -0.995678106773, -1.0, -0.153353034999, 2.0, -0.832248168848, 2.0289769779, 0.951594263366, -0.509267925505, 3.0, 0.137540322486, 1.0, 0.0, 0.0864736402052, -1.0, -1.0, -0.146475033554, 3.0, -1.0, -1.0, 2.0, 2.0, 96629.0, 454.0, 99575.0
-0.00631691563956, -1.0, 0.922447359159, -0.330380809335, 2.0, 0.329818756332, 0.0, 2.43201629025, 2.0, -1.0, 2.48334344561, 0.992944346779, 2.45675492848, 0.541325167404, 3.0, 0.0, 1.62358673407, 0.525760919006, -1.0, 0.0, 1.85860725709, -0.647051578554, 0.0, 2.64996364873, -0.952061518265, 3.0, 1.17748739873, 2.52059859514, 2.76382342413, 1.07567232405, 2.0, 0.943048238668, 1.19008401062, 0.66773003073, 1.453250744, 0.816760847467, -1.0, 1.0, -1.0, 1.0, 0.0245002572964, -0.853090193403, 3.0, 2.0, -1.0, -0.973982184622, 2.0, 1.0, -1.0, 2.95959801026, 95723.0, 537.0, 99482.0
-1.0, -1.0, 0.922447359159, 0.0754873801936, 2.0, 0.955809293236, 0.0, 2.43201629025, 2.0, -1.0, 2.30920400676, 0.992944346779, 2.45675492848, 0.541325167404, 3.0, 0.0, 0.0155647695601, 1.0, -1.0, 0.0, 1.85860725709, -0.647051578554, 0.0, 2.64996364873, -0.952061518265, 3.0, 1.17748739873, 2.52059859514, 2.76382342413, 0.10592845142, 2.0, 0.0, 1.19008401062, -1.0, 1.453250744, -1.0, -1.0, 0.0, -1.0, 1.0, 0.0245002572964, -0.81344620562, 3.0, 2.0, -1.0, -0.973982184622, 2.0, 1.0, -1.0, 2.95959801026, 95892.0, 497.0, 99513.0
1.0, 0.475685063407, 2.0, 0.480361397223, 1.0, 1.0, 0.555458532946, 0.0, 1.0, 0.0, 1.0, 2.68480572208, -1.0, -1.0, 0.596861188103, 2.53414484449, 0.473597494394, -0.824071810726, 2.0, -0.328053013733, 2.33786600046, 0.0, 2.58647500433, 1.47784203717, 3.0, 1.0, 3.0, 1.0, 1.0, 2.0, 1.0, -0.935642686211, 1.0, -1.0, -0.932753964261, -1.0, 3.0, 1.57205407343, 3.0, 2.0, 0.0, -0.0625127995982, -1.0, 2.0, -1.0, 3.0, -1.0, -1.0, 2.0, 0.0, 95701.0, 539.0, 99489.0
1.0, 1.0, 0.0, -1.0, 0.282980419756, 1.47364400551, -1.0, 0.0, 1.4345655368, 0.396668461006, 0.398621696028, 3.0, -1.0, -1.0, 0.0, 1.0, 2.0, 2.0, -1.0, 0.0, 0.0384369515224, 1.0, 1.0, 0.0, 1.0, 1.0, 1.07774469538, 0.0, -1.0, 1.0, 2.0, 0.0, -0.701375170936, -1.0, 1.0, 2.0, -1.0, 0.0, -1.0, 1.0, 2.0, 0.0, 2.0, -1.0, 1.0, 2.0, -1.0, 2.26722404938, -1.0, 2.0, 95574.0, 511.0, 99521.0
-0.791085694544, 0.0, 1.0, 3.0, -1.0, 3.0, 0.935263503489, -0.00306141833027, 2.74217888346, -0.633448039221, -1.0, -1.0, -1.0, -1.0, -0.530769994282, 2.00940409437, 1.0, 0.203812873072, 3.0, 1.0, -0.665387533745, -1.0, -1.0, 1.0, -1.0, 1.01493727376, 2.72884710325, 2.87799192733, -0.502618068635, 0.0, -1.0, 0.0, 2.0, -0.659249714371, 1.12573283343, 3.0, 2.05327954064, 3.0, 1.0, 1.0, 2.0, 0.369344563493, -0.114019027298, -1.0, -1.0, 2.25029540373, -1.0, -0.604081833529, 2.0, 0.326064199969, 96699.0, 444.0, 99602.0
1.07397206084, 0.0, 0.446376756447, 1.51626804972, 0.0, 3.0, -1.0, 0.0, 0.0, 0.0, 1.0, 3.0, 3.0, 2.88949985063, 1.0, 2.0, 2.0, 0.692313527585, 3.0, 2.0127847304, -1.0, 1.0, 0.0641825922464, 0.0, 3.0, -1.0, 0.0, 2.0, 0.0, 3.0, 0.0, 1.0, 1.08531097452, -0.483474793162, 0.0, -1.0, -0.568645063923, 1.0, 2.0, 0.509459116052, 0.0, 2.0, 2.0, 1.4858844197, -0.946720290146, 2.0, 3.0, 3.0, -1.0, 2.0, 95214.0, 609.0, 99432.0
1.0, 0.475685063407, 2.0, 0.480361397223, 1.0, 1.0, 2.0, 0.0, 1.0, 0.0, 1.0, 2.0, -1.0, -1.0, 0.0, 1.0, 0.0, 0.0, 2.0, 0.0, 2.0, 0.0, 2.0, 1.0, 3.0, 1.0, 3.0, 1.0, 1.0, 2.0, 1.0, 1.0, 1.0, 2.05664098995, 0.0, -1.0, 3.0, 0.0, 3.0, 2.0, 0.0, 2.0, -0.942629435133, 2.0, -1.0, 3.0, -1.0, -1.0, -1.0, 0.0, 95111.0, 585.0, 99449.0
1.0, 0.0, 2.0, 0.480361397223, 1.0, 0.968584698969, 0.555458532946, 0.0, 1.3418562392, 0.0, 1.0, 2.0, -1.0, -1.0, 1.04502031293, 1.0, 0.473597494394, 0.0, -0.109834749627, 0.728073665091, 0.43917042524, 0.0, 2.58647500433, 1.0, 3.0, -1.0, 3.0, 2.82162224985, 1.0, 1.0, 0.625617079826, 1.0, 1.0, -1.0, 0.0, -1.0, 3.0, 1.0, 3.0, 2.46529262668, 0.0, -1.0, -1.0, -0.64266799045, -1.0, 3.0, 0.676530724061, -1.0, 2.0, 0.0, 95357.0, 561.0, 99475.0
-0.389125948384, 0.475685063407, 2.0, 0.480361397223, 1.0, 1.0, 2.0, 0.0, 1.0, 0.0, 1.0, 2.0, -1.0, -1.0, 0.0, 1.0, 0.0, 0.203812873072, 2.0, 0.0, 2.0, 0.0, 2.0, 1.0, 3.0, 1.0, 3.0, 1.0, 1.66658722719, 2.0, 1.0, 1.0, 1.0, 2.05664098995, 0.0, 1.87650700455, 3.0, 0.0, 3.0, 2.0, 0.636226614321, 2.0, -0.114019027298, 2.0, -1.0, 3.0, -1.0, 0.614218733516, 2.0, 0.0, 94846.0, 649.0, 99415.0
1.0, 0.151056698033, 1.75557510304, 1.0, -0.481116214755, 1.55585697527, 0.0, -0.185599231835, 0.930049475796, 2.93401487251, 1.30944366801, 2.0, -1.0, -0.607336741785, 0.210651916228, -0.890986924876, 0.0, 0.0, 2.0, 0.0, 2.0, 0.0, 2.5161693163, 1.0, 3.0, 0.291533789326, 3.0, 1.0, 1.59303714526, 2.0, 1.0, 0.0850663633617, 1.0, 0.0, -0.184136721884, -0.0261463347176, 3.0, 0.0, 3.0, 2.11127400854, -0.38828968384, 1.83106072342, -0.29316889656, 2.0, -1.0, 3.0, 1.17228500391, -1.0, 0.533686628975, -0.295772703223, 94806.0, 639.0, 99426.0
1.0, 0.151056698033, 2.18541791863, 1.0, -0.481116214755, 1.55585697527, 0.0, -0.185599231835, 0.930049475796, 2.93401487251, 1.30944366801, 2.0, -1.0, -0.607336741785, 0.210651916228, -0.890986924876, 0.0, 0.0, 2.0, 0.0, 2.0, 0.0, 2.5161693163, 1.0, 3.0, 0.291533789326, 3.0, 1.0, 1.59303714526, 2.0, 1.0, -0.412823562587, 1.0, 0.0, -0.184136721884, -0.0261463347176, 3.0, 0.0, 3.0, 2.11127400854, -0.38828968384, 1.83106072342, -0.29316889656, 1.65556275728, -1.0, 3.0, 1.17228500391, -1.0, 0.533686628975, -0.295772703223, 94806.0, 639.0, 99426.0
1.0, 1.0, 0.0, 1.0, 1.0, 0.0, 0.215527964956, 0.0, 2.0, 2.0, 2.0, 1.0, 0.0, 0.615928844922, 1.0, 2.5799665689, 0.0, 3.0, 1.0, 3.0, -0.162041390704, 1.0, 3.0, 2.60936914981, 2.0, 2.0, 0.0, 0.0, 1.0, 1.0, 0.0, 0.0, 3.0, 2.0, 2.0, -0.177511448439, 1.88266134197, 1.0, -0.895069550464, 2.55565091018, 2.0, 3.0, 1.0, 1.0, 1.0, 2.0, 2.0, -1.0, -1.0, 2.0, 94960.0, 662.0, 99396.0
1.0, 1.0, 0.0, -1.0, 2.0, 3.0, -1.0, 0.0, 0.0, 2.0, 2.29445401244, 3.0, -1.0, -1.0, 0.0, 1.0, 2.0, 2.94363343667, -1.0, 0.0, -1.0, 1.0, 1.0, 0.0, 1.0, 1.0, 2.0, 0.0, -1.0, 1.0, 2.0, 0.0, 1.0, -1.0, 1.0, 0.797109375714, -1.0, 0.0, -1.0, 1.0, 2.0, -0.673774645612, -1.0, -1.0, 1.0, -0.74423191787, -1.0, 2.0, -1.0, 2.0, 96103.0, 476.0, 99546.0
-1.0, -1.0, 0.380099216393, 3.0, 2.72006857235, 1.0, 0.0, 2.0, -0.973292269435, -1.0, 1.0, 0.0, 2.45675492848, 1.0, 3.0, 0.0, -0.939979280401, 1.0, -1.0, -0.438643801333, 1.83050685402, -1.0, 3.0, 1.93848998444, -1.0, 3.0, 1.0, 1.0, 3.0, 1.95973506616, 2.0, -0.795817682025, 1.19008401062, -1.0, 2.0, -0.696594705062, -1.0, -0.194958910368, -1.0, 2.0, 2.12110745187, -0.431026118122, 1.92577524577, 2.0, -1.0, 1.0, 1.2174369714, 0.545077534524, -1.0, 1.96201854308, 96368.0, 485.0, 99538.0
-1.0, -1.0, 1.0, 1.35146671069, 0.854210841165, 1.0, 0.0, 0.134889352603, 1.0, -1.0, 0.860453259758, 0.0, 1.06351342835, 1.0, 3.0, 0.0, 2.50659291355, 1.0, -1.0, -0.114382739867, 3.0, -1.0, 3.0, 0.0, -1.0, 2.06249353064, 1.0, 1.0, 3.0, 3.0, 2.0, 0.0, 1.0, -1.0, 2.0, -1.0, -1.0, 1.0, 1.0, -0.000698761547351, 0.0, 2.16320287198, -0.284287861249, -0.32902123276, -1.0, 1.0, 2.0, 1.0, -1.0, 2.0, 95443.0, 544.0, 99486.0
-1.0, 1.0544500171, 1.0, 1.35146671069, 0.854210841165, 1.0, 0.0, 0.134889352603, -0.575874844379, 1.0, 0.860453259758, -0.972826085637, 1.06351342835, 0.73280982798, 3.0, 0.0, 2.50659291355, 2.35790007912, -1.0, -0.114382739867, 3.0, -1.0, 3.0, 0.0, -1.0, 2.06249353064, 1.0, 1.0, 3.0, 3.0, 2.0, 0.0, 1.0, -1.0, 0.156354182123, -1.0, -1.0, 1.0, 1.0, -0.000698761547351, 0.0, 2.51072679428, -0.284287861249, -0.32902123276, -1.0, 1.0, 2.0, 1.0, -1.0, 2.0, 95425.0, 553.0, 99481.0
1.0, -1.0, 2.0, 0.797853287095, 1.0, 1.0, 2.0, 0.0, 1.0, 2.0, 1.0, 2.0, -0.219286562216, -0.805336772847, -0.0023481799056, 1.0, -0.445464895186, 0.0, 2.0, 0.0, 2.0, 0.84696181857, 2.40407535606, 1.0, 3.0, 1.0, 3.0, -0.476920451114, 1.0, 0.505306836946, 1.0, 1.0, 1.0, 0.0, 0.0, -1.0, 3.0, 0.0, 3.0, 2.0, 0.0, 2.0, -1.0, 2.0, -1.0, 3.0, -1.0, -1.0, 2.0, 0.0, 95097.0, 599.0, 99442.0
1.0, 1.0, 0.0, -1.0, 0.414620783786, 3.0, 1.21784968441, 0.0, -0.179960166004, 2.0, 1.0, 3.0, 0.0479037051211, -1.0, 0.0, 1.0, 2.0, 2.0, -1.0, 0.0, -1.0, 1.0, 0.0, 0.0, -0.225669240105, 1.0, 2.0, 0.0, -1.0, 1.0, 2.0, 0.7867945573, 1.0, -1.0, -0.234935326886, 2.0, -1.0, 0.0, 0.0, 1.0, 2.0, 0.210790881132, 2.0, -1.0, 1.25098575582, 2.0, -1.0, 2.0, -1.0, 2.0, 95289.0, 560.0, 99484.0
0.0, -0.463927568255, 1.93097644726, 1.0, 1.0, 2.0, 0.0, 0.333502406484, 0.722769394831, 2.0, 2.0, 2.35577423892, 0.0, 1.4102037428, 1.0, 2.95991532364, 0.0, 3.0, 1.0, 3.0, 0.865144634267, -0.82850079551, 1.82464714125, 2.0, -0.927893303877, 0.380245104053, 0.352513752875, -0.288092806335, 1.0, 0.86431503084, 0.881777036855, 0.350301382012, 1.01958644598, 2.0, 2.56860620868, -0.301946688962, 0.228371336379, -0.0486736890123, 0.0, 2.32980152409, 2.0, 3.0, 1.0, 1.0, 1.18119301148, 2.0, 0.0, -1.0, -1.0, 0.0, 94661.0, 652.0, 99403.0
1.07397206084, -0.163887830464, 1.0, 2.3892908746, 0.0, -0.727432672269, -0.404536215994, 0.0, 0.0, 0.0, 2.0, 3.0, 1.30743996162, 2.88949985063, 1.0, 2.04260253314, 2.0, -0.648563535422, 0.381230262276, 2.0127847304, -1.0, 1.0, 2.0, 0.513459861664, 0.605590856173, -0.416245910538, 0.0, 0.849239107734, 0.0, 3.0, 0.0, 1.0, 2.0, 3.0, 0.0, 0.107116119401, -0.568645063923, 1.0, 2.0, 2.0, 0.0, 2.0, 2.0, -0.32902123276, -0.80113014742, 2.0, 3.0, 3.0, -1.0, 2.0, 95013.0, 612.0, 99430.0
1.0, 0.475685063407, 2.0, 0.480361397223, 1.0, 1.0, 2.0, 0.999028664921, 1.0, 0.0, 1.0, 1.62052405607, -1.0, -1.0, 0.0, 1.0, 0.0, 0.0, 2.0, 0.0, 2.0, -0.318976859449, 2.0, 1.0, 3.0, 1.0, 2.63631685557, 1.0, 1.0, 2.0, 1.0, 1.0, 1.0, 2.05664098995, 0.0, -1.0, 3.0, 0.0, 3.0, 2.0, 0.0, 2.0, -0.942629435133, -0.20066015505, -1.0, 3.0, -1.0, -1.0, -1.0, -0.502777025071, 95247.0, 573.0, 99460.0
-1.0, -1.0, 0.792565282025, -0.415278262091, 1.49754601456, 0.37575376189, 0.150016150814, -0.0843090665397, 1.02001186854, -1.0, 2.0, 0.0, 0.692187517552, 1.0, 3.0, 1.0, 2.50659291355, 1.0, -1.0, -0.748222917412, 1.13156666993, -1.0, 2.0, 1.51423239431, -1.0, 0.701683665315, 1.0, 1.0, 3.0, 2.78296546757, 2.0, 0.0, 0.949119835917, -1.0, -0.491766885105, -1.0, -1.0, 1.0, 1.0, -0.000698761547351, 0.0, 0.0, 0.0, 3.0, -1.0, 2.9200960107, 2.0, -0.43405065609, -1.0, 2.0, 95548.0, 531.0, 99500.0
2.51442894842, 1.0, 1.05808746092, -1.0, -0.0705893500826, 0.569544267341, 1.68001491255, 0.0, 0.0, 2.6308959147, 2.0, 2.03235623522, 0.00745576674836, -1.0, 0.0, 1.0, 2.0, 2.0, -1.0, 1.42872699389, -1.0, -0.267381468769, -0.384966648342, -0.432239680889, 1.0, -0.65078756114, 2.0, 0.0, 0.0, 1.0, 0.22800946708, 1.4239323906, 1.0, -1.0, 1.94832981664, 1.24033818967, -1.0, 1.0, -1.0, 1.0, 2.0, 0.0, 2.0, -1.0, 1.0, 2.0, -1.0, 2.0, -1.0, 2.0, 95548.0, 542.0, 99492.0
0.0, -0.463927568255, 0.404911734087, 1.0, -0.233527447967, 2.0, 0.0, 0.0, 2.0, 2.0, 2.0, 0.115786486548, 0.0, 3.0, 1.0, 2.9622038428, 0.0, 1.70990482859, -0.19604375495, 3.0, 2.0, 1.0, 3.0, 2.0, 0.0, -1.0, 0.320861844938, 0.0, 1.0, 0.86431503084, 0.0, 0.350301382012, 1.01958644598, 2.0, 2.56860620868, -0.357394695991, 0.520918631445, -0.0198512884559, 0.0, 2.32980152409, 2.0, 3.0, 0.452752013773, 1.53020547868, 3.0, 2.0, 0.0, -1.0, -1.0, 2.0, 94702.0, 669.0, 99396.0
-0.282329506492, -1.0, 2.0, 0.797853287095, 1.0, 1.0, 2.0, -0.716664933194, 1.0, -0.981919326956, 1.0, 2.99599845072, -0.219286562216, -1.0, -0.0023481799056, 1.0, -0.413139284402, 0.0, -0.427484795353, 0.0, 1.83050685402, 0.0, 2.19579293969, 1.0, 3.0, 0.48742977125, 3.0, 1.0, 1.0, 0.505306836946, 1.0, 1.0, 0.425579106425, 0.0, 0.0, -1.0, 3.0, 0.0, 1.78687192701, 2.0, 0.0, 0.408893388598, 0.450131780602, 2.0, -1.0, 3.0, -1.0, -1.0, 2.0, 0.86037257737, 95007.0, 579.0, 99463.0
1.0, 0.475685063407, -0.443054418514, 0.480361397223, 1.0, 1.68400060433, 2.0, 0.0, 0.574189036076, 0.0, 1.03363095757, 2.0, -1.0, -1.0, 0.0, -0.323247480677, 0.0, 0.0, 2.0, 0.0, 2.86143775243, 0.0, 2.0, 1.0, 3.0, 1.0, 3.0, 1.0, 1.0, 2.0, 1.0, 1.0, 1.0, 2.05664098995, 0.0, -1.0, 3.0, 0.0, 3.0, 2.0, 0.0, 2.0, -1.0, 2.0, -1.0, 0.00545143246799, -1.0, -1.0, 2.0, 0.0, 95027.0, 604.0, 99442.0
2.0, 1.41352416638, -1.0, 0.92900354108, 2.05434470372, 2.66447331087, 1.0, 0.0, 0.0, 2.1164524182, 1.03363095757, -1.0, -1.0, -1.0, -0.943842346565, 2.81304909852, 1.0, 0.203812873072, 1.0, 1.38268882462, 0.0, -1.0, -1.0, 1.0, -1.0, 1.0, -0.468278517783, 2.87799192733, 1.26196857224, -0.0173024367406, -1.0, 1.65992395294, 2.0, -0.659249714371, 2.0289769779, 1.24531053797, -0.509267925505, 2.0, 1.0, 1.0, 2.0, 0.0864736402052, -0.114019027298, -1.0, -1.0, 3.0, -1.0, -1.0, 2.0, 2.0, 96111.0, 492.0, 99540.0
1.0, 1.0, 0.0, -1.0, 0.414620783786, 3.0, 1.21784968441, 0.0, -0.179960166004, 2.0, 1.0, 3.0, 0.0479037051211, -1.0, 0.0, 1.0, 2.0, 0.213070826758, -1.0, 0.0, -1.0, 1.0, 0.0, 0.0, -0.225669240105, 1.0, 2.0, 0.0, -1.0, 1.0, 2.0, 2.32579648457, 1.0, -1.0, -0.234935326886, 2.0, -0.389037192054, 0.0, 0.0, 1.0, 0.0, 0.210790881132, 2.0, -1.0, 1.25098575582, 2.0, -1.0, 2.0, -1.0, 2.0, 95112.0, 578.0, 99477.0
2.0, 0.475685063407, 3.0, 3.0, 2.0, -0.0907996779364, 2.0, 1.48187264693, -0.0444649689521, 1.0, 1.0, 0.0, 1.0, -1.0, 0.0, 0.0, -0.413139284402, 2.0, 0.189771338234, -1.0, 0.0, 2.0, 2.65303387672, 0.260584947615, -1.0, 1.0, 3.0, 1.0, 3.0, -1.0, 2.07972421182, 2.0, 1.0, -1.0, 3.0, 1.0, -1.0, 2.0, -1.0, 2.0, 0.0, -0.0625127995982, 3.0, 3.0, 2.0, 2.0, 2.0, 1.0, 1.0, -1.0, 95602.0, 595.0, 99442.0
2.0, 0.0, 2.14594781369, 1.0, 2.0, -0.0907996779364, -1.0, 0.0, 0.497661014861, 1.0, 1.0, 0.116394476465, 1.0, -0.977255476291, 0.0795908168305, 0.0, 3.0, 2.06288687443, 1.0, -1.0, -0.172426766733, 2.0, 2.0, 0.260584947615, -1.0, -1.0, 3.0, 1.0, 3.0, 0.56229125271, 2.07972421182, 2.0, 1.0, -1.0, 3.0, 1.0, -1.0, 2.0, -1.0, 2.01361683997, 0.0, -1.0, 3.0, 3.0, 2.0, 2.0, 2.0, 1.0, 1.0, -1.0, 95788.0, 564.0, 99463.0
-1.0, -1.0, 0.792565282025, -0.415278262091, 1.49754601456, 0.37575376189, 0.150016150814, -0.0843090665397, 1.02001186854, -1.0, 2.0, 0.0, 0.692187517552, 1.0, 3.0, -0.663048985309, 2.50659291355, 1.0, -1.0, -0.872360099757, 3.0, -1.0, 3.0, 2.70729105959, -1.0, 0.701683665315, 1.0, 1.0, 3.0, 1.78718167589, 2.0, 0.0, 1.0, -1.0, -0.491766885105, -1.0, -1.0, 1.0, 1.0, -0.000698761547351, 0.0, 0.0, 0.0, 3.0, -1.0, 2.9200960107, 2.0, -0.43405065609, -1.0, 2.0, 95776.0, 521.0, 99515.0
2.56865720592, 1.06951643333, 2.0, 1.0, 1.0, 1.0, 2.0, 0.0, 1.0, 2.0, 1.0, 2.0, 0.0261817813918, -1.0, 0.0, 1.0, 2.15802141171, 0.0, 2.0, 0.0, 2.0, 0.0, 2.0, 2.88176516346, 3.0, 1.0, 3.0, 1.0, 1.0, 2.0, 1.0, -0.0396991908611, 2.3505766454, -0.893612395675, 1.95150444288, -1.0, 3.0, 0.0, 3.0, 2.0, 0.0, 2.0, -1.0, 2.0, -1.0, 0.582887486604, -1.0, -1.0, 2.0, 0.0, 95381.0, 601.0, 99436.0
2.51442894842, 1.0, 1.05808746092, -1.0, -0.0705893500826, 1.1135532107, -1.0, 0.0, 0.0, 2.6308959147, 2.0, 3.0, 0.00745576674836, -1.0, 0.0, 1.0, 2.0, 2.0, -1.0, 0.0, -1.0, 1.0, -0.347662656961, 0.0, 1.0, 1.0, 2.0, 0.0, 0.0, 1.0, 0.22800946708, 1.4239323906, 1.0, -1.0, 0.385065456845, 2.0, -1.0, 1.0, -1.0, 1.0, 2.0, 0.0, 2.0, -1.0, 1.0, 2.0, -1.0, 2.0, -1.0, 2.0, 95499.0, 540.0, 99494.0
-0.00631691563956, -1.0, 0.922447359159, 0.0754873801936, 2.0, 0.329818756332, 0.0, 2.43201629025, 2.0, -1.0, 2.48334344561, 0.992944346779, 2.45675492848, 0.541325167404, 3.0, 0.0, 0.0155647695601, 0.525760919006, -1.0, 0.0, 1.85860725709, -0.647051578554, 0.0, 2.64996364873, -0.952061518265, 3.0, 1.17748739873, 2.52059859514, 2.76382342413, 1.07567232405, 2.0, 0.943048238668, 1.19008401062, -1.0, 1.453250744, 0.816760847467, -1.0, 1.0, -1.0, 1.0, 0.0245002572964, -0.81344620562, 3.0, 2.0, -1.0, -0.973982184622, 2.0, 1.0, -1.0, 2.95959801026, 95724.0, 522.0, 99490.0
1.0, 1.0, 0.0, 1.0, 2.78589499649, 0.0, 0.215527964956, 0.0, 2.0, 2.0, 2.0, 1.0, 0.0, 0.615928844922, 1.0, 2.5799665689, 0.0, 3.0, 1.0, 3.0, -0.162041390704, 1.0, 2.45836927283, 0.119248462794, 0.0, 0.76344369422, 0.0, 0.0, 0.1121614662, 1.0, 0.0, -0.681018795787, 0.661235475326, 2.0, 2.16718851068, -0.177511448439, 1.39749413353, 1.0, 0.0, 3.0, 2.0, 3.0, 1.0, 1.0, 3.0, 2.0, 2.0, -1.0, -1.0, 1.1072989496, 94792.0, 664.0, 99398.0
0.0, 3.0, 3.0, 1.84793124571, 2.93800465676, 0.0, 3.0, 0.851504585448, 0.992739667312, 3.0, 1.59872948513, 0.130806619756, 0.692187517552, 2.73220816984, 3.0, 2.70570507102, 2.85097473263, 2.42542475783, 3.0, 1.0, 0.0, -0.795691519415, 0.0, 0.452199850178, 2.0, 2.0, 1.34248941706, 2.0, 0.803840352617, 3.0, 1.0, 2.0, 1.87462564738, 1.0, 3.0, 1.0, -0.360934694811, 2.0, 0.0, 2.40934961831, -0.151706215807, 1.0, 3.0, -0.0755704301479, 1.0, 1.0, 2.45939847418, 0.442907627467, -1.0, 2.35243026403, 95316.0, 685.0, 99387.0
2.0, 0.102640962321, 3.0, 3.0, 2.0, 0.0, 1.0, 0.0, 0.0, 1.23117422747, 0.87791060667, 0.0, 1.0, -1.0, 0.0, 0.0, 3.0, 2.0, -0.366846677906, 0.215765019621, 0.0, 2.0, 2.0, 0.0, -1.0, -1.0, 3.0, 0.937076155276, -0.81454656061, -1.0, 1.0, 2.0, 1.0, -1.0, -0.258684070275, 1.0, -1.0, 2.0, -1.0, 2.0, 0.745134296354, -1.0, 3.0, 3.0, 2.0, 2.0, 2.29345184589, -0.601719295318, -0.239669871919, -1.0, 95717.0, 549.0, 99473.0
-0.400043162686, -1.0, -0.0242677716545, 2.96007405267, 2.0, 1.35820178199, 1.72089006384, 2.0, 1.29664887059, -1.0, 2.0, 0.0, 0.0, 1.28388816027, 3.0, 0.663655773899, 2.89744088966, -0.487729381996, -1.0, 2.0, 3.0, -1.0, 2.03632741734, 0.0, -1.0, 1.0, 0.995536069766, 0.934874787072, 3.0, 1.03294828827, 2.17484922349, 0.0, -0.400419662003, 1.71355078586, 2.0, -1.0, -1.0, 2.0, 1.0, -0.426967816911, 2.04343567409, 0.0, 0.0, 2.0, -1.0, 1.0, 1.97258237539, 1.0, -1.0, 2.0, 95530.0, 569.0, 99462.0
1.0, 0.475685063407, -0.678658603089, 0.480361397223, 1.0, 1.68400060433, 2.0, 0.0, -0.179960166004, 0.0, 1.03363095757, 2.0, -1.0, -1.0, 0.0, -0.323247480677, 0.0, 0.0, 2.0, 0.0, 2.86143775243, 0.0, 2.0, 1.72415364298, 3.0, 1.0, 3.0, 0.0, 1.0, 2.0, 1.0, 1.0, 1.0, 2.05664098995, 0.0, 2.33928586903, 3.0, 0.0, 3.0, 2.0, 0.0, 1.27756009024, -1.0, 2.0, -1.0, -0.680563698569, -0.373841970021, -1.0, 2.0, 0.0, 94897.0, 614.0, 99437.0
1.0, -1.0, 2.0, 0.797853287095, 1.0, 1.0, 2.0, 0.0, 1.0, 0.17128253843, 1.0, 2.0, -0.219286562216, -1.0, -0.0023481799056, 1.0, -0.413139284402, 0.0, 2.0, 0.0, 2.0, 0.0, 2.0, 1.0, 3.0, 1.0, 3.0, 1.0, 1.0, 0.505306836946, 1.0, 1.0, 1.0, 0.0, -0.311496790143, -1.0, 3.0, 0.0, 0.0, -0.000698761547351, 0.0, 2.0, -1.0, 0.885024225844, -1.0, 1.58820750677, -0.565962436173, 0.856166367683, 1.24967480784, 0.376993755433, 94803.0, 617.0, 99431.0
1.07397206084, 0.0, -0.277540293571, 2.3892908746, 0.0, -1.0, -1.0, -0.237551713491, 0.0, 0.0, 2.0, 3.0, 3.0, 2.91072391572, 1.0, 0.923354284162, 2.0, -0.0329543128684, 3.0, 2.0127847304, -1.0, 1.0, 1.42454716739, -0.0332774323209, 3.0, -1.0, 0.0, 2.0, 0.0, 3.0, -0.25724530506, 1.0, 2.0, 3.0, 0.0, -1.0, -0.568645063923, 1.0, 2.0, 2.0, 0.0, 2.0, 2.0, 0.909160366263, -0.874527274982, 2.0, 3.0, 3.0, -1.0, 2.0, 95386.0, 592.0, 99448.0
1.0, -1.0, 2.0, 3.0, 1.0, 1.0, 2.0, -0.689137351685, 1.0, -0.614857435078, 1.0, 2.99599845072, -0.482049276702, -1.0, -0.0023481799056, 1.0, -0.413139284402, -0.246193950604, -0.331015972012, 0.0, -0.0837750563935, 0.0, 1.96342701846, -0.397180773757, 3.0, 1.0, 3.0, 1.0, 1.0, -0.494455735099, 0.857464475609, 1.0, 1.0, 0.0, 0.0, -1.0, 3.0, 0.0, 3.0, 2.0, 0.0, 2.20932998983, 1.24221011679, 2.0, -1.0, 3.0, -1.0, 0.794921228792, 2.0, 0.0, 95072.0, 597.0, 99452.0
1.0, 2.76248481063, 0.0, -1.0, 2.0, 3.0, -1.0, 0.0, -0.472630874748, 2.0, 2.29445401244, 3.0, -1.0, -1.0, 0.0, 2.60178816877, 2.27429800201, 2.94363343667, -1.0, 0.0, -1.0, 1.0, 1.0, 0.787187006232, 1.0, 1.0, 2.0, 0.0, -1.0, 1.80965322475, 2.0, 0.0, 1.0, -1.0, 1.0, -0.571348377646, -1.0, 0.0, -1.0, -0.400329026718, 2.0, -0.673774645612, -1.0, -1.0, 1.0, -0.74423191787, -1.0, 2.0, -1.0, 2.0, 96354.0, 461.0, 99553.0
0.0, -0.463927568255, 2.0, 1.0, 1.86586764896, 2.0, 0.685451691873, -0.14555952035, -0.830397080778, 2.0, 2.0, 1.97113183947, 0.0, 3.0, 1.0, 1.66287581968, 0.876668147348, 3.0, 1.76853959276, 3.0, 2.93824836199, -0.82850079551, 3.0, 2.0, -0.927893303877, -1.0, 0.928530609881, 1.76227288652, 1.0, 0.86431503084, 0.0, 0.350301382012, 1.01958644598, 2.0, 2.5278795404, -0.301946688962, -0.928572543763, -0.0486736890123, -0.848852983239, 2.32980152409, 2.0, 3.0, -0.225026740862, 1.0, 3.0, 2.0, 0.0, -1.0, -1.0, 2.0, 95551.0, 591.0, 99444.0
1.0, -1.0, 1.0, 3.0, 2.0, 2.24260783117, 0.0, 2.43201629025, -0.942751432967, -1.0, 2.0, 0.0, 2.45675492848, 1.0, 2.93871744451, 0.418464813331, 0.0155647695601, 2.0, 0.301501815959, 1.33228808185, 1.83050685402, -0.647051578554, 2.21166678664, 2.56980114734, -1.0, 2.80629087802, 1.0, -0.476920451114, 3.0, 3.0, 2.0, 0.0, -0.810881366141, -1.0, 2.0, 1.12800502338, -1.0, 0.0, -0.0175014372306, 2.0, 0.103302434219, -0.573024823946, 0.0, 2.0, -1.0, 1.37107410583, 2.0, 0.545077534524, -1.0, 2.84740730066, 95772.0, 532.0, 99483.0
-0.382557853857, -1.0, 2.21903250975, 0.797853287095, 1.08323226153, 2.20988664092, 1.50849510162, 1.04705701539, 1.0, 2.0, 2.64220518568, 0.380963697631, -0.493641224013, -1.0, 1.0, 0.0635046722366, -0.413139284402, 0.692313527585, 2.50158659896, 2.0, -0.275606350798, 0.135061623104, 2.0, 1.0, 0.79396252257, 1.0, 1.12235767332, 0.784251205686, 1.0, 0.505306836946, 1.0, 1.0, 1.0, 0.453638724911, 0.0, 0.531467234416, 3.0, 1.0, -0.159213216014, 0.552726121306, 0.0, 2.0, -1.0, 2.0, 0.0, 3.0, -0.373707896005, -1.0, 2.0, 0.0, 94698.0, 651.0, 99408.0
1.0, 0.408927944775, 0.0, -1.0, 0.414620783786, 3.0, 1.21784968441, 0.0, 0.297104768057, 2.0, 1.0, 3.0, 0.0479037051211, -1.0, 0.0, -0.177500795209, 2.0, 2.0, -1.0, 0.967997269424, -1.0, 1.0, 0.0, 0.0, -0.225669240105, -0.331591981875, 2.0, 0.0, -1.0, 1.0, 2.0, 0.7867945573, -0.288334448992, -1.0, -0.802685496382, 2.0, -1.0, 0.0, 0.0, 1.0, 2.0, 0.210790881132, 2.0, -1.0, 1.25098575582, 1.31996111371, -0.517646468261, 2.07350658504, -1.0, 2.0, 95369.0, 545.0, 99500.0
1.0, -1.0, 2.0, 0.797853287095, 1.08323226153, 1.0, 1.46255872502, 1.04705701539, 1.0, 2.0, 1.0, 0.380963697631, -0.493641224013, -1.0, -0.0023481799056, 0.0635046722366, -0.413139284402, -0.358360040533, 2.0, 2.0, 2.0, 0.0, 2.0, 1.0, 1.69360981953, 1.0, 3.0, 0.784251205686, 1.0, 0.505306836946, 1.0, 1.0, 1.0, 0.0, 0.0, -1.0, 3.0, -0.221702407525, 3.0, 2.0, 0.0, 2.0, -1.0, 2.0, -1.0, 3.0, -0.373707896005, -1.0, 2.29261012342, 0.0, 94913.0, 617.0, 99427.0
0.0, -0.463927568255, 2.0, 1.0, 1.0, 2.0, 0.685451691873, 0.333502406484, 2.0, 2.0, 2.0, 1.97113183947, 0.0, 3.0, 1.0, 2.95991532364, 0.0, 3.0, 1.76853959276, 3.0, 2.77908646566, -0.82850079551, 3.0, 2.0, -0.927893303877, -1.0, 0.928530609881, 1.76227288652, 1.0, 0.86431503084, 0.0, 0.350301382012, 1.01958644598, 2.0, 2.56860620868, -0.301946688962, -0.928572543763, -0.0486736890123, -0.848852983239, 2.32980152409, 2.0, 3.0, -0.225026740862, 1.0, 3.0, 2.0, 0.0, -1.0, -1.0, 2.0, 95406.0, 605.0, 99430.0
0.0, -0.463927568255, 0.404911734087, 1.0, 1.0, 2.0, 0.0, 0.0, 2.0, 2.0, 2.0, 1.88205424412, 0.0, 2.73220816984, 1.0, 2.99589384171, 0.0, 0.0498708512612, 1.0, 1.7238620675, 2.0, 1.0, 3.0, 2.0, 0.0, -1.0, 1.3424977619, -0.298465734977, 1.0, 0.86431503084, 0.0, 0.728707469908, 0.162915542187, 2.17144999857, 2.56860620868, -0.357394695991, -0.693499156089, -0.0198512884559, 0.0, 2.32980152409, 2.0, 3.0, 1.14879641443, 0.561413571404, 1.5352507512, 1.0, -0.645888934018, -1.0, -1.0, 2.0, 94989.0, 633.0, 99418.0
0.0, -0.463927568255, 0.404911734087, 1.0, 1.0, 2.0, 0.0, 0.333502406484, 2.0, 2.0, 2.0, 1.0, 0.0, 3.0, 1.0, 2.95991532364, 0.0, 3.0, 1.0, 3.0, 0.865144634267, -0.82850079551, 3.0, 2.0, -0.927893303877, -1.0, 0.928530609881, 0.0, 1.0, 0.86431503084, 0.0, 0.350301382012, 1.01958644598, 2.0, 2.56860620868, -0.301946688962, 0.520918631445, -0.0486736890123, 0.0, 2.32980152409, 2.0, 3.0, 1.0, 1.0, 3.0, 2.0, 0.0, -1.0, -1.0, 2.0, 94943.0, 641.0, 99413.0
-1.0, -1.0, 0.754239114634, 1.35146671069, 0.0, 1.44496490414, 2.71285231512, -0.426517120005, 1.0, -1.0, 2.0, 0.0, 0.0, 1.0, 2.16987287697, 0.0, 2.50659291355, 1.0, 0.387069329018, -0.114382739867, 3.0, -0.0313607775265, 3.0, 0.0, -1.0, 3.0, 1.0, 1.24154485334, 3.0, 3.0, 2.0, 0.0, 1.62140551153, -1.0, 2.0, -1.0, -1.0, 1.40936184376, 1.0, 2.02702608439, 0.958576850647, 0.0, -0.0887641772109, 3.0, -1.0, 1.0, 2.0, 1.0, -1.0, 1.85861578549, 95381.0, 572.0, 99458.0
1.0, -1.0, 1.75557510304, 1.0, -0.481116214755, 1.0, 0.0, 0.0, 1.90796487245, 2.0, 1.0, 2.0, -0.102802800722, -1.0, 0.0, 1.0, 0.0, 0.0, 2.16851495998, 0.0, 2.0, 0.945999676899, 2.0, 1.0, 0.450833547738, 1.0, 3.0, 1.0, 1.0, 2.0, 1.0, 1.16108387191, 1.0, 0.0, -0.184136721884, -0.0261463347176, 3.0, 0.0, 3.0, 2.11127400854, 0.0, 2.1004754577, -1.0, 2.0, -1.0, 3.0, 0.892631856219, -1.0, 2.0, 0.128257062936, 94827.0, 632.0, 99420.0
1.0, -1.0, 1.75557510304, 1.0, -0.481116214755, 1.0, 0.0, 0.0, 1.90796487245, 2.0, 1.0, 2.37589399908, -0.102802800722, -1.0, 0.0, 1.0, 0.0, 0.0, 2.16851495998, 0.0, 2.0, 0.945999676899, 2.0, 1.0, 0.450833547738, 1.0, 3.0, 1.0, 1.0, 2.0, 1.0, 1.16108387191, 1.0, 0.0, -0.184136721884, -0.0261463347176, 3.0, 0.0, 3.0, 2.11127400854, 0.0, 2.15399573599, -1.0, 2.0, -1.0, 3.0, 0.892631856219, -1.0, 2.0, 0.128257062936, 94827.0, 632.0, 99420.0
1.0, -1.0, 1.75557510304, 1.0, -0.481116214755, 1.0, 0.0, 0.0, 1.90796487245, 2.0, 1.0, 2.0, -0.102802800722, -1.0, 0.0, 1.0, 0.0, 0.0, 2.16851495998, 0.0, 2.0, 0.945999676899, 2.0, 1.0, 0.450833547738, 1.0, 3.0, 1.0, 1.0, 2.0, 1.0, 1.16108387191, 1.0, 0.0, -0.184136721884, -0.0261463347176, 3.0, 0.0, 3.0, 2.11127400854, 0.0, 2.1004754577, -1.0, 2.0, -1.0, 3.0, 0.892631856219, -1.0, 2.0, 0.128257062936, 94827.0, 632.0, 99420.0
2.44373903902, 1.41352416638, -1.0, 3.0, 0.624448113608, 2.66447331087, 1.18896461765, 0.943624427362, 0.0, 2.1164524182, 1.03363095757, -1.0, -1.0, -1.0, -0.943842346565, 2.81304909852, 1.0, -0.51002929006, 1.11548708764, 3.0, 0.0, -1.0, -1.0, 0.0914308718129, -1.0, 1.0, -0.808051599654, 2.87799192733, 0.0, -0.0173024367406, -1.0, 0.940014742468, 2.0, -0.659249714371, 1.21890699933, 1.24531053797, -0.509267925505, 3.0, -0.948817128197, 1.0, 2.0, 0.0864736402052, -1.0, -1.0, -0.515997529942, 3.0, -1.0, -1.0, 2.0, 2.0, 96758.0, 429.0, 99582.0
-0.330865775041, -1.0, -0.0899894000102, 3.0, 2.62550231877, 1.35820178199, -0.918125075757, 2.0, 1.0, -1.0, 0.276231013247, 0.0, 0.0, 1.0, 3.0, 0.663655773899, 1.89227741869, 2.0, -1.0, 2.0, 3.0, -1.0, 2.03632741734, 0.0, -1.0, 3.0, 0.995536069766, 0.934874787072, 3.0, 1.0, 2.0, 0.572594225693, 2.78658562139, 2.0, 2.0, -1.0, -1.0, 2.0, 0.953885125726, -0.426967816911, 2.04343567409, 0.0, 0.0, 2.0, -1.0, 1.0, 0.338023917969, 1.44003052324, -1.0, 2.0, 95697.0, 556.0, 99474.0
1.07397206084, 0.0, 1.0, 2.3892908746, 0.0, -0.727432672269, -0.404536215994, 0.0, 0.0, 0.0, 2.0, 3.0, 1.0, 2.88949985063, 1.94640304059, 2.0, 1.013788681, -0.395222977081, 3.0, 2.0127847304, -1.0, 0.849907478708, 2.0, 0.0, 0.605590856173, -1.0, -0.656546608568, 2.0, 0.0, 3.0, 1.12783626101, 1.0, 2.0, 3.0, 0.0, -1.0, -0.568645063923, 1.0, 2.33068066327, 2.06858936513, 0.0, 2.0, 2.00608932398, 1.4858844197, -0.80113014742, 2.0, 3.0, 3.0, -1.0, 2.0, 95474.0, 591.0, 99448.0
1.0, -1.0, 1.0, 3.0, 2.0, 1.0, 0.0, 2.43201629025, -0.942751432967, -1.0, 2.0, 0.0, 2.45675492848, 1.0, 3.0, 0.418464813331, 0.0155647695601, 1.0, 0.301501815959, 0.0, 1.83050685402, -0.647051578554, 3.0, 2.56980114734, -1.0, 2.80629087802, 1.0, -0.476920451114, 3.0, 3.0, 2.0, 0.0, -0.810881366141, -1.0, 2.0, -1.0, -1.0, 0.0, -0.0175014372306, 2.0, 0.103302434219, -0.573024823946, 0.0, 2.0, -1.0, 1.37107410583, 2.0, 0.545077534524, -1.0, 2.84740730066, 95796.0, 517.0, 99490.0
-1.0, -1.0, 0.922447359159, 0.0754873801936, 2.0, 0.955809293236, 0.0, 2.43201629025, 2.0, -1.0, 2.30920400676, 0.992944346779, 2.45675492848, 0.541325167404, 3.0, 0.0, 0.0155647695601, 1.0, -1.0, 0.0, 1.01126806527, -0.647051578554, 0.0, 2.64996364873, -0.381254630727, 3.0, 1.17748739873, 2.52059859514, 2.76382342413, 0.10592845142, 2.0, 0.0, 1.19008401062, -1.0, 1.453250744, -1.0, -1.0, 0.0, -1.0, 1.0, 0.0245002572964, -0.81344620562, 3.0, 2.0, -1.0, -0.973982184622, 2.0, 1.0, -1.0, 2.95959801026, 95858.0, 512.0, 99508.0
1.0, 1.0, 0.0, -1.0, 0.282980419756, 1.47364400551, -1.0, 0.0, 1.4345655368, 2.0, 1.0, 2.68406003842, -1.0, -1.0, 0.0, 1.0, 2.0, 2.0, 3.0, 0.0, 0.0384369515224, 1.0, 1.0, 0.0, 1.0, 1.0, 1.07774469538, 0.0, -1.0, 1.0, 2.0, 0.0, -0.701375170936, -1.0, 1.0, 2.0, -1.0, 0.0, -1.0, 1.0, 2.9505532139, 0.0, 2.0, -1.0, 1.0, 2.0, -1.0, 2.0, -0.661625821385, 2.0, 95624.0, 526.0, 99505.0
1.07397206084, 0.0, 1.0, 2.3892908746, 0.0, -0.727432672269, -0.404536215994, 0.0, 0.0, 0.0, 2.0, 3.0, 1.30743996162, 2.88949985063, 1.0, 2.04260253314, 2.0, 0.692313527585, 0.381230262276, 2.0127847304, -1.0, 1.0, 2.0, 0.0, 0.605590856173, -1.0, 0.0, 0.849239107734, 0.0, 3.0, 0.0, 1.0, 2.0, 3.0, 0.0, -1.0, -0.568645063923, 1.0, 2.0, 2.0, 0.0, 2.0, 2.0, -0.32902123276, -0.80113014742, 2.0, 3.0, 3.0, -1.0, 2.0, 95108.0, 605.0, 99436.0
1.0, 0.408927944775, 0.0, -1.0, 0.414620783786, 3.0, 1.21784968441, 0.0, 0.297104768057, 2.0, -0.584048440609, 1.63401712718, 0.0479037051211, -1.0, 0.0, -0.177500795209, 2.0, 2.0, -1.0, 0.967997269424, -1.0, 1.0, 0.0, 0.0, -0.225669240105, -0.331591981875, 2.0, 0.0, 1.0, 1.0, 2.0, 0.7867945573, -0.288334448992, -1.0, -0.802685496382, 2.0, -1.0, 0.0, 0.0, 1.0, 2.0, 0.210790881132, 2.0, -1.0, 1.25098575582, 1.31996111371, -0.517646468261, 2.07350658504, -1.0, 2.0, 95365.0, 544.0, 99501.0
0.0, 3.0, 3.0, 1.84793124571, 2.93800465676, 0.0, 3.0, 0.851504585448, 0.992739667312, 3.0, 1.59872948513, 0.130806619756, 0.692187517552, 2.73220816984, 3.0, 2.70570507102, 2.85097473263, 2.42542475783, 3.0, 1.0, 0.0, 2.61229643154, 0.0, 1.14400529256, 2.0, 2.0, 1.34248941706, 2.0, 0.803840352617, 3.0, 1.0, 2.0, 1.87462564738, 1.54572071663, 3.0, 1.0, -0.360934694811, 2.0, 0.0, 3.0, -0.151706215807, 1.0, 3.0, 0.425859508216, 0.770342623528, 1.0, 2.45939847418, 0.886071907114, -1.0, 2.35243026403, 95365.0, 698.0, 99375.0
-0.382557853857, -1.0, 2.0, 0.797853287095, 1.08323226153, 1.44927871768, 2.02634050447, 1.04705701539, 1.0, 2.0, 2.64220518568, 0.380963697631, -0.493641224013, -1.0, 1.0, 0.0635046722366, -0.413139284402, -0.306362694796, 2.50158659896, 2.0, 2.0, 0.0, 2.0, 1.0, 0.79396252257, 1.0, 3.0, 0.784251205686, 1.0, 0.505306836946, 1.0, 1.0, 1.0, 0.453638724911, 0.0, 0.531467234416, 3.0, 1.0, -0.159213216014, 0.672735622067, 0.0, 2.0, -1.0, 2.0, 0.0, 3.0, -0.373707896005, -1.0, 2.0, 0.0, 94762.0, 651.0, 99408.0
-0.791085694544, 0.0, -1.0, -1.0, -1.0, 3.0, 0.935263503489, -0.00306141833027, 2.74217888346, 1.0, -1.0, 3.0, -1.0, -1.0, -0.530769994282, 2.81304909852, 0.940153911065, 0.203812873072, 0.259628256314, 1.0, -0.665387533745, -1.0, -1.0, 1.0, -1.0, 1.01493727376, 2.0, 2.87799192733, -0.502618068635, 0.0, -1.0, 0.0, 2.0, -0.659249714371, 1.12573283343, 3.0, 2.05327954064, 2.14697976971, 1.0, 1.0, 2.0, 1.0, -0.114019027298, -1.0, -1.0, 2.25029540373, -1.0, -0.604081833529, 2.0, 2.0, 96803.0, 446.0, 99609.0
-0.791085694544, 0.0, -1.0, 3.0, -1.0, 3.0, 0.935263503489, -0.00306141833027, 2.74217888346, 1.0, -1.0, -1.0, -1.0, -1.0, -0.530769994282, 2.81304909852, 1.0, 0.203812873072, 0.259628256314, 1.0, -0.665387533745, -1.0, -1.0, 1.0, -1.0, 1.01493727376, 2.0, 2.87799192733, -0.502618068635, 0.0, -1.0, 0.0, 2.0, -0.659249714371, 1.12573283343, 3.0, 2.05327954064, 3.0, 1.0, 1.0, 2.0, 1.0, -0.114019027298, -1.0, -1.0, 2.25029540373, -1.0, -0.604081833529, 2.0, 2.0, 96765.0, 448.0, 99600.0
0.0, 3.0, 3.0, 1.84793124571, 2.93800465676, 0.0, 3.0, 0.851504585448, 0.992739667312, 3.0, 1.59872948513, 0.130806619756, 0.692187517552, 2.73220816984, 3.0, 2.70570507102, 2.85097473263, 2.42542475783, 3.0, 1.0, 0.0, -0.795691519415, 0.0, 1.14400529256, 2.0, 2.0, 1.34248941706, 2.0, 0.803840352617, 3.0, 1.0, 2.0, 1.87462564738, 1.0, 3.0, 1.0, -0.360934694811, 2.0, 0.0, 3.0, -0.151706215807, 1.0, 3.0, 0.425859508216, 1.0, 1.0, 2.45939847418, 0.442907627467, -1.0, 2.35243026403, 95384.0, 685.0, 99387.0
2.37047588709, -0.0343513724104, -1.0, 3.0, -1.0, 3.0, 1.0, 0.0, 0.0, 0.196095744479, -1.0, -1.0, -1.0, -1.0, -0.133565489369, 2.81304909852, 1.0, 0.203812873072, 1.0, 3.0, 0.0, -1.0, -1.0, 1.1854376469, -1.0, 1.0, 2.0, 2.89004253227, 1.30181311472, 0.0, -1.0, -0.663542143015, 2.41296850697, -0.659249714371, 2.0, -1.0, 2.26420005575, 3.0, -1.0, -0.174454333307, 2.0, 1.0, -0.114019027298, -1.0, -1.0, 3.0, -1.0, 1.0, 2.0, 2.0, 96584.0, 463.0, 99571.0
