0.504971049044, 1.09165747497, 3.63092878948, 0.380987495687, 15.1952518226, 49.6533174173, 2.43601306431, 1.38309566764, 26.8519254382, 550.413601109, 0.399421059661, 0.485714285714
0.555277868084, 0.920594530968, 3.93822411189, 0.24773607736, 16.707666924, 42.5686911472, 2.39734622297, 1.45045006117, 37.7099648458, 626.570195126, 0.389615479328, 0.265625
0.555277868084, 0.920594530968, 3.93822411189, 0.402754261849, 16.707666924, 42.5686911472, 2.39734622297, 1.61441828012, 37.7099648458, 466.446140514, 0.414918205814, 0.376744186047
0.585268077966, 1.11543500166, 2.16143235452, 0.208077460139, 41.3832441631, 41.0154711709, 3.65342024167, 1.1046407946, 43.3117740621, 493.879942909, 0.376883939588, 0.695787831513
0.555277868084, 0.920594530968, 3.93822411189, 0.24773607736, 16.707666924, 40.7928789602, 2.39734622297, 1.45045006117, 37.7099648458, 640.883536425, 0.393817282707, 0.259541984733
0.833725692466, 1.05985495415, 2.05107270154, 0.479453637001, 20.7512074169, 41.0429209718, 2.4453979963, 3.45404156949, 21.1143868237, 220.38512694, 0.588480896362, 0.128048780488
0.555277868084, 0.920594530968, 2.14925924228, 0.479453637001, 18.7938522959, 45.6262522979, 2.35128281373, 3.45404156949, 29.3695053194, 225.669884902, 0.517061387431, 0.0
0.585361667916, 0.904001612095, 2.29265267699, 0.257054756173, 6.36414646379, 40.5863047531, 2.00783051968, 1.45045006117, 38.8513364375, 340.734381589, 0.414481278467, 0.386904761905
0.599067693762, 0.960078797337, 5.22898355527, 0.402754261849, 30.0502300763, 40.6230231236, 2.40036684416, 1.61441828012, 26.489929266, 751.483593135, 0.378478999838, 0.532751091703
0.5186872124, 1.05985495415, 6.63613713226, 0.203323385867, 5.56313551729, 47.4703150959, 2.92801161173, 1.1046407946, 40.0814565874, 1279.42041946, 0.346238192493, 0.667721518987
0.555277868084, 0.920594530968, 3.93822411189, 0.402754261849, 16.707666924, 49.7168434376, 2.39734622297, 1.61441828012, 37.7099648458, 609.768995688, 0.376622482405, 0.665573770492
0.803311134381, 0.884774423982, 2.14925924228, 0.24773607736, 41.6058001544, 42.5686911472, 2.35539016114, 1.61441828012, 26.5541060896, 228.886910409, 0.485466790898, 0.535384615385
0.555277868084, 0.920594530968, 2.59574966992, 0.23704178693, 17.7782838123, 42.5686911472, 2.35539016114, 1.45045006117, 26.5541060896, 300.290242065, 0.388339813703, 0.682857142857
0.555277868084, 0.884774423982, 2.14925924228, 0.24773607736, 20.0935040531, 40.5408017646, 2.56998538294, 1.33770286933, 26.5541060896, 258.31082819, 0.388686984019, 0.595238095238
0.504971049044, 1.09165747497, 2.14925924228, 0.380987495687, 0.182546010711, 42.5686911472, 2.43601306431, 1.38309566764, 26.8519254382, 335.495678922, 0.409622350833, 0.4
0.59982301852, 0.820636041049, 2.11301315231, 0.477517397281, 4.6763095623, 43.1934332685, 2.35128281373, 0.640805062441, 35.1969174015, 224.7391064, 0.570230731479, 0.203619909502
0.634996327867, 0.920594530968, 2.42332988993, 0.269552034187, 17.7782838123, 42.5686911472, 2.35539016114, 1.45045006117, 26.5541060896, 330.749707776, 0.377150664363, 0.56043956044
0.555277868084, 0.920594530968, 3.93822411189, 0.402754261849, 16.707666924, 42.5686911472, 2.39734622297, 1.61441828012, 37.7099648458, 533.296133763, 0.416969900257, 0.32183908046
0.50617346802, 0.884774423982, 2.07955693936, 0.24773607736, 33.2778964931, 42.5686911472, 2.35128281373, 1.61441828012, 20.5388392266, 231.381808655, 0.473832486832, 0.356687898089
0.555277868084, 0.920594530968, 2.14925924228, 0.479453637001, 1.77718388698, 40.5863047531, 2.35128281373, 3.5035361559, 25.5955093651, 234.091970391, 0.418081173187, 0.0
0.555277868084, 0.884774423982, 2.14925924228, 0.24773607736, 33.2565991705, 42.5686911472, 2.35128281373, 1.61441828012, 26.5541060896, 316.461256536, 0.389457065326, 0.54954954955
0.585361667916, 1.05985495415, 2.0184046621, 0.269552034187, 48.9824004366, 41.0154711709, 2.35128281373, 1.45045006117, 21.1143868237, 208.013361666, 0.501261998417, 0.273542600897
0.504971049044, 0.906156492833, 5.29052062763, 0.257257274883, 30.2545779012, 40.1312116812, 2.35128281373, 1.46025256196, 39.0285387538, 648.21454806, 0.40695375192, 0.462311557789
0.504971049044, 0.906156492833, 5.29052062763, 0.257257274883, 30.2545779012, 40.1312116812, 2.43601306431, 1.46025256196, 39.0285387538, 922.727129485, 0.397764644891, 0.326732673267
0.840542683697, 0.920594530968, 2.14925924228, 0.495794927701, 37.9734423668, 41.7048037089, 2.35128281373, 1.61441828012, 26.5541060896, 233.960921633, 0.541370418345, 0.0
0.634996327867, 0.920594530968, 2.42332988993, 0.269552034187, 17.7782838123, 42.5686911472, 2.35539016114, 1.45045006117, 26.5541060896, 328.418184431, 0.389398343232, 0.606164383562
0.555277868084, 0.867270576215, 2.14925924228, 0.24773607736, 20.0935040531, 40.7928789602, 2.39734622297, 1.33770286933, 26.5541060896, 297.470642758, 0.400723234413, 0.668393782383
0.803311134381, 0.884774423982, 2.14925924228, 0.376550399069, 37.9734423668, 41.7048037089, 2.43601306431, 1.61441828012, 20.5522363333, 285.62489738, 0.418032864129, 0.633451957295
0.585361667916, 0.904001612095, 2.03685261406, 0.479453637001, 1.45298670655, 40.1111714857, 2.35128281373, 1.45045006117, 26.8253807581, 320.885406106, 0.403754950123, 0.556603773585
0.583117763803, 0.906156492833, 5.29052062763, 0.257257274883, 30.2545779012, 40.2139983014, 2.43601306431, 1.46025256196, 39.0285387538, 705.9845707, 0.385549627536, 0.594202898551
0.50617346802, 1.11543500166, 2.03685261406, 0.363788695377, 5.56313551729, 40.221254377, 3.65342024167, 1.1046407946, 43.3117740621, 445.738010031, 0.389297988582, 0.567391304348
0.500366017841, 0.906156492833, 3.3434410125, 0.257257274883, 30.2545779012, 40.1312116812, 2.35128281373, 1.46025256196, 39.0285387538, 400.85243224, 0.387545259921, 0.693467336683
0.650603726249, 1.25174526573, 4.36526017681, 0.498756599828, 34.6415270958, 40.221254377, 2.68403963635, 1.57551597713, 43.2434501277, 1045.86212381, 0.378898993067, 0.62865497076
0.5186872124, 0.920594530968, 6.63613713226, 0.264836057715, 26.8758633092, 46.5259155452, 2.85233265329, 1.67067629076, 37.444481219, 966.183517979, 0.379582727974, 0.622699386503
0.844575222054, 1.05985495415, 2.05107270154, 0.479453637001, 20.7512074169, 49.2091950195, 2.4453979963, 3.45404156949, 21.1143868237, 228.911171453, 0.580993465552, 0.27969348659
0.506516465221, 1.01612036393, 2.03685261406, 0.363788695377, 1.45298670655, 49.4337510146, 2.68475675082, 4.89254336093, 29.8136864692, 228.524424765, 0.596142699879, 0.294117647059
0.506516465221, 0.904001612095, 2.03685261406, 0.363788695377, 1.45298670655, 49.4337510146, 2.68475675082, 4.89254336093, 29.8136864692, 231.293830478, 0.616030616155, 0.39222614841
0.5186872124, 0.920594530968, 6.63613713226, 0.264836057715, 26.8758633092, 46.5259155452, 2.17256044822, 1.67067629076, 37.444481219, 969.815231719, 0.392834511059, 0.558951965066
0.533011842642, 1.1563221435, 2.14925924228, 0.379452735899, 1.77718388698, 41.7048037089, 2.02256670945, 1.46025256196, 32.2170482004, 343.761955762, 0.412706139084, 0.553054662379
0.5186872124, 0.920594530968, 6.63613713226, 0.264836057715, 26.8758633092, 46.5259155452, 3.09422333267, 1.67067629076, 37.444481219, 1036.74680867, 0.399289597788, 0.557692307692
0.585268077966, 0.865418093063, 2.11301315231, 0.208077460139, 3.80351518614, 43.1934332685, 3.65342024167, 1.38309566764, 26.8253807581, 326.217141111, 0.413803011101, 0.630353817505
0.555277868084, 0.920594530968, 3.93822411189, 0.293825921903, 44.9164878285, 42.5686911472, 2.35128281373, 1.45045006117, 32.1081056345, 500.162592991, 0.393592123908, 0.57358490566
0.803311134381, 0.884774423982, 2.14925924228, 0.495223364909, 37.9734423668, 41.7048037089, 2.35128281373, 1.61441828012, 26.5541060896, 277.324770265, 0.433639635417, 0.512396694215
0.585361667916, 0.904001612095, 2.68302996296, 0.465699588256, 48.9824004366, 43.1934332685, 2.35128281373, 1.45045006117, 26.8253807581, 267.342904006, 0.492185578857, 0.0
0.555277868084, 0.983636063346, 2.46302825183, 0.479453637001, 37.9734423668, 44.7255347779, 2.33511836079, 1.45045006117, 26.5541060896, 353.36077405, 0.439053965442, 0.0875
0.508825324721, 1.11024691951, 2.14925924228, 0.264836057715, 26.8758633092, 46.5259155452, 2.43601306431, 1.67067629076, 26.1960728254, 294.164344677, 0.427575248215, 0.30534351145
0.555277868084, 0.884774423982, 2.42332988993, 0.24773607736, 20.0935040531, 40.5408017646, 2.56998538294, 1.33770286933, 26.5541060896, 279.860665583, 0.428047973551, 0.402985074627
0.50617346802, 1.11543500166, 2.11129437698, 0.204487479146, 5.56313551729, 46.4343175162, 3.65342024167, 1.1046407946, 43.3117740621, 437.444483081, 0.425783833913, 0.359872611465
0.585268077966, 1.05868289059, 2.16143235452, 0.208077460139, 41.3832441631, 41.0154711709, 3.65342024167, 1.1046407946, 43.3117740621, 453.865847893, 0.435684497579, 0.272138228942
0.840542683697, 0.884774423982, 2.14925924228, 0.479453637001, 37.9734423668, 41.1764085485, 2.35128281373, 1.61441828012, 26.5541060896, 251.136586157, 0.46780304799, 0.132530120482
0.670839199292, 1.05762101535, 2.14925924228, 0.24773607736, 22.1687618099, 43.0514931436, 2.35128281373, 1.45045006117, 26.5541060896, 253.731126042, 0.438116601239, 0.539106145251
0.574794302326, 0.920594530968, 2.14925924228, 0.269552034187, 17.3130642808, 44.7255347779, 2.35539016114, 1.45045006117, 33.5081208192, 259.390305063, 0.419320062543, 0.532374100719
0.585361667916, 1.05985495415, 2.05107270154, 0.479453637001, 48.9824004366, 41.0429209718, 2.35128281373, 1.45045006117, 21.1143868237, 317.013748114, 0.437448275355, 0.251908396947
0.555277868084, 0.884774423982, 2.14925924228, 0.24773607736, 33.2778964931, 42.5686911472, 2.35128281373, 1.61441828012, 26.5541060896, 253.492666688, 0.463519247856, 0.299145299145
0.585268077966, 0.827269137392, 2.14925924228, 0.479453637001, 37.9734423668, 41.1764085485, 2.35128281373, 1.1046407946, 26.5541060896, 235.025644255, 0.430615626843, 0.546875
0.688197283696, 0.904001612095, 2.29265267699, 0.465699588256, 27.8508919365, 40.5863047531, 2.00783051968, 1.61441828012, 29.6494528676, 269.817158218, 0.453203007752, 0.0
0.585361667916, 1.05985495415, 2.0184046621, 0.269552034187, 48.9824004366, 41.0429209718, 2.35128281373, 1.45045006117, 21.1143868237, 252.93215574, 0.444509674646, 0.370192307692
0.585268077966, 1.05868289059, 2.16143235452, 0.208077460139, 41.3832441631, 41.0154711709, 2.15192232328, 1.46025256196, 43.3117740621, 300.587448469, 0.447492185531, 0.245508982036
0.585268077966, 0.856914517837, 2.11301315231, 0.205275471658, 3.80351518614, 43.1934332685, 3.65342024167, 1.07017229547, 26.8253807581, 320.002236773, 0.426593236319, 0.514156285391
0.504971049044, 1.09165747497, 2.14925924228, 0.380987495687, 15.1952518226, 49.7168434376, 2.43601306431, 1.38309566764, 26.8519254382, 355.936781755, 0.42702411938, 0.386206896552
0.555277868084, 0.840955322597, 2.46302825183, 0.252542277113, 19.7610507027, 40.5408017646, 2.56998538294, 1.45045006117, 26.8253807581, 246.936446085, 0.424011412683, 0.654958677686
0.555277868084, 0.920594530968, 3.93822411189, 0.24773607736, 16.707666924, 42.5686911472, 2.39734622297, 1.45045006117, 37.7099648458, 520.660079466, 0.4213618731, 0.358744394619
0.50617346802, 0.884774423982, 2.07955693936, 0.403680624774, 33.2778964931, 42.5686911472, 2.35128281373, 1.61441828012, 20.5388392266, 249.461357033, 0.455673437899, 0.495535714286
0.50617346802, 0.827545086055, 2.14925924228, 0.495794927701, 37.9734423668, 41.7048037089, 2.35128281373, 1.61441828012, 26.5541060896, 256.424769811, 0.509598477236, 0.0
0.579615498253, 0.827269137392, 2.14925924228, 0.479453637001, 37.9734423668, 41.1764085485, 2.1845086505, 1.1046407946, 26.5541060896, 237.847197762, 0.466891661663, 0.220588235294
0.504971049044, 0.870488088968, 2.11301315231, 0.205275471658, 15.1952518226, 49.7168434376, 2.43601306431, 1.38309566764, 26.8253807581, 251.127160016, 0.454864017353, 0.355029585799
0.555277868084, 0.920594530968, 2.29265267699, 0.208077460139, 17.7782838123, 46.4343175162, 2.35539016114, 3.33085851677, 26.5541060896, 235.078022785, 0.489148504978, 0.12030075188
0.518056717731, 1.19478317598, 2.51052765919, 0.276544618263, 5.56313551729, 43.1934332685, 2.15192232328, 1.17103485858, 32.2170482004, 432.463384734, 0.410794799546, 0.565789473684
0.555277868084, 0.920594530968, 3.93822411189, 0.293825921903, 16.707666924, 42.5686911472, 2.35539016114, 1.45045006117, 26.8253807581, 537.421213559, 0.418889433047, 0.335483870968
0.585268077966, 1.11543500166, 2.16143235452, 0.208077460139, 41.3832441631, 41.0154711709, 3.65342024167, 1.1046407946, 43.3117740621, 487.994918996, 0.402646629096, 0.604901960784
0.555277868084, 0.920594530968, 3.93822411189, 0.293825921903, 44.9164878285, 42.5686911472, 2.14757221462, 1.45045006117, 38.4723402856, 676.376601809, 0.397454900018, 0.577092511013
0.725028479114, 1.19507215669, 2.51052765919, 0.257054756173, 5.56313551729, 45.6262522979, 2.15192232328, 1.46025256196, 22.6027756126, 391.243418478, 0.396146558793, 0.655080213904
0.555277868084, 0.920594530968, 2.59574966992, 0.240243513836, 17.7782838123, 42.5686911472, 2.35539016114, 1.45045006117, 26.5541060896, 391.369568358, 0.397503767447, 0.650519031142
0.555277868084, 0.920594530968, 2.59574966992, 0.240243513836, 17.7782838123, 42.5686911472, 2.35539016114, 1.45045006117, 26.5541060896, 346.227620496, 0.400165568741, 0.652661064426
0.555277868084, 0.920594530968, 2.42332988993, 0.269552034187, 17.7782838123, 42.5686911472, 2.35539016114, 1.45045006117, 22.7042249893, 331.039937308, 0.401824541944, 0.646706586826
0.504971049044, 0.906156492833, 5.29052062763, 0.257257274883, 30.2545779012, 40.1312116812, 2.43601306431, 1.46025256196, 39.0285387538, 666.402782172, 0.435870956404, 0.265536723164
0.803311134381, 0.884774423982, 2.14925924228, 0.495223364909, 37.9734423668, 41.7048037089, 2.43601306431, 1.61441828012, 26.5541060896, 244.435464607, 0.459434222178, 0.565543071161
0.670839199292, 0.896645432046, 2.29265267699, 0.208077460139, 37.9734423668, 40.8210875404, 2.45167722412, 1.64656412795, 23.2170037469, 246.466252307, 0.446690829853, 0.645161290323
0.50617346802, 1.11543500166, 2.11129437698, 0.208077460139, 5.56313551729, 46.4343175162, 3.65342024167, 1.1046407946, 43.3117740621, 436.903516171, 0.396377994021, 0.674707602339
0.529551342803, 0.906156492833, 5.29052062763, 0.257257274883, 30.2545779012, 40.107950399, 2.43601306431, 1.45045006117, 37.7099648458, 750.170075152, 0.400568937745, 0.588932806324
0.585361667916, 0.904001612095, 2.29265267699, 0.257054756173, 6.36414646379, 40.5863047531, 2.00783051968, 1.45045006117, 38.8513364375, 289.502927073, 0.423654636289, 0.585294117647
0.555277868084, 0.884774423982, 2.42332988993, 0.24773607736, 20.0935040531, 40.5408017646, 2.56998538294, 1.33770286933, 21.6492217984, 262.585416708, 0.429957784661, 0.556666666667
0.599067693762, 1.05762101535, 4.44954649106, 0.402754261849, 30.0502300763, 43.0514931436, 2.56998538294, 1.61441828012, 26.489929266, 704.96529385, 0.392226773681, 0.598214285714
0.803311134381, 0.884774423982, 2.14925924228, 0.495223364909, 37.9734423668, 41.7048037089, 2.43601306431, 1.61441828012, 26.5541060896, 268.253399275, 0.450177581901, 0.516981132075
0.555277868084, 0.920594530968, 2.07772356333, 0.208077460139, 17.7782838123, 46.4343175162, 2.35539016114, 3.33085851677, 26.5541060896, 245.930202183, 0.52236175216, 0.0992907801418
0.50617346802, 1.11543500166, 2.11129437698, 0.208077460139, 5.56313551729, 46.4343175162, 3.65342024167, 1.1046407946, 43.3117740621, 450.946958403, 0.394513052662, 0.649517684887
0.755022122134, 0.951581734387, 2.42332988993, 0.479453637001, 37.9734423668, 41.7048037089, 2.35128281373, 1.61441828012, 26.5541060896, 381.141497439, 0.408905578393, 0.615094339623
0.585361667916, 0.904001612095, 2.68302996296, 0.479453637001, 20.7512074169, 43.1934332685, 2.35128281373, 1.45045006117, 26.8253807581, 291.937339561, 0.431579230023, 0.521472392638
0.574794302326, 0.920594530968, 2.14925924228, 0.269552034187, 17.3130642808, 44.7255347779, 2.35539016114, 1.45045006117, 33.5081208192, 284.701989182, 0.432819405293, 0.516728624535
0.803311134381, 0.884774423982, 2.14925924228, 0.24773607736, 33.2778964931, 42.5686911472, 2.35128281373, 1.61441828012, 26.5541060896, 238.83430487, 0.472758823731, 0.521428571429
0.555277868084, 0.920594530968, 3.93822411189, 0.24773607736, 16.707666924, 42.5686911472, 2.39734622297, 1.45045006117, 37.7099648458, 601.806872266, 0.451640365785, 0.24427480916
0.585268077966, 1.05868289059, 2.16143235452, 0.208077460139, 41.3832441631, 41.0154711709, 3.65342024167, 1.1046407946, 43.3117740621, 408.021947541, 0.433443504301, 0.373088685015
0.533011842642, 1.19507215669, 2.51052765919, 0.257054756173, 5.56313551729, 41.7048037089, 2.15192232328, 1.46025256196, 22.6027756126, 405.127710097, 0.433610708054, 0.344632768362
0.585361667916, 0.904001612095, 2.68302996296, 0.465699588256, 41.3832441631, 43.1934332685, 2.35128281373, 1.45045006117, 43.3117740621, 402.299660214, 0.43353347772, 0.377245508982
0.554837737357, 0.920594530968, 3.93822411189, 0.24773607736, 10.4681533729, 40.7928789602, 2.39734622297, 1.45045006117, 37.7099648458, 607.803726921, 0.430983429199, 0.312977099237
0.5186872124, 1.05985495415, 6.63613713226, 0.208077460139, 5.56313551729, 47.4703150959, 2.92801161173, 1.1046407946, 42.3161442169, 1181.81489673, 0.389591017917, 0.643874643875
0.555277868084, 0.920594530968, 3.93822411189, 0.24773607736, 16.707666924, 42.5686911472, 2.39734622297, 1.45045006117, 37.7099648458, 518.958931777, 0.398077666608, 0.649651972158
0.555277868084, 0.920594530968, 2.14925924228, 0.479453637001, 18.7938522959, 41.7048037089, 2.35128281373, 3.45404156949, 29.3695053194, 242.060578043, 0.58297113058, 0.0
0.555277868084, 0.904001612095, 2.29265267699, 0.257054756173, 1.77718388698, 40.5863047531, 2.00783051968, 1.45045006117, 25.5955093651, 249.452965282, 0.543663425404, 0.0510948905109
0.85838133239, 1.05762101535, 2.14925924228, 0.402754261849, 37.9734423668, 48.1705917862, 2.35128281373, 1.61441828012, 26.489929266, 239.571871357, 0.616465860481, 0.0
