1.0, -1.0, 1.0, 2.0, 0.0, 2.0, 1.0, 0.0, 1.0, 3.0, 0.0, 2.0, 2.0, 2.0, 1.0, 1.0, 0.0, 1.0, 3.0, 3.0, 0.0, 0.0, -1.0, 1.0, 0.0, -1.0, 1.0, -1.0, -1.0, -1.0, -1.0, 2.0, -1.0, 1.0, 2.0, 2.0, 1.0, 2.0, 2.0, 1.0, 3.0, 2.0, -1.0, 2.0, 2.0, 3.0, -1.0, 2.0, 0.0, 0.0, 94790.0, 594.0, 99421.0
1.0, 1.0, 0.0, 0.0, 0.0, 2.0, 3.0, -1.0, 2.0, -1.0, 3.0, 2.0, 0.0, 3.0, 2.0, 3.0, 0.0, 3.0, -1.0, 0.0, 0.0, 3.0, 1.0, 1.0, 1.0, 1.0, -1.0, 1.0, 1.0, 0.0, 0.0, 1.0, -1.0, 2.0, 3.0, 0.0, -1.0, 2.0, -1.0, 2.0, 0.0, 0.0, 2.0, 2.0, 1.0, 3.0, 0.0, 0.0, -1.0, 2.0, 94374.0, 619.0, 99389.0
0.0, 2.0, 3.0, 3.0, 0.0, 2.0, 1.0, -1.0, 1.0, 0.0, 0.0, 2.0, 2.0, 2.0, 1.0, 1.0, 0.0, 2.0, 3.0, 3.0, 0.0, 0.0, 2.0, 2.0, 0.0, 1.0, 1.0, 3.0, 0.0, 3.0, 3.0, 1.0, 2.0, 1.0, 2.0, 2.0, -1.0, 1.0, 3.0, 0.0, 2.0, 1.0, -1.0, 1.0, 1.0, -1.0, 3.0, 1.0, 0.0, 3.0, 94303.0, 670.0, 99353.0
3.0, 2.25334835026, 0.0, 3.0, 2.0, 1.0, 1.0, 3.0, 0.0, 3.0, 0.616034827228, 2.0, 3.0, 0.0, 2.0, 1.0, 1.0, 1.0, 2.0, 2.0, 0.0, 0.0, 0.0, 3.0, 2.0, 0.0, 3.0, 0.0, 0.0, 2.0, 0.0, 2.0, 3.0, 3.0, 1.0, 1.0, 1.0, 1.0, -1.0, 2.0, 0.0, 3.0, 1.0, 2.0, 1.0, 1.0, 2.0, 1.0, 2.0, 3.0, 93944.0, 721.0, 99307.0
2.0, 1.32808745504, 1.97699316566, -1.0, 1.0, -1.0, 2.0, -1.0, 1.0, 1.0, -1.0, 2.0, 0.0, 2.0, 1.0, 0.0, 1.0, 3.0, 2.0, 0.0, 0.0, 1.0, 2.0, 1.0, 0.0, 1.0, 1.0, 0.0, 1.0, -1.0, -0.734110324986, 0.0, 0.0, 0.0, -0.177619310925, 1.0, 1.0, -1.0, -1.0, 2.0, -1.0, 3.0, 0.0, 1.0, -0.136610171639, 2.0, 0.0, 0.194767099414, 2.0, 3.0, 94264.0, 615.0, 99416.0
1.0, -1.0, 2.0, -1.0, 0.0, 0.0, 3.0, 1.53089763017, 0.472046353807, 0.0, 3.0, 0.0, 2.0, 1.0, -1.0, -1.0, 2.0, 2.0, 2.0, 0.0, 2.0, 2.0, -1.0, 1.0, -1.0, 3.0, 1.0, 0.0, 3.0, -1.0, 2.0, 0.0, 2.0, 2.0, 0.0, 2.0, 3.0, 3.0, 0.0, -1.0, 0.246508855244, 0.0, 1.0, -1.0, 1.0, 1.0, 1.0, 3.0, 2.0, 0.0, 94500.0, 595.0, 99417.0
1.0, -0.961559953479, 2.0, 2.0, 1.0, 0.0, -1.0, -0.198108973804, 2.0, 2.0, 3.0, 1.0, 1.0, 3.0, 3.0, -1.0, 1.0, 1.0, 1.0, 2.0, 0.0, 0.0, -0.0179014084974, 1.0, -1.0, -1.0, -1.0, 3.0, 2.0, -1.0, 2.0, 0.0, 2.0, 1.0, 2.0, 1.0, 0.0, 0.0, -1.0, 0.0, 2.0, 2.0, 0.261540410028, 0.0, 3.0, 2.95839011091, -1.0, 0.0, 3.0, 2.50602165602, 94606.0, 600.0, 99405.0
3.0, 3.0, 0.0, 3.0, 1.0, 2.0, 1.0, 2.0, -1.0, 2.0, 1.0, 2.26092584176, 0.635476558094, -1.0, 3.0, 2.0, 3.0, 3.0, 1.0, 2.0, 1.0, 1.0, 1.0, 0.0, 1.0, 3.0, 2.0, 1.06095733701, 2.0, 1.0, 3.0, 0.0, 2.0, 0.0, 0.0, 2.0, 2.0, 1.0, 2.15197031068, 3.0, 0.0, 0.0, 0.0, -0.73093693362, 0.0, 0.0, 1.0, 2.0, 0.0, 2.0, 93976.0, 692.0, 99336.0
0.0, 2.0, 1.0, 1.0, 3.0, 0.0, 3.0, 0.0, 1.24519381963, 1.0, 1.0, 0.0, 0.0, 3.0, 0.0, 1.0, 2.0, 2.0, 2.0, 0.0, 2.4399241165, -1.0, 0.0, 2.0, 2.0, 2.0, 3.0, 3.0, 2.0, 3.0, -0.16214337561, 3.0, -1.0, 3.0, 3.0, 0.0, 3.0, 1.0, 0.0, 0.0, 1.75830718624, 0.0, 1.0, 0.0, 1.0, -1.0, 2.0, 1.0, 1.0, 2.0, 94104.0, 691.0, 99339.0
1.0, 1.0, 0.474758163543, 0.0, 0.0, 2.0, 3.0, -1.0, 2.0, -1.0, 3.0, 2.0, 0.0, 3.0, 2.0, 3.0, 0.0, 3.0, -1.0, 0.0, 0.0, 3.0, 1.0, 1.0, 1.0, 2.98679313552, 0.67772304305, 1.0, 1.0, 0.0, 0.0, 1.0, -1.0, 2.0, 1.76516854971, 0.0, 1.22335994613, 2.0, -1.0, 2.0, 0.0, 0.0, 2.0, 2.0, 1.0, 3.0, 0.0, 0.0, -1.0, 2.0, 94180.0, 649.0, 99365.0
0.0, 1.0, 0.47981852454, 2.0, 2.0, 1.0, 2.0, 1.0, 2.0, 3.0, 1.0, 1.0, -0.232021388275, 2.0, 2.0, -1.0, 3.0, 0.0, 0.0, 2.25444119468, 2.0, -1.0, 3.0, 2.0, -1.0, 0.0, 0.552165965767, 1.0, 3.0, 1.0, 3.0, 1.88375619421, 3.0, 3.0, 0.0, 0.0, 0.0, 2.0, 1.0, 1.0, 1.0, 2.0, 1.0, -1.0, 2.0, 3.0, -0.723622745598, 1.0, 0.0, 0.0, 94315.0, 655.0, 99362.0
2.0, 0.0, 3.0, 0.0, 3.0, 2.0, 3.0, 0.0, 2.0, 3.0, 1.0, -1.0, 0.0, 1.19497726927, 1.0, 3.0, 0.0, 0.0, -1.0, 2.0, 1.0, 1.98640414545, 2.0, 0.0, 2.0, 3.0, 1.0, 2.0, 2.0, 3.0, -1.0, 2.0, 2.0, 1.22220769245, 1.0, 2.0, -1.0, -0.079440920559, -1.0, 1.0, 0.0, 1.0, 0.0, 1.0, 2.0, 0.0, 0.0, -1.0, 1.0, 2.0, 94228.0, 644.0, 99372.0
0.0, 2.0, 0.0, 1.07360944207, 2.0, 2.01908199994, 0.0, 2.0, 2.0, 0.0, 3.0, 3.0, 3.0, -1.0, 0.0, -1.0, 0.0, 1.48654579532, 0.0, 1.0, 1.298107784, 0.0, 0.0, 2.0, 2.0, -1.0, 1.0, 0.0, 1.0, -0.781885749865, 0.0314978998805, 3.0, 2.74053789191, -1.0, 1.0, 0.903446044853, 1.0, 2.0, 0.0, 2.0, 0.516708294385, 0.562400676961, 2.0, 2.0, 2.96348641358, 2.70407106937, 1.0, 0.398707926555, 1.0, 3.0, 94189.0, 661.0, 99356.0
1.0, -1.0, 2.0, -1.0, 0.0, 0.0, 3.0, 1.53089763017, 1.42788032666, 0.0, 3.0, 0.0, 2.0, 1.0, -1.0, -1.0, 2.0, 2.0, 2.0, 0.0, 2.0, 2.0, -1.0, 1.0, -1.0, 3.0, 1.0, 0.0, 3.0, -1.0, 1.8829488213, 0.0, 2.0, 2.0, 0.0, 2.0, 3.0, 3.0, -0.645731282783, -1.0, 0.246508855244, 0.0, 1.0, -1.0, 1.0, 1.0, 1.0, 3.0, 2.0, 0.0, 94546.0, 578.0, 99423.0
0.865396940469, 0.0, 0.428598192907, 3.0, 2.0, 1.0, 1.34933210215, 3.0, 0.0, 3.0, 3.0, 2.0, 3.0, 0.0, 0.420412950359, 1.0, 1.0, 1.0, 2.0, 2.0, 0.0, 0.0, 0.0, 3.0, 2.36438502759, 0.0, 3.0, 0.0, -0.607539909465, 2.0, 0.0, 2.0, 3.0, 3.0, 1.0, 0.0, 1.0, 1.0, -1.0, 2.0, 0.0, 0.4675333595, 1.0, 2.0, 1.0, 1.0, 2.0, 1.0, 2.0, 3.0, 93808.0, 711.0, 99317.0
2.0, 0.0, 3.0, 0.0, 3.0, 2.0, 2.0, 0.0, 1.0, 3.0, 0.502205307295, -1.0, 0.0, 2.0, 1.0, 3.0, 0.0, 0.0, -1.0, 2.0, 1.0, -1.0, 1.49671380867, 0.0, 2.0, 3.0, 1.0, 2.02804808052, 2.0, -0.511911670239, -1.0, 3.0, 2.0, 1.0, 1.0, 2.0, -1.0, 0.0, -1.0, 1.0, 0.0, 1.0, 0.0, 1.0, 2.0, 0.0, 0.675704730352, 1.44419888531, 1.0, 2.0, 94255.0, 630.0, 99377.0
2.0, 2.0, 2.0, -1.0, 1.8324172351, 0.474029037056, 2.0, -1.0, 1.0, 1.0, -1.0, 2.0, 0.0, 2.0, 1.0, 0.0, 1.0, 1.21470098325, 2.0, 0.0, 0.0, 1.0, 2.0, 1.0, 0.0, 1.0, 1.0, 0.0, 1.0, -1.0, 2.0, 0.0, 0.0, 0.0, 0.0, 1.0, 1.0, -1.0, -1.0, 2.0, -1.0, 3.0, 0.0, 1.0, 1.0, 2.0, 1.0, -1.0, 2.0, 3.0, 94115.0, 622.0, 99399.0
2.0, 0.0, 3.0, 0.0, 3.0, 2.0, 0.359658839996, 0.0, 2.0, 3.0, 1.0, -1.0, 0.0, 2.0, 1.0, 3.0, 0.0, 0.0, -1.0, 2.0, 1.0, -1.0, 2.0, 0.0, 2.0, 3.0, 1.0, 2.0, 2.0, 3.0, -1.0, 1.76155842722, -0.442431608112, 1.0, 1.0, 2.0, -1.0, 0.0, -1.0, 1.0, 0.0, 1.0, 0.0, 1.0, 2.0, -0.602460516864, 0.0, -1.0, 1.0, 2.0, 94380.0, 609.0, 99401.0
-0.322090168437, 2.25334835026, 0.0, 3.0, 2.0, 1.0, 1.0, 3.0, 0.0, 3.0, -0.878889830324, 2.0, 2.165635888, 0.0, 2.0, 1.0, 1.0, 1.0, 2.0, 2.0, 0.0, 0.0, 0.0, 3.0, 2.0, 0.0, 3.0, 0.0, 0.0, 2.0, 0.0, 2.39882451319, 3.0, 3.0, 1.0, 1.0, 1.0, 1.0, -1.0, 2.0, 0.0, 3.0, 1.0, 2.0, 2.34742136634, 1.0, 2.0, 1.0, 2.0, 3.0, 93998.0, 706.0, 99324.0
2.0, 1.32808745504, 1.97699316566, -1.0, 1.0, -1.0, 2.0, -1.0, 1.0, 1.0, -1.0, 2.0, 0.0, 2.0, 1.0, 0.299426018778, 1.0, 3.0, 2.0, 0.0, 0.0, 1.0, 2.0, 1.0, 0.0, 1.0, 1.0, 0.0, 1.0, -1.0, -0.734110324986, 0.0, 0.0, 0.0, -0.177619310925, 1.0, 1.0, -1.0, -1.0, 2.0, -1.0, 3.0, -0.81330678722, 1.0, -0.136610171639, 0.983061820269, 0.0, 0.194767099414, 2.0, 3.0, 94359.0, 604.0, 99429.0
0.0, 3.0, 0.0, -1.0, 0.0, -1.0, 1.0, 0.0, 1.0, 2.0, 0.0, -1.0, 1.0, 3.0, 1.23506018329, 1.0, 2.0, 0.0, -1.0, 1.0, 0.0, 1.0, 2.0, 0.0, 2.0, 1.0, 2.09786306745, 1.0, 1.0, 0.0, 0.0, 2.0, 3.0, 2.0, 0.0, -0.78151008179, 3.0, 1.0, 2.0, 2.0, 0.0, 0.838993512427, -1.0, 0.0, 1.93094521183, 0.264099502209, 2.0, 2.0, 2.65374546698, 3.0, 94069.0, 662.0, 99382.0
2.0, 2.0, 2.0, 0.0, 2.39251656659, 1.0, 1.0, 0.0, 3.0, 1.0, 0.0, -1.0, 2.0, 0.0, 1.0, -1.0, 1.76964122655, 0.690606185918, 1.22648259725, 0.0, 0.0, 1.04383269583, 0.0, 2.0, 3.0, 1.0, 0.827408662938, 0.0, 3.0, 1.0, 3.0, -1.0, 1.0, 0.449425658662, 1.25014461561, 1.0, -1.0, -1.0, 2.0, -1.0, 0.108976459863, 2.29224027257, 2.0, 0.031703921938, 1.86324017435, 1.99748777416, 2.0, 2.0, 3.0, -0.0138447486572, 94138.0, 645.0, 99381.0
2.0, 2.4832364316, 2.0, -1.0, 1.0, -1.0, 2.0, -1.0, 1.0, 1.0, 1.0, 1.62804121592, 0.0, 2.0, 1.0, 0.0, 1.0, 3.0, 2.0, 0.0, 0.0, -0.482333651219, 2.0, 1.0, -0.556394873048, 1.0, 1.0, 0.0, 1.0, -1.0, 2.0, 0.0, 0.0, 0.0, 0.0, 1.0, 1.0, -1.0, -1.0, 2.0, -1.0, 3.0, 0.0, 1.0, 1.0, 2.0, 0.0, -1.0, 2.0, 3.0, 94310.0, 612.0, 99414.0
0.0, 0.0, 3.0, 3.0, 1.0, 3.0, 0.0, 1.0, 3.0, 2.0, 1.0, 0.0, 2.0, 0.500680886841, 2.53996450216, 0.0, 1.03871573687, 1.0, 3.0, 2.18989702005, 1.0, 0.0, 0.0, 0.0, 1.25088126865, -1.0, 1.0, 0.0, 3.0, -1.0, 2.0, 0.0, 0.0, 2.0, 0.0, 3.0, 3.0, -1.0, -0.30960972515, 2.0, -1.0, 2.0, 2.0, 3.0, 1.0, -1.0, 1.0, 0.0, 3.0, -0.499031468096, 93982.0, 667.0, 99363.0
0.0, 2.0, 1.0, 1.0, 3.0, 0.0, 3.0, 0.0, 1.40272041064, 1.0, 1.0, 0.0, 0.0, 3.0, 0.0, 1.0, 2.0, 2.0, 2.0, 0.0, 2.4399241165, -1.0, 0.0, 2.0, 2.00048364038, 2.0, 3.0, 3.0, 2.0, 3.0, -0.16214337561, 3.0, -1.0, 3.0, 3.0, 0.0, 3.0, 1.0, 0.0, 0.0, 1.75830718624, 0.0, 1.0, 0.0, 1.0, -1.0, 2.0, 1.0, 1.0, 2.0, 94104.0, 691.0, 99339.0
1.0, -1.0, 1.0, 2.0, 0.0, 0.66240583064, -0.3232265649, -0.794585016761, 1.0, 3.0, 0.0, 2.19518942265, 2.29622779757, 2.0, 1.0, 1.0, 0.0, 1.0, 3.0, 3.0, 0.0, 0.0, -1.0, 1.0, 0.0, 0.288245436632, 1.0, 0.292613362156, 1.220811272, -1.0, -1.0, 2.0, -1.0, -0.792330545793, 2.0, 2.01224341423, 1.0, -1.0, 2.0, 0.245420476083, 3.0, 2.0, -1.0, 2.0, 2.0, 1.406009152, -0.675252705264, 2.0, 0.0, 0.0, 94500.0, 588.0, 99424.0
0.0, -1.0, 2.0, 1.0, 1.0, 3.0, 1.0, 0.0, -1.0, 2.83530511233, 1.0, 1.0, 3.0, 0.0, -0.49715728927, 2.10213187184, 0.0, -1.0, -0.618609463431, -0.228563158935, 2.0, 0.0, -1.0, -1.0, -1.0, -0.671567190492, 0.0, 3.0, 3.0, -1.0, 2.0, 1.34032815783, -1.0, 1.0, 1.0, 2.0, -1.0, 1.0, 0.0, 1.0, -1.0, -1.0, -1.0, -0.602888852763, 3.0, 1.0, 0.0, -1.0, 2.0, 2.0, 95522.0, 496.0, 99520.0
2.0, 2.64351631385, 1.82426481987, 0.0, -1.0, 2.0, 1.0, -1.0, -0.693738850244, 0.0, 1.0, 0.252914061729, 0.0, 2.0, 3.0, -1.0, 2.0, 0.0, -1.0, 3.0, 1.0, 3.0, -0.581821312642, 3.0, -0.2010290758, 2.14412557873, -0.406485947364, 1.0, 2.0, -1.0, 3.0, 0.0, 0.0, -0.652105736444, 1.0, 3.0, -1.0, 3.0, 2.0, 2.0, 0.0, -1.0, -0.434930500606, 3.0, 0.0, 1.0, 2.0, -0.749406811474, 1.0, -1.0, 95109.0, 544.0, 99462.0
1.0, -1.0, 2.0, -1.0, 0.0, 0.0, 3.0, 1.53089763017, 1.42788032666, 0.0, 3.0, -0.36316093572, 2.0, 1.61787010789, -1.0, -1.0, 2.0, 2.0, 2.0, 0.0, 2.0, 2.0, -1.0, 1.0, -1.0, 3.0, 1.0, 0.0, 3.0, -1.0, 1.8829488213, 0.0, -1.0, 2.0, 0.0, 2.0, 3.0, 3.0, -0.645731282783, -1.0, 0.246508855244, 0.0, 1.0, -1.0, 1.0, 1.0, 1.0, 3.0, 2.0, 0.0, 94658.0, 566.0, 99432.0
0.0, -1.0, 1.0, 0.0, 2.0, 2.0, 3.0, -0.986134381794, 0.0, 0.0, -0.247914448702, 0.0, 3.0, 0.394146671567, 3.0, -1.0, 1.0, 1.40553334998, -1.0, 2.0, 0.0, 2.0, 1.95654343318, 3.0, 1.0, 1.0, 1.0, 1.0, 3.0, 0.0, 3.0, 1.42382907792, 2.0, 0.787281067382, 1.0, 1.0, -0.47523607804, 2.0, 0.0, 2.0, -1.0, 0.0, 1.0, 0.599468499457, 2.0, 2.0, 1.0, 3.0, 0.0, 0.0, 94127.0, 657.0, 99367.0
2.0, 0.0, 3.0, 0.0, 3.0, 2.0, 2.0, 0.0, 1.0, 3.0, 0.502205307295, -1.0, 0.0, 2.0, 1.0, 3.0, 0.0, 1.39954335097, -1.0, 2.0, 1.0, -1.0, 1.49671380867, 0.0, 0.449940355356, 3.0, 1.0, 2.02804808052, 2.0, -0.752750102208, -1.0, 3.0, 2.0, 1.0, 1.0, 2.0, -1.0, -0.60725569552, -1.0, 1.0, 0.0, 1.0, 0.0, 1.0, 2.0, 0.0, 0.675704730352, 1.44419888531, 1.0, 2.0, 94339.0, 620.0, 99389.0
1.0, 1.0, 2.0, 2.0, 1.0, 0.0, -1.0, 0.0, 2.0, 2.0, 3.0, 1.0, 1.0, 3.0, 3.0, -1.0, 1.0, 1.0, 1.0, 2.0, 0.0, 0.0, 1.0, 1.0, 0.526453210187, -1.0, -1.0, 2.0, 2.0, -0.915480669194, 2.0, 0.0, 2.0, 1.81765242118, 0.8900451115, 1.0, 0.0, 0.0, -1.0, 0.0, 2.0, 2.0, 0.0, 1.0877351485, 3.0, 2.0, -1.0, 0.0, 3.0, 3.0, 94360.0, 632.0, 99376.0
2.0, 3.0, 3.0, 0.0, 3.0, 2.0, -1.0, 1.0, 1.0, -1.0, 1.0, -1.0, 2.0, 2.0, 2.0, -1.0, 1.0, 0.0, -1.0, 0.0, 1.0, -1.0, 2.73667309752, 3.0, 2.18790784797, 0.0, 1.0, 0.0, 2.0, -1.0, 0.0, 3.0, 2.0, -1.0, 0.0, 0.0, -1.0, 1.0, 3.0, 2.0, 1.0, 1.95583031575, 0.0, 0.0, 0.0, 2.0, 3.0, 1.0, 1.0, 3.0, 94863.0, 590.0, 99409.0
1.0, -1.0, 2.0, 2.0, 0.0, 0.0, 3.0, 0.0, 1.0, 0.0, 0.616034827228, 1.0, 3.0, 2.0, 2.0, 2.65910529458, 1.0, 2.0, 2.0, 0.0, 1.92759181511, 2.12745060942, 1.0, 2.0, -1.0, 1.57767195818, 1.0, -1.0, 1.10037310805, 1.0, 1.0, 1.0, 0.0, -1.0, 1.75156802787, 2.0, 0.0, -0.0928616274926, -1.0, 2.32860538011, 0.0, 0.930690045426, 1.0, 1.0, 0.0, 3.0, -1.0, 3.0, 2.0, 3.0, 94410.0, 640.0, 99371.0
0.0, -1.0, 2.0, 1.4115486683, 3.0, -0.207685982148, 0.762780770728, -1.0, -1.0, 3.0, 2.0, 0.0, 0.0, -1.0, 2.0, 3.0, 0.976759888318, 2.0, 2.0, -1.0, 1.0, 0.0, -1.0, 3.0, 2.0, 1.0, 0.0, -1.0, 2.0, 1.0, -1.0, 0.0, -1.0, 1.0, 2.0, 3.0, 0.935794999916, 2.0, -0.877625602492, 1.0, 0.0, 1.0, 2.0, 1.0, 2.0, -1.0, -1.0, -1.0, 3.0, -1.0, 95367.0, 522.0, 99488.0
2.0, 0.0, 3.0, 0.0, 3.0, 2.0, 3.0, 0.0, 1.0, 3.0, 1.0, -1.0, 0.0, 2.0, 1.0, 3.0, 0.0, 0.0, -1.0, 2.0, 1.0, -1.0, 2.0, 0.0, 2.0, 3.0, 2.08699948866, 2.0, 2.0, 3.0, -1.0, 3.0, 2.0, 1.0, 1.0, 2.0, -1.0, 0.0, -1.0, -0.928719195616, 0.0, 1.0, 0.0, 1.0, 2.01109553482, 0.0, 0.0, -1.0, 1.0, 2.0, 94542.0, 618.0, 99397.0
3.0, 3.0, 0.0, 3.0, 1.0, 2.0, 1.0, 2.0, -1.0, 2.0, 1.0, 2.0, 0.0, -1.0, 3.0, 2.0, 3.0, 3.0, 1.0, 2.0, 1.0, 1.0, 1.0, 0.0, 1.0, 3.0, 2.0, 0.0, -1.0, 1.0, 3.0, -0.409397109332, 2.0, 1.0, 0.0, 2.0, 2.0, 1.0, 1.0, 3.0, 0.0, 0.0, 0.0, 1.0, 0.0, 0.0, 1.0, 2.58501718027, 0.0, 2.0, 93912.0, 701.0, 99334.0
1.0, 1.0, 0.0, 0.0, 0.0, 2.0, 3.0, -1.0, 0.311936982564, -1.0, 3.0, 2.0, 0.0, 3.0, 2.0, 3.0, 0.0, 3.0, -1.0, 0.0, 0.0, 3.0, 1.0, 1.0, 1.0, 1.0, -1.0, 1.0, 1.0, 0.0, 0.0, 1.0, -1.0, 2.0, 3.0, -0.781857486292, -1.0, 2.34585469196, -1.0, 2.0, 0.0, 0.0, 0.736700685264, 2.66706665142, 1.0, 3.0, 0.0, 0.0, -1.0, 3.0, 94564.0, 605.0, 99401.0
0.0, 2.0, 3.0, 3.0, 0.0, 2.0, 1.35129836873, -1.0, 1.0, 0.0, 0.0, 2.0, 2.0, 2.0, 1.0, 1.0, 0.0, 2.0, 3.0, 3.0, 0.0, 0.0, 2.0, 2.0, 0.0, 1.0, 1.0, 3.0, 0.0, 3.0, 3.0, 1.0, 2.0, 1.0, 2.0, 2.0, -1.0, 1.0, 3.0, 0.0, 2.0, 1.0, -1.0, 1.0, 1.0, -1.0, 3.0, 1.0, 0.0, 3.0, 94303.0, 670.0, 99353.0
2.0, 0.0, 3.0, 0.0, 3.0, 2.0, 3.0, 0.0, 2.0, 3.0, 1.0, -1.0, 0.0, 2.0, 1.0, 3.0, 0.0, 0.0, -1.0, 2.0, 1.0, -1.0, 2.0, -0.691119490134, 2.89875199319, 3.0, 1.0, 2.0, 2.0, 3.0, -1.0, 1.76155842722, 2.0, 1.0, 1.0, 2.0, -1.0, 0.0, -1.0, 1.0, -0.0386021749445, 1.0, 0.0, 2.87619574912, -0.557799400615, 0.0, 0.0, -1.0, 1.0, 2.0, 94812.0, 592.0, 99416.0
3.0, 2.25334835026, 0.0, 3.0, 2.0, 1.0, 1.0, 3.0, 0.0, 3.0, 0.616034827228, -0.420351131047, 3.0, 0.0, 2.0, 1.0, 1.0, 1.0, 2.0, 2.0, 0.0, 0.0, 0.0, 3.0, 2.0, -0.780846032609, 3.0, 0.0, 0.0, 2.0, 0.0, 2.0, 3.0, 0.646300536942, 1.0, 1.0, 1.0, 1.0, -1.0, 2.0, 0.0, 3.0, 1.0, 2.0, 1.0, 1.0, 2.0, 1.14805856982, 2.0, 3.0, 93920.0, 707.0, 99318.0
1.0, 1.27352760456, 2.0, -1.0, 0.0, 0.0, 3.0, 1.53089763017, 0.472046353807, 0.0, 3.0, 0.0, 2.0, 1.0, -1.0, -1.0, 2.0, 2.0, 2.0, 0.0, 2.0, 1.37820409254, -1.0, 2.2753979129, -1.0, 3.0, 1.0, 0.0, 3.0, -1.0, 2.0, 0.0, 2.0, 2.0, 0.0, 2.0, 3.0, 3.0, 0.0, -1.0, 0.246508855244, 0.0, 1.0, -1.0, 1.0, 1.0, 1.0, 3.0, 0.523852699601, 0.0, 94372.0, 614.0, 99402.0
2.55647263452, -0.961559953479, 2.0, 2.0, 1.0, 0.0, -1.0, -0.198108973804, 2.0, 2.0, 3.0, 1.0, 1.0, 3.0, 3.0, -1.0, 1.0, 0.615485231821, 1.0, 2.0, -0.0561432914489, 1.98149630978, -0.0179014084974, 1.0, 0.682386066338, -1.0, -1.0, 3.0, 2.0, -1.0, 2.0, 0.0, 2.0, 1.0, 2.0, 1.0, 0.0, 0.0, -1.0, 0.0, 2.0, 2.0, 0.261540410028, 0.0, 3.0, 2.95839011091, -1.0, 1.22604610252, 3.0, 2.50602165602, 94668.0, 613.0, 99391.0
3.0, 2.18366870048, 0.0, 3.0, 1.0, 2.0, 1.0, 2.0, -1.0, 2.0, 2.12727223707, 2.73316495927, 0.635476558094, -1.0, 3.0, -0.258915902605, 3.0, 3.0, 1.0, 2.0, 0.0, 1.0, 1.0, 0.0, 1.0, 3.0, 2.0, 1.06095733701, 2.0, 1.0, 3.0, 0.0, 2.50897381992, 0.0, 1.23083585755, 2.0, 2.0, 1.0, 2.15197031068, 3.0, 0.0, 0.0, 0.0, -0.73093693362, -0.869145976744, 0.0, 1.0, 2.0, 0.0, 2.0, 94205.0, 675.0, 99350.0
0.0, -1.0, 2.0, 1.0, 1.0, 3.0, 1.0, 0.0, -1.0, 2.0, 0.364841846503, 0.784240303918, 3.0, 0.0, -0.49715728927, 0.0, 0.0, -1.0, 0.778468927676, -0.228563158935, 1.32365401775, -0.0279767273649, -1.0, -1.0, -1.0, -1.0, 0.0, 3.0, 3.0, -1.0, 2.0, 1.34032815783, -1.0, 1.0, 1.0, 2.0, -1.0, 1.0, 0.0, 1.0, -1.0, -1.0, -1.0, -0.349562867846, 3.0, 1.0, 0.0, -1.0, 2.0, 2.0, 95043.0, 526.0, 99498.0
0.257974375814, 1.0, 0.47981852454, 2.0, 2.0, 1.0, 0.741683099929, 1.0, 2.0, 3.0, 1.0, 1.0, -0.232021388275, 2.0, 2.0, -1.0, 3.0, 0.0, 0.0, 2.25444119468, 1.0, -1.0, 3.0, 2.0, -1.0, 0.0, 0.552165965767, 1.0, 3.0, 1.0, 3.0, 1.88375619421, 3.0, 3.0, 0.0, 0.0, 0.0, 2.0, 1.0, 1.0, 1.0, 2.0, 0.0, -1.0, 2.0, 3.0, 0.678156130232, 1.0, 0.0, 0.0, 94067.0, 671.0, 99352.0
1.0, -1.0, -1.0, 1.0, -0.311196282065, 0.0217561338895, 2.0, -1.0, 2.95317387226, 1.0, 1.0, 2.0, -1.0, -0.0774802786732, -0.735072108832, -1.0, 1.74255731542, -1.0, 1.10795759884, -0.218667858472, 0.0, 0.0, 2.0, 0.0, -0.42998048413, 1.06493975249, 0.0, 1.0, 3.0, -1.0, 3.0, 2.0, -1.0, 1.88007039096, 1.0, 2.82198542429, -1.0, 3.0, 0.0, 1.05371176287, 2.0, 1.0, 0.0, 2.0, 1.0, 1.34165473343, 1.0, 0.0, 0.0, 0.0, 94478.0, 579.0, 99434.0
0.0, 2.0, 0.0, 1.07360944207, 2.0, 2.01908199994, 0.0, 2.0, 2.0, 0.0, 3.0, 3.0, 3.0, -1.0, 0.0, 1.35852821305, 0.0, 0.622111257136, 0.0, 1.57654509984, 1.298107784, 0.0, 0.0, 2.0, 2.0, -1.0, 1.0, 0.0, 0.823282643372, -0.781885749865, 0.0314978998805, -0.29501673986, 2.74053789191, -1.0, 1.0, 0.903446044853, 1.0, 2.0, 0.0, 2.0, 0.516708294385, 0.562400676961, 2.0, 2.0, 2.96348641358, 2.70407106937, -0.252662661092, 0.398707926555, 1.0, 3.0, 93900.0, 680.0, 99344.0
1.0, 2.64351631385, 1.82681313117, -1.0, 0.0, 0.0, 3.0, 2.54577475092, 1.42788032666, 0.0, 3.0, 0.0, 2.0, 1.0, -1.0, -1.0, 2.0, 1.1319097425, 2.0, -0.262488757466, 2.0, 2.0, -1.0, 0.564788434136, -1.0, 3.0, 1.0, 0.0, 2.01192054133, -1.0, 1.8829488213, 0.0, 2.0, 2.0, 0.0, 2.0, 3.0, 3.0, -0.645731282783, -1.0, 0.246508855244, 0.0, 1.0, -1.0, 1.0, 1.0, 1.0, 3.0, 2.0, 0.0, 94437.0, 597.0, 99408.0
2.0, 3.0, 2.1114493239, 0.0, 3.0, 2.0, -1.0, 1.0, 0.0, -1.0, 1.0, -1.0, 0.736996414517, 2.0, 2.27469459389, -1.0, 1.0, 1.0, 2.04900171124, 0.0, 1.0, -1.0, 1.0, 3.0, 2.0, 0.0, 1.0, 0.0, 2.0, 2.0, 0.0, 3.0, 2.0, -0.768017191235, 0.0, 0.347680109421, -1.0, 1.0, 3.0, 2.0, 1.0, 2.0, 0.0, 0.0, -0.721054766232, 2.0, 3.0, 1.0, 1.0, 3.0, 94803.0, 599.0, 99406.0
1.0, -1.0, -0.2567528679, -1.0, -0.792226073718, 0.0, -1.0, -0.307931099037, 0.783644129171, -0.845010401825, 0.502205307295, 0.0, 2.0, 1.0, -1.0, -1.0, 2.0, 1.92996646556, 2.0, 0.0, 2.0, 2.0, 0.198918039019, 1.0, -0.154416013183, 1.6775082063, 1.0, -0.85785857337, -0.133957144487, -1.0, 2.0, 2.90080133318, 2.57703081536, 1.1617135868, 0.0, 2.0, 2.97109216841, 3.0, 0.0, -1.0, 0.142910667846, 0.0, 1.0, -1.0, 1.0, -0.554706746309, 1.0, 3.0, 2.0, 0.0, 94638.0, 545.0, 99457.0
-0.322090168437, 2.25334835026, 0.0, 3.0, 2.0, 1.0, 1.0, 3.0, 0.0, 3.0, -0.878889830324, 2.0, 2.75308979838, 0.0, 2.0, 1.0, 1.0, 0.0, 2.0, 1.64949829812, 0.0, 0.0, 0.0, 1.47384827361, 2.0, 0.0, 3.0, 0.0, -0.693030774492, 2.0, 0.0, 2.39882451319, 3.0, 3.0, -0.0782693930308, 1.0, 1.0, 1.0, -1.0, 2.0, 0.0, 3.0, 1.0, 2.0, 2.48097945824, 1.0, 1.07079622898, 1.0, 2.0, 3.0, 93976.0, 696.0, 99334.0
2.0, 1.32808745504, 1.97699316566, 3.0, 1.0, -1.0, 1.58108025772, -1.0, 1.0, 1.0, -1.0, 2.0, 0.0, -0.36127810569, 1.0, 0.299426018778, 1.0, 3.0, 2.0, 0.0, 0.0, 1.0, 1.1532564901, 1.0, 0.0, 1.0, 1.0, -0.155023456945, 1.0, -1.0, -0.734110324986, 0.0, 0.0, -0.927009941441, -0.177619310925, 1.0, 1.0, -1.0, -1.0, 2.0, -1.0, 3.0, -0.81330678722, 1.0, -0.136610171639, 0.983061820269, 0.0, 0.194767099414, 2.0, 3.0, 94372.0, 597.0, 99429.0
-1.0, -1.0, 1.0, -1.0, 1.87269267579, 1.0, 0.0, -1.0, 1.0, -1.0, 2.0, 0.0, 2.0, -0.40916836191, 3.0, 0.0, 2.0, 1.0, -1.0, 2.84047058524, 3.0, -1.0, 3.0, 0.0, -1.0, 3.0, 1.0, -0.472977135996, 3.0, 3.0, 2.0, 0.0, 1.0, -1.0, 2.0, -1.0, -1.0, 1.0, 0.960858470375, 2.0, -0.492921241522, 0.0, 0.0, 2.0, -1.0, 1.0, 2.0, 0.5306307663, -1.0, 2.0, 95108.0, 539.0, 99468.0
2.0, 2.0, 2.0, 0.0, 2.39251656659, 1.0, 1.0, 0.0, 2.3184298711, 1.0, 0.0, -1.0, 2.0, 0.0, 1.0, -0.0183602028099, 1.76964122655, 0.690606185918, 1.22648259725, 0.0, 0.0, 1.04383269583, 0.0, 2.0, 3.0, 1.0, 0.0788793486141, 0.0, 3.0, 1.0, 3.0, -1.0, 1.0, 0.449425658662, 2.46114171279, 1.0, -1.0, -1.0, 2.0, -1.0, 0.108976459863, 1.53936608904, 2.1164451487, 0.031703921938, 1.86324017435, 1.99748777416, 1.7736504886, 2.0, 3.0, 0.364061805744, 93975.0, 664.0, 99369.0
1.0, -1.0, 1.0, 2.0, 0.0, 0.66240583064, -0.3232265649, -0.794585016761, 1.0, 3.0, 0.0, 2.19518942265, 2.29622779757, 2.0, 1.0, 1.0, 0.0, 1.0, 3.0, 3.0, 0.0, 0.253726845205, 1.60252439916, 1.0, 0.0, -0.690539394884, 1.0, 0.292613362156, 1.220811272, -1.0, -1.0, 2.0, -0.128986785866, -0.792330545793, 2.0, 1.05615680326, 1.0, -1.0, 2.0, 0.245420476083, 3.0, 2.0, -1.0, 2.0, 2.0, 1.406009152, -0.675252705264, 2.0, 0.0, 0.0, 94329.0, 605.0, 99408.0
0.0, -1.0, 2.0, -0.572017838295, 1.0, 3.0, 1.0, 0.0, -1.0, 2.83530511233, 1.0, 2.05160492323, 3.0, 0.0, -0.49715728927, 2.10213187184, 0.0, -1.0, -0.618609463431, -0.228563158935, 2.0, 2.32849189091, -1.0, -1.0, -1.0, -0.710591422305, 0.0, 3.0, 3.0, -1.0, 2.0, 1.34032815783, -1.0, 1.0, 1.0, 2.0, -1.0, 1.0, 0.0, 1.0, -1.0, -1.0, -1.0, -0.602888852763, 3.0, 1.0, 0.0, -1.0, 2.0, 2.0, 95726.0, 486.0, 99532.0
2.0, 2.65407146225, 3.0, 0.0, 3.0, 2.0, -1.0, 1.3959877666, 1.0, -1.0, 1.0, -1.0, 2.0, 1.61490053409, 2.0, -1.0, 1.0, 0.0, -1.0, -0.218457669483, 1.0, -1.0, 1.54644514092, 3.0, 1.55418406551, 0.0, -0.036641096159, 0.0, 2.06187789821, 2.0, 0.0, 3.0, 2.0, -1.0, 0.0, 0.0, -1.0, 2.27933221867, 0.418633503099, 2.0, 1.0, 2.0, -0.510757825844, 0.0, -0.750104278447, 2.0, 3.0, 1.0, 1.0, 3.0, 95098.0, 577.0, 99429.0
-0.511941936116, 2.64351631385, 1.82426481987, 0.0, -1.0, 2.0, 1.0, -1.0, -0.693738850244, 0.0, 1.0, 0.252914061729, 0.0, 2.0, 3.0, -1.0, 1.26188373933, 0.0, -1.0, 3.0, 1.0, 3.0, -0.581821312642, 1.0730570119, -0.2010290758, 2.14412557873, -0.406485947364, 1.0, 2.0, -1.0, 3.0, 0.0, 0.0, -0.652105736444, 1.0, 3.0, -1.0, 3.0, 2.0, 2.0, 0.0, -1.0, -0.434930500606, 3.0, 0.0, 1.0, 2.0, -0.749406811474, 1.0, -1.0, 95111.0, 530.0, 99478.0
1.0, -1.0, 2.0, -1.0, 0.0, -0.257139796641, 3.0, 1.53089763017, 1.42788032666, 0.0, 3.0, -0.36316093572, 2.0, 1.61787010789, -1.0, -1.0, 2.0, 2.0, 2.0, 0.0, 2.0, 2.0, -1.0, 1.0, -1.0, 3.0, 1.0, 0.0, 3.0, -1.0, 1.36141925544, 0.766559294009, -1.0, 2.0, 0.0, 2.0, 3.0, 3.0, -0.645731282783, -1.0, 0.246508855244, 0.0, 1.0, -1.0, 1.0, -0.537131364903, 1.0, 3.0, 2.0, 0.0, 94844.0, 547.0, 99448.0
2.0, 0.0, 3.0, 0.0, 3.0, 2.0, 2.0, 0.0, 1.0, 3.0, 0.502205307295, 2.55630413922, 0.0, 2.0, 1.0, 3.0, 0.0, 1.39954335097, -1.0, 2.0, 1.0, -1.0, 1.95654343318, 0.0, 0.449940355356, 3.0, 1.0, 2.02804808052, 2.0, -0.752750102208, -1.0, 3.0, 2.0, 2.91397997914, 1.0, 2.0, -1.0, -0.60725569552, -1.0, 1.0, 0.0, 1.0, 0.0, 1.0, 2.0, 0.0, 0.675704730352, 1.44419888531, 1.0, 2.0, 94383.0, 638.0, 99373.0
0.0, -1.0, 2.0, 1.0, -0.761843782848, 3.0, 1.0, -0.310615989151, -1.0, 2.0, 1.0, 1.0, 2.65808242099, -0.401168397897, -0.148286083982, 0.0, 2.14334750565, 1.0, 1.0, 0.0, 2.0, 0.0, -1.0, -1.0, -1.0, -1.0, 0.0, 3.0, 3.0, 2.0, 2.0, 0.0, -1.0, 1.0, 1.0, 2.0, -1.0, 1.0, 0.0, -0.463729433403, -1.0, -1.0, -1.0, -0.170523294697, 3.0, 1.0, -0.895922324209, -1.0, 2.0, 2.0, 95185.0, 521.0, 99496.0
-0.423135036641, 2.0, 1.42428147923, 1.0, 2.0, 0.444835380639, -0.772828153874, 0.0, 1.0, 0.0, 2.88662308221, 2.91614050775, 0.294906472055, 3.0, -1.0, 0.0, 3.0, 1.0, 0.0, 2.17034849324, 0.0, 3.0, 0.0, 3.0, 1.0, 2.0, 3.0, 2.0, 1.0, 2.0, -1.0, 0.283722129503, 2.0, 1.0, 0.0, 0.0, 0.0, 1.25284453784, 0.0, 3.0, 3.0, 2.4873966496, 0.336113521188, -0.809705100799, 1.0, 0.16293027782, 1.0, 2.0, 1.0, 0.0, 93912.0, 674.0, 99356.0
1.0, -1.0, 1.0, 2.0, 1.0, 2.0, 1.34657234985, 0.29589945619, -1.0, 3.0, 0.0, 2.0, 2.0, 2.0, 1.0, 1.93407617334, 0.0, 1.0, 3.0, 3.0, 0.0, 0.0, -1.0, 1.0, 0.0, -1.0, 2.55587281261, -1.0, -0.739041150973, -1.0, -1.0, 2.48538714809, -1.0, 1.0, 2.0, 2.0, 1.0, 2.0, -0.85264369376, 1.0, 3.0, 2.0, -1.0, 2.0, 2.0, 3.0, -1.0, 2.0, 0.0, 0.0, 94990.0, 562.0, 99437.0
3.0, 2.07541721871, 0.0, 3.0, -0.190786474912, 1.0, -0.329016373507, 3.0, 0.0, 3.0, 0.616034827228, 2.0, 3.0, 0.0, 2.0, 1.0, 1.31671734904, 1.0, 2.0, 2.0, 0.0, -0.834886928847, 0.622092328722, 3.0, 2.0, 0.0, 1.40521747757, 1.93669863012, 0.777662257185, 2.0, 0.0, 2.0, 3.0, 3.0, 1.0, 1.0, 1.0, 1.0, -1.0, 2.0, 0.0, 3.0, 1.0, 2.0, 1.0, 1.0, 2.0, 1.0, 2.0, 3.0, 94101.0, 705.0, 99320.0
1.0, -1.0, 2.0, 2.0, 0.250527973538, 0.0, 0.768450578019, 0.0, 1.0, 0.0, -1.0, 0.472990191545, 1.0, 2.0, 2.0, 2.0, 1.0, 2.0, 2.0, 0.0, 1.0, 2.0, 1.87357607631, 2.0390505741, -1.0, 2.0, -0.889885541061, -0.537493638242, 0.0, 0.0, 0.0825496142122, 0.000953085095081, 0.0, 0.0134003491754, 2.0, 2.0, 0.0, 0.0, -1.0, 2.0, 0.0, 2.0, 1.0, 1.01330558261, 0.0, 3.0, -0.800216506676, 1.0, -1.0, 3.0, 94254.0, 620.0, 99403.0
2.0, 1.1781091531, 3.0, 0.0, 3.0, 1.32132016416, 3.0, 0.0, 1.0, 3.0, 1.0, -1.0, 0.0, 2.0, 1.0, 3.0, 0.0, 0.0, -1.0, 2.0, 1.20448163681, -1.0, 2.0, 0.0, 2.0, 3.0, 1.0, 2.0, 2.0, 3.0, -1.0, 3.0, 2.0, 1.0, 1.0, 2.0, -1.0, 0.0, -1.0, 1.0, 0.0, -0.0211690801731, 0.0, 1.0, 2.0, -0.12436547622, 0.0, -1.0, 2.28031355251, 1.62058478447, 94356.0, 628.0, 99385.0
1.0, 1.0, 0.474758163543, 0.332035570812, -0.374696994373, 2.0, 3.0, -1.0, 0.47100994276, 1.4868395024, 0.715527553699, 2.0, 0.0, 3.0, 2.0, 3.0, 0.0, 3.0, -1.0, 0.0, 0.0, 3.0, 1.31823326025, 1.0, 1.0, 2.98679313552, -0.148024636495, 1.0, 1.0, -0.263634153246, 0.0, 1.0, -1.0, 2.0, 1.76516854971, 0.0, 1.22335994613, 2.0, 2.0, 2.0, 0.0, 0.362594348622, 2.0, 2.0, 1.0, 3.0, -0.828996823067, 0.0, -1.0, 2.0, 94066.0, 669.0, 99356.0
3.0, 3.0, 0.0, 3.0, 0.0415816872288, 1.94445713622, 1.0, 1.36968077644, -1.0, 2.0, 1.0, 1.57681886718, 0.0, -1.0, 3.0, 2.0, 0.436788579492, 3.0, 1.0, 2.0, 1.0, 1.0, 1.47459734378, 2.30345429661, 1.0, 3.0, 2.0, 0.0, 2.0, 1.0, 3.0, 0.0, 2.22466380927, 0.0, 0.0, 0.0, 2.0, 1.0, 1.0, 3.0, -0.468389808112, 0.0, -0.242873588641, 1.0, 0.0, 0.0, 1.0, 2.71647471976, 0.0, 2.0, 93614.0, 711.0, 99324.0
2.0, 0.0, 3.0, 0.0, 3.0, 2.0, 0.359658839996, 0.0, 2.0, 3.0, 1.0, -1.0, 0.0, 2.0, 1.0, 3.0, 0.0, 1.0, -1.0, 2.0, 1.0, -1.0, 2.0, 0.0, 2.0, 3.0, 1.0, 2.0, 2.0, 3.0, -1.0, 1.76155842722, -0.442431608112, 1.0, 1.0, 2.0, -1.0, 0.0, -1.0, 1.0, 0.0, 1.0, 0.0, 1.0, 2.0, -0.602460516864, 0.0, -1.0, 1.0, 2.0, 94437.0, 609.0, 99401.0
2.0, 3.0, 3.0, 0.0, 3.0, 2.0, -1.0, 1.0, 1.0, -1.0, 1.0, -1.0, 2.0, 2.0, 2.0, -1.0, 1.0, 0.0, -1.0, 0.0, 1.0, -1.0, 2.93815668501, 3.0, 2.18790784797, 0.0, 1.0, 0.0, 2.0, -1.0, 0.0, 3.0, 2.0, -1.0, 0.0, 0.0, -1.0, 1.0, 3.0, 2.0, 1.0, 1.95583031575, 0.0, 2.6244556476, 0.0, 2.0, 0.703929792395, 1.0, 2.35876118117, 3.0, 94925.0, 590.0, 99409.0
2.0, 0.0, 3.0, 0.0, 3.0, 2.0, 3.0, 0.0, 1.0, 3.0, 1.0, -1.0, 0.0, 2.0, 1.0, 3.0, 0.0, 0.0, -1.0, 2.0, 1.0, -1.0, 2.0, 0.0, 2.0, 2.61515710628, 2.08699948866, 2.0, 2.0, 3.0, -1.0, 3.0, 2.12636685139, 1.0, 1.0, 2.0, -1.0, 0.0, -1.0, -0.928719195616, 0.0, 2.70856560089, 0.0, 1.0, 2.01109553482, 0.0, 0.0, -1.0, 1.0, 2.0, 94656.0, 618.0, 99397.0
0.0, -1.0, 2.0, 2.0, 3.0, 3.0, 1.0, -1.0, 1.57871378549, 1.08432289027, 2.0, -0.941733720065, 0.0, -1.0, 2.0, 3.0, 0.0, 2.0, 2.0, -1.0, 1.0, -0.239875724415, -1.0, 3.0, 0.0, 1.0, 1.32324222608, -1.0, 2.0, 1.0, -1.0, 0.0, -1.0, 1.0, 2.63192327721, 3.0, 2.0, 1.43905790809, 1.0, 1.0, -1.0, -0.907682800811, 2.30194878512, 1.0, 2.0, -1.0, -1.0, -1.0, 3.0, -1.0, 96010.0, 507.0, 99526.0
3.0, 3.0, 0.0, 3.0, 1.0, 2.0, 1.0, 2.0, -1.0, 2.0, 1.0, 2.0, 0.0, -1.0, 3.0, 2.0, 3.0, 3.0, 1.0, 2.0, 1.0, 1.0, 1.0, 0.0, 1.0, 3.0, 2.0, 0.0, 2.0, 1.0, 3.0, 0.0, 2.0, 0.0, 0.0, 2.0, 2.0, 1.0, 1.0, 3.0, 0.0, 0.0, 0.0, 1.0, 0.0, 0.0, 1.0, 2.0, 0.0, 2.0, 93748.0, 711.0, 99324.0
2.0, -1.0, -1.0, 0.0, 0.0, 1.0, 1.0, 3.0, 3.0, 0.0, 1.16797917865, 0.0, 1.0, 2.0, 2.0, 0.0, 1.0, 1.0, 1.0, 1.0, 1.0, 3.0, 1.0, 2.0, 2.0, 2.0, 3.0, 0.0, 2.0, 3.0, -1.0, 0.0, 3.0, 3.0, 0.0, -0.331876478445, 0.0, 2.0, 2.0, -1.0, 1.0, 1.0, 3.0, 3.0, -1.0, 0.0, 2.0, 2.0, 0.0, 0.0, 94116.0, 664.0, 99374.0
2.0, 3.0, 3.0, 0.0, 3.0, 2.0, -1.0, 1.0, 1.0, -1.0, 1.0, -1.0, 0.736996414517, 2.0, 2.27469459389, -1.0, 1.0, 0.0, 2.04900171124, 0.0, 1.0, -1.0, 1.0, 3.0, 2.0, 0.0, 1.0, 0.0, 2.0, 2.0, 0.0, 3.0, 2.0, -0.768017191235, 0.0, 0.0, -1.0, 1.0, 3.0, 2.0, 1.0, 2.0, 0.0, 0.0, -0.721054766232, 2.0, 3.0, 1.0, 1.0, 3.0, 94814.0, 599.0, 99406.0
1.0, -1.0, -1.0, 1.0, -0.311196282065, 0.0217561338895, 2.0, -1.0, 2.0, 1.0, 1.0, 2.0, -1.0, -0.0774802786732, 0.0, 1.35852821305, 1.74255731542, -1.0, 1.0, -1.0, 0.0, 0.0, 2.0, 0.0, -0.42998048413, 1.06493975249, 0.0, 1.0, 3.0, -1.0, 3.0, 2.0, -1.0, 1.88007039096, 1.0, 2.82198542429, -1.0, 3.0, 0.0, 1.05371176287, 2.0, 1.0, 0.0, 2.0, 1.0, 1.34165473343, 1.0, 0.0, 0.0, 0.0, 94415.0, 607.0, 99426.0
2.0, 3.0, 3.0, 0.0, 3.0, 2.0, -1.0, 1.0, 1.0, -1.0, 1.0, -1.0, 0.736996414517, 2.0, 2.27469459389, -1.0, 1.0, 0.0, 2.04900171124, 0.0, 1.0, -1.0, 1.0, 3.0, 2.0, 0.0, 1.0, 0.0, 2.0, 2.0, 0.0, 3.0, 2.0, -0.768017191235, 0.0, 0.347680109421, -1.0, 1.0, 3.0, 2.0, 1.0, 2.0, 0.0, 0.0, -0.721054766232, 2.0, 3.0, 1.0, 1.0, 3.0, 94814.0, 599.0, 99406.0
1.0, -1.0, 1.0, 2.0, 0.0, 2.0, 1.34657234985, 0.29589945619, 1.0, 3.0, 0.0, 2.0, 2.0, 2.0, 1.0, 1.0, 0.0, 1.0, 3.0, 3.0, 0.0, 0.0, -1.0, 1.0, 0.0, -1.0, 2.36082528219, -1.0, -0.739041150973, -1.0, -1.0, 2.0, -1.0, 1.0, 2.0, 2.0, 1.0, 2.0, 2.0, 1.0, 3.0, 2.0, -1.0, 2.0, 2.0, 3.0, -1.0, 2.0, 0.0, 0.0, 94820.0, 594.0, 99421.0
2.0, 1.71927525551, 1.97699316566, -1.0, 1.0, -1.0, 2.0, -1.0, 1.0, 1.0, -1.0, 2.0, 0.0, 2.0, 1.0, 0.0, 1.0, 3.0, 2.3483971605, 0.0, 0.0, 1.0, 2.0, 1.0, 0.597989719563, 1.0, 1.0, 0.0, 1.0, -1.0, -0.734110324986, -0.302325949966, 0.0, 0.0, -0.177619310925, 1.0, 1.0, -1.0, -1.0, 2.0, -1.0, 3.0, 0.0, 1.0, -0.136610171639, 2.0, 0.0, 0.194767099414, 2.0, 3.0, 94324.0, 615.0, 99416.0
0.0, 2.0, 2.99279975835, 1.0, 3.0, 0.0, 3.0, 0.0, 1.40272041064, 1.0, 1.0, 0.0, 0.0, 3.0, 0.0, 1.0, 2.0, 2.0, 2.0, 0.0, 2.4399241165, -1.0, 0.0, 1.61901508769, 2.00048364038, 2.0, 3.0, 3.0, 2.0, 3.0, -0.16214337561, 3.0, -1.0, 3.0, 3.0, 0.0, 3.0, 1.0, 0.0, 0.0, 1.75830718624, 0.0, 1.0, 0.0, 1.0, -1.0, 2.0, 1.39002204963, 1.98812380242, 2.0, 94239.0, 691.0, 99339.0
0.0, 0.0, 0.734827297232, 1.4115486683, 2.0, 1.63956531681, 1.0, 3.0, 0.0, 3.0, 0.556436020515, 2.0, 3.0, 0.0, 2.0, 1.0, 1.30468972108, 1.0, 2.0, 2.0, -0.417533515983, 0.0, 0.0, 3.0, 0.772758799415, 0.0, 0.888120772828, 0.0, 0.0, 2.0, 0.0, 1.53378835168, 3.0, 3.0, 1.0, 1.79661040723, 1.0, 1.0, -1.0, 2.0, -1.0, 3.0, 1.34060730067, 2.0, 1.0, 1.0, 2.32332831342, 1.10275247578, 2.0, 3.0, 93939.0, 708.0, 99323.0
2.0, 2.0, 3.0, 0.0, 3.0, 2.0, -1.0, 1.3959877666, 1.0, -1.0, 1.0, -1.0, 2.0, 2.0, 2.0, -1.0, 1.0, 0.0, -1.0, -0.170266753734, 1.0, -1.0, 1.0, 3.0, 1.55418406551, 0.0, -0.036641096159, 0.0, 2.06187789821, 2.0, 0.0, 3.0, 2.0, -1.0, 0.0, 0.0, -1.0, 1.0, 0.418633503099, 2.0, 1.0, 2.0, 0.334293808102, 0.0, -0.485648360174, 2.0, 3.0, 1.0, 1.0, 3.0, 94664.0, 605.0, 99402.0
1.0, 1.0, 0.0, 0.0, 1.0, 0.254374496057, 2.0, -1.0, 2.0, 3.0, 0.654808643819, -1.0, 2.0, 0.0, 0.831969483198, -0.738929620778, -0.302142729371, 0.905977713439, -1.0, 1.98157602697, -1.0, -1.0, -0.109487423687, 2.0, -0.551690796454, 0.0, 0.0, 1.0, 0.0, 0.0, 0.499780533546, 3.0, 3.0, -0.92353170648, 1.0, -1.0, 0.0, 2.0, 0.0, 1.38242399162, -1.0, 1.21297956897, 1.18311994479, 1.24308954929, 2.0, 3.0, 0.135677436857, 0.541605065535, 1.0, 0.0, 94509.0, 580.0, 99435.0
3.0, 0.0, 0.0, 2.0, 2.0, 1.0, 1.0, 3.0, 0.0, 3.0, 0.556436020515, 2.0, 3.0, 0.0, 2.0, 1.0, 1.30468972108, 1.0, 2.0, 2.0, -0.417533515983, 0.0, 0.0, 3.0, 0.0, 0.0, 3.0, 0.0, 0.0, 2.0, 0.0, 1.53378835168, 3.0, 3.0, 1.0, 1.0, 1.0, 1.0, -1.0, 2.0, -1.0, 3.0, 1.34060730067, 2.0, 1.0, 1.0, 2.32332831342, -0.0718450915248, 2.0, 3.0, 93969.0, 708.0, 99323.0
3.0, 2.25334835026, 0.0, 3.0, -0.190786474912, 1.0, 1.0, 3.0, 0.0, 3.0, 0.616034827228, 2.0, 3.0, 0.0, 2.0, 1.0, 1.31671734904, 1.0, 2.0, 2.0, 0.0, 0.0, 1.90335946601, 3.0, 2.0, 0.0, 3.0, 0.0, 0.0, 2.0, 0.0, 2.0, 3.0, 3.0, 1.0, 1.0, 1.0, 1.0, -1.0, 2.0, 0.0, 3.0, 1.0, 2.0, 1.0, 1.0, 2.0, 1.0, 2.0, 3.0, 93970.0, 721.0, 99307.0
0.0, 0.0, 3.0, 3.0, 1.0, 3.0, 0.0, 1.0, 3.0, 2.0, 1.0, 0.0, 2.0, 0.500680886841, 2.53996450216, 0.0, 1.03871573687, 1.0, 3.0, 2.0, 1.0, 0.0, 0.0, 0.0, 1.25088126865, -1.0, 1.0, 0.0, 3.0, -1.0, 2.0, 0.0, 0.0, 2.0, 0.0, 3.0, 3.0, -1.0, 1.0, 2.0, -1.0, 2.0, 2.0, 3.0, 1.0, -1.0, 1.0, 0.0, 3.0, -0.499031468096, 93989.0, 667.0, 99363.0
3.0, 3.0, 0.0, 3.0, 1.0, 2.0, 1.0, 2.0, -1.0, 2.0, 1.0, 1.57681886718, 0.0, -1.0, 3.0, 2.0, 0.436788579492, 3.0, 1.0, 2.0, 1.0, 1.0, 1.47459734378, 2.30345429661, 1.0, 3.0, 2.0, 0.0, 2.0, 1.0, 3.0, 0.0, 2.22466380927, 0.0, 0.0, 0.0, 2.0, 1.0, 1.0, 3.0, 1.57132463112, 0.0, 0.0, 1.0, 0.0, 0.0, 1.0, 2.71647471976, 0.0, 2.0, 93767.0, 711.0, 99324.0
0.865396940469, 0.0, 0.428598192907, 3.0, 2.71228941015, 1.0, 1.34933210215, 3.0, 1.0, 3.0, 3.0, 2.0, 3.0, 0.0, 0.420412950359, 1.11608930516, 1.0, 0.0, 2.0, 2.0, 0.0, 0.0, 0.0, 3.0, 2.36438502759, 0.0, 3.0, 0.0, -0.607539909465, 2.0, 0.0, 2.0, 3.0, 3.0, 1.0, 0.0, 1.0, 1.0, -1.0, 2.0, 0.0, 0.4675333595, 1.0, 2.0, 1.0, 1.83660229519, 2.0, 1.0, 2.0, 3.0, 93841.0, 711.0, 99317.0
1.57246489487, 2.0, 3.0, 0.0, 3.0, 2.0, -1.0, 1.3959877666, 1.0, -1.0, 1.0, -1.0, 2.0, 2.0, 2.0, -1.0, 1.0, 0.0, -1.0, -0.170266753734, 1.0, -1.0, 1.0, 3.0, 1.55418406551, -0.914185860861, 1.0, 0.0, 2.0, 2.0, 0.0, 3.0, 2.0, -0.39901296018, 0.0, 0.0, -1.0, 1.0, 0.418633503099, 2.0, 1.0, 2.0, 0.334293808102, 0.0, -0.485648360174, 2.0, 3.0, 1.0, 1.0, 3.0, 94644.0, 608.0, 99401.0
1.0, 1.0, 0.0, 0.0, 0.0, 2.0, 3.0, -1.0, 2.0, -1.0, 3.0, 2.0, 0.0, 3.0, 2.0, 3.0, 0.0, 3.0, -1.0, 0.0, 0.92194950301, 3.0, 1.04671675664, 1.02163968002, 1.0, 1.0, -1.0, 1.0, 1.0, 0.0, 0.0, 1.0, -1.0, 2.0, 3.0, 0.0, -1.0, 2.0, -1.0, 2.0, -0.250295672648, 0.0, 2.0, 1.98055166071, 1.0, 3.0, 0.0, 0.0, -1.0, 2.0, 94413.0, 619.0, 99389.0
2.0, 2.0, 3.0, 0.0, 3.0, 2.0, -1.0, 1.3959877666, 1.0, -1.0, 1.0, -1.0, 2.0, 2.0, 2.0, -1.0, 1.0, 0.0, -1.0, -0.170266753734, 1.0, -1.0, 1.0, 3.0, 1.55418406551, 0.0, 1.0, 0.0, 2.0, 2.0, 0.0, 3.0, 2.0, -1.0, 0.0, 0.0, -1.0, 1.0, 0.418633503099, 2.0, 1.0, 2.0, 0.334293808102, 0.0, -0.485648360174, 2.0, 3.0, 1.0, 1.0, 3.0, 94694.0, 605.0, 99402.0
2.0, 3.0, 3.0, 0.0, 3.0, 2.0, -1.0, 1.0, 1.0, -1.0, 0.861434468055, -1.0, 2.32316951956, 2.0, 2.0, -1.0, 1.0, 0.0, -0.939039615349, 0.0, 1.0, -1.0, 1.0, 3.0, 1.18138531388, 0.0, 1.0, 0.0, 2.0, 2.0, 0.0, 3.0, 2.0, -0.768017191235, -0.688207032486, 0.0, -1.0, 1.0, 0.871270735335, 2.0, 1.0, 2.0, 0.0, 0.0, -0.721054766232, 2.0, 3.0, 1.0, 1.0, 3.0, 95136.0, 572.0, 99433.0
-1.0, -1.0, 1.0, 3.0, 2.0, 1.54945126292, 0.0, 2.0, -0.0558810732594, -1.0, 2.01338061392, 0.0, 2.0, -0.0966193515368, 3.0, 0.0, 2.0, 1.0, 0.594951037208, 2.0, 3.0, -1.0, 3.0, 0.0, -1.0, 3.0, 1.0, 1.0, 3.0, 3.0, 2.0, 0.0, -1.0, -1.0, 2.0, -1.0, -1.0, 1.0, 1.84071210597, 2.0, 0.0, 0.0, 0.0, 0.426809129619, -1.0, 1.0, 1.84900317869, 0.0, -1.0, 2.0, 94870.0, 567.0, 99442.0
3.0, 0.0, 0.0, 3.0, 2.0, 1.0, 1.0, 3.0, 0.0, 3.0, 3.0, 2.0, 3.0, 0.0, 2.0, 1.0, 1.0, 1.0, 2.0, 2.0, 0.0, 0.0, 0.0, 3.0, 2.0, 0.0, 3.0, 0.0, 0.0, 2.0, 0.0, 2.0, 3.0, 3.0, 1.0, 1.0, 1.0, 1.0, -1.0, 2.0, 0.0, 3.0, 1.0, 2.0, 1.0, 1.0, 2.0, 1.0, 2.0, 3.0, 93982.0, 721.0, 99307.0
0.0, 1.0, 0.47981852454, 2.0, 2.0, 0.73402966855, 2.0, 1.0, 2.0, 3.0, 1.0, 1.0, -0.232021388275, 2.0, 2.0, -1.0, 3.0, 0.0, 0.0, 2.69913351883, 2.0, -1.0, 3.0, 2.0, -1.0, 0.0, 0.552165965767, 1.0, 3.0, 1.0, 3.0, 1.88375619421, 3.0, 3.0, 0.0, 0.0, 0.0, 2.0, 1.0, 1.0, 1.0, 2.0, 1.0, -1.0, 2.0, 3.0, -0.723622745598, 1.0, 0.0, 0.0, 94355.0, 655.0, 99362.0
2.0, 2.0, 2.0, 0.587289460378, 1.8324172351, -0.377744650974, 2.0, -1.0, 1.0, 2.0, -1.0, 2.0, 0.0, 0.935736566326, 1.0, -0.959540779376, 1.0, 2.56294683025, 1.1732621589, 0.0, 0.0, 1.0, 2.0, 1.0, 0.0, 1.0, 1.0, 0.0, 2.0, -1.0, 2.0, 0.0, 0.973365888725, 0.0, 0.0, 2.93674111707, 1.0, -1.0, -1.0, 2.0, -1.0, 3.0, -0.907468442438, 1.0, 1.0, 2.0, 1.0, -1.0, -0.670733868216, 3.0, 94600.0, 591.0, 99425.0
0.0, 0.0, 3.0, 3.0, 1.0, 3.0, 0.0, 1.0, 3.0, 2.0, 1.0, 0.0, 2.27139703341, 0.500680886841, 2.53996450216, 1.96662440789, 1.03871573687, 1.0, 3.0, 2.18989702005, 1.0, 0.0, 0.0, 0.0, 1.25088126865, -1.0, 1.0, 0.0, 3.0, -1.0, 2.0, 0.0, 0.0, 2.0, 0.0, 3.0, 3.0, -1.0, -0.30960972515, 2.0, -1.0, 2.0, 2.0, 1.7043814742, 1.0, -1.0, 1.0, 2.33831494736, 3.0, -0.499031468096, 94069.0, 667.0, 99363.0
1.0, -1.0, 2.0, -0.00873881344401, 0.0, 0.0, 3.0, -0.720441828855, 1.0, 1.52778762017, 3.0, 0.0, 2.36248809123, 1.0, -1.0, -1.0, 2.0, 2.0, 2.0, 0.0, 2.0, 0.0180026868218, -1.0, 1.0, -1.0, 3.0, 1.0, 0.0, 3.0, 1.39818065257, 2.0, 0.0, 2.0, 2.0, 0.0, 2.0, 3.0, 1.46097275293, 0.0, -1.0, 2.0, -0.221073482882, -0.254451633029, -1.0, 1.0, 1.0, 1.0, 3.0, 2.0, 0.0, 94482.0, 601.0, 99411.0
0.865396940469, 0.0, 0.428598192907, 3.0, 2.0, 1.0, 1.34933210215, 3.0, 0.0, 3.0, 3.0, 2.0, 3.0, 0.0, 0.420412950359, 1.70250678937, 1.0, 1.0, 2.0, 2.0, 0.0, 0.0, 0.0, 3.0, 2.59720361288, 1.40155244184, 3.0, 0.0, -0.607539909465, 2.0, -0.408452954286, 2.0, 3.0, 0.843998452332, 1.0, 0.0, 1.0, 1.0, -1.0, 1.14144543537, 2.65429005365, 0.0696457451465, 2.29577008358, 2.0, 1.17165466682, 1.0, 1.72052680441, 1.0, 0.0, 3.0, 93892.0, 711.0, 99317.0
