0.0, 0.0, 2.28110015641, 2.0, -1.0, 0.0, 0.0, 2.0, 3.0, -1.0, -1.0, 2.0, 0.0, 0.0, 2.0, 2.0, -1.0, 3.0, 2.0, 2.0, -0.25835244473, 2.0, 2.0, 1.0, 0.0, 2.0, -0.583491167278, 1.51502899204, -1.0, 2.0, 1.12258282661, 0.0, -1.0, 3.0, 2.3679913561, -1.0, 3.0, 0.94577510502, -1.0, -0.834635268705, 1.0, 2.83637347744, 0.506164214144, 0.0, 0.0, 0.00843543602092, 2.0, 0.0, -1.0, -1.0, 94749.0, 583.0, 99473.0
2.0, -1.0, 2.0, 2.0, 1.72563632927, -0.21391650501, -1.0, 1.0, -1.0, -0.487867395701, -1.0, 1.0, 0.0, 2.0, -1.0, 0.322752286258, 2.0, 3.0, 0.0, -0.600013128742, 2.86908763679, 0.930793202757, 1.0, 2.0, 1.0, -1.0, 0.0, 1.0, -0.810850707753, -1.0, 3.0, 1.01242775371, 0.0, 3.0, -0.464884677935, 1.12126702194, 1.0, 2.0, -0.683772406005, -1.0, 2.0, 2.0, 3.0, -1.0, -1.0, 3.0, 0.0, 0.0, 3.0, -0.575341868678, 95223.0, 548.0, 99503.0
0.0, 0.0, 0.0, 1.0, 0.929951144213, 2.0, 0.0, 0.0, 1.0, 0.745889310465, 1.58038550817, 2.88380549911, 1.0, 0.0, 3.0, 1.29439715271, 1.0, 1.0, 0.00766065076089, 3.0, 2.0, 0.0, 2.0, 1.73995589762, -0.204718308398, 2.69329851844, -0.32352146264, 3.0, -0.810850707753, -0.64456978356, 1.0, 2.0, 0.0, 0.945526772423, 0.308579261121, -1.0, 0.0, 2.0, 1.0, 1.0, 2.0, 0.0, 1.0, 0.0, -1.0, 3.0, 1.0, 2.0, 1.0, 3.0, 93695.0, 703.0, 99378.0
0.0, 0.0, 2.28110015641, 2.0, 1.66080161182, 0.478355800769, 0.0, 2.0, 3.0, -1.0, -1.0, 2.0, 0.259889355271, 0.0, 2.15270693788, 1.48063271961, -1.0, 3.0, 2.06195582396, 2.98446776402, 0.0, 0.614373950584, 2.0, 1.0, 0.0, -0.202086616596, 2.68116829999, 1.31886915176, -1.0, 2.0, 1.12258282661, 0.0, -0.840763023476, 1.0, 3.0, -1.0, 3.0, 2.0, -1.0, -0.678238777535, 1.14115994236, 2.83637347744, 0.506164214144, -0.169409260912, 0.0, 1.0, 1.10960338738, 0.0, -1.0, -1.0, 94494.0, 611.0, 99449.0
2.0, 2.47855651485, 0.0, 0.0, 2.0, 0.0, 3.0, 1.82104046359, 0.0, 1.28647601052, 0.142751004883, 2.0, 2.0, 2.0, 1.96430932538, 0.0, 1.0, 1.36467726902, 1.95012626691, 0.0, 0.389511065091, 0.0, 0.0, 1.0, -1.0, 2.0, 1.79993695661, 1.35084636773, 1.0, 1.0, 0.0, 1.6366496649, -1.0, 2.0, -0.321099539931, 0.0, 2.0, -1.0, 1.0, 3.0, 0.0, 0.388639029364, 0.0, 1.0, 0.0, 0.0, 0.0452203681377, 0.0220623281937, 0.0, -0.498131392465, 93229.0, 726.0, 99379.0
2.0, -1.0, 2.0, 2.0, 2.1251369192, -0.585198225847, -1.0, 1.0, -1.0, 0.0, -1.0, 1.0, -0.674223774251, 2.0, -0.229512039802, 3.0, 2.66412645124, 3.0, 0.0, 0.411819035607, 2.0, 2.08468248495, 1.0, 2.0, 1.0, -1.0, -0.544842930812, 1.0, 1.24143210123, -1.0, 3.0, 1.0, 1.26059778204, 3.0, 1.0, 1.0, -1.0, 2.0, 1.71980535551, -1.0, -0.0405229614993, 2.0, 3.0, -1.0, -1.0, 3.0, 0.0, 0.0, 3.0, 1.9532225614, 95425.0, 553.0, 99493.0
1.0, 0.0, 2.4663938329, 0.0, 1.0, 2.0, 1.0, -1.0, 0.0, -1.0, -1.0, 0.0, -1.0, -1.0, 3.0, 2.0, -1.0, -1.0, 1.0, 2.0, -1.0, 1.0, 2.0, 2.0, -0.561994070039, 2.0, 3.0, -0.228912461756, 2.0, 2.0, 1.13722947025, 2.0, -1.0, 1.23412440027, 0.0, 0.0, -1.0, 0.0, -1.0, 2.81619418265, -1.0, -0.908370765297, 2.0, 2.0, -1.0, 2.0, 0.0, 0.0, 0.0, 0.0, 95363.0, 518.0, 99541.0
0.0, 0.0, 0.0, 1.1505178539, -1.0, 2.0, 0.0, -0.565549743351, 1.0, -1.0, 2.0, 2.0, 1.0, 0.0, 2.0, 2.17003311795, 1.0, 1.0, 0.0, 3.0, 2.0, 0.0, 1.0, 1.0, 1.0, 3.0, 2.0, 3.0, -1.0, -1.0, 1.0, 2.0, 0.0, 2.0, 2.0, -1.0, 2.3662333907, 2.0, 1.0, 1.0, 2.0, 0.0399577508406, 1.0, 0.0, -1.0, 0.0, 1.0, 2.0, 1.0, 3.0, 94186.0, 657.0, 99411.0
1.24151030844, -1.0, 2.0, 0.0, -0.133118696516, 3.0, 1.0, 2.0, 2.0, 2.0, -0.619362562574, 1.74838346931, 0.0, 0.0, 1.0, 2.0, -1.0, 0.101499450957, 2.22116184266, 2.71206035098, 1.0, 2.0, 1.10364422637, 1.0, -0.854908076049, 2.0, 2.0, 0.0, -1.0, 2.0, 2.0, 0.0, 0.0, 2.0, 1.0, -1.0, -0.436694289275, 0.620279469311, 1.0, 0.0, 3.0, 0.0, 1.0, 0.0, 0.0, -1.0, 2.0, 1.94101653314, 2.41078821113, 0.0, 94121.0, 657.0, 99412.0
-1.0, -1.0, 3.0, 0.0, 0.356677136602, 2.0, 2.0, -0.956460126255, 2.0, -1.0, 2.0, 3.0, -0.656603607669, 3.0, -1.0, 1.0, -1.0, 1.0, -0.564933462332, -1.0, 1.0, 2.0, 0.0, -0.451099207017, -0.445329659431, -1.0, 1.0, 2.0, -0.238367657822, 2.794679975, 2.0, 0.0, 0.0, 2.0, 2.0, -0.816324464589, 2.09629732561, 0.0, 1.0, -0.762067386324, 0.0, 0.0, 3.0, 1.87319067456, -1.0, 3.0, 0.0, 1.0, -0.790833233622, -1.0, 95415.0, 521.0, 99524.0
3.0, 0.591806273427, 0.812427928933, 2.27793828799, 0.124035255759, 2.44542950929, 0.0, 0.389679537269, 3.0, -0.558834323571, -0.901301746055, 2.21915511154, 0.0, 0.0, 2.31365023129, 2.0, -1.0, 3.0, 2.0, 2.0, 0.0, 1.0, 0.493721033338, 1.0, 0.0869836782899, 1.0, 0.0, 0.150145670754, 1.53518454914, 2.0, 1.0, 0.0, -1.0, 0.649706898916, -0.321099539931, -1.0, 0.246679653999, 1.0, 0.656877629164, 2.0, 1.0, 1.28132197568, 1.0, 0.375186666299, -0.262941205463, 1.0, 2.0, 0.0, -1.0, 2.45221284328, 93766.0, 668.0, 99402.0
-0.418112986501, 2.47855651485, 0.0, 0.0, 2.0, 0.0, 3.0, -0.810970385564, -0.959981848251, 1.28647601052, 0.142751004883, 2.0, 2.0, 2.0, 1.96430932538, 0.0, 1.0, 1.36467726902, 1.95012626691, 0.0, 0.389511065091, 0.0, 0.0, 1.0, -1.0, 2.0, 1.79993695661, 1.35084636773, 1.0, 1.0, 0.0, 1.6366496649, -1.0, 2.0, -0.321099539931, 0.0, 2.0, -1.0, 1.0, 3.0, 0.0, 0.388639029364, 0.973690270424, 1.0, 0.0, 0.0, 0.0452203681377, -0.291344585349, 0.0, -0.498131392465, 93437.0, 697.0, 99400.0
2.398056074, -0.517623667201, 2.0, 0.0, -0.854433457167, 2.0, 1.0, -1.0, -0.10449325393, -0.775853137911, -1.0, 0.0, -1.0, -1.0, 3.0, 2.0, -1.0, -1.0, -0.965007414346, 2.0, -1.0, -0.485137884204, 2.0, 2.08527450519, -0.997643528058, 2.0, 3.0, 1.0, 2.0, 2.0, 1.33441242238, 0.793615344179, -1.0, -0.455887885503, 0.0, -0.0893339142247, -1.0, 0.0, -1.0, 2.41408694104, 0.0, 1.26218166524, 0.435867334202, 2.0, -1.0, 2.0, 0.0, 0.0, 2.82046981369, 3.0, 95424.0, 512.0, 99548.0
0.0, 0.0, -0.387541734696, 0.0, -0.213417543223, 0.0, 0.0, 2.0, 3.0, -0.849225122048, -1.0, 2.0, 0.0, 1.07432604635, 3.0, 2.0, 1.02735862786, 0.0, 2.30216809761, -0.35808419389, 0.197005510328, 1.0, 0.0, 1.0, 0.560577215479, 2.15434257709, 0.902210198048, 1.0, -1.0, 2.0, -0.351934930743, 0.0, -1.0, 1.0, 3.0, -0.862841533853, 3.0, -1.0, 0.1613486987, 2.0, 0.653292405982, 1.0, 1.0, 1.0, 0.394346526665, 1.0, 2.49772805227, 0.0, -0.458955489413, 1.24985796769, 93542.0, 681.0, 99404.0
2.0, -0.959328255822, 0.0, 0.0, 2.0, 0.0, 3.0, -0.31949009655, 0.815023446207, 1.0, 0.142751004883, 0.0, 2.0, 2.0, 0.0559091368425, 0.0, 0.203756226334, 0.0, 1.95012626691, 0.0, 2.9428713265, 0.0, 0.769097507964, 0.731894116989, -1.0, 2.0, 1.41535694775, 1.0, 1.0, 1.0, 0.0, 0.413508906085, -1.0, 2.0, 0.913251900716, 0.0, 2.0, 0.749099201902, 1.0, 1.96390649991, 0.0, 1.4242951321, -0.864398616459, 1.0, 0.622043108162, -0.0378006701696, 2.80117396998, 0.0220623281937, 0.0, -0.202189115597, 93325.0, 707.0, 99390.0
0.0, 0.0, 2.28110015641, 2.0, -1.0, 0.0, -0.0841564153977, 2.0, 3.0, 1.0, -1.0, 2.0, 0.0, 0.0, 2.0, 0.754407657718, -1.0, 3.0, 2.0, 2.0, 0.0, 2.0, 0.552238614309, 1.0, 0.0, 1.0, 0.0, 1.0, -1.0, 2.0, 1.0, 0.0, -1.0, 1.0, 3.0, -1.0, 3.0, 0.94577510502, -1.0, -0.678238777535, 1.0, 1.0, 1.47229306539, 0.0, 0.0, 0.674589511441, 2.0, 0.0, -1.0, -1.0, 94314.0, 616.0, 99448.0
1.0, 0.82154804865, 2.0, 0.0, 1.0, -0.110084390529, 1.0, -1.0, -0.521690474106, -1.0, -1.0, 0.0, -1.0, -1.0, 3.0, 2.0, -1.0, -1.0, 1.0, 2.0, -1.0, 1.0, -0.277866182263, 2.0, 0.0, 2.0, 3.0, 1.0, 2.0, 2.0, 1.0, 2.0, -1.0, 0.0, 0.0, -1.0, -1.0, 0.0, -1.0, 1.68241019964, -1.0, -0.753131348357, 2.0, -0.169409260912, -1.0, -0.109376772932, 1.23725609834, 0.0, 0.0, 3.0, 95450.0, 505.0, 99550.0
0.0, 0.0, 2.28110015641, 2.0, -1.0, -0.977574603495, -0.717311177477, 2.0, 3.0, -1.0, -1.0, 2.0, 0.0, 0.0, 2.15270693788, 2.0, -1.0, 0.0, 0.148499751478, 2.47501471059, 0.0, 1.0, 2.0, 1.22494400075, 0.0, -0.202086616596, 0.0, 1.78156276191, 0.390587881813, 2.0, 1.12258282661, 2.4734127366, -1.0, 2.94378511936, 2.03599207779, 0.996121263144, 3.0, 2.0, -1.0, -0.678238777535, 1.0, 0.116949810149, 0.506164214144, 0.0, 0.0, 1.0, 2.0, 0.0, 3.0, -1.0, 94379.0, 608.0, 99461.0
-1.0, -1.0, 3.0, -0.90847814811, 0.356677136602, 1.79337645165, 2.0, -0.956460126255, 2.0, -1.0, 2.02451467461, 3.0, -0.656603607669, 3.0, -1.0, 1.0, -1.0, 1.0, -0.564933462332, -1.0, 1.0, 2.0, 0.0, -0.451099207017, -0.445329659431, -1.0, 1.0, -1.0, -0.238367657822, 2.794679975, 2.0, 0.0, 0.0, 2.0, 2.52225140914, -0.816324464589, 2.09629732561, 0.0, 1.0, -0.762067386324, 0.0, 0.0, 3.0, 1.87319067456, -1.0, 3.0, 0.0, 1.0, -0.790833233622, -0.114522589867, 95549.0, 509.0, 99535.0
2.0, -1.0, 2.0, 1.0, 0.0, -0.154809692769, -1.0, -0.769113855986, -1.0, -0.305409785217, -1.0, 1.0, 0.0, 2.0, -1.0, 3.0, 2.79574502652, 0.76090456787, 0.0, 0.411819035607, 2.20233770953, 2.0, 1.0, 2.0, 1.0, -1.0, -0.946405763801, 1.0, 1.0, -1.0, 3.0, 0.38494430985, 1.26059778204, 0.0, 1.0, 0.580214252773, 1.0, 2.74683184243, -0.219973773717, -1.0, -0.0405229614993, 2.0, 0.90062574853, 2.48741572022, -1.0, 2.49523310055, 0.0, 0.0, 3.0, 2.0, 94603.0, 589.0, 99460.0
2.0, -1.0, 2.0, 1.38953288346, 0.149763165505, -0.21391650501, -1.0, 1.0, 1.52577273256, 0.0, -1.0, 1.0, 0.0, 2.0, -1.0, 2.0, 2.0, 3.0, -0.110154586539, -0.600013128742, -0.0545884080075, 2.67356131121, -0.458256142539, 1.56741091226, -0.59065600731, -1.0, 0.0, -0.403772041495, 1.50846520151, -1.0, 3.0, 1.0, -1.0, 1.0, -0.464884677935, 0.327837485972, 1.02492170101, 0.701705426205, 0.0, 1.60511385668, 0.778083680427, 0.160415839836, 3.0, 2.48492930823, -0.58076041489, -0.125104183138, -0.345589243815, 0.611651266993, 3.0, 2.89264026594, 94451.0, 605.0, 99453.0
0.0, -0.0115687209167, 0.0, 0.279103838645, 0.929951144213, 2.0, 0.0, 0.0, 1.0, 0.745889310465, 1.58038550817, 2.88380549911, 1.0, 0.0, 3.0, 1.29439715271, 1.0, 1.0, 1.17669510494, 3.0, 2.0, 2.22746383195, 2.0, 1.73995589762, -0.204718308398, 2.69329851844, 0.496226716235, 3.0, -0.810850707753, -0.64456978356, 1.0, 2.0, 0.0, 0.945526772423, 0.308579261121, -1.0, 0.0, 2.0, 1.0, 1.0, 0.00484166009319, 1.48003384262, 1.0, 0.0, -1.0, 3.0, 1.0, 2.0, -1.0, 1.66611814632, 93798.0, 684.0, 99390.0
-0.309473932829, 2.0, 0.236196260561, -0.114036999029, -0.612959363942, 1.45890888205, 3.0, -0.0682544922739, 0.125060881251, 2.0, -1.0, -0.512435446593, 1.52076878226, 1.45598145172, 1.75642826089, 0.0, 1.0, 0.0, 2.93409609632, 1.13887768795, 0.769904458415, -0.940090925346, -1.0, 1.12719377132, 0.518470114813, -0.0621470393194, 3.0, -0.806207745848, 1.76998408817, 1.0, 0.0, -1.0, -0.271546146127, -0.892267548265, 0.0, 1.14024089194, 1.0, -1.0, -0.107889382145, 2.40537104866, 0.496837934031, 1.0, 3.0, -1.0, -0.959559289162, 0.0, -1.0, 0.0, 1.0, -1.0, 94622.0, 560.0, 99516.0
1.0, 0.0, 2.4663938329, 0.0, 1.0, 2.0, 0.297122547879, -1.0, 0.0, -1.0, -1.0, 0.0, -1.0, -1.0, 3.0, 2.0, -1.0, -1.0, 1.0, 2.0, -1.0, 1.0, 2.0, 2.0, -0.459827946963, 2.0, 3.0, -0.228912461756, 0.0828523095288, 2.0, 1.13722947025, 2.0, -1.0, 1.23412440027, 0.0, 0.0, -1.0, 0.0, -1.0, 2.45839742217, -1.0, 1.0, 2.0, 2.0, -1.0, 2.0, 0.0, 0.0, 0.0, 1.23067251172, 94989.0, 550.0, 99515.0
0.0, 0.0, 0.109942529573, 2.0, -1.0, 0.0, 0.0, -0.350212221133, 3.0, 1.0, -1.0, 2.0, 0.132968917668, 0.0, 2.0, 2.86116267105, -1.0, 1.0, 2.0, 2.28275996086, -0.549786009201, 1.0, 0.443060123763, 1.0, 0.0, 1.0, 0.0, 1.0, -1.0, 2.0, -0.391094059896, 0.0, -1.0, 1.0, 1.0, -1.0, 1.9821753455, 0.94577510502, -1.0, -0.832024084777, 1.0, 1.0, 2.45999558564, 0.0, 0.0, 1.0, 1.11050977155, -0.297695366979, -1.0, -1.0, 94124.0, 598.0, 99464.0
2.0, -1.0, 2.0, 2.0, 1.72563632927, -0.21391650501, -1.0, 1.0, -1.0, -0.0460428377184, -1.0, 1.0, -0.501074842333, 2.0, -1.0, 0.322752286258, 2.0, 3.0, 0.0, -0.600013128742, 2.86908763679, 2.67356131121, 1.0, 2.1058698823, 1.0, -0.985760175213, 0.0, 1.0, -0.810850707753, -1.0, 3.0, 1.01242775371, 0.0, 3.0, -0.464884677935, 1.0, 1.0, 2.0, 0.236282499712, -1.0, 2.0, 2.0, 2.01169478116, -1.0, -1.0, 3.0, 0.0, 0.0, 3.0, -0.584378122895, 95338.0, 542.0, 99502.0
1.0, 3.0, 1.0, 2.17345703812, 3.0, 3.0, 2.00259157348, -0.602601693607, -0.463379199414, 0.417442756391, -0.751690597156, 0.0, -0.294362209444, 0.0, 1.0, 0.445469581524, -1.0, 0.0, 0.952145038619, -0.613878029676, 1.0, 0.26470133966, 2.70981856188, 2.97571944982, -0.377192904532, 2.64498819981, -1.0, 2.0, 2.35127578087, -0.848620572667, 3.0, 1.0, 2.54645332789, 2.0, -0.163541438263, -1.0, 2.76648609189, 2.01154216117, 1.88633775351, 1.0, 0.925720487478, -0.988994107791, 1.0, 1.58681161309, 3.0, 0.0, -1.0, 2.13607698198, 1.66412309682, 1.84187146447, 94674.0, 610.0, 99440.0
2.0, -1.0, 2.0, 2.0, 2.1251369192, -0.585198225847, -1.0, 1.0, -1.0, 0.0, -1.0, 1.0, -0.674223774251, 2.0, -0.229512039802, 3.0, 2.66412645124, 3.0, 0.0, 0.427117026048, -0.454549072988, 2.08468248495, -0.664162093434, 2.0, 1.0, -1.0, -0.544842930812, 1.0, 1.24143210123, -1.0, 3.0, 1.0, 1.26059778204, 3.0, 0.794699318483, -0.00714177873459, -1.0, 2.0, 1.71980535551, -1.0, -0.0405229614993, 2.0, 3.0, -1.0, -1.0, 3.0, 0.0, -0.234030399379, 3.0, 1.9532225614, 95419.0, 538.0, 99504.0
0.0, 0.0, 2.28110015641, 2.0, -1.0, 0.0, 0.0, 2.0, 3.0, 1.0, -1.0, 2.0, 0.0, 0.0, 2.0, 2.0, -1.0, 3.0, 0.379677061253, 2.0, 0.0, 1.0, 2.71399491525, 1.0, 0.0, -0.16138739417, 0.132416827636, 0.375486654421, -1.0, 2.0, 1.0, 0.0, -1.0, -0.0448243607592, 3.0, 1.6806164869, 3.0, 0.94577510502, -1.0, -0.678238777535, 1.0, 1.0, 1.0, 2.93634553051, -0.944959060023, 1.0, 0.875942151348, 0.0, -1.0, -1.0, 94349.0, 613.0, 99449.0
2.30063629069, 2.47855651485, 0.0, 0.0, 2.0, -0.110084390529, 2.31328489595, -0.31949009655, 0.845357088156, 1.0, -0.619362562574, 2.0, 2.0, 2.0, 2.99962398588, 0.0, 0.203756226334, 0.0, 1.10655216127, 0.0, 1.0, 0.0, 1.5295119146, 1.0, 0.00345708089456, 2.0, 1.41535694775, 1.0, -1.0, -0.881216322894, 0.0, 2.0, 0.345725202016, 0.643557173804, 0.913251900716, 0.0, 2.0, 0.749099201902, 1.0, 1.96390649991, 0.0, 3.0, -0.910632570271, 1.0, 0.551980937144, -0.0378006701696, 2.70547605904, 0.0220623281937, -0.575645107094, -0.202189115597, 93519.0, 687.0, 99387.0
1.0, 0.82154804865, 2.0, 0.0, 1.0, 0.0, 1.3808817796, -1.0, -0.521690474106, -1.0, -1.0, 0.0, -1.0, -1.0, 3.0, 2.0, -1.0, -1.0, 0.228061413862, 2.0, -1.0, 1.80108032522, -0.277866182263, 2.0, -0.68103249816, 2.0, 3.0, 1.0, 2.0, 2.0, 1.0, 2.0, -1.0, 0.0, 0.0, -1.0, -1.0, 0.0, -1.0, -0.678238777535, -1.0, -0.753131348357, 2.0, -0.169409260912, -1.0, 2.0, 0.0, 0.0, 0.0, 3.0, 95672.0, 475.0, 99572.0
0.0, -0.406662347719, 2.28110015641, 2.0, -1.0, -0.977574603495, -0.717311177477, 2.0, 3.0, -1.0, -1.0, 2.0, 0.0, 0.0, 2.15270693788, 2.24059431746, -1.0, 0.0, 0.148499751478, 2.73362702235, 0.0, 1.0, 0.152665099734, 1.22494400075, 0.0, -0.202086616596, 0.0, 1.78156276191, 0.390587881813, 2.0, 1.12258282661, 2.4734127366, -1.0, 1.0, 3.0, -1.0, 0.0623819605322, 2.0, -1.0, -0.678238777535, 1.0, 0.116949810149, 0.506164214144, 0.0, 0.0, 1.0, 2.0, 0.0, -1.0, -1.0, 94471.0, 574.0, 99483.0
-1.0, -1.0, 3.0, 0.0, 0.356677136602, 2.0, 2.0, -0.956460126255, 2.0, -1.0, 0.22546149987, 3.0, -0.656603607669, 3.0, -1.0, 1.0, -1.0, 1.0, 0.77692969679, -1.0, 1.0, 2.0, -0.257864517962, -0.451099207017, -0.445329659431, -1.0, 1.0, 2.0, -0.238367657822, 2.794679975, 2.0, 0.0, 0.0, 2.0, 2.0, -0.816324464589, 2.09629732561, 0.0, 1.0, -0.762067386324, 0.0, 0.0, 3.0, 1.87319067456, -1.0, 2.0, 0.0, 1.0, -0.790833233622, -1.0, 95169.0, 534.0, 99506.0
0.0, 0.0, 2.04720390006, 2.0, 1.66080161182, 0.478355800769, 0.0, 2.0, 1.89633722081, -1.0, -1.0, 2.0, 0.259889355271, 0.0, 2.95412668262, 1.48063271961, -1.0, 2.67082300005, 2.06195582396, 2.98446776402, 0.0, 2.021867071, 2.0, 1.0, 0.0, -0.202086616596, 2.68116829999, 1.31886915176, -1.0, -1.0, 1.12258282661, 0.0, -0.840763023476, 1.0, 3.0, -1.0, 3.0, 0.412316652561, -1.0, -0.678238777535, 1.14115994236, 2.83637347744, 0.506164214144, -0.169409260912, 0.0, 1.0, 1.10960338738, 0.0, 1.0, -0.183674357506, 94246.0, 628.0, 99427.0
1.57513915906, -1.0, -0.281285516054, 0.0, 1.0, -1.0, 2.0, 0.998477057108, 0.184426012833, 2.0, 2.0, 2.0, 0.64347814432, 1.26957399655, 0.0, 0.0, 3.0, 3.0, 2.0, 0.0, -0.25835244473, 1.98074115165, 0.0, 1.0, 2.46172749863, 2.0, 2.0, 0.0, 1.0, -0.577212382822, 0.0, 1.58458580264, 0.863283852215, 0.0, -0.350736804532, -0.211054391394, 3.0, 0.940719102573, 2.0, 1.1875883062, 0.0, 2.0, 3.0, -0.478283493952, 0.752612726169, 1.56185895455, 2.0, 0.0, 1.0, 3.0, 93671.0, 712.0, 99377.0
0.0, 0.0, 2.28110015641, 2.0, -1.0, 0.473874070635, 0.0, 2.0, 3.0, -1.0, -1.0, 2.0, -0.2628167934, 0.0, 2.0, 2.0, -1.0, 3.0, 2.0, 2.0, 0.470145488054, 1.0, 2.0, 1.0, 0.0, 2.0, 0.0, 1.01733376222, -1.0, 2.0, 1.12258282661, -0.443938933719, -1.0, 1.0, 1.22954710632, 0.676969398067, 2.0, 0.94577510502, -0.215207375183, 0.0173773831502, 1.0, 2.83637347744, 1.69014146806, 1.1580904857, 0.0, 1.0, 1.79838903231, 0.0, -1.0, -1.0, 94050.0, 643.0, 99426.0
2.0, 2.47855651485, 0.0, 0.0, 2.0, -0.110084390529, 3.0, -0.31949009655, 0.845357088156, 1.0, -1.0, 2.0, 2.0, 2.0, 3.0, 0.441876092725, 0.203756226334, 0.0, 1.95012626691, 0.0, 2.9428713265, 0.0, 1.5295119146, 1.0, -1.0, 2.0, 1.41535694775, 1.31886915176, 1.0, 1.0, 0.282907349924, 2.0, 0.345725202016, 2.0, 0.913251900716, 0.0, 2.0, 0.749099201902, 1.0, 1.19007068118, 0.0, 3.0, -0.864398616459, 1.0, 1.14351673282, -0.0378006701696, 2.70547605904, 0.0220623281937, 0.0, -0.202189115597, 93518.0, 722.0, 99374.0
2.0, -1.0, 2.0, 1.38953288346, 0.149763165505, -0.21391650501, 2.48696042842, 1.0, -0.960215675367, 0.0, -1.0, 1.0, 0.0, 2.0, -1.0, 2.0, 2.0, 3.0, -0.110154586539, -0.600013128742, 2.0, 2.34503357226, 2.02049605699, 1.56741091226, -0.851000957734, -1.0, 0.0, -0.403772041495, 1.7473907473, -1.0, 3.0, 1.0, 0.0, 0.547404349581, -0.464884677935, 0.327837485972, 1.0, 2.92208314363, 0.0, -1.0, 0.778083680427, 0.160415839836, 3.0, -1.0, 0.457914542603, -0.125104183138, 0.0, 0.0, 3.0, 2.0, 94432.0, 612.0, 99451.0
0.0, 0.0, 0.0, 2.0, -1.0, 0.0, 0.0, 0.472808179383, 3.0, -1.0, -1.0, 2.0, -0.63074424245, -0.671139448666, 2.0, 2.0, -1.0, 3.0, 2.06195582396, 2.657418652, 0.0, 1.0, 1.82647791582, 1.0, 1.80533802935, -0.202086616596, 2.8633023423, -0.0114314655012, -1.0, -0.609267390926, -0.391094059896, 2.0, -0.840763023476, 1.0, 3.0, -1.0, 3.0, 2.0, 1.6598897776, -0.678238777535, -0.0185468673509, 2.83637347744, 2.74984039382, -0.169409260912, 1.27865613969, 1.0, 2.0, -0.730644765016, -1.0, -1.0, 95281.0, 545.0, 99502.0
-1.0, -1.0, 3.0, -0.90847814811, 0.356677136602, 1.79337645165, 2.0, -0.956460126255, 2.0, -1.0, 2.02451467461, 3.0, -0.656603607669, 3.0, -1.0, 0.426607413882, -1.0, 1.0, -0.564933462332, -1.0, 1.0, 2.0, 0.0, -0.451099207017, -0.445329659431, -1.0, 1.0, -1.0, 0.35340271581, 2.81637476593, 2.0, -0.462885078384, -0.868963610888, 2.0, 2.52225140914, -0.816324464589, 2.09629732561, 0.0, 1.0, -0.762067386324, 0.0, 0.0, 3.0, 1.87319067456, -1.0, 3.0, 0.0, 0.164003632632, -0.790833233622, -0.114522589867, 95590.0, 496.0, 99546.0
0.198350026552, -0.697127379016, 1.0, 2.33924960326, 2.0, -0.380327462511, 0.0, -0.590551759208, 0.807128156945, 0.0, 3.0, -1.0, -1.0, 0.218112124108, 3.0, 0.0, -1.0, -0.553040691201, 3.0, 3.0, -0.818514488719, 1.34661439738, -0.69976602189, -1.0, 2.86568697347, 3.0, -1.0, 2.70253489225, -1.0, -1.0, 0.00375001669281, -0.736501667246, -0.426934215746, 2.64436992846, 0.45117228572, -1.0, -1.0, 2.75141690167, -0.667619931102, -0.14788155532, -0.999106349742, 2.0, -0.688242376171, 0.722243241864, 3.0, 2.0, 2.0, 2.2293795455, -1.0, 0.0, 95944.0, 462.0, 99578.0
3.0, 0.591806273427, 0.812427928933, 1.0, 0.124035255759, 2.44542950929, 0.0, 0.389679537269, 3.0, -0.558834323571, -0.901301746055, 2.21915511154, -0.297582195269, 0.0, 2.31365023129, 2.0, -1.0, 3.0, -0.62623391837, 2.0, 0.381258569295, 1.0, 0.493721033338, 1.0, 1.40937923048, -1.0, 0.0, 1.65614447502, 1.53518454914, 2.0, 1.0, 0.0, -1.0, 0.649706898916, -0.321099539931, -1.0, -0.536061025744, 1.0, 0.656877629164, 2.0, -0.0405229614993, 1.28132197568, 1.0, 0.375186666299, -0.262941205463, 2.30391644771, 2.0, 0.0, -1.0, 2.45221284328, 94123.0, 627.0, 99439.0
-0.309473932829, 2.0, 0.236196260561, -0.114036999029, -0.612959363942, 1.45890888205, 3.0, -0.0682544922739, 0.125060881251, 2.0, -1.0, -0.88335539909, 1.52076878226, 1.45598145172, 2.04282665717, 0.0, 1.0, 0.0, -0.965007414346, 1.13887768795, 0.769904458415, -0.485137884204, -1.0, 1.12719377132, 0.518470114813, -0.329158048012, 2.94466894892, -0.806207745848, 1.76998408817, 1.0, 0.0, -1.0, -0.271546146127, -0.892267548265, 0.0, 1.14024089194, 0.745656206271, -1.0, -0.107889382145, 2.40537104866, 0.496837934031, 1.0, 1.03391019846, -1.0, -1.0, 0.0, -1.0, 0.0, 1.0, -1.0, 94429.0, 562.0, 99520.0
0.0, 0.0, 2.28110015641, 2.0, -1.0, 1.0, 0.0, 2.0, 3.0, -1.0, -1.0, 2.0, 0.0, 0.0, 2.15270693788, 2.0, -1.0, 0.0, 2.0, 2.47501471059, 0.0, 1.0, 2.0, 1.0, 0.0, -0.202086616596, 0.0, 1.51502899204, 2.0, -0.722357827032, 1.12258282661, 2.4734127366, -1.0, 1.0, 3.0, -1.0, 3.0, 2.0, -1.0, -0.678238777535, 1.0, 1.11265929735, 1.02990874264, 0.0, 0.0, -0.0800281992678, 2.0, 0.0, -1.0, -1.0, 94394.0, 591.0, 99459.0
1.0, -0.602229099573, 2.0, 1.0, 3.0, 1.0, 2.0, -1.0, 2.0, -1.0, 3.0, 1.0, 0.0, 3.0, 2.62756920352, 0.0, 2.0, 1.0, 0.799219111295, 0.0, 1.0, 2.0, 3.0, 1.82563988084, 0.30619683766, 2.0, 0.0, 1.0, 0.0, -0.577212382822, 1.85216918704, 1.0, 0.0, 0.0, 0.0, -1.0, 0.0, 2.0, 3.0, 3.0, 3.0, 0.0, 2.0, 2.82699382969, 0.0, 1.0, 1.0, 0.0, 0.368786129764, 2.26954421767, 94145.0, 680.0, 99395.0
1.0, 3.0, 1.0, 2.17345703812, 3.0, 3.0, 2.00259157348, -0.0809621728016, -0.463379199414, 1.0, -0.751690597156, 0.0, -0.294362209444, 0.0, 1.0, 0.445469581524, -1.0, 0.0, 0.952145038619, 1.88089835789, 1.0, 0.26470133966, 2.70981856188, 2.97571944982, -0.377192904532, 1.0, -1.0, 2.27009166745, 2.35127578087, -1.0, 3.0, 1.0, 2.54645332789, 2.0, -0.163541438263, -0.757796968191, 2.86972641847, 2.0, 1.88633775351, 1.0, 0.0, -0.988994107791, 1.0, 1.58681161309, 3.0, 0.0, -0.938383852421, 0.637929077903, 1.66412309682, 1.84187146447, 94237.0, 645.0, 99416.0
3.0, -1.0, 2.0, -0.480240843581, 0.0, 2.0, 2.0, -1.0, 0.0, -1.0, 0.00878441485877, 3.0, -0.24618920257, 2.44631681773, 1.2907592778, 0.0, -1.0, -1.0, 3.0, 1.0, 2.0, 2.0, 2.0, 0.0, 0.344633007852, 0.336945440753, 2.0, 3.0, 1.17061512535, -1.0, 1.0, -1.0, 1.0, 2.99687608956, -0.16170536286, 2.0, 2.0, 0.0, 0.0, -0.678238777535, 1.0, -0.0617867170239, 0.441167099145, 3.0, -1.0, 1.06001200409, 1.0, 1.0, 2.0, -0.48500053703, 94543.0, 611.0, 99448.0
2.0, 2.47855651485, 0.0, 0.0, 2.0, -0.110084390529, 2.31328489595, -0.31949009655, 0.845357088156, 1.0, 0.142751004883, 2.0, 2.0, 2.0, 2.99962628512, 0.0, 0.203756226334, 0.0, 1.10655216127, 0.0, 2.9428713265, 0.0, 1.5295119146, 1.0, 0.00345708089456, 2.0, 0.466918675972, 0.650891675782, 1.76881593063, 1.0, 0.0, 2.0, 0.345725202016, 2.0, 0.913251900716, 0.0, 2.0, 0.749099201902, 1.0, 1.96390649991, 0.0, 3.0, -0.910632570271, 1.0, 0.551980937144, -0.0378006701696, 2.70547605904, 0.0220623281937, -0.311159967247, -0.202189115597, 93232.0, 752.0, 99354.0
0.0, 0.0, -0.0649389142969, 0.0, -0.213417543223, 0.0, 0.0, 2.0, 3.0, -0.849225122048, -1.0, 2.0, 2.9397522507, 1.07432604635, 1.3755202374, 0.484484224284, 1.02735862786, 0.0, 2.30216809761, -0.600013128742, 0.197005510328, 1.0, 0.0, 1.0, 0.560577215479, 2.15434257709, 0.902210198048, 1.0, -1.0, 2.0, -0.351934930743, -0.430323047715, -1.0, 1.0, 3.0, 0.17740669092, 3.0, -1.0, 0.1613486987, 2.0, 0.653292405982, 1.0, 1.0, 1.0, -0.312547262651, 1.0, 2.49772805227, 0.0, -0.458955489413, 2.00601754948, 93608.0, 678.0, 99408.0
1.24151030844, -1.0, 2.0, 0.0, -0.133118696516, 3.0, 1.0, 2.0, 2.0, -0.378327748326, -0.619362562574, 1.74838346931, 0.0, 0.0, 1.0, 0.353003908893, -0.627968039457, 0.101499450957, 2.22116184266, 2.71206035098, 0.086416449908, 2.0, 1.10364422637, 1.0, 2.6624762335, 2.0, 2.0, 0.0, 0.213835017647, 2.0, 2.0, 0.784036780657, 0.0, 2.0, 1.0, -1.0, -0.436694289275, 0.620279469311, 1.0, 1.6846553675, 3.0, 0.0, 1.0, 0.0, 0.0, -0.109376772932, 2.0, 0.992114793697, -0.142120297318, 0.0, 93613.0, 699.0, 99380.0
0.84331623129, -0.909999607583, 2.0, 1.0, 3.0, 1.0, 2.98802499157, -1.0, 2.23592095059, -1.0, -1.0, 1.0, 0.0, 0.0, 2.76882596652, 0.0, 2.0, 1.0, 2.04384281311, 0.0, 1.0, 2.0, 3.0, 1.16344840316, 0.30619683766, 2.0, 2.0, 1.0, 0.0, -0.577212382822, 3.0, 1.0, 0.0, 0.0, 0.0, -1.0, -0.909996489448, 2.0, 3.0, 3.0, 3.0, 0.0, -1.0, 1.81533281018, 0.0, 1.0, 1.4113551038, 0.0, 1.0, 2.0, 94374.0, 637.0, 99424.0
-1.0, -1.0, 3.0, -0.90847814811, 0.356677136602, 1.79337645165, 2.0, -0.956460126255, 2.0, -1.0, -0.540948299003, 3.0, -0.656603607669, 3.0, -1.0, 1.0, -1.0, 1.0, -0.564933462332, -1.0, 0.114573162502, 2.0, 0.0, 1.96899269721, -0.445329659431, -1.0, 1.0, -1.0, -0.96795013365, 2.794679975, 2.0, 0.0, 0.0, 2.0, 2.52225140914, -0.952415403197, 2.09629732561, 0.0, 1.0, -0.762067386324, 0.0, 0.0, 3.0, 1.90642470725, -1.0, 3.0, 2.0, 1.76675790049, -0.790833233622, -0.114522589867, 95815.0, 482.0, 99550.0
2.398056074, -0.517623667201, 2.28110015641, 0.0, -1.0, 1.58031369677, 1.0, -1.0, -0.10449325393, -0.775853137911, -1.0, 1.46517035788, -1.0, -1.0, 3.0, 2.0, -1.0, -1.0, -0.9836726843, 2.0, -1.0, -0.485137884204, 0.739353590941, 2.08527450519, -0.997643528058, 2.0, 3.0, 1.0, 0.982313263498, 2.0, 1.33441242238, -0.302414634019, -1.0, -0.455887885503, 0.0, -0.0893339142247, -1.0, -0.694706923714, -1.0, 2.41408694104, 0.0, 1.26218166524, -0.932543211288, 2.0, -1.0, 2.0, -1.0, 0.0, 2.82046981369, 3.0, 95835.0, 466.0, 99586.0
1.0, 0.0, 2.0, 0.0, 1.0, 0.0, 1.82718046447, -1.0, 0.13130543366, -1.0, -1.0, 2.0, -1.0, -1.0, 3.0, 0.0, -1.0, -1.0, 0.250520062079, 2.0, -1.0, 0.19419583398, -0.277866182263, 2.0, 0.0, 1.86092032687, 3.0, 1.00387569944, 1.55949044204, 2.0, 1.0, 2.09106247271, -1.0, 0.0, -0.0110025425301, 0.0, -1.0, 0.0, -1.0, 0.544150449268, 0.0, -0.753131348357, 2.0, 2.0, -1.0, 2.0, 0.0, 0.0, 0.0, 3.0, 94779.0, 551.0, 99508.0
0.0, 0.0, 0.0, 1.0, -1.0, -0.337167020204, 0.0, 0.0, -0.842893037578, -1.0, 2.0, 2.0, 1.0, 0.0, 2.0, 2.17003311795, 1.0, 1.0, 0.0, 2.05404136969, 2.0, -0.244417542504, 1.0, 1.0, 1.0, 3.0, 2.0, 3.0, -1.0, -1.0, 1.2580641585, -0.398084671427, 0.0, 2.0, 2.2721864506, -1.0, 2.3662333907, 2.0, 1.0, -1.0, 1.55665519759, 0.0, 1.0, 0.0, -1.0, 0.0, 0.013076003665, -0.108625323194, 1.0, 3.0, 93911.0, 646.0, 99422.0
0.0, 0.0, 2.28110015641, 2.0, -1.0, 0.0, 0.0, 2.0, 3.0, 1.0, -1.0, 1.0, -0.674223774251, 0.0, 2.0, 2.0, -1.0, 3.0, 0.379677061253, 2.0, 0.0, 1.0, 2.71399491525, 1.0, 0.0, -0.16138739417, 0.132416827636, 0.375486654421, -1.0, 2.0, 1.0, 0.0, -1.0, -0.0448243607592, 3.0, 1.6806164869, 3.0, 0.94577510502, -1.0, -0.678238777535, 1.0, 1.0, 1.0, 2.93634553051, -0.944959060023, 1.0, -0.656988724649, 0.0, -1.0, -1.0, 94681.0, 575.0, 99478.0
2.30063629069, 2.47855651485, 0.0, 0.0, 2.91016154169, -0.110084390529, 2.31328489595, -0.31949009655, 0.845357088156, 1.0, -0.920496462762, 2.0, 2.0, 2.0, 0.181106479993, 0.0, 0.203756226334, 0.0, 1.10655216127, 0.0, 1.20532799978, 0.0, 1.5295119146, 1.0, 0.00345708089456, 2.0, 1.41535694775, 1.0, -1.0, -0.881216322894, 0.0, 2.0, 1.33915078598, 2.48925136294, 0.913251900716, 0.0, 2.01088125379, 0.749099201902, 1.0, 1.96390649991, 0.0, 3.0, -0.910632570271, 1.0, -0.959559289162, -0.0378006701696, 2.75952553463, 0.0220623281937, -0.575645107094, -0.202189115597, 93643.0, 669.0, 99398.0
0.0, -0.406662347719, 2.28110015641, 0.83592530651, -1.0, -0.977574603495, -0.717311177477, 2.0, 0.915848593625, -1.0, -1.0, 2.0, -0.77173753514, 0.0, 1.96712015964, 2.24059431746, -1.0, -0.497601244166, 0.148499751478, 2.73362702235, 0.0, 1.63851779271, 0.152665099734, 1.22494400075, 0.0, -0.17838974543, 0.0, 1.78156276191, 0.390587881813, 2.0, 1.12258282661, 2.4734127366, -1.0, 1.0, 3.0, -1.0, 0.0623819605322, 2.0, -1.0, -0.678238777535, 1.0, 0.116949810149, 0.506164214144, 0.0, 0.763447169865, 1.0, 2.0, 0.0, -1.0, -1.0, 94671.0, 555.0, 99496.0
-1.0, -1.0, 3.0, 0.0, -0.912132214463, 2.47371144459, 2.0, -0.956460126255, 2.0, -1.0, 0.22546149987, 3.0, -0.656603607669, 2.317840904, -1.0, 1.0, -1.0, 1.0, 0.77692969679, -1.0, 1.0, 2.0, -0.257864517962, -0.451099207017, -0.445329659431, -1.0, 1.0, 2.0, -0.238367657822, 2.794679975, 2.0, 0.0, 0.0, 2.0, 2.0, -0.816324464589, 2.09629732561, 0.0, 1.0, -0.762067386324, 0.0, 0.0, 3.0, 1.87319067456, -1.0, 2.0, 0.0, 1.0, -0.790833233622, -1.0, 95270.0, 522.0, 99517.0
1.24151030844, -1.0, 2.0, 0.0, -0.133118696516, 3.0, 0.558620832399, 2.0, 2.0, -0.378327748326, -0.619362562574, 1.74838346931, 0.132968917668, 0.220191122759, 1.0, 2.0, -0.627968039457, 0.101499450957, 2.7201827768, 2.71206035098, -0.209497009959, 2.0, 1.10364422637, 1.0, 0.43235109035, 2.0, 2.0, 0.0, -1.0, 2.0, 2.0, 0.0, 0.0, 2.0, -0.464884677935, -1.0, -0.436694289275, -0.552706305815, 1.0, -1.0, 3.0, 0.0, 1.0, 0.0, 0.0, -1.0, 2.0, 1.94101653314, -0.142120297318, 0.0, 94114.0, 642.0, 99422.0
-1.0, -1.0, 3.0, -0.90847814811, 0.356677136602, 1.79337645165, 2.0, -0.956460126255, 2.0, -1.0, 2.02451467461, -1.0, -0.656603607669, 3.0, -1.0, 0.426607413882, -1.0, 1.0, -0.564933462332, -1.0, 1.0, 2.83443363009, -0.69976602189, -0.451099207017, -0.445329659431, -1.0, 1.0, -1.0, 0.35340271581, 2.81637476593, 2.0, -0.462885078384, -0.868963610888, 2.0, 2.52225140914, -0.816324464589, 0.866011737386, 0.0, 2.78991233354, -0.762067386324, 0.0, 0.0, 3.0, 1.87319067456, -1.0, 3.0, 0.0, 0.164003632632, -0.790833233622, -0.114522589867, 95919.0, 464.0, 99573.0
0.198350026552, -0.697127379016, 1.0, 2.33924960326, 2.0, -0.380327462511, 0.0, -0.590551759208, 0.807128156945, 0.0, 3.0, 3.0, -1.0, 0.218112124108, 3.0, 0.0, -1.0, -0.553040691201, 3.0, 3.0, -0.818514488719, 1.34661439738, 0.0, -1.0, 2.86568697347, 3.0, -1.0, 2.70253489225, -1.0, -1.0, 0.00375001669281, -0.736501667246, -0.426934215746, 2.46874387765, -0.500784078813, -1.0, -1.0, 2.75141690167, -0.667619931102, -0.14788155532, -0.999106349742, 2.0, -0.688242376171, 0.722243241864, 3.0, 2.0, 0.430089231204, 2.2293795455, -1.0, 0.0, 95854.0, 480.0, 99567.0
2.0, -1.0, 2.0, 2.5716633451, 0.0, -0.154809692769, -1.0, -0.769113855986, 0.0, -0.305409785217, -1.0, 1.0, 0.0, 2.0, -0.325653318412, 3.0, 2.79574502652, 0.76090456787, 0.0, 0.411819035607, 2.20233770953, 2.0, 2.69209601482, 2.0, 1.23511544686, 1.0, 1.57477843062, 1.0, 1.0, -1.0, 3.0, 0.38494430985, 1.26059778204, 0.0, 1.0, 0.580214252773, 1.0, -0.401055767533, -0.219973773717, -1.0, 1.0, 2.0, 0.90062574853, 0.0, -1.0, 2.49523310055, 0.0, 0.209460142657, 3.0, 0.669716697868, 94082.0, 643.0, 99418.0
-0.309473932829, 2.0, -0.0864614296714, -0.114036999029, -0.612959363942, 1.45890888205, 3.0, -0.0682544922739, 0.125060881251, 2.0, -1.0, -0.955489156916, 1.52076878226, 1.45598145172, 2.04282665717, 0.0, 1.0, 0.0, -0.965007414346, 1.13887768795, 0.769904458415, -0.681807412502, -1.0, 1.12719377132, 0.518470114813, -0.329158048012, 2.94466894892, -0.806207745848, 1.76998408817, 2.0, 0.0, -1.0, -0.271546146127, -0.892267548265, 0.0, 1.14024089194, 0.122437689104, 1.20375282641, -0.107889382145, 2.40537104866, -0.947994021348, 1.0, 1.03391019846, -1.0, -1.0, 0.0, -1.0, 0.0, 1.0, -1.0, 94827.0, 541.0, 99543.0
0.0, 0.0, 0.0, 1.0, 0.929951144213, 2.0, 0.0, 0.0, 1.0, -0.903271050388, 1.58038550817, 2.88380549911, 1.0, 0.0, 3.0, 1.29439715271, 2.09120755574, 1.0, 0.00766065076089, 3.0, 2.24708922738, 0.0, 2.0, 1.73995589762, 0.828570600956, 2.69329851844, -0.32352146264, 2.33354515836, -0.810850707753, -0.64456978356, 1.0, 2.0, 0.0, 0.945526772423, 0.308579261121, -1.0, 0.380190797066, 2.0, 0.352421950734, 1.0, 2.0, 0.0, 1.0, 0.0, -1.0, 3.0, 1.0, 2.0, 1.0, 3.0, 93750.0, 686.0, 99390.0
2.0, -1.0, 2.0, 2.0, 2.1251369192, -0.585198225847, -1.0, 1.0, -1.0, -1.0, -1.0, 1.0, -0.674223774251, 2.0, -0.229512039802, 3.0, 2.66412645124, 3.0, 0.0, 0.411819035607, 2.0, 2.08468248495, 1.0, 2.0, 1.0, -1.0, -0.544842930812, 1.0, 1.24143210123, -1.0, 3.0, 1.0, 1.26059778204, 3.0, 1.0, 1.0, -1.0, 2.0, 1.71980535551, -1.0, -0.0405229614993, 2.0, 3.0, -1.0, -1.0, 3.0, 0.0, 0.0, 3.0, 1.9532225614, 95533.0, 536.0, 99505.0
0.0, 0.0, 0.0, 2.0, -1.0, 1.0, -0.176988252252, 2.0, 3.0, -1.0, -1.0, 2.0, -0.916541446028, 0.0906675150844, 2.30448853708, 2.0, -1.0, 3.0, 2.06195582396, 2.0, 0.0, 1.0, 0.763359911583, 1.0, 0.0, -0.202086616596, 2.68116829999, 1.51502899204, -1.0, -0.609267390926, 1.12258282661, 2.0, -0.840763023476, 1.0, 3.0, -1.0, -0.269094256265, 0.14589281586, -1.0, -0.678238777535, -0.0185468673509, 2.34382532011, 0.506164214144, -0.169409260912, 0.0, 1.0, 2.0, 0.0, -1.0, -1.0, 94712.0, 561.0, 99479.0
1.0, 0.82154804865, 2.0, 0.0, 1.0, 0.0, 1.0, -1.0, 0.597750176313, 2.35644255978, -1.0, 0.0, -1.0, -1.0, 3.0, 2.0, -1.0, -1.0, 1.0, 2.0, -0.649744469836, 1.0, -0.277866182263, 1.94108559142, 0.0, 2.29293284025, 3.0, 1.0, 2.0, 2.0, 1.0, 2.0, 0.31288006656, -0.447598712544, 0.0, -1.0, -1.0, 0.0, -1.0, 2.25296449731, -1.0, -0.753131348357, 2.0, -0.169409260912, -1.0, 2.0, 0.0, 0.0, 0.0, 3.0, 95116.0, 547.0, 99516.0
-0.418112986501, 2.47855651485, 0.0, 0.0, 2.27034498681, 0.0, 3.0, -0.810970385564, -0.959981848251, -0.886123634458, 0.142751004883, 2.0, 2.0, 2.0, 1.96430932538, 0.0, 1.0, 1.36467726902, 1.95012626691, 0.0, 0.389511065091, 0.0, 0.0, 0.646261353327, -1.0, 2.0, 1.79993695661, 0.785617804002, 1.0, 1.0, 0.0, 1.6366496649, -1.0, 2.0, -0.321099539931, 0.0, 2.0, -1.0, 1.0, 3.0, 0.0, 0.388639029364, 0.973690270424, 1.0, 0.0, 0.0, 0.0452203681377, -0.291344585349, 0.0, -0.498131392465, 93523.0, 680.0, 99412.0
-1.0, -1.0, 3.0, -0.90847814811, 0.356677136602, 1.79337645165, 2.0, -0.956460126255, 2.0, -1.0, 2.02451467461, 3.0, -0.656603607669, 3.0, -1.0, 1.0, -1.0, 1.0, -0.564933462332, -1.0, 1.0, -0.710633619657, 0.0, -0.451099207017, -0.445329659431, -1.0, 1.0, -1.0, -0.238367657822, 2.794679975, 2.0, 0.0, 0.0, 2.1204377944, 2.52225140914, -0.816324464589, 2.09629732561, 0.0, 1.0, -0.762067386324, 0.0, 0.0, 3.0, 1.87319067456, -1.0, 3.0, 0.0, 1.0, -0.790833233622, -0.114522589867, 95688.0, 494.0, 99549.0
1.38043653422, -0.697127379016, 1.0, -0.395709707982, 2.0, -0.380327462511, 0.0, 0.0, 0.807128156945, 0.0, 3.0, -1.0, -1.0, 0.218112124108, 3.0, 0.0, -1.0, -0.553040691201, 3.0, 3.0, -0.793161735665, 0.85250059322, -0.69976602189, -1.0, 2.86568697347, 3.0, -1.0, 2.70253489225, -1.0, -1.0, 0.00375001669281, -0.960355466547, 2.0, 2.64436992846, 0.45117228572, -1.0, 0.10149702242, 0.270626984561, -0.667619931102, -0.14788155532, -0.999106349742, 2.0, 1.20574505734, 0.722243241864, 3.0, 2.0, 2.0, 1.76675790049, -1.0, 0.0, 95503.0, 506.0, 99547.0
2.0, -1.0, 2.0, 1.38953288346, 0.149763165505, -0.21391650501, -0.798102024533, 1.0, 1.52577273256, 0.0, -1.0, 2.88380549911, 0.0, 2.0, -1.0, 2.0, 2.0, 3.0, 0.717206229208, -0.600013128742, -0.0545884080075, 2.22746383195, -0.458256142539, 1.71812805659, -0.59065600731, -1.0, 0.0, -0.403772041495, 1.50846520151, -1.0, 3.0, 2.0, -1.0, 0.945526772423, -0.464884677935, 0.327837485972, 1.02492170101, 1.85264094629, 0.0, 1.60511385668, 0.778083680427, 0.160415839836, 3.0, 2.48492930823, -0.58076041489, -0.125104183138, -0.345589243815, 0.611651266993, -1.0, 2.89264026594, 94661.0, 586.0, 99465.0
0.0, 0.0, 0.109942529573, 2.0, -1.0, 0.0, 0.0, 0.235926628441, 3.0, 1.0, -1.0, 2.0, -0.972534510264, 0.0, 2.0, 2.86116267105, -1.0, 1.0, 2.0, 2.28275996086, -0.549786009201, 1.0, 2.42647115327, 1.0, 0.0, 1.0, 0.0, 1.0, -1.0, 2.0, -0.391094059896, 0.0, -1.0, 1.0, 1.0, -1.0, 1.9821753455, 1.15037950047, -1.0, -0.832024084777, 1.0, 1.0, 2.45999558564, -0.925965626863, 0.0, 1.0, 1.11050977155, -0.297695366979, -1.0, -1.0, 94614.0, 564.0, 99492.0
1.0, 3.0, 0.233143252544, 2.17345703812, 3.0, 3.0, 2.00259157348, -0.156231121951, -0.463379199414, 0.417442756391, -0.751690597156, 0.0, -0.294362209444, 0.0, 1.0, 0.445469581524, -1.0, 0.0, 0.952145038619, -0.613878029676, 1.0, 0.26470133966, 2.70981856188, 2.97571944982, -0.377192904532, 2.72474388016, -1.0, 2.0, 2.35127578087, -0.940864548164, 3.0, 1.0, 2.54645332789, 2.0, -0.163541438263, -1.0, 2.76648609189, 2.01154216117, 1.88633775351, -0.472926592969, 0.925720487478, -0.988994107791, 1.0, 1.58681161309, 3.0, 0.00241069626194, -1.0, 2.13607698198, 1.66412309682, 1.84187146447, 94428.0, 627.0, 99430.0
0.683900532962, -1.0, 2.0, 2.0, 2.1251369192, -0.585198225847, -1.0, 1.0, -1.0, 0.0, -1.0, 1.0, -0.674223774251, 2.0, -0.229512039802, 3.0, 2.66412645124, 3.0, 0.0, 0.427117026048, -0.454549072988, 2.08468248495, -0.664162093434, 2.0, 1.0, -1.0, 0.428591879298, 1.0, 0.516992291641, -1.0, 2.14956652295, 1.0, 1.26059778204, 2.2575479198, 0.794699318483, -0.00714177873459, -1.0, 2.0, 1.71980535551, -1.0, -0.0405229614993, 2.0, 3.0, -1.0, -1.0, 3.0, 0.0, 0.0, 3.0, 1.00344360802, 95110.0, 554.0, 99491.0
1.0, 0.82154804865, 2.0, 0.0, -0.0984186065368, 0.0, 1.96655017901, -1.0, -0.521690474106, -1.0, -1.0, 0.417730986713, -1.0, -1.0, 3.0, 1.46049784195, -1.0, -1.0, 0.228061413862, 2.0, -1.0, 1.80108032522, -0.277866182263, 2.61381737131, -0.68103249816, 2.0, 3.0, 1.0, 2.0, 2.0, 0.0, 0.578045863126, -1.0, 0.0, 0.0, -1.0, -1.0, 0.0, -1.0, -0.678238777535, -1.0, 1.88031276695, 2.0, -0.169409260912, -1.0, 2.0, 0.0, 0.0, 0.0, 3.0, 95431.0, 493.0, 99558.0
0.0, -0.406662347719, 2.28110015641, 2.0, -1.0, -0.977574603495, -0.717311177477, 2.0, 3.0, -1.0, -1.0, 2.0, 0.0, 0.0, 2.15270693788, 1.0, -1.0, 0.0, 0.148499751478, 2.73362702235, 0.0, 1.0, -0.287881507287, 1.22494400075, 0.0, -0.202086616596, 0.0, 1.78156276191, 0.390587881813, 2.0, 1.12258282661, 2.4734127366, -1.0, 1.0, 2.90412291959, -1.0, 0.0623819605322, 2.0, -1.0, 0.366870700272, 1.0, 0.116949810149, 0.506164214144, 0.0, 0.784485934706, 1.0, 2.0, 0.0, -1.0, -1.0, 94323.0, 590.0, 99473.0
2.0, -1.0, 2.22189573017, 1.0, 0.0, -0.628037959141, -1.0, -0.769113855986, -1.0, 2.0, -1.0, 1.0, 0.0, 2.0, -1.0, 2.09260449501, 2.84630736404, 0.76090456787, 0.0, 0.411819035607, 0.323740030494, 2.0, 1.0, 2.31851873124, 1.0, -1.0, -0.946405763801, 1.0, 1.0, -1.0, 3.0, 0.38494430985, 0.146207636322, 0.0, 1.0, 0.580214252773, 1.0, 2.0, -0.219973773717, -0.391780903034, -0.0405229614993, 2.0, 0.90062574853, 2.48741572022, -1.0, 2.49523310055, 0.0, 0.0, 3.0, -0.183674357506, 94467.0, 588.0, 99464.0
0.400035312437, -0.720121777247, 0.236196260561, -0.114036999029, -0.612959363942, 1.45890888205, 3.0, -0.258716756137, 0.125060881251, 2.0, -1.0, -0.519391943989, 0.236159676495, 1.45598145172, 2.04282665717, 0.0, 1.0, 0.0, -0.965007414346, 1.13887768795, -0.45487322034, -0.485137884204, -1.0, 1.12719377132, 0.518470114813, -0.329158048012, 0.903235067579, -0.806207745848, 1.76998408817, 1.0, 0.0, -1.0, -0.271546146127, -0.892267548265, 0.0, 1.14024089194, 0.745656206271, -1.0, -0.107889382145, 2.40537104866, 0.496837934031, 1.0, 1.03391019846, -1.0, -1.0, 0.0, -1.0, 1.49174766258, 1.0, -1.0, 94370.0, 544.0, 99533.0
0.0, 0.0, 1.2734777994, 2.0, -1.0, 1.0, 0.0, -1.0, 3.0, -1.0, -1.0, 2.0, 0.0, 0.0, 2.15270693788, 2.0, -1.0, -0.0356731715718, 2.0, 2.47501471059, 0.0, 1.0, 2.0, 1.0, 0.0, -0.202086616596, 0.0, 1.51502899204, 2.0, -0.722357827032, 1.12258282661, 2.4734127366, -1.0, 1.0, 3.0, -1.0, 3.0, 2.0, -1.0, -0.678238777535, 1.0, -0.566787368541, 1.02990874264, 0.0, 0.0, -0.0800281992678, 2.0, 0.0, -1.0, -1.0, 94636.0, 556.0, 99483.0
1.0, -0.602229099573, 2.0, 1.0, 3.0, 1.0, 2.47261438163, 2.0, 2.0, -1.0, 3.0, 1.0, 0.0, 3.0, 2.62756920352, 0.0, 2.0, 1.0, 0.799219111295, 0.0, 1.0, 2.0, 3.0, 1.82563988084, 0.30619683766, 2.0, 0.0, 1.0, 0.0, -0.577212382822, -0.349056874431, 1.0, 0.0, 0.0, -0.067653496174, -1.0, 0.0, 1.09997161331, 3.0, 3.0, 3.0, 0.0, 2.0, 2.82699382969, 0.0, 1.0, 1.0, 0.0, 0.368786129764, 2.26954421767, 93922.0, 697.0, 99385.0
0.0, 0.0, 0.0, 2.0, -1.0, 1.0, 0.0, 2.0, 3.0, -1.0, -1.0, 2.0, -0.63074424245, 0.0, 2.15270693788, 1.35702963827, -1.0, 3.0, 2.06195582396, 2.0, 0.0, 1.0, 2.0, 1.0, 0.0, 1.20045286952, 2.68116829999, 1.51502899204, -1.0, -0.859154383955, 1.12258282661, 2.0, -0.840763023476, 1.0, 3.0, -1.0, 2.61441955831, 2.0, -1.0, 1.37370181741, -0.0185468673509, 2.83637347744, 0.506164214144, -0.169409260912, 0.411083356846, 1.0, 2.0, 0.0, -1.0, -1.0, 94798.0, 577.0, 99469.0
2.0, 2.47855651485, -0.0749921829817, 0.0, 2.0, -0.110084390529, 2.31328489595, -0.31949009655, 0.845357088156, 1.0, -1.0, 2.0, 2.0, 2.0, 2.99962628512, 0.0, 0.203756226334, 0.0, 1.10655216127, 0.0, 2.9428713265, 0.0, 1.5295119146, 1.0, 0.00345708089456, 2.0, 0.466918675972, 0.650891675782, 1.76881593063, 1.0, 0.0, 2.42174427119, 0.345725202016, 2.0, 0.913251900716, 0.0, 2.5439430643, 0.749099201902, 1.0, 1.96390649991, 0.0, 3.0, -0.910632570271, 1.0, 0.502685460292, -0.0378006701696, 2.70547605904, 0.0220623281937, -0.311159967247, -0.202189115597, 93352.0, 736.0, 99362.0
2.2099839042, 0.82154804865, 2.0, -0.317071006813, 1.0, -0.532916713827, 1.0, -1.0, -0.521690474106, -1.0, -1.0, 0.0, -1.0, -1.0, 3.0, 2.0, -1.0, -1.0, -0.468175725622, 2.0, -1.0, 1.0, -0.277866182263, 2.0, 0.461558722243, 2.0, 3.0, 1.0, 1.40785044727, 2.0, 1.0, 2.0, -1.0, 0.0, 0.0, -1.0, -1.0, 0.0, -1.0, 1.68241019964, -1.0, -0.753131348357, 2.0, -0.169409260912, -1.0, -1.0, 1.23725609834, 0.0, -0.110319384176, 2.48355346778, 95771.0, 471.0, 99577.0
-1.0, -1.0, 3.0, -0.90847814811, 0.356677136602, -0.00833682047205, 2.0, -0.956460126255, 2.0, -1.0, -0.540948299003, 3.0, -0.656603607669, 3.0, -1.0, 1.0, -1.0, 1.0, -0.910292243235, -1.0, 0.114573162502, 2.0, 0.0, 1.96899269721, -0.445329659431, -0.0558829182375, 1.0, -1.0, -0.96795013365, 2.794679975, 2.0, 0.0, 0.0, 2.0, -0.497178455005, -0.952415403197, 2.09629732561, 0.0, 1.0, -0.762067386324, 0.0, 0.0, -1.0, 1.90642470725, -1.0, 3.0, 2.0, 1.76675790049, -0.790833233622, -0.114522589867, 95519.0, 483.0, 99552.0
0.932164023706, 0.271973505208, 0.597808018689, 1.0, -0.930145681099, 2.0, -1.0, -0.251317398053, -1.0, -1.0, -1.0, 1.0, -0.977871202316, 2.0, -1.0, 3.0, 2.79574502652, 2.31757268303, 0.0, 0.411819035607, 2.3398840457, 1.3817579197, 1.0, 2.0, 1.0, -1.0, -0.946405763801, 1.0, 1.0, -1.0, 3.0, 0.38494430985, 1.26059778204, -0.472852742583, 1.40911135537, 1.71045217396, -0.763525492266, 2.75051856888, -0.574415688765, -1.0, -0.0405229614993, -0.461105959697, 0.90062574853, 2.48741572022, -1.0, 2.56269279559, 0.0, 0.0, 3.0, 2.0, 95013.0, 550.0, 99498.0
1.0, 0.0, 1.93752764652, 0.0, 0.0, 0.431386133891, 2.48696042842, -1.0, -0.936707624706, -0.832921948363, -0.985929485446, 0.0, -1.0, -0.451185717997, 2.3029968007, 2.12305396427, -1.0, -1.0, 1.16376079598, -0.976957310851, -1.0, 1.0, 2.02049605699, 2.77062089656, -0.0990022808052, 2.0, 3.0, 0.824729222091, 0.283370076933, 2.0, 1.13722947025, 2.0, 0.0, 1.07882996989, 0.721603860043, 0.0, -1.0, 0.8707491226, -1.0, 2.8966715958, -0.578605571899, 1.74293919817, 2.70119487958, 1.0, -1.0, 1.59906047033, 0.0, -0.390742234908, -0.564710927098, 1.23067251172, 95143.0, 532.0, 99521.0
1.0, 0.0, 2.0, 0.0, 1.0, 0.0, 1.82718046447, -1.0, 0.13130543366, -1.0, -1.0, 1.38352800996, -1.0, -1.0, 3.0, 0.0, -1.0, -1.0, 0.250520062079, 2.0, -1.0, 0.19419583398, -0.277866182263, 2.0, 0.0, 1.86092032687, 3.0, 1.00387569944, 1.55949044204, 2.0, 1.0, 2.09106247271, -1.0, -0.590435886258, -0.0110025425301, -0.369229197899, -1.0, -0.371329397506, -1.0, 0.544150449268, 0.0, -0.753131348357, 2.0, 2.0, -1.0, 2.0, 0.0, 0.0, 0.0, 3.0, 94842.0, 536.0, 99518.0
0.0, 0.0, 0.0, 1.0, 0.432592660952, -0.337167020204, 0.0, 0.0, -0.842893037578, -1.0, 2.0, 2.0, 1.0, 0.0, 2.0, 1.3436358096, 1.0, 1.01554678588, 0.0, 2.05404136969, 2.0, -0.244417542504, 1.0, 1.0, 1.0, 3.0, 2.0, 3.0, -1.0, -1.0, 1.2580641585, -0.398084671427, 0.0, 2.0, 2.2721864506, -1.0, 2.3662333907, 2.0, 1.0, -1.0, 1.55665519759, 0.0, 1.0, 0.0, -1.0, 0.0, 0.013076003665, -0.108625323194, 1.0, 3.0, 93707.0, 658.0, 99411.0
-0.130129536397, 0.901527126231, 1.0, 2.17345703812, 3.0, 3.0, 2.45759168232, -0.602601693607, -0.463379199414, -1.0, -0.939036986758, -0.321974572174, -0.294362209444, 0.0, 1.0, 0.445469581524, -1.0, -0.0871764068973, 0.952145038619, -0.613878029676, 0.826843562061, 0.26470133966, 2.70981856188, 2.9991853785, -0.377192904532, 2.64498819981, -1.0, 1.70506583902, 2.35127578087, -0.848620572667, 3.0, 1.0, 2.54645332789, 2.0, -0.163541438263, -1.0, 2.76648609189, 2.01154216117, 1.88633775351, 1.0, 0.925720487478, -0.988994107791, 1.0, 1.92035568298, 3.0, 0.0, 1.21188599551, 2.13607698198, 1.66412309682, 1.84187146447, 94520.0, 612.0, 99436.0
1.0, -0.602229099573, 2.0, 1.0, 3.0, 0.478355800769, 2.0, -1.0, 2.0, -1.0, 0.630091822447, 1.42177509837, 0.0, 3.0, 2.62756920352, 0.0, 2.0, 1.0, 2.04384281311, 0.0, 0.258087039377, 2.0, 2.9486401336, 1.16266686395, 0.30619683766, 2.0, 2.0, 2.40164478402, 0.0, -0.577212382822, 3.0, 2.95489807588, 2.0, 0.0, 0.0, -1.0, 0.0, 2.0, 3.0, 3.0, 3.0, 0.0, 2.0, 1.81533281018, 0.0, 1.0, 1.0, 2.0, -1.0, 1.93607596137, 94518.0, 661.0, 99407.0
-1.0, 2.0, 1.0, -0.114036999029, 0.0, -0.827486287122, 2.19035812481, -0.0682544922739, 0.526662313684, 2.3901272654, -1.0, -0.287495867623, 0.0, 1.02401127048, 2.13029503038, 0.0, 0.522912758802, 0.0, 0.0, -0.268509690131, -1.0, -0.945807394047, -1.0, 3.0, 0.518470114813, -0.0621470393194, 3.0, 1.1929652054, 1.76998408817, 1.0, 0.0, -1.0, 0.0781029224054, -0.981416124, 0.0, 1.14024089194, 1.0, -0.73737008483, 3.0, -0.523411911071, 0.0, 1.0, 2.62216328653, -1.0, 0.551980937144, -0.650240548742, -1.0, 2.3048079482, -1.0, -1.0, 94988.0, 525.0, 99547.0
0.0, -0.544727644449, 2.28110015641, 0.83592530651, -1.0, -0.977574603495, -0.717311177477, 2.0, 0.915848593625, -1.0, -1.0, 2.0, -0.77173753514, -0.582797826919, 2.89398731879, 2.24059431746, -1.0, -0.497601244166, 0.148499751478, 2.73362702235, 0.0, 1.63851779271, 0.152665099734, 1.22494400075, 0.0, -0.17838974543, 0.0, 1.78156276191, 0.390587881813, 2.0, 1.12258282661, 2.4734127366, -1.0, 1.0, 3.0, -1.0, 0.0623819605322, 2.0, -1.0, -0.678238777535, 1.0, 1.88226428031, 0.506164214144, 0.0, 0.660511000364, 1.0, 2.23470038707, 0.0, -1.0, -1.0, 95200.0, 519.0, 99529.0
2.0, -1.0, 2.0, 1.0, 0.0, -0.628037959141, -1.0, -0.769113855986, -1.0, 2.0, -1.0, 1.0, 0.0, 2.0, -1.0, 3.0, 2.84630736404, 0.76090456787, 0.0, 0.411819035607, 2.0, 2.0, 1.0, 2.64530235397, 0.706984400327, -1.0, -0.3918457419, 1.99333968061, -0.29205046786, -1.0, 2.29870696644, 0.38494430985, 1.26059778204, 2.86256579503, 1.0, 0.580214252773, 1.0, 2.0, -0.219973773717, -0.391780903034, -0.10599199092, 2.0, -0.239056035997, 2.85795677319, -1.0, 2.49523310055, 0.0, 0.0, 3.0, 2.0, 94607.0, 604.0, 99451.0
0.0, 0.0, 2.28110015641, 2.0, 1.79473988392, 0.473874070635, 0.0, 0.700874243701, 3.0, -1.0, -1.0, 2.0, -0.2628167934, 0.0, 2.0, 2.0, -1.0, 3.0, 2.0, 2.0, 0.470145488054, 1.0, 2.0, 1.0, 0.0, -0.113465721261, 0.0, 1.01733376222, -1.0, 2.66815505857, 1.12258282661, -0.649331895534, -1.0, 1.0, 1.22954710632, 0.676969398067, 2.0, 0.94577510502, -0.215207375183, 0.0173773831502, 0.581459314755, 2.84892057421, 1.58488884224, 1.1580904857, -0.970665534871, 1.0, 1.86359819127, 0.0, -1.0, -1.0, 94236.0, 622.0, 99444.0
0.0, -0.452502138612, 2.28110015641, 2.0, 1.66080161182, -0.355771897668, -0.946026620073, 1.89337508757, 3.0, -1.0, -1.0, 1.32796396448, 0.259889355271, 0.0, 2.15270693788, 1.48063271961, -1.0, 0.101499450957, 0.0567021626846, 2.657418652, 0.0, 0.614373950584, 2.0, -0.693237736317, 0.0, -0.202086616596, 2.68116829999, 1.31886915176, -1.0, 2.0, 1.12258282661, 0.0, -0.840763023476, 1.0, 3.0, -1.0, 3.0, 2.0, -1.0, -0.678238777535, 1.14115994236, 2.83637347744, 0.506164214144, -0.466535790133, 0.0, 1.2281917568, -0.937731494974, 0.0, -1.0, -0.00301066226543, 94422.0, 579.0, 99474.0
-1.0, -1.0, 0.936609364129, 2.33924960326, 0.356677136602, 1.79337645165, 2.0, -0.956460126255, 2.0, -1.0, 0.497137230088, -1.0, -0.656603607669, 3.0, -1.0, 0.426607413882, -1.0, 1.0, -0.564933462332, -1.0, 1.0, 2.83443363009, -0.69976602189, -0.451099207017, -0.445329659431, -0.914904511365, 1.0, -1.0, 0.35340271581, 2.81637476593, 2.0, -0.462885078384, -0.868963610888, 2.0, 2.52225140914, -0.816324464589, 0.866011737386, 0.0, 2.78991233354, 0.825214684143, 0.0, 0.0, 3.0, 1.87319067456, -1.0, 3.0, 0.0, 0.718697017002, -0.790833233622, -0.114522589867, 95651.0, 490.0, 99550.0
2.0, -1.0, 2.0, 2.5716633451, 0.0, -0.154809692769, -1.0, 1.13270705623, 0.0, -0.305409785217, -1.0, 1.0, 0.0, 2.0, -0.325653318412, 3.0, 2.79574502652, 0.76090456787, 0.0, 0.411819035607, 2.20233770953, 2.0, 2.69209601482, 2.0, 1.23511544686, 2.55024129422, 1.57477843062, 1.0, 1.0, -1.0, 3.0, -0.18144376415, 1.26059778204, 0.0, 1.0, 0.580214252773, 1.04557170242, -0.401055767533, -0.219973773717, -1.0, 1.0, 1.0, 0.90062574853, 0.0, -1.0, 2.49523310055, 0.0, 0.209460142657, 3.0, 0.669716697868, 93940.0, 660.0, 99408.0
0.743403232674, -0.967732549535, 2.28110015641, -0.211037604206, 0.622010691797, -0.0779877765277, -0.675704040312, -0.971504262077, -1.0, -1.0, -0.980118336286, 2.0, 0.0, -0.896780554041, 2.0, 2.0, 0.0380971593656, 3.0, 2.0, 2.0, 1.18340270205, 0.43102652456, 2.0, 1.0, -0.195980381472, 2.0, -0.925185296407, 2.79534667695, 1.23224258908, 0.67576600633, -0.484801846316, 0.41997795313, -1.0, 2.3740489224, 2.3679913561, -1.0, 3.0, 0.953369266792, -1.0, -0.834635268705, -0.436011977244, 2.98843626848, -0.191733564637, -0.200056059566, 0.0, -0.94533499761, 0.0, 0.0, -1.0, 2.0, 95063.0, 540.0, 99517.0
-0.309473932829, 2.0, -0.0864614296714, -0.114036999029, -0.612959363942, 1.45890888205, 1.88651522268, -0.0682544922739, 0.125060881251, 2.0, -1.0, 0.426834507886, 1.52076878226, 1.45598145172, 2.04282665717, 0.0, 1.0, 0.0, -0.965743552147, 1.13887768795, 1.48631958233, -0.681807412502, -1.0, 1.12719377132, 0.518470114813, -0.329158048012, 2.94466894892, -0.806207745848, 1.76998408817, 2.0, 0.0, -1.0, -0.271546146127, -0.892267548265, 0.0, 1.14024089194, 0.122437689104, 1.20375282641, -0.107889382145, 2.40537104866, -0.947994021348, 1.0, 1.03391019846, -1.0, 0.849040450573, 0.0, -1.0, 0.0, 1.0, -1.0, 94457.0, 576.0, 99516.0
