0.0, -1.0, 3.0, 0.0, 1.0, -1.0, 2.0, 0.0, 0.0, 0.0, 3.0, 3.0, 2.0, 1.0, 2.0, 1.0, 1.0, -1.0, -1.0, 2.0, 1.0, 1.0, -1.0, 1.0, 3.0, 2.0, 1.0, 0.0, 2.0, 1.0, 2.0, 3.0, 2.0, -1.0, 1.0, 3.0, 0.0, 1.0, 0.0, 3.0, 1.0, 0.0, 0.0, 3.0, -1.0, -1.0, -1.0, -1.0, 3.0, 0.0, 97337.0, 593.0, 99465.0
-1.0, 1.0, 3.0, 2.0, 1.0, 2.0, 2.0, 2.0, -0.124930658094, 1.0, 0.0, 0.0, 1.0, -1.0, -1.0, -1.0, 3.0, 1.0, 0.0, 1.0, 2.0, 2.0, 0.0, 0.0, 1.0, 0.0, 2.0, 0.0, 0.343008092819, -1.0, 3.0, 1.0, 1.05301980018, 0.0, -1.0, 2.0, 2.0, 2.0, -1.0, 0.0, -1.0, 1.0, 0.657932752598, 2.0, 1.0, 0.0, -1.0, 1.0, 2.0, 3.0, 97133.0, 600.0, 99457.0
-1.0, 0.0, 1.0, -1.0, 0.0, 1.0, 2.0, 3.0, -1.0, 0.0, -1.0, 2.0, -1.0, 0.0, 2.0, 2.0, 0.0, 1.0, -1.0, 1.32166673699, 3.0, 0.0, -1.0, 1.0, 1.0, 1.0, -1.0, 2.0, 0.0, 3.0, 2.0, 0.0452573232431, 2.70577677446, -1.0, 3.0, 3.0, -1.0, 3.0, 0.0, 0.0, -0.916979710085, 0.0, 1.0, 0.0, 2.0, 1.32629408937, 2.0, -1.0, 2.0, 1.0, 97369.0, 555.0, 99503.0
0.0, 0.0, 1.0, 3.0, 0.0, 1.0, 2.0, 0.0, 3.0, 3.0, 1.0, 1.82428531952, 3.0, 0.0, 2.0, -1.0, 2.0, 1.0, 3.0, 0.0, -1.0, 0.0, 3.0, 1.68664081493, 0.0, 2.0, 1.0, 2.0, 0.0, -0.345859454897, -1.0, 2.0, 3.0, -1.0, 3.0, 1.0, 2.0, 1.0, 0.0, 1.0, -1.0, 1.0, -1.0, 0.0, 3.0, 0.0, -0.572539489368, -1.0, 3.0, 2.84228398482, 97269.0, 618.0, 99431.0
0.0, -0.785385818428, 2.0, 1.0, 1.0, 0.0, 0.0, 0.0, 3.0, 2.0, 2.24851387503, 0.377924877212, 0.0, 2.0, 1.0, 1.0, 0.0, 1.0, 2.50361956349, 1.07730973805, -1.0, 3.0, 2.0, 2.0, 1.96164097894, 1.0, 3.0, 1.0, 0.0, 0.242515898545, 0.0, -1.0, 1.0, 2.50411594695, 0.0, 2.30898865211, 1.03520444367, 0.0, 2.0, 2.0, 2.0, 3.0, 0.0, 3.0, 1.0, -0.043961985639, -1.0, -1.0, 2.0, -1.0, 96909.0, 653.0, 99410.0
-1.0, 0.0, 2.0, 1.99224625735, 2.0, 0.0, 3.0, 1.0, 3.0, 1.0, 0.0, 1.0, 1.0, 3.0, 0.0, 3.0, 1.0, 1.52291208115, 0.0, 3.0, 2.0, 0.0, 0.0, 2.0, 1.14855838853, 2.45873826068, 2.0, 0.0, 1.0, 0.0, -1.0, 0.0, 3.0, -1.0, 3.0, 3.0, -0.383647070971, 2.13091375194, 1.46469163754, 1.0, -1.0, 3.0, 3.0, 2.0, 0.0, 0.0, 0.0, 1.0, 3.0, 2.47689528963, 97081.0, 680.0, 99389.0
0.0, -1.0, 3.0, 0.0, 1.0, -1.0, 2.0, -1.0, 0.0, 0.0, 3.0, 3.0, 2.0, 1.0, 2.0, 1.0, 1.0, -1.0, -1.0, 2.0, 1.0, 1.0, -1.0, 1.0, 3.0, 2.0, 1.0357235009, 0.0, 2.0, 1.0, 2.0, 3.0, 2.0, -1.0, -0.830428782129, 3.0, 0.0, 1.0, 0.0, 3.0, 1.24360104087, 0.928826318076, 0.0, 3.0, -1.0, -1.0, -1.0, -1.0, 3.0, 0.0, 97521.0, 560.0, 99487.0
3.0, 1.0, -1.0, 0.0, 1.0, 2.0, -1.0, 3.0, 2.60994835315, 0.0, -0.260121258068, 2.0, -0.592974920294, -1.0, -1.0, 0.0, 1.0, 2.0, -0.134677519594, 2.57878226997, 0.0, 1.14556368661, 0.0, 2.0, 1.0, 1.39501503215, 1.0, 3.0, 3.0, -0.139137857025, 2.0, 0.0, 1.0, -1.0, 2.0, 0.0, 2.0, -0.325048703678, -0.21266450233, -1.0, 3.0, -1.0, 2.0, -1.0, 0.0, -1.0, -1.0, 1.0, 3.0, 1.0, 97426.0, 572.0, 99489.0
0.0, 2.0, 1.41771952619, 0.0, 0.0, 2.0, 2.30965751391, 1.0, 0.0, 0.0, -1.0, 3.0, 0.0, 1.0, 1.0, -1.0, 0.815587947629, 3.0, 0.0, 0.297196269343, 2.0, 2.0, 1.0, 1.0, 3.0, 2.0, 2.69019659682, 1.0, 3.0, -1.0, 3.0, 1.0, 0.0, 1.0, 2.0, 0.0, 2.0, 2.0, 1.0, 0.0, -0.916979710085, 1.0, 3.0, 3.0, 0.0, 3.0, -1.0, 1.0, 0.0, 0.0, 96830.0, 671.0, 99390.0
0.0, -1.0, 1.0, -1.0, -0.300923378332, 1.0, 1.0, 2.0, 1.40859082419, -1.0, 3.0, 1.0, 1.93007118019, 0.0, 1.0, -0.505465353824, 2.0, 2.8967300458, 0.0, 0.0, 2.0, 0.0, 0.339369606748, 0.0, 2.0, 2.04056465157, 3.0, 0.0, 0.294030015744, -1.0, -1.0, 0.0, 1.61855845945, 1.0, 2.0, 3.0, 0.0, 0.0, 2.0, 0.0, 1.0, 2.0, 2.0, 3.0, 2.25278123842, -1.0, -0.18406974242, 1.78963893092, 1.0, -1.0, 97036.0, 622.0, 99437.0
2.0, -1.0, 3.0, -1.0, -1.0, -0.901008789006, 3.0, 0.0, 2.0, 1.0, 0.0, 2.0, 3.0, 2.0, 0.0, 0.0, 1.53534643497, 0.224476905832, -0.961656128497, 1.0, -1.0, 3.0, 1.0, 0.306865964977, 0.0, 2.79345230093, 2.0, 3.0, -0.140673752788, -0.924476028412, -1.0, 3.0, -0.98809896195, 1.85947799459, 0.0, 1.0, 3.0, 1.0, 1.0, -1.0, -1.0, 1.0, -0.615652734561, 0.0, -0.000403789595667, -1.0, 2.0, -1.0, 3.0, 2.16815622172, 97766.0, 532.0, 99527.0
3.0, 1.0, -1.0, 0.0, 3.0, 2.0, 0.645143345653, 3.0, -1.0, 0.0, 0.0, 2.0, -0.923501878856, -1.0, 2.0, 0.0, 1.0, -0.235717074051, -0.134677519594, -0.631802340153, 0.0, 1.0, 0.0, 2.0, 1.0, 1.9562510943, 1.0, 3.0, 3.0, 0.0, 2.0, 0.0, 1.0, -1.0, 1.78058455379, 0.0, 2.0, -0.325048703678, -0.21266450233, -1.0, 3.0, -1.0, 2.0, -1.0, -0.812336476254, -1.0, -1.0, 1.0, 3.0, 1.0, 97417.0, 565.0, 99490.0
-1.0, 0.0, 2.0, 0.983815760244, 2.0, 0.0, 3.0, 1.0, 3.0, 1.0, 0.0, 0.824852195004, 1.0, 3.0, 2.03259625486, 3.0, 0.137031018426, 2.0, 0.0, 3.0, 2.0, 0.0, 2.15254206794, 2.0, -0.19589601924, 2.0, 2.0, 0.0, 1.0, 0.0, -1.0, 0.0, 3.0, -1.0, 3.0, 1.93619258698, -1.0, 0.341798920473, 0.0, 1.0, -1.0, 3.0, 3.0, 2.0, 0.0, -0.547131539996, 0.0, 1.0, 3.0, 2.0, 97173.0, 650.0, 99412.0
-1.0, 0.0, 2.0, 2.0, 2.0, 0.0, 0.668410358535, 1.0, 0.0, 1.0, -0.526884117213, 1.0, 1.0, 3.0, 0.0, 3.0, 0.468807994342, 2.0, 0.0, 3.0, 2.35815360937, 0.0, 0.0, 2.94321372115, 1.14855838853, 2.0, 2.0, 0.0, 1.0, -0.242569778493, -0.84268017877, 0.0, 3.0, -1.0, 3.0, 3.0, -1.0, 2.0, 1.46469163754, 1.0, -1.0, 3.0, 3.0, 2.01489649475, 0.0, 0.0, 0.0, 1.0, 3.0, 2.0, 97032.0, 656.0, 99405.0
0.0, -1.0, 2.0, 1.0, 1.0, 0.0, 0.0, 0.0, 3.0, 2.0, 2.0, 2.0, 0.0, 2.0, 1.0, 1.0, 0.0, 1.0, 2.0, 0.420478077169, -1.0, 3.0, 2.0, 2.0, 3.0, 1.0, 3.0, 1.0, -0.423244122126, 1.0, 0.0, -1.0, 1.0, 2.0, 0.0, 3.0, -1.0, -0.315298317553, 2.0, 2.0, 2.0, 3.0, 0.0, 3.0, 1.0, 0.0, -1.0, -1.0, 2.0, 0.0, 96880.0, 658.0, 99409.0
0.0, 1.0, 2.0, 1.0, 1.0, 2.0, 1.0, -0.270712167348, 1.83219875972, 2.0, 3.0, 2.0, 2.0, 1.0, -0.36938954737, 0.0167794060194, 3.0, -0.254780440927, 0.0, -1.0, 0.132350525852, 2.83335574888, 3.0, 1.0, 0.229693271924, 2.0, 2.0, 0.0, -1.0, 3.0, -1.0, -1.0, -1.0, -1.0, -0.424561484, 1.69750558164, 0.0, 0.463651456088, 0.0, 2.0, 2.0, 0.0, -0.896296532565, 1.0, 2.0, 0.0, -1.0, -1.0, 2.0, -0.717377163692, 97317.0, 594.0, 99461.0
0.0, -1.0, 2.0, 0.0, 0.0, 1.0, 1.19715482577, -1.0, 2.0, -1.0, 1.0, 0.0, 0.0, 0.794548195387, -0.107738328356, 0.0, 2.19386848255, -0.638885020719, -0.673348907242, 1.0, 0.422050215033, 1.0, 3.0, 2.96259354368, 2.83234961713, 0.0, -0.555566200421, 1.0, 0.15272424614, 1.0, 1.0, -0.976333845252, 1.0, 2.0, 3.0, 3.0, 3.0, 1.96094819831, 0.62343453763, 0.0, -1.0, 2.0, -1.0, 0.0, 0.0, -1.0, 1.0, 2.0, 1.0, -1.0, 97228.0, 579.0, 99469.0
0.0, -1.0, 3.0, 0.0, 1.0, -1.0, 2.0, 0.0, 0.0, 0.0, 3.0, 3.0, 2.0, 1.0, 2.0, 1.0, 1.0, -1.0, -1.0, 2.0, 1.0, 1.0, -1.0, 1.0, 3.0, 2.0, 1.0, 0.0, 2.0, 1.0, 2.0, 3.0, 2.0, -1.0, 1.0, 3.0, 0.0, 1.0, 0.0, 3.0, 1.0, 0.0, 0.0, 3.0, -1.0, -1.0, -1.0, -1.0, 3.0, 0.0, 97337.0, 593.0, 99465.0
0.0, 0.149594920423, -1.0, 1.0, -0.11179860201, 2.0, 1.0, 1.0, 0.0, 1.0, 0.531694769341, -1.0, 2.0, 2.0, -1.0, -1.0, 2.0, 1.0, 0.0, 2.0, -0.0339320774735, 2.0, 2.24116923424, 1.0, -1.0, 0.0, 2.0, 0.0, 1.0, -1.0, 1.0, 2.0, 1.0, -1.0, 1.0, -0.648815390895, 0.0, 2.0, 0.0, 0.0, 3.0, 0.880522783874, 2.0, -1.0, 1.0, -1.0, 2.7385066597, 1.0, 1.0, 0.14704775853, 97130.0, 597.0, 99471.0
0.703102296906, -1.0, 2.0, 0.0, 0.0, 1.0, 0.0, -1.0, 2.0, 1.90927948037, 1.0, -0.763891954466, 0.0, 2.0, 1.0, 0.0, 2.0, 2.0, 0.0, 1.0, 1.0, 1.0, 3.0, 3.0, 1.84758557956, 1.64070111215, 2.0, 1.0, 0.0, 1.0, 1.0, 0.0, 1.0, 2.0, 0.0, 3.0, 3.0, 0.0, 0.903484295933, 0.0, -1.0, 2.0, 0.0196492058166, 0.0, 0.0, -1.0, 1.0, 2.0, 1.0, -1.0, 96750.0, 659.0, 99401.0
-1.0, -1.0, 3.0, 1.0, 2.0, 1.0, 0.0, 2.0, -1.0, -1.0, 0.0, 2.0, 1.0, 0.0, 1.0, 3.0, 0.0, 2.0, -0.134478337592, -0.300010524612, 3.0, -1.0, 1.0, 1.0, 2.0, 0.0, -1.0, 1.0, 1.0, -1.0, 0.881332172104, 2.0, 0.0, 1.0, 1.0, 2.0, 1.0, -1.0, 1.0, 0.0, 0.0, 1.0, 1.76865420946, 2.11944209134, 1.0, 0.0, 3.0, -0.422463864052, 1.92323773952, 0.0, 96929.0, 632.0, 99448.0
3.0, -1.0, -1.0, -1.0, 2.0, -0.284807764886, -1.0, -1.0, -1.0, 2.0, 0.0, 0.0, 0.666956192163, 1.0, -0.684423044579, -1.0, 1.79130982156, 0.0, 2.64892443888, 2.0, 0.0, 0.849276130181, 0.0, 1.0, 3.0, -1.0, 0.445757187153, -0.443772498919, 0.4708092991, -1.0, 1.0, 0.0, 0.0, 0.352638485104, -1.0, 2.0, 0.0, -1.0, -0.15118010465, 0.97031912655, 2.0, 1.0, 1.92466268969, 3.0, 3.0, 0.453405289, 2.0, 0.253456202304, 2.0, -0.57176738044, 97390.0, 549.0, 99517.0
3.0, 1.0, -1.0, 0.0, 3.0, 2.0, -1.0, 3.0, -1.0, 0.0, 0.0, 2.0, -0.592974920294, -1.0, 2.0, 0.0, 1.0, 2.0, 1.41412649598, -0.631802340153, 0.0, 1.0, 0.0, 2.0, 1.0, 1.39501503215, 1.0, 1.46271369653, 3.0, 0.0, 2.0, 0.0, 1.0, -1.0, 2.0, 0.0, 1.70922471413, -0.325048703678, -0.21266450233, -1.0, 3.0, -1.0, 2.0, -1.0, -0.812336476254, -1.0, -1.0, 1.0, 3.0, 1.0, 97476.0, 550.0, 99507.0
-1.0, 0.0, 2.0, 0.983815760244, 2.0, 0.0, 3.0, 1.0, 3.0, 1.0, 0.0, 0.824852195004, 1.0, 3.0, 0.0, 3.0, 0.137031018426, 2.0, 0.0, 3.0, 2.0, 2.07325727704, 1.0, 2.0, 0.104486703146, 2.0, 2.0, 0.0, 1.0, 0.0, -1.0, 0.0, 3.0, -1.0, 3.0, 2.76674340128, -1.0, 0.341798920473, 0.0, 1.0, -1.0, 3.0, 3.0, 2.0, 0.0, 0.0, 0.0, 1.0, 3.0, 2.0, 97047.0, 668.0, 99397.0
0.0, -1.0, 2.0, 0.0, 0.0, 0.927196683605, 0.0, -1.0, 2.0, -1.0, 2.0, 0.0, 0.0, 2.0, 1.0, 0.0, 2.0, 2.0, -0.6563388796, -0.130501155925, 1.0, 1.0, 0.934331464768, 3.0, 1.0, 0.0, 2.0, 2.47021207799, 0.0, -0.924518273455, 1.0, 0.0, 0.938088074602, 2.0, 2.0, 3.0, 3.0, 0.0, 2.0, 0.0, -1.0, 2.0, -1.0, 0.0, 0.071063393044, -1.0, 1.0, 2.0, 1.0, -1.0, 96954.0, 611.0, 99439.0
-0.609334293299, -1.0, 3.0, 0.0, 1.0, -1.0, 1.89094142858, 0.0, 0.0, -0.39613696081, 3.0, 3.0, 2.0, 1.0, 0.545948239428, -0.909782733131, 2.29730032604, -1.0, -1.0, 2.80232349161, 0.759152653665, 1.0, -1.0, 1.0, 3.0, 2.7643119558, 1.0, 0.0, 2.01110256356, 1.0, 2.0, 3.0, 2.76210586661, -1.0, 0.366579079806, 3.0, 0.0, 1.0, 0.0, 3.0, 1.0, 0.0, 0.0, 3.0, -1.0, -1.0, -1.0, -1.0, 3.0, 0.0, 97540.0, 559.0, 99491.0
0.0, 0.149594920423, -1.0, 1.0, -1.0, 2.0, 1.0, 1.0, 0.0, 1.0, 0.0, -1.0, 2.0, -0.56171864247, -1.0, -1.0, 2.0, 1.0, 0.0, 2.0, 0.0, 2.0, 2.24116923424, 1.0, -1.0, -0.557894971954, 2.0, 0.0, 1.0, -1.0, 2.0, 2.0, 1.0, -1.0, 1.0, -0.648815390895, 0.0, -0.646478333881, 0.0, 0.0, 2.0, 2.80147642066, 2.0, -1.0, 1.0, -1.0, 2.25711969284, 1.0, -0.508757062623, -0.109449037645, 97571.0, 527.0, 99547.0
-1.0, 3.0, 2.0, 2.24749495151, 1.20101192857, 2.0, 2.0, 1.0, 2.0, 2.0, 3.0, 1.0, 2.0, 1.0, 3.0, 1.0, 1.0, 1.49209388153, 1.0, 2.0, -1.0, 1.0, 2.0, 0.0, 0.0, 1.0, 3.0, 0.0, 2.0, 0.0212740641546, 3.0, 2.0, 1.80912547603, -1.0, 1.0, 1.0, 0.979462681822, 0.0, -1.0, 0.581735535689, -0.723339427647, 0.460530891081, 1.0, -1.0, 3.0, 1.0, 0.799841976617, 0.970517962246, 0.293652733007, -1.0, 97152.0, 633.0, 99430.0
0.0, -1.0, 1.0, -1.0, -0.300923378332, 1.0, 1.0, 2.0, 1.40859082419, -1.0, 3.0, 2.12085514384, 1.93007118019, -0.780249419989, 1.0, -0.997374718703, 2.1973038839, 2.8967300458, 0.0, 0.0, 2.0, 0.0, 0.339369606748, 0.0, 2.0, 2.04056465157, 2.13498516902, 0.0, 0.294030015744, -1.0, -1.0, 0.0, 1.61855845945, 1.0, 2.0, 3.0, 0.0, 0.0, 2.0, 0.0, 1.0, 0.104283745217, 2.0, 2.74963696981, 2.25278123842, -1.0, -0.18406974242, 1.78963893092, 1.0, -1.0, 97064.0, 603.0, 99452.0
-0.779605398017, 0.0, 0.641799934935, 3.0, 0.0, 1.0, 2.0, -0.561885727659, 3.0, 2.5723065736, 0.446744478927, 2.0, 3.0, 0.765560665051, 2.0, -1.0, 2.0, 0.208979197489, 3.0, 0.0, -1.0, 0.0, 3.0, 2.3027998006, 0.0, 2.0, -0.34884666941, 2.0, 2.01916355325, 1.61622548049, -1.0, 0.086576892548, 3.0, -1.0, 3.0, 1.0, 2.0, 0.884606014367, 0.0, 1.23568546358, 1.87406514101, 0.0, 0.234555085461, 0.0, 1.25731108816, 0.0, 1.27808419878, -1.0, 3.0, 1.0, 97221.0, 633.0, 99424.0
3.0, 1.0, -1.0, -0.837545935888, 3.0, 2.0, 2.36735454291, 3.0, -1.0, 0.0, 0.0, 2.0, -0.923501878856, -1.0, 2.0, 0.0, 1.0, -0.235717074051, -0.134677519594, -0.128865688498, 0.0, 1.0, 0.0, 2.0, 1.0, 1.9562510943, 1.0, 3.0, 3.0, 0.0, 2.0, 0.0, 1.0, -1.0, 1.78058455379, 0.0, 2.0, -0.325048703678, -0.21266450233, -1.0, 3.0, -0.181880962054, 2.0, -1.0, -0.812336476254, -1.0, -1.0, 2.62551152535, 3.0, 2.0, 97469.0, 571.0, 99489.0
0.0, 1.0, 2.0, 1.0, 1.0, 2.0, 1.0, -0.270712167348, 1.83219875972, 2.0, 3.0, 2.0, 2.0, -0.617014240708, -0.36938954737, 0.0167794060194, 3.0, -0.254780440927, 0.0, -1.0, 0.132350525852, 2.83335574888, 3.0, 1.0, 0.229693271924, 2.0, 2.0, 0.0, -1.0, 3.0, -1.0, -1.0, -1.0, -1.0, -0.424561484, 1.69750558164, 0.0, 0.463651456088, 0.0, 2.0, 2.0, 0.0, -0.896296532565, 1.0, 2.0, 0.0, -1.0, -1.0, 2.0, -0.717377163692, 97370.0, 575.0, 99476.0
0.0, -1.0, 2.0, 0.0, 0.0, 1.0, 1.19715482577, -1.0, 2.0, -1.0, 1.0, 0.0, 0.0, 0.794548195387, -0.107738328356, 1.62851396325, 2.19386848255, -0.638885020719, 0.2734751282, 1.0, 0.422050215033, 1.46455966287, 3.0, 2.96259354368, 2.83234961713, 0.0, -0.555566200421, 1.0, 0.15272424614, 1.0, 1.0, -0.976333845252, 1.0, 2.0, 3.0, 3.0, 3.0, 1.96094819831, 0.62343453763, 0.0, -1.0, 2.0, -1.0, 0.0, 0.0, -1.0, 1.0, 2.0, 0.953474984761, -1.0, 97189.0, 597.0, 99455.0
3.0, -1.0, -1.0, -1.0, 2.0, -0.714421297396, -1.0, -1.0, -1.0, 2.0, 2.0, 0.0, 0.666956192163, 1.0, 2.0, -1.0, 1.0, -0.258530990675, 0.0267359298924, 2.0, 0.241650848865, -1.0, 0.0, 1.0, 3.0, -1.0, 0.0, -1.0, 3.0, -0.905149418321, 1.6165471739, 0.0, 1.0, -0.306077794787, -1.0, 2.0, 0.0, -1.0, 1.49631153787, 1.0, 0.380881673675, 1.0, 2.09886853059, 3.0, 2.83573677288, -0.750794937027, 1.96027899122, 0.253456202304, 2.0, -0.561409005185, 97848.0, 509.0, 99567.0
0.0, 1.0, 3.0, 0.0, 2.5987315674, 1.0, 3.0, 3.0, 0.0, 1.0, 3.0, 1.0, -0.518726609754, -1.0, 0.0, -1.0, 2.0, 1.0, 0.675160997114, 3.0, 0.0, 1.0, 1.0, 0.0, 0.0, 2.0, 2.0, 2.0, -1.0, 2.0, -0.911786719706, 2.0, 2.0, -1.0, 1.0, 3.0, -0.380417402773, 1.0, 2.0, 0.0, 2.0, -1.0, 0.59962686415, 2.35574916878, 2.0, -0.557365689795, -0.964030039143, 1.0, 2.38169044512, -1.0, 97407.0, 586.0, 99463.0
0.0, 2.0, 1.3523701704, 0.0, 0.0, 2.35673790732, 1.0, 1.0, 0.0, 0.0, 2.0, 3.0, 0.0, 1.0, 0.135829249317, -1.0, 2.64565435096, 3.0, 0.0, 0.297196269343, 2.0, 2.0, 1.0, 1.0, 3.0, 2.0, 2.69019659682, 1.0, 3.0, -1.0, 3.0, 1.0, 0.0, 1.0, 0.881762830314, 0.0, 2.0, 2.0, 1.0, 0.0, 3.0, 1.85798059203, 3.0, 3.0, 0.0, 3.0, -1.0, 1.0, 0.0, 0.0, 96779.0, 701.0, 99372.0
-1.0, 1.4913512623, 3.0, -1.0, 1.0, 0.0, 1.0, 1.0, 2.0, 0.252389639867, 1.78209925676, 2.0, 2.0, 1.75141038431, 1.0, -1.0, 0.0, 2.0, -0.527451967941, 3.0, 0.0, 1.34434734579, 1.0, 0.0, -0.558544224195, 2.0, 3.0, -1.0, 2.0, 1.0, 1.0, 0.0, 3.0, -1.0, 0.0, 2.856768199, -1.0, -1.0, 2.0, 0.0, 1.43717514182, -1.0, -1.0, 1.0, 1.0, 0.0, 0.0, 0.0, -0.634258484869, -0.671836282537, 97400.0, 554.0, 99512.0
3.0, 0.0, 0.0, -1.0, 2.0, 0.0, -1.0, 1.14734290985, -1.0, 0.0, 1.0, -1.0, 0.0, -1.0, 1.0, -1.0, 2.0, 0.0, -1.0, 3.0, 0.0, 0.0, 1.0, 3.0, 1.0, 1.0, 2.0, -1.0, 0.0, 1.0, 2.0, 0.0, 1.0, 0.956560389027, 1.0, 2.0, 1.0, 3.0, 3.0, 2.0, -1.0, 0.0, 3.0, 0.0, 3.0, 1.0, 1.39666059241, -1.0, 0.0, 0.0, 97159.0, 594.0, 99486.0
0.0, 1.0, 2.0, 1.85904955443, 1.0, 2.0, 1.29258504565, -1.0, 0.0, 2.0, 2.53729890436, 2.0, 1.42126062682, 1.0, 0.0, 1.0, 3.0, 1.0, 0.0, -1.0, 1.0, 1.0, 3.0, 1.0, 0.0, 2.0, 2.0, 0.0, -1.0, 3.0, -1.0, -1.0, -1.0, -1.0, 2.0, 1.0, 0.0, 1.0, 0.0, 2.0, 2.0, 0.0, 0.0, 1.0, 3.0, 0.0, -1.0, 1.74970941331, 2.0, 0.0, 97163.0, 621.0, 99431.0
-1.0, 0.0, 1.0, -1.0, 0.0, 1.0, 2.0, 3.0, -1.0, 0.0, -1.0, 2.0, -1.0, -1.0, 2.0, 2.73673191958, 0.0, 1.0, -1.0, 0.83750812932, 3.0, 0.0, -1.0, 1.94567732888, 1.0, 1.0, -1.0, 2.36825220777, 0.0, 3.0, 2.0, 0.0452573232431, -0.1368331261, -1.0, 3.0, 3.0, -0.966699871841, 3.0, 0.0, 0.0, -0.916979710085, 0.0, 1.0, 0.0, 2.0, 1.32629408937, 2.0, -1.0, 2.0, 1.0, 97381.0, 536.0, 99518.0
0.0, 0.0, 1.0, 3.0, 0.0, 1.0, 1.34593222486, 0.0, 3.0, 3.0, 1.98302825029, 1.82428531952, 3.0, 0.0, 0.787151284157, -1.0, 2.0, -1.0, 3.0, 0.0, -1.0, 0.0, 1.73119443962, 1.72074289139, 0.0, 0.853208475067, 1.0, 2.0, 2.0, -0.345859454897, -1.0, 2.0, 3.0, -1.0, 3.0, 1.0, 0.0845985765765, 1.29693897762, 0.0, 1.0, -1.0, 0.86478741778, -1.0, 0.0, 3.0, 0.0, -0.572539489368, -1.0, 3.0, 2.84228398482, 97267.0, 605.0, 99442.0
0.0, -1.0, 2.0, 0.0, 0.0, 1.0, 0.0, -1.0, 2.64563178785, 1.90927948037, -0.291085413495, 0.885237339269, 0.0, 2.0, 1.0, 0.0, 2.0, 2.0, 0.0, 2.7021904342, 0.197975736578, 1.0, 3.0, 3.0, 1.0, 1.64070111215, 2.0, 1.0, 0.0659057301888, 0.934110794086, 1.0, 0.0, 1.0, 2.0, 0.63769542995, 3.0, 3.0, 0.0, 2.0, 0.0, -1.0, 2.0, 0.0196492058166, 0.0, 0.0, -1.0, 1.0, 2.0, 1.0, -1.0, 96778.0, 669.0, 99392.0
-1.0, 0.0, -0.137012328418, -1.0, 1.0, 1.0, 0.773974989717, 3.0, -1.0, 0.0, -1.0, 1.76951357038, -1.0, 0.0, 2.0, 2.0, 0.0, 1.0, -1.0, 1.0, 3.0, 0.0, -1.0, 1.0, 1.0, 1.0, -0.835901962441, 2.0, 0.0, 3.0, 2.0, 0.0, 2.56919113777, -0.754457019366, 3.0, 3.0, -1.0, 0.0, 0.0, 0.0, 0.0, 0.0, 1.0, -0.70969109604, 2.11910582181, 2.16739632024, 2.0, -0.480740782444, 2.0, 1.0, 97248.0, 568.0, 99493.0
-1.0, 0.0, 2.0, 1.99224625735, 2.0, 0.0, 3.0, 1.0, 3.0, 1.0, 0.0, 1.0, 1.0, 3.0, 0.0, 3.0, 1.35379208641, 1.52291208115, 0.0, 3.0, 2.0, 0.0, 0.0, 2.0, 1.14855838853, 2.45873826068, 2.0, 0.0, 1.0, 0.0, -1.0, 0.0, 3.0, -1.0, 3.0, 3.0, -0.383647070971, 2.13091375194, 1.46469163754, 1.0, -1.0, 3.0, 3.0, 2.0, 0.0, 0.0, 0.0, 1.0, 3.0, 2.47689528963, 97081.0, 680.0, 99389.0
0.0, -0.538569624214, 1.0, 3.0, -0.127483188156, 1.0, 0.872850447713, -0.968690766087, 3.0, 3.0, 1.0, 2.0, 1.5657737503, 0.0, 2.0, -1.0, 2.0, 1.0, 3.0, -0.392014945508, -1.0, 0.0, 3.0, 0.364327382534, 0.0, 2.0, 1.0, 1.88476956176, 0.0, 2.141459732, 0.330824269357, 2.0, 3.0, -1.0, 3.0, 1.0, 2.77259151477, 1.0, 0.0, 1.0, -1.0, 1.0, -1.0, 1.89319838527, 2.0, 0.0, -1.0, -1.0, 3.0, 1.0, 97200.0, 606.0, 99433.0
3.0, 1.0, -1.0, 0.0, 1.0, 2.0, -1.0, 3.0, 2.60994835315, 1.0, -0.664627537976, 2.0, -0.592974920294, -1.0, -1.0, 0.0, 1.0, 2.0, -0.134677519594, 2.57878226997, 0.0, 1.14556368661, 2.4024199711, 2.0, 1.0, 1.44392358548, 1.0, 0.0, 3.0, -0.139137857025, 2.0, 0.0, 1.0, -1.0, 2.0, 0.0, 2.0, -0.325048703678, -0.21266450233, -1.0, 3.0, -1.0, 2.0, -1.0, 0.0, -1.0, -1.0, 1.0, 3.0, 1.0, 97453.0, 560.0, 99497.0
0.0, 2.0, 1.41771952619, 0.0, 0.0, 1.8876931724, 2.30965751391, 1.11560482823, 0.0, 0.0, -1.0, 3.0, 0.0, 1.0, 1.0, -1.0, 0.815587947629, 3.0, 0.0, 0.297196269343, 2.0, 2.0, 1.0, 0.856246636154, 3.0, 2.0, 2.69019659682, 1.0, 3.0, -1.0, 3.0, 1.0, 0.0, 1.0, 2.0, 0.0, 2.0, 2.0, 1.0, 0.0, -0.916979710085, 1.0, 3.0, 3.0, 0.0, 3.0, -1.0, 1.0, 0.0, 0.0, 96830.0, 671.0, 99390.0
-1.0, 2.57773977496, 3.0, -1.0, 1.04628053249, 0.0, 1.0, 1.0, 2.0, 0.0, 1.19299150744, 2.0, 2.0, -0.91254456874, 1.0, -0.792452288545, 2.28470455982, -1.0, 1.0, 2.44612577331, 0.0, -1.0, 1.0, 0.0, 0.0, 2.0, 0.0, -1.0, 2.0, 1.69359868543, 1.0, 0.0, 3.0, -1.0, 0.0, -0.0557223300139, -1.0, -1.0, 2.0, 0.0, 1.0, -1.0, -1.0, 1.0, 2.88488925409, -0.99758117686, 0.0, 0.0, -0.110288664076, 2.0, 97307.0, 556.0, 99517.0
0.703102296906, -1.0, 2.36177312289, 0.0, 0.0, 1.0, 0.0, -1.0, 2.0, 2.12041852998, 1.0, 2.12085514384, 0.0, 2.0, 1.0, 2.23440412544, 2.0, 1.71625334574, 0.0, 1.0, -0.315954146657, 2.47773003053, 3.0, 3.0, 1.0, 1.64070111215, 2.34936605993, 1.0, 0.0, 1.0, 1.0, 0.0, 1.0, 2.0, 2.0, 3.0, 3.0, 2.0, 2.0, 0.0, -1.0, 2.0, 0.0196492058166, 0.0, 0.0, 3.0, 1.0, 2.16580413933, 1.0, -1.0, 96833.0, 687.0, 99377.0
-0.796215694452, 0.0, 0.641799934935, 3.0, 0.0, 1.0, 2.0, -0.0116318779155, 3.0, 2.5723065736, 1.0, 2.0, 3.0, 0.765560665051, 0.383821903133, -1.0, 2.0, 0.208979197489, 3.0, 0.0, -1.0, 0.0, 3.0, 2.3027998006, 0.0, 2.0, 1.0, 2.0, 2.01916355325, 1.61622548049, -1.0, 0.086576892548, 3.0, -1.0, 3.0, 1.0, 1.80522243031, 1.0, 0.0, 1.23568546358, -0.60422763744, 0.0, 2.40148993049, 0.0, 1.25731108816, 0.0, 1.27808419878, -1.0, 3.0, 1.0, 97226.0, 631.0, 99428.0
3.0, 1.0, -1.0, -0.98499799707, 3.0, 2.0, 0.645143345653, 0.526216332713, -1.0, 0.0, 0.0, 2.0, -0.927795336078, -1.0, 2.0, 0.0, 1.0, -0.235717074051, -0.134677519594, -0.631802340153, 0.242669802849, 1.0, 0.441346247173, 2.0, 1.0, 1.9562510943, 1.0, 3.0, 3.0, 0.0, 2.0, -0.238087374936, 1.0, -1.0, 1.78058455379, 0.0, 2.0, -0.325048703678, -0.21266450233, -1.0, 3.0, -1.0, 2.0, -1.0, -0.812336476254, -1.0, -1.0, 1.0, 3.0, 1.0, 97484.0, 546.0, 99507.0
0.304211185545, -1.0, 1.0, -1.0, 0.00239623948611, 1.0, 1.0, 2.0, 0.0, -1.0, 3.0, 1.0, 1.0, 0.0, -0.307921109908, 2.13586863252, 0.671811621328, 2.0, 0.0, 1.35374865446, 2.0, -0.376595740515, 1.0, -0.785925594086, 2.0, 1.09726773556, 3.0, 0.0, 0.225970792314, -1.0, -1.0, 0.0, 3.0, 1.0, 2.0, 3.0, 0.0, 2.0, 2.0, 0.0, 1.0, 2.0, 0.0308245785699, 3.0, 1.0, 3.0, 1.0, 1.0, 1.0, -1.0, 96956.0, 637.0, 99424.0
2.0, -1.0, 2.51454555032, 3.0, -0.216787710237, 3.0, 0.0, 2.60801989433, 0.563537011283, 2.0, 2.0, 3.0, 1.0, 2.0, 1.0, 0.0, 1.0, 2.0, -0.162189232045, 1.0, -1.0, 0.0, 1.31436244384, -0.783210486762, 0.0, 1.0, 0.0, 1.0, 3.0, 0.717387356167, -1.0, 0.0, 1.22421076152, 3.0, 0.369858369951, 1.69750558164, -1.0, 2.0, 1.0, 2.0, 1.0, 0.0, 1.0, 2.71683476845, 0.0, 0.0, 0.0, 0.0, 3.0, -0.999010434528, 96932.0, 653.0, 99406.0
0.703102296906, -1.0, 2.0, 0.15175988642, 0.7582754893, 1.0, 0.0, -1.0, 2.0, 1.90927948037, 1.0, -0.763891954466, 0.0, 2.0, 1.0, 0.0, 2.0, 2.0, 0.0, 1.0, 1.0, 1.0, 3.0, 3.0, 1.84758557956, 1.64070111215, -1.0, 1.0, 0.0, 1.0, 1.0, 0.0, 1.0, 2.0, 0.0, 3.0, 3.0, 0.0, 0.903484295933, 0.0, -1.0, 2.0, 0.0196492058166, 0.0, 0.0, -1.0, 2.60450881931, 2.0, 1.0, -1.0, 96822.0, 640.0, 99413.0
3.0, -1.0, -1.0, -1.0, 2.0, -0.418380181739, -1.0, -1.0, -1.0, 2.0, 0.0, 0.0, 0.666956192163, 1.0, -0.684423044579, -1.0, 1.79130982156, 0.0, 2.64892443888, 2.0, 0.0, 0.849276130181, 0.0, 1.0, 3.0, -1.0, 0.445757187153, -0.443772498919, -0.688343427059, -1.0, 0.371995516074, 0.0, 0.0, 0.352638485104, -1.0, 2.0, 0.0, -1.0, -0.15118010465, 0.97031912655, 2.0, 1.0, 1.92466268969, 3.0, 3.0, 0.453405289, 2.0, 0.253456202304, 2.0, -0.57176738044, 97513.0, 535.0, 99531.0
0.0, -1.0, 2.0, 0.0, 0.0, 0.927196683605, 0.0, -1.0, 2.0, -1.0, 2.0, 0.0, -0.658315142368, 2.0, 1.0, 0.0, 2.0, 2.0, -0.6563388796, -0.130501155925, 1.0, 1.0, 0.934331464768, 3.0, 1.0, 0.0, 2.0, 2.47021207799, 0.0, -0.924518273455, 1.0, 0.0, 0.938088074602, 2.0, 2.0, 1.5861579164, 3.0, 0.0, 2.0, -0.63993123668, -1.0, 2.0, -1.0, 0.0, 0.071063393044, -1.0, 1.0, 2.0, 1.0, -1.0, 97160.0, 582.0, 99466.0
1.86589101905, -0.760111751714, -1.0, 1.0, -1.0, 2.0, 1.0, 1.0, 0.0, 1.0, 0.0, -1.0, 2.0, -0.56171864247, -1.0, -1.0, 2.0, 1.0, 0.0, 2.0, 0.0, 2.11993152213, 2.24116923424, 1.0, -1.0, -0.739987285884, 2.0, 0.0, 2.0, -1.0, 2.0, 2.0, 1.0, -1.0, 1.0, -0.648815390895, 0.0, -0.646478333881, -1.0, 0.0, 2.0, 2.80147642066, 2.0, -1.0, 2.29894498472, -1.0, 2.25711969284, 1.0, -0.508757062623, -0.109449037645, 97780.0, 503.0, 99570.0
0.0, -1.0, 1.0, -1.0, -0.300923378332, 1.0, 0.781232821331, 2.0, 1.40859082419, 2.0, 3.0, 2.12085514384, 1.93007118019, -0.780249419989, 1.0, -0.997374718703, 2.1973038839, 2.8967300458, 0.0, 0.0, 2.0, 0.0, 0.339369606748, 0.0, 2.0, 2.04056465157, 0.0, 0.0, 0.294030015744, -1.0, -1.0, 0.0, 1.61855845945, 1.0, 2.0, 3.0, 0.0, 0.0, 2.0, -0.984062721116, 1.0, 0.104283745217, 2.0, 2.74963696981, 2.25278123842, -1.0, -0.18406974242, 1.78963893092, 1.0, -0.897074055667, 97092.0, 602.0, 99452.0
-1.0, 0.254358121124, 3.0, 0.218312541126, 1.0, 1.85062204969, 0.0, 2.0, 0.0, 1.0, 3.0, -1.0, 0.0, 0.0, 1.0, -0.68420903487, 0.0, 2.0, 1.0, 2.0, 1.0, -1.0, -1.0, 0.0, 2.0, 1.13087026262, 2.0, 0.534477311714, 0.15272424614, -1.0, -1.0, -1.0, 0.0, 2.0, 1.0, 3.0, 0.0, 2.0, 1.0, 3.0, 1.0, -0.780575775385, 2.0, 1.0, -1.0, -0.401631989018, 3.0, 1.0, 1.0, 0.0, 97043.0, 605.0, 99474.0
3.0, -1.0, -1.0, -1.0, 2.0, -0.714421297396, -1.0, -1.0, -1.0, 2.0, 2.0, 0.0, 0.666956192163, 1.0, 2.0, -1.0, 1.0, -0.258530990675, 0.0267359298924, 2.0, 0.241650848865, -1.0, 0.0, 1.0, 3.0, -0.035279265942, 0.0, -1.0, 3.0, 1.36944571407, 0.262053327428, 1.70914317419, 1.0, -0.306077794787, -1.0, 2.0, -0.775273950714, -1.0, 1.49631153787, 1.0, 0.380881673675, 1.0, 2.09886853059, 3.0, 2.83573677288, -0.750794937027, 1.96027899122, 0.253456202304, 2.0, -0.561409005185, 97735.0, 525.0, 99548.0
-0.408717817192, -0.552621458368, 1.3523701704, 0.0, 0.0, 2.35673790732, 1.0, 1.0, -0.1479278567, 0.0, 2.0, 3.0, 0.0, 1.0, 0.135829249317, -1.0, 2.64565435096, 1.42035174752, 0.373075038157, 0.297196269343, 2.0, 2.0, 1.0, 1.0, 3.0, 2.0, 2.69019659682, 1.0, 3.0, -1.0, 2.02126037504, 1.0, 0.0, 1.0, 0.881762830314, 0.0, 2.0, 2.0, 1.0, 0.0, 3.0, 2.36457588136, 3.0, 3.0, 0.0, 3.0, -1.0, 1.0, 0.0, 0.0, 96760.0, 687.0, 99379.0
2.0, -1.0, 2.51454555032, 3.0, 1.74061038878, 3.0, 0.0, 0.448953554782, 0.563537011283, 2.0, 2.38990672382, 3.0, 1.0, 0.708065796301, 1.0, 0.0, 1.0, 2.14146425215, -0.162189232045, 1.0, -1.0, 0.0, 1.31436244384, 1.19339889654, 0.0, -0.131947865408, 0.0, -0.212649766483, 3.0, 0.717387356167, -1.0, 0.0, 1.0, 3.0, 0.369858369951, 2.27341346491, -1.0, 2.0, 1.0, 2.0, 1.0, 0.0, 1.0, 2.77115186041, 0.0, 0.0, 0.0, 0.0, 3.0, 0.0, 96718.0, 689.0, 99383.0
-1.0, 0.0, 1.0, -0.749430507698, 0.0, 1.0, 2.0, 3.0, -1.0, 0.0, -1.0, 1.74313773337, -1.0, 1.47222365543, 2.0, 2.0, 0.0, 2.21819472581, 0.624827302912, 1.32166673699, 3.0, 0.0, -1.0, 1.0, 0.73675726908, 2.0, -1.0, 2.0, 0.0, 3.0, 2.0, -0.431829359846, 1.09683383846, -1.0, 3.0, 3.0, -1.0, 1.65800030667, 0.0, 0.0, -0.990249743674, 0.0, 0.828934332902, 0.0, 2.0, 1.32629408937, 2.0, -1.0, 2.0, 1.0, 97282.0, 573.0, 99489.0
0.0, 0.0, 1.0, 3.0, 0.0, -0.252751557209, 2.30965751391, 0.0, 3.0, 3.0, 0.51650871894, 1.82428531952, 3.0, -0.372013368247, -0.371693137952, 0.0860779634612, 1.32206179771, 1.0, 3.0, 0.0, -0.753605402089, 2.51138652691, 3.0, 0.701057420263, 2.07407415319, 2.0, 1.52448288762, 2.0, 0.0, -0.345859454897, -1.0, 1.97533414978, 0.13406258522, -1.0, 0.477210523016, 1.0, 2.0, 0.407668592205, 0.0, 1.0, -0.916979710085, 1.0, -1.0, 0.0, 3.0, 0.0, -0.572539489368, -1.0, 3.0, 2.84228398482, 96974.0, 634.0, 99419.0
2.0, -0.662415065442, 3.0, -1.0, -1.0, -1.0, 3.0, 1.0, 2.0, 0.0, 0.874797685905, 2.0, 3.0, 2.0, 0.0, 0.679361276547, -1.0, 0.224476905832, -0.961656128497, 1.0, -1.0, 3.0, 2.0, 1.0, 0.0, 2.79345230093, 2.0, 3.0, -0.140673752788, -0.924476028412, -1.0, 3.0, -0.884111938771, 0.989439246423, 0.0, 1.0, 3.0, 1.0, 1.0, -1.0, -0.7432090419, 1.0, 1.0, 0.0, -0.000403789595667, -1.0, 0.874648380295, -1.0, 0.0, 0.649017312956, 97755.0, 534.0, 99536.0
0.0, 1.0, 3.0, 0.0, 2.5987315674, 1.0, 3.0, 3.0, 0.0, 1.0, 3.0, 1.0, -0.518726609754, -1.0, 0.0, -1.0, 2.0, 1.0, 0.675160997114, 3.0, 0.0, 1.0, 1.0, 0.0, 0.0, 2.0, 2.0, 2.0, -1.0, 2.0, -0.911786719706, 2.0, 2.0, -1.0, 1.62108472777, 3.0, -0.380417402773, 1.0, 2.0, 0.0, 2.0, -1.0, 0.59962686415, 2.35574916878, 2.0, -0.557365689795, -0.964030039143, 1.0, 2.38169044512, -1.0, 97438.0, 586.0, 99463.0
-1.0, 2.57773977496, 3.0, -1.0, 1.0, 0.0, 1.0, 1.0, 2.0, 2.0, 1.19299150744, 2.0, 2.0, -0.91254456874, 1.0, -0.792452288545, 2.28470455982, -1.0, 1.0, 2.44612577331, 0.0, -1.0, 1.0, 0.0, 0.0, 2.0, 0.0, -1.0, 2.0, 1.0, 1.0, 0.0, 3.0, -1.0, 0.0, 1.0, -1.0, -1.0, 2.0, 0.0, 1.0, -1.0, -1.0, 1.0, 2.88488925409, -0.99758117686, 0.0, 0.0, -0.110288664076, 2.0, 97343.0, 556.0, 99517.0
-1.0, 0.521912867312, 3.0, 0.218312541126, 1.0, 1.0, 0.0, 2.0, 0.0, 1.0, 3.0, -1.0, 0.0, 0.0, 1.0, -0.68420903487, 0.0, 2.0, 1.0, 2.0, 1.0, -1.0, -1.0, 0.0, 2.0, 2.0, 2.0, 0.534477311714, 0.0, -1.0, -1.0, -1.0, 0.0, 2.0, 1.0, 3.0, 0.0, 2.0, 1.0, 3.0, 1.0, -0.780575775385, 2.0, 1.0, -1.0, -0.401631989018, 3.0, 1.0, 1.0, 0.0, 97048.0, 605.0, 99474.0
-1.0, 0.0, 2.0, 1.0, 2.0, 0.0, 3.0, 1.0, 3.0, 0.809445343015, 0.0, 1.0, 1.0, 3.0, 1.47748434796, 3.0, 1.0, 1.52291208115, 0.0, 3.0, 2.0, 0.0, 2.57956724639, 2.0, 1.14855838853, 2.45873826068, 2.0, 0.0, 1.0, 0.0, -1.0, 0.0, 3.0, -1.0, 3.0, 3.0, -0.426916192952, 1.19655444888, 1.46469163754, 1.0, -1.0, 3.0, 3.0, 2.0, 0.0, 0.0, 0.0, 1.16292129842, 3.0, 2.47689528963, 97134.0, 680.0, 99389.0
0.0, -1.0, 2.0, 1.0, 1.0, 0.0, 0.0, 0.0, 3.0, 2.0, 2.0, 2.35668359747, 0.0, 2.76303196582, 1.0, 1.0, 0.0, 1.0, 2.01903895482, 1.0, -1.0, 3.0, 2.0, 2.0, 3.0, 1.0, 3.0, 1.0, 0.0, 1.0, 0.0, -1.0, 1.0, 2.0, 0.0, 3.0, -1.0, 0.0, 2.0, 2.0, 2.33834421566, 3.0, 0.0, 1.50894844865, 1.0, 0.0, -1.0, -1.0, 2.0, 0.0, 96885.0, 658.0, 99409.0
0.0, -1.0, 3.0, -0.205040150459, 1.0, -1.0, 2.0, -1.0, 0.0, 0.0, 3.0, 3.0, 2.0, 1.0, 2.0, 1.0, 1.0, -1.0, -1.0, 2.5367844115, 1.0, 1.0, -1.0, 1.0, 3.0, 2.0, 1.0357235009, 0.0, 2.0, 1.0, 2.0, 3.0, 2.0, -1.0, -0.830428782129, 3.0, 0.0, 1.0, 0.0, 3.0, 1.24360104087, 0.928826318076, 0.0, 3.0, -1.0, -1.0, -1.0, -1.0, 3.0, 0.0, 97533.0, 560.0, 99487.0
-1.0, 0.0, 2.0, 1.05952941484, 2.0, 0.0, 3.0, 1.0, 3.0, 1.0, 0.0, 0.0968637882984, 1.0, 3.0, 0.0, 3.0, 0.137031018426, 2.0, -0.100155399713, 3.0, 2.0, 0.279943196551, 1.0, 2.0, 1.03063116882, 2.0, 2.0, 0.0, 2.46386401906, 0.0, -1.0, 0.0, 3.0, -1.0, 3.0, 2.76674340128, -1.0, 0.341798920473, 0.0, 1.0, -1.0, 3.0, 3.0, 2.0, 0.0, 0.0, 0.0, 1.0, 3.0, 2.0, 97063.0, 668.0, 99397.0
-0.609334293299, -1.0, 3.0, 0.0, 1.0, -1.0, 1.89094142858, 0.0, 0.0, -0.39613696081, 3.0, 3.0, 2.0, 1.0, 2.3527799334, -0.912571990495, 2.29730032604, -1.0, -1.0, 2.80232349161, 0.759152653665, 1.0, -1.0, 1.0, 3.0, 2.7643119558, 1.0, 0.0, 2.01110256356, 1.0, 2.0, 3.0, 2.76210586661, -1.0, 0.366579079806, 3.0, 0.0, 1.0, 0.0, 3.0, 1.0, -0.488064213108, 0.0, 3.0, -1.0, -1.0, -1.0, -1.0, 3.0, 0.0, 97561.0, 559.0, 99491.0
-0.663687363892, 1.0, 2.0, 1.0, 1.84604465415, 2.0, 1.0, -0.270712167348, 1.83219875972, 2.0, 3.0, 2.0, 2.0, -0.617014240708, -0.36938954737, 0.0167794060194, 3.0, 2.40995131499, 0.0, -1.0, 0.132350525852, 2.83335574888, 3.0, 1.0, 0.229693271924, 2.0, 2.0, 0.0, -1.0, 3.0, -1.0, -1.0, -1.0, -0.283245540186, -0.275763718357, 1.69750558164, 0.0, 0.463651456088, 0.0, 2.0, 2.0, 0.0, -0.896296532565, 2.00023241883, 2.0, 0.0, -1.0, -1.0, 2.0, -0.717377163692, 97456.0, 575.0, 99481.0
-0.779605398017, 0.0, 1.0, 3.0, 0.0, 1.0, 2.0, 0.0, 3.0, 3.0, 0.274031963647, 2.0, 3.0, 0.765560665051, 2.0, -1.0, 2.0, 0.208979197489, 2.49843308935, 0.0, -1.0, 0.0, 3.0, 2.3027998006, 0.0, 2.0, 1.0, 2.0, 0.0, 1.61622548049, -1.0, 2.07969660109, 3.0, -1.0, 3.0, 1.0, 2.0, 1.0, 0.0, 1.0, -0.60422763744, 1.0, 0.234555085461, 0.0, 2.0, 0.0, 1.27808419878, -1.0, 3.0, 1.0, 97233.0, 631.0, 99428.0
0.0, 2.0, 2.65257800528, 1.0, 0.0, 2.47295972906, 1.0, 1.0, 0.0, 0.0, 2.0, 3.0, 0.0, 1.0, 1.0, -1.0, 2.0, 1.88639323139, 0.0, 0.297196269343, 2.0, 2.0, 1.0, 1.0, 3.0, 2.0, 2.69019659682, 1.0, 3.0, -1.0, 3.0, 1.0, 0.0, 2.0745416693, 2.0, 0.0, 2.0, 2.0, 1.0, 0.0, 3.0, 1.0, 3.0, 3.0, 0.0, 3.0, -1.0, 1.0, 0.0, 0.0, 96852.0, 701.0, 99372.0
0.0, -1.0, 1.0, -0.547351292029, -0.300923378332, 1.0, 1.0, 2.0, 2.94394823036, -1.0, 3.0, 1.0, 1.93007118019, 0.0, 1.0, -0.505465353824, 2.0, 2.8967300458, 0.0, 0.0, 2.0, 0.0, 0.339369606748, 0.0, 2.0, 2.12392518096, 3.0, 0.0, 0.294030015744, -1.0, -1.0, 0.0, 1.61855845945, 1.0, 2.0, 3.0, 0.0, 0.0, 2.0, 0.0, 1.0, 2.0, 2.0, 3.0, 2.25278123842, -1.0, -0.18406974242, 1.78963893092, 1.0, -1.0, 97084.0, 622.0, 99437.0
-1.0, 0.0, 2.0, 1.37382330552, 2.0, 0.0, 2.57112489544, 1.0, 3.0, 1.0, 0.0, 0.824852195004, 1.0, 3.0, 2.03259625486, 3.0, 0.137031018426, 2.0, 0.0, 3.0, 2.0, 2.80317636492, 2.15254206794, 2.0, -0.19589601924, 2.0, 2.0, 0.0, 1.0, 0.0, -1.0, 0.0, 3.0, -1.0, 3.0, 1.93619258698, -1.0, 0.341798920473, 0.0, 1.0, -1.0, 3.0, 3.0, 2.0, 0.0, 0.43417879575, 0.0, 1.0, 3.0, 2.0, 97110.0, 668.0, 99397.0
3.0, -1.0, -1.0, -1.0, 2.0, -0.714421297396, -1.0, -1.0, -1.0, 2.0, 0.0, 0.0, 0.666956192163, 1.0, 2.0, -1.0, 1.0, 0.0, 2.64892443888, 2.0, 0.0, -1.0, 0.0, 1.0, 3.0, -1.0, 0.0, -1.0, 1.0, -1.0, 1.0, 0.0, 1.0, 0.352638485104, -1.0, 2.0, 0.0, -1.0, 1.0, 1.0, 2.0, 1.0, 2.0, 3.0, 3.0, 0.453405289, 2.0, 0.253456202304, 2.0, -0.561409005185, 97708.0, 527.0, 99552.0
2.0, -1.0, 3.0, -1.0, -1.0, -1.0, 3.0, 0.0, 2.0, 1.0, 0.0, 2.0, 3.0, 2.0, 0.0, 0.0, -1.0, 0.224476905832, -0.961656128497, 1.0, -1.0, 3.0, 2.0, 1.0, 0.0, 2.79345230093, 2.0, 3.0, -0.140673752788, -0.924476028412, -1.0, 3.0, -0.884111938771, 1.85947799459, 0.0, 1.0, 3.0, 1.0, 1.0, -1.0, -1.0, 1.0, 1.0, 0.0, -0.000403789595667, -1.0, 2.0, -1.0, 3.0, 2.16815622172, 97837.0, 534.0, 99536.0
-1.0, 0.0, 1.0, -1.0, 0.0, 1.0, 2.0, 3.0, -1.0, 0.0, -1.0, 2.0, -1.0, 1.47222365543, 2.0, 2.0, 0.0, 1.0, -1.0, 1.32166673699, 3.0, 0.0, -1.0, 1.0, 0.73675726908, 1.0, -1.0, 2.0, 0.0, 3.0, 2.0, 0.0452573232431, 2.70577677446, -1.0, 3.0, 3.0, -1.0, 3.0, 0.0, 0.0, -0.932003991692, 0.0, 0.828934332902, 0.0, 2.0, 1.32629408937, 2.0, -1.0, 2.0, 1.0, 97383.0, 555.0, 99503.0
0.0, -1.0, 3.0, 0.0, 1.0, -1.0, 2.0, 0.0, 0.0, 0.0, 3.0, 3.0, 2.0, 1.0, 2.0, 1.0, 1.0, -1.0, -1.0, 2.0, 1.0, 1.61403597292, -1.0, 1.0, 3.0, 2.0, 1.0, 0.102201712497, 2.0, 1.0, 2.0, 3.0, 2.0, -1.0, 1.0, 3.0, 0.0, 1.0, 0.0, 3.0, 1.0, 1.0, 0.0, 3.0, -1.0, -1.0, -1.0, -1.0, 3.0, 0.0, 97367.0, 593.0, 99465.0
0.563837183335, -1.0, 2.0, 0.0, 0.0, 1.0, -0.0896565960369, -1.0, 0.0, -1.0, 1.0, -0.219473497916, -0.941662496454, 0.794548195387, -0.107738328356, -0.498034424232, 2.19386848255, -0.638885020719, 1.38587840397, 2.73107416679, 0.422050215033, 1.56047009733, 3.0, 2.96259354368, 2.83234961713, -0.135575199287, -0.555566200421, 1.0, 0.15272424614, 1.0, 1.0, -0.976333845252, 1.0, 2.0, 3.0, 3.0, 3.0, 1.96094819831, 0.62343453763, 0.0, -1.0, 2.0, -1.0, 0.0, 0.0, -1.0, 1.0, 2.0, 1.0, -1.0, 97285.0, 581.0, 99471.0
0.0, 0.0, 2.0, 0.0, 0.430621927303, 0.0, 0.0, 0.0, -1.0, 3.0, 1.0, 2.0, -1.0, 2.0, 2.0, 0.0, 3.0, -1.0, -1.0, -1.0, 0.0, 0.0, 1.41468963976, -0.73674521074, 2.0, 2.0, 1.08791850263, 1.0, 2.49266045045, 1.49555609236, -1.0, 1.0, -1.0, 1.0, 0.0644922567718, 2.0, 0.0, 1.0, 1.0, 2.0, -0.27973220387, 3.0, 1.0, 0.0, 1.0, -0.95343061294, 1.85117220437, -1.0, 2.0, -1.0, 97319.0, 574.0, 99491.0
3.0, -1.0, -1.0, -1.0, 2.84572565991, -0.714421297396, -1.0, -1.0, -1.0, 2.0, 0.0, 0.0, 0.666956192163, 1.0, 2.0, -1.0, 0.910179677158, 0.0, 2.64892443888, 0.0119510157485, 0.0, -1.0, 1.13074371557, 1.0, 1.08265166448, -1.0, 0.0, 1.23171319091, 1.0, -1.0, 1.0, 0.0, 1.0, 0.352638485104, -1.0, 2.0, 0.0, -1.0, 1.0, 2.96001985351, 2.0, 1.0, -1.0, 3.0, 3.0, 0.393882620311, 2.0, 0.253456202304, 2.0, -0.561409005185, 97673.0, 529.0, 99549.0
0.703102296906, -1.0, 2.36177312289, 0.0, 0.0, 1.0, 0.0, -1.0, 2.0, 2.12041852998, 1.0, 2.12085514384, 0.0, 2.0, 1.0, 2.23440412544, 2.0, 1.37486268015, 0.0, 1.0, 1.0, 2.47773003053, 3.0, 3.0, 1.0, 1.64070111215, 2.0, 1.0, 0.0, 1.0, 1.0, 0.0, 1.0, 2.0, 2.0, 3.0, 3.0, 2.0, 2.0, 0.0, -1.0, 2.0, 0.0196492058166, 0.0, 0.0, 3.0, 1.0, 2.0, 1.0, -1.0, 96834.0, 687.0, 99377.0
0.0, 0.0, 2.0, 0.0, 0.430621927303, 0.0, 0.0, 0.0, -1.0, 3.0, 1.0, 2.0, -1.0, 2.0, 2.0, 0.0, 3.0, -1.0, -1.0, -1.0, 0.0, 0.0, 2.15254206794, -0.73674521074, 2.0, 2.0, 1.08791850263, 1.0, 2.49266045045, -0.485678526698, -1.0, 1.0, -1.0, 1.0, 0.0644922567718, 2.0, 0.0, 1.0, 1.0, 2.0, -0.27973220387, 3.0, 1.0, 0.0, 1.0, -0.95343061294, 1.85117220437, -1.0, 2.0, -1.0, 97329.0, 574.0, 99491.0
-1.0, 2.57773977496, 3.0, -1.0, 1.22997144311, -0.348823396965, 1.0, 1.0, 2.0, 2.0, 1.19299150744, 2.0, 2.0, -0.98492767037, 1.0, -0.792452288545, 2.28470455982, -1.0, 1.0, 2.44612577331, 0.0, -1.0, 1.0, -0.624205138849, 0.0, 2.0, 0.0, -1.0, 2.0, 1.0, 1.0, 0.0, 3.0, -1.0, 0.0, 1.0, -1.0, -1.0, 2.0, 0.608468291827, 1.0, -1.0, -1.0, 1.0, 2.88488925409, -0.99758117686, 0.0, 0.0, -0.110288664076, 2.0, 97470.0, 537.0, 99531.0
0.0, 2.0, 2.65257800528, 1.0, 0.0, 2.47295972906, 1.0, 1.0, 0.0, 0.0, 2.0, 1.0, 0.0, 2.00753730819, 1.0, -1.0, 2.0, 1.88639323139, 0.0, 0.297196269343, 2.0, 2.0, 1.0, 1.0, 3.0, 2.0, 2.69019659682, 1.0, 3.0, -1.0, 3.0, 1.0, 0.0, 2.0745416693, 2.6711530505, 0.0, 2.0, 2.0, 1.0, 0.0, 0.693622976285, 1.0, 3.0, 3.0, 0.0, 3.0, -1.0, 1.0, 0.0, 0.0, 96867.0, 701.0, 99372.0
2.0, -1.0, 3.0, -1.0, -1.0, -1.0, 3.0, 1.0, 2.0, 1.0, 0.874797685905, 2.0, 3.0, 2.0, 0.0, 0.0, -1.0, 0.224476905832, -0.961656128497, 1.0, -1.0, 3.0, 2.0, 1.0, 0.0, 2.79345230093, 2.0, 3.0, -0.140673752788, -0.924476028412, -1.0, 3.0, -0.884111938771, 1.85947799459, 0.0, 1.0, 3.0, 1.0, 1.0, -1.0, -1.0, 1.0, 1.0, 0.0, -0.000403789595667, -1.0, 2.0, -1.0, 3.0, 0.649017312956, 97841.0, 534.0, 99536.0
2.0, -1.0, 3.0, -1.0, -1.0, -0.901008789006, 3.0, 0.0, 2.0, 1.0, 0.0, -0.740319481888, 3.0, 2.0, 0.0, 0.0, 1.53534643497, 0.224476905832, -0.961656128497, 1.0, -1.0, 3.0, 2.29360622384, 0.306865964977, 0.0, 2.79345230093, 1.84691981305, 3.0, -0.140673752788, -0.924476028412, 0.829843564782, 3.0, -0.98809896195, 1.85947799459, 0.0, 1.0, 3.0, 1.0, 1.0, -1.0, -1.0, 1.0, -0.615652734561, 0.0, -0.000403789595667, -1.0, 2.0, -1.0, 3.0, 2.16815622172, 97712.0, 540.0, 99525.0
-1.0, 0.0, 2.0, 2.0, 2.60231503602, 0.0, 0.668410358535, 0.888079473608, 0.0, 1.0, -0.526884117213, 1.0, 1.0, 3.0, 0.0, 3.0, 0.468807994342, 2.0, 0.0, 3.0, 2.35815360937, 0.0, 0.0, 2.97654152558, 1.14855838853, 2.0, 2.0, 0.0, 1.0, -0.242569778493, -0.84268017877, 0.0, 3.0, -0.963178536218, 3.0, 3.0, -1.0, 2.0, 1.46469163754, 1.0, -1.0, 2.83791129992, 3.0, 2.01489649475, 0.0, 0.0, -0.315235352956, 1.0, 3.0, 2.0, 97055.0, 656.0, 99405.0
-0.779605398017, 0.0, 1.0, 3.0, 0.0, 1.0, 2.0, 0.0, 3.0, 3.0, 0.274031963647, 2.0, 3.0, 0.765560665051, 2.0, -1.0, 2.0, 0.208979197489, 2.49843308935, 0.0, -1.0, 0.0, 3.0, 2.3027998006, 0.0, 2.0, 1.38635074847, 2.0, 0.0, 1.61622548049, -1.0, 2.07969660109, 3.0, -1.0, 3.0, 1.0, 2.94648568114, 1.0, 0.0, 1.0, -0.60422763744, 1.0, 0.234555085461, 0.0, 2.0, 0.0, 1.27808419878, -1.0, 3.0, 1.0, 97241.0, 631.0, 99428.0
-0.779605398017, 0.0, 1.0, 3.0, 0.0, 1.0, 2.0, 0.0, 3.0, 3.0, 1.0, 2.0, 3.0, 0.765560665051, 2.0, -1.0, 2.0, 0.208979197489, 3.0, 0.0, -1.0, 0.0, 3.0, 2.3027998006, 0.0, 2.0, 1.0, 2.0, 0.0, 1.61622548049, -1.0, 1.86141902656, 3.0, -1.0, 3.0, 1.0, 2.0, 1.0, 0.0, 1.0, -0.60422763744, 1.0, 0.234555085461, 0.0, 2.0, 0.0, 1.27808419878, -1.0, 3.0, 1.0, 97257.0, 631.0, 99428.0
0.703102296906, -1.0, 1.0, -1.0, -0.300923378332, 1.0, 1.0, 0.0480923503525, 1.40859082419, -1.0, 3.0, 1.0, 1.93007118019, 0.0, 1.0, -0.505465353824, 2.0, 0.950546182777, 0.0, 0.0, 2.0, 0.0, 1.0, 0.0, 2.0, 2.04056465157, 3.0, 0.0, -1.0, -1.0, -1.0, 0.0, 3.0, 1.0, 2.0, 1.76461602855, 0.0, 2.0, 2.0, 0.0, 1.0, 2.0, 2.0, 3.0, 2.25278123842, 3.0, 1.0, 1.0, 1.0, -1.0, 97165.0, 626.0, 99436.0
0.0, 2.0, 2.65257800528, 1.0, 0.0, 2.47295972906, 1.0, 1.0, 0.0, 1.0, 2.0, 3.0, 0.0, 1.0, 1.0, -1.0, 2.0, 1.88639323139, 0.0, 1.01415400643, 2.0, 2.0, 1.0, 1.0, 3.0, 2.0, 2.69019659682, 1.0, 3.0, -1.0, 3.0, 1.0, 0.0, 2.0745416693, 2.0, 0.0, 2.0, 2.0, 1.0, 0.565141964561, 3.0, 1.0, 3.0, 3.0, 0.0, 3.0, -1.0, 2.00415334931, 0.0, 0.0, 96920.0, 701.0, 99372.0
2.77883963251, 1.0, 1.47652980043, 1.0, 0.917161077671, 0.675659286675, 1.0, -1.0, 2.59748853068, 2.0, 3.0, 2.0, 2.0, 1.0, 0.0, 0.584279105472, 3.0, 1.0, 0.0, -1.0, 1.0, 1.0, 3.0, 2.0, 0.0, 2.0, 2.0, 0.0, -1.0, 3.0, -1.0, -1.0, -1.0, -1.0, 2.0, -0.467207180994, 0.0, 1.0, 0.0, 1.69706522597, 2.63411736502, 0.0, 0.0, 0.608618261705, 3.0, -0.177980762741, -1.0, -0.313403039687, 2.0, 1.33066153465, 97239.0, 621.0, 99431.0
0.703102296906, -1.0, 2.0, 0.0, 0.0, 1.0, 0.0, -1.0, 2.0, 1.90927948037, 1.0, 0.885237339269, 0.0, 2.0, 1.0, 0.0, 2.0, 2.0, 0.0, 1.0, 1.0, 1.0, 3.0, 3.0, 1.0, 1.64070111215, 2.0, 1.0, 0.0, 1.0, 1.0, 0.0, 1.0, 2.0, 2.0, 3.0, 3.0, 0.0, 2.0, 0.0, -1.0, 2.0, 0.0196492058166, 0.0, 0.0, -1.0, 1.0, 2.0, 1.0, -1.0, 96801.0, 669.0, 99392.0
-1.0, 0.0, 1.0, -1.0, 1.77865453063, 1.0, 0.773974989717, 3.0, -1.0, 0.0, -1.0, 2.0, -1.0, 0.0, 2.0, 2.0, 0.0, 1.0, -1.0, 1.0, 3.0, 0.0, -1.0, 1.0, 1.0, 1.0, -0.835901962441, 2.0, 0.0, 3.0, 2.0, 0.0, 2.0, -0.330088289565, 3.0, 3.0, -1.0, 0.0, 0.0, 0.0, 0.0, 0.0, 1.0, -0.70969109604, 2.11910582181, 1.0, 2.0, -1.0, 2.0, 1.0, 97268.0, 572.0, 99499.0
0.0, -1.0, 1.0, -1.0, -0.300923378332, 1.0, 1.0, 2.0, 1.40859082419, -1.0, 3.0, 1.0, 1.93007118019, 0.0, 1.0, -0.505465353824, 2.0, 2.40878321757, 0.0, 0.0, 2.0, 0.0, 1.0, 0.0, 2.0, 2.04056465157, 3.0, 0.0, -1.0, -1.0, -1.0, 0.0, 3.0, 1.0, 2.0, 3.0, 0.0, 2.0, 2.0, 0.0, 1.0, 2.0, 2.0, 3.0, 2.25278123842, 3.0, 1.0, 1.0, 1.0, -1.0, 97198.0, 626.0, 99436.0
