0.0, -1.0, 1.15720404643, 0.0, 2.0, 1.0, 1.78087011609, 0.383930829291, 1.0, 1.6078409206, 2.0, 2.0, 1.0, 2.0, 0.932267610493, 3.0, 0.511304019433, -0.554801215788, 0.821956306321, 2.92883011424, 0.904119308694, -0.415506004505, 2.63351070641, 1.0, -0.159686147658, -0.848834952968, 2.01741631365, 1.12382656516, 1.0, 0.0996901842344, 1.0, 0.0, -1.0, 0.0783798315364, -0.208100538806, -0.659894676578, 0.749823626543, 1.64829331704, 2.25442773191, 3.0, -0.0949356111264, 1.36593961411, -0.962326381453, -1.0, -1.0, -1.0, -1.0, 2.44027488446, 2.62770587342, 1.0, 1e+32
3.0, 2.63324870663, 2.0, 0.644581238491, -1.0, 1.26254004535, 2.21856922079, 1.44608391927, 3.0, 2.33232546534, 1.0, 2.0, -0.947047496853, 2.5234160353, 2.25936221857, -1.0, 2.59526210215, -0.123003603979, 0.774979285501, -0.547628823743, 1.0, -0.70732576267, 3.0, 2.80103940941, 3.0, 2.67970349795, 2.59649398468, 0.63367156196, 2.99690486791, 2.53594528893, -1.0, -1.0, 1.01698257565, 3.0, 1.11007585052, 3.0, 1.39579321108, 0.0, 3.0, 1.79394510578, 1.0, 2.0, 0.836609335394, 1.63686519008, 1.10053464702, 2.66344965162, -0.37530111266, -1.0, 1.54078689101, -1.0, 1e+32
-1.0, -1.0, 3.0, 2.85628487313, 1.0, 2.0, 2.70993753957, 2.0, -0.822776202543, -0.110568836395, 2.03723075022, 3.0, 3.0, -0.680915460789, 0.640611724889, 1.0, 0.0, -0.318332262185, 2.0, -1.0, 2.82951796182, 0.794001295761, 0.841000009946, 0.465495942362, -0.962964756781, 3.0, 1.13896481913, 1.0, 2.47424641994, 0.0, 1.52395342802, 0.488699894695, -0.0254550461447, 0.0497821780884, 2.0, 1.92772002019, 1.84715760331, 0.0, 0.750047003634, 3.0, 2.60889749425, 2.96772594425, -0.119629546971, 0.633784767791, 3.0, -0.917237527526, -1.0, 2.82740863062, 2.13392797752, -0.508941956402, 1e+32
0.0, 2.0, 2.0, 2.43380912138, 3.0, -1.0, -1.0, 0.855151946446, -0.972030396212, -1.0, 3.0, -1.0, 0.755414696368, 1.40166411805, 1.92908075259, 2.57802328275, 2.25099119558, 0.0, 2.82630465781, -0.508482693995, 3.0, 0.0, 3.0, -0.61848120841, 3.0, 2.97213119578, 1.0, 1.40177284703, 3.0, 1.21125364428, 1.52500347252, 1.0, 0.216594871836, -0.84477371257, 0.0, 0.767618769406, 1.15481108662, 1.22363524217, -1.0, 1.20451278748, -0.201517909891, 0.0, -0.420762153157, 2.22159303541, 2.32555246334, -0.0354004728453, -1.0, 2.00833425509, 2.32770331905, 2.81673156191, 1e+32
2.0, 2.0, -0.140448714184, -1.0, 0.0, 3.0, -0.479834560993, -0.461109738396, -1.0, 2.1426568783, 3.0, 1.84782795274, 2.10047322677, 2.61298763631, 0.788079692787, 2.0, 0.665929343861, 0.0, 1.07864552914, 1.0, 0.791588395099, 0.18001882784, -0.326040094348, 0.0, 3.0, 1.47455867257, 0.145015200667, 1.14069839637, 3.0, 0.34673248301, -0.746699024965, 1.0, 2.05543009539, -0.798619289827, 1.35960420587, -0.145418720067, 2.49807976463, 1.0, -0.947756100477, 1.2538149005, 2.0, 0.126975312082, 1.0, 0.56314323348, 2.0, 3.0, 1.48814071635, 1.0, 3.0, 1.01089689795, 1e+32
2.0, 3.0, 3.0, -1.0, 2.89775646547, 0.0, 2.72900991841, 2.0, -0.285688369218, 2.0, 3.0, -1.0, 1.25619512611, 0.0, 2.0, -0.914923368128, 2.0, 2.76320493177, -1.0, -1.0, 1.0, 2.74385976046, 0.483114804571, 1.53005869549, 1.43858853689, -0.492798711097, -0.753792929786, -0.641063181932, 0.141594963388, 1.22051047519, 3.0, 0.0, 2.83078735729, 2.04760764064, 2.86877043888, 0.0, 0.40214745551, -0.731278314294, -1.0, 3.0, 2.79998237823, 0.446208312964, -0.962326381453, 2.79934368233, -0.521868467311, 0.0, -0.374173594022, 2.6431024118, -1.0, 1.83709099767, 1e+32
0.0, -1.0, 1.15720404643, 0.0, 2.0, 1.0, 1.78087011609, 0.383930829291, 1.0, 2.90227809495, 2.0, 2.0, 1.0, 2.0, 0.932267610493, 3.0, 0.511304019433, -0.554801215788, 0.821956306321, 2.92883011424, 0.904119308694, -0.415506004505, 2.63351070641, 1.0, 2.70687524801, 2.68137078243, 2.01741631365, 1.12382656516, 1.0, 0.0996901842344, 1.0, -0.843595483148, -1.0, 0.0, -0.208100538806, -0.659894676578, 0.749823626543, 1.64829331704, 2.25442773191, 3.0, -0.0949356111264, 1.36593961411, 0.0, -1.0, -1.0, -1.0, -1.0, 2.44027488446, 2.62770587342, 1.0, 1e+32
3.0, 2.63324870663, 2.0, 0.644581238491, -1.0, 1.26254004535, 2.21856922079, 1.44608391927, 3.0, 2.33232546534, 1.0, 2.0, -0.947047496853, 2.5234160353, 0.640611724889, -1.0, 2.59526210215, -1.0, 0.774979285501, -0.547628823743, 1.0, -0.70732576267, 3.0, 2.80103940941, 3.0, 2.67970349795, 2.59649398468, 0.63367156196, 2.99690486791, 2.53594528893, -1.0, -1.0, 1.01698257565, 3.0, 1.11007585052, 3.0, 1.39579321108, 0.0, 3.0, 1.79394510578, 1.0, 2.0, 0.836609335394, 1.63686519008, 1.10053464702, 2.66344965162, -0.37530111266, -1.0, 1.54078689101, -1.0, 1e+32
-1.0, -1.0, 3.0, 3.0, 1.0, 2.0, 2.70993753957, 2.0, -0.822776202543, -0.0374681437449, 2.03723075022, 3.0, 3.0, -0.680915460789, 2.25936221857, 0.284342267783, 0.0, -0.260840076751, 2.0, -1.0, 2.82951796182, 0.794001295761, 2.0, 0.465495942362, -0.921357728991, 3.0, 1.81179834438, 1.0, 2.90571266986, 0.0, 1.52395342802, 0.488699894695, -0.0254550461447, 0.0497821780884, 2.0, 2.92477839867, 1.84715760331, 0.0, 0.750047003634, 3.0, 2.60889749425, 2.98433271085, -0.572575746027, 0.633784767791, 3.0, -0.917237527526, -1.0, 1.69219107713, 2.13392797752, -0.508941956402, 1e+32
3.0, -1.0, 2.0, 0.644581238491, -1.0, 1.26254004535, 2.21856922079, 1.44608391927, 3.0, 0.916333587945, 1.0, 2.0, -0.947047496853, 2.42884684426, 2.25936221857, -1.0, 2.59526210215, 1.77649575307, 0.774979285501, -0.547628823743, 1.0, -0.70732576267, 3.0, 2.80103940941, 3.0, 2.67970349795, 2.59649398468, 0.476470664787, 2.99690486791, 2.53594528893, -1.0, -1.0, 1.01698257565, 2.84230578852, 1.11007585052, 3.0, 1.0, 0.0, 3.0, 2.21333784974, 1.0, 2.0, 0.836609335394, 1.63686519008, 1.02481507462, 2.66344965162, -1.0, -0.610098046559, 1.54078689101, 0.199376464497, 1e+32
-1.0, 1.4740790242, 3.0, 3.0, 1.0, 2.0, 2.47373219506, 2.0, -0.822776202543, -0.0374681437449, 0.380748242252, 3.0, 3.0, -0.923753772576, 0.640611724889, 1.0, 0.0, 1.07593700675, 2.0, -1.0, 2.29922380909, 0.794001295761, 2.0, 0.465495942362, -0.921357728991, 2.57531581918, 0.319625761195, 2.75670981405, 2.90571266986, 0.0, 0.182685173635, 0.488699894695, 0.9726834821, 0.955636114914, 2.0, 1.92772002019, 1.84715760331, 0.0, 0.750047003634, 3.0, 2.30689212338, 2.96772594425, -0.119629546971, 0.0, 3.0, -0.959116629648, -1.0, 2.82740863062, 2.13392797752, 2.0, 1e+32
0.0, 2.0, 2.0, 0.0, 1.09697636684, -0.0303926759442, -1.0, -0.349789143719, -0.972030396212, -1.0, 3.0, -1.0, 0.864951205164, 2.26403510521, 1.92908075259, 2.95979171683, 2.25099119558, -0.0118237691264, 2.0, -0.508482693995, 3.0, -0.58176067027, 3.0, -0.61848120841, 3.0, 2.55839505828, 1.0, 1.40177284703, 3.0, 1.21125364428, -0.800683636397, 1.0, 0.216594871836, 2.0, 0.0, 0.767618769406, 2.49807976463, 1.22363524217, -1.0, 2.11224363424, 0.174033866648, 0.0, -0.420762153157, 2.7783585122, 1.29936734857, 2.91643503136, -1.0, 1.0, 2.01568381246, 2.22168474282, 1e+32
2.0, 0.175706280151, -0.140448714184, -1.0, 0.0582310054377, 3.0, -0.479834560993, 1.63238214244, -1.0, 2.1426568783, 3.0, 1.84782795274, 1.0496263272, 2.61298763631, 0.788079692787, 2.0, 0.665929343861, -0.321968300889, 2.0, 1.0, 2.31514109384, 1.15785390393, -1.0, 0.0, 3.0, 1.47455867257, 0.145015200667, 2.0, 3.0, 0.34673248301, -0.924582344126, 1.0, 2.05543009539, -0.798619289827, -0.115244668322, -0.145418720067, 1.15481108662, 1.0, -0.947756100477, 1.2538149005, 0.317215432367, 0.126975312082, 1.0, 0.56314323348, 1.85612294239, 3.0, 1.50042493205, 2.00833425509, 3.0, -0.733042039555, 1e+32
2.0, 3.0, 3.0, -1.0, 2.0, 0.0, 2.49968789463, 2.0, -0.201730241631, 2.0, 3.0, -1.0, 1.25619512611, 0.0, 2.0, 0.23201801042, 2.0, 2.76320493177, -1.0, -1.0, 1.55810628248, 2.74385976046, 0.483114804571, 0.394921011818, -0.588499443577, -0.492798711097, -0.885826033688, -0.641063181932, 0.141594963388, 0.422407233628, 3.0, 0.0, -1.0, 2.04760764064, 2.86877043888, 0.0, 0.40214745551, 0.526745151445, -0.261492078119, 3.0, 2.79998237823, 0.847867684803, -0.962326381453, 2.79934368233, -0.521868467311, 0.0, -0.374173594022, 1.74371104721, -1.0, -0.0564212009688, 1e+32
0.484949900134, -1.0, 3.0, 0.0, 2.0, 1.0, 0.550392336951, 0.383930829291, 0.661593777224, 2.90227809495, 2.0, 2.11341825954, 1.0, 2.0, 0.932267610493, 2.55260111647, -0.849727094668, -0.730829158763, 2.62896840416, 2.92883011424, 0.904119308694, -0.330236293213, 1.87489926467, -0.797713570352, 3.0, 2.0, 2.12903692307, 1.12382656516, 1.0, 0.0996901842344, 1.0, -0.843595483148, -0.967799251398, 0.0, -0.208100538806, 1.0, 2.20066426674, 1.64829331704, 3.0, 1.9507735284, 1.86593287898, 1.36593961411, 2.67617266243, -1.0, -1.0, -1.0, 0.532772060449, 2.44027488446, 2.05025756953, 1.0, 1e+32
1.55414551679, -1.0, 2.0, 0.644581238491, -1.0, 1.26254004535, -0.858099763452, 1.82996665957, 2.84096195528, 1.72925574047, 1.0, 2.0, -0.969670791231, 2.42884684426, 2.25936221857, -1.0, 2.59526210215, -1.0, 0.774979285501, -0.378526018838, 1.0, 1.08577578683, 3.0, -0.950223440044, 3.0, -0.596320356724, 2.71050833603, 0.89446663998, 2.99690486791, 2.37958935656, -1.0, -1.0, 1.01698257565, 3.0, 1.11007585052, 3.0, 1.0, 0.0, 3.0, 1.79394510578, 1.64661848397, 2.0, 0.836609335394, 1.63686519008, 1.10053464702, -0.362908346519, -1.0, -1.0, 1.54078689101, -1.0, 1e+32
-1.0, 2.37102776566, 3.0, 3.0, 1.0, 2.0, 2.52659489295, 2.0, -0.822776202543, -0.452415510694, 2.36837216779, 3.0, 3.0, -0.98358836418, 1.89886560911, 1.0, 0.0, 1.07593700675, 2.0, -0.802948159083, 2.29922380909, 0.794001295761, 2.1729040952, 2.80103940941, -0.995961792415, 2.67970349795, 1.13896481913, 1.0, 2.90571266986, 0.0, -0.991900476138, 1.87373936751, -0.0254550461447, 0.0497821780884, 2.0, 1.92772002019, 1.84715760331, 0.0, 1.8539463918, 3.0, 2.60889749425, 2.96547165624, -0.119629546971, 0.0, 3.0, -0.917237527526, -1.0, 2.82740863062, 2.13392797752, -0.699436925637, 1e+32
2.77652389151, -1.0, 0.375994753945, 2.00910196969, 2.0, 1.26254004535, -0.858099763452, 1.44608391927, 3.0, 0.559344116377, 1.0, 1.34429568139, -0.985082651488, 2.0, 2.25936221857, -1.0, 2.59526210215, -1.0, 0.774979285501, -0.547628823743, 0.0183627345862, -0.70732576267, 3.0, 2.80103940941, -0.921357728991, 2.67970349795, 1.13896481913, 1.0, 2.99690486791, 0.92143740205, 2.0, -1.0, 1.53592622497, -0.677567756252, 1.11007585052, 3.0, 1.0, 1.90117352614, 3.0, -0.529049387613, 2.91585739373, 2.0, 2.54357739444, 1.63686519008, 3.0, 2.66344965162, -1.0, -1.0, 1.54078689101, 0.844281103975, 1e+32
-1.0, 2.63324870663, 3.0, 3.0, 1.77225206454, 2.0, 2.47373219506, 2.0, -0.942841281226, 0.916333587945, 0.314871627044, 3.0, 3.0, -0.680915460789, -1.0, 1.0, -0.724939095352, 1.07593700675, 2.0, -0.984957946119, 2.29922380909, 1.77724586394, 2.13852249258, 0.465495942362, 3.0, 3.0, 1.55446658904, -0.447780298092, 2.93549076107, 0.777695879201, -0.991900476138, 0.488699894695, 0.700628443166, 0.759898685599, 2.37906124941, 1.92772002019, 1.84715760331, -0.0777105028185, 0.353362117506, 3.0, 2.60889749425, 2.5801103471, -0.119629546971, 0.0, 1.10053464702, -0.917237527526, -1.0, 2.79562656524, 2.84804897705, 2.0, 1e+32
3.0, -1.0, 2.5265362722, 2.0, 2.0, 1.26254004535, -0.858099763452, 1.44608391927, 3.0, -0.0374681437449, 1.6990589071, 2.0, -0.974625250744, 2.0, -0.173635071268, -1.0, -0.687866709034, -1.0, 0.774979285501, -1.0, 1.0, -0.0968864093812, 3.0, -0.0468327049799, 3.0, 3.0, 2.59649398468, -0.453977548909, 2.99690486791, 2.62246184904, -1.0, -0.265323029712, 1.0, 3.0, 1.11007585052, 3.0, 2.4223463685, 0.118464496349, 3.0, 1.79394510578, 2.99108073847, 2.49516299911, 2.0, 1.92364685838, 0.439565023985, 0.195917512114, -1.0, -1.0, 1.54078689101, -1.0, 1e+32
2.40146650826, 2.17948577506, -1.0, 2.07075385123, -1.0, 3.0, -1.0, 1.54656482792, -0.377463510039, 1.89552106777, 2.37983257779, 1.0, -1.0, 0.0, 2.0, 2.91540488513, 0.717482462878, 2.98858161598, 2.0, 2.53214766429, -0.472535492228, 0.808309704816, -0.761955088878, -0.742844783271, 1.41843634611, -1.0, 0.438542363807, 2.0, -0.989044777377, -0.451437708864, 2.0, -0.303996224769, 3.0, 2.53133119972, 3.0, -0.0759346942586, 1.90229566408, 1.85708475942, 3.0, 2.59931778293, 0.847531047915, 2.0, 2.0422439701, -0.278346753129, -0.312941437146, 3.0, -0.619214891471, 1.60053575743, 3.0, 1.0, 1e+32
-1.0, 1.13028044344, 3.0, 3.0, 2.29471290954, 2.0, 0.33571659363, 1.52006965969, -0.822776202543, 1.17601750911, 1.43608219146, 3.0, 3.0, 0.574499949085, -1.0, 0.364742110924, 0.0, 1.07593700675, 2.0, -0.581959631414, 2.29922380909, 0.794001295761, 2.33973790901, 0.465495942362, -0.921357728991, 3.0, 1.13896481913, 1.0, 2.90571266986, 0.143557007929, -0.991900476138, 0.488699894695, 0.188846502304, 2.0, 2.98655954845, 1.92772002019, 1.84715760331, 1.79392319987, 2.64011391238, 2.05460777179, 2.60889749425, 2.96547165624, -0.119629546971, 0.0, -1.0, 0.444655916024, 1.17664066216, 2.82740863062, 2.12232881881, 2.0, 1e+32
-0.95299179154, -1.0, 3.0, -0.946545426912, -0.19223804334, 2.36457742258, 1.78087011609, 0.383930829291, 0.0860197112874, 0.52133466747, 0.200879673777, -0.794596807838, -0.656617369321, 2.0, 0.932267610493, 3.0, -0.798181652686, -0.0648359212352, -1.0, 2.94771018014, 1.04856713702, -0.415506004505, 1.87489926467, 1.0, 1.50856723295, 2.0, -0.107256415183, 1.12382656516, -0.976333114996, -0.622903082659, 1.0, -0.135079960339, -1.0, 0.0, 2.06075408833, 1.0, 1.08295557582, 0.281017243705, 1.84267795769, 3.0, 3.0, 3.0, 0.0980094148955, -1.0, 3.0, -1.0, -0.232754467851, 1.0633741935, -0.925853092243, 1.0, 1e+32
-1.0, -0.980666653182, -0.89733333136, 2.65044002435, 2.0, 1.89793450095, 3.0, -0.123152490806, 2.0, -1.0, -0.506903475317, -1.0, 3.0, 1.45050973154, 1.67558308356, 1.05147695104, -1.0, 0.201518884343, 3.0, -1.0, -1.0, 1.28233738215, 1.74067673942, -0.365565092427, -0.691970951389, 2.01106272677, 1.88296040053, 0.717938652875, -0.412690519053, 2.91455940613, 2.05765471774, 3.0, 2.96252167383, -0.26054870303, 2.39905544279, 2.0, 1.52366006434, 0.429564551315, 2.0, 2.0, 1.0, 1.78854303015, 1.24508957509, 3.0, 1.91778393472, 3.0, -1.0, 3.0, 1.87345397411, -1.0, 1e+32
3.0, -1.0, 2.0, 1.96359490349, 2.51422469274, 2.70687629588, -0.637664091974, 1.44608391927, 3.0, 0.916333587945, 0.507741514471, 1.16867781711, -0.947047496853, 1.00366381636, 2.25936221857, 0.668363021333, 0.0, -1.0, 0.774979285501, 0.376529040569, 1.0, 0.0, 2.00955724985, 3.0, 0.511302793513, 2.67970349795, 2.0, 1.0, 1.96269403174, 2.74759374051, -1.0, -0.750946124774, 1.97185326919, 3.0, 1.03014471188, 3.0, 1.0, -0.841057275234, 0.55952639534, 1.79394510578, 1.0, 0.335858894923, -0.431986480084, 1.63686519008, 2.79678992575, 2.88924175086, -1.0, 0.180075825858, 1.54078689101, -1.0, 1e+32
-1.0, 1.6777856442, 3.0, 1.86756538265, 1.0, 2.27872296092, -0.831609659564, -0.561836659735, 0.0, 2.56845580456, 2.50909278206, 3.0, 3.0, -0.680915460789, 2.0, 0.497573126255, 0.0, 0.381193707262, 2.0, -1.0, 0.532769459255, 0.794001295761, 2.0, 0.465495942362, -0.763627393176, 1.84463641514, 0.0702098392914, 1.0, 1.53215121973, 0.0, -0.765378991666, 1.16206431693, -1.0, 0.801686315548, -0.0957875025014, 0.317252709049, 1.84715760331, 0.0, 0.617413985059, 3.0, 2.60889749425, 2.96547165624, -0.119629546971, -1.0, 3.0, 1.0, -1.0, 2.63413781358, 1.63105922998, 1.77892658843, 1e+32
-0.225923767277, -0.431448545011, 0.37904966669, 1.17825560463, 2.0, 2.31499706789, 3.0, -0.203504683944, 1.78414719518, 0.916333587945, 1.0, -0.941467878082, 1.40882695255, 2.16297796232, 2.25936221857, -1.0, 0.0, -1.0, 2.0, -1.0, 1.0, 0.0, 3.0, 2.93912403641, 3.0, 2.67970349795, 2.0, 2.82114134849, 0.0862918619986, 0.5638848572, 0.0808822584924, -1.0, 2.71461015713, 3.0, 2.66079717457, 3.0, 2.08762463159, -0.561498923336, 1.22156739738, 1.79394510578, -1.0, 2.99830165989, -1.0, 2.67092414178, 0.969179659418, 2.66344965162, -0.271949173694, 2.08733213482, 2.0, -1.0, 1e+32
2.59565857689, 1.67423054295, -1.0, -1.0, -1.0, 2.30943244934, 0.65029798, -1.0, 0.0, -0.0603722471402, 2.91086520369, -0.280333361913, 2.51638084739, -0.99616549813, 1.73729407469, 3.0, -1.0, -1.0, 2.77150424698, 2.22648098246, -0.422787535443, 1.61976250361, -1.0, 2.27524575895, 0.135486274603, -0.568905583967, 2.34103348929, -1.0, -0.558314001412, 2.78239204754, -0.947670165733, 1.40458610396, 0.416966338555, 2.0, 1.33525765797, 1.0, 1.64608359016, 2.18730202123, 2.72797948933, 1.90657562183, -0.858441342897, -0.515687790747, 0.0500166977567, -0.846026554173, 0.0677502537447, 1.0, 2.0, -0.971173428403, 0.489830887788, 2.11334789046, 1e+32
-0.62221004828, 0.0, -1.0, 2.0, -0.662341000081, 2.97174162392, 2.09092929217, 2.14726513992, 0.0, 0.900838468301, 1.50624021299, 1.88771289327, -1.0, -0.823250464644, 2.0, 1.0, 2.30194690103, 2.84683571328, -0.123449981763, -0.105429667149, 0.0, -1.0, -0.761955088878, -0.742844783271, 0.390125643309, -1.0, 0.0, 2.15023127935, -0.975829646348, 2.62414648994, 2.29402254729, -0.614465374641, 0.781800688988, 1.21909590916, 1.57506512178, -0.998640498758, 1.11848569254, 0.501714118457, 2.5694571174, 1.0, -1.0, -0.946015586724, 2.74638120452, -1.0, -0.455275116872, 1.68894505439, -0.619214891471, 3.0, 2.0, 1.73207911932, 1e+32
-1.0, -0.982261649594, 3.0, 3.0, -0.832318193744, 1.06095378696, -1.0, 1.75468160917, 1.96741593484, 2.56845580456, 1.43608219146, 3.0, 3.0, -0.923123285991, -1.0, 2.61248895406, -0.253318297651, 0.982223271797, 2.0, -1.0, 0.532769459255, 0.794001295761, 2.0, 2.34155174287, 2.92869281072, -0.341459160225, 3.0, 2.27088399723, 2.68724088708, 1.85142255549, 0.0, 1.0, -1.0, 2.0, 2.0, 1.0, 2.09270314114, 0.446112318192, 0.617413985059, 3.0, 3.0, 2.9634642641, 1.02931604169, 0.0, 3.0, 1.0, -1.0, 2.69418819053, 3.0, 2.52453646091, 1e+32
-0.16543443293, 1.0, 2.48625082627, 2.0, -0.816347942178, 0.740213592474, 2.0, -0.970103932113, -0.321102393273, 0.0, -0.409387421892, 0.949052987137, 1.17102989878, -1.0, -0.224392194602, 0.597824166135, -1.0, 1.22868517934, -0.363189882043, -0.885562069787, 1.39621634886, -0.533987486545, 2.0, 1.24470915035, 2.0, 0.215381691564, -0.0464725880384, 0.0, -0.975829646348, 0.0, -1.0, -0.607003699418, 3.0, 2.23472368386, -0.79827563766, 2.19204572188, 2.6750422098, 2.0, 1.86690902607, 3.0, -1.0, 2.00598364137, -0.493815675638, -1.0, -1.0, 1.02362964084, 1.95498182754, 0.124029729283, -0.0749010711937, 1.74183064414, 1e+32
0.0, 0.792233265765, -1.0, 2.0, -1.0, 1.92797592773, -1.0, 2.47133955666, 0.0, 1.86649093871, 2.0, 0.956472522385, 0.639460292129, -0.500309419459, -0.247148686637, 1.0, 0.260443023186, 1.0, -0.546267269492, 0.956108542586, -0.684177600908, -0.280759466974, 2.9712760082, 0.0973598125412, 1.41843634611, -0.00152762850409, 0.948108828606, 2.79160181894, 2.34639948889, 0.0128262792314, 0.972840210625, 1.31738301746, -1.0, 2.0, 2.46208087576, -0.0759346942586, -0.712838703053, -0.615153880683, 3.0, 2.12563592206, -1.0, 2.53224723083, 2.80498324206, 1.66684452656, 1.2940097992, 1.11792608379, 1.01960246666, 3.0, 0.182780925543, 1.0, 1e+32
-1.0, 0.0, 3.0, 3.0, 1.0, 2.0, 0.82001945158, 2.87094472483, 1.28996897245, 3.0, 1.73656708199, 0.838548556482, 3.0, 2.79277727755, -1.0, 2.61248895406, 1.0, 0.982223271797, 2.96700590701, -1.0, -0.994401197851, 0.794001295761, -0.761955088878, 2.06731003934, -0.836554669006, 3.0, 1.45341430621, -0.428683817973, 2.0, 1.29499483559, -0.889995867933, 1.24193589153, 2.6822146099, 1.0, 1.60443592049, 0.307136456715, 0.0, 2.62146574369, 1.0, 2.06891966965, 1.0037339533, 2.9634642641, 0.643276188358, 1.42251674053, 3.0, 0.960617155314, -1.0, 2.46451847804, -0.835926232181, 2.0, 1e+32
3.0, -0.0337539742952, 0.60012382925, 1.57731498811, 2.51873195405, -0.596470568643, 2.29814830114, -0.699287815559, -0.208564938876, 1.88639581202, -0.432845691452, -0.392749754689, 2.12769156479, -0.531377401773, 0.340085078224, -0.158059909006, -1.0, -0.58304642079, -0.499674524297, -0.446990055206, 3.0, 0.0, 2.0, 3.0, 2.20572814411, 3.0, 0.0, 2.47582702786, 2.0, 2.0, -1.0, 0.0, 1.22962164519, 2.0, -0.296954360365, 1.17888724508, 0.0285928866639, 2.0, 3.0, 2.68623820665, 2.34473495447, 1.71877457133, -0.874151392635, -0.534784383775, 0.813358370201, 1.0, 2.05202097983, 1.0, 2.0, 3.0, 1e+32
3.0, 1.0, 2.34863062872, 2.72482788726, 0.314993191126, 1.90413155873, 2.6889512317, -0.682288498437, 0.0, 0.0, 1.47673593878, 2.15053311763, 1.4405308628, 3.0, -0.653084499978, 1.68631304127, -1.0, -1.0, 2.46704153111, 2.94753418084, -0.217713890764, 1.61976250361, -1.0, -0.614730082512, 2.23459747784, 0.215381691564, 3.0, 0.0628162016576, -0.208624633848, 2.0, -0.591933735321, -0.170144885389, 0.0743126752962, 1.0, -0.810668377416, -0.498211760562, -0.178809197134, 0.0803301551273, 2.0, 1.57126484273, -1.0, 1.60585073024, -0.633659617768, 0.978804425087, 1.44007942528, 1.0, 2.0, 1.0, 1.0, 1.0, 1e+32
-0.521352251538, -0.519139332833, -1.0, 2.0, 2.9593009935, 3.0, 0.308375038019, -0.773021007282, 0.0, 2.32358110937, 2.1320741514, 1.0, -1.0, 0.0, 2.0, 1.0, 1.25113704793, 1.56978306701, 2.74746220111, 2.97559988552, 0.0, 0.492546917591, 2.0, -1.0, 1.41843634611, 2.93678262149, -0.27919216794, 1.0, 0.0, -0.570662010223, 0.0762493960002, 1.33047709711, 3.0, 1.0, 3.0, -0.0759346942586, 1.0, 0.874224631551, 1.03889362228, 1.0, -0.661906818794, 1.74066266136, 2.10135170444, -0.406362411164, 3.0, 1.48003097551, -0.779307947072, -0.635467604025, -0.122029321054, 2.19349372708, 1e+32
1.50705591873, 2.0, -0.441808046481, 3.0, -1.0, 2.0, -0.38077726519, 1.11511473683, 2.58959240438, 0.195892166853, 0.353538480045, 3.0, 3.0, 0.301020652102, -1.0, 2.90932610845, -0.697473585072, 1.0, 2.0, 0.828570754435, 1.00010220304, 1.00849506196, -0.761955088878, 2.07059402818, -0.711800459707, 3.0, -0.902477870127, 2.0, 0.23078788808, -0.670845630362, 0.586044318358, 0.172847943974, 1.85771907874, 2.50068208844, 2.08105213792, 1.26872204469, -0.549946923532, 0.0, 0.801971816058, 3.0, 3.0, 2.72040329709, -0.42644262497, -1.0, -0.475223768511, 1.39551898851, -1.0, 2.08324546596, 2.0, 1.61678833457, 1e+32
2.97166155531, -1.0, 1.9560713182, 1.20972124896, 0.524310226868, -0.44900184589, 2.83937526462, 2.48101268714, 0.49980178498, 2.96164613399, 0.515763742655, -0.10592203955, 1.0, -0.550281227787, -0.475999814544, 3.0, -0.798181652686, 0.0, 0.567475599335, 0.443819178286, 1.0, 2.0, -0.930918005793, 1.34849936122, 3.0, 2.0, 1.0, 0.842094999454, 0.50778134261, 2.48609816836, -0.669486752844, 0.0, 0.411985751691, 0.0278617856753, -0.38376164317, 1.04714112397, 2.0, 0.960307262457, -0.385956082538, 1.84247697592, 1.17410970302, 1.76282942165, 0.0, 2.07404481846, -1.0, -0.0341982048767, 0.19785802959, 0.824233845196, 1.06260588931, 1.0, 1e+32
-1.0, 1.0, 0.755650150913, 1.76984522405, 2.43647095035, 0.0, 3.0, -0.563359459935, 2.0, 1.61804302359, 0.370839568355, -1.0, 0.177697763796, 0.0, 1.3736073933, 1.57480516766, -0.0580483761363, -1.0, 2.31824498863, 2.0, -1.0, -0.415506004505, 1.50400888187, 2.3429281562, 1.67616786538, 1.0, -1.0, 1.44537608858, -0.226101046234, -0.0997582056928, -0.744506708282, 3.0, 1.22706996768, -0.483863917041, 1.71222181384, 2.0, -0.247762800571, 0.352578638852, 1.90441179737, 1.62431897865, -0.043280086317, 2.14506829087, -1.0, 2.22138366621, 1.82214320148, 3.0, -0.743865018545, 3.0, -0.893622837821, -1.0, 1e+32
3.0, -0.754027751632, 2.0, 1.21255612918, 2.55698747839, 1.84162994981, 2.99947998043, 1.78010204878, 2.20762679719, 1.40643310015, 1.23429698079, -1.0, 0.0, 2.33624831187, 2.87328065722, 1.44978305487, -1.0, 1.40631669052, 0.503258799427, 1.11105966463, 2.36624801335, -0.619360694302, 3.0, 3.0, 2.0, 0.894440915002, -0.471481712259, 0.303039393344, 0.849260091336, -0.275044679065, -0.690038668664, -0.33932036245, 1.0, -0.394679201292, 1.01233148624, 2.90397936378, 1.0, 0.810394372871, 2.72619238608, 0.627160891176, 1.0, 2.0, 1.85399077173, -0.485935380622, 0.760846521805, -0.703413161433, -1.0, -1.0, 1.82364971496, 1.85578884621, 1e+32
1.39109388264, -0.360891606083, 0.246007228711, -1.0, 2.0, 3.0, -0.77395905875, -1.0, 0.0265487698903, -0.548641099329, 3.0, 2.0, -0.603576297751, -1.0, -0.224392194602, 2.28605958968, -1.0, 1.0, 2.63425046792, -0.999945579307, 1.55226035237, 2.41767336913, 2.0, 3.0, 0.0356250460339, 3.0, 1.95554666538, 0.0, 2.60326205897, 2.68579137961, -1.0, -0.856026242408, 3.0, 1.72778169218, 1.0, 0.0310319570033, 1.07777602692, 2.10315464666, 2.27069001625, 1.90657562183, 0.479510121274, -0.669017777625, -0.833625220215, -1.0, 2.0, 1.0, 0.6663378967, 1.94176138789, 0.0, 1.0, 1e+32
2.2325937018, 2.1195480747, 1.04675816974, -0.890698202759, -1.0, 0.0, 2.96628292499, -1.0, 1.05605802568, 1.0, 2.7515273171, 0.382486737746, -0.158875252848, 2.49008283955, 0.0, 3.0, 0.145805936515, 2.4141259384, 1.51156612881, 2.94753418084, 0.0, 0.0, 1.1125372493, 0.996122130403, -0.380794190506, 1.52069829765, -0.604531328526, 1.62626162676, -0.512037360254, 2.0, -0.444781083975, 1.0, 2.41898745305, 0.624518718997, 2.02099960749, -0.953306073445, 2.0, 2.0, 2.0, 3.0, -1.0, 0.524557791561, -1.0, 2.0, -0.375426273894, 2.01648855472, -0.854235828848, 1.39622216731, 0.663457054503, 3.0, 1e+32
1.91321294724, 1.46652502535, 1.60909246613, 3.0, -0.769562985681, 2.0, 2.0, 1.4794435903, 0.0, 1.86649093871, -0.332776158023, 3.0, 3.0, 0.846863532735, 2.06232825164, 2.61248895406, 1.30169620339, 2.66178918825, 1.22954421884, -1.0, 0.0, 1.99646176039, 0.206963039173, 0.0, 1.0, 2.81019549289, -0.463515116454, 1.66823341643, 0.0, 0.9994495885, -0.957831448834, -0.716777137613, -1.0, 2.0, 2.0, 1.0, 0.0, 0.0, 0.0328233856206, 3.0, 1.03677431907, 2.92360987136, 1.0, -0.61122679998, 3.0, 1.0, 2.0, 3.0, -0.393523685302, 2.6696008142, 1e+32
1.0, 2.0, 3.0, -1.0, 2.0, 3.0, 0.217388361454, -0.687487423489, 1.0, 0.815624574004, 3.0, 2.0, 1.17884822856, -1.0, 0.566246528851, 2.0, 0.882523280856, 1.38703230768, 1.53567869844, -1.0, 0.955904767447, 3.0, 0.886975415898, 0.0, 0.837269508545, 1.50158358982, -1.0, 0.288615992447, 1.0, 0.0490516206669, -0.743965703294, 3.0, 1.14912350183, 0.0188894509361, 2.69171110538, 0.0, 1.1534951069, 0.437750133172, 0.0882065317573, 0.0, 0.983646112321, 2.94432735615, 1.73731505633, 1.68898655057, 2.0, 2.82716897192, 1.0, -0.970630713697, -1.0, 2.42491032422, 1e+32
1.76688174591, -1.0, 3.0, 0.0, 0.738234753433, 1.85107659372, -0.32486910094, 2.28998559932, 2.88380243242, 2.0, 0.202090968909, 2.0, 0.632370288828, 2.96768060563, 1.37125889567, 2.0, -0.0501171882278, -0.54091021531, 0.434606677888, 2.50434470717, 2.35634160835, -0.27090066896, -1.0, 1.0, 2.10412144263, 2.0, 0.829461907443, 3.0, -0.828061418928, 0.0, 2.99188094738, 2.29088546096, -0.847960471571, 0.360903517071, 0.0, 1.92127012905, 1.90763487736, 2.0, 0.0693495117645, 3.0, 3.0, 1.78854303015, 1.85641372189, -1.0, -1.0, -1.0, 0.847584365942, 3.0, 0.531313685791, 2.06909828634, 1e+32
-0.123421809064, -0.866042079193, -0.361033171357, -1.0, -0.42183471058, -0.295617366617, 2.98849860139, 1.0, 2.89354587429, 1.38502637788, 1.65357633889, 0.602261481653, 2.75703243573, -1.0, 2.74580334115, 1.8610821319, 1.46922346662, -1.0, 0.91088212065, -0.497450314091, 1.0, -0.0480198447056, 0.946404540056, 2.54781928482, -0.985495991734, -1.0, 2.05329564412, 2.76755498745, -1.0, -0.784234927251, 0.0851555557053, 3.0, 2.84884633945, -1.0, 0.0, 3.0, 3.0, 0.508775930438, 3.0, 2.89629430363, -0.284594214869, -1.0, 2.30040349264, 0.0, 2.77491961001, -0.814421048303, -0.241854908999, 2.81149757255, 0.929745295778, 2.25567600918, 1e+32
2.63907791451, 1.76107988564, -1.0, -0.415926353185, -1.0, 0.0, 1.14581067316, -0.620078932122, 0.0, -0.410336585561, 0.457547120751, 0.715340048086, 3.0, -0.467441867446, 2.62028366213, 3.0, -1.0, 0.986237376549, 0.437491786623, 0.807635046479, 0.0, 0.0, -1.0, 1.47062871796, 1.0, 1.89320563503, 2.26255371507, 2.12036681508, -0.078085991103, 2.0, 0.169692595684, 2.74389339069, -0.0592711679632, 2.0, 2.61874050514, 0.709928670179, 0.608495006387, 1.69174127355, 2.0, 3.0, -1.0, -0.825613103445, 0.264257908805, 1.18076587194, 1.14465972188, 2.14917387417, 2.07671856877, 1.0, -0.314706037605, 3.0, 1e+32
-0.482951459516, 2.0, -0.187811903419, 1.47939411291, 1.0, 3.0, 0.744621464945, 2.02798209962, 0.0, 3.0, 0.889679519176, 2.68432863714, -1.0, -0.181770121154, 2.0, -0.529584580089, 0.293911441432, 1.0, 0.40353588614, -1.0, 0.0, 2.58015363343, 2.56847813698, 1.0, 2.22311685456, 0.775870004078, -1.0, 2.0, 2.65974498084, 1.0, 2.53845179489, -0.766686630597, 3.0, 1.13470623416, -0.67362418468, -0.0759346942586, 0.0968432346175, -0.824354021429, 1.0, 2.75605048262, 0.0115535814672, 2.72040329709, -1.0, -0.385636112959, 0.0, 3.0, -1.0, 3.0, 0.252265956708, 2.64610730951, 1e+32
-0.265603579426, -0.221237095195, 3.0, 3.0, -1.0, 2.0, 1.05372936826, 2.0, 1.67142744625, 1.86649093871, -0.979711995349, 3.0, 2.40202539675, 1.97133760884, -1.0, 1.5931907063, 0.194029637413, -0.739117541024, 1.22845676551, 1.64988462454, -0.0551956180345, 1.89239378013, -0.268546012094, 2.61431397384, -0.977795198948, 1.19388595271, -0.0800139357723, 1.0, 2.63017332812, -1.0, 0.40877723137, 1.0, -0.511791699873, 2.0, 1.04003710703, 0.609397021641, -0.244161771828, 0.0, 3.0, 3.0, 3.0, 1.27928194927, 0.16244189624, -1.0, 1.33954376113, 1.51857784791, 2.01476537425, 2.55648948929, 2.87804820001, 2.0, 1e+32
2.75793131502, 0.111357580351, -0.877883570536, -0.120362500893, 2.26435319663, 0.992141524756, 0.587161996418, 2.12492158649, 0.347140459285, 0.486934675989, 1.0, -0.82971644846, 0.857699882969, 2.0, 2.08411441208, -1.0, 0.737534276893, 0.0, 0.94641760233, 1.0, -1.0, 2.04691863627, 3.0, 0.0814313002862, 2.1594890548, -1.0, -0.408318063964, -0.641325441611, 2.3603452027, -0.883475605939, 0.641852095336, -0.566356730269, -0.781653091623, 1.47467910814, 1.0, 1.70923711932, 1.0, 2.96243683027, -1.0, 1.32208056202, 3.0, -1.0, -1.0, 3.0, 2.43258626189, 1.3222078389, 2.90310051374, 0.56393178857, 1.60914955215, -0.913261554136, 1e+32
2.84071662934, -0.254625233436, 2.80840982392, 2.0, 2.98826007009, 1.00057050637, 1.45180950181, 0.0857907058152, 2.21759924401, 0.0, 2.70211240338, 1.07133247276, 1.7842843431, 2.36915544634, -1.0, 3.0, 3.0, 2.0, -1.0, -1.0, -1.0, 3.0, 1.0, 3.0, 1.20308548257, -0.442099494742, 2.72183278229, -0.504649288245, 2.0, 2.0, 2.85585342954, 2.70505816857, 3.0, 1.3293294578, -0.269423122378, 1.51255005064, 2.0, 2.51296643529, 1.40947226337, -0.607457163756, -1.0, -0.581624322792, 0.0, 1.7660960461, -0.850092407695, 0.845585032414, -0.222257908925, 0.627829152599, 2.58554904737, 2.0, 1e+32
2.39106526301, 3.0, 0.692097860665, 0.981118666228, 2.43112806237, 2.65202722455, -0.792863816765, -1.0, 2.0, 0.0, 2.13509738932, 2.44270090851, 3.0, -0.202484147715, -0.771772671934, 2.30399438758, 2.34306510043, 3.0, 0.044517814674, -1.0, -0.471844713398, 1.02616159673, -0.691350611604, -0.967186414656, 1.4590336369, 1.0, 3.0, 0.739182227067, 2.0, 2.24103163551, 3.0, 1.0, -0.124880509116, 2.62313769828, 2.89822895435, -1.0, 2.34457236486, -0.0368995908293, 2.29807833646, 0.428449240824, 1.0, 3.0, 0.0, 1.0, 2.94057539818, -1.0, 2.64411555034, -1.0, -0.391967819056, 1.96406598125, 1e+32
1.0, 2.0, 1.26383191768, -0.493764321858, 0.321418085398, 1.0, 0.471026280324, 0.153902309663, 2.34255064893, 3.0, 1.0, 1.0, -1.0, 0.262876320898, 2.79920543282, 3.0, 0.129525690773, -1.0, 0.998580787524, 2.48505796422, 2.0, 1.10002627053, 2.57153080829, -0.299873939947, 3.0, 1.7289658745, 2.34275571098, 1.0, 2.53132046327, 1.51803504148, -0.940747833378, -1.0, -0.434429660496, 2.0, 2.54844346328, -0.268424519765, 2.05874278793, 0.924211150412, 3.0, 0.863896289113, 3.0, 0.0, 2.28447746861, 0.0, 3.0, 3.0, 2.69903116114, -0.938544897777, 0.148948135972, 3.0, 1e+32
2.32729959151, 2.95998556036, 2.0, 1.59587068502, 1.84126406988, 0.0159888970501, 1.64010430931, 1.28462263162, 0.0495930806635, -0.024882938714, 3.0, 1.07154029606, 1.19066659713, 2.46489345207, 2.69304370526, 2.23252470599, 1.0525194764, 1.90045956761, -0.6774762046, 1.0, 2.0, 1.44137172703, 2.73902738417, 2.0474794389, 1.0, -0.988442330092, 2.0, 0.0296656285897, -1.0, -0.723529233326, 3.0, 2.0, 1.09238858163, 1.50995809779, 2.0, 3.0, 2.10439108858, 0.284143533821, -0.397355339078, 0.0, -0.820172195161, 0.349135458929, -0.995389168669, 0.386954744918, -0.947553188985, -0.112265282681, 0.275048942657, 2.32704723423, 0.563550790921, 2.96973972425, 1e+32
2.0, 2.0, -1.0, -0.161170267496, -0.809800826645, 3.0, -1.0, 2.33106757019, 0.0, 0.550819525149, 3.0, 2.80751187159, -1.0, 2.0, 2.42304912049, 2.47908547469, 2.19692447113, 1.73133792066, 1.08955477737, 2.0, 1.76498565767, 0.885485279192, 1.04266206502, 0.969264194854, -1.0, 3.0, 1.82310172723, 2.20573440871, -0.127650438575, 0.0, 2.0, 2.19615299625, 2.48419903112, -1.0, -0.617118902782, 2.0, 2.27155048758, -0.103394812836, 0.441258699837, 2.33124363784, -1.0, 1.18644819307, -1.0, 1.06160019552, 1.85112694334, 0.58584551532, 0.369442250519, 1.37907828096, -1.0, 2.88984824013, 1e+32
1.90983439108, 0.618656915181, -0.858279914051, -1.0, 2.05522799606, 3.0, -0.984343235068, 0.080214738543, 2.0917448855, 2.03442281515, 2.53411817935, -1.0, 0.263403149444, -0.604768568552, 2.08257244853, 2.0, -0.0490989492771, 1.93773621328, -0.815006196795, -1.0, 0.961970395403, 3.0, -1.0, -0.306766684632, 1.07370154197, 1.0, -0.773183426347, 2.0, -0.56413383482, 1.28183296579, 3.0, 1.32498779683, 1.22951587576, 0.0, 2.0, 2.37153185459, 2.70511716848, 2.0, 0.0230332845711, 0.0, -0.75278176697, -0.996860969509, 1.0, -0.33758771485, -0.475860933325, 0.0, 1.30251593677, -0.251117496293, -0.766181476107, 0.0, 1e+32
3.0, 3.0, 2.87342378126, 0.318773029427, 1.59508639588, -1.0, 2.69180526206, 2.0, 0.339868952764, -1.0, 1.0, 1.93482224969, 3.0, 0.503687762445, 2.83738547663, 3.0, 0.0, -0.341553501109, 0.942356574095, -0.226678962144, 1.0, -1.0, 0.302057710419, 3.0, 2.99490034621, 1.62871880093, 1.26762838635, 3.0, -0.040832251799, 0.629441341407, 2.64706663923, -1.0, 1.0, 3.0, 3.0, -0.0563359228491, -0.0729322235841, -1.0, 1.0, 1.13974944621, -1.0, 0.0, 1.01373676074, 0.687174153887, 2.0, -1.0, 3.0, 2.49345962472, 2.29855083158, 1.0, 1e+32
0.549684281096, -0.990634194618, 1.0, 0.808964616608, 2.87771774878, 0.430572703273, 2.0, -1.0, 0.0459343494704, 0.0, 3.0, 2.0, 2.21372941988, -1.0, 0.566055685738, 0.0876904853251, -1.0, 2.02225583308, 0.0, -1.0, 2.62645344393, 1.50817054328, 0.606508040484, 0.746978802176, 0.415751446575, 3.0, 0.138427201736, 2.87730056456, 1.0537495383, 2.0, 2.69087869167, -1.0, 2.47662073727, 1.94225605983, 2.04660245869, 0.0455241812412, -0.334935999749, 2.16441585323, 2.98952821049, 0.957847352252, 1.62861019377, 0.16720831776, 3.0, 2.59141770372, -1.0, 3.0, 2.17419230206, -1.0, 1.59393019696, -0.793907336271, 1e+32
3.0, 0.671247751228, -0.734806855994, -1.0, -1.0, 0.752490249123, 2.0, 2.09093985792, 2.40489422889, 2.6640142463, -0.953358953235, 2.04075647524, 3.0, 2.36766312264, 1.75774819828, 3.0, 1.0232754629, 0.899118158152, 2.0, 2.0, -0.716612325372, 0.0, -1.0, 0.475465885379, 2.73801749181, -0.0379662395914, 2.10170626061, -1.0, -0.391254663374, 2.0, -1.0, 0.30972180167, 1.15449510779, 1.74031605204, 0.0, 2.62580743045, 2.0, 2.0, 3.0, 1.7810876736, 2.93917604764, 1.0, -0.439399866695, 2.96124106964, 2.31085217471, 2.6437048293, 2.0, 2.25418662557, 2.97315291192, 1.52602698445, 1e+32
1.79430812594, 0.0, -1.0, 0.561921444372, -1.0, 2.85168672348, 0.943486921223, 1.7602793218, 0.477989798088, -0.38221781867, 1.30936651021, 2.00272774674, -1.0, 0.608688375005, 2.0, 1.0, -0.240151150414, 2.51276178881, -0.772186034898, 1.0, 1.81046849652, -1.0, 2.60488618867, 2.76536093006, 3.0, 2.36615865864, 1.42600293862, 2.0, -0.864623089029, 1.0, 2.70890710325, 2.61109406685, 3.0, 2.0, 2.89695752529, -0.307909611754, 2.56596699516, 1.0, 3.0, 0.255135239491, -1.0, 2.70342858274, 2.0, -0.743923035014, 1.30500932901, 3.0, 0.767609084606, -0.106842820326, 0.982560609057, 0.781311537706, 1e+32
2.44291290755, 0.732877391175, -0.800467883753, 1.96926113695, 1.29990251276, -0.522333129356, 2.06961464225, 2.0, -0.928860180675, 0.885523289304, 2.20810022272, 0.124778090145, 0.405737618843, -1.0, 2.98961946037, 3.0, 0.0, -0.288121244467, 0.0, -0.0103166476338, 0.866320642445, 0.332125439114, 1.68550530868, 3.0, -0.247867122931, 2.02345104304, -1.0, 1.11189403181, -0.245521205983, 3.0, 1.36661533904, 1.77301640916, -1.0, 2.71136219974, -0.307655726637, 0.757637012584, -0.330413816561, -0.205175829573, 2.83269784755, 1.10719368837, -1.0, 1.945077274, 1.65859387997, -0.251917504888, 3.0, -1.0, -1.0, 2.09286509134, -0.893046912869, 0.145194932806, 1e+32
2.31580640055, 1.44732133505, 3.0, 2.04802191419, 2.96413205199, 0.369569265324, -0.352045084362, 0.790844879408, 2.61759163752, 2.0, 3.0, 3.0, 2.8619443985, 2.98449618269, 3.0, 0.273433364576, 2.75074513822, 2.0, 2.97040162168, 2.32277424313, -0.068162624177, 1.1076398712, 1.45509881213, 2.86019008879, 2.26972319912, 0.0, 2.83338267182, -0.659894380399, 1.42726135028, 0.0599923918194, 3.0, 2.52445506009, 2.26375646454, -0.620723604212, 0.49840568764, -0.734922528372, 2.39559175776, -0.468181329745, 2.61349066973, -0.999754832223, -0.591812547172, 2.0, -0.745428389699, 1.06067834777, 0.0, 1.25899737268, 3.0, -0.897541231498, 0.0, -0.264168017516, 1e+32
1.11705979927, -1.0, 2.21009838331, 1.31499892055, 0.0, 0.0, 1.11160560237, 0.99860458937, 2.0, -1.0, 1.52683480755, 0.0, 2.89509495421, 2.0, 0.850396198527, -0.910085138461, -1.0, 3.0, 2.23514596307, -1.0, 1.30301822519, -0.373627561244, 0.850616043736, 1.35313301954, -0.488627787738, -1.0, -1.0, -1.0, 1.0, -0.916551569841, -0.848586587418, 1.0, 1.87927437266, 1.28025733787, 1.6031307485, -0.563754625441, -0.821751520992, 0.734467440651, -0.776920491024, 1.34575690668, 3.0, -1.0, 1.0034877622, 1.0080244509, -0.598639259434, 2.69479831042, 1.6855722782, 2.94794157464, 2.22063035918, 0.73723187662, 1e+32
0.73811073986, 2.13872713532, 3.0, -0.511784395357, -0.720862962254, 2.42051767144, -0.00935669597108, 1.0, -0.926899778723, 1.91594342388, 2.46435958237, 1.91461575442, -0.27840119771, 2.80228531016, -1.0, -0.686719615434, 2.98496864086, 2.0, -0.997711738293, 0.0, 1.68302782243, 1.0, 3.0, -1.0, 1.38674658818, 1.80419967781, -0.119762510515, 0.0, 2.34059832204, 2.9349831099, 0.913012333227, -1.0, 0.585521753125, 2.48462479701, 2.49785255039, 2.64867021422, -0.54643620056, 3.0, 1.0, 1.34524409197, 3.0, -0.439095569118, -1.0, 2.0, 0.969442574308, 3.0, 2.80266302678, 1.0, -0.924592013144, -0.571473173604, 1e+32
-0.651709346789, -1.0, 2.6187378593, 2.0, -0.313334826308, 2.68282276693, 2.1609261538, 1.91325263042, 0.829605503888, 2.57179079786, -0.952150728245, -0.387541278668, 1.28944856074, 2.25226243306, 1.0, -0.469851422835, 1.29165500139, 1.8506950785, -1.0, 2.60817566646, -0.268231642967, 0.0, -0.901781126665, 2.74056258773, 0.0, 3.0, -0.534792043431, 0.359728654176, 1.50126564998, 2.0, -0.847455835067, 3.0, 2.88115124902, 2.0, -0.592395166214, 2.0780876344, 2.52246861142, 1.0, 0.343000151296, 0.0, -0.949023005306, 1.48473105839, 2.59618572823, 3.0, 3.0, -1.0, 2.23841730363, 1.11326633241, 3.0, 2.62873100656, 1e+32
0.19901817695, -1.0, 0.829103143802, 0.12793006926, -0.391815311066, 1.0, 1.26572151479, -0.19076902061, -1.0, 2.0, -0.639237092935, -0.739583035766, -0.601736559367, 1.43020113149, 1.02636436171, 0.0, 1.57013930367, 3.0, -0.897162164562, 2.61648794883, 1.0, -1.0, 1.61520434327, 1.16794754394, 0.0917636807546, -0.43632487231, -1.0, 0.0, 2.69291699487, 1.1469075914, 1.0, -1.0, -0.409514549243, -0.792917093901, 1.0, 2.52985026414, 2.93667958958, -0.403266513204, 3.0, 0.0, -1.0, 1.0054985479, 0.0, 1.50086609074, 2.61293711653, 2.69812693216, 3.0, 0.795495504133, 2.0, 3.0, 1e+32
1.0, 3.0, 2.62146484692, 2.36329338451, 3.0, -1.0, 3.0, 3.0, 1.0695880614, -1.0, 2.81055599275, -0.164126888158, 1.0, 2.0, 2.39288800441, 0.025329598119, 2.52938608621, 0.456146802483, 3.0, 2.94597840535, 2.0, -1.0, 0.799498468501, 2.5206857438, 2.19859851799, 2.84917609828, 1.46118888485, -0.815589372337, -0.2588834349, 1.36554660356, -1.0, 0.122970498095, -0.502383611435, 2.0, -0.857724223981, -0.0291545066081, 0.898956574845, -0.727801119195, 3.0, 0.477261506053, 0.0, 1.0, -1.0, 0.0, 1.54094153627, -0.132215669919, 3.0, 0.0, 0.0, 3.0, 1e+32
1.79488138257, 2.28614403013, -0.362211480307, 2.82206488413, 0.536446642559, 0.316406932389, 0.211237851024, 2.16250515447, 0.348673087052, -1.0, 2.96468971897, 2.99382728929, 2.7418382583, 1.45319190678, 2.26086386266, -0.483927951199, 1.74391161508, 0.00378439732314, 2.6994101239, 1.0, -1.0, 1.24827298399, 2.53367095605, 2.80323017246, 0.636969357257, 0.0642726321264, 1.43149853862, 3.0, 0.0, 1.65137877563, 3.0, 1.70192846312, 1.11886398216, 1.41344162101, 0.0, 2.4007664494, 1.13687722578, 1.61560018525, -0.515446882168, 1.32903816106, 2.0, 1.0, 1.0, 0.0, 2.37111224161, 0.0, -1.0, -0.913408627806, 0.0, 2.80926791302, 1e+32
0.0, 1.54506226707, 2.0, -1.0, -0.551971643901, 0.357285123302, 1.42910049784, 0.18793841973, 0.222563673552, 2.72726281321, 2.77142904973, 3.0, -0.204427363255, 3.0, 1.94073810522, 1.0, -0.797469723786, 3.0, 1.0, 2.10585012115, 1.36712707611, 0.772126301053, 0.412799331151, -0.244434176264, -0.799069916496, 1.35623874839, 0.491702902646, 0.749681247979, 2.68055573541, 2.42626329802, 2.95749654725, 1.96289785318, -0.239787146843, -1.0, -0.326420124511, -0.55913803606, 2.0, 1.99150315649, 2.25660858751, 0.652793485476, -1.0, 2.22530690197, -0.418847486132, 0.0, 2.4312718123, 2.87713148571, 2.0, 0.505244478405, 2.72069791638, 0.0, 1e+32
2.76852858252, 0.0, -0.0117200991458, 0.0, 0.492621403661, 1.39198310649, 1.83768002476, 1.17739974253, 3.0, -0.627460372676, 0.521544126119, 1.66892716016, -0.371114607722, 1.1414240193, 0.0, 2.05488353559, 0.161155202097, 2.96293563861, 0.530469213054, -1.0, 1.90735297331, -1.0, 2.9262852122, 2.34722438136, 3.0, 2.12785367961, 2.92626996234, -0.548176598825, 0.896279248466, 3.0, -1.0, 0.304212256049, -1.0, -1.0, 2.82003768377, 2.77282217715, 0.239421093675, 2.72236214839, 1.0, 1.50700438617, 2.0, 2.59789857227, -0.438445063082, 2.0, 2.6965057727, 2.8085069488, 0.370539612017, -1.0, 2.12099130295, 0.377681194171, 1e+32
-0.782997171877, -0.591002910737, 3.0, 1.33865515069, 1.31408302254, 1.0, 0.0, -0.138508795218, 0.0, -0.591871767611, 1.93154441014, 0.178606633134, 3.0, 0.993125977957, 2.16230328851, -0.0683820470464, 1.71725128134, 1.66502578767, 1.3506435731, 1.52354423969, -0.554312339648, -0.173301685864, -0.357928283454, 3.0, 2.61992518792, -1.0, 3.0, 3.0, 1.0, 3.0, 1.0, -1.0, -0.0204086593622, 0.524679589069, 0.0, -1.0, 1.89609752477, 1.54004546835, 2.0, -0.203647406013, 0.593295435547, -1.0, 3.0, 1.97718519162, 0.0, -1.0, 1.0, 1.0, 0.942003209693, -0.75192696319, 1e+32
-1.0, 0.963068152592, 2.07914685201, 3.0, 0.0, 1.12682673375, 2.78498237098, -1.0, 1.0397377979, 2.9867601954, 0.499597764493, 1.05428391483, 0.0, 2.90128167135, -0.0290864708318, 2.0, -1.0, 2.9745373786, 2.06379548738, 3.0, 3.0, 0.0, 0.441236028871, 2.14939907389, 2.0, 0.828615507717, 2.26163415918, 1.11803865421, 2.0, -0.711251232919, 0.35131609048, 1.65454667953, 2.0, 0.0, 2.99475710765, 1.28162605884, 0.0, 3.0, 1.18831960451, -0.523404539229, -1.0, -1.0, 2.00200361964, 0.761358076485, 3.0, 0.395244714168, 3.0, 0.59853646802, 0.427546905435, 2.84810088608, 1e+32
2.27199456225, 0.972019707654, 1.0, -0.990174606568, 0.42472317124, 0.597577254232, 0.400681110262, 3.0, 2.1674107011, 0.591314584331, 2.96206257601, 1.0, 1.94585532377, 2.01286850012, 2.43555001863, -1.0, 1.76441335704, 0.727187133414, -0.930193506721, -0.779136869206, 0.491598037943, -0.129315634907, 2.79394377608, 1.97495781636, -0.673108587435, 2.19228555663, 2.57516397142, 0.828792150755, -1.0, 2.33646232649, 0.7825914494, 1.0, 0.641118093126, 1.25779691567, -0.309018060401, 1.30949561357, 1.27339352214, -0.779773872269, 2.12694931779, 0.56390008195, 2.98886104958, 3.0, 2.03353921901, 2.86227033737, 2.60823427352, 3.0, -1.0, 1.76346393829, 0.270459434896, 3.0, 1e+32
2.58197379663, 2.18052147313, 0.47256545806, 1.25734058401, 2.0, -0.95267678401, 0.553121831477, -0.984690855119, 0.752212214648, 1.0, 1.21652007974, 0.183082894603, -0.729228869143, 2.12444930488, 0.232552613185, 1.0, 1.20321420632, 0.0, -0.767479470403, 2.21823730818, 1.38647801637, -0.869548935065, -0.527588450368, 2.85425528726, 1.64223680566, -0.435650920803, 2.5318995356, 1.61832377935, -0.344356581247, 0.878245646974, 2.88070583555, 3.0, 3.0, 0.211347995004, -1.0, 2.21116095259, -1.0, 0.0, 0.733719282226, 2.00324715051, -1.0, 1.0, 2.05327792484, 3.0, 0.356019169902, 1.21465491501, -0.982200212268, -0.000412494763811, -1.0, 0.819380613681, 1e+32
2.73162312262, 1.0, 2.17216925956, -1.0, 0.0137153515179, 1.09238871641, -0.389333802654, -0.769338455726, -0.982981773105, 2.99292311738, 3.0, 1.0, 2.85149998133, 2.96666396773, 0.41653702271, 1.90503322919, 1.29164936305, 3.0, 2.19588203045, 2.47720412655, -0.511643548587, -0.952698774423, 2.91165801328, 2.83873940569, 2.0, 2.88536736433, -0.587327170922, 3.0, 1.0, 3.0, 2.33103635355, 0.0492684256706, 1.0, 2.88784398144, 1.8913451648, 0.633567788039, -1.0, -1.0, 3.0, 1.0, 1.51177917841, 2.68416349959, 0.0, -0.940940606615, 1.5924055788, -0.00215938184365, 0.955574720959, 2.0, 3.0, -1.0, 1e+32
1.9809603841, 0.0, 0.479686849393, 1.54724357612, 1.02489423888, 0.722522293383, 1.45666386053, 2.98975279194, 2.99395668604, -0.358220732217, -1.0, -1.0, 1.0, 2.72064637443, -0.672644778413, 2.00319244051, 0.925481696773, 1.75395129961, 1.28556831057, 1.3338237972, 1.4620411592, -0.157318827776, 2.66137973906, -0.133184292499, -1.0, 3.0, 2.0, 3.0, 2.77242182477, 2.0, 0.623094833723, 0.272455661509, 3.0, 2.0, 1.7793021716, 0.127331354455, -0.673505650179, -0.746825709059, 1.65565525748, 1.85481347644, 2.71598329438, 2.13874956732, -0.134864401352, 2.52023143224, 2.80999663821, 1.0, -1.0, 0.117633443627, 2.17705068822, -0.106346406809, 1e+32
2.51157317052, -0.488765932409, -0.415875919318, -0.911303953259, -0.497008065784, -0.628449418894, 1.0, 2.41179701941, 3.0, 3.0, 0.0, 0.22477351521, 2.0, -0.983061741377, 1.6811284116, -1.0, -0.540833837446, 0.789673287729, 1.19263481456, -1.0, 1.0, -0.139377333971, 2.0, 2.70154819041, 0.210277918177, 0.0613464556777, -0.68806603615, 2.27000500825, 0.349934040142, -0.541842288669, -1.0, 1.0, 1.47813986138, 2.2787062064, -0.995924384713, 2.9975466937, 0.845676541965, 1.57637331972, -0.346232966498, 0.519156189638, -0.612099320603, 2.724354342, 1.0, -0.927658590392, 1.11578434031, 0.575554918822, 0.606986413724, 2.47232479187, 1.4048660788, 1.73241217785, 1e+32
1.27667606284, 3.0, 3.0, 0.0, 1.48166336386, 2.4322518876, 1.42083249454, 0.947893051973, 3.0, 1.81278758881, 1.07172166476, -0.0305094469932, 0.377850816294, -0.279898193985, 1.32248702573, 2.46088991437, 1.07240106494, 0.500313988039, -0.422428163369, 2.0, 1.9987564095, 3.0, 0.201166344776, 2.68412536281, -1.0, -1.0, 2.0, -0.783662459655, 1.41339199073, 2.11123191158, 2.47143640225, -1.0, 0.871451925908, -0.20822846447, 0.419018495096, 0.960837448717, 2.32588102647, 2.0, 0.0823177740024, 0.0, 0.973927776733, 1.78927089021, 2.98548252514, 1.70100997914, -0.385735130605, -1.0, 0.677094210763, 2.0066409706, 0.669413563055, 2.25334762465, 1e+32
1.5005940258, -1.0, 2.69762124991, 3.0, 1.84700853104, 0.0, 2.71845659941, 1.0, -0.59561599037, 2.27425274687, 0.707937641415, 2.78615283598, 3.0, 0.480807324194, 1.0, 2.0, 2.52235535603, 3.0, 2.92482798631, 1.68232097023, 1.16834206008, 0.0136832865276, 1.46934125495, -1.0, 2.73471157685, 0.420912171239, 1.69698074833, 0.0623793201397, 3.0, -0.704334078502, 2.37057715913, -0.864858431275, 1.0, -1.0, 3.0, 0.0, 2.94197919677, 0.0365816182781, -1.0, 1.73674929006, 3.0, -0.274211420722, 2.22890777562, 0.0, 3.0, -1.0, -0.400161642809, -0.870270313932, -0.110337569683, 0.986459044032, 1e+32
-0.810127157769, 0.531144537498, -0.537468749031, 0.788695779795, 0.364518191293, 3.0, 0.909154393833, 0.0, 0.552029708517, 0.0, 0.0782375057797, -1.0, 0.0, -1.0, 3.0, -1.0, 0.96214514313, 2.36943329983, 1.96833323029, 2.75317564508, 1.35589638702, 2.02091691418, 1.0, -0.715190012037, 3.0, -1.0, 2.8331147244, 0.0680805145968, -0.976190241676, 2.0, 0.492463691399, 1.0, 2.80800286529, -0.184558795064, 1.29531634523, 2.98579613303, 2.91100529777, 2.04422298724, 2.88756478324, -1.0, 0.299968451427, 2.0, 2.27449788466, 0.0, 0.60427472525, 3.0, 1.0, 3.0, -1.0, 0.234040497839, 1e+32
2.21707411127, 2.6654268864, 2.51826674463, 3.0, 1.00762447539, 0.395075307269, 2.34534736167, 1.88537511035, 0.271800465705, -0.0662178936605, 2.19629547239, 0.171539714645, 0.0810921175981, 0.0155938159867, 2.55728214547, 1.0, 3.0, 2.0, -0.823326613316, 1.59385876061, -0.058576766289, -0.996461758273, -0.229403645755, 1.59067420914, -0.00992234539536, -0.789712449851, 1.0, 2.7085396417, 3.0, 0.410692251435, 1.47175915655, -1.0, -0.932860956239, 0.42086966616, 2.17987693623, -0.261015855414, -0.68588160817, -0.396745457262, 2.1107694343, -0.891842932909, -0.898539672939, -0.422437524789, 1.85908696903, 0.180280544016, -0.0706854607196, 0.944232902191, 2.96334836529, 0.31198086336, 2.99910240961, 0.0612775420135, 1e+32
0.776358655695, -1.0, 1.86550913807, 2.24889657077, 1.19595087919, 2.41915571466, -0.81352544433, 2.38382764327, 0.0, 0.0415121124774, 1.0, -0.989264348211, -1.0, -1.0, 0.200317370609, -0.921122734885, 2.0, -0.0934121190885, 0.0, 3.0, 3.0, 0.271618482981, 0.642132299437, -0.664527505257, 1.94226025947, 0.840526901379, 2.61980534388, 2.25116439421, 2.34545301582, -1.0, 2.67966212569, -1.0, -1.0, 1.77773294504, -1.0, -1.0, -1.0, 0.246242671406, 1.02498266527, 0.156185642727, 2.0, 3.0, 0.731814213538, 2.36482608064, 1.48526972526, -0.301088560597, 0.685479363057, 2.35188518851, 2.26487754261, -0.99742844817, 1e+32
1.0, -0.522231884299, 2.0, 2.96635413753, 1.15238164343, 2.8140845652, 3.0, 3.0, 0.491964853421, 1.89523996599, 2.59086189438, 0.0, 2.0, 0.0, 3.0, -0.850901447564, -0.710545908467, 1.55731710578, 0.98351994635, 2.85340575437, 0.495980587316, 2.93185111223, 1.58547465961, 3.0, 0.271611183693, 3.0, 1.01429135517, -0.903827936172, 3.0, 2.21090685303, 0.37609073863, -0.458127067715, 0.235744464838, 1.0, 3.0, 2.40888926456, 1.0, 0.0, 0.0, 2.82843443761, 2.00360043021, 0.00405067951081, 3.0, 2.75326414051, -1.0, -0.649134991921, 0.0, -0.98299386645, 0.757298480728, 1.73966251795, 1e+32
-0.7997873331, 0.0, 2.96398642589, 2.37235942041, 2.41248029208, -0.500131150255, -0.259219873109, -1.0, 1.09311703613, 0.0, 1.21738822492, 0.402771761664, 2.0, 0.33927850889, -0.98302888743, 0.964874476098, 2.74728304589, 0.687865584401, 1.06954099857, 3.0, 0.0659601004225, 1.0, 0.619493634518, 1.0, 0.597676715172, 1.631239615, -0.239022304448, -0.494271357483, -0.7508483646, 1.74948520728, -0.000985545384795, 2.59538553009, 3.0, 0.452351347091, 0.841693431989, 2.81202132165, 1.50868339306, 0.0, 1.42450756026, -1.0, 2.71795052054, 1.78540452625, 1.88202555154, -1.0, 3.0, -0.642123622356, -0.758070444722, 3.0, -0.942950180055, 2.48992369141, 1e+32
3.0, -0.556744621208, -1.0, -0.0123779762323, 2.49125167165, 2.0, 1.52824704427, 2.37480698706, 2.92635720201, 2.75616863886, 1.0, 1.87312963403, -1.0, -1.0, 2.19658509591, 2.46498138324, 3.0, 1.45208351215, -0.0190356493058, 3.0, 0.0395369696811, -0.440717889195, 1.0, 0.418573860983, -0.707399391055, -0.320863963665, 2.0, 2.68809463214, 1.09290225042, 2.12607238805, -0.963454408684, 2.0, -0.217101826082, -0.978984727831, -0.237443476483, 0.535993508503, -0.173830709919, 1.0, 2.20497152128, 0.569110192278, -1.0, 0.273580190338, 0.250983085529, 0.639774371583, 2.19623842456, 1.26631671311, 2.24392338341, 1.24010563829, 2.86480392646, 0.171812234251, 1e+32
2.9411103163, 3.0, -1.0, -0.882678484866, 2.35475494329, 1.09948040809, 0.131234362197, 2.90838457774, -0.465447104109, -0.192140501646, -0.993816873247, 2.91187635457, -0.0127276593026, 2.86856102111, 1.34688165686, -0.93588228366, 3.0, 2.99981027345, 2.0, -0.776099805618, 2.91829172661, -0.186649355448, 0.431397929815, 0.8555358002, 1.0, 1.43424915709, 0.0, 2.60814514742, 0.180211743328, -0.116130997231, -1.0, -0.190199726358, 2.0, -1.0, 1.18959808818, -1.0, 0.936153991407, -0.638778301809, 0.154883542766, 2.0, -1.0, 0.120945691425, 0.0, -1.0, 3.0, -0.783028343638, 2.1203741902, 3.0, 1.0, 1.0, 1e+32
2.28464342419, -1.0, 0.491015077178, -1.0, 1.0281648883, 2.40960672404, 1.01894674511, 1.52508347408, 1.958991372, 2.55286465075, 2.40837677849, 3.0, 0.800565169933, 1.89143892484, -0.64295453044, 2.04190896211, 2.70452076635, 0.194978205233, 1.56619130446, 2.94975940146, 0.451407257371, -0.127067794778, 1.53577100818, -0.988381261017, 3.0, 2.17938324689, -0.361692270774, 2.01832577638, 1.15199119581, 2.8498701334, 3.0, 3.0, 1.34661443184, -1.0, -0.140755399208, 2.16127986504, 2.20465323783, 0.0, -0.557613769336, 2.0, 1.69515030646, -1.0, 1.55382168927, 0.0, 0.0, 1.21516108262, 0.0, -1.0, -0.0870582250453, -1.0, 1e+32
1.0, 1.8642182336, 0.0, 1.0, 2.6890149942, 1.46282666103, 0.554399098451, -0.567170134602, -0.166338475575, 0.896674935102, -0.499691258712, 2.68684292117, 3.0, 0.767263677503, 2.0, 2.93621918687, -0.169552776261, 0.814736867038, 2.27989396866, 2.79449436001, 2.16537233567, 3.0, -0.77131482105, 2.08736733121, 0.792059699904, 1.0, 2.39417390286, 2.06726889686, -0.994874199342, 0.419266098094, 2.32368620176, -0.40849671476, 3.0, 1.80243291046, 1.91216819437, 2.56814042772, 2.0, 2.0, 0.0, 2.90335654616, -0.389559470453, -0.922534344034, -1.0, 0.343944970898, 1.50455168283, 2.31968444378, -0.636141495517, -0.973007401552, 2.78919776757, -0.930299644104, 1e+32
2.04954646473, 2.97657193933, 0.635866857911, -0.408309515792, 1.60888825102, -0.199196037306, 1.18744099548, 1.23562969571, 0.0, -0.679073003851, -1.0, -0.0993614219999, 1.00936624055, -1.0, -0.8742576839, -1.0, 0.539474778703, 1.3863557845, 1.09524908756, 1.13478468441, 2.57179490903, -0.647192155242, 1.57572401266, 1.34444879163, 1.0, -0.308898867467, 1.0, 2.21700056362, -0.480766288704, 2.2960648606, 2.21264227385, 1.00437229115, 2.0, 1.06923309193, 0.170059362916, -0.81755912884, -0.284825168667, 2.25010190331, 3.0, 0.751780140184, 1.68187227387, -1.0, 3.0, 2.0, 2.0, -0.253068844612, 3.0, 2.66314016715, -0.841993046822, 1.39963223596, 1e+32
0.680074977178, 1.72367504306, 1.26191672744, 3.0, -0.902049492694, 1.08454403572, -0.22031086725, 1.0, 2.95258196044, -1.0, 3.0, 0.570649340043, 2.91771218713, 2.97683185634, 2.0, -0.334597688678, 0.0, 1.0, 0.140504580551, 1.43271391569, -0.436617940549, -0.643017834952, 3.0, 1.0, 0.0, 0.0, 0.0, 2.84543569428, 0.479188317019, -1.0, 1.85613701967, 1.50510891754, 2.52229760225, -0.699558195769, -0.152315268021, -1.0, 1.79289775294, 2.0, -0.820108872448, -0.369769697055, 3.0, 1.07095875443, -1.0, -0.116856135476, -0.15645361661, 1.3612555457, 1.0, 0.129146314291, 2.39828683096, 0.241741096964, 1e+32
3.0, -0.0985107614565, 2.53399228944, 2.36801464186, -0.875825885324, 2.42539345332, 0.87029345416, 1.7341876117, -0.944628972626, 1.56759988505, 3.0, -1.0, 2.74371286759, 2.63180050241, 2.0, 1.1547316935, -0.902271108191, 2.82032581808, 3.0, -0.736867423491, 3.0, -0.650984942168, 2.72661588322, -0.459860875963, 1.64931094945, 0.983796498015, 1.92541140789, 2.63025507256, 0.500544096204, -1.0, 3.0, 3.0, 1.97717883534, 1.0, 3.0, 2.0, -1.0, 0.0, -0.995358581148, 1.80146111472, 0.0, 0.0, -1.0, 0.0, 2.9074646157, -1.0, -0.500250908512, -0.659514920304, -1.0, 0.369276527246, 1e+32
-1.0, 3.0, 3.0, -0.71713139684, 3.0, -0.551026531601, 0.126068424014, 0.0623077198312, 3.0, 2.48706142442, -0.105556213436, 0.0, 2.99889885523, 0.663203480184, 2.58403591278, 3.0, 1.01499301981, 0.422973873258, 2.45793660981, 2.74013315836, 0.0, 3.0, 0.697228571368, 2.20889494934, 2.16761108264, 1.24848427462, -0.953172135187, -0.815541798278, 2.0, 2.35779624704, 2.82131530698, 0.771626123571, 3.0, 1.0, 0.622387775628, 2.77551575306, 0.675814543667, 0.961432192311, -1.0, -0.450867086535, 2.04534919373, 3.0, 2.92671499589, -0.367116302121, 1.9446712237, -0.15619729945, 1.0, 1.40970472557, 3.0, 2.07433894659, 1e+32
0.305025791629, 1.55135175818, 0.892428091466, -1.0, 0.789657483641, -0.261601893755, -0.727330724372, -0.946094877998, 0.198012141985, -0.686904814585, 1.0, -0.486047538826, 2.04039813998, 1.73760059901, 2.99620336016, 1.1470997923, -0.302536778334, 3.0, 2.9615348199, 0.418027656011, -1.0, 2.25240863138, 1.0, -0.988024067451, 0.727767788331, 2.81301057966, 3.0, 1.12996109732, 0.10654863644, 2.33419128893, 2.20672435147, 1.0, -0.555169711015, 1.15255040875, 0.0, -1.0, 1.0, 2.0, 2.50271404041, 3.0, -0.528212935563, -0.569632535379, 0.721264682399, 0.779206873782, 1.69982545278, -0.00292505978871, 1.0, -1.0, 0.528188112971, -0.502137884782, 1e+32
-0.935860952238, -0.256500962277, 0.706411952141, 1.48422174114, 1.24088681935, 1.0, 1.07393611421, 1.7594937531, 1.51082731489, -0.366346998567, 1.39229311158, 1.0, -0.975563155294, 2.86118211994, 1.29398453841, 0.0, 0.260233672314, 2.49029756485, -0.136437721845, 0.0705790301795, 3.0, 2.99984954274, -0.172926148728, 2.48642333664, 3.0, 2.46737136999, 2.56515366166, 2.71602719837, 0.0, -0.915749647527, 2.03382724334, -1.0, 3.0, 0.0, 2.0, 2.0, 3.0, 1.25516763396, 2.0, 0.00694129567462, -1.0, 2.99688260584, 1.0, -1.0, 2.94728497632, 3.0, 0.0, -0.314343050184, 1.89166945871, 0.0420465822314, 1e+32
0.909466524476, 2.0, -0.59372857425, -0.37219060713, -0.474983032996, -1.0, -1.0, -0.823178240058, 0.85087273543, 3.0, 3.0, 1.0, -0.664174226937, 0.141002374886, 2.95062717251, 0.461091852543, 1.8321728483, 0.766243214857, -0.344483907768, 0.531136773995, 1.65794827256, -0.296640658991, 1.77835102578, -1.0, 2.90758381587, 1.0, -0.293058696493, 3.0, 2.0, 1.0, 3.0, 1.25057691964, 0.611476704352, 1.43393696306, 1.65952716023, 0.337568233334, -0.118707178372, -0.134430039302, 3.0, 1.68494430313, 0.370561519539, 1.37273197381, -0.0975557536882, 0.0, 3.0, 0.289262201316, 0.80025145981, 0.685549138791, 1.67974384049, 3.0, 1e+32
2.0, 2.0, -0.140448714184, -1.0, 0.0, 3.0, -0.479834560993, -0.461109738396, -1.0, 0.685701531031, 3.0, 1.61357748419, 0.755414696368, 2.61298763631, 0.539061449419, 2.0, 0.665929343861, 0.0, 1.07864552914, -0.508482693995, 1.44719241412, 0.18001882784, -1.0, 0.0, 3.0, 1.47455867257, -0.207693161172, 1.14069839637, 2.06767074182, 0.34673248301, -0.746699024965, 1.0, 2.05543009539, -0.798619289827, 1.35960420587, -0.145418720067, 2.49807976463, 1.0, -0.947756100477, 1.2538149005, 2.0, 0.126975312082, 1.0, 0.56314323348, 2.0, 3.0, 1.48814071635, 1.0, 3.0, 1.01089689795, 1e+32
1.7002761064, 3.0, 3.0, -1.0, 2.89775646547, 0.0, 2.74538416591, 2.0, 2.27398565285, 2.0, 3.0, -1.0, 1.25619512611, 0.0, 2.0, -0.914923368128, 2.0, 2.76320493177, -1.0, -1.0, 1.0, 1.1148573916, 0.483114804571, 1.53005869549, 1.1454065463, -0.492798711097, -0.753792929786, -0.641063181932, 0.141594963388, 1.22051047519, 3.0, -0.843595483148, 2.8184609287, 2.04760764064, 2.86877043888, 0.0, 0.40214745551, -0.731278314294, -1.0, 3.0, 2.79998237823, 0.403812564123, 0.0, 2.54723341429, -0.521868467311, 0.0, -0.374173594022, 2.06362195933, -1.0, -0.0564212009688, 1e+32
0.0, -1.0, 1.15720404643, 0.0, 2.0, 1.0, 1.78087011609, 0.383930829291, -0.518623283663, 1.6078409206, 2.0, 2.0, 1.0, 2.0, 1.1603136063, 2.49068663415, 0.511304019433, -0.554801215788, 0.821956306321, 2.92883011424, 0.904119308694, -0.415506004505, 2.63351070641, 1.0, -0.159686147658, -0.848834952968, 2.01741631365, 1.12382656516, 1.0, 0.0996901842344, 1.0, 0.0, 0.763223660217, 0.0783798315364, -0.208100538806, -0.990395397688, 0.749823626543, 1.64829331704, 1.54684796831, 3.0, -0.0949356111264, 1.19300413701, -0.962326381453, -1.0, -1.0, -1.0, -1.0, 2.44027488446, 2.62770587342, 1.0, 1e+32
3.0, 2.63324870663, 2.0, 0.780671140698, -1.0, 1.26254004535, 2.21856922079, 1.44608391927, 3.0, 2.33232546534, 1.0, 2.0, -0.947047496853, 2.5234160353, 2.25936221857, -1.0, 2.59526210215, -0.123003603979, 0.774979285501, -0.547628823743, 1.0, -0.70732576267, 3.0, 2.84962973932, 3.0, 2.67970349795, 2.59649398468, 0.63367156196, 2.99690486791, 2.53594528893, -1.0, -1.0, 1.01698257565, 3.0, 1.11007585052, 3.0, 1.39579321108, 0.0, 3.0, 1.79394510578, 1.0, 2.0, 0.459247107153, 1.63686519008, 1.10053464702, 2.66344965162, -0.584912687739, -1.0, 1.54078689101, -1.0, 1e+32
-1.0, -1.0, 3.0, 2.85628487313, 1.0, 2.0, 2.70993753957, 2.0, -0.822776202543, -0.110568836395, 2.03723075022, 3.0, 3.0, -0.680915460789, 0.640611724889, 1.0, 0.0, -0.318332262185, 2.0, -1.0, 2.82951796182, 0.794001295761, 0.841000009946, 0.465495942362, 1.848540893, 3.0, 1.13896481913, 1.0, 2.47424641994, 0.0, 1.52395342802, 0.488699894695, -0.0254550461447, 0.0497821780884, 2.0, 1.92772002019, 1.84715760331, 0.0, 0.750047003634, 3.0, 2.60889749425, 2.96772594425, -0.119629546971, 0.633784767791, 3.0, -0.917237527526, -1.0, 2.82740863062, 2.13392797752, -0.508941956402, 1e+32
