2.97845366347, 1.00000059094, 1.03969462155, 0.874100126973, 4.83361712329, 0.991550076865, 2.24114708015, 1.04228955367, 0.900516764565, 5.27879081579, 5.42537512551, 0.981478588016, 2.79124175715, 1.10091872034, 1.09000090209, 1.1045417464, 1.03894171069, 1.1695219578, 9.24094768243, 1.16634327955, 0.954581165736, 777.842344, 1.07855233908, 3.86646692108, 1.07733900126, 5.06216917068, 0.950588062671, 9.84778824691, 9.89149583171, 33.5809038867, 1.07238605898
5.57942313279, 1.00000050505, 1.69683192044, 0.907365369505, 5.25225973461, 0.762350152922, 2.19744853818, 1.14857062047, 0.941471358014, 2.05967140056, 4.76033342166, 0.920890512293, 1.85500123368, 0.942943635314, 1.09000008572, 1.05759536471, 1.01085098725, 0.945728149927, 6.64642700655, 0.985905301625, 0.963110084349, 876.85905831, 0.976802845009, 2.48115019739, 1.01721475729, 5.2832804259, 0.935291696518, 133.314140225, 16.0668241066, 392.656053173, 0.536193029491
2.20544303045, 1.00000041356, 1.16580277757, 1.04408344844, 3.67832422131, 0.71988469916, 5.03733366945, 1.15268944438, 0.962208949317, 1.66101536935, 5.04192480272, 0.880714567499, 3.37443730733, 1.08050234481, 1.09000053061, 1.03680731698, 1.0078883413, 1.01481703649, 9.38655579408, 0.984471754075, 0.84296451403, 729.838305133, 1.09932372663, 4.60223455363, 1.0667346607, 2.10352604639, 1.07463789581, 166.794615385, 14.6213400285, 1049.16168135, 0.0
3.6123303884, 1.00000000054, 1.29416696777, 0.908656508095, 6.0472492619, 0.777804250979, 3.81728558846, 1.04035708427, 0.91560531237, 1.50880381371, 5.01286342342, 1.18121854361, 1.79426973615, 0.832339422057, 1.09000019377, 1.07037531846, 1.0252173599, 1.01572209971, 9.56957590516, 0.916830028399, 0.98874583884, 727.853175139, 0.93408139916, 4.39022056241, 1.20392897303, 1.77002567682, 1.00346091602, 101.57573548, 20.3846777738, 313.555700135, 0.268096514745
5.87790553801, 1.00000072892, 1.59056100157, 1.18243943, 4.23145395371, 0.844376182687, 5.39053445586, 1.02145438083, 0.906820349544, 2.38459377419, 5.96460246895, 1.17229192134, 3.86664653968, 1.25079111294, 1.0900004842, 1.08067976555, 1.04849345345, 1.04506533679, 8.33049007218, 1.12865779458, 0.91806230458, 492.559229372, 1.10069957781, 3.79494474753, 1.22447257633, 4.37831471462, 1.11988180762, 332.53962441, 22.9111896739, 623.580077811, 0.0
5.16437637319, 1.00000053484, 1.52162333346, 1.11535714447, 2.4920645996, 0.899789050457, 5.81241831605, 1.25266611445, 0.935042487188, 1.24574337063, 5.42984952081, 1.06153761746, 1.05098426178, 0.967302683739, 1.09000034301, 1.10915180724, 1.00381004599, 1.00111361086, 3.61774310579, 1.00766447123, 0.771085780427, 93.6099864774, 1.01286386914, 1.40242018901, 0.983006613372, 2.05483109886, 1.19934001572, 262.679186588, 28.2241449337, 225.502112878, 0.268096514745
5.31994507575, 1.00000087006, 1.12031094086, 1.17824855093, 2.14957681991, 0.960149599301, 5.58767953897, 1.25645729959, 0.969356451765, 3.33451285672, 4.73920337743, 0.817177947217, 1.68282413308, 1.17631097269, 1.09000093718, 1.0769380093, 1.04981021467, 0.969271311517, 8.29826655419, 1.03475532068, 0.908285208564, 571.296177818, 0.912360698397, 4.59556701186, 1.15074865518, 1.18860592448, 1.2728882771, 142.551816412, 13.878249859, 989.717367804, 0.804289544236
3.47349408068, 1.00000076154, 1.44962175496, 0.816433197694, 3.07430212294, 0.933522914814, 1.0980739669, 1.21687033423, 0.972710488638, 2.19702356763, 4.81046607806, 1.02668982552, 4.08388685489, 1.28507333119, 1.09000051006, 1.02193557968, 1.01907187614, 0.870739705107, 6.68819867051, 1.10617653682, 0.796160346436, 298.20080511, 1.00675622714, 2.18937874801, 1.07309879063, 4.27217350219, 0.937890771281, 89.4405342754, 9.92019973037, 154.679171047, 5.8981233244
4.81735089809, 1.00000008056, 1.7102658103, 0.878190352068, 4.17595022376, 0.999216715897, 4.67473963812, 1.1175008124, 0.986733513211, 4.03582487263, 5.65708150839, 0.981833067414, 1.68645478375, 0.858347869741, 1.09000044273, 1.0491985843, 1.04196151802, 0.958838034553, 4.39987568466, 1.01783039129, 0.837607850502, 312.778855753, 0.95138091279, 2.61123047532, 1.15531036782, 4.58410038944, 0.935188892606, 56.4771632457, 18.0724072665, 868.595993785, 1.87667560322
1.2752831774, 1.00000078067, 1.27271199435, 1.14360113178, 5.90967862505, 0.819680580854, 5.31941506006, 1.15167065496, 0.977308154491, 4.68318964703, 5.98333926292, 0.993305211343, 2.53401122658, 0.971126557759, 1.0900004957, 1.07703376091, 1.03000486504, 0.980362487947, 8.10276818549, 1.03100967306, 0.84296451403, 816.21574086, 1.0472461537, 4.67068902583, 1.23778416014, 4.84898533595, 0.956000440634, 79.8760893923, 18.7290558292, 856.074603791, 2.41286863271
1.53387196315, 1.00000001641, 1.00894084903, 0.957063087883, 1.51683549045, 0.953367503188, 3.06541949186, 1.01801861051, 0.908339349031, 2.80820180704, 5.97209886252, 0.835380471999, 4.04657808585, 0.847286370346, 1.09000028451, 1.03613059036, 1.00588490965, 1.07789416729, 3.60391059944, 0.940544495534, 0.782142466707, 560.692627523, 1.00123835143, 4.16141867666, 1.17461966526, 1.31368015289, 0.90952072818, 64.2079043032, 10.7548666274, 432.58896245, 2.68096514745
5.69972257623, 1.00000099548, 1.21452969223, 1.12228708315, 4.26905330705, 0.785308535821, 1.43424276178, 1.04289647801, 0.912364497458, 4.9445921275, 5.31699080547, 0.812248220295, 2.9778525374, 1.27828140988, 1.09000087582, 1.05216202926, 1.04889152738, 0.947422566095, 7.91017610621, 1.16481706652, 0.913224583996, 34.0767049715, 0.935104821759, 2.90445648295, 0.976672115087, 5.10122622594, 1.07962479662, 200.750855746, 18.7897268952, 720.396956675, 1.34048257373
5.35508554123, 1.00000051319, 1.72006309392, 1.17846456837, 5.64836318921, 0.912157529205, 5.74872732293, 1.17537011977, 0.933174630265, 2.76396938774, 5.70202297658, 0.922249675465, 2.29608975718, 0.86318124405, 1.09000072132, 1.0859974831, 1.01762133039, 0.829122629427, 8.24323930494, 1.13285401767, 0.997966824792, 989.829354571, 1.18415951975, 5.29970877517, 1.01721475729, 1.87385696918, 1.08458184568, 479.127549204, 19.2700342583, 1666.32449695, 0.536193029491
3.5031175518, 1.0000002242, 1.72935239244, 0.939096282233, 6.57312521593, 0.789298443218, 1.8107261932, 1.2222421806, 0.933835108494, 5.42323753045, 5.54725372766, 1.13539726104, 2.30331352377, 1.15931196325, 1.09000033951, 1.01587653871, 1.00264654754, 0.917193493761, 3.61774645956, 1.08764801358, 0.911183140108, 669.496673867, 1.056500755, 1.71309367226, 0.988454293712, 5.13075972337, 1.15047784666, 492.821042113, 20.2858216279, 5263.85493338, 0.268096514745
1.25640088646, 1.00000063068, 1.23213722569, 0.95845010836, 6.72386614712, 0.965582054014, 2.7395901369, 1.10354356376, 0.939748722227, 3.79597755754, 5.18871154188, 1.09747891608, 3.24675381092, 1.00164916409, 1.0900005115, 1.00631418477, 1.04554908801, 0.821424731504, 8.02734146093, 1.16157548771, 0.924423799445, 236.4463591, 1.12696539153, 4.08853077735, 1.12756634721, 1.31080187433, 0.945961604382, 196.98168332, 25.6160458107, 317.288277863, 1.60857908847
2.20544303045, 1.00000041356, 1.16580277757, 1.14238825096, 3.67832422131, 0.71988469916, 5.03733366945, 1.15268944438, 0.962208949317, 1.66101536935, 5.80448598647, 0.880714567499, 3.37443730733, 1.08050234481, 1.09000053061, 1.03680731698, 1.01062434795, 1.01481703649, 9.38655579408, 0.984471754075, 0.96798062123, 729.838305133, 1.09932372663, 4.60223455363, 0.974710733114, 2.10352604639, 1.07463789581, 1727.91183784, 47.8722332922, 1537.21461957, 0.0
2.57504875093, 1.00000023719, 1.52557013877, 1.08076498156, 6.34682337306, 0.813019345813, 2.19496835668, 1.1925757313, 0.980200777668, 2.11604907014, 5.41971262045, 0.840961299741, 1.71115264067, 0.884243089989, 1.09000023474, 1.02483255108, 1.01380606243, 1.06129119693, 7.57426322352, 1.12568705737, 0.912119292837, 326.37753762, 1.00040801865, 1.67412816862, 1.15435061373, 3.07739657212, 1.19857080135, 745.677018111, 22.965067142, 1926.37501932, 0.0
3.69371867664, 1.00000034082, 1.50087866506, 0.840746730824, 1.94817050946, 0.775034556468, 2.39719755294, 1.09464434335, 0.902496194782, 5.50589084941, 6.12639728667, 0.888451297102, 3.70608305011, 1.14052697504, 1.09000021441, 1.01931868346, 1.01857547323, 0.894102008987, 4.10453089874, 1.10842363382, 0.773802158432, 726.082943273, 1.07497018013, 5.10814135394, 1.01580908748, 1.11126859141, 1.1277748775, 600.891889193, 25.6597799115, 5562.40082449, 0.0
5.62440862265, 1.0000009581, 1.42058196198, 1.05768273567, 1.56182296529, 0.916088291544, 5.73594526599, 1.09128768772, 0.997786031533, 2.78964814662, 5.06422804093, 1.05517017706, 1.74091451641, 0.817014887122, 1.09000088605, 1.09659505783, 1.00931449243, 0.924502364788, 6.79574754287, 1.02463305971, 0.990036528975, 941.555891645, 0.990663893889, 3.71073529044, 1.00062791726, 4.62207381743, 1.09050780786, 477.329546137, 32.3796563172, 790.923007282, 0.804289544236
1.25640088646, 1.00000063068, 1.23213722569, 0.95845010836, 6.72386614712, 0.965582054014, 2.7395901369, 1.10354356376, 0.939748722227, 3.79597755754, 5.18871154188, 1.09747891608, 3.24675381092, 1.00164916409, 1.0900005115, 1.00631418477, 1.04554908801, 0.821424731504, 8.02734146093, 1.16157548771, 0.924423799445, 236.4463591, 1.12696539153, 4.08853077735, 1.12756634721, 1.08341309096, 0.945961604382, 365.715101931, 31.9659831786, 1712.99344522, 0.536193029491
1.6045906212, 1.00000043566, 1.55741030831, 0.803783703835, 2.59467544016, 0.919358148602, 1.63245297063, 1.13420649598, 0.965764107661, 4.32881386943, 5.47176530384, 1.20310530535, 3.5003474737, 1.15744495838, 1.09000034526, 1.0656952927, 1.0488173028, 1.17727502936, 8.99979217295, 1.09351918178, 0.901120209491, 83.4063010841, 0.944654562702, 3.82298645157, 1.13348238083, 1.36628443197, 0.999203856462, 596.201688443, 34.391270026, 870.626221838, 0.268096514745
1.25640088646, 1.00000063068, 1.23213722569, 0.95845010836, 6.72386614712, 0.965582054014, 2.7395901369, 1.10354356376, 0.939748722227, 3.79597755754, 4.85089864061, 1.09747891608, 3.24675381092, 1.00164916409, 1.0900005115, 1.0970803526, 1.04554908801, 0.821424731504, 8.02734146093, 1.16157548771, 0.924423799445, 44.3305938403, 0.964497155498, 4.08853077735, 1.12756634721, 1.31080187433, 0.945961604382, 250.330421778, 19.4763565695, 1073.29203724, 1.07238605898
2.54973567506, 1.00000094234, 1.39446153527, 1.10287850731, 3.18971761622, 0.862755905405, 5.29674427116, 1.13140171404, 0.969766533172, 2.78278617403, 6.05031837623, 0.989792013087, 3.24030123077, 1.20306360581, 1.09000058873, 1.00573006108, 1.02530545975, 1.11428566191, 3.75881815352, 0.994023698268, 0.991153975555, 480.556467388, 1.05311218644, 4.42534029656, 0.982899234681, 3.77498382614, 1.08892107482, 373.217290238, 30.5341440336, 3738.97243724, 0.804289544236
4.66434338655, 1.00000062895, 1.03296318349, 1.21528220837, 5.87692264062, 0.997298271257, 3.23775319914, 1.13513156252, 0.924831402307, 4.05763693286, 5.29833738202, 0.858872635988, 1.85294310569, 0.839261305403, 1.09000071393, 1.07793288252, 1.00931599857, 0.891934558335, 5.95798464119, 1.126861564, 0.850476816468, 860.613964286, 1.10826729164, 1.88523835254, 1.1000977583, 1.13587336355, 1.14083096188, 430.736151217, 19.2668554965, 2491.27982375, 0.804289544236
1.08632999486, 1.00000086921, 1.73746261128, 1.21410317435, 6.9933818905, 0.8631384934, 5.98615649148, 1.16004004157, 0.936406395869, 4.46766337627, 4.81334727932, 0.868421240491, 2.6586632413, 0.838289013611, 1.0900005172, 1.07652993642, 1.01682761194, 0.947887439724, 5.03181145737, 0.976593466098, 0.839148668492, 988.485893159, 1.15096169209, 2.85350018682, 1.23170060092, 1.22911874567, 1.03975522001, 102.389784985, 10.6048431175, 433.380857214, 6.43431635389
2.04641208397, 1.00000096681, 1.13828099757, 1.13947310056, 6.73474547144, 0.716596448463, 5.69289420202, 1.10127343287, 0.919693745576, 5.49755535465, 4.74708919627, 0.967380078148, 2.89398458088, 0.918784577026, 1.09000037525, 1.10634541067, 1.02588539848, 1.12826639491, 9.23059365189, 0.912295441458, 0.938037915945, 991.995875167, 0.993639037415, 2.92974870723, 0.983876479358, 2.44674383995, 0.997007456636, 116.59472484, 11.2007292127, 390.654032577, 7.50670241287
1.71310450266, 1.00000063784, 1.54880124883, 0.946192803138, 1.47034454809, 0.805673445098, 4.61109446104, 1.05554769108, 0.98262654594, 3.03197052359, 5.48361758695, 0.891975527043, 2.15035703821, 0.884572482689, 1.09000067881, 1.06343855807, 1.00742560339, 1.05858334135, 8.09725861361, 0.915058858031, 0.852467665426, 748.180658421, 1.12433756016, 4.73485011679, 1.13105621346, 5.07044077663, 1.09272222608, 251.643449497, 19.6093880813, 434.699838139, 2.68096514745
2.06335329593, 1.00000082388, 1.54451391813, 0.828254831095, 5.02384112928, 0.763792895667, 5.15104747239, 1.22754262799, 0.908981216102, 1.34021945477, 5.92064376371, 0.822040527874, 4.77129516691, 1.01116704801, 1.09000077655, 1.09407229213, 1.01623826254, 0.983346836999, 4.87721560467, 0.938712949425, 0.922336147, 845.98340188, 0.937610159467, 5.04685612577, 0.967578595983, 2.57311024388, 1.07494448058, 348.992089611, 18.6572762464, 6137.3762589, 3.48525469169
5.66494259701, 1.00000072579, 1.40198561899, 0.895038835407, 2.98629996863, 0.799977453809, 1.40568482707, 1.07022699772, 0.902311314843, 3.63023531315, 6.16429112201, 0.871057223891, 2.51675372563, 0.883852824113, 1.09000093952, 1.06675521287, 1.04995345023, 1.09057879045, 6.89948850302, 1.16766253073, 0.763781604014, 647.406453297, 1.11974747409, 2.70313264109, 1.02855137123, 3.11715590058, 1.22026584357, 117.498220973, 12.0203011376, 1382.10327324, 4.82573726542
4.81735089809, 1.00000008056, 1.06576558719, 0.878190352068, 4.17595022376, 0.999216715897, 4.67473963812, 1.1175008124, 0.986733513211, 4.03582487263, 5.39309307315, 0.981833067414, 1.68645478375, 0.858347869741, 1.09000044273, 1.0491985843, 1.04196151802, 0.958838034553, 4.64082904472, 1.01783039129, 0.837607850502, 312.778855753, 0.95138091279, 2.61123047532, 1.15531036782, 4.58410038944, 0.935188892606, 542.488871441, 17.3464240377, 1938.52626088, 3.48525469169
3.10804759401, 1.00000026167, 1.15678926725, 1.03193644952, 6.39151141336, 0.885124682599, 2.87075004283, 1.07278560234, 0.931399828466, 3.2757525153, 5.71718895124, 0.820775762136, 3.36724824437, 0.930918303077, 1.09000055743, 1.03757709502, 1.00253900804, 1.16529826379, 7.30002984569, 0.99204493401, 0.80361862549, 189.727862141, 0.930161264801, 1.28941256428, 0.985439887409, 1.17084850801, 0.943181700852, 825.601071464, 27.8267179605, 3409.35968336, 0.268096514745
2.80953525037, 1.0000005031, 1.05098901401, 0.965971788133, 6.2597858663, 0.804716393193, 3.77312762921, 1.13420649598, 0.967050038673, 2.09790278169, 5.06498167689, 0.854744137967, 2.53935237346, 0.990543240769, 1.09000084198, 1.08993036181, 1.01503222431, 0.968056248481, 8.76229453021, 0.921594848174, 0.82351371909, 739.386164523, 1.10382936316, 3.11150681324, 1.19851815699, 1.95322542425, 1.07292105519, 835.052355956, 27.7862505757, 2305.22773737, 0.0
5.57942313279, 1.00000050505, 1.66268139789, 0.907365369505, 5.25225973461, 0.762350152922, 2.19744853818, 1.14857062047, 0.941471358014, 2.05967140056, 4.76033342166, 0.920890512293, 1.85500123368, 0.942943635314, 1.09000008572, 1.08755846248, 1.01085098725, 0.945728149927, 6.64642700655, 0.985905301625, 0.963110084349, 876.85905831, 0.976802845009, 2.48115019739, 1.07958028071, 5.2832804259, 0.935291696518, 598.57253643, 33.7111272683, 3640.59064135, 0.536193029491
2.16431061993, 1.00000063453, 1.33854372819, 1.16118001762, 3.02320388238, 0.962891675207, 2.88202031948, 1.16140514342, 0.949030732028, 4.78447641059, 4.81880229146, 1.09903697509, 2.14630275743, 1.03460834954, 1.09000044835, 1.09076227731, 1.00144400569, 1.19024182976, 8.51963888994, 1.06268756996, 0.981572561279, 798.785726309, 1.0127976981, 5.14400938992, 1.16878518881, 5.45666659133, 1.05122554921, 731.680611856, 28.0786823643, 2218.27007181, 2.14477211796
1.30568005037, 1.00000051319, 1.72006309392, 1.18086701062, 5.47761149258, 0.912157529205, 5.74872732293, 1.17537011977, 0.933174630265, 2.76396938774, 5.43855943666, 0.922249675465, 1.65586117766, 0.86318124405, 1.09000072132, 1.0859974831, 1.01153135557, 0.829122629427, 8.80284252468, 1.13285401767, 0.997966824792, 989.829354571, 1.05589730582, 5.29970877517, 1.01721475729, 1.87385696918, 1.08458184568, 780.565869726, 23.5230961466, 1580.47698169, 1.60857908847
1.71310450266, 1.00000063784, 1.54880124883, 0.946192803138, 1.52869871962, 0.805673445098, 4.61109446104, 1.05554769108, 0.98262654594, 3.03197052359, 5.48361758695, 0.891975527043, 2.15035703821, 0.884572482689, 1.09000067881, 1.06343855807, 1.00742560339, 1.05858334135, 8.09725861361, 0.915058858031, 0.852467665426, 748.180658421, 1.12433756016, 4.73485011679, 1.13105621346, 5.07044077663, 1.09272222608, 448.807296961, 19.514658714, 1087.48169046, 3.75335120643
1.94382969242, 1.00000035977, 1.43834097502, 0.843581120989, 4.87418470801, 0.789159601493, 3.79764064031, 1.232536864, 0.904827034664, 1.34238205437, 5.59408212212, 0.861757444083, 3.77393515371, 0.951501529476, 1.09000014238, 1.10042177463, 1.01118247265, 0.992968431231, 6.64642700655, 1.06872834902, 0.973326368982, 442.210087216, 0.926187660068, 1.3284964864, 0.988887507073, 1.5632265879, 1.06050095363, 263.979261587, 28.4949611272, 2166.34320576, 1.07238605898
1.85427955441, 1.00000023242, 1.52781321292, 0.900657221368, 1.56182296529, 0.788646990837, 4.61139694463, 1.10195629371, 0.928751665353, 1.85812491468, 5.84763579496, 0.888326411177, 1.33791841311, 0.910022483532, 1.09000056691, 1.06534905612, 1.00054897805, 1.15123712436, 8.00017767428, 1.14472306416, 0.878738371878, 166.971988786, 0.953663136556, 1.83381918644, 1.02651210313, 3.21779548356, 1.12024160041, 889.842641372, 38.6873257553, 1290.37545393, 2.14477211796
2.24873346101, 1.00000074007, 1.20494317386, 0.8536385858, 3.85466615562, 0.756270985519, 1.98052038575, 1.14367976889, 0.968852911198, 3.12576375958, 4.72573271794, 1.18757408438, 1.87754778804, 0.890134749757, 1.09000095927, 1.05883361292, 1.00788972663, 0.816418131512, 9.00872618013, 0.955598898627, 0.852508578297, 60.8475569115, 1.04564216153, 3.63412916365, 0.972245064721, 4.458341149, 1.23096830543, 267.868436666, 19.7996224722, 1315.51121376, 2.41286863271
1.51105696483, 1.00000075763, 1.34621206526, 0.807471413122, 3.70063800806, 0.80005177538, 3.82843245298, 1.13496751815, 0.937991134845, 3.62768380232, 6.00993350495, 1.05167006392, 1.33627389812, 0.824156692205, 1.09000089615, 1.06350062506, 1.02944692275, 0.950803106105, 7.04001819138, 1.150609085, 0.920904164069, 658.499047157, 1.08173929604, 4.07308314412, 0.955543175969, 5.36290004621, 1.22994794084, 251.98139159, 29.1399297725, 1369.76881909, 1.60857908847
2.96320736556, 1.00000067803, 1.62379819435, 0.817873392892, 6.74867040847, 0.89879862337, 1.30942850802, 1.14097679169, 0.998346128702, 5.81470754099, 4.83321649792, 1.02683231515, 1.19516090885, 0.831167568845, 1.09000083872, 1.06020077244, 1.01711424078, 0.916023754227, 6.45460378602, 0.95804117494, 0.963256441905, 382.010656743, 1.1812916013, 4.36556710365, 1.06741671533, 3.83543950278, 1.16880963561, 1196.75088005, 43.1544568947, 1275.27100113, 1.34048257373
2.90474580956, 1.00000002483, 1.49530265834, 1.01059335067, 3.16661470025, 0.823155809845, 1.04593647843, 1.05149269536, 0.979040653995, 2.91228738699, 5.01131018015, 0.965535990597, 4.49384906971, 0.81412515399, 1.09000041207, 1.10825611904, 1.03562290033, 1.13206245652, 6.28674524432, 0.913160899864, 0.9320739984, 318.30603429, 1.17687611025, 4.95497426759, 1.11042504203, 1.26254485187, 1.03568846376, 473.050371826, 32.8614300528, 3145.57451597, 0.804289544236
2.57504875093, 1.00000023719, 1.54346733825, 1.08076498156, 6.34682337306, 0.813019345813, 4.56241094071, 1.1925757313, 0.980200777668, 2.11604907014, 5.41971262045, 0.840961299741, 3.37443730733, 0.884243089989, 1.09000023474, 1.02483255108, 1.01380606243, 1.06129119693, 7.57426322352, 1.12568705737, 0.912119292837, 343.609693981, 0.999470624133, 1.67412816862, 1.15435061373, 3.07739657212, 1.19857080135, 505.806288181, 19.2709234776, 2737.2067664, 0.804289544236
4.85320182082, 1.00000011142, 1.55112123414, 0.982963874495, 4.08667344779, 0.790728571252, 1.92690798125, 1.16515601067, 0.929504599579, 1.82322891393, 5.52064359327, 0.841219560191, 3.25972305773, 1.15294594699, 1.09000002882, 1.00659702443, 1.02675872974, 1.14262025637, 4.67566907989, 0.946963309762, 0.908882009217, 505.211650056, 0.960398363238, 3.99107519231, 1.07841396921, 3.63832589708, 1.2498454729, 259.914748274, 14.5252026145, 1256.62714822, 9.11528150134
4.81735089809, 1.00000008056, 1.06576558719, 0.878190352068, 5.04963034404, 0.999216715897, 4.10812843074, 1.1175008124, 0.986733513211, 4.03582487263, 5.08751167003, 0.981833067414, 1.68645478375, 0.864715074511, 1.09000044273, 1.0491985843, 1.04196151802, 0.958838034553, 4.64082904472, 1.01783039129, 0.837607850502, 312.778855753, 0.95138091279, 2.61123047532, 1.15531036782, 4.58410038944, 0.935188892606, 537.628138052, 17.7426939097, 2786.76753198, 4.82573726542
2.06335329593, 1.00000082388, 1.54451391813, 0.828254831095, 5.02384112928, 0.763792895667, 5.15104747239, 1.22754262799, 0.918247298619, 1.34021945477, 5.92064376371, 0.822040527874, 4.77129516691, 1.01116704801, 1.09000081246, 1.09407229213, 1.01623826254, 0.939879493136, 4.87721560467, 0.938712949425, 0.922336147, 845.98340188, 1.09939269156, 2.85350018682, 0.967578595983, 2.57311024388, 1.07494448058, 369.646517385, 16.8221524378, 2655.64133735, 5.63002680965
2.46165206073, 1.00000023725, 1.50267401222, 0.908186107905, 3.12969586859, 0.959652584906, 5.75371145474, 1.08332942607, 0.915054291326, 3.53818327556, 5.13358136774, 1.01547624534, 1.68595904213, 0.871728810254, 1.09000061748, 1.04703970056, 1.03756388336, 1.05853697098, 9.57867756258, 0.963648053202, 0.893646727083, 780.213391574, 0.943163615518, 5.86783747951, 1.19505239337, 4.02412681223, 0.930363169196, 239.120311901, 13.9580702123, 3321.28802734, 6.43431635389
4.91508257452, 1.00000012438, 1.39972986095, 0.974256787917, 1.64418588074, 0.996461074942, 4.30664834418, 1.14147903193, 0.998606820444, 4.1706071287, 4.8161265932, 0.818120269874, 1.16191924895, 0.845033799395, 1.0900009, 1.09773484629, 1.00885408333, 0.846125506854, 9.47847471293, 0.931841286011, 0.842288928572, 923.811612974, 0.990237074765, 1.60208813859, 1.01562305671, 3.10485365378, 1.09387885066, 687.599443957, 19.1508090108, 8429.91272589, 4.55764075067
2.16431061993, 1.00000063453, 1.33854372819, 1.1916322094, 3.02320388238, 0.962891675207, 2.88202031948, 1.16140514342, 0.949030732028, 4.78447641059, 4.81880229146, 1.09903697509, 2.14630275743, 1.03460834954, 1.09000044835, 1.09076227731, 1.00144400569, 1.19024182976, 8.51963888994, 1.06268756996, 0.981572561279, 798.785726309, 1.0127976981, 5.14400938992, 1.16878518881, 5.45666659133, 1.05122554921, 2548.56416911, 42.4678495053, 3349.44246567, 0.268096514745
1.09628100193, 1.00000050428, 1.55741030831, 0.817682352161, 2.59467544016, 0.954849357477, 1.63245297063, 1.18756175868, 0.965764107661, 4.32881386943, 5.47176530384, 1.20310530535, 3.5003474737, 1.15744495838, 1.09000034526, 1.0656952927, 1.04733848158, 1.17727502936, 8.99979217295, 1.09351918178, 0.901120209491, 83.4063010841, 0.944654562702, 3.82298645157, 1.13348238083, 1.36628443197, 1.14663169876, 1665.50063967, 30.1991586068, 24898.8745067, 0.536193029491
5.66093931851, 1.00000035814, 1.60419357913, 0.831931995462, 3.90282346605, 0.826213040303, 1.42180353479, 1.17032580999, 0.921991250082, 5.74015326351, 5.49532878205, 1.01867667067, 1.60440893473, 1.12282541207, 1.09000030752, 1.07641638273, 1.02629533898, 0.862790366027, 6.92868423834, 0.995481270714, 0.870742762359, 223.270671995, 0.94807087796, 3.05545998591, 1.18940259369, 2.63368567086, 1.24449425727, 1083.78992748, 30.3546954661, 7018.21211976, 0.0
5.40274963493, 1.00000052299, 1.18595236243, 0.96458460939, 3.12489890099, 0.871234812107, 4.36049256299, 1.16453936415, 0.991631469608, 3.6160935887, 5.21889571886, 0.969292913782, 4.76616040492, 1.12008496356, 1.09000039183, 1.09897383585, 1.01981615224, 1.22808886016, 5.46387947318, 1.15104695692, 0.994368392046, 837.223637979, 0.931768315579, 2.47084811265, 1.03453971195, 3.9592800523, 1.11328704654, 1318.34301692, 48.7795376007, 3529.64558732, 0.268096514745
4.66434338655, 1.00000062895, 1.03296318349, 1.21528220837, 5.87692264062, 0.997298271257, 3.23775319914, 1.13513156252, 0.924831402307, 4.05763693286, 5.77061063629, 0.858872635988, 1.85294310569, 0.839261305403, 1.09000071393, 1.07140443956, 1.00931599857, 0.891934558335, 5.95798464119, 1.126861564, 0.850476816468, 860.613964286, 1.10826729164, 1.88523835254, 1.04035518119, 1.13587336355, 1.14083096188, 1415.05667531, 43.9677403717, 3935.49811243, 0.268096514745
1.76267404051, 1.00000067609, 1.32051853533, 0.905460979056, 5.36346467399, 0.710855276584, 5.73654290927, 1.24650515666, 0.90019996715, 2.78231741312, 6.19960684243, 1.21963008363, 3.38014872519, 0.896095113761, 1.09000016598, 1.06193411382, 1.03168193187, 0.907896884117, 8.5504709236, 0.924963512706, 0.911144920547, 678.892014314, 1.05490717676, 2.65323170634, 1.04617322929, 3.52250726639, 0.950966909496, 1491.85171707, 35.108367144, 5653.27621753, 0.0
1.85427955441, 1.0000000817, 1.52781321292, 0.900657221368, 5.644003795, 0.788646990837, 4.61139694463, 1.10195629371, 0.928751665353, 1.85812491468, 5.84763579496, 0.888326411177, 1.33791841311, 0.910022483532, 1.09000056691, 1.06534905612, 1.00054897805, 1.15123712436, 8.62120258233, 1.14472306416, 0.971555452487, 24.7336760713, 0.953663136556, 1.83381918644, 1.04572304584, 3.21779548356, 1.10921218645, 1082.34866719, 41.8941820527, 6899.78460612, 0.536193029491
1.91827728122, 1.00000026424, 1.44421380263, 1.1788739429, 5.77307816859, 0.99169120453, 4.45163516057, 1.06728945257, 0.913258704186, 1.51886798834, 4.89754209436, 1.16878416036, 2.1610029002, 0.838882214681, 1.09000060342, 1.05376926655, 1.01091052474, 0.837810474104, 3.80683263437, 0.972189603607, 0.834643997037, 394.059014645, 1.14920165884, 4.75969817078, 1.22052458795, 3.66938542947, 0.888257394135, 2031.27796002, 38.3618379518, 4740.51909188, 0.536193029491
1.23036481947, 1.00000084467, 1.11375848035, 1.01452896112, 3.74538987048, 0.956418029871, 5.09168436797, 1.02203578692, 0.910314785871, 2.299786891, 4.77281044099, 1.13755681066, 3.69848103745, 1.00356027565, 1.09000023968, 1.08412042435, 1.00773813702, 0.90097604365, 8.28772683868, 0.943475491473, 0.965653211904, 779.177245723, 0.955852219781, 3.45111415349, 0.984515248866, 3.77590849201, 0.91189785722, 1218.95315764, 44.7266693408, 5252.7766418, 0.536193029491
5.40274963493, 1.00000052299, 1.18595236243, 0.96458460939, 3.12489890099, 0.871234812107, 4.36049256299, 1.16453936415, 0.991631469608, 3.6160935887, 5.21889571886, 1.085232902, 4.76616040492, 1.12008496356, 1.09000039183, 1.09897383585, 1.01686370245, 1.22808886016, 5.46387947318, 1.15104695692, 0.994368392046, 837.223637979, 0.931768315579, 2.47084811265, 1.03453971195, 3.9592800523, 1.11328704654, 477.056951548, 20.157664718, 15696.5180641, 4.82573726542
1.26689027841, 1.00000005498, 1.42697162618, 0.961244518117, 3.45784935741, 0.87420118155, 5.92100445445, 1.25900383122, 0.99397074599, 1.86222547819, 5.34870910492, 0.943458479289, 1.18365354999, 1.00399270055, 1.0900003321, 1.09853804117, 1.00937838013, 0.875331389209, 9.95179070971, 0.993118107886, 0.950607968057, 640.745748053, 0.988256036861, 1.18369386522, 1.07573955748, 2.63166640508, 0.896386406842, 546.675276442, 20.5252401625, 1992.87648743, 3.21715817694
3.28539194105, 1.0000006467, 1.42375891304, 1.2052382505, 6.30030246942, 0.777748819675, 5.93431812909, 1.19789543513, 0.908550409311, 1.50451829934, 5.47188197252, 0.862185663813, 3.35795341364, 0.823943849543, 1.09000042647, 1.06595384754, 1.02963686005, 1.04015445862, 3.85728841163, 0.950155905536, 0.991302512705, 461.218969944, 0.957226174135, 5.16114889075, 0.998952671445, 4.17947045624, 0.924581201193, 1077.23065274, 26.2764485361, 1939.69747048, 2.41286863271
2.36580316126, 1.00000032908, 1.52566460838, 0.807780943963, 6.23740841441, 0.899610651969, 2.23161246223, 1.08492000857, 0.936335483185, 5.65442559448, 5.13677403063, 0.900759986938, 4.39877511012, 1.09693553282, 1.0900004842, 1.04144620586, 1.04846574592, 1.12914869247, 8.78073063382, 1.12865779458, 0.95729481856, 703.519465748, 0.993640563572, 4.41723340315, 1.22649153042, 2.75915760607, 1.07749912625, 701.694359154, 27.5378223776, 1709.27632294, 3.48525469169
5.54049859895, 1.00000084053, 1.30874590838, 1.20484676284, 5.4809109707, 0.883096671237, 5.87923307866, 1.02872896232, 0.980368229121, 3.41879596868, 5.52694611565, 0.878015600529, 2.68881922145, 0.934881306726, 1.09000020946, 1.08099694539, 1.01186738305, 1.22601491466, 5.60743920238, 1.06004417587, 0.79783333669, 647.928734765, 1.0022625795, 1.47719638055, 1.21121716419, 1.7969950101, 0.946685326355, 579.455766974, 33.5126749385, 2328.7560423, 1.60857908847
5.62440862265, 1.0000009581, 1.42058196198, 1.05768273567, 1.56182296529, 0.916088291544, 5.73594526599, 1.09128768772, 0.997786031533, 2.78964814662, 5.08881294429, 1.05517017706, 1.74091451641, 0.817014887122, 1.09000088605, 1.09659505783, 1.00931449243, 1.04293030604, 6.79574754287, 1.02463305971, 0.990036528975, 941.555891645, 0.990663893889, 3.71073529044, 1.02651210313, 4.62207381743, 1.09050780786, 402.209830329, 31.5949970433, 2683.22160947, 2.9490616622
3.8231292656, 1.00000070201, 1.37218010248, 1.00567581458, 4.85966063371, 0.939013416076, 3.50225785621, 1.07920887686, 0.913193750043, 3.88170289901, 5.7470917246, 1.1921182924, 1.24151267067, 1.08883209047, 1.09000047368, 1.10735624091, 1.00880828927, 1.16686782148, 6.03616580855, 1.17405950301, 0.957108098701, 23.2291462829, 1.13346942736, 4.68219670135, 1.03695144435, 2.8134715253, 1.27408682336, 858.179660614, 30.0271051678, 2047.44317115, 2.14477211796
1.94202282869, 1.00000019053, 1.11416240373, 1.08099802589, 3.48506607781, 0.806479973012, 4.51701167081, 1.18371276773, 0.919668460284, 5.44700453442, 5.90922023777, 1.20779614407, 1.46082919988, 1.00405768517, 1.09000061545, 1.05815439624, 1.01106074908, 1.10247460658, 6.77018000834, 0.9994851753, 0.940766756085, 683.133501788, 1.16006823303, 5.699948651, 1.21350334629, 2.02698785763, 0.940564596935, 565.892088536, 21.3815135446, 4865.12629395, 2.14477211796
2.20544303045, 1.00000041356, 1.16580277757, 1.12713373494, 3.67832422131, 0.71988469916, 5.03733366945, 1.15268944438, 0.962208949317, 1.66101536935, 5.04192480272, 0.880714567499, 3.37443730733, 1.08050234481, 1.09000053061, 1.03680731698, 1.01062434795, 1.01481703649, 9.38655579408, 0.984471754075, 0.84296451403, 729.838305133, 1.09932372663, 4.60223455363, 0.974710733114, 2.10352604639, 1.07463789581, 1042.07966011, 21.1008777015, 3712.10377943, 2.9490616622
1.6045906212, 1.00000050428, 1.55741030831, 0.817682352161, 2.59467544016, 0.954849357477, 1.63245297063, 1.18756175868, 0.965764107661, 4.32881386943, 5.47176530384, 1.20310530535, 3.5003474737, 1.15744495838, 1.09000034526, 1.0656952927, 1.04733848158, 1.17727502936, 8.99979217295, 1.09351918178, 0.901120209491, 83.4063010841, 0.944654562702, 3.82298645157, 1.13348238083, 1.36628443197, 0.999203856462, 509.967728263, 19.5944644269, 5636.56214317, 2.9490616622
1.53387196315, 1.00000001641, 1.00894084903, 0.957063087883, 1.51683549045, 0.953367503188, 1.68592029378, 1.01801861051, 0.908339349031, 2.80820180704, 5.97209886252, 0.835380471999, 4.60015973648, 0.847286370346, 1.09000028451, 1.03613059036, 1.00588490965, 1.07789416729, 3.60391059944, 0.940544495534, 0.782142466707, 560.692627523, 1.00123835143, 4.16141867666, 1.00733474911, 1.31368015289, 0.90952072818, 1143.35544873, 31.8855480871, 3891.38519771, 0.804289544236
1.26689027841, 1.00000005498, 1.42697162618, 0.936094348576, 3.45784935741, 0.87420118155, 5.92100445445, 1.25900383122, 0.979038845302, 2.09832823623, 5.34870910492, 0.943458479289, 1.18365354999, 0.823798661654, 1.0900003321, 1.0448281653, 1.00937838013, 0.875331389209, 9.95179070971, 0.993118107886, 0.936107078771, 640.745748053, 0.988256036861, 1.36274011202, 1.07573955748, 2.63166640508, 0.896386406842, 592.277742166, 33.6632109018, 5039.7208511, 1.34048257373
5.66494259701, 1.00000072579, 1.40198561899, 0.895038835407, 2.98629996863, 0.799977453809, 1.40568482707, 1.07022699772, 0.902311314843, 3.63023531315, 6.16429112201, 0.871057223891, 2.51675372563, 0.883852824113, 1.09000093952, 1.08024987159, 1.04995345023, 1.09057879045, 6.89948850302, 1.16766253073, 0.763781604014, 647.406453297, 1.11974747409, 2.70313264109, 1.02855137123, 5.45985897671, 1.22026584357, 514.249286818, 20.9018289528, 3352.27143603, 3.48525469169
3.91140213006, 1.00000042814, 1.57887000151, 1.00016483846, 2.98055205798, 0.853949073686, 2.94359045688, 1.03562189325, 0.917902382311, 3.23302627682, 6.09227297801, 1.0020482845, 1.04232708067, 1.25491080588, 1.0900004464, 1.0250342111, 1.00121145174, 1.14919530749, 4.87520450175, 1.01043593005, 0.79986917255, 877.371986991, 1.03875148317, 5.13681460301, 1.07720258384, 3.02191129237, 1.02779097453, 849.58830568, 23.8610804154, 3152.39881076, 1.60857908847
5.57942313279, 1.00000050505, 1.68714748604, 1.00971329048, 5.53269478218, 0.762350152922, 2.19744853818, 1.1387422574, 0.941471358014, 2.05967140056, 4.76033342166, 0.920890512293, 1.85500123368, 0.942943635314, 1.09000008457, 1.08755846248, 1.01345982778, 0.945728149927, 6.43558722816, 0.985905301625, 0.978925501921, 945.051392583, 1.15174937758, 2.48115019739, 1.07958028071, 5.2832804259, 0.935291696518, 648.259049925, 21.147083297, 4299.18225364, 0.804289544236
3.10804759401, 1.00000026167, 1.15678926725, 1.03193644952, 5.95244161447, 0.885124682599, 2.87075004283, 1.07278560234, 0.931399828466, 3.2757525153, 5.71718895124, 0.820775762136, 3.36724824437, 0.930918303077, 1.09000055743, 1.02402417427, 1.00253900804, 1.16529826379, 7.30002984569, 0.99204493401, 0.80361862549, 189.727862141, 0.930161264801, 1.28941256428, 0.985439887409, 1.24183369443, 0.943181700852, 1350.18611363, 44.1681520931, 2823.35018752, 1.07238605898
1.13153090558, 1.00000062751, 1.39392687347, 0.814227164932, 2.78907674826, 0.754499988065, 2.48254612575, 1.18180358796, 0.931683244543, 3.75121317347, 4.88694074458, 0.813369370806, 2.28945277849, 0.823798661654, 1.09000022329, 1.0448281653, 1.00618928558, 0.981680981691, 3.56594035752, 1.03497839252, 0.936107078771, 12.6460443949, 0.968759777606, 2.45186158276, 0.957330867951, 5.08597326119, 1.04829673989, 563.676968086, 36.8759854435, 3241.53244126, 1.07238605898
5.31994507575, 1.00000087006, 1.12031094086, 1.17824855093, 2.14957681991, 0.960149599301, 5.58767953897, 1.12482769451, 0.969356451765, 3.33451285672, 4.73920337743, 0.817177947217, 1.68282413308, 1.17631097269, 1.09000093718, 1.0769380093, 1.04981021467, 0.969271311517, 8.29826655419, 1.03475532068, 0.908285208564, 571.296177818, 0.915625944109, 4.59556701186, 1.15074865518, 1.8234015023, 1.2728882771, 799.683507262, 22.9274414029, 3679.70177366, 2.9490616622
1.02248491097, 1.00000076546, 1.35736037814, 0.994328679557, 3.55988335622, 0.890262540544, 5.83638813312, 1.02316145, 0.965311843862, 2.58082215951, 5.6991793098, 1.07524528069, 1.87337084571, 1.18791774842, 1.09000091102, 1.01323333014, 1.04078082675, 0.825270527016, 6.47585876162, 1.03405440243, 0.895184364531, 188.971767323, 0.967301262626, 5.81000437326, 1.15787594824, 5.33061108028, 1.24598963452, 2734.07021048, 32.753874512, 3760.07823905, 1.07238605898
4.28592125442, 1.00000079687, 1.49567688461, 1.07490138733, 5.64836318921, 0.935520101215, 2.84438968244, 1.09781687487, 0.956854685736, 2.79669909364, 5.49074176572, 1.14746808176, 3.10972510771, 1.09692216734, 1.09000068172, 1.05891941362, 1.04237087965, 0.836853829777, 4.58267086324, 1.10032545537, 0.827163776589, 359.417585105, 1.18415951975, 1.44696909574, 1.12852905611, 1.78207358015, 0.87067486731, 363.831403509, 16.5045341278, 3790.61058346, 9.65147453083
1.91827728122, 1.00000026424, 1.44421380263, 1.1788739429, 5.77307816859, 0.876176652796, 4.45163516057, 1.06728945257, 0.913258704186, 3.39868711063, 4.89754209436, 1.16878416036, 3.77877913929, 0.838882214681, 1.09000052581, 1.0590252071, 1.01091052474, 0.837810474104, 4.11272226942, 0.972189603607, 0.834643997037, 394.059014645, 1.14920165884, 4.75969817078, 1.22052458795, 3.66938542947, 1.0179814446, 1568.8395187, 35.2451364759, 6201.62448373, 0.0
3.63700927951, 1.00000081001, 1.44865204213, 1.00426572912, 2.68589560097, 0.92415685968, 1.80390114338, 1.17190765343, 0.90835357347, 5.84434842078, 5.76197755606, 0.858340863004, 1.04951414305, 1.13868334999, 1.0900000336, 1.0283780842, 1.0431806323, 0.978751905047, 8.16094022386, 0.990368355644, 0.827730751251, 381.065075142, 1.1941503187, 3.02331134436, 1.04508283324, 2.20938063272, 1.08766155508, 4873.83225745, 39.6421776499, 6061.92546182, 0.536193029491
3.28876553996, 1.00000078507, 1.4141134825, 0.967962764918, 2.58267926557, 0.725028016391, 2.55227349645, 1.06176473791, 0.908449951802, 5.48991333915, 4.82300972586, 1.11680374258, 2.42804651971, 1.0003637549, 1.09000074517, 1.05506789533, 1.00523524421, 0.943445521111, 7.04147993596, 1.07092462447, 0.953096834402, 569.118937185, 0.971006034381, 5.39751591766, 1.04777984543, 3.78536289229, 1.10921218645, 2498.85711498, 54.5997066867, 4851.79781851, 0.536193029491
2.24873346101, 1.00000008303, 1.20494317386, 0.8536385858, 3.85466615562, 0.714590608845, 5.84217535754, 1.24959042451, 0.968852911198, 4.34013849106, 4.72573271794, 1.18757408438, 1.87754778804, 0.890134749757, 1.09000095927, 1.05883361292, 1.00788972663, 0.816418131512, 9.00872618013, 0.955598898627, 0.799490967188, 878.633423843, 1.04564216153, 3.63412916365, 0.972245064721, 4.458341149, 1.23096830543, 1574.95367148, 26.685523765, 2075.85850102, 3.75335120643
2.16508314404, 1.00000020235, 1.27351920087, 1.05458516263, 3.79463703105, 0.894132150264, 3.96854817029, 1.15150606202, 0.950365898211, 1.78991468827, 5.52842468355, 1.01492713144, 1.5301871986, 1.08501117592, 1.09000086696, 1.07184254282, 1.00933503978, 1.18730726332, 6.92594999532, 1.02429052208, 0.935697273599, 790.681618007, 1.01829459779, 2.67109322595, 1.05615947337, 2.69905402636, 1.04569230421, 854.295843083, 23.2806588081, 33090.2153215, 2.9490616622
1.2752831774, 1.00000078067, 1.27271199435, 1.04540622917, 5.90967862505, 0.819680580854, 5.31941506006, 1.15167065496, 0.954899740837, 4.68318964703, 5.98333926292, 0.993305211343, 3.69848103745, 0.985301244674, 1.0900004957, 1.07703376091, 1.03000486504, 0.980362487947, 8.10276818549, 1.03100967306, 0.96798062123, 816.21574086, 1.0472461537, 4.67068902583, 1.23778416014, 4.84898533595, 0.881813875208, 1507.15571135, 23.4413421448, 19118.1469546, 3.75335120643
1.43155031849, 1.00000012438, 1.39972986095, 0.974256787917, 1.64418588074, 0.945018715917, 4.30664834418, 1.14147903193, 0.946361324205, 5.97218078567, 4.80063577772, 0.818120269874, 1.16191924895, 0.845033799395, 1.0900009, 1.09773484629, 1.00885408333, 0.846125506854, 9.47847471293, 0.931841286011, 0.842288928572, 648.382217894, 0.990237074765, 1.60208813859, 1.01562305671, 3.10485365378, 1.09387885066, 774.949706432, 27.9099492933, 30684.4376222, 2.9490616622
1.51105696483, 1.00000081001, 1.44865204213, 1.00426572912, 2.68589560097, 0.92415685968, 1.80390114338, 1.17190765343, 0.90835357347, 5.84434842078, 5.76197755606, 0.858340863004, 1.04951414305, 1.13868334999, 1.0900000336, 1.0283780842, 1.0431806323, 0.978751905047, 7.04001819138, 0.990368355644, 0.827730751251, 381.065075142, 1.1941503187, 3.02331134436, 1.04508283324, 2.20938063272, 1.08766155508, 547.282792096, 18.1604024855, 2804.46977323, 7.23860589812
1.85427955441, 1.00000023242, 1.52781321292, 0.900657221368, 1.56182296529, 0.788646990837, 3.80548398437, 1.10195629371, 0.928751665353, 1.85812491468, 5.84763579496, 0.888326411177, 1.33791841311, 0.910022483532, 1.09000056691, 1.06534905612, 1.00054897805, 1.15123712436, 8.31561245022, 1.14472306416, 0.878738371878, 166.971988786, 0.953663136556, 1.83381918644, 1.02295673682, 3.21779548356, 1.12024160041, 1510.38465515, 46.388356466, 6208.50339039, 0.536193029491
5.42162430432, 1.00000002483, 1.60238705465, 1.01059335067, 4.58262179251, 0.823155809845, 1.51391466702, 1.07567513078, 0.979040653995, 2.91228738699, 5.01131018015, 0.965535990597, 4.49384906971, 0.81412515399, 1.09000041207, 1.10825611904, 1.03562290033, 1.08679200244, 6.28674524432, 0.927352125064, 0.9320739984, 318.30603429, 1.17687611025, 4.95497426759, 1.13222723341, 1.26254485187, 1.03568846376, 788.204124055, 23.7265635157, 11775.5279517, 4.28954423592
5.35508554123, 1.00000051319, 1.72006309392, 1.17846456837, 5.47761149258, 0.912157529205, 5.74872732293, 1.17537011977, 0.933174630265, 2.76396938774, 5.43855943666, 0.922249675465, 2.29608975718, 0.86318124405, 1.09000072132, 1.0859974831, 1.01153135557, 0.829122629427, 8.24323930494, 1.13285401767, 0.997966824792, 989.829354571, 1.05589730582, 5.29970877517, 1.01721475729, 1.87385696918, 1.08458184568, 945.675758178, 20.1815238768, 7923.52876395, 5.8981233244
1.71310450266, 1.00000063784, 1.54880124883, 0.81757687354, 1.52869871962, 0.805673445098, 4.61109446104, 1.05554769108, 0.98262654594, 3.03197052359, 5.636397277, 1.02668982552, 2.15035703821, 0.884572482689, 1.09000067881, 1.06343855807, 1.01785817743, 1.05858334135, 8.09725861361, 0.915058858031, 0.852467665426, 748.180658421, 1.12433756016, 4.73485011679, 1.13105621346, 5.07044077663, 1.09272222608, 2170.10511197, 25.2401725258, 2717.59109018, 4.55764075067
2.76373770725, 1.0000008697, 1.1216836364, 0.805005976082, 1.71769378394, 0.893749525515, 2.40066057172, 1.18394417126, 0.965536237005, 2.21295944849, 5.57691987193, 0.833174363951, 4.64380632795, 1.28722741653, 1.09000026617, 1.03782955516, 1.01461906016, 0.826893481785, 9.54636983451, 0.971147046462, 0.904356734638, 342.168554563, 1.19231586843, 3.84603247381, 1.08037747948, 2.27336380754, 1.10844497697, 935.261728524, 20.6110079552, 2856.87341197, 5.36193029491
4.28592125442, 1.00000079687, 1.49567688461, 1.07490138733, 5.47761149258, 0.935520101215, 2.84438968244, 1.09781687487, 0.956854685736, 2.79669909364, 5.49074176572, 1.14746808176, 3.10972510771, 1.09692216734, 1.09000068172, 1.05891941362, 1.04237087965, 0.836853829777, 4.58267086324, 1.10032545537, 0.827163776589, 359.417585105, 1.05589730582, 1.16145753782, 1.12852905611, 1.78207358015, 0.87067486731, 1332.94828088, 27.2156829032, 5652.08560028, 2.14477211796
1.08632999486, 1.00000086921, 1.72277584086, 1.21410317435, 6.9933818905, 0.8631384934, 5.98615649148, 1.16004004157, 0.92198444082, 2.81395604532, 5.26683409463, 0.868421240491, 2.6586632413, 0.838289013611, 1.0900005172, 1.07652993642, 1.00000930172, 0.947887439724, 5.03181145737, 1.0122600486, 0.839148668492, 988.485893159, 1.10962516333, 2.85350018682, 1.23170060092, 1.22911874567, 0.941502786955, 1767.21978603, 29.0990025306, 6646.21754628, 0.804289544236
3.79959081388, 1.00000038923, 1.13995081497, 0.820635537888, 2.18766051657, 0.918152713456, 5.63558640316, 1.17453703358, 0.956399484887, 1.75677014444, 4.92152348247, 0.890574938484, 4.63896798754, 0.844342682783, 1.09000079256, 1.07363909326, 1.00327329249, 0.891482510165, 5.07943376518, 1.02559457448, 0.999972821651, 627.637844846, 1.06974439846, 4.05534667351, 1.10483839336, 2.6570165709, 1.14513815303, 1198.57406601, 32.3651281325, 10391.3958734, 0.536193029491
3.28876553996, 1.00000078507, 1.4141134825, 0.967962764918, 2.58267926557, 0.725028016391, 2.55227349645, 1.06176473791, 0.908449951802, 5.48991333915, 4.82300972586, 1.11680374258, 2.42804651971, 1.0003637549, 1.09000074517, 1.05506789533, 1.00523524421, 1.17533929034, 7.04147993596, 1.07092462447, 0.953096834402, 569.118937185, 0.971006034381, 5.39751591766, 1.04777984543, 3.78536289229, 1.10921218645, 644.575933284, 22.818254581, 4024.25988636, 5.09383378016
5.69972257623, 1.00000099548, 1.21452969223, 1.12228708315, 4.26905330705, 0.785308535821, 1.43424276178, 1.04289647801, 0.92780013268, 4.9445921275, 5.31699080547, 0.812248220295, 2.9778525374, 1.26635577196, 1.09000087582, 1.05216202926, 1.0412285456, 0.947422566095, 7.91017610621, 1.12107435422, 0.913224583996, 34.0767049715, 0.935104821759, 2.90445648295, 0.976672115087, 5.10122622594, 1.07962479662, 1425.28617304, 33.908951778, 7352.91814472, 0.0
4.49102233725, 1.00000041956, 1.03326192037, 0.889614658599, 5.64836318921, 0.844831056255, 3.24904333254, 1.23120370318, 0.987650132032, 2.1408609211, 6.12318880866, 1.21866056026, 2.40095788429, 0.876915505118, 1.0900002097, 1.03663532077, 1.03368206027, 1.20717812657, 5.17406697764, 1.10667822949, 0.862131315758, 770.522089305, 1.01900147227, 2.31655741547, 0.958117035992, 1.30375522938, 1.11896380502, 473.360146602, 32.7106379089, 8881.81871468, 3.21715817694
3.91140213006, 1.00000042814, 1.57887000151, 1.00016483846, 2.98055205798, 0.853949073686, 4.3787152325, 1.03562189325, 0.917902382311, 3.23302627682, 6.09227297801, 1.0020482845, 1.04232708067, 1.25491080588, 1.0900004464, 1.0250342111, 1.00026222935, 1.14919530749, 4.87520450175, 1.01043593005, 0.79986917255, 877.371986991, 1.03875148317, 5.13681460301, 1.07720258384, 3.02191129237, 1.02779097453, 719.22265177, 28.3209695759, 4735.45870814, 1.07238605898
1.51105696483, 1.00000075763, 1.34621206526, 0.807471413122, 3.70063800806, 0.80005177538, 3.82843245298, 1.13496751815, 0.926209026069, 3.62768380232, 6.00993350495, 1.05167006392, 1.33627389812, 0.824156692205, 1.09000089615, 1.10508464551, 1.02944692275, 0.949230383768, 7.04001819138, 1.150609085, 0.920904164069, 658.499047157, 1.08173929604, 4.07308314412, 0.955543175969, 5.36290004621, 1.22994794084, 1060.56023179, 24.6951706875, 7184.58807329, 1.60857908847
5.02237889133, 1.00000093875, 1.53316680325, 1.20701251729, 5.9829478807, 0.982145547084, 5.41031157162, 1.12693658967, 0.902507685506, 4.22417923708, 5.50222276492, 1.05882421185, 3.14995950828, 1.02020264334, 1.09000048872, 1.00540365915, 1.04537022374, 1.08129691249, 5.37747993091, 0.930125838628, 0.861930569939, 983.601716716, 1.0988494758, 3.94257469768, 1.20897840583, 1.02721789627, 1.25663341045, 1742.99520167, 30.4822137968, 9363.84367706, 0.536193029491
1.76267404051, 1.00000067609, 1.32051853533, 0.905460979056, 5.36346467399, 0.710855276584, 5.73654290927, 1.24650515666, 0.90019996715, 2.78231741312, 6.19960684243, 1.21963008363, 3.38014872519, 0.839312771988, 1.09000007465, 1.06193411382, 1.03168193187, 1.20104645394, 8.5504709236, 0.924963512706, 0.911144920547, 678.892014314, 1.15174937758, 2.65323170634, 1.04617322929, 3.52250726639, 0.950966909496, 871.739677873, 24.3056729181, 4705.59610027, 2.41286863271
