0.634400722252, 0.829873785483, 80.4578074678, 0.630068978811, 37.9595614609, 38.8715045537, 0.110313635433, 0.789401282887, 2.75185508734, 1483.17830515, 1.11022302463e-16, 0.0
0.634400722252, 0.873443333308, 80.9212475006, 0.69165558734, 57.5413508351, 18.194987663, 0.612816587877, 3.06564946439, 7.96745190208, 1370.59353782, 0.00299820758975, 0.0
0.201140950703, 0.854322506092, 93.4848083255, 0.56710765952, 64.4076166033, 40.1435073256, 0.420942290763, 0.789401282887, 1.31298283258, 0.0, 1.0, 0.0
0.201140950703, 0.879651900177, 93.4713254838, 0.649854768069, 41.8304045926, 43.2098171881, 0.762211084157, 4.46224368294, 1.23583569634, 0.0, 1.0, 0.0
0.201140950703, 0.879651900177, 93.4713254838, 0.649854768069, 42.7114029285, 43.2098171881, 0.762211084157, 4.46224368294, 1.23583569634, 0.0, 1.0, 0.0
0.203676021671, 0.864575524809, 82.2311085766, 0.693071693722, 61.7697019956, 3.56679477098, 0.339645777381, 3.19109348868, 14.7391104331, 1062.31512459, 0.0268378574636, 0.0
0.116113578998, 0.873443333308, 80.9212475006, 0.69165558734, 57.5413508351, 19.9587838143, 0.349588522074, 3.06564946439, 2.80552994229, 623.230737841, 0.099361880168, 0.0
0.104004558639, 0.911562777705, 92.1073894108, 0.655568883761, 90.7891950747, 45.0522459098, 0.109093587891, 1.69932419788, 1.66709591383, 1573.85208414, 0.0, 0.0
0.112980841561, 0.876486857144, 94.8093119191, 0.42745110906, 59.9698949938, 4.55426511454, 0.910232872722, 2.45464922631, 19.9483733019, 963.937432322, 0.069264687644, 0.4375
0.12036109435, 0.844800769728, 80.0282936178, 0.515062781449, 68.6118819442, 3.69100642769, 0.534755511329, 3.35875834592, 1.66709591383, 1524.19253162, 0.0251639134133, 0.111111111111
0.192062885091, 0.844800769728, 81.0954793503, 0.455852591009, 90.7891950747, 1.48890913363, 0.420942290763, 1.37717892545, 1.66709591383, 1400.27334174, 0.011394577924, 0.545454545455
0.1244336275, 0.879651900177, 80.4578074678, 0.517236865444, 20.2712496164, 7.20890446986, 0.395644361322, 0.789401282887, 9.66945714519, 1407.26187499, 0.0349359973938, 0.111111111111
0.109675530679, 0.829873785483, 80.4578074678, 0.619221119223, 37.9595614609, 3.38776330902, 0.691295730168, 0.789401282887, 2.75185508734, 1314.56647604, 0.0647689537068, 0.458333333333
0.192062885091, 0.844800769728, 81.0954793503, 0.636556914161, 68.6118819442, 15.1745471056, 0.0196424692714, 1.37717892545, 1.66709591383, 1233.07652481, 0.144769138423, 0.0
0.192062885091, 0.844800769728, 81.0954793503, 0.589978151896, 68.6118819442, 15.1745471056, 0.0196424692714, 1.37717892545, 1.66709591383, 1368.92393856, 0.104927786144, 0.0
0.882067797273, 0.829873785483, 80.4578074678, 0.619221119223, 37.9595614609, 48.8841795827, 0.79028599653, 0.789401282887, 2.75185508734, 826.904718799, 0.806162014421, 0.0
0.11096940132, 0.829873785483, 92.5733865043, 0.699660719991, 70.723628991, 3.38776330902, 0.420942290763, 0.789401282887, 2.75185508734, 1636.78680688, 0.0056150508802, 0.0
0.853045524017, 0.879651900177, 93.4713254838, 0.649854768069, 41.8304045926, 43.2098171881, 0.762211084157, 4.38800276555, 1.23583569634, 1675.28145614, 0.0, 0.333333333333
0.469394668974, 0.841261281247, 94.3829483696, 0.601951598915, 83.3369547832, 24.6555173765, 0.395205420979, 1.06282641839, 1.51528869851, 2613.80582031, 0.0, 0.0
0.210207334034, 0.844800769728, 84.3014497344, 0.455852591009, 26.2101620749, 1.48890913363, 0.947642655067, 0.310646311879, 1.01489337838, 1614.6020769, 0.00944344411345, 0.25
0.104004558639, 0.870399010912, 84.3014497344, 0.619221119223, 90.7891950747, 1.48890913363, 0.415535529927, 1.37717892545, 1.66709591383, 2133.68195742, 0.00520075658236, 0.0
0.192062885091, 0.842597014761, 89.0829036463, 0.40074179873, 83.3369547832, 1.01645602532, 0.0196424692714, 1.37717892545, 1.66709591383, 1915.46053459, 0.00470928763451, 0.272727272727
0.153393620697, 0.826007266982, 89.4613364108, 0.580441821912, 20.2712496164, 2.89540146385, 0.477885069614, 0.842058566992, 9.66945714519, 1139.8655798, 0.069627500975, 0.538461538462
0.192062885091, 0.863403919634, 81.0954793503, 0.455852591009, 90.7891950747, 1.48890913363, 0.420942290763, 1.37717892545, 1.66709591383, 1436.42751373, 0.018512215963, 0.571428571429
0.511335591748, 0.846189874575, 92.5733865043, 0.568818198956, 64.3484262287, 1.18086625257, 0.0196424692714, 3.285045461, 9.79076667498, 1586.01925787, 0.0624027582951, 0.15
0.132024249847, 0.829873785483, 80.4578074678, 0.619221119223, 37.9595614609, 3.38776330902, 0.691295730168, 0.789401282887, 2.75185508734, 1604.58891862, 0.0540702554665, 0.538461538462
0.192062885091, 0.844800769728, 81.0954793503, 0.692871249488, 68.6118819442, 15.1745471056, 0.840274897478, 1.71212574361, 1.66709591383, 1442.07254597, 0.0697959372318, 0.142857142857
0.340719526378, 0.870399010912, 84.3014497344, 0.692871249488, 37.9595614609, 12.6866114884, 0.349588522074, 1.71212574361, 9.66945714519, 1233.30452628, 0.175188549819, 0.0
0.192062885091, 0.844800769728, 80.0282936178, 0.455852591009, 90.7891950747, 1.48890913363, 0.420942290763, 1.37717892545, 1.66709591383, 1710.19568802, 0.0103909178705, 0.0
0.340719526378, 0.870399010912, 84.3014497344, 0.692871249488, 20.2712496164, 12.6866114884, 0.349588522074, 1.71212574361, 9.66945714519, 1704.60304168, 0.117362991397, 0.0
0.192062885091, 0.842597014761, 84.9251121241, 0.40074179873, 29.9479706434, 1.01645602532, 0.341246546391, 1.37717892545, 1.66709591383, 1824.12463527, 0.00790722227788, 0.1875
0.329783234439, 0.884376868237, 80.0282936178, 0.420412530184, 70.0898805528, 5.76790963646, 0.947642655067, 3.35875834592, 1.66709591383, 1750.17208563, 1.11022302463e-16, 0.545454545455
0.238768075616, 1.04313899384, 92.1073894108, 0.678481170311, 80.2520160437, 45.0522459098, 0.109093587891, 1.69932419788, 2.66810784375, 6350.89218068, 0.0, 0.0
0.203676021671, 1.03248114476, 82.2311085766, 0.693071693722, 43.4349505452, 2.40454149694, 0.741867678027, 3.19109348868, 14.7391104331, 6125.3567784, 0.00253288114179, 0.142857142857
0.329783234439, 0.884376868237, 80.0282936178, 0.420412530184, 68.6153823935, 5.76790963646, 0.947642655067, 3.35875834592, 8.83177116534, 1614.68882486, 0.0286838932088, 0.25
0.104004558639, 0.844800769728, 81.0954793503, 0.455852591009, 90.7891950747, 1.48890913363, 0.420942290763, 1.37717892545, 1.66709591383, 2619.41679847, 0.0061549714596, 0.0
0.104004558639, 0.870399010912, 84.3014497344, 0.455852591009, 90.7891950747, 1.48890913363, 0.420942290763, 1.37717892545, 1.66709591383, 3158.70636391, 0.00545124166045, 0.222222222222
0.104004558639, 0.870399010912, 84.3014497344, 0.455852591009, 90.7891950747, 1.48890913363, 0.420942290763, 0.495482440898, 1.66709591383, 2204.87380763, 0.00633428972382, 0.0
0.104004558639, 0.870399010912, 84.3014497344, 0.455852591009, 20.2712496164, 1.48890913363, 0.420942290763, 0.495482440898, 1.66709591383, 2146.98723039, 0.00746909004615, 0.333333333333
0.192062885091, 0.909823802663, 89.0829036463, 0.40074179873, 19.0227072157, 1.01645602532, 0.109093587891, 1.37717892545, 1.66709591383, 2396.75140169, 0.00479977916975, 0.526315789474
0.192062885091, 0.870399010912, 90.1936422369, 0.455852591009, 90.7891950747, 1.2395416502, 0.947642655067, 1.37717892545, 1.66709591383, 1629.19511614, 0.0258913115696, 0.571428571429
0.192062885091, 0.842597014761, 81.0954793503, 0.636556914161, 68.6118819442, 15.1745471056, 0.0196424692714, 1.37717892545, 1.66709591383, 1543.48893442, 0.052924502831, 0.588235294118
0.192062885091, 0.870399010912, 90.1936422369, 0.455852591009, 90.7891950747, 1.48890913363, 0.947642655067, 1.37717892545, 1.66709591383, 1678.67573271, 0.023354298222, 0.695652173913
0.153393620697, 0.879651900177, 86.140404472, 0.517236865444, 20.2712496164, 6.83657078021, 0.971781466644, 0.789401282887, 9.66945714519, 1515.37744919, 0.158529222495, 0.461538461538
0.192062885091, 0.844800769728, 81.0954793503, 0.589978151896, 68.6118819442, 15.1745471056, 0.840274897478, 1.37717892545, 1.66709591383, 1605.08944247, 0.0754118464723, 0.285714285714
0.273021858005, 0.841261281247, 94.3829483696, 0.601951598915, 83.3369547832, 8.6805762736, 0.395205420979, 3.03474829184, 3.26082487223, 1492.03146871, 0.148443469063, 0.684210526316
0.116113578998, 0.873443333308, 80.9212475006, 0.69165558734, 57.5413508351, 19.9587838143, 0.349588522074, 3.06564946439, 2.80552994229, 1652.11461866, 0.174169084313, 0.1875
0.192062885091, 0.844800769728, 81.0954793503, 0.636556914161, 68.6118819442, 15.1745471056, 0.420942290763, 1.37717892545, 1.66709591383, 1358.47413751, 0.179224152418, 0.0
0.118336095786, 0.829873785483, 80.4578074678, 0.619221119223, 37.9595614609, 34.9985050623, 0.600026382184, 0.789401282887, 2.75185508734, 1384.7372672, 0.176376623845, 0.538461538462
0.153393620697, 0.829873785483, 80.4578074678, 0.630068978811, 37.9595614609, 38.8715045537, 0.477885069614, 2.06237225788, 9.66945714519, 1235.31626899, 0.359876349454, 0.0
0.203676021671, 0.864575524809, 80.1515986093, 0.693071693722, 43.4349505452, 2.40454149694, 0.741867678027, 3.19109348868, 5.7659403529, 1724.08430128, 0.0340887982269, 0.0555555555556
0.108184909622, 0.906786725411, 91.6000880523, 0.585141451376, 0.647098097014, 3.56679477098, 0.0196424692714, 4.38800276555, 1.05433691938, 1871.66028407, 0.0110031667431, 0.111111111111
0.195732065039, 0.842988586367, 93.7453935332, 0.568818198956, 83.3369547832, 1.36072462402, 0.691295730168, 1.31276091346, 6.72633918624, 2171.60214907, 0.0121205918418, 0.0
0.153393620697, 0.829873785483, 80.4578074678, 0.630068978811, 71.3916943937, 38.8715045537, 0.477885069614, 2.06237225788, 9.66945714519, 1763.10351089, 0.115064718323, 0.0
0.210207334034, 0.844800769728, 84.3014497344, 0.579106418259, 26.2101620749, 1.01645602532, 0.426631731791, 0.310646311879, 1.01489337838, 1916.70208623, 0.0166383836532, 0.0
0.329783234439, 0.844800769728, 80.0282936178, 0.420412530184, 68.6153823935, 5.76790963646, 0.534755511329, 3.35875834592, 8.83177116534, 1909.56507219, 0.0856907016723, 0.0
0.104004558639, 0.870399010912, 84.3014497344, 0.455852591009, 90.7891950747, 1.48890913363, 0.420942290763, 0.495482440898, 1.66709591383, 2150.83586307, 0.00981541468934, 0.3125
0.192062885091, 0.842597014761, 81.0954793503, 0.40074179873, 83.3369547832, 1.01645602532, 0.0196424692714, 1.37717892545, 1.66709591383, 1963.36523459, 0.00720537745262, 0.666666666667
0.192062885091, 0.967983226913, 93.0782753423, 0.40074179873, 83.3369547832, 1.01645602532, 0.0196424692714, 1.37717892545, 4.31286251741, 1875.14516207, 0.00755153173787, 0.684210526316
0.192062885091, 0.884376868237, 80.1515986093, 0.455852591009, 96.3530553916, 1.48890913363, 0.947642655067, 1.37717892545, 1.66709591383, 1837.88716686, 0.0185703757616, 0.714285714286
0.118336095786, 1.2376082369, 93.6894119808, 0.614984312639, 99.7643148653, 1.08888804426, 1.11439810535, 4.56530585995, 2.18735528918, 18815.0084286, 0.00510195518738, 0.0227272727273
0.118336095786, 1.19067796605, 93.6894119808, 0.455852591009, 14.1273818937, 1.08888804426, 1.11439810535, 4.84538994057, 2.18735528918, 17398.24999, 0.0053403150059, 0.0882352941176
0.141430478624, 1.2376082369, 80.5636797343, 0.577146385631, 99.7643148653, 1.48890913363, 0.707751575963, 2.22723732733, 1.97374717279, 12903.6478654, 0.00551375793527, 0.142857142857
0.141430478624, 1.2376082369, 80.5636797343, 0.577146385631, 99.7643148653, 1.48890913363, 0.341246546391, 4.38800276555, 1.97374717279, 14579.952573, 0.00363040423999, 0.25
0.1244336275, 0.879651900177, 81.0954793503, 0.517236865444, 20.2712496164, 4.3550530454, 0.395644361322, 0.789401282887, 1.66709591383, 1723.90442441, 0.0577105415879, 0.535714285714
0.192062885091, 0.870399010912, 81.6497942341, 0.455852591009, 90.7891950747, 1.48890913363, 0.0196424692714, 1.37717892545, 12.8559788788, 1745.96778324, 0.0311567197, 0.533333333333
0.201140950703, 0.867326426446, 93.4848083255, 0.586105515872, 56.1310857544, 1.48890913363, 0.412749504373, 4.39316266951, 12.8562039772, 3328.6804064, 0.00707834473178, 0.0
0.118336095786, 0.908367460044, 93.6894119808, 0.603132098634, 9.52516968258, 1.48890913363, 1.11439810535, 4.38073268724, 17.8684993656, 4347.88462499, 0.00654905027001, 0.0
0.192062885091, 0.844800769728, 81.0954793503, 0.455852591009, 96.4324703049, 1.48890913363, 0.420942290763, 1.37717892545, 1.66709591383, 2359.75507522, 0.00879067499672, 0.607142857143
0.846642551998, 0.829562939481, 84.3014497344, 0.619221119223, 37.9595614609, 38.8715045537, 0.110313635433, 1.71212574361, 1.66375641733, 1372.49167506, 0.311303430814, 0.5
0.660915878946, 0.829873785483, 80.4578074678, 0.630068978811, 37.9595614609, 10.1574153636, 0.110313635433, 0.789401282887, 2.75185508734, 1468.50866028, 0.357160127665, 0.392857142857
0.329783234439, 0.844800769728, 80.0282936178, 0.407757921496, 77.2953197998, 5.76790963646, 0.534755511329, 3.35875834592, 8.83177116534, 1715.62486955, 0.192242528841, 0.545454545455
0.897304470763, 0.912739093529, 80.3909196227, 0.442611078275, 38.6746855177, 46.7920201054, 0.910232872722, 4.38796475743, 9.89358378148, 1599.15289471, 0.445236134498, 0.333333333333
0.846642551998, 0.829873785483, 80.4578074678, 0.630068978811, 37.9595614609, 38.8715045537, 0.110313635433, 0.789401282887, 2.75185508734, 1327.54771181, 0.54138457713, 0.0
0.192062885091, 0.844800769728, 81.0954793503, 0.636556914161, 8.83890782943, 15.1745471056, 0.910232872722, 1.37717892545, 1.66709591383, 1867.03112232, 0.0695304488833, 0.181818181818
0.203676021671, 0.864575524809, 82.2311085766, 0.693071693722, 61.7697019956, 3.56679477098, 0.339645777381, 3.15932598072, 14.7391104331, 1752.81995558, 0.0822911214227, 0.2
0.156857670601, 0.867326426446, 93.4848083255, 0.619221119223, 91.7041115403, 24.5361032663, 0.79028599653, 4.39316266951, 1.31298283258, 1775.1760675, 0.106820392096, 0.125
0.192062885091, 0.842597014761, 81.0954793503, 0.40074179873, 83.3369547832, 1.01645602532, 0.0196424692714, 1.37717892545, 1.66709591383, 2133.78877768, 0.0128975426949, 0.153846153846
0.153393620697, 0.826538628934, 84.3014497344, 0.580441821912, 20.2712496164, 3.38776330902, 0.843809959579, 1.71212574361, 9.66945714519, 2219.19699453, 0.0125467802996, 0.0
0.660915878946, 0.829873785483, 80.4578074678, 0.630068978811, 37.9595614609, 38.9935248257, 0.110313635433, 0.789401282887, 2.75185508734, 1811.31509832, 0.408348806936, 0.0
0.195732065039, 0.842988586367, 93.6894119808, 0.568818198956, 37.9595614609, 1.36072462402, 0.691295730168, 1.31276091346, 2.08337567478, 1947.06496357, 0.0167855909226, 0.2
0.192062885091, 0.844800769728, 81.0954793503, 0.455852591009, 90.7891950747, 1.48890913363, 0.420942290763, 1.37717892545, 1.66709591383, 2066.44815917, 0.0181852116266, 0.0
0.162092174398, 0.967645922848, 88.9207538527, 0.420412530184, 48.2101227819, 3.38776330902, 0.412749504373, 3.35875834592, 1.05405050633, 2011.33630418, 0.0418933901901, 0.142857142857
0.192062885091, 0.842597014761, 89.0829036463, 0.40074179873, 83.3369547832, 1.01645602532, 0.0196424692714, 0.941727682578, 1.31418773392, 1946.69632513, 0.0181509019178, 0.666666666667
0.329783234439, 0.844800769728, 80.0282936178, 0.407757921496, 68.6118819442, 3.69100642769, 0.534755511329, 3.35875834592, 8.83177116534, 2010.55168659, 0.0671431235645, 0.0
0.136265224516, 0.842597014761, 81.0954793503, 0.636556914161, 68.6118819442, 15.1745471056, 0.0196424692714, 1.37717892545, 1.66709591383, 2006.95176757, 0.109479132182, 0.0
0.140056439735, 0.873443333308, 80.9212475006, 0.69165558734, 57.5413508351, 19.9587838143, 0.412749504373, 3.06564946439, 7.96745190208, 2005.1275831, 0.155956181252, 0.0
0.192062885091, 0.842597014761, 84.9251121241, 0.40074179873, 29.9479706434, 1.01179537862, 0.549100948963, 1.49113431738, 8.83177116534, 2649.53244046, 0.0106066011499, 0.363636363636
0.192062885091, 0.844800769728, 81.0954793503, 0.455852591009, 90.7891950747, 1.48890913363, 0.420942290763, 1.37717892545, 1.66709591383, 2054.13232221, 0.013181999301, 0.72
0.104004558639, 0.870399010912, 84.3014497344, 0.455852591009, 90.7891950747, 1.48890913363, 0.420942290763, 1.37717892545, 1.66709591383, 2024.01425288, 0.00866102891941, 0.793103448276
0.202358573619, 0.879651900177, 80.4578074678, 0.517236865444, 20.2712496164, 7.20890446986, 0.767216172878, 0.789401282887, 3.30850952766, 1725.47832274, 0.126289907183, 0.611111111111
0.592987651546, 0.842597014761, 81.0954793503, 0.40074179873, 10.7618371152, 1.01645602532, 0.0196424692714, 1.37717892545, 1.66709591383, 1800.73709015, 0.0624336165854, 0.793103448276
0.192062885091, 0.870399010912, 90.1936422369, 0.455852591009, 90.7891950747, 1.48890913363, 0.947642655067, 1.37717892545, 1.66709591383, 1892.17543016, 0.0370138411586, 0.692307692308
0.192062885091, 0.909823802663, 89.0829036463, 0.40074179873, 19.0227072157, 1.01645602532, 0.0196424692714, 1.37717892545, 1.66709591383, 4215.47407447, 0.00810304171087, 0.125
0.203676021671, 0.96422150929, 84.9491211089, 0.568324886303, 43.4349505452, 3.56679477098, 0.109093587891, 3.19109348868, 17.8684993656, 3471.20100309, 0.00974521867287, 0.0
0.118336095786, 0.90351623994, 89.5793830612, 0.455852591009, 34.8168616315, 1.08888804426, 1.11439810535, 3.61802797417, 2.18735528918, 4465.34260209, 0.00679742041581, 0.030303030303
0.140056439735, 0.834040415582, 80.9212475006, 0.69165558734, 68.6118819442, 19.9587838143, 0.412749504373, 3.06564946439, 7.96745190208, 1774.82947371, 0.23864091181, 0.461538461538
0.389127397434, 1.11011144209, 90.1936422369, 0.570725867263, 88.6774092522, 3.01887311013, 0.238752064237, 0.310646311879, 2.17138729953, 7915.49955693, 0.0131076015621, 0.0
0.108184909622, 0.906786725411, 91.6000880523, 0.585141451376, 19.0227072157, 3.56679477098, 0.0196424692714, 4.38800276555, 1.05833476553, 3591.32011463, 0.0100239215298, 0.84375
0.118336095786, 0.90351623994, 89.5793830612, 0.455852591009, 34.8168616315, 1.08888804426, 1.11439810535, 3.61802797417, 2.18735528918, 6609.25580022, 0.00706613966637, 0.25
