-0.00825581509812, 2.0, -0.538811004679, 3.0, 1.0, -1.0, 0.535066832121, -1.0, -1.0, 0.75037904907, 3.0, 2.0, 1.0, 2.0, 0.946678315643, 0.0, 1.0, -0.942952998116, 2.0, 0.705560611372, 2.0, 1.0, 2.23610345896, 3.0, 1.67977381672, 2.0, 0.0992589801398, 2.0, 1.3991760514, 0.0, 0.417658078442, -1.0, 3.0, 2.80125346836, 3.0, 0.793942700996, -1.0, 3.0, 1.60922678148, 3.0, 3.0, 3.0, 0.0, -1.0, 0.994396334271, -1.0, -1.0, -0.771423095895, 1.0, -0.302889535696, 93883.0, 532.0, 99482.0
0.366354865875, 1.94427860267, 0.610367058315, 0.0, 1.01098039703, 3.0, 3.0, 1.0, 2.10126659827, 0.325642021654, -0.240139578479, 2.50250048643, -0.00447301517774, -0.255732266299, 0.0, 0.0, -1.0, 0.153985695599, -1.0, 1.0, 1.15844370818, -1.0, -0.779193058456, 2.0, -0.116121876361, 2.73925960253, 2.0, 2.82270593704, 3.0, 3.0, -0.337631592396, 1.0, -1.0, -1.0, 3.0, 0.0, -1.0, -0.547852239501, -0.364724064847, 2.38456714663, -0.0967333811201, 1.47004454402, 1.0, 2.12134777769, 0.0, -1.0, 2.0, -0.247361158365, 0.0, 1.36405650478, 92647.0, 582.0, 99455.0
-0.00825581509812, 2.0, -0.637165633341, 3.0, 1.0, -1.0, 0.535066832121, -1.0, -1.0, 0.75037904907, 3.0, 2.0, 1.0, 2.15619937315, 0.946678315643, 0.0, 1.0, 1.89113113218, 2.0, 0.705560611372, 2.0, -0.266831892858, 2.23610345896, 3.0, 2.0, 2.04036810544, 2.0, 2.0, 1.3991760514, 0.0, 0.417658078442, -1.0, 3.0, 2.80125346836, 3.0, 0.793942700996, -1.0, 3.0, 1.60922678148, 3.0, 3.0, 3.0, 0.0, -1.0, 0.994396334271, -1.0, -1.0, -0.771423095895, 1.0, -1.0, 94043.0, 535.0, 99480.0
-1.0, -1.0, 2.0, 1.7434949683, 1.0, -1.0, 1.0, 2.24674801526, 2.0, -1.0, 1.67228376124, -1.0, -1.0, -0.051686764257, 1.0, 0.0, 1.0, 0.0, 1.0, 0.0, -0.195539826623, -1.0, -1.0, 1.0, 2.80330489654, 2.0, 3.0, 0.990894786771, 2.0, 0.0, -1.0, 0.0, 0.975942820471, 0.349737858895, 0.0, 1.0, -1.0, -1.0, -0.949074325242, 1.0, 2.0, -1.0, 3.0, 3.0, 2.0, -1.0, 0.0624592096707, 2.0, 0.0, 1.0, 93818.0, 507.0, 99520.0
-0.00825581509812, 2.0, -0.538811004679, 3.0, 1.45078141757, -1.0, 0.306275013213, -1.0, -1.0, 0.0, 3.0, 2.0, 1.0, -1.0, 0.0, 0.0, 1.0, 2.87253300885, 2.0, 3.0, 2.0, 2.89261356346, 1.00335519301, 1.0, 0.934198309604, 0.0957305156176, 2.0, 1.12992672629, 0.467073593586, 3.0, 0.0, -1.0, 3.0, 0.0, 3.0, -1.0, -1.0, 3.0, 1.0, 0.456627381095, 3.0, 3.0, 0.282152569369, 2.0, 3.0, -1.0, -1.0, 1.0, -0.0310562320091, 2.01954471748, 93694.0, 545.0, 99470.0
2.83909093899, 2.33793323411, 3.0, -1.0, 1.2217250138, 2.56805012281, 2.80871280883, 3.0, -0.137860984289, 0.0258682997764, 0.159494122041, 2.02591011713, 1.0, 1.0, 0.19362503747, 0.224945454198, 3.0, 1.0, 0.0, 1.05524015507, 0.488066573785, 0.820571160272, -0.149446836255, 2.39636341675, 2.38592738586, 0.0, 0.382841551457, 0.0, 0.721485017076, 1.0, -0.0239020416758, 0.237026735901, 2.0, 1.18212231318, 0.0, 1.97446847135, 0.0, 3.0, 1.0, 0.906632173585, -0.0967333811201, -0.177707720689, 2.18385136795, 1.45350584633, 1.0, 2.06142983197, -0.611714874497, 1.0, 3.0, 2.0, 92106.0, 686.0, 99389.0
0.0, 0.0, -1.0, 0.103382528719, -1.0, -1.0, 0.0, 2.0, 1.83946239426, 0.00212158000257, 0.596362371257, 2.0, 2.0, 2.73941933466, -0.481543163396, -1.0, 3.0, -1.0, 0.69776926701, 1.0, 2.0, 2.0, 0.389295469541, 2.82803613709, 0.0, 0.824137027103, -0.181739151906, -0.504482553976, 3.0, 1.0, -0.694854390932, -1.0, 0.0, 2.27633861474, 0.0, 0.0, 0.929942342546, 0.482532565191, -0.36409486131, -1.0, -1.0, 2.0, 0.0, 0.0, 1.20186658254, -1.0, -0.995543203552, 0.293847158856, 1.0, 1.0, 93366.0, 518.0, 99519.0
-1.0, 2.0, -0.678219523229, -1.0, 0.0, 1.71751797784, -1.0, -1.0, -1.0, -1.0, -0.313454873151, -1.0, 2.0, -0.977203573295, -0.0513542526318, -0.266976870209, -1.0, 2.0, 1.72894403638, 2.0, -0.138886406971, 1.0, 0.734399458983, 2.0, -1.0, 2.29523174487, 1.0, 0.0, -1.0, 2.76150694324, -1.0, 0.0, 0.0, 2.0, 0.25656034277, 2.0, -0.743485968129, 0.0, 2.0, -1.0, 3.0, -1.0, 0.413641414405, 1.0, 0.456394644788, 1.0, -0.677759101764, -1.0, -1.0, 0.0, 94262.0, 436.0, 99576.0
2.83909093899, 2.58053765258, 3.0, -1.0, 1.2217250138, 3.0, 2.80871280883, 3.0, -1.0, 0.0258682997764, 0.159494122041, 2.02591011713, 1.0, 1.0, 0.19362503747, 1.6025537087, 3.0, 1.0, 0.0, 1.05524015507, 0.633692304655, 1.92241358252, -0.149446836255, 2.39636341675, 2.38592738586, 0.0, -0.0588965982258, 0.0, 0.721485017076, 1.0, -0.0239020416758, -1.0, 2.0, 1.18212231318, 0.0, 0.705612793526, -1.0, 3.0, 1.0, 2.10227486218, 1.32763789248, -0.177707720689, 2.18385136795, -0.208737383663, 1.0, 2.06142983197, -0.611714874497, 1.0, 3.0, 2.0, 92698.0, 636.0, 99410.0
-1.0, 1.77361518069, 2.0, -0.0162651158456, 0.0, 3.0, -1.0, -1.0, -1.0, -1.0, 0.198320071952, -1.0, 2.0, 1.0, 0.0, 0.0, -1.0, 0.995374230871, 1.0, 2.0, 3.0, 1.0, -0.79757002136, 2.0, -1.0, -0.94428179352, 1.0, 0.0, -1.0, -0.580433679921, -1.0, -1.0, -0.758614557203, 2.0, -1.0, 1.78720048018, -0.0654469417926, -0.973537213357, 2.0, -1.0, -0.0062846450756, -1.0, -1.0, 1.41426315305, 2.03054743356, 1.50695285695, 1.0, -1.0, -0.643002459408, -1.0, 95298.0, 397.0, 99635.0
0.366354865875, 1.94427860267, 2.77368182464, 0.0, 1.01098039703, 3.0, 3.0, -1.0, 2.10126659827, -0.714808013065, -0.240139578479, 2.50250048643, -0.00447301517774, -0.255732266299, -0.0626403890042, 0.0, -0.221138806453, 0.153985695599, 1.28855025103, 2.0, 1.15844370818, -1.0, -0.779193058456, 2.0, -0.116121876361, 2.73925960253, 2.0, 2.82270593704, 3.0, 3.0, -0.337631592396, -0.0266564872057, -1.0, -1.0, 3.0, 0.0, -1.0, -0.25609407959, -0.364724064847, 2.38456714663, -0.0967333811201, 1.47004454402, 1.0, 2.97634150936, 0.0, -1.0, 2.0, 1.02127078094, 0.0, 1.36405650478, 92508.0, 594.0, 99437.0
-0.295837608228, 2.0, -0.448675974204, -1.0, 0.0, -1.0, -1.0, -1.0, -1.0, -1.0, 1.82188720301, -1.0, 2.00311048505, 0.746800423011, -0.0513542526318, 0.0, -0.393700406773, -0.541356382939, 1.26063987199, 2.0, 0.931917450188, 2.0, 1.13498060179, 1.53075620274, -0.404632133825, 0.0, 1.0, 0.0, 0.0400692115304, 1.0, -1.0, 0.0, 0.0, 2.0, 0.25656034277, 2.0, 0.0, 2.30985877122, 2.0, -1.0, 2.0, -1.0, 0.769744933406, 1.0, 0.0, 1.0, -0.677759101764, 1.0, -1.0, 0.0, 93304.0, 512.0, 99521.0
-0.311645075381, 2.47545576164, 2.0, 3.0, 3.0, 2.0, 0.297502138847, 1.0, 0.110637922707, 1.0, 3.0, 0.208901232135, 0.0, 0.591114302472, -0.357776250303, 0.0, 0.708417342941, 0.0, 0.0, 1.0, 0.718484901974, -1.0, -1.0, 0.795929550309, 1.71711870447, 1.0, 0.0, 2.55147909424, 0.824325460179, 2.97245688624, 2.57982312576, 2.0, 0.175567626938, -1.0, 0.0, 1.0, -1.0, 2.0, 3.0, -1.0, 0.0, 3.0, 1.0, 1.0, 1.0, 0.798261876736, 0.346510650602, 2.09391786941, 0.772187200618, 0.730643614914, 92211.0, 646.0, 99408.0
0.0, -1.0, -1.0, 0.0, -1.0, 2.14644463152, 0.0, -1.0, -1.0, -1.0, 2.0, -1.0, -0.138510247168, 3.0, 2.0, -1.0, -1.0, 0.0, 2.4837149165, 1.05524015507, 1.0, 2.98109857953, -1.0, 2.0, 1.0, 2.0, 0.0, 0.0, -1.0, 1.0, 0.0, 2.0, -0.939737308335, 1.66338260782, -0.247295179437, -1.0, -1.0, 0.372191615765, -0.996684734929, 1.0, 1.0, -1.0, -0.570601144125, 3.0, -0.683430152794, 2.0, 3.0, 1.81328562767, -1.0, -1.0, 95039.0, 415.0, 99620.0
-0.00825581509812, 2.0, -0.637165633341, 3.0, 1.0, -1.0, 0.535066832121, -1.0, -1.0, 0.75037904907, 3.0, 2.0, 1.0, 2.15619937315, 0.946678315643, 0.0, -0.940503838659, 1.89113113218, 2.0, 1.63442128488, 2.0, -0.266831892858, 2.23610345896, 3.0, 2.0, 2.04036810544, 2.0, 2.0, 1.3991760514, 0.0, 0.417658078442, 1.26274981345, 3.0, 2.80125346836, 3.0, 2.0, -1.0, 3.0, 1.60922678148, 3.0, 2.01337749902, -0.509095624636, 0.0, -1.0, 0.994396334271, -1.0, -1.0, -0.771423095895, 1.82219289166, -1.0, 94265.0, 519.0, 99495.0
-0.295837608228, 2.0, -0.448675974204, -1.0, 0.0, -1.0, -1.0, -1.0, -1.0, -1.0, 1.82188720301, -1.0, 2.00311048505, 0.746800423011, -0.0513542526318, 0.0, -1.0, 0.0, 1.30552314313, 2.0, 2.41056256586, 1.0, 0.734399458983, 2.50980601387, -0.477269777083, 0.0, 1.0, 0.986998215722, -1.0, 2.97245688624, -1.0, 0.0, 0.0, -0.236012194187, 0.25656034277, 2.0, 0.0, 2.30985877122, 2.0, -1.0, 2.0, -1.0, 2.44126884476, 1.0, 0.0, -1.0, -0.677759101764, 1.0, -1.0, 0.0, 93621.0, 485.0, 99535.0
-0.0380119894191, 2.0, -0.906126556804, -0.877215259825, 1.18735668882, 1.98489400558, 2.80871280883, -1.0, -1.0, -0.643162529614, 1.23176826029, -1.0, 2.0, 0.32827954976, 0.0, 0.0, -1.0, 2.0, 0.733840287137, 2.26360861794, 3.0, -1.0, 0.245887187628, 2.0, -1.0, 0.0, 1.85001265337, 2.48616037409, -1.0, 0.543891635696, -1.0, -0.98979561526, 0.238330201387, 2.0, -1.0, 2.0, -0.589656828714, 3.0, 2.89965137121, -1.0, -0.357126085042, -1.0, -1.0, 1.63770036739, -0.19581252263, 1.35563439509, -0.677759101764, 0.213890691154, 1.16288758498, -1.0, 94550.0, 437.0, 99571.0
0.366354865875, 1.94427860267, -0.987620198514, 0.0, 0.237790067438, 3.0, 3.0, 1.14295587405, -0.986748023904, 1.60877662423, 2.859794732, 2.15652248558, 0.833440153867, -1.0, 3.0, 0.0, -0.64701873817, 0.377203950161, -1.0, 1.0, 1.4425833866, -1.0, 0.291801074635, 2.0, 1.4110154064, 2.57990988383, 2.25522392528, -0.201007415276, 3.0, 3.0, 0.0, 1.0, -1.0, -1.0, 3.0, 1.61800084254, -1.0, 0.431928149104, -0.876846412787, 2.38456714663, -0.0967333811201, 2.0, 0.268317125875, -0.693580013892, -0.325031136816, -1.0, -0.384172922458, 0.239182594747, 0.0, 1.36405650478, 93332.0, 533.0, 99484.0
-0.0380119894191, 2.0, -0.538811004679, -0.877215259825, 1.18735668882, 1.98489400558, 0.306275013213, -1.0, -1.0, -0.643162529614, 2.32383209476, -1.0, 2.0, 0.32827954976, 0.0, 0.0, -1.0, 0.14383395044, 0.733840287137, 2.26360861794, 3.0, -1.0, 0.245887187628, 1.0, -1.0, 0.0, 1.85001265337, 2.53282566259, -0.734460796895, 0.543891635696, -1.0, -0.98979561526, -0.448210320267, 0.0, -1.0, 2.0, 0.667153933666, -0.118411933376, 0.994627233952, -1.0, -0.357126085042, -1.0, -1.0, 1.0, -0.19581252263, 1.35563439509, -0.677759101764, 0.213890691154, -1.0, -0.252796390318, 93842.0, 457.0, 99564.0
0.366354865875, 1.94427860267, 2.40378564291, 0.0, -0.114180478955, 1.0105171311, 3.0, 1.0, 2.66279868326, 1.60877662423, -0.240139578479, 0.49624288436, -0.00447301517774, -1.0, 1.0, 0.0, -1.0, 0.0, 0.869776675233, 1.78401483248, 0.718471219222, -1.0, 3.0, 2.80749624241, -0.329375617736, 1.74378934668, 2.0, 3.0, 3.0, 3.0, 0.0, 1.0, -1.0, -1.0, 1.39672034349, 2.8073089982, -1.0, -0.926760704521, 3.0, 2.0, -0.418350648324, 2.0, 1.0, 2.0, 0.0, -1.0, 2.0, 0.239182594747, 0.0, 1.03361245714, 92855.0, 586.0, 99442.0
-1.0, 2.6014874864, 2.0, -0.877215259825, 0.0, 3.0, -1.0, -1.0, -1.0, -1.0, -0.504947909174, -1.0, 2.0, -0.694823049241, 0.0, 0.0, -1.0, 2.67242690589, 1.0, 2.0, -0.138886406971, 1.0, -0.79757002136, 0.763012347747, -1.0, -0.89816899986, 1.0, 0.125161081409, -1.0, 3.0, -1.0, -1.0, 0.0, -1.0, 0.0517439791547, 1.96993308222, -0.240864609219, 0.0, 2.0, -1.0, 2.0, -1.0, -1.0, 1.0, 0.0, 1.61000923329, 1.80630355127, -1.0, -1.0, -1.0, 95325.0, 387.0, 99640.0
0.0, 0.0, -1.0, 0.0, -1.0, -1.0, 0.0, 2.0, 1.83946239426, 0.00212158000257, 0.596362371257, 2.80981600589, 2.0, -0.051686764257, -0.0513542526318, 2.86743053527, 2.43005345445, -1.0, 0.977974419292, 1.0, 2.0, 2.0, 0.0, 2.0, 0.0, 0.824137027103, -0.181739151906, 0.0, 3.0, 0.504941811254, -0.694854390932, -1.0, 0.0, 1.46024998627, -0.378431708835, 0.0, -1.0, -0.440067460742, -0.36409486131, 1.0, -1.0, 2.0, 2.45462927052, 0.270266996091, 1.62754347557, -1.0, -0.997823404093, 0.293847158856, 1.0, 1.0, 92989.0, 541.0, 99485.0
-0.00825581509812, 2.0, -0.538811004679, 3.0, -0.0652385195037, 1.7428920657, 0.306275013213, -1.0, -1.0, 0.75037904907, 3.0, 2.0, 0.116287316443, 2.0, 0.946678315643, 0.0, 1.0, 0.0319326184881, 1.75625772038, 0.705560611372, 0.284324756866, 1.0, 2.23610345896, 3.0, 0.610813431643, 2.0, -0.303337309275, 2.0, 0.740118861867, -0.941392874572, 0.038943371125, -1.0, 3.0, 2.80125346836, 0.908695648296, 0.793942700996, -1.0, 3.0, 1.60922678148, 3.0, 2.00257984561, 3.0, 0.192984224516, -1.0, 0.994396334271, -0.857737865868, -0.259111850418, -0.979676821945, 1.0, 0.512780389124, 92956.0, 575.0, 99447.0
-0.00825581509812, 2.0, -0.538811004679, 3.0, 2.17004408239, -1.0, 1.82116438409, -1.0, -1.0, 0.75037904907, 2.24287306549, 2.0, 0.607483743496, 2.0, 0.946678315643, 0.0, 1.0, -0.946794082075, 2.0, 0.705560611372, 0.621945331452, 1.0, 2.94105940445, 3.0, 1.67977381672, 2.0, 0.0992589801398, 0.0, -0.844655652825, 1.13197739018, 0.417658078442, -1.0, 3.0, 2.80125346836, 3.0, 0.954527516433, -1.0, 0.482532565191, 1.37144253413, 1.12386946412, 3.0, 3.0, -0.0540519313316, -1.0, 0.994396334271, -0.144999172389, -1.0, 0.216088192431, 1.0, -0.302889535696, 93404.0, 553.0, 99468.0
-1.0, 2.0, -0.255058042846, -1.0, 0.0, -0.904728901601, -1.0, -1.0, -1.0, -1.0, -0.313454873151, -1.0, 2.0, -0.977203573295, -0.0513542526318, -0.266976870209, -1.0, 2.0, 1.72894403638, 2.0, -0.138886406971, 1.0, 0.734399458983, 2.0, -1.0, 2.29523174487, 1.0, 0.0, -1.0, 2.76150694324, -1.0, 0.0, 0.0, 2.0, 0.25656034277, 2.0, -0.743485968129, 0.0, 2.0, -1.0, 3.0, -1.0, 0.413641414405, 1.0, 0.456394644788, 1.0, -0.677759101764, -1.0, -1.0, 0.0, 94224.0, 434.0, 99579.0
2.83909093899, 2.09042255623, 3.0, 0.010259058954, 1.2217250138, 3.0, 2.80871280883, 1.23430062171, -1.0, 0.0258682997764, 0.159494122041, 2.02591011713, 1.0, 1.0, 0.19362503747, 1.6025537087, 3.0, 1.0, 0.0, 1.05524015507, 0.633692304655, 1.92241358252, -0.149446836255, 2.39636341675, 2.38592738586, 0.0, -0.0588965982258, 0.0, 0.721485017076, 1.0, -0.0239020416758, -1.0, 2.0, 1.18212231318, 0.0, 0.705612793526, -1.0, 0.948333005017, 1.0, 2.10227486218, 1.32763789248, -0.177707720689, 2.18385136795, -0.208737383663, 1.0, 2.06142983197, -0.611714874497, 1.0, 3.0, 2.0, 92300.0, 648.0, 99397.0
-0.295837608228, 2.0, -0.448675974204, -1.0, 0.0, -1.0, -1.0, -1.0, -1.0, -1.0, 1.82188720301, -1.0, 2.00311048505, 0.746800423011, -0.0513542526318, 2.06495003298, -1.0, 0.0, 1.30552314313, 2.0, 2.0, 1.0, 0.734399458983, 0.780184520615, -0.404632133825, 0.0, 1.0, 0.0, 3.0, 1.54702657276, -1.0, 0.0, 0.0, 2.0, 0.25656034277, 2.0, 0.0, 2.30985877122, 2.0, -1.0, 2.0, -1.0, 0.769744933406, 1.0, 0.0, 1.0, -0.677759101764, 0.573350181116, -1.0, 0.0, 93415.0, 516.0, 99514.0
2.83909093899, 2.33793323411, 3.0, -1.0, 1.2217250138, 3.0, 2.90594518895, 3.0, 1.15385758745, -0.726335235712, 2.51312984103, 2.02591011713, 1.0, 1.0, 0.19362503747, 1.6025537087, 3.0, 1.0, 0.0, 0.107268693915, 1.0, 1.05260400704, -0.149446836255, 1.99006942888, 2.38592738586, 0.0, -0.0588965982258, 0.0, 0.721485017076, 1.0, -0.0239020416758, 1.13272881565, 1.54220495286, 1.18212231318, 0.0, 0.705612793526, 0.0, 0.482532565191, 1.0, 0.906632173585, 1.32763789248, -0.177707720689, 2.18385136795, -0.208737383663, 1.0, 2.67468209948, -0.611714874497, 1.0, 3.0, 2.0, 92430.0, 672.0, 99395.0
-0.472685689162, 2.0, -0.538811004679, -0.877215259825, 1.18735668882, 1.98489400558, 0.306275013213, -1.0, -1.0, -0.643162529614, 2.32383209476, -1.0, 2.58163229586, 0.32827954976, 2.25583808124, 0.0, -1.0, 0.14383395044, 0.733840287137, 2.26360861794, 3.0, -1.0, 0.245887187628, 2.0, 0.934198309604, 0.0, 2.74602084317, 2.53282566259, -1.0, 0.543891635696, -1.0, -0.98979561526, 0.0, 2.0, -1.0, 2.86169523748, 0.667153933666, 0.0, 0.994627233952, -1.0, -0.357126085042, 1.8857168451, -1.0, 1.0, -0.19581252263, 2.74701698977, 1.01347944138, 0.213890691154, 0.825752065022, -0.252796390318, 93741.0, 513.0, 99514.0
-0.0380119894191, 1.46438815553, -0.538811004679, -0.928595517534, 1.18735668882, 1.61697375716, 0.559135940528, -1.0, -1.0, 0.392029354679, 1.23176826029, 0.037439151621, 2.0, 0.32827954976, -0.858015607533, -0.645565672587, -1.0, 2.64005153761, 1.0, 2.26360861794, -0.681002168014, 2.38329989042, 0.245887187628, -0.511983627679, -0.446453762938, 0.0, -0.426196090323, 0.273635772708, -0.545427946902, -0.862523717111, -1.0, 1.0, 0.0, 2.0, 1.02467099876, 1.14356567374, -0.650357306662, 0.0, -0.22190857061, -1.0, -0.0967333811201, -1.0, -1.0, 1.0, -0.19581252263, 1.35563439509, -0.677759101764, 0.213890691154, -1.0, -1.0, 94295.0, 432.0, 99605.0
0.366354865875, 0.519405558292, 0.418140026488, 1.7434949683, 1.0, -1.0, 1.0, 3.0, -1.0, -0.502678587511, 1.0, -1.0, -1.0, 1.49540181029, 1.64194855103, 0.0, -0.76928052212, 2.30267349649, 1.0, -0.327893295982, 3.0, -1.0, 0.296218321007, 1.0, -0.866045262441, 2.0, 3.0, 0.0, 2.0, 0.0, -0.708111263891, 0.0, 2.65423416092, 0.136836262858, 0.0, -0.542194346043, -1.0, -0.507014117406, -0.876846412787, 1.61686342252, 1.82593912161, -1.0, 3.0, 3.0, 2.0, -0.866954570574, -0.549727219437, 2.0, 2.02207617399, 0.214892535124, 94446.0, 471.0, 99548.0
-0.00825581509812, 2.0, -0.538811004679, 3.0, 1.0, -1.0, 0.535066832121, -1.0, -1.0, 0.75037904907, 3.0, 2.0, 1.0, 2.75907993453, 0.946678315643, 0.0, 1.0, 0.8101813653, 2.0, 0.705560611372, 2.0, 1.0, 2.23610345896, 2.86746827088, 1.67977381672, 2.0, 0.0992589801398, 2.0, 1.6643218954, 0.631625890715, 0.417658078442, -0.722652630715, 3.0, 2.80125346836, 3.0, 0.793942700996, -1.0, 3.0, 1.60922678148, 3.0, 3.0, 3.0, 0.0, -1.0, 0.994396334271, -1.0, -1.0, 0.742459779, 1.0, -0.302889535696, 93556.0, 565.0, 99450.0
-0.0850400069246, 1.94427860267, 0.610367058315, 0.0, 2.46136589355, 3.0, 1.09292108542, 1.0, 2.10126659827, 1.60877662423, -0.240139578479, 2.50250048643, 1.37723698976, -0.255732266299, 3.0, 0.0, -0.135693430679, 0.153985695599, -1.0, 1.0, 2.31695038215, -1.0, 0.291801074635, 2.0, -0.116121876361, 2.73925960253, 2.17111038652, 1.0, 3.0, 3.0, 0.0, 1.0, -1.0, -1.0, 3.0, -0.451876993118, -1.0, 0.431928149104, -0.364724064847, 2.38456714663, -0.0967333811201, -0.42639281282, 1.0, 2.0, 0.0, -1.0, 2.0, -0.247361158365, 2.97868576494, 1.36405650478, 92430.0, 625.0, 99419.0
-1.0, -1.0, 2.0, 1.7434949683, 1.0, -1.0, 1.0, 2.24674801526, 2.0, -1.0, 1.67228376124, -1.0, -1.0, -0.383404553751, 1.0, 0.0, 1.0, 0.0, 1.0, 0.0, -0.195539826623, -1.0, 0.638216453464, 1.0, 2.80330489654, 2.0, 3.0, 0.990894786771, 2.0, 0.0, -1.0, 0.0, 0.975942820471, 0.349737858895, 0.0, 0.298249130008, -1.0, -1.0, -0.949074325242, 1.0, 2.0, -1.0, 3.0, 3.0, 2.0, -1.0, 0.0624592096707, 2.0, 0.0, 1.0, 93584.0, 518.0, 99507.0
0.66324248299, 2.17885519523, -0.538811004679, 0.949619489073, 1.88169444152, -0.880351703447, 1.0, -1.0, -1.0, 0.0, 3.0, 2.0, 1.0, 2.0616302103, 0.0, -0.268122215923, 1.0, 0.352496595943, 0.454559772445, 0.101601450947, 2.29670667892, 1.0, 2.23610345896, 2.60516827084, 2.0, 2.0, 2.0, 3.0, 2.51469825, -0.452844704773, -0.0119918142205, 2.08078393274, 3.0, 0.0, 3.0, 2.0, -1.0, 3.0, -0.22190857061, 3.0, 2.64779820123, 3.0, 0.0, 1.0, 3.0, -1.0, -1.0, 1.0, 1.0, 0.0, 93169.0, 592.0, 99433.0
-1.0, -0.660054728947, 2.0, 2.63674314521, 0.962397491958, 1.0, -1.0, 2.80320366972, 2.0, -1.0, 1.0, -1.0, 0.167534235617, 2.0, 0.0, 0.0976943602436, 1.0, 0.0, 1.0, 2.26360861794, 3.0, -1.0, -1.0, 1.0, 0.984908108331, 1.66377724555, 3.0, 1.73323113448, 1.92088175682, -0.670378092038, -1.0, -0.745634923859, 1.12095789282, -0.531855710322, 0.0, 1.0, -1.0, -1.0, 3.0, 0.820500654902, 2.0, -1.0, 3.0, 3.0, 2.0, -1.0, 0.0, 2.0, 0.473454283809, 1.0, 94174.0, 495.0, 99518.0
0.366354865875, 1.94427860267, 0.610367058315, 0.0, 1.01098039703, 3.0, 1.60659240471, 1.0, 2.19658010189, -0.714808013065, -0.240139578479, 2.50250048643, -0.00447301517774, -0.255732266299, 0.0, 0.0, -0.221138806453, 0.153985695599, -1.0, 2.0, 1.15844370818, -1.0, -0.779193058456, 2.0, -0.116121876361, 2.88081764208, 2.0, 2.82270593704, 3.0, 3.0, -0.337631592396, -0.0266564872057, -1.0, -1.0, 3.0, 0.0, -1.0, -0.25609407959, -0.364724064847, 2.38456714663, -0.0967333811201, 1.47004454402, 1.0, 2.12134777769, 0.0, -1.0, 2.0, 1.02127078094, 0.0, 1.36405650478, 92390.0, 600.0, 99438.0
-1.0, 2.6014874864, 2.0, -0.877215259825, 0.0, 3.0, -1.0, -1.0, -1.0, -1.0, -0.504947909174, -1.0, 2.0, -0.694823049241, 0.44634514387, 0.0, -1.0, 2.0, 1.0, 1.97935274493, -0.138886406971, 1.0, -0.79757002136, 0.763012347747, -1.0, -0.89816899986, 1.0, 0.125161081409, -0.212562243964, 0.0, -1.0, -1.0, 0.0, -1.0, -1.0, 2.49084361489, -0.240864609219, 0.0, 2.0, -1.0, 2.0, -1.0, -1.0, 1.0, 0.0, 1.61000923329, 1.80630355127, -1.0, -1.0, -1.0, 95237.0, 389.0, 99643.0
-0.295837608228, 2.95421991599, -0.448675974204, -1.0, 0.0, -0.014831464221, -1.0, -1.0, -1.0, -1.0, 1.82188720301, -1.0, 2.69816302485, 0.746800423011, -0.0513542526318, 0.0, -0.393700406773, -0.124598400062, 1.30552314313, 2.0, 0.931917450188, 2.0, 0.734399458983, 1.53075620274, -0.404632133825, 0.0, -0.303337309275, 0.0, -1.0, 1.0, -1.0, 0.0, 0.0, 2.0, 0.25656034277, 2.0, 0.0, 2.30985877122, 2.0, -1.0, 2.0, -1.0, 1.92342122811, 1.0, 0.0, 1.0, -0.677759101764, 1.0, -0.805389246567, 0.0, 93013.0, 538.0, 99499.0
2.29849281823, -0.804293929502, 1.94357680236, 1.7434949683, 1.0, -1.0, 1.0, 3.0, -1.0, -1.0, 1.0, -1.0, -0.058876363748, -0.907574060731, 1.64194855103, 0.0, -0.76928052212, 2.30267349649, -0.0508355577781, -0.327893295982, 3.0, -1.0, -0.991117171591, 1.0, -0.866045262441, 2.0, 3.0, 0.0, 2.0, 0.0, -1.0, 0.0, 2.65423416092, 0.136836262858, 0.0, -0.542194346043, -1.0, -0.507014117406, -0.876846412787, 1.0, 1.82593912161, -1.0, 3.0, 3.0, 2.0, -0.866954570574, -0.549727219437, 2.0, -0.918074073938, 1.36405650478, 94953.0, 425.0, 99579.0
-0.0380119894191, 2.0, -0.859235489618, 3.0, 1.18735668882, 1.98489400558, -0.554899503498, -1.0, -1.0, -0.923268208215, 1.23176826029, -0.340537947526, 2.0, 0.32827954976, 0.0, 0.0, -1.0, 2.0, 2.25151314348, 2.26360861794, 3.0, 1.0, 0.245887187628, 2.0, -1.0, 0.0, 1.85001265337, 2.53282566259, -1.0, 0.543891635696, -1.0, -0.958444520519, 0.0, 2.0, -1.0, 2.0, 0.0, 0.0, -0.22190857061, -1.0, -0.256717513403, -1.0, -0.22192211877, 1.0, -0.19581252263, 1.35563439509, -0.677759101764, 0.213890691154, -1.0, -1.0, 93880.0, 482.0, 99547.0
-1.0, 2.6014874864, 2.59912014028, -0.877215259825, 0.0, 3.0, -1.0, -1.0, -1.0, -1.0, -0.504947909174, -1.0, 2.0, -0.392779813857, 0.0, 0.0, -1.0, 2.0, 1.0, 2.04286654637, -0.138886406971, 1.0, -0.847537761084, 0.763012347747, -1.0, -0.89816899986, 1.0, -0.223834957595, -1.0, 0.237912784359, -1.0, -1.0, 0.0, 2.0, -1.0, 2.0, -0.240864609219, 0.0, 1.0, -1.0, 0.159942386255, -1.0, -1.0, 1.0, 0.0, -0.341912280353, 0.778054921535, -1.0, -1.0, -1.0, 94845.0, 410.0, 99631.0
0.366354865875, 1.94427860267, 1.0, 0.0, 1.42560706459, 3.0, 3.0, 1.0, 2.10126659827, -0.602106901719, -0.240139578479, 2.50250048643, -0.00447301517774, -0.605527752095, 3.0, 2.30162663935, 2.39165585753, 0.377203950161, -1.0, 1.0, 0.483242105092, -1.0, 0.291801074635, 2.0, -0.116121876361, 2.57990988383, 2.10158499826, 2.92941843319, 3.0, 3.0, 0.0, 1.0, -1.0, -1.0, 1.25089158647, 0.589032073381, -1.0, 0.431928149104, -0.364724064847, 2.38456714663, -0.309581122904, 2.0, 0.529598713087, 2.96287642946, 0.0, -1.0, 2.0, 0.239182594747, 0.0, -0.000885084781878, 92738.0, 593.0, 99436.0
0.366354865875, 1.16618455799, 2.40378564291, 0.0, -0.677512129372, -1.0, 3.0, 1.0, 2.66279868326, 1.60877662423, -0.240139578479, 0.49624288436, -0.00447301517774, -1.0, 1.0, 0.0, -1.0, 0.0, 0.869776675233, 1.78401483248, 0.718471219222, -1.0, 3.0, 2.0, -0.116121876361, 0.599958402779, 2.0, 1.67218386045, 3.0, 3.0, -0.215291885189, 1.0, -1.0, -1.0, 1.39672034349, 2.99976259161, -1.0, -0.926760704521, 3.0, 2.0, -0.0967333811201, 2.0, 1.0, 2.0, 0.0, -1.0, 2.0, 0.239182594747, 0.0, 1.54403103939, 93199.0, 550.0, 99470.0
-0.00825581509812, -0.338973327596, -0.573664950155, 2.78274621857, 1.45078141757, -1.0, 1.0, -1.0, -1.0, 0.0, 3.0, 2.0, 1.0, -1.0, 1.10094143385, 0.0, 1.0, -0.977791970816, 2.0, 3.0, 2.67049659867, 0.683158512195, 2.23610345896, 3.0, 0.0195579117844, 2.0, 2.1375556968, -0.337559229334, 1.3991760514, 1.53942474065, 0.0, -1.0, 2.1710596139, 0.0, 3.0, 1.99084734409, -1.0, 3.0, 1.0, 3.0, -1.0, 3.0, 0.0, 0.879922102615, 3.0, -0.903477625639, -1.0, 0.494211657226, 1.0, -0.25017560392, 93855.0, 521.0, 99487.0
2.59406150042, 1.0, 1.57201023812, -1.0, 1.2217250138, 3.0, 0.559135940528, 1.93001811911, -0.137860984289, 0.383624499427, -0.240139578479, 2.02591011713, 1.0, 1.0, 2.11347115756, 1.6025537087, -0.0368311421021, 0.220900786185, -0.297774751852, 1.0, 1.0, 0.452320751131, -0.248564212843, 0.29734132361, 2.26911988106, 0.0, -0.451076696042, 0.0, -0.482527391835, 1.0, -0.0239020416758, -1.0, 2.0, 1.18212231318, 0.0, 0.0, 0.0, -0.872552547421, 1.0, -1.0, 1.32763789248, 0.202308336948, 2.18385136795, -0.208737383663, 1.0, 2.06142983197, -0.611714874497, 1.0, 3.0, -0.387360069603, 92040.0, 641.0, 99417.0
-0.00825581509812, 1.09721010043, -0.538811004679, 3.0, 1.0, -1.0, 0.1061158909, -1.0, -1.0, 0.75037904907, 2.24287306549, 2.0, 1.0, 2.09336765136, 0.946678315643, 0.0, 1.0, -0.946794082075, 2.31823793116, 0.705560611372, 2.0, 1.0, 2.23610345896, 1.24240287002, 1.67977381672, 2.0, 0.0992589801398, 2.0, -0.920272242917, 0.0, 0.417658078442, -1.0, 3.0, 2.80125346836, 3.0, 0.793942700996, -1.0, 3.0, 1.60922678148, 3.0, 3.0, 3.0, -0.0540519313316, -1.0, 0.0819251741302, -1.0, -1.0, -0.893171683886, 1.0, -0.302889535696, 93722.0, 520.0, 99492.0
-1.0, -0.660054728947, -0.29763428766, 2.93246564978, 0.962397491958, 1.49193820515, -1.0, 3.0, 2.62454107249, -1.0, 1.0, -1.0, 0.167534235617, 2.0, 0.113307340265, 0.0976943602436, -0.982354678365, 0.0, -0.222747718345, 2.26360861794, 3.0, -1.0, -1.0, 1.0, 0.984908108331, 2.64920676864, -0.0588965982258, 1.73323113448, 1.92088175682, -0.505218414074, -1.0, -0.73174596532, 1.12095789282, -0.229719651051, 0.0, -0.580987963394, -1.0, -1.0, 3.0, 0.677486163465, 2.0, -0.906620078502, 3.0, 3.0, 2.0, -1.0, 0.0, 2.0, 0.473454283809, 1.0, 94149.0, 482.0, 99537.0
-0.0380119894191, 2.0, -0.538811004679, 0.167278747808, 1.18735668882, 1.98489400558, 0.306275013213, -1.0, -1.0, 2.31423608296, 2.32383209476, -1.0, 2.0, 0.32827954976, 0.0, 0.0, -1.0, -0.402176227003, 0.733840287137, 2.26360861794, 3.0, -1.0, 0.245887187628, 1.0, -1.0, 0.0957305156176, 1.85001265337, 2.53282566259, -0.734460796895, 3.0, 0.611355316981, -0.98979561526, -0.448210320267, -0.0852985328322, -1.0, 2.0, 0.667153933666, 0.514114980985, 0.994627233952, -1.0, -0.357126085042, -1.0, -1.0, 1.0, -0.19581252263, 1.35563439509, -0.677759101764, 0.213890691154, -1.0, -0.252796390318, 93478.0, 498.0, 99532.0
1.52241867585, 2.0, -0.538811004679, 2.51940989245, 2.43023042909, -1.0, 2.12992682926, -1.0, -1.0, 0.0, 3.0, 2.0, 1.0, -0.0466639324715, 0.0, 0.0, 1.44198435919, 2.39967916789, 2.0, 3.0, 2.0, 2.89261356346, 1.00335519301, 2.0, 0.871532331356, 0.0, 0.297738286825, 1.12992672629, 0.467073593586, 0.543891635696, 0.0, -1.0, 3.0, 2.0, 3.0, -1.0, -1.0, 2.36214930844, 1.0, 0.456627381095, -0.234703031104, 3.0, 0.282152569369, 0.126137310481, 3.0, -1.0, -0.636993719237, 1.0, -0.0310562320091, 0.073523410048, 93270.0, 563.0, 99459.0
0.366354865875, 1.94427860267, 2.40378564291, -0.407501438803, -0.114180478955, 1.0105171311, -1.0, 1.0, -1.0, 2.65722972379, -0.240139578479, 0.49624288436, -0.00447301517774, -1.0, 1.0, 1.87520347325, -1.0, 0.0, 0.869776675233, 1.78401483248, 0.39496024423, -1.0, 2.22087179744, 2.80749624241, -0.329375617736, 1.74378934668, 2.0, 1.67760593507, 3.0, -0.580433679921, 0.0, 1.0, -1.0, 0.956803506396, 1.39672034349, 2.8073089982, 0.423306505398, -0.926760704521, 3.0, 2.0, -0.418350648324, -0.870530723613, 1.0, 2.0, 0.0, -1.0, 2.0, 0.239182594747, -0.065881796036, 1.03361245714, 92972.0, 560.0, 99470.0
-1.0, 2.6014874864, 2.0, -0.877215259825, 2.68681083022, 3.0, -1.0, -1.0, -1.0, -1.0, -0.504947909174, -1.0, 2.0, -0.694823049241, 0.0, 0.0, -1.0, 2.67242690589, 1.0, 2.0, -0.138886406971, 1.0, -0.79757002136, 0.763012347747, -1.0, -0.89816899986, 1.0, 0.125161081409, -1.0, 3.0, -1.0, -1.0, 0.0, -1.0, 0.0517439791547, 1.96993308222, -0.240864609219, -0.55321892873, 2.0, -1.0, 2.0, -1.0, -1.0, 1.0, 0.0, -1.0, 1.80630355127, -1.0, -1.0, -1.0, 95788.0, 351.0, 99662.0
-0.0762468993393, 2.0, -0.538811004679, 3.0, -0.0652385195037, 1.7428920657, 0.306275013213, -1.0, -1.0, 0.75037904907, 3.0, 2.0, 0.116287316443, 2.0, 0.946678315643, 0.0, 1.0, 0.0319326184881, 1.75625772038, 0.705560611372, 0.663303177854, 1.0, 2.23610345896, 3.0, 0.610813431643, 2.0, -0.303337309275, 2.0, 0.740118861867, -0.956085864105, 0.038943371125, -1.0, 3.0, 2.80125346836, 0.908695648296, 0.793942700996, -1.0, 3.0, 1.60922678148, 3.0, -0.939754438465, 3.0, -0.262973567579, -1.0, 0.994396334271, -0.857737865868, -0.259111850418, -0.979676821945, 1.0, 0.512780389124, 93160.0, 557.0, 99463.0
-0.0380119894191, 2.0, -0.800337626828, 3.0, 0.443166029035, 1.98489400558, -0.554899503498, -1.0, -1.0, -0.643162529614, 1.23176826029, -0.340537947526, 2.0, 0.32827954976, 0.0, 0.0, -1.0, 2.86636243579, 2.25151314348, 2.26360861794, 3.0, 2.85897932121, 0.245887187628, 2.0, -1.0, 0.0, 1.85001265337, 2.53282566259, 0.108945012358, 0.543891635696, -1.0, -0.958444520519, 2.4224093236, 2.0, -1.0, 2.0, 0.0, -0.765920116458, -0.513421650606, -1.0, -0.384380700698, -1.0, -0.22192211877, 1.0, -0.19581252263, 1.35563439509, -0.677759101764, 0.213890691154, -1.0, -1.0, 94269.0, 463.0, 99562.0
0.0, 0.0, -1.0, -0.381817361171, -1.0, -1.0, 0.0, 2.0, -1.0, 0.00212158000257, 0.198320071952, 2.84010687772, 2.00311048505, 1.0, -0.481543163396, 1.79015713198, 2.23560665314, -1.0, 0.977974419292, 1.0, 2.0, 2.26197301551, 0.0, 2.0, 0.0, 0.608845864293, -0.198146315446, -0.424814380001, 0.396626860128, 1.0, -0.694854390932, 1.05296151011, 0.0, 2.46286731944, 1.17466791551, 0.0, 0.929942342546, -0.440067460742, -0.36409486131, 1.0, -1.0, 2.45389300873, 2.13729019669, 0.270266996091, 1.20186658254, -1.0, -0.997823404093, 0.293847158856, 1.0, 1.2876945072, 92750.0, 557.0, 99482.0
0.0, 1.88889294399, 2.45344834321, 0.0, 2.0, -1.0, 0.306275013213, -1.0, 2.5014492663, 3.0, -1.0, 0.0, -0.44913624666, 0.231740212054, 0.0, 3.0, -1.0, -0.154142021853, 2.99301492528, -0.487063560151, 2.36950645999, 0.901796025844, 0.0, 0.152923179573, 2.22624372962, 0.675766782971, 0.502803082749, 1.0, 0.0, 0.37726683018, -0.882832127533, -1.0, 3.0, -1.0, 0.0, 0.251047827219, -1.0, 1.62207933437, 0.0, -0.682394857934, -1.0, 1.9620713978, 1.0, 3.0, -0.702396303118, -0.865518674113, 0.637273383659, 2.49612145773, -1.0, 0.0, 93443.0, 508.0, 99520.0
0.366354865875, 1.82236069612, 2.77368182464, 0.0, 1.01098039703, 3.0, 0.34752213601, -1.0, 2.10126659827, -0.714808013065, -0.240139578479, 0.037439151621, -0.0599228723765, -0.255732266299, -0.0626403890042, 0.0, 1.0, 0.153985695599, 2.27822359404, 2.0, 1.15844370818, 1.17314970203, -0.779193058456, 2.0, -0.116121876361, 2.73925960253, 2.1375556968, 2.82270593704, -0.483155018375, 3.0, -0.337631592396, 1.0, -1.0, 0.340953751764, 3.0, 0.0, -1.0, -0.25609407959, -0.364724064847, 2.38456714663, -0.0967333811201, 1.47004454402, 1.0, 2.99449467607, 0.0, -1.0, 1.98466597357, 1.02127078094, 0.0, 1.36405650478, 91935.0, 621.0, 99420.0
0.102914962334, 2.0, -0.538811004679, 3.0, 1.0, -1.0, 0.734440788783, 0.401210074753, -1.0, 0.75037904907, 3.0, 2.62756437321, 0.116287316443, 2.1608602809, 0.946678315643, -0.411050013432, -0.264688214322, 0.0319326184881, 1.75625772038, 0.705560611372, 2.83489343621, 2.31518209111, 2.23610345896, 3.0, 0.610813431643, 2.0, -0.303337309275, 2.0, 1.3991760514, -0.64352048445, 0.417658078442, -1.0, 3.0, 2.81677512721, -0.577745530504, 0.793942700996, -1.0, 3.0, 1.60922678148, -0.781660458567, 2.00257984561, 3.0, 0.192984224516, -1.0, 0.994396334271, -0.857737865868, -0.998448365481, -0.979676821945, 1.0, -0.302889535696, 93596.0, 536.0, 99483.0
0.366354865875, 0.519405558292, 0.418140026488, 1.7434949683, 1.0, -1.0, 1.0, 3.0, -1.0, -0.502678587511, 1.0, -1.0, -1.0, 1.49540181029, 1.64194855103, 0.0, -0.76928052212, 2.30267349649, 1.0, -0.327893295982, 3.0, -1.0, 0.296218321007, 1.0, -0.866045262441, 2.0, 3.0, 0.0, 2.0, -0.668683343301, -0.708111263891, 0.0, 2.65423416092, 0.136836262858, 0.0, -0.542194346043, -1.0, -0.507014117406, -0.876846412787, 1.61686342252, 1.82593912161, -1.0, 3.0, 3.0, 2.0, -0.866954570574, -0.549727219437, 2.0, 2.02207617399, 0.214892535124, 94579.0, 461.0, 99556.0
0.366354865875, 1.94427860267, 1.0, -0.203761992625, 2.46044419957, -0.382859473454, 0.559135940528, 1.0, -0.986748023904, 1.60877662423, -0.240139578479, 0.576937130685, 0.740013088787, -1.0, 3.0, 0.0, 0.89082695225, 0.377203950161, -0.468424640223, 1.0, 1.15844370818, 1.0, 0.291801074635, 2.0, 1.4110154064, 2.57990988383, 2.60788731914, -0.050315824411, 3.0, 3.0, -1.0, 1.0, -1.0, -1.0, 3.0, 0.0, -1.0, 0.431928149104, -0.876846412787, 2.38456714663, -0.0967333811201, 2.0, 1.46812628674, 2.0, 2.76947769123, -1.0, 2.0, 0.239182594747, 0.0, -1.0, 93085.0, 568.0, 99466.0
-0.00825581509812, 2.0, -0.637165633341, 3.0, 1.58665124118, -1.0, 0.535066832121, -1.0, -1.0, 0.75037904907, 3.0, 2.0, 1.0, 2.15619937315, 0.946678315643, 0.0, 1.0, 1.89113113218, 2.0, 0.705560611372, 2.0, -0.32725121936, 2.23610345896, 3.0, 2.0, 2.73925960253, 2.0, 2.0, 2.11893346237, 2.64640058566, 0.417658078442, -1.0, 3.0, 2.80125346836, 3.0, 0.793942700996, -1.0, 3.0, 1.60922678148, 3.0, 3.0, 3.0, 0.0, -1.0, 0.994396334271, -1.0, -1.0, -0.816924944672, 1.0, 1.36405650478, 94028.0, 551.0, 99463.0
0.66324248299, 0.270986625868, -0.538811004679, 0.949619489073, 0.462887844022, -0.880351703447, 1.0, -1.0, -1.0, 0.0, 3.0, 2.0, 1.0, 2.46337170093, 0.0, -0.268122215923, 1.0, -0.949976719684, 2.0, 0.0, 2.29670667892, 1.0, 2.23610345896, 3.0, 2.0, 2.31969499361, 2.0, 3.0, 1.3991760514, -0.36212712099, -0.0119918142205, 1.17593729248, 3.0, 0.0, 3.0, 2.0, -1.0, 3.0, -0.22190857061, 3.0, 2.64779820123, 3.0, 0.0, 1.0, 3.0, -1.0, -1.0, 1.0, 1.0, 0.0, 93312.0, 573.0, 99452.0
0.366354865875, -0.784418918948, 0.610367058315, 0.0, 1.01098039703, 3.0, 3.0, 1.0, 2.10126659827, 1.60877662423, -0.240139578479, 2.50250048643, -0.00447301517774, -0.255732266299, 3.0, 0.0, -1.0, 0.153985695599, 1.72894403638, 1.0, 1.15844370818, 0.835552363455, 0.291801074635, 2.0, -0.116121876361, 2.73925960253, 2.0, 2.92941843319, 3.0, 3.0, 0.847431551049, 1.15572791251, -1.0, -1.0, 3.0, 0.0, -1.0, 0.431928149104, -0.364724064847, 1.74167205745, -0.0967333811201, -0.42639281282, 0.58272530042, 2.0, 0.0, -1.0, 2.7564433214, -0.247361158365, 0.0, 1.36405650478, 92463.0, 619.0, 99424.0
-1.0, 1.77361518069, 2.0, -0.0162651158456, 0.0, 0.69069289213, -1.0, -1.0, -1.0, -1.0, 0.198320071952, -1.0, 2.21663426639, 1.47855391326, 0.0, 0.0, -1.0, 0.995374230871, 1.0, 2.0, -0.138886406971, 1.0, -0.79757002136, 2.0, -1.0, -0.94428179352, 1.0, 0.0, -1.0, -0.580433679921, -1.0, -1.0, -0.758614557203, 2.0, -1.0, 1.78720048018, -0.0654469417926, 0.0, 2.0, -1.0, -0.0062846450756, -1.0, -1.0, 1.41426315305, 0.0, 1.50695285695, 1.0, -1.0, -0.643002459408, -1.0, 94707.0, 414.0, 99624.0
-0.0380119894191, 2.0, -0.538811004679, -0.998740345623, 1.18735668882, -0.0195334720378, 0.559135940528, -1.0, -1.0, 0.392029354679, 1.23176826029, 0.255535762856, 2.0, 0.32827954976, 0.772231252636, -0.645565672587, -1.0, 2.64005153761, 1.91707281185, 2.26360861794, 3.0, 0.504340134807, 0.245887187628, 2.0, -1.0, 0.0, 1.85001265337, 2.53282566259, -0.545427946902, -0.862523717111, -1.0, 1.0, 0.76842374409, 2.0, 1.02467099876, 1.14356567374, -0.650357306662, -0.973537213357, -0.22190857061, -1.0, -0.0967333811201, -1.0, -1.0, 1.0, -0.19581252263, 1.35563439509, -0.677759101764, 0.213890691154, -1.0, 0.595664210974, 94175.0, 466.0, 99561.0
-1.0, 2.6014874864, 2.28748652101, -0.877215259825, 0.0, 3.0, -1.0, -1.0, -1.0, -1.0, -0.504947909174, -1.0, 2.0, -0.694823049241, 0.0, 0.0, -1.0, 2.0, 1.0, 2.0, -0.138886406971, 1.0, -0.79757002136, 0.763012347747, -1.0, -0.89816899986, 1.0, 0.125161081409, -1.0, 0.0, -1.0, -1.0, 0.0, -1.0, -1.0, 2.0, -0.240864609219, 0.0, 2.0, -1.0, 2.0, -1.0, -1.0, 1.0, 0.0, 1.61000923329, 1.80630355127, -1.0, -1.0, -1.0, 95405.0, 377.0, 99653.0
-0.295837608228, 2.0, -0.448675974204, -1.0, 0.0, -1.0, -1.0, -1.0, -1.0, -1.0, 1.82188720301, -1.0, 1.42697832455, 0.746800423011, -0.0513542526318, 0.0, -0.393700406773, 0.0, 1.30552314313, 2.0, 0.931917450188, 2.26402222241, 0.734399458983, 1.53075620274, -0.404632133825, 0.0, 1.0, 0.0, -1.0, 1.0, -1.0, 0.0, 0.0, 2.0, 0.25656034277, 2.0, 0.0, 2.30985877122, -0.36409486131, -1.0, 2.0, -1.0, 0.769744933406, 1.0, 1.20775423164, 1.0, -0.677759101764, 1.0, -1.0, 0.0, 93057.0, 519.0, 99512.0
-1.0, 2.0, -0.678219523229, -1.0, -0.943311145435, 1.71751797784, -1.0, -1.0, -1.0, -1.0, -0.313454873151, -1.0, 2.0, -0.977203573295, -0.0513542526318, -0.266976870209, -1.0, 2.0, 1.72894403638, 2.0, -0.138886406971, 1.0, 0.734399458983, 2.0, -1.0, 2.29523174487, 1.0, 0.0, -1.0, 2.76150694324, -1.0, 0.0, -0.446730550794, 2.0, 0.25656034277, 2.0, -0.743485968129, 0.0, 2.0, -1.0, 3.0, -1.0, 0.413641414405, 1.0, 0.456394644788, 1.0, -0.677759101764, -1.0, -1.0, 0.0, 94521.0, 419.0, 99591.0
0.0, 2.47545576164, 2.33051385645, 3.0, 3.0, 1.44053615379, -0.404807569841, 1.0, 0.110637922707, 1.0, 3.0, 0.208901232135, -0.443710206687, 0.591114302472, -0.357776250303, 0.995938109286, 2.75997848789, 0.0, 0.0, 1.0, 0.718484901974, -1.0, -1.0, 0.795929550309, 1.71711870447, 1.0, 0.866273549538, 2.55147909424, 0.824325460179, -0.335131601617, 2.57982312576, 2.0, 0.0, -1.0, 0.0, 1.0, -1.0, 2.75587687354, 3.0, 0.856151610052, 0.0, 3.0, 1.0, 1.0, 1.0, 0.798261876736, -0.677759101764, 2.09391786941, -0.0622692096171, 0.730643614914, 92352.0, 643.0, 99410.0
-0.0380119894191, 2.0, -0.538811004679, -0.877215259825, 2.24159500642, 1.98489400558, 0.306275013213, -1.0, -1.0, -0.643162529614, 2.49515359244, -1.0, 2.58163229586, 0.32827954976, 0.0, 0.0, -1.0, 0.14383395044, 0.733840287137, 2.26360861794, 3.0, -1.0, 0.245887187628, 2.0, 1.33092955563, 0.0, 1.0, 2.53282566259, -1.0, 0.543891635696, -1.0, -0.993749639551, 0.0, 2.0, -1.0, 2.86169523748, 0.667153933666, 0.0, 0.994627233952, -1.0, -0.357126085042, -1.0, -1.0, 1.0, -0.19581252263, 2.74701698977, 1.01347944138, 0.213890691154, 0.825752065022, -0.252796390318, 93641.0, 496.0, 99525.0
-1.0, 1.77361518069, 2.0, -0.62229538227, 0.0, 3.0, -1.0, -1.0, -1.0, -1.0, 0.198320071952, -1.0, 2.0, 1.0, 1.99613840422, 0.0, -1.0, 0.995374230871, 1.0, 2.0, 3.0, 1.0, -0.867427563005, 2.0, -1.0, -0.94428179352, 2.74602084317, 0.0, -1.0, -0.580433679921, -1.0, -1.0, -0.758614557203, 2.0, -1.0, 2.33616553084, -0.0654469417926, -0.973537213357, 2.61816874705, -1.0, -0.0062846450756, -1.0, -1.0, 1.41426315305, 2.03054743356, 1.50695285695, 1.03866892821, -1.0, -0.643002459408, -1.0, 95830.0, 385.0, 99648.0
-0.295837608228, 2.0, -0.448675974204, 1.26518830059, 0.0, -1.0, -1.0, -1.0, -1.0, -1.0, 2.20208996377, -1.0, 2.00311048505, 0.746800423011, -0.0513542526318, 0.0, 2.50773682691, -0.541356382939, 1.26063987199, 2.0, 0.931917450188, 2.0, 1.13498060179, 1.53075620274, -0.404632133825, 0.0, 1.0, 0.0, 3.0, 1.0, -1.0, 0.0, 0.0, 2.78970830189, 0.25656034277, 2.0, 0.0, 2.30985877122, 0.309941141586, -1.0, 2.0, -1.0, 0.769744933406, 1.0, 0.0, 1.0, -0.677759101764, 1.0, -1.0, 0.0, 93291.0, 524.0, 99508.0
0.366354865875, 2.4187045336, 1.23114832446, 0.0, 1.42560706459, -0.0839341179816, 3.0, 1.0, 2.10126659827, 1.60877662423, -0.240139578479, 2.50250048643, -0.00447301517774, -1.0, 3.0, 0.0, -1.0, 0.377203950161, -1.0, 1.0, 1.15844370818, -1.0, 0.208357045286, 2.0, -0.116121876361, 2.57990988383, 0.800480698033, 2.92941843319, 0.0400692115304, 3.0, 0.0, 1.0, -1.0, -0.984503525635, 3.0, 0.0, -1.0, 0.431928149104, -0.364724064847, 2.38456714663, -0.0967333811201, 2.0, 1.0, 2.0, 0.0, -1.0, 2.0, 0.239182594747, 0.0, 1.36405650478, 92463.0, 592.0, 99442.0
-0.295837608228, 2.0, -0.448675974204, -1.0, 0.0, -1.0, -1.0, -1.0, -1.0, 0.445503514021, 1.82188720301, -1.0, 2.83710819653, 0.746800423011, -0.565674741055, 0.0, -1.0, 0.0, 0.230726696864, 2.0, 3.0, 1.0, 0.734399458983, 2.50980601387, -0.477269777083, 0.0, 1.0, 0.986998215722, -1.0, 2.97245688624, -1.0, 0.0, 0.0, -0.236012194187, 2.38055474126, 2.0, 0.0, 2.30985877122, 2.0, -1.0, 2.0, -1.0, 2.44126884476, 1.0, 2.49293855295, -1.0, -0.677759101764, 1.0, -1.0, -0.122526439077, 94205.0, 480.0, 99551.0
-0.0380119894191, 2.0, -0.906126556804, -0.877215259825, -0.866193301212, 1.98489400558, 2.85748659285, -1.0, -1.0, -0.643162529614, 1.23176826029, -1.0, 2.0, 0.32827954976, 0.0, 0.0, -1.0, 2.0, 0.733840287137, -0.44972926518, 2.41056256586, -1.0, 0.245887187628, 2.0, -1.0, 0.0, 1.85001265337, 2.48616037409, -1.0, 0.512316283031, -1.0, -0.98979561526, 0.238330201387, 2.0, -1.0, 2.0, -0.589656828714, 3.0, 2.89965137121, -1.0, -0.357126085042, -1.0, -1.0, 1.63770036739, -0.19581252263, 2.01011007413, -0.677759101764, 0.213890691154, 1.16288758498, -1.0, 94637.0, 420.0, 99586.0
-0.00825581509812, 0.692892239571, -0.558366938807, 3.0, 1.0, -1.0, 0.535066832121, -1.0, -1.0, 1.11621678369, 3.0, 2.15652248558, 0.369177528191, 0.758396546437, 0.946678315643, 0.0, 1.0, -0.97547347252, 2.0, 0.705560611372, -0.776981795452, -0.170831427106, 2.23610345896, 3.0, 2.0, 2.0, 2.25522392528, 2.0, 1.86842270964, 0.0, 0.417658078442, -1.0, 3.0, 1.60704432331, 3.0, -1.0, -0.726429583831, 0.431928149104, 1.37099084126, 2.38456714663, 3.0, 3.0, 0.0, -1.0, 0.994396334271, -1.0, -1.0, -0.771423095895, 1.0, 0.0, 94046.0, 502.0, 99516.0
-0.493212485405, 2.94532808483, 2.5370819194, -0.493830415081, 2.0, -1.0, 0.306275013213, -1.0, 2.32852547651, 3.0, -1.0, 2.80749431329, -0.00447301517774, 0.0, 0.0, 1.9890161557, 0.495950597255, 2.33934574565, 2.92324127235, 0.217957262129, -0.776981795452, 0.901796025844, 0.245887187628, 1.0, 2.9611018342, -0.190795156544, 1.58438725226, 1.0, 1.60489865747, -0.863887423509, -0.975789656296, -1.0, 3.0, -1.0, 0.0, 2.89237209553, -1.0, -0.883074812916, -0.364724064847, 2.48249755311, -1.0, 0.585211624163, 1.0, 2.12134777769, 2.01634385287, -0.865518674113, -0.95966549759, -1.0, -0.0520511295908, 3.0, 94111.0, 488.0, 99523.0
-1.0, 2.6014874864, 2.0, -0.877215259825, -0.568986666078, 3.0, -1.0, -1.0, -1.0, -1.0, -0.504947909174, -1.0, 2.0, -0.694823049241, 0.0, 0.0, -1.0, 2.67242690589, 1.0, 2.0, -0.138886406971, 1.0, -0.79757002136, 0.763012347747, -0.415381604601, -0.89816899986, -0.750361726439, 0.125161081409, -1.0, 3.0, -1.0, -1.0, 0.0, -1.0, 0.0517439791547, 1.96993308222, -0.240864609219, 0.0, 2.0, -1.0, 2.0, -1.0, -1.0, 0.910269520969, 0.0, 1.61000923329, 1.80630355127, -1.0, -1.0, -1.0, 95572.0, 369.0, 99657.0
-0.00825581509812, 2.0, -0.538811004679, 3.0, 1.69972022046, -1.0, 1.88719695996, -1.0, -1.0, -1.0, 2.24287306549, 2.0, 0.607483743496, 2.0, 0.946678315643, 0.0, 1.0, -0.946794082075, 2.0, 0.162713985001, -0.52579033127, 1.0, 2.97208499365, 3.0, 1.67977381672, 2.0, 2.94536062556, 0.0, -0.844655652825, 1.13197739018, 0.417658078442, -1.0, 3.0, 0.171685157745, 3.0, 0.954527516433, -1.0, 0.482532565191, 1.37144253413, 1.12386946412, 3.0, 3.0, -0.0540519313316, -1.0, 0.994396334271, -0.144999172389, -1.0, 0.216088192431, 1.0, -0.302889535696, 93698.0, 522.0, 99490.0
-1.0, 2.6014874864, 2.72760586579, -0.979014808644, 0.0, 3.0, -1.0, -1.0, -1.0, -1.0, -0.504947909174, -1.0, 2.11911363846, -0.392779813857, 0.0, 0.0, -1.0, 2.24354267896, 0.0, 2.0, -0.138886406971, 1.0, -0.125255952263, 0.763012347747, 1.0074696642, -0.89816899986, 1.0, -0.223834957595, -1.0, 0.237912784359, -1.0, -1.0, 0.0, 2.0, -1.0, 1.04974781044, -0.240864609219, 0.0, 2.0, -1.0, 0.159942386255, -1.0, -1.0, 1.0, 0.0, -0.341912280353, 0.778054921535, -1.0, -1.0, -0.987193425018, 94388.0, 432.0, 99604.0
0.145248826446, -1.0, -1.0, -0.543424232759, 3.0, 3.0, 0.0, -1.0, -1.0, -0.404822192046, 2.0, -1.0, -0.138510247168, -1.0, 2.0, -1.0, -1.0, -0.249844667793, 0.0, -1.0, 1.0, 2.15681491602, -1.0, 2.0, 0.454134879796, 1.3438465084, 0.0, 0.0, -0.65201689269, 1.0, -0.0239020416758, 1.13272881565, -0.939737308335, 1.66338260782, -0.992233034247, -1.0, -1.0, 0.372191615765, -0.996684734929, -0.0128168062226, -0.960513003623, -1.0, -0.570601144125, 3.0, -0.222930326191, 1.22354146581, -0.114649861349, 1.0, -0.308999184361, -1.0, 94784.0, 403.0, 99632.0
0.366354865875, 1.94427860267, 2.77368182464, 0.0, 1.01098039703, 3.0, 1.0, -1.0, 2.10126659827, -0.714808013065, -0.240139578479, -1.0, -0.0599228723765, -0.255732266299, -0.0626403890042, 0.0, 1.0, 0.153985695599, 1.28855025103, 2.0, 1.15844370818, 1.17314970203, -0.779193058456, 2.0, -0.116121876361, 2.73925960253, 2.1375556968, 2.82270593704, 3.0, 3.0, -0.337631592396, -0.0266564872057, -1.0, -1.0, 3.0, 0.0, -1.0, -0.25609407959, -0.364724064847, 2.38456714663, -0.0967333811201, 1.47004454402, 1.0, 2.98400802641, 0.0, 0.487184313009, 2.0, 1.02127078094, 0.0, 1.36405650478, 92263.0, 608.0, 99433.0
-0.0850400069246, 1.94427860267, 0.610367058315, 0.0, 2.46136589355, 3.0, 1.09292108542, 2.84604822433, 2.10126659827, 1.60877662423, -0.240139578479, 2.5616649395, 1.37723698976, -0.255732266299, 3.0, 0.0, -0.135693430679, 0.153985695599, -1.0, 1.6258815833, 2.31695038215, -1.0, 0.291801074635, 2.0, -0.116121876361, 2.73925960253, 2.17111038652, 1.38908575109, 3.0, 3.0, 0.0, 1.0, -1.0, -1.0, 3.0, -0.451876993118, -1.0, 0.431928149104, -0.364724064847, 2.38456714663, -0.0967333811201, -0.42639281282, 2.78458231101, 2.0, 0.0, 0.990925379355, 2.0, -0.247361158365, 2.97868576494, 1.36405650478, 92504.0, 644.0, 99408.0
0.66324248299, 2.17885519523, -0.538811004679, 0.949619489073, 1.88169444152, -0.880351703447, 1.0, -1.0, -1.0, -0.0228793667226, -0.0527375665685, 2.0, 1.0, 2.0616302103, 0.0, -0.268122215923, 1.0, -0.293509429784, 0.454559772445, 0.101601450947, 2.29670667892, 1.0, 2.23610345896, 2.60516827084, 2.0, 2.0, 2.0, 3.0, 2.58411927702, -0.452844704773, -0.0119918142205, 2.08078393274, 3.0, -0.725046732691, 3.0, 2.0, -1.0, 3.0, -0.22190857061, 3.0, 1.98092150238, 3.0, 0.0, 1.0, 3.0, -1.0, -1.0, 1.0, 1.0, 0.0, 93187.0, 577.0, 99444.0
0.366354865875, 1.94427860267, 0.610367058315, 0.0, 1.01098039703, 3.0, 1.60659240471, 1.0, 2.19658010189, -0.714808013065, -0.240139578479, 2.50250048643, -0.00447301517774, -0.255732266299, 0.0, 0.0, -0.483692315005, 0.153985695599, 1.0, -0.396299387197, 1.15844370818, -1.0, -0.779193058456, 2.0, -0.116121876361, 1.98239688458, 2.0, 2.82270593704, 3.0, 1.24094762725, -0.337631592396, -0.0266564872057, -0.420388974669, -1.0, 3.0, 0.0, -1.0, -0.25609407959, -0.364724064847, 2.38456714663, -0.0967333811201, 2.34254606785, 1.0, 2.12134777769, 0.0, -1.0, 2.0, 1.02127078094, -0.647225893293, 1.36405650478, 92134.0, 612.0, 99430.0
0.0, 0.0, -0.0428755560656, -0.075274790307, -1.0, 1.22051017832, 0.662643936987, -0.339427158719, -1.0, 1.0, 0.0, -0.308860037137, 2.19510024211, 3.0, 1.27697426971, 0.625915777497, 2.0, -0.00279224739608, 1.0, -1.0, -1.0, -1.0, 1.4196306519, 0.0, 1.43855339829, -0.89816899986, 0.0, 0.992423825756, -0.0552557435011, -1.0, 3.0, 2.0, 2.0, 2.0, -0.335266740133, 2.30910639361, -1.0, 1.15561268844, -0.479142606553, -0.190360907331, -0.306442528987, 2.76303036316, 0.4628555837, -1.0, -0.456219684286, -1.0, -0.567233988347, -1.0, 3.0, -1.0, 93138.0, 527.0, 99509.0
-1.0, 2.82419986257, 2.59912014028, -0.877215259825, 0.0, 3.0, -1.0, -1.0, -1.0, -1.0, -0.504947909174, -1.0, 2.0, -0.618412092882, 0.0, 0.0, -1.0, 2.0, 1.0, 2.04286654637, -0.138886406971, 1.0, -0.847537761084, 0.763012347747, -1.0, 3.0, 1.0, -0.223834957595, -1.0, 0.237912784359, -1.0, -1.0, 0.0, 2.0, -1.0, 2.0, -0.240864609219, 0.0, 1.0, -1.0, 0.159942386255, -1.0, -1.0, 1.0, 0.0, -0.341912280353, 0.778054921535, -1.0, -1.0, -1.0, 94992.0, 402.0, 99632.0
0.0, 0.0, -1.0, 3.0, -1.0, 0.356465973262, 0.0, 2.0, 1.83946239426, 0.00212158000257, 0.596362371257, 2.0, -0.0145318353885, 2.73941933466, -0.481543163396, 0.0, 3.0, -1.0, 0.69776926701, 1.0, 2.14229713928, 2.0, 0.0578024047717, 2.0, 0.0, 1.04985915154, -0.181739151906, 0.0, 2.99342169906, 1.0, -0.694854390932, -1.0, -0.406516765101, 1.46024998627, 0.0, -0.427458229904, -0.0946117858752, 0.482532565191, -0.36409486131, -1.0, 0.714434268585, 2.0, 2.13729019669, -0.175258102135, 1.20186658254, -0.710190362771, -0.965496995704, 0.293847158856, 0.0, 2.43115129425, 92469.0, 583.0, 99461.0
-0.00825581509812, -0.338973327596, -0.573664950155, 2.78274621857, 1.45078141757, -1.0, 1.0, -1.0, -0.78478632331, 0.0, 3.0, 2.0, 1.0, -1.0, 1.10094143385, 0.0, 1.0, -0.977791970816, 2.0, 3.0, 2.67049659867, 0.683158512195, 2.23610345896, 3.0, 0.0195579117844, 2.0, 2.1375556968, -0.337559229334, 1.3991760514, -0.38749980266, 0.0, -1.0, 2.1710596139, 0.0, 3.0, 1.99084734409, -1.0, -0.926760704521, 1.0, 3.0, -1.0, 3.0, 0.0, 1.12034127397, 3.0, -0.903477625639, -1.0, 0.494211657226, 1.0, -0.25017560392, 93876.0, 504.0, 99498.0
2.59406150042, 1.0, 1.57201023812, -1.0, 1.2217250138, 3.0, 0.559135940528, 1.93001811911, -0.137860984289, -0.594329208268, -0.240139578479, 2.02591011713, 1.0, 1.0, 2.11347115756, 1.63686688371, -0.0368311421021, 1.73331055295, -0.297774751852, 1.0, 0.53542533442, 0.452320751131, -0.248564212843, 0.29734132361, 2.26911988106, 0.0, -0.451076696042, 0.0, -0.482527391835, 1.0, -0.0239020416758, -1.0, 2.0, 1.18212231318, 0.0, 0.0, -0.652225718309, -0.872552547421, 1.0, -1.0, 1.32763789248, 0.202308336948, 2.18385136795, -0.208737383663, 1.0, 2.06142983197, -0.611714874497, 1.0, 3.0, -0.387360069603, 92348.0, 610.0, 99427.0
0.366354865875, 1.94427860267, -0.987620198514, 0.0, -0.887856073516, 3.0, 1.11112462446, 1.80367904735, -0.986748023904, 1.60877662423, 0.860745596752, 1.2205868309, 0.833440153867, -1.0, 3.0, 0.0, -0.885935970213, 0.306468334088, -1.0, 1.0, 0.144048555384, -1.0, 0.291801074635, 2.0, 1.4110154064, 0.0187372870222, 1.85001265337, -0.201007415276, 3.0, 3.0, 0.0, 1.0, -1.0, -1.0, -0.0939327712593, 1.61800084254, -1.0, 0.431928149104, -0.457099510023, 2.51805875368, -0.0967333811201, 1.78513890813, 1.46812628674, -0.83137005502, -0.325031136816, -1.0, 0.551871581398, 0.239182594747, 0.0, 1.6372448711, 93041.0, 530.0, 99485.0
0.366354865875, 2.4187045336, 1.13902393739, 0.0, 0.209970549496, 3.0, 3.0, 1.0, 2.10126659827, 1.60877662423, -0.240139578479, 2.79111831505, -0.00447301517774, -1.0, 3.0, 0.0, -1.0, 0.377203950161, -1.0, 1.0, 1.15844370818, -1.0, 0.291801074635, 2.0, -0.116121876361, 1.80118124633, 0.800480698033, 2.92941843319, 3.0, 3.0, 0.0, 1.0, -1.0, -1.0, 3.0, 0.0, -1.0, 0.431928149104, -0.364724064847, 2.81625193918, -0.680712499936, 2.0, 1.0, 2.0, -0.254843978523, -1.0, 1.29140746761, 0.239182594747, 0.113024016466, 2.36095443072, 92913.0, 574.0, 99458.0
-0.295837608228, 2.0, -0.448675974204, -1.0, 0.320616951565, -1.0, -1.0, -1.0, -1.0, -1.0, 1.82188720301, -1.0, 1.03979825442, 0.746800423011, -0.0513542526318, 0.0, -1.0, 0.0, 1.30552314313, 2.0, 2.41056256586, 1.0, 0.734399458983, 2.50980601387, -0.477269777083, 0.0, 1.0, 0.205346174657, -1.0, 2.97245688624, -1.0, 0.0, 0.0, -0.236012194187, 0.25656034277, 0.114398263177, 0.0, 2.30985877122, 2.0, -1.0, 2.0, -1.0, 2.44126884476, 1.0, 0.0, -1.0, -0.677759101764, 1.0, -1.0, -0.595380164002, 93671.0, 469.0, 99552.0
-0.00825581509812, 0.692892239571, -0.558366938807, 3.0, 1.0, -1.0, 0.952538050229, -1.0, -1.0, 1.11621678369, 3.0, 2.31432940564, 0.369177528191, 0.758396546437, 0.946678315643, 0.0, 1.0, -0.59200147021, -0.112537214661, 0.705560611372, -0.776981795452, -0.170831427106, 2.35567860175, 3.0, 2.0, 2.0, 2.14992598492, -0.201007415276, 1.86842270964, 0.0, 0.417658078442, -1.0, 2.39755213203, -0.229719651051, 3.0, -0.0773732007828, -1.0, 3.0, 1.60922678148, 3.0, 2.55339495548, 3.0, 0.0, -1.0, 0.994396334271, -1.0, -1.0, -0.771423095895, 1.0, 0.0348295818457, 93665.0, 515.0, 99498.0
0.366354865875, 1.94427860267, 2.40378564291, -0.407501438803, -0.114180478955, 1.0105171311, -1.0, -1.0, -1.0, -1.0, -0.240139578479, 0.49624288436, -0.00447301517774, -1.0, 1.0, 1.87520347325, -0.386956657478, 0.0, 0.869776675233, 1.78401483248, 0.39496024423, -1.0, 2.22087179744, 2.80749624241, -0.329375617736, 0.514249978975, 2.0, 1.67760593507, 3.0, -0.580433679921, 0.0, 1.0, -1.0, -1.0, 1.39672034349, 2.96206222374, 0.423306505398, -0.926760704521, 3.0, 2.0, -0.418350648324, 0.182702814677, 1.0, 2.0, 0.0, -1.0, 2.0, 0.239182594747, -0.065881796036, 1.03361245714, 92896.0, 546.0, 99474.0
-0.295837608228, 2.0, -0.448675974204, -1.0, 0.0, -1.0, 0.0, 2.0, -1.0, -1.0, 1.82188720301, -1.0, 2.28666454661, 0.746800423011, -0.481543163396, 0.0, -0.838769555398, 0.0, 1.30552314313, 2.0, 0.236577175685, 2.0, 0.734399458983, 1.53075620274, -0.404632133825, 0.0, 1.0, 0.0, -1.0, 1.0, -1.0, 0.0, 2.51299244217, 2.0, 0.25656034277, 2.0, 0.0, 2.30985877122, -0.36409486131, 1.0, 2.0, -1.0, 0.769744933406, 1.0, 0.0, 1.0, -0.677759101764, 0.646938192207, -1.0, -0.0645959387876, 92832.0, 547.0, 99490.0
0.0, -0.386838297408, -1.0, 0.0, -1.0, -1.0, -0.764395765832, 2.55482732161, 1.83946239426, 0.00212158000257, 0.596362371257, 1.8511913737, 0.688307900679, -0.051686764257, -0.0513542526318, 2.86743053527, 1.80004155102, 2.5132604597, 0.977974419292, 1.0, 1.68883190678, 2.0, 0.0, 2.0, 0.0, -0.777706503715, -0.181739151906, 0.0, 3.0, 0.504941811254, -0.694854390932, -1.0, 0.0, 1.67113604742, -0.378431708835, 2.12607287525, -1.0, -0.440067460742, 2.0, -1.0, -1.0, 2.0, 2.45462927052, 0.270266996091, 1.62754347557, -1.0, -0.997823404093, 0.293847158856, 1.37706061684, 1.0, 93527.0, 524.0, 99500.0
-0.419427428872, 2.0, -0.538811004679, 3.0, -0.944880202282, 1.7428920657, 0.306275013213, -1.0, -1.0, 0.75037904907, 3.0, 0.932090199152, 0.116287316443, 2.0, 0.946678315643, 0.0, 1.0, 0.0319326184881, 1.75625772038, 0.705560611372, 0.663303177854, 1.58920736788, 2.23610345896, 3.0, 0.610813431643, 1.76931322958, -0.303337309275, 2.0, 0.157119669985, -0.956085864105, 0.038943371125, -1.0, 3.0, -1.0, 2.66033933393, 0.793942700996, -1.0, 1.15938394479, 1.60922678148, 3.0, -0.939754438465, 3.0, -0.262973567579, -1.0, 0.994396334271, -0.857737865868, -0.259111850418, 0.930451975753, 1.0, 0.512780389124, 93289.0, 539.0, 99476.0
-1.0, 2.0, -0.255058042846, 0.466590275501, 0.0, -0.904728901601, -1.0, -1.0, -1.0, -1.0, -0.313454873151, -1.0, 2.21252995975, -0.977203573295, -0.0513542526318, -0.266976870209, -1.0, 2.0, 1.72894403638, 2.0, -0.138886406971, 1.0, 0.734399458983, 2.0, -1.0, 2.29523174487, 1.0, 0.0, -1.0, 2.76150694324, -1.0, -0.479563471252, -0.273374824866, 2.0, -0.232398055476, 2.0, -0.743485968129, 0.0, 1.16368419983, -1.0, 3.0, -1.0, 0.413641414405, 1.0, 0.456394644788, 1.0, -0.677759101764, -1.0, -1.0, 0.0, 93956.0, 446.0, 99566.0
0.145248826446, -1.0, -1.0, 0.0, 3.0, 1.0, 1.9270726009, -1.0, -1.0, 0.914161538986, 2.0, -1.0, -0.138510247168, -1.0, 2.0, -1.0, -1.0, 0.0, 2.4837149165, 0.298744132505, 1.0, 2.98109857953, -0.555551340553, 2.0, 1.0, 1.3438465084, -0.0572668597942, 0.0, -1.0, 1.0, 1.09090476435, 2.0, -1.0, 0.340953751764, -0.992233034247, -1.0, -1.0, 0.372191615765, -0.996684734929, -0.0128168062226, 1.0, -1.0, -0.570601144125, 3.0, -0.222930326191, 1.22354146581, -0.794177858098, 1.0, -0.308999184361, -1.0, 94463.0, 429.0, 99599.0
