5.95827042674, 1.21510636311, 1.09851344634, 0.914475031522, 5.86428423641, 0.985123362437, 2.49494428639, 1.02658400569, 1.12785659912, 3.29103155347, 4.0589572063, 1.21417484043, 2.25380426036, 1.18434126377, 0.880907428524, 1.54640484817, 1.01443583565, 1.03326235704, 8.58286851089, 1.12113428262, 0.834585296705, 150.955018299, 1.02379729109, 5.6863041467, 1.07714646275, 3.71255611331, 0.91736764098, 112.636536825, 12.5925336453, 328.515675456, 0.0
3.02559269568, 1.12388728327, 1.10255053529, 1.19667998971, 6.8755258165, 0.767534223761, 2.0914057221, 0.919492323165, 1.04418047416, 3.51077835016, 7.41046782823, 1.03654253858, 2.30005087157, 1.11948588333, 0.952920602815, 1.16439592143, 1.1062624431, 1.14201264223, 9.53295964982, 1.15347189176, 0.94476608603, 24.5623909283, 1.11981416904, 3.6924116117, 0.973173791545, 3.51966355915, 0.885499138511, 65.7591280524, 17.4940062362, 72.1614707709, 0.0
2.52330451056, 1.35722254578, 1.71966917969, 0.848041873993, 3.98832199123, 0.745716450463, 1.02466811203, 0.85172640983, 1.10992357801, 5.49610890772, 5.102224437, 0.812043616662, 1.74652290697, 1.25432878931, 0.78479920715, 1.54119845259, 1.00589366867, 0.925538341174, 6.79933861821, 0.938729635217, 0.79956353989, 29.6579064865, 1.14457113723, 3.43307688238, 1.11590740685, 5.01896146475, 1.17386051578, 9.86546368672, 6.11611338597, 13.5283640918, 0.536193029491
5.24535862835, 1.28674799068, 1.59734399196, 1.19004565301, 4.02044496377, 1.05838918114, 2.54367867793, 1.08571547888, 1.13316108136, 3.5911916835, 5.85248645251, 0.949567661614, 1.23413110683, 0.908028316039, 0.936685206558, 1.25274989522, 1.09045162748, 1.06488550841, 4.23301465607, 1.02154752926, 0.880186049864, 95.158312043, 1.10214217468, 4.42005380322, 1.10416655759, 4.17097985816, 1.09087579235, 275.837314637, 28.4869341548, 195.084112149, 0.0
4.99980285631, 1.27600788091, 1.10255053529, 1.19667998971, 6.8755258165, 0.767534223761, 2.0914057221, 0.919492323165, 1.04418047416, 3.51077835016, 6.89768836439, 1.03654253858, 2.30005087157, 1.11948588333, 0.952920602815, 1.16439592143, 1.1062624431, 1.14201264223, 9.53295964982, 1.1391335223, 0.94476608603, 24.5623909283, 1.11981416904, 3.6924116117, 1.07004239107, 3.51966355915, 0.885499138511, 250.508403949, 27.0214024755, 200.893176467, 0.0
4.99086896213, 1.21559413353, 1.1874335124, 0.830736683045, 5.66201145627, 0.71603563417, 1.71701015865, 0.828895256535, 0.953053538321, 2.96022798725, 7.7731208325, 0.908317158678, 4.29273880044, 1.22775011728, 0.924032546621, 1.62945020856, 1.16065740662, 0.923394131, 4.64842752302, 0.969982990029, 0.960665388975, 307.635268853, 0.934833427935, 4.87909562418, 1.18985314001, 4.7672697304, 1.11222611473, 273.63562741, 16.4508249236, 499.033336599, 0.0
2.1806124981, 1.18141051145, 1.5726626832, 1.20720055034, 4.02044496377, 0.80677729342, 1.13242412074, 0.993342714529, 1.03044379081, 5.75381386814, 2.44932198431, 0.812820147418, 2.77685202605, 1.08718307843, 0.93813234523, 1.31950621675, 1.09436519126, 0.986289971127, 3.0967461903, 0.916739463615, 0.935553862437, 257.084822236, 0.958608379502, 5.74699287895, 1.18954883176, 2.23060245956, 0.896070609905, 130.557200088, 13.2236413858, 989.674628289, 0.0
5.87988729886, 1.34533057519, 1.65733761598, 1.07948725445, 2.37888582795, 0.767534223761, 3.16409055486, 0.970155408565, 1.09459194631, 1.80776919268, 1.89325032333, 0.883418894701, 4.22926158339, 1.16731743822, 1.00354013833, 1.14750087818, 1.01352077448, 0.968874174547, 3.69268970344, 0.924748123509, 0.820766142207, 240.238505592, 0.841762530159, 1.17226958963, 1.05822531764, 1.14993016515, 1.08135628323, 12.8665143764, 8.02141863628, 21.5849268666, 0.804289544236
5.87988729886, 1.34533057519, 1.65733761598, 1.07948725445, 2.37888582795, 1.09296194611, 3.16409055486, 0.970155408565, 1.09459194631, 1.80776919268, 1.89325032333, 0.883418894701, 4.22926158339, 1.16731743822, 1.00354013833, 1.14750087818, 1.01352077448, 0.968874174547, 3.69268970344, 0.924748123509, 0.820766142207, 240.238505592, 0.841762530159, 1.17226958963, 1.05822531764, 1.14993016515, 1.08135628323, 22.9588022145, 7.9684670951, 46.7976624837, 2.9490616622
5.24535862835, 1.28674799068, 1.59734399196, 1.19004565301, 3.71542461097, 1.12382177061, 5.66027074867, 1.16067947984, 1.13503440492, 3.5911916835, 5.102224437, 0.949567661614, 2.59992637258, 1.08181114679, 1.06400418364, 1.29982148218, 1.09045162748, 1.06488550841, 4.23301465607, 1.02154752926, 0.998482551751, 200.33278071, 0.903249154913, 3.25891269081, 1.10416655759, 3.11033460778, 1.23133726449, 89.2657208244, 20.3047207694, 61.1742457367, 0.536193029491
5.38135215052, 1.33938327113, 0.976753865789, 0.820050095473, 5.86428423641, 0.985123362437, 1.07674793448, 1.02658400569, 1.12785659912, 3.29103155347, 4.0589572063, 1.20922620808, 2.25380426036, 1.18434126377, 0.880907428524, 1.54640484817, 1.01443583565, 1.03326235704, 8.58286851089, 1.12113428262, 0.834585296705, 150.955018299, 0.920886747638, 2.14288533342, 1.07714646275, 3.71255611331, 0.898706284328, 18.1865509372, 7.69948177446, 117.78707947, 6.70241286863
2.66067528935, 1.02315767263, 1.60124909795, 0.962300882591, 1.73875541765, 0.936898703824, 2.12012728228, 0.878471729659, 1.09202596709, 4.80200640646, 5.30534054125, 0.816630739857, 5.02466491711, 0.882954231708, 1.02206105687, 1.21853741331, 1.05065980642, 0.98874782572, 7.9867236954, 0.926274164786, 0.856872727767, 322.164702289, 1.14255060989, 3.24137692293, 1.14769631148, 4.4172161395, 0.961853133158, 24.3845284104, 6.88777689254, 58.6131506784, 3.75335120643
3.3515589825, 1.40868093994, 0.92222586461, 0.863941392209, 1.69612142007, 0.912310747026, 1.63013995952, 0.843556143242, 1.08575321262, 3.39928035114, 7.25276683145, 1.1438994562, 2.72207568395, 0.960746984424, 0.936708693879, 1.2487485021, 1.11230318369, 1.22610350357, 3.62791576285, 1.10906560508, 0.95205481609, 105.135636047, 1.13728118122, 1.9113916635, 1.15619431888, 5.2250089489, 1.13250847899, 30.2595151719, 10.4420083647, 84.8252029734, 0.536193029491
4.54889149536, 1.02095447501, 1.40951824369, 1.15673086622, 1.62355385961, 0.768979557094, 1.05010680158, 0.827276364999, 1.11222744347, 2.81575569115, 3.0238293917, 0.930990172943, 1.08934355514, 0.811122233843, 0.971417192508, 1.29615857822, 1.16359512815, 0.986289971127, 9.59502832792, 1.11333928546, 0.807637425938, 49.9158597851, 1.00859368049, 2.07452552388, 1.01626577501, 4.75351876696, 0.876100923393, 50.9551785471, 16.3901744696, 84.7311354019, 0.536193029491
1.78309716753, 1.24003603733, 1.42208067484, 1.20167344288, 6.58041742026, 0.77266543833, 1.36644674435, 1.00184583758, 0.988297244585, 2.64225059092, 6.85289502431, 0.818795390759, 4.27462373123, 1.27023789373, 1.02450642401, 1.41579008204, 1.14008231871, 1.02679763743, 9.81970513851, 1.14951154871, 0.971874548427, 19.0318927522, 1.0198781297, 1.09618034367, 1.06092481685, 4.4714653942, 1.04638895097, 48.5640336723, 11.7978654183, 35.9311514263, 0.804289544236
4.99980285631, 1.27600788091, 1.10255053529, 1.19667998971, 6.8755258165, 0.767534223761, 2.0914057221, 0.919492323165, 1.04418047416, 3.51077835016, 7.29121886593, 1.03654253858, 2.30005087157, 1.11948588333, 0.952920602815, 1.16439592143, 1.1062624431, 1.14201264223, 9.53295964982, 1.15347189176, 0.94476608603, 24.5623909283, 1.11981416904, 3.6924116117, 0.973173791545, 3.51966355915, 0.885499138511, 42.7464567985, 8.32501191912, 247.030592718, 1.07238605898
2.51769962974, 1.03269130648, 1.49121312093, 1.03561858071, 4.35442516634, 0.773995684945, 4.13824792873, 0.951249105783, 1.04116210525, 2.50470119986, 7.33561396385, 0.863307676236, 1.98097625064, 1.14308864363, 1.01550924012, 1.36475792297, 1.13379602158, 1.0874374243, 9.08597503213, 1.04630770094, 0.887313534853, 43.6683082627, 1.13918978388, 2.63102737485, 1.13935315854, 3.98816643696, 0.911191366471, 19.6864941878, 12.8219616408, 46.8481485328, 1.07238605898
3.81624998199, 1.28604584789, 1.65321273867, 1.12042011529, 5.71465085774, 0.723073053441, 1.77950893784, 1.15982576656, 0.92145154031, 4.68789672049, 1.81446566313, 0.968587838703, 4.13479589644, 0.968558163734, 0.964824364892, 1.15174083916, 1.15506987061, 0.91681466557, 4.79854564534, 1.07229843804, 0.801377093104, 178.477846791, 1.10222353273, 3.81882440292, 0.956838817309, 1.97915050799, 0.994524129482, 44.375041549, 15.9888361996, 444.713215608, 0.536193029491
1.62797976052, 1.01770062643, 0.924442048188, 1.20055381031, 3.81998724595, 0.854223752081, 5.95219475412, 0.834873797575, 1.09319425846, 2.53768768291, 7.76529025345, 0.930990172943, 1.05342579093, 1.12674511601, 0.830826754375, 1.02928115866, 1.00590679967, 0.85824947169, 6.23030167372, 0.99217596008, 0.945488847331, 186.955496405, 0.96417280386, 2.89764554191, 1.06363494522, 3.39573636414, 0.876100923393, 52.7023933714, 11.9807079229, 127.330458862, 0.536193029491
3.41265882621, 1.34113106879, 0.818598930017, 0.887955974066, 4.14183463036, 0.835688271199, 3.99287648524, 1.08979835415, 0.937745095619, 5.19786417335, 5.20269017895, 1.07492324727, 2.94038875763, 1.05508228724, 0.822840271435, 1.54986715365, 1.02444161682, 0.904445368276, 3.22206435507, 1.10841546692, 0.859712290939, 210.292288351, 1.18942492386, 1.22688160619, 0.991816951368, 5.47048439561, 1.03601137684, 148.816344566, 23.5738165188, 363.403250647, 0.268096514745
5.78254175363, 1.14540758522, 1.56371607643, 1.04901202747, 3.85722085166, 1.18782047761, 4.1505107698, 0.832438993807, 1.09035149269, 5.10482195196, 6.85263134814, 1.20084714723, 3.2543977352, 1.20002242051, 1.02583520202, 1.0128949019, 1.16257213548, 1.01188934551, 7.06585526387, 0.911782919835, 0.821289552446, 409.140552778, 1.16070994008, 1.7822351143, 1.10941733006, 2.28434028456, 1.21955097056, 221.667414917, 25.3702002811, 975.814668483, 0.0
1.85861547549, 1.01800512539, 1.43245803398, 0.803619424353, 1.84066392665, 0.796523697636, 5.31368431198, 0.960212156632, 1.04122871352, 3.37372912604, 5.05703924805, 1.06940730794, 1.53827216647, 0.863814016055, 0.787006169208, 1.54986715365, 1.01847194158, 0.825793301789, 8.74786400489, 1.01356999676, 0.918960469499, 92.8720814102, 0.867559667343, 1.98980585858, 1.06289529653, 3.86185180624, 0.959560212415, 47.9686887219, 8.56584253077, 132.813095954, 3.48525469169
2.3925792999, 1.14777678545, 1.30459038842, 1.15673086622, 3.81998724595, 0.768979557094, 1.05010680158, 1.00468281565, 1.11222744347, 2.81575569115, 3.0238293917, 0.958227041147, 1.51472282313, 0.811122233843, 0.904131115649, 1.29615857822, 1.16359512815, 0.986289971127, 9.59502832792, 1.11333928546, 0.971874548427, 49.9158597851, 1.00859368049, 2.07452552388, 1.01626577501, 4.75351876696, 0.876100923393, 30.7468163788, 14.3636031319, 78.614621814, 1.60857908847
5.78254175363, 1.14540758522, 1.56371607643, 1.04901202747, 3.85722085166, 1.05463970513, 2.20800721234, 0.832438993807, 1.09117824799, 5.10482195196, 6.85263134814, 1.20084714723, 3.2543977352, 1.20002242051, 1.0713426161, 1.0128949019, 1.16257213548, 1.01282709645, 7.06585526387, 0.911782919835, 0.821289552446, 409.140552778, 1.16070994008, 1.7822351143, 1.10941733006, 2.28434028456, 1.21955097056, 235.074912945, 19.3426497612, 2722.4263465, 0.0
5.2461722126, 1.27236870559, 1.11474696417, 1.15648252172, 3.3486807453, 0.960114021642, 3.67578906756, 0.919492323165, 1.08200123236, 3.37372912604, 7.20963375142, 0.989537592386, 1.43710792088, 1.10909034346, 1.04965465894, 1.59601484149, 1.06334943173, 1.02751587452, 5.42539432829, 0.938729635217, 0.834793371665, 382.970155291, 1.03053034389, 1.25773513629, 1.07004239107, 2.31873532059, 1.20224796445, 220.82290472, 24.6156801573, 1988.07459507, 0.0
5.38135215052, 1.33938327113, 0.976753865789, 0.820050095473, 4.09643107701, 1.05073269573, 1.07674793448, 1.02658400569, 1.12785659912, 3.29103155347, 4.0589572063, 1.20922620808, 2.25380426036, 1.18434126377, 0.880907428524, 1.54640484817, 1.01443583565, 1.03326235704, 8.58286851089, 1.12113428262, 0.834585296705, 150.955018299, 0.920886747638, 2.14288533342, 1.07714646275, 3.71255611331, 0.898706284328, 231.219320971, 19.1221907334, 1321.60927419, 0.268096514745
5.2461722126, 1.27236870559, 1.11474696417, 1.20001975323, 3.3486807453, 0.960114021642, 3.67578906756, 1.118950839, 1.08200123236, 5.1023438176, 7.20963375142, 1.08852746708, 1.14250434605, 0.993182553532, 1.04965465894, 1.54986715365, 1.06334943173, 1.02751587452, 5.42539432829, 0.938729635217, 0.834793371665, 372.675297639, 1.03053034389, 1.72441844583, 1.02546920713, 2.31873532059, 1.20224796445, 106.829069355, 12.631820103, 158.836947625, 0.536193029491
5.87988729886, 1.34533057519, 1.65733761598, 0.818543023401, 2.37888582795, 1.09296194611, 3.16409055486, 0.970155408565, 1.09459194631, 1.44743399911, 6.9331791452, 0.883418894701, 4.22926158339, 1.16731743822, 1.00354013833, 1.14750087818, 1.04350923672, 0.850645629628, 3.69268970344, 1.18022056655, 0.820766142207, 240.238505592, 1.05137828668, 1.17226958963, 1.05822531764, 1.14993016515, 1.07466340975, 45.7535952494, 11.972563098, 191.2012248, 1.07238605898
2.39493598403, 1.19667985636, 0.814760995206, 1.10377024119, 2.94051242348, 1.07825503032, 1.0733155673, 1.23698149369, 1.05265138543, 5.86022392223, 6.9029047306, 0.97430097584, 1.10228338697, 1.28894167412, 0.841888318315, 1.18835219754, 1.08036418839, 0.869997255298, 9.05847135863, 1.00515234487, 0.776099887904, 167.28864249, 1.01423695507, 3.74072508532, 0.96025831443, 4.05764407647, 0.961613357508, 41.5275434862, 11.6168222476, 101.38560062, 1.60857908847
3.81624998199, 1.28604584789, 1.65321273867, 1.04097604649, 5.71465085774, 0.879074471537, 1.77950893784, 1.14203968967, 0.92145154031, 4.68789672049, 1.81446566313, 0.968587838703, 4.13479589644, 0.968558163734, 0.964824364892, 1.15174083916, 1.15291464274, 0.91681466557, 4.79854564534, 0.958609677974, 0.801377093104, 298.32341547, 1.10222353273, 3.81882440292, 0.956838817309, 1.97915050799, 0.994524129482, 52.0728249395, 8.62502497162, 206.355752105, 4.02144772118
5.78254175363, 1.14540758522, 1.56371607643, 1.04901202747, 3.85722085166, 1.05463970513, 2.20800721234, 0.832438993807, 1.09117824799, 5.10482195196, 6.85263134814, 1.20084714723, 3.2543977352, 1.20002242051, 1.0713426161, 1.13037736121, 1.16257213548, 1.01282709645, 7.06585526387, 0.911200836691, 0.865016185401, 409.140552778, 1.16070994008, 1.7822351143, 1.10941733006, 2.28434028456, 1.21955097056, 95.3738807432, 10.0588590918, 146.225282582, 4.82573726542
2.39493598403, 1.19667985636, 1.04379983732, 1.10377024119, 2.5174630161, 1.07825503032, 1.0733155673, 1.23698149369, 1.05265138543, 5.86022392223, 6.9029047306, 0.97430097584, 1.10228338697, 1.28894167412, 0.841888318315, 1.18835219754, 1.08036418839, 0.869997255298, 9.05847135863, 1.00515234487, 0.776099887904, 167.28864249, 1.01423695507, 3.74072508532, 0.96025831443, 4.05764407647, 0.960865435158, 283.396768668, 27.8113882966, 703.16410393, 0.0
5.69164476163, 1.39390509222, 0.945466720322, 1.08042997083, 6.4329131848, 0.822144295278, 1.67827889429, 1.0034334439, 1.06913644819, 4.30694708961, 5.12317410251, 0.910668511479, 2.88943386808, 0.832506506823, 0.979721489482, 1.34877563182, 1.04724412994, 1.22340349282, 5.9965709611, 0.968547591989, 0.99789867614, 123.428743399, 1.14429277708, 4.4110017692, 1.20795129915, 3.11033460778, 1.16830747396, 488.498464647, 24.2566566591, 953.622821114, 0.268096514745
5.69164476163, 1.39390509222, 1.04379983732, 1.08042997083, 6.4329131848, 0.822144295278, 1.67827889429, 1.0034334439, 1.06913644819, 4.30694708961, 2.96734803637, 0.910668511479, 2.88943386808, 0.832506506823, 0.979721489482, 1.34877563182, 1.08036418839, 1.22340349282, 5.9965709611, 0.968547591989, 0.99789867614, 123.428743399, 1.14429277708, 4.4110017692, 1.20795129915, 4.05764407647, 1.16830747396, 47.9089282309, 8.57612916091, 308.014357834, 5.09383378016
3.69807584362, 1.02095447501, 1.30459038842, 1.15673086622, 3.81998724595, 0.768979557094, 1.05010680158, 1.00468281565, 1.11222744347, 2.81575569115, 3.0238293917, 0.930990172943, 1.51472282313, 0.811122233843, 0.971417192508, 1.29615857822, 1.16359512815, 0.986289971127, 9.59502832792, 1.11333928546, 0.807637425938, 49.9158597851, 1.00859368049, 2.07452552388, 1.01626577501, 4.75351876696, 0.876100923393, 253.322636277, 26.3357029369, 1048.59288863, 0.0
2.1806124981, 1.18141051145, 1.5726626832, 1.20720055034, 4.02044496377, 0.80677729342, 1.13242412074, 0.993342714529, 1.03044379081, 5.75381386814, 2.13623311447, 0.812820147418, 2.77685202605, 1.08718307843, 0.93813234523, 1.31950621675, 1.09436519126, 1.01704030012, 3.0967461903, 0.916739463615, 0.934676195908, 166.786694521, 0.958608379502, 5.74699287895, 1.12775171378, 2.23060245956, 0.896070609905, 247.957109344, 25.680601661, 1280.54567838, 0.0
5.24535862835, 1.28674799068, 1.61632385222, 1.19004565301, 4.24378075544, 1.12382177061, 2.54367867793, 1.03433695875, 1.13316108136, 3.5911916835, 2.52604435959, 0.949567661614, 2.59992637258, 1.08181114679, 1.06400418364, 1.29982148218, 1.09045162748, 1.06488550841, 4.23301465607, 1.02154752926, 0.998482551751, 200.33278071, 0.903249154913, 4.42005380322, 1.10941733006, 3.11033460778, 1.09087579235, 109.880797598, 10.269754277, 994.270811976, 3.48525469169
5.87988729886, 1.34533057519, 1.65733761598, 1.07948725445, 2.37888582795, 1.09296194611, 3.16409055486, 0.970155408565, 1.09459194631, 1.80776919268, 6.9331791452, 0.883418894701, 4.22926158339, 1.16731743822, 1.00354013833, 1.14750087818, 1.04350923672, 0.968874174547, 3.69268970344, 0.924748123509, 0.820766142207, 240.238505592, 0.842448751288, 1.17226958963, 1.05822531764, 1.14993016515, 0.910468772323, 499.232948148, 23.8224170136, 2279.77081512, 0.0
4.99980285631, 1.27600788091, 1.10255053529, 1.19667998971, 6.8755258165, 1.09296194611, 3.35403901868, 1.13299933738, 1.04418047416, 3.51077835016, 6.89768836439, 1.03654253858, 2.30005087157, 1.11948588333, 0.952920602815, 1.16439592143, 1.1062624431, 1.14201264223, 9.53295964982, 1.1391335223, 0.94476608603, 24.5623909283, 1.0441176591, 3.6924116117, 1.07004239107, 3.51966355915, 0.885499138511, 577.325935794, 20.6454808192, 2249.35095462, 0.0
3.69807584362, 1.02095447501, 1.30459038842, 1.15673086622, 2.12073783169, 0.768979557094, 1.05010680158, 1.00468281565, 1.11222744347, 2.81575569115, 3.0238293917, 0.930990172943, 1.51472282313, 0.811122233843, 0.971417192508, 1.29615857822, 1.01590544386, 0.986289971127, 9.59502832792, 1.12656498457, 0.807637425938, 49.9158597851, 1.00859368049, 2.07452552388, 1.01626577501, 4.75351876696, 0.876100923393, 72.5048169257, 9.76351280958, 422.991824086, 4.02144772118
5.38135215052, 1.33938327113, 0.976753865789, 0.820050095473, 4.09643107701, 0.985123362437, 1.07674793448, 1.02658400569, 1.12785659912, 3.29103155347, 4.0589572063, 1.20922620808, 2.25380426036, 1.18434126377, 0.880907428524, 1.54640484817, 1.01443583565, 1.03326235704, 8.58286851089, 1.12113428262, 0.834585296705, 150.955018299, 0.920886747638, 2.14288533342, 1.07714646275, 3.71255611331, 0.898706284328, 124.340284378, 11.153596724, 1009.40758196, 2.9490616622
5.01384561678, 1.37010706488, 1.17145058101, 1.01627953444, 4.88055156118, 1.18287009381, 4.34032417034, 1.22894406523, 1.03445421355, 3.86912152414, 7.69801830055, 0.978564851354, 4.7636416037, 1.04434795513, 0.855158172277, 1.13436499303, 1.04021924959, 0.828714248298, 6.59293299446, 1.1695478596, 0.866947510208, 196.085122612, 0.96054978256, 1.60741339717, 1.09571233894, 5.20702395641, 1.06012355508, 93.3093861898, 10.3897154146, 1277.1548928, 5.8981233244
1.62797976052, 1.01770062643, 0.924442048188, 1.20055381031, 2.25950651978, 0.854223752081, 5.95219475412, 0.834873797575, 1.00395665714, 2.53768768291, 6.96192711869, 1.01673172132, 1.05342579093, 1.12674511601, 0.830826754375, 1.02928115866, 1.00590679967, 0.85824947169, 6.23030167372, 0.99217596008, 0.945488847331, 186.955496405, 0.96417280386, 2.89764554191, 1.06363494522, 4.10271205137, 0.960793279308, 111.808749775, 16.0096651294, 705.856566101, 0.536193029491
2.83499242158, 1.30258415528, 1.04376116654, 1.17642722373, 2.57940589669, 0.863643696367, 1.40417101524, 1.03914812951, 1.01620601002, 1.89662581103, 1.89325032333, 1.00518478912, 4.6377993514, 1.0992300354, 1.01735608221, 1.05551904049, 1.00141839558, 1.0623405681, 3.78346639599, 0.964762081472, 0.864850822214, 104.578586138, 1.19383709126, 5.09087129346, 1.04749042206, 3.2457793327, 1.13118175444, 255.548006806, 28.4189050303, 1137.30523885, 0.0
4.62610954368, 1.0235879884, 1.73651026801, 1.13535811161, 2.96726604269, 1.11359828981, 3.4863953765, 1.072106871, 0.986817495303, 5.3246212396, 3.68996457688, 0.995665418677, 2.68291784707, 1.20002242051, 1.0204128401, 1.17378873069, 1.05998978942, 0.966750714657, 8.94528691968, 1.1895797598, 0.971874548427, 137.063814633, 1.03510817005, 2.40262927743, 1.1369315105, 1.62300805402, 0.87709904299, 242.640057516, 26.6412067378, 1716.7813247, 0.268096514745
3.3515589825, 1.42706222653, 0.92222586461, 0.863941392209, 1.82426590249, 0.724871507784, 1.63013995952, 0.843556143242, 1.08575321262, 3.39928035114, 7.25276683145, 1.1438994562, 2.72207568395, 0.960746984424, 0.926412730035, 1.2487485021, 1.11230318369, 1.06219711265, 3.62791576285, 1.10906560508, 0.902396239299, 251.637896777, 1.07373082616, 1.9113916635, 1.23426386276, 5.2250089489, 1.13250847899, 483.608629004, 20.6091736211, 3306.08888477, 0.268096514745
3.3515589825, 1.40868093994, 0.92222586461, 0.863941392209, 1.82426590249, 0.724871507784, 1.63013995952, 0.843556143242, 1.08575321262, 3.39928035114, 7.25276683145, 1.1438994562, 2.72207568395, 0.960746984424, 0.926412730035, 1.2487485021, 1.11230318369, 1.22168681739, 3.62791576285, 1.10906560508, 0.95205481609, 105.135636047, 1.13728118122, 1.9113916635, 1.23426386276, 5.2250089489, 1.13250847899, 313.27659714, 22.243643497, 3067.05207639, 0.268096514745
1.34325025067, 1.3933528377, 0.976753865789, 0.820050095473, 5.86428423641, 0.985123362437, 1.07674793448, 1.02658400569, 1.12785659912, 3.29103155347, 4.0589572063, 1.20922620808, 2.25380426036, 1.18434126377, 0.880907428524, 1.44388069589, 1.00717358781, 0.885212663208, 8.58286851089, 1.12113428262, 0.834793371665, 150.955018299, 0.925242649906, 5.6863041467, 1.07714646275, 3.71255611331, 0.934138861397, 673.178461048, 23.7526435015, 2199.66960297, 0.268096514745
2.51769962974, 1.03269130648, 1.49121312093, 1.03561858071, 6.55495385077, 0.773995684945, 4.13824792873, 0.951249105783, 1.04116210525, 2.50470119986, 7.2419825119, 0.863307676236, 1.98097625064, 1.14308864363, 1.01550924012, 1.36475792297, 1.13379602158, 1.0874374243, 9.08597503213, 1.04630770094, 0.887313534853, 43.6683082627, 1.13918978388, 2.63102737485, 1.13935315854, 4.00649563553, 0.911191366471, 125.688677196, 11.0696258036, 294.563352906, 6.43431635389
3.81624998199, 1.28604584789, 1.65321273867, 1.11819997084, 5.71465085774, 0.879074471537, 1.77950893784, 1.06767488227, 0.92145154031, 4.68789672049, 1.81446566313, 1.03054689844, 4.88507409131, 1.19767389663, 1.05554244846, 1.15174083916, 1.15290185115, 0.91681466557, 4.84082062514, 0.964441190783, 0.801377093104, 366.141984472, 0.958608379502, 2.91559036685, 0.956838817309, 2.28434028456, 0.994524129482, 109.280274811, 10.6006075764, 893.392576493, 4.55764075067
2.84474146072, 1.28244161165, 0.778367554852, 0.908230900094, 3.60405035081, 0.904625190177, 2.20965888661, 1.10872095702, 1.00060609394, 4.11165991881, 5.82929147806, 0.930514779261, 2.13962002546, 1.0790978796, 0.781975494366, 1.0587248085, 1.08315436402, 1.02079094882, 5.62321834328, 1.09077269873, 0.972720916014, 194.866521353, 0.983959601358, 3.50692611287, 1.00485211133, 4.70191204722, 1.18281916809, 1064.82890644, 25.0179751237, 8206.02330206, 0.0
3.7545575252, 1.27659402534, 0.735888280845, 1.12042011529, 1.74891779522, 0.922954262595, 4.68164482016, 1.11398320559, 1.10154204019, 2.47598711038, 7.7472711026, 0.967746564852, 2.81575719687, 1.02718084065, 0.988601730818, 1.29504917928, 1.15028458433, 0.88331830883, 9.55032790111, 0.947278164071, 0.865765990837, 411.295765319, 0.856043643415, 5.18953980394, 1.17601075652, 4.72171786024, 1.15011381457, 168.088887605, 11.9840429394, 1013.95301591, 1.07238605898
1.34946930181, 1.32892222271, 1.42977929134, 0.999611038083, 1.7765519142, 0.899250358152, 5.59958298586, 1.24381871535, 1.13718503408, 5.76319641868, 6.30298891905, 1.11694083589, 2.04809743145, 0.849008737958, 0.842126711825, 1.12697637909, 1.02863919167, 0.988649784592, 9.08206982072, 0.958993321052, 0.776742002352, 395.640056122, 1.00323095611, 5.12739443262, 1.13834745609, 4.58440522613, 1.21073909815, 841.651554807, 27.8098608441, 1652.90602168, 0.0
5.24535862835, 1.28674799068, 1.59734399196, 1.19004565301, 3.71542461097, 0.798968547659, 2.54367867793, 1.08571547888, 1.13316108136, 3.5911916835, 2.58272360278, 0.949567661614, 1.23413110683, 0.908028316039, 0.936685206558, 1.29982148218, 1.09045162748, 1.06488550841, 4.23301465607, 1.02154752926, 0.880186049864, 95.158312043, 0.903249154913, 4.42005380322, 1.10416655759, 4.17097985816, 1.09087579235, 120.96308848, 16.8330197456, 840.390316879, 0.536193029491
3.3515589825, 1.40868093994, 0.92222586461, 0.863941392209, 1.69612142007, 0.724871507784, 1.63013995952, 0.843556143242, 1.08575321262, 3.39928035114, 7.25276683145, 1.1438994562, 2.72207568395, 0.960746984424, 0.926412730035, 1.2487485021, 1.11230318369, 1.22610350357, 3.62791576285, 1.10906560508, 0.886006004357, 105.135636047, 1.13728118122, 5.9975909827, 1.23998483717, 5.2250089489, 1.13250847899, 76.725123566, 19.4161482549, 176.214418453, 1.07238605898
4.62610954368, 1.0235879884, 1.73651026801, 1.13535811161, 2.96726604269, 1.11359828981, 3.4863953765, 0.981863694578, 0.986817495303, 5.3246212396, 3.68996457688, 0.995665418677, 4.45888651544, 1.24447648749, 1.0204128401, 1.17378873069, 1.05998978942, 0.966750714657, 8.94528691968, 1.1895797598, 0.971874548427, 137.063814633, 1.03510817005, 2.40262927743, 1.1369315105, 1.62300805402, 0.87709904299, 167.175696534, 17.8036645337, 526.547819753, 0.536193029491
5.2461722126, 1.27236870559, 1.11474696417, 1.15648252172, 3.3486807453, 0.960114021642, 3.67578906756, 1.118950839, 1.08200123236, 3.37372912604, 7.20963375142, 0.989537592386, 1.43710792088, 1.10909034346, 1.04965465894, 1.59601484149, 1.06334943173, 1.02751587452, 5.42539432829, 0.938729635217, 0.834793371665, 382.970155291, 1.03053034389, 1.25773513629, 0.990149371195, 2.31873532059, 1.20224796445, 681.654955275, 36.8935923277, 1205.00428588, 0.0
4.45069616621, 1.13584448539, 0.778367554852, 0.908230900094, 3.60405035081, 0.904625190177, 2.50591888859, 1.15104567308, 1.00060609394, 5.76319641868, 5.34948549546, 0.930514779261, 2.13962002546, 0.829495718156, 0.781975494366, 1.0587248085, 1.08315436402, 1.14960080885, 8.79593765102, 1.09077269873, 0.972720916014, 316.955290002, 0.983959601358, 5.67072380951, 1.00485211133, 4.70191204722, 1.1151842828, 698.032176272, 26.5012681829, 1975.39682854, 0.268096514745
3.81624998199, 1.28604584789, 1.65321273867, 0.951900839283, 5.71465085774, 0.879074471537, 1.77950893784, 1.06767488227, 0.92145154031, 4.68789672049, 1.81446566313, 1.03054689844, 4.88507409131, 0.968558163734, 1.05554244846, 1.15174083916, 1.15290185115, 0.91681466557, 4.84082062514, 0.964441190783, 0.801377093104, 366.141984472, 1.10222353273, 2.91559036685, 0.956838817309, 2.28434028456, 0.994524129482, 46.788529433, 16.207474426, 500.82122887, 2.9490616622
3.81624998199, 1.28604584789, 1.65321273867, 1.04097604649, 5.71465085774, 0.879074471537, 1.77950893784, 1.15982576656, 0.92145154031, 4.68789672049, 1.81446566313, 0.968587838703, 4.13479589644, 0.968558163734, 0.964824364892, 1.15174083916, 1.15506987061, 0.91681466557, 4.79854564534, 1.07229843804, 0.801377093104, 298.32341547, 1.10222353273, 3.81882440292, 0.956838817309, 1.97915050799, 0.994524129482, 108.735033724, 12.8257782324, 290.385043012, 1.07238605898
5.01384561678, 1.22316813402, 1.17145058101, 1.01627953444, 4.88055156118, 0.917980932493, 4.34032417034, 1.22894406523, 1.03445421355, 3.86912152414, 6.80676678482, 0.902955950558, 3.30954539098, 1.04434795513, 0.855158172277, 1.13436499303, 1.04021924959, 0.828714248298, 6.59293299446, 1.1695478596, 0.866947510208, 196.085122612, 1.10444440127, 1.60741339717, 1.09571233894, 5.20702395641, 1.06012355508, 261.996265506, 27.6896676754, 2024.19938522, 0.268096514745
5.02374120492, 1.29189252762, 1.43521129663, 0.904135295949, 1.43684697779, 0.973692364311, 2.82255703282, 1.19879630055, 1.1355365521, 4.14104316395, 7.14812357666, 1.04782295266, 4.21095586429, 1.12246879624, 0.791888793882, 1.29409240509, 1.00799214174, 1.10485444061, 7.25460476247, 1.07369153411, 0.800228927792, 112.170211532, 1.16003898904, 4.9522902013, 0.997824929274, 3.27585991808, 1.03653353483, 133.305770762, 12.1435442107, 527.067519602, 3.75335120643
5.07895830932, 1.27236870559, 1.11474696417, 1.20001975323, 3.3486807453, 0.960114021642, 3.67578906756, 1.118950839, 1.08200123236, 2.03119519745, 7.73928354388, 0.989537592386, 2.07940781882, 1.10909034346, 1.0212984355, 1.13037736121, 1.02121051366, 0.885212663208, 5.42539432829, 0.938729635217, 0.834793371665, 377.025630075, 1.03053034389, 1.72441844583, 1.02546920713, 3.09968361178, 1.20224796445, 100.317676407, 12.3826633597, 373.072009941, 3.75335120643
2.39819921247, 1.12301831638, 1.53204983883, 1.04306804749, 4.77109376795, 1.04283388029, 2.19255905572, 0.924723589297, 1.06652075254, 5.91194783869, 3.68996457688, 0.872278605736, 2.13995289189, 0.917939280715, 1.03839642188, 1.36282625239, 1.10703997012, 1.17934404974, 7.38078788894, 1.09185986658, 0.856939480805, 43.6683082627, 0.94322065798, 2.12678976057, 1.16149169527, 3.84077992082, 0.914968582129, 565.627444536, 35.4769557651, 1908.77794074, 0.0
5.28421673608, 1.08059977614, 1.30190625434, 1.1361383348, 1.64248783759, 0.734418865243, 2.37687791164, 0.981641114459, 0.9415639275, 4.06241229481, 5.05337213363, 0.983341425486, 2.35010714238, 0.872557948504, 0.868713448832, 1.0811524386, 1.12720362868, 1.01104503591, 8.96364289259, 1.14317519948, 0.839414352925, 27.7086424624, 1.03850276029, 5.9975909827, 1.20330863204, 5.24165602007, 0.880746829347, 97.9471618243, 15.5403382285, 2182.09614882, 1.60857908847
1.83364816625, 1.36286165126, 1.16415217011, 0.824273825411, 5.66225811616, 0.917980932493, 3.69851081598, 1.02710406952, 0.990224205726, 6.18766858656, 3.54122333351, 0.820441068152, 1.09904942307, 0.870545786885, 1.05554244846, 1.43687933908, 1.05828991694, 1.06125502543, 5.58798130224, 1.0297141634, 0.896503106691, 312.495829151, 1.10444440127, 3.20666744081, 1.15361920804, 5.07847243066, 1.21133388709, 723.994839039, 37.5373613998, 1374.77595519, 0.0
4.35298049304, 1.38893899191, 1.57478167607, 1.18137346336, 6.63836467039, 0.880112182774, 1.13735732633, 0.909237817399, 1.05293203246, 2.85436914435, 1.82503639375, 0.927625907283, 1.61330926298, 1.19305925569, 1.04093780275, 1.43853198081, 1.02830858776, 0.993009019798, 6.45739391183, 0.983614465891, 0.760644376415, 389.793206051, 0.895201916823, 5.75165700475, 1.024133273, 4.93567968256, 0.913386308881, 1485.1637105, 32.473297895, 1925.32978616, 0.0
1.78309716753, 1.24003603733, 1.11474696417, 1.20167344288, 4.89262952537, 0.77266543833, 1.36644674435, 0.820823368438, 0.988297244585, 2.64225059092, 6.85289502431, 0.818795390759, 2.59992637258, 1.25176318185, 1.02450642401, 1.41579008204, 1.14008231871, 1.02679763743, 9.81970513851, 1.14951154871, 0.910099634955, 372.675297639, 1.0198781297, 1.09618034367, 1.06092481685, 4.4714653942, 1.04638895097, 1276.77916127, 44.6240193486, 1154.62281027, 0.268096514745
1.62797976052, 1.0385425496, 0.924442048188, 1.20055381031, 2.53738784047, 0.854223752081, 5.95885868807, 0.834873797575, 1.00395665714, 3.81797466389, 6.96192711869, 1.01673172132, 2.41542978088, 1.25176318185, 0.830826754375, 1.26082912913, 1.00590679967, 0.944396969048, 6.42952914103, 0.99217596008, 0.945488847331, 186.955496405, 1.01591539623, 4.36410245349, 1.06363494522, 4.10271205137, 0.960793279308, 909.752381256, 27.7422740568, 5405.14094602, 0.0
5.38135215052, 1.25805802502, 0.976753865789, 0.820050095473, 5.86428423641, 0.985123362437, 1.07674793448, 1.02658400569, 1.12785659912, 3.29103155347, 4.0589572063, 0.812820147418, 1.90180252142, 1.18434126377, 0.880907428524, 1.54640484817, 1.01010329507, 1.03326235704, 4.72636850738, 1.12113428262, 0.834585296705, 150.955018299, 0.920886747638, 2.14288533342, 1.07714646275, 3.71255611331, 0.984844548912, 390.147049408, 18.3066144492, 704.158809429, 0.536193029491
5.92896805073, 1.30944498045, 1.58378902492, 0.807493649348, 5.55134548712, 0.736241755941, 3.01959274436, 1.04066613388, 0.999766583329, 2.43676066165, 6.83467708636, 1.16211966183, 1.29185323725, 1.12176971558, 1.03836439051, 1.47925124827, 1.01002356168, 1.16652330479, 9.8586049041, 1.06201788823, 0.902865299956, 196.057604766, 0.960055669319, 1.31935583046, 1.19151329478, 4.61515618762, 0.873047139794, 101.594190781, 12.8000956601, 729.842764924, 4.82573726542
5.07895830932, 1.32213656006, 1.11474696417, 1.04467985212, 3.3486807453, 1.12862614439, 3.67578906756, 1.118950839, 1.08200123236, 2.03119519745, 7.73928354388, 0.989537592386, 2.82723567187, 1.26111927679, 1.0212984355, 1.13037736121, 1.02121051366, 0.885212663208, 5.42539432829, 0.938729635217, 0.834793371665, 377.025630075, 1.03053034389, 1.72441844583, 1.02546920713, 3.09968361178, 1.20224796445, 194.080559251, 18.0746997076, 512.569600339, 0.804289544236
4.99980285631, 1.27600788091, 1.22519087384, 1.19667998971, 6.8755258165, 0.767534223761, 2.0914057221, 0.919492323165, 1.04418047416, 3.51077835016, 6.89768836439, 1.03654253858, 2.30005087157, 1.11948588333, 0.952920602815, 1.16439592143, 1.1062624431, 1.14201264223, 9.53295964982, 1.1391335223, 0.975883757466, 24.5623909283, 1.11981416904, 3.6924116117, 1.07004239107, 3.51966355915, 0.885499138511, 230.599895224, 18.8309220569, 905.744673002, 0.536193029491
4.62610954368, 1.0235879884, 1.73651026801, 1.13535811161, 2.96726604269, 1.11359828981, 3.4863953765, 0.981863694578, 0.986817495303, 5.3246212396, 3.68996457688, 0.995665418677, 4.45888651544, 1.20002242051, 1.0204128401, 1.17378873069, 1.05998978942, 0.966750714657, 8.94528691968, 1.1895797598, 0.971874548427, 137.063814633, 1.03510817005, 2.40262927743, 1.1369315105, 1.62300805402, 0.87709904299, 311.014060747, 21.2243844673, 595.147768928, 0.536193029491
3.3515589825, 1.40868093994, 0.92222586461, 0.863941392209, 1.69612142007, 0.724871507784, 1.63013995952, 0.843556143242, 1.08575321262, 3.39928035114, 7.25276683145, 1.1438994562, 2.72207568395, 0.960746984424, 0.926412730035, 1.2487485021, 1.11230318369, 1.22610350357, 3.62791576285, 1.10906560508, 0.95205481609, 105.135636047, 1.13728118122, 1.9113916635, 1.23982334023, 5.2250089489, 1.13250847899, 80.3599513487, 18.1191315087, 153.080405985, 4.02144772118
4.99086896213, 1.21559413353, 1.60124909795, 0.830736683045, 5.66201145627, 0.71603563417, 1.71701015865, 0.828895256535, 1.08200123236, 2.96022798725, 7.7731208325, 0.908317158678, 4.29273880044, 1.22775011728, 0.924032546621, 1.62945020856, 1.16065740662, 1.22275499834, 4.64842752302, 0.969982990029, 0.960665388975, 307.635268853, 1.03053034389, 4.87909562418, 1.18985314001, 4.7672697304, 1.11222611473, 283.365777671, 14.3615507372, 350.123508827, 1.07238605898
5.38135215052, 1.10463502126, 0.976753865789, 0.820050095473, 5.86428423641, 1.15619014531, 1.07674793448, 1.02658400569, 1.12785659912, 3.29103155347, 4.0589572063, 1.20922620808, 5.02466491711, 1.18434126377, 0.880907428524, 1.54640484817, 1.01443583565, 1.03326235704, 8.58286851089, 1.12113428262, 0.834585296705, 150.955018299, 0.920886747638, 2.14288533342, 1.07714646275, 3.71255611331, 0.898706284328, 266.121994307, 13.9977285214, 383.501790109, 1.07238605898
3.087873144, 1.34113106879, 0.818598930017, 0.887955974066, 4.14183463036, 0.835688271199, 3.99287648524, 0.832438993807, 0.920696611727, 5.19786417335, 5.20269017895, 0.992924799932, 2.94038875763, 1.17917533566, 0.822840271435, 1.54986715365, 1.02444161682, 0.904445368276, 3.22206435507, 1.10841546692, 0.859712290939, 210.292288351, 0.960277894263, 1.22688160619, 0.991816951368, 5.47048439561, 1.03601137684, 246.83276541, 18.9683481652, 282.42287982, 1.07238605898
4.50680044375, 1.35722254578, 1.40916517316, 0.848041873993, 3.98832199123, 0.781248005237, 1.02466811203, 0.85172640983, 1.10992357801, 5.49610890772, 5.102224437, 0.812043616662, 1.74652290697, 1.25432878931, 0.78479920715, 1.54119845259, 1.00589366867, 0.925538341174, 6.79933861821, 0.914797525241, 0.800061793904, 29.6579064865, 1.14457113723, 3.43307688238, 1.11590740685, 4.84293248317, 1.17386051578, 593.571536102, 34.3388825912, 2694.89286792, 0.0
5.78254175363, 1.14540758522, 1.56371607643, 1.04901202747, 3.85722085166, 1.18969852842, 2.20800721234, 0.832438993807, 1.09117824799, 5.10482195196, 6.85263134814, 1.20084714723, 3.2543977352, 1.20002242051, 1.02583520202, 1.43853198081, 1.16257213548, 1.01188934551, 7.06585526387, 0.911782919835, 0.833999568788, 409.140552778, 1.16070994008, 1.7822351143, 1.10941733006, 2.28434028456, 1.21955097056, 763.981576904, 28.6932509848, 2675.70210892, 0.0
4.62610954368, 1.0235879884, 1.73651026801, 1.13535811161, 2.96726604269, 1.11359828981, 3.4863953765, 1.03914812951, 0.946536084582, 2.42771883435, 3.68996457688, 0.995665418677, 4.45888651544, 1.20002242051, 1.0204128401, 1.17378873069, 1.05998978942, 0.966750714657, 8.94528691968, 1.1895797598, 0.971874548427, 137.063814633, 1.03510817005, 2.1436554866, 1.04749042206, 3.2457793327, 0.87709904299, 152.236166374, 12.3745971063, 3313.71597466, 5.8981233244
2.3925792999, 1.14777678545, 1.30459038842, 1.15673086622, 3.81998724595, 0.768979557094, 1.05010680158, 1.00468281565, 1.11222744347, 2.81575569115, 3.0238293917, 0.958227041147, 1.51472282313, 0.811122233843, 0.904131115649, 1.29615857822, 1.16359512815, 0.977095666255, 9.59502832792, 1.11333928546, 0.971874548427, 49.9158597851, 1.00859368049, 2.07452552388, 1.01626577501, 4.75351876696, 0.876100923393, 234.936923813, 27.7350981379, 808.415339911, 0.536193029491
2.83499242158, 1.30804407953, 1.04376116654, 1.17642722373, 2.57940589669, 0.863643696367, 1.40417101524, 1.19962378489, 1.01620601002, 2.76215042609, 1.89325032333, 1.00518478912, 4.6377993514, 1.0992300354, 1.02578901449, 1.05551904049, 1.00141839558, 1.0623405681, 3.01265740464, 0.954606863445, 0.864850822214, 104.578586138, 1.19383709126, 5.09087129346, 1.04749042206, 3.2457793327, 1.13118175444, 1073.53212291, 43.2071478132, 2120.20441296, 0.0
3.81624998199, 1.0385425496, 1.65321273867, 1.04097604649, 5.71465085774, 0.879074471537, 1.77950893784, 1.14203968967, 0.92145154031, 4.7930564602, 3.0238293917, 0.85118237961, 4.13479589644, 1.11888288728, 0.887081233777, 1.15174083916, 1.15291464274, 0.91681466557, 7.61682428294, 0.958609677974, 0.801377093104, 298.32341547, 1.10222353273, 3.81882440292, 0.956838817309, 1.97915050799, 1.28907965932, 164.566811653, 12.3885108428, 2132.03730654, 9.11528150134
4.62610954368, 1.00031512089, 1.73651026801, 0.914721142153, 5.42263089124, 1.07012647918, 1.19353923996, 0.854095549643, 1.12538257157, 5.70022444129, 7.15760520768, 1.11456324654, 1.39194192349, 1.046106611, 0.999271178025, 1.3736535154, 1.1650753752, 0.877799868466, 4.418522262, 1.18022056655, 0.841514315836, 382.003715479, 0.919180463629, 1.59065303537, 1.07169119367, 2.12985032564, 1.07466340975, 127.702787771, 13.1844985295, 508.874372227, 1.60857908847
5.2461722126, 1.27236870559, 1.11474696417, 0.940474394738, 3.3486807453, 0.960114021642, 4.83287786447, 0.919492323165, 1.08200123236, 2.82419614019, 7.20963375142, 0.989537592386, 1.43710792088, 1.10909034346, 1.04965465894, 1.59601484149, 1.06334943173, 0.91681466557, 5.42539432829, 0.938729635217, 0.834793371665, 382.970155291, 1.03053034389, 1.25773513629, 1.07004239107, 2.31873532059, 1.20224796445, 179.834560124, 12.1273224074, 3033.76197616, 7.23860589812
5.24535862835, 1.28674799068, 1.59734399196, 1.19004565301, 3.71542461097, 1.12382177061, 2.54367867793, 1.03433695875, 1.13316108136, 3.5911916835, 2.58272360278, 0.949567661614, 2.59992637258, 1.08181114679, 1.06400418364, 1.29982148218, 1.09045162748, 1.06488550841, 4.23301465607, 1.02154752926, 0.998482551751, 200.33278071, 0.903249154913, 4.42005380322, 1.10416655759, 3.11033460778, 1.09087579235, 857.278975827, 28.62001929, 2349.01692102, 0.0
2.83499242158, 1.30804407953, 1.04376116654, 1.17642722373, 2.57940589669, 0.863643696367, 1.40417101524, 1.03914812951, 1.01620601002, 1.96939159183, 1.89325032333, 1.00518478912, 4.6377993514, 1.0992300354, 1.01735608221, 1.05551904049, 1.00141839558, 1.0623405681, 3.5737702131, 0.964762081472, 0.864850822214, 104.578586138, 1.19383709126, 5.09087129346, 1.04749042206, 3.2457793327, 1.13118175444, 166.677041504, 23.6048588659, 587.803749629, 0.804289544236
5.87988729886, 1.34533057519, 1.65733761598, 0.989630855653, 3.71171800072, 1.09296194611, 3.16409055486, 0.970155408565, 1.09459194631, 1.80776919268, 1.89325032333, 0.883418894701, 4.22926158339, 1.16731743822, 1.00354013833, 1.14750087818, 1.0023966839, 0.968874174547, 3.69268970344, 0.924748123509, 0.890096192437, 240.238505592, 0.841762530159, 1.17226958963, 1.05822531764, 1.14993016515, 1.08135628323, 556.389223441, 34.236161299, 1855.14688217, 0.268096514745
3.7545575252, 1.27659402534, 0.735888280845, 1.12042011529, 1.74891779522, 0.922954262595, 4.68164482016, 1.11398320559, 1.10154204019, 5.3246212396, 7.7472711026, 0.967746564852, 2.81575719687, 1.02718084065, 0.988601730818, 1.29504917928, 1.15028458433, 0.88331830883, 9.55032790111, 0.947278164071, 0.865765990837, 411.295765319, 0.856043643415, 5.18953980394, 1.17601075652, 4.72171786024, 1.15011381457, 2041.71291536, 50.0550397845, 2245.82416989, 0.0
3.81624998199, 1.28604584789, 1.65321273867, 1.04097604649, 5.71465085774, 0.879074471537, 1.77950893784, 1.14203968967, 0.92145154031, 4.7930564602, 3.0238293917, 0.905590330199, 4.13479589644, 0.968558163734, 0.964824364892, 1.15174083916, 1.15291464274, 0.91681466557, 7.61682428294, 0.958609677974, 0.801377093104, 298.32341547, 1.10222353273, 3.81882440292, 0.956838817309, 1.97915050799, 0.994524129482, 199.41060925, 25.4325431616, 986.371444129, 0.536193029491
5.07895830932, 1.27236870559, 1.11474696417, 1.04467985212, 3.3486807453, 0.960114021642, 3.67578906756, 1.118950839, 1.08200123236, 2.03119519745, 7.73928354388, 0.989537592386, 2.07940781882, 1.26111927679, 1.0212984355, 1.13037736121, 1.02121051366, 0.885212663208, 5.42539432829, 0.938729635217, 0.834793371665, 377.025630075, 1.03053034389, 1.72441844583, 1.02546920713, 3.09968361178, 1.20224796445, 68.6641097529, 17.7729812014, 493.519578499, 1.87667560322
1.62797976052, 1.0385425496, 0.924442048188, 1.20055381031, 2.53738784047, 0.854223752081, 5.95885868807, 0.834873797575, 1.00395665714, 2.53768768291, 6.96192711869, 1.01673172132, 2.41542978088, 1.25176318185, 0.830826754375, 1.02928115866, 1.00590679967, 0.85824947169, 6.42952914103, 0.99217596008, 0.945488847331, 186.955496405, 0.96417280386, 4.36410245349, 1.06363494522, 4.10271205137, 0.960793279308, 273.463729133, 13.9737475202, 912.166230262, 2.14477211796
1.34946930181, 1.32892222271, 1.42977929134, 0.999611038083, 1.7765519142, 0.899250358152, 5.59958298586, 1.24381871535, 1.13718503408, 5.76319641868, 6.30298891905, 1.11694083589, 2.04809743145, 0.849008737958, 0.842126711825, 1.12697637909, 1.02863919167, 0.988649784592, 9.08206982072, 0.958993321052, 0.776742002352, 395.640056122, 1.00323095611, 5.12739443262, 1.13834745609, 4.58440522613, 1.21073909815, 177.398191423, 14.4038046596, 498.753156962, 2.14477211796
5.28421673608, 1.01772605725, 1.30190625434, 1.1361383348, 1.64248783759, 0.734418865243, 2.37687791164, 0.981641114459, 0.9415639275, 4.06241229481, 5.15434325253, 0.983341425486, 2.35010714238, 0.872557948504, 0.868713448832, 1.0811524386, 1.12720362868, 1.01104503591, 8.96364289259, 0.964441190783, 0.789557202468, 181.138218375, 1.03850276029, 1.44226500439, 1.20330863204, 5.24165602007, 0.880746829347, 635.429867902, 36.8037952935, 1857.1332096, 0.268096514745
1.83364816625, 1.36286165126, 1.16415217011, 0.824273825411, 5.66225811616, 1.18287009381, 3.69851081598, 1.02710406952, 0.990224205726, 6.18766858656, 3.54122333351, 0.820441068152, 1.09904942307, 0.870545786885, 1.05554244846, 1.43687933908, 1.05828991694, 1.06125502543, 5.58798130224, 1.00787168222, 0.896503106691, 312.495829151, 0.96054978256, 3.20666744081, 1.15361920804, 5.07847243066, 1.21133388709, 154.515716997, 17.4735250096, 627.548350658, 1.07238605898
2.2865290941, 1.12388728327, 1.10255053529, 1.19667998971, 6.8755258165, 0.767534223761, 2.0914057221, 0.919492323165, 1.04418047416, 3.51077835016, 7.41046782823, 1.03654253858, 2.30005087157, 1.11948588333, 0.952920602815, 1.16439592143, 1.1062624431, 1.14201264223, 9.53295964982, 1.15347189176, 0.94476608603, 24.5623909283, 1.11981416904, 3.6924116117, 0.973173791545, 3.51966355915, 0.885499138511, 177.838125638, 14.5608818258, 361.228534899, 3.21715817694
4.76757425982, 1.27600788091, 1.22519087384, 1.19667998971, 6.92078912071, 0.767534223761, 2.0914057221, 0.919492323165, 1.13316108136, 3.51077835016, 6.89768836439, 1.03654253858, 3.5229503735, 1.11948588333, 0.952920602815, 1.16439592143, 1.12085762671, 1.14201264223, 6.77461704366, 1.1391335223, 0.975883757466, 24.5623909283, 1.13024644205, 3.6924116117, 1.07004239107, 3.51966355915, 0.951005027292, 211.468885199, 12.7235823886, 677.237436507, 8.57908847185
2.39819921247, 1.12301831638, 1.51379995428, 1.04306804749, 4.77109376795, 0.928659869462, 1.12809517812, 1.05857857744, 1.06652075254, 5.70051696772, 3.68996457688, 0.872278605736, 2.13995289189, 0.917939280715, 1.03839642188, 1.36282625239, 1.10703997012, 1.17934404974, 7.38078788894, 1.18449446079, 0.856939480805, 143.774621527, 0.9997957168, 5.89796640684, 1.16149169527, 3.84077992082, 0.914968582129, 130.064554563, 15.884374825, 641.583894221, 1.87667560322
5.3901918952, 1.29808479201, 0.822082911822, 1.09985415118, 5.06310390242, 0.808678411102, 1.07815286165, 0.98341935515, 1.05373816635, 1.3017474835, 2.19010617953, 0.969222073191, 2.30064362124, 1.12317252236, 1.0199896357, 1.53369200662, 1.09150378916, 1.14145547695, 6.46634106001, 1.11764537248, 0.94725248033, 179.849480439, 1.0233480305, 4.44474177165, 1.08144900068, 4.67908752167, 0.900722951643, 136.477791545, 16.397966779, 379.503536988, 2.14477211796
