0.519831748414, 0.96457242595, 2.50354875237, 0.462839652128, 25.1746190133, 42.4271487934, 2.75245578552, 3.4433167253, 29.1656432593, 309.106278013, 0.479187973771, 0.0575539568345
0.524072508041, 1.10650987523, 2.04475759277, 0.432610122686, 15.5931907919, 47.4223833643, 3.07011397943, 1.98518504205, 32.1168013335, 378.002563343, 0.405855975143, 0.600164880462
0.560756830218, 0.832370934777, 2.99815571396, 0.336862404266, 29.4842067481, 44.6034185071, 2.07693407822, 1.94821509357, 29.7876477568, 378.911609462, 0.403804867596, 0.617737003058
0.512258119374, 1.08660581402, 2.42776160411, 0.444564742298, 24.1571804476, 41.7363362022, 2.94503052746, 1.51036724101, 30.5875969505, 351.202426511, 0.452716706563, 0.228758169935
0.512258119374, 0.937935103013, 2.94392364634, 0.296105574167, 11.3231684459, 46.416664159, 2.71440190128, 1.60003522849, 37.833935267, 411.849046642, 0.417713450904, 0.431623931624
0.524072508041, 0.83225322015, 2.04475759277, 0.432610122686, 15.5931907919, 47.4223833643, 2.93731459845, 0.013507194118, 27.8521925986, 240.441687519, 0.596646132105, 0.345794392523
0.600087680686, 0.96457242595, 2.50354875237, 0.462839652128, 25.1746190133, 42.4271487934, 3.27194736268, 3.4433167253, 29.1656432593, 436.499516226, 0.490614664789, 0.00696864111498
0.549006712877, 0.832370934777, 2.37079868347, 0.450649996353, 43.6344896881, 45.5260727805, 2.64677155506, 2.56867694869, 31.4607052093, 300.99571166, 0.483689327616, 0.0267857142857
0.51254604313, 0.879987611283, 4.50083886492, 0.481563816633, 20.9764468342, 42.6709982574, 3.25465290354, 1.75175920633, 39.4739862335, 738.639838237, 0.417350863094, 0.588
0.598752505033, 1.08660581402, 2.04077794891, 0.475277829337, 49.6165616195, 41.7363362022, 2.44860491972, 1.06358276035, 38.0235280066, 297.918840454, 0.447069491115, 0.22972972973
0.516662242968, 0.907809444548, 2.88179587231, 0.470526259181, 24.2483457933, 43.3527638057, 3.76359278421, 1.7999073915, 41.1265733496, 518.122102564, 0.465455538555, 0.0
0.524091521426, 1.08353979287, 2.97244264187, 0.392082878468, 30.7605980142, 47.5636330107, 2.57207488666, 1.44145702823, 38.0989048026, 441.669669533, 0.483787075379, 0.0
0.524072508041, 1.05286531084, 2.04475759277, 0.436205421752, 15.5931907919, 49.0467515797, 2.34669418709, 1.7679662674, 32.1168013335, 277.475138535, 0.473758580873, 0.221518987342
0.513642108809, 0.948165167657, 2.55421473043, 0.492596223512, 21.2960245625, 41.2810902007, 2.05064791134, 0.165467460869, 25.2535169309, 375.248370936, 0.431262741697, 0.013698630137
0.639660252838, 0.914173250516, 2.42776160411, 0.444564742298, 24.1571804476, 44.4476426524, 2.3464723586, 1.51036724101, 30.5875969505, 307.040250196, 0.446915308158, 0.50643776824
0.524072508041, 0.83225322015, 2.04475759277, 0.432610122686, 15.5931907919, 47.4223833643, 2.93731459845, 0.0515963520559, 27.8521925986, 252.366743513, 0.555956746282, 0.025
0.531034891035, 1.25841865112, 2.11474829627, 0.492596223512, 48.4215190551, 46.9071678262, 2.94503052746, 1.51036724101, 30.5875969505, 268.024422718, 0.517182898449, 0.0
0.560756830218, 0.832370934777, 2.99815571396, 0.336862404266, 29.4842067481, 44.6034185071, 2.07693407822, 1.94821509357, 29.7876477568, 386.676079765, 0.40195987864, 0.655279503106
0.513642108809, 0.948165167657, 2.55421473043, 0.492596223512, 21.2960245625, 41.2810902007, 2.05064791134, 0.165467460869, 25.2535169309, 319.713195364, 0.509485397103, 0.0
0.519831748414, 1.20246637211, 3.22779712213, 0.442568998772, 40.7323675446, 41.2810902007, 2.75245578552, 1.35824594238, 34.7688802497, 633.368117062, 0.431191883049, 0.335135135135
0.724678807803, 0.832370934777, 2.37079868347, 0.490819888592, 43.6344896881, 45.5260727805, 3.65752280247, 1.7679662674, 30.7550712519, 363.345329252, 0.442962434186, 0.580803134182
0.524072508041, 1.05286531084, 2.04475759277, 0.436205421752, 15.5931907919, 49.0467515797, 2.34669418709, 1.45296468804, 32.1168013335, 248.925241364, 0.513173759013, 0.163522012579
0.519831748414, 1.03776109974, 3.22779712213, 0.442568998772, 15.2405104772, 42.4058154049, 3.28141827685, 1.35824594238, 34.7688802497, 658.001112712, 0.423078148775, 0.407624633431
0.598752505033, 1.08660581402, 2.04077794891, 0.447973506742, 49.6088190542, 41.7363362022, 3.38281245519, 1.4929910178, 38.0235280066, 386.241197151, 0.412495274924, 0.609482758621
0.519831748414, 1.20246637211, 3.22779712213, 0.442568998772, 40.7323675446, 40.6818559347, 2.75245578552, 1.35824594238, 34.7688802497, 691.376898259, 0.412115015229, 0.634920634921
0.545071046081, 1.238382852, 5.3727926105, 0.413160353552, 25.8727777376, 46.5516245843, 3.46211853984, 1.30202858444, 38.6549214169, 1455.21609245, 0.41939336342, 0.539512195122
0.510227102067, 0.988559326201, 2.29280705693, 0.35040507552, 37.3254242183, 45.6364234825, 3.74640008649, 1.11248119828, 40.8655824136, 456.089000969, 0.430722352532, 0.608938547486
0.598752505033, 0.853463970913, 2.01689217376, 0.447973506742, 49.9531410385, 44.4476426524, 3.38281245519, 1.4929910178, 39.0978414282, 360.124046659, 0.467483767281, 0.410256410256
0.546351836603, 1.20246637211, 3.14282893721, 0.469111066609, 40.7323675446, 40.2564258522, 3.86159519633, 4.77819819541, 37.8131217651, 828.917694284, 0.480210271682, 0.0
0.546351836603, 1.20246637211, 3.14282893721, 0.469111066609, 40.7323675446, 40.2564258522, 3.86159519633, 2.69511998847, 41.768411239, 815.414392339, 0.4702805125, 0.00934579439252
0.691540031752, 1.18664325507, 4.33957087145, 0.496274910925, 17.4759774182, 43.5447081756, 2.04428555697, 1.28366651439, 28.5580679688, 864.342674505, 0.468815809288, 0.0
0.615923916651, 1.15448930777, 2.2520875513, 0.469027245841, 8.95164276532, 40.1976028117, 3.61298477282, 3.29980269864, 40.4151497683, 444.441040446, 0.490308953148, 0.00531914893617
0.512258119374, 1.2324045054, 2.44524636208, 0.488101826949, 34.5615694371, 41.402657666, 3.57879148237, 1.78246784091, 27.0899068072, 503.02149263, 0.493770242298, 0.0
0.599247509646, 0.898509002065, 2.01448959144, 0.447973506742, 37.728762486, 45.5260727805, 2.62427303226, 1.4929910178, 37.8131217651, 283.149889727, 0.481565825284, 0.48046875
0.524072508041, 1.24209816247, 2.11474829627, 0.492596223512, 48.4215190551, 45.6364234825, 2.19947464211, 1.78246784091, 35.1812457478, 371.86623272, 0.482448401375, 0.242038216561
0.560756830218, 0.873768567535, 2.99815571396, 0.336862404266, 29.4842067481, 44.6034185071, 2.07693407822, 1.94821509357, 23.5652630876, 356.301606919, 0.498829813726, 0.471861471861
0.599247509646, 0.898509002065, 2.01448959144, 0.447973506742, 37.728762486, 45.5260727805, 2.62427303226, 1.4929910178, 37.8131217651, 285.659617718, 0.477177677293, 0.477732793522
0.535656654598, 0.988559326201, 2.29280705693, 0.35040507552, 37.3254242183, 45.6364234825, 3.74640008649, 1.78246784091, 35.1812457478, 410.536365826, 0.450730605443, 0.439667128988
0.524091521426, 1.08353979287, 2.3649703606, 0.490819888592, 30.7605980142, 48.9606293878, 3.33183748583, 1.44145702823, 39.0596303813, 460.306369138, 0.435055881818, 0.538167938931
0.524072508041, 1.05286531084, 2.04475759277, 0.436205421752, 15.5931907919, 47.4223833643, 3.07011397943, 1.65111486139, 32.1168013335, 409.057908456, 0.464768247171, 0.269709543568
0.516662242968, 0.927471789934, 2.88179587231, 0.470526259181, 35.8207310911, 45.0903582164, 3.76359278421, 1.7999073915, 40.8655824136, 556.699985035, 0.44001955855, 0.276
0.510227102067, 0.988559326201, 2.29280705693, 0.35040507552, 37.3254242183, 45.6364234825, 3.74640008649, 1.11248119828, 35.1812457478, 430.182091868, 0.435029231552, 0.544247787611
0.589491161201, 1.13520634263, 2.0591193454, 0.396733259494, 13.1205597925, 40.0208302335, 2.62427303226, 1.30202858444, 40.5176531461, 380.910917593, 0.463092347968, 0.473429951691
0.512258119374, 0.937935103013, 2.94392364634, 0.381588800068, 11.3231684459, 46.416664159, 2.71440190128, 1.60003522849, 37.833935267, 427.748824622, 0.445125693473, 0.0979020979021
0.524072508041, 1.05286531084, 2.04475759277, 0.432610122686, 15.5931907919, 47.4223833643, 3.07011397943, 1.98518504205, 27.8521925986, 381.713541042, 0.437771431032, 0.485312899106
0.516662242968, 0.927471789934, 2.88179587231, 0.470526259181, 24.2483457933, 43.3527638057, 3.76359278421, 1.7999073915, 40.8655824136, 521.68691972, 0.437668187442, 0.444297082228
0.524261427847, 1.11818807662, 2.27253296399, 0.400583773845, 0.706277488938, 49.5582460064, 3.93522969368, 1.07477979711, 36.2544772499, 409.698337295, 0.505266391803, 0.031862745098
0.570567009098, 0.937935103013, 2.94392364634, 0.381588800068, 11.3231684459, 46.416664159, 2.71440190128, 1.60003522849, 37.833935267, 392.156882245, 0.47721747524, 0.302197802198
0.516662242968, 0.843441759362, 3.85565284126, 0.470526259181, 35.8207310911, 45.0903582164, 3.76359278421, 1.7999073915, 40.8655824136, 670.382019487, 0.44009589605, 0.229314420804
0.52186881913, 1.11818807662, 2.59554053971, 0.449030984314, 0.706277488938, 46.9171209163, 3.72290703158, 1.07477979711, 36.2544772499, 502.317302465, 0.486366971858, 0.0437017994859
0.524091521426, 1.16429490487, 2.2425263468, 0.441185030776, 30.7605980142, 47.5636330107, 2.57207488666, 1.44145702823, 38.0989048026, 440.26652175, 0.432375439812, 0.572438162544
0.570567009098, 0.874594809017, 2.44524636208, 0.427310213682, 22.8728426588, 43.2615058075, 3.57879148237, 1.78246784091, 26.3281238987, 380.081562872, 0.486655372129, 0.0755813953488
0.692039296127, 1.10380433467, 3.89020280489, 0.477453165488, 16.9415179949, 44.0334690084, 2.44860491972, 1.06358276035, 28.1837794366, 551.903818308, 0.442920339544, 0.4440433213
0.512258119374, 0.988559326201, 2.44524636208, 0.488101826949, 34.5615694371, 41.402657666, 3.57879148237, 1.78246784091, 27.0899068072, 435.608478449, 0.438216502658, 0.474025974026
0.544014121356, 1.17603623643, 2.29296164144, 0.214731378803, 1.02938530647, 40.604011122, 2.42020363255, 1.5487200312, 31.4732951953, 377.001504989, 0.442188276242, 0.5140562249
0.560756830218, 0.839337141401, 4.50083886492, 0.336862404266, 29.4842067481, 44.6034185071, 2.07693407822, 1.94821509357, 23.5652630876, 366.460771755, 0.466978800939, 0.531100478469
0.512258119374, 0.914173250516, 2.42776160411, 0.444564742298, 24.1571804476, 44.4476426524, 2.94503052746, 1.51036724101, 30.5875969505, 309.210728435, 0.455934006716, 0.558620689655
0.691540031752, 0.973354030431, 2.2520875513, 0.49844981234, 17.4759774182, 43.5447081756, 2.04428555697, 1.51036724101, 28.5580679688, 264.821636821, 0.593726727965, 0.109489051095
0.724678807803, 0.832370934777, 2.37079868347, 0.450649996353, 43.6344896881, 45.5260727805, 2.1785517981, 3.50187252614, 31.4607052093, 283.334946846, 0.60684031755, 0.0113636363636
0.691540031752, 0.973354030431, 2.2520875513, 0.49844981234, 17.4759774182, 43.5447081756, 2.04428555697, 1.28366651439, 28.5580679688, 294.808983368, 0.639389585338, 0.0
0.599247509646, 1.16132406858, 2.0591193454, 0.330586252104, 10.4564703003, 43.1189074259, 2.62427303226, 2.94722325494, 37.8131217651, 282.83050254, 0.554925769675, 0.014598540146
0.524072508041, 0.83225322015, 2.04475759277, 0.432610122686, 15.5931907919, 47.4223833643, 2.93731459845, 0.013507194118, 27.8521925986, 313.8951705, 0.517840762634, 0.0657894736842
0.599247509646, 1.05780989454, 2.0591193454, 0.330586252104, 37.728762486, 41.3928133691, 2.62427303226, 2.21914342228, 37.8131217651, 301.226070071, 0.518566153154, 0.130769230769
0.524072508041, 0.83225322015, 2.04475759277, 0.432610122686, 15.5931907919, 47.4223833643, 2.93731459845, 0.0515963520559, 27.8521925986, 274.959037869, 0.560757863304, 0.121212121212
0.599533534737, 0.914173250516, 2.42776160411, 0.444564742298, 24.1571804476, 47.1177356806, 2.94503052746, 1.51036724101, 37.833935267, 297.059000508, 0.548009155127, 0.0
0.524072508041, 1.05286531084, 2.04475759277, 0.436205421752, 15.5931907919, 47.4223833643, 3.07011397943, 1.98518504205, 32.1168013335, 360.340443038, 0.538445483482, 0.0309278350515
0.560756830218, 0.873768567535, 2.99815571396, 0.336862404266, 29.4842067481, 44.6034185071, 2.07693407822, 1.94821509357, 23.5652630876, 358.539874715, 0.509866935644, 0.357142857143
0.599247509646, 1.16132406858, 2.0591193454, 0.330586252104, 10.4564703003, 43.1189074259, 2.62427303226, 2.94722325494, 37.8131217651, 362.387734641, 0.513793195131, 0.0
0.519831748414, 1.03776109974, 3.22779712213, 0.442568998772, 15.2405104772, 42.4058154049, 2.75245578552, 1.35824594238, 34.7688802497, 680.974916503, 0.435192290773, 0.386206896552
0.615923916651, 0.914173250516, 2.42776160411, 0.444564742298, 24.1571804476, 44.4476426524, 2.94503052746, 1.46587982977, 30.5875969505, 252.091413018, 0.535286316091, 0.497093023256
0.599247509646, 0.898509002065, 2.0591193454, 0.330586252104, 37.728762486, 41.3928133691, 2.62427303226, 4.77819819541, 37.8131217651, 288.151893844, 0.539878027687, 0.198675496689
0.589491161201, 1.13520634263, 5.3727926105, 0.396733259494, 13.1205597925, 40.0208302335, 3.06434360331, 1.30202858444, 40.5176531461, 1419.73688041, 0.429393039973, 0.545232273839
0.614377987552, 1.00239473851, 4.99523365357, 0.455774481174, 37.246726968, 46.1255500786, 3.86159519633, 1.18554467235, 39.0693304685, 1019.53540608, 0.418510153797, 0.637996219282
0.691540031752, 1.18664325507, 4.85420442023, 0.496274910925, 17.4759774182, 43.5447081756, 2.04428555697, 1.28366651439, 28.5580679688, 983.144425502, 0.492600363781, 0.0
0.697511095346, 0.985895178235, 2.37955419845, 0.31521124983, 8.4145828011, 42.3065165401, 2.1785517981, 0.00695600711777, 20.226027544, 265.135680951, 0.631170670999, 0.31970260223
0.545071046081, 1.238382852, 7.55906349556, 0.488739995601, 23.7379453556, 44.1781380244, 3.46211853984, 1.35276070383, 40.1056241758, 2533.88686133, 0.437767652224, 0.605532786885
0.545071046081, 1.238382852, 5.3727926105, 0.481553680463, 11.3260089569, 45.072127764, 3.46211853984, 1.30202858444, 40.1056241758, 1498.17994352, 0.439269438336, 0.584737363726
0.697511095346, 0.985895178235, 2.37955419845, 0.31521124983, 8.4145828011, 45.9395480547, 2.10512800119, 0.0407594481086, 24.5854981124, 269.729817896, 0.61647107918, 0.196721311475
0.724678807803, 0.832370934777, 2.37079868347, 0.450649996353, 43.6344896881, 45.5260727805, 2.1785517981, 2.36931337714, 31.4607052093, 302.617636316, 0.58750636396, 0.358490566038
0.589491161201, 1.13520634263, 5.3727926105, 0.396733259494, 6.17519491826, 40.0208302335, 3.06434360331, 0.527532431887, 40.5176531461, 1331.55803799, 0.470619654005, 0.0114285714286
0.52186881913, 1.11818807662, 2.59554053971, 0.449030984314, 0.706277488938, 46.9171209163, 3.72290703158, 1.07477979711, 36.2544772499, 548.978924038, 0.465036669133, 0.216216216216
0.549006712877, 1.12398155377, 5.36669660376, 0.490819888592, 34.5615694371, 41.402657666, 3.33183748583, 1.91472234165, 30.0049336909, 1342.0852368, 0.469344350938, 0.0619834710744
0.811200523093, 1.05286531084, 2.04475759277, 0.432610122686, 15.5931907919, 47.4223833643, 3.07011397943, 1.98518504205, 32.1168013335, 370.840457106, 0.51223452101, 0.461832061069
0.614377987552, 1.00239473851, 4.99523365357, 0.455774481174, 30.844762174, 46.1255500786, 3.72999246728, 1.18554467235, 39.0693304685, 921.988002421, 0.440216372392, 0.57217847769
0.524091521426, 1.08353979287, 2.94392364634, 0.490819888592, 43.042828554, 48.9606293878, 3.33183748583, 1.44145702823, 39.0596303813, 666.380498082, 0.45726236385, 0.4128113879
0.516662242968, 0.927471789934, 2.88179587231, 0.403307706776, 13.0862991467, 45.0903582164, 3.76359278421, 1.7999073915, 40.4933473629, 511.923066798, 0.478770658169, 0.252155172414
0.51254604313, 0.879987611283, 4.50083886492, 0.457133768241, 41.3966473118, 41.7363500042, 3.25465290354, 1.96772884728, 39.4739862335, 806.51753381, 0.441042084116, 0.354723707665
0.516662242968, 0.927471789934, 2.88179587231, 0.470526259181, 35.8207310911, 45.0903582164, 3.76359278421, 1.7999073915, 40.8655824136, 490.541137703, 0.499222307231, 0.0434782608696
0.639660252838, 0.844604475352, 2.42776160411, 0.444564742298, 24.1571804476, 44.4476426524, 2.10295223856, 4.33839716232, 30.5875969505, 280.208953307, 0.563482195141, 0.381165919283
0.639660252838, 0.914173250516, 2.42776160411, 0.444564742298, 24.1571804476, 44.4476426524, 2.94503052746, 1.51036724101, 30.5875969505, 322.436183255, 0.522473660929, 0.27807486631
0.51254604313, 0.879987611283, 4.50083886492, 0.481563816633, 22.5168355037, 43.5230912791, 3.25465290354, 1.75175920633, 39.4739862335, 707.761941954, 0.47199761651, 0.213381555154
0.513642108809, 0.948165167657, 2.55421473043, 0.492596223512, 21.2960245625, 40.6818559347, 2.05064791134, 0.165467460869, 25.2535169309, 340.280437636, 0.555209532828, 0.0961538461538
0.549006712877, 1.12398155377, 5.36669660376, 0.392082878468, 22.8728426588, 43.2615058075, 2.57207488666, 1.91472234165, 30.0049336909, 996.293642586, 0.460429482726, 0.185430463576
0.513642108809, 0.948165167657, 2.55421473043, 0.492596223512, 21.2960245625, 40.6818559347, 2.05064791134, 0.165467460869, 25.2535169309, 304.330846642, 0.542710576837, 0.158823529412
0.697511095346, 0.985895178235, 2.37955419845, 0.31521124983, 8.4145828011, 42.3065165401, 2.1785517981, 0.0407594481086, 24.5854981124, 322.711292453, 0.572405737256, 0.104166666667
0.631375133843, 1.14667237203, 2.01621784578, 0.478903146039, 25.9471798768, 46.2189961456, 3.01098201958, 2.63897319187, 37.6843150315, 413.811177303, 0.494927831665, 0.128834355828
0.501071876049, 0.937935103013, 2.94392364634, 0.296105574167, 25.1746190133, 46.416664159, 2.71440190128, 1.60003522849, 37.833935267, 462.035291561, 0.509001840789, 0.00877192982456
0.599247509646, 1.05780989454, 2.0591193454, 0.470526259181, 24.2483457933, 41.3928133691, 2.62427303226, 2.21914342228, 37.5944464644, 397.112384923, 0.489927214695, 0.262773722628
0.570567009098, 0.874594809017, 2.44524636208, 0.427310213682, 22.8728426588, 43.2615058075, 3.57879148237, 1.78246784091, 27.0899068072, 379.12548483, 0.517007050459, 0.0196721311475
0.51254604313, 0.879987611283, 4.50083886492, 0.457133768241, 46.645609049, 41.7363500042, 3.25465290354, 1.96772884728, 39.4739862335, 746.653319734, 0.471106398256, 0.144736842105
