0.609132910565, 0.858597889412, 2.10623929167, 0.471448306665, 8.15174264272, 39.832797296, 0.950733775812, 4.07207220983, 21.3619632326, 111.856115577, 0.532657236424, 0.0666666666667
0.244442945981, 0.897343938754, 2.90994750365, 0.454627788336, 24.6579509963, 11.633215762, 0.893969452056, 4.4307950738, 27.3366644102, 134.452568844, 0.0524497009618, 0.0
0.173323785974, 1.00597262015, 2.89668775266, 0.433805601842, 98.932043029, 3.1809785848, 3.63754939677, 4.80818454545, 32.4929287423, 512.202471042, 0.0313632477524, 0.0
0.126287244926, 1.0092432813, 2.53767972808, 0.54426211811, 3.72408055925, 3.41720355732, 0.683509100329, 3.62752575409, 36.3530166973, 178.087000662, 0.0371618670522, 0.222222222222
0.118071275126, 0.837545850757, 2.73208725087, 0.579446565295, 30.6989942048, 8.14256552441, 0.938480486212, 2.43497278154, 33.8444247761, 187.00073601, 0.0322671422742, 0.0
0.478574955506, 0.985702017709, 2.281828563, 0.40591671383, 92.741099049, 39.598454655, 0.883895436564, 0.564311424626, 28.6609821622, 82.3057993369, 0.564861929921, 0.125
0.609132910565, 0.858597889412, 2.90994750365, 0.471448306665, 8.15174264272, 10.9048477615, 0.950733775812, 4.07207220983, 17.6555886954, 130.90759055, 0.432094124026, 0.304347826087
0.118071275126, 0.837545850757, 2.73208725087, 0.406858597863, 30.6989942048, 8.14256552441, 0.938480486212, 2.43497278154, 33.8444247761, 122.794653308, 0.199727549527, 0.538461538462
0.451256521394, 0.826312427321, 2.27813968476, 0.424993816019, 14.2868336022, 4.37746052805, 0.360353440608, 3.97827898221, 31.4707586183, 95.9611650668, 0.241518209654, 0.45
0.227877260883, 0.938203625395, 4.02945291741, 0.40505371227, 3.60320967895, 1.98324408499, 2.54414317214, 1.86831020058, 33.2466256508, 487.91273203, 0.0308062534153, 0.314720812183
0.236494851855, 0.963423560339, 2.00147900471, 0.601461316841, 48.2927944895, 39.9716386744, 0.921594053516, 1.284529997, 37.0828919311, 129.672465898, 0.432151727235, 0.111111111111
0.478574955506, 0.985702017709, 2.281828563, 0.40591671383, 92.741099049, 39.598454655, 0.883895436564, 0.564311424626, 28.6609821622, 116.887162671, 0.536969562256, 0.2
0.118071275126, 0.837545850757, 2.73208725087, 0.406858597863, 30.6989942048, 8.14256552441, 0.938480486212, 2.43497278154, 33.8444247761, 159.656232684, 0.073265347554, 0.275862068966
0.776289866589, 0.837545850757, 2.77862137533, 0.477984389997, 80.7919945186, 7.18569692807, 0.131685925605, 4.81438458562, 18.7165207263, 148.138347826, 0.205753102362, 0.0
0.874990548883, 1.19315181053, 2.39031917329, 0.629678262065, 74.2050317282, 2.18344156165, 0.10336476011, 2.15783720242, 22.531422558, 172.519075827, 0.0882078972978, 0.0
0.765292914208, 0.91643146467, 2.66502598307, 0.438027919675, 29.0480093999, 19.103627698, 0.452437122103, 0.884154222934, 13.4589352211, 135.40868866, 0.432066140899, 0.0
0.126287244926, 0.856105406131, 2.53767972808, 0.54426211811, 3.72408055925, 3.41720355732, 0.683509100329, 2.5648444517, 36.3530166973, 163.527937344, 0.0668717192453, 0.392857142857
0.47017207815, 1.18191585782, 2.21644230683, 0.559209093177, 67.69083266, 29.8088370085, 0.205732409764, 1.86647671357, 42.9444996477, 142.092120633, 0.415859189153, 0.0
0.116273519734, 1.0092432813, 2.10623929167, 0.439326980752, 13.1184789006, 9.66270809092, 3.45829097833, 3.62752575409, 16.0049236978, 284.747176284, 0.0576806290891, 0.0262582056893
0.227877260883, 0.938203625395, 4.02945291741, 0.40505371227, 48.2927944895, 1.98324408499, 0.921594053516, 1.284529997, 33.2466256508, 313.321290058, 0.0472559851189, 0.52380952381
0.126287244926, 0.856105406131, 6.99431947289, 0.54426211811, 39.4024872351, 3.41720355732, 0.486963488414, 2.5648444517, 43.4805116036, 459.693497523, 0.0360165505656, 0.166666666667
0.25546684748, 0.94196295823, 4.44104260614, 0.655215644306, 2.38345459841, 5.13284538144, 1.80122148375, 3.39584613783, 37.2582161877, 364.106450289, 0.0413361960725, 0.0
0.210227861445, 0.881153349408, 3.33283178753, 0.441554218166, 15.1007322591, 6.24526047219, 1.02583464609, 4.1023009872, 39.1716802415, 277.723867553, 0.0683540022571, 0.0
0.653384911543, 0.820430193378, 2.93752651934, 0.460846115875, 71.5359258227, 27.3124935335, 0.855332072954, 4.99350137855, 7.63634102268, 114.962764823, 0.638946910432, 0.222222222222
0.776289866589, 1.06354457932, 2.77862137533, 0.477984389997, 45.5404210895, 7.18569692807, 0.131685925605, 0.841982479501, 18.7931945165, 122.677182619, 0.311169046344, 0.466666666667
0.108580410943, 0.856105406131, 6.99431947289, 0.54426211811, 39.4024872351, 3.41720355732, 3.74604613491, 2.5648444517, 43.4805116036, 930.032057105, 0.0351878192627, 0.354933726068
0.765292914208, 0.91643146467, 2.66502598307, 0.438027919675, 72.5050169838, 19.103627698, 0.452437122103, 0.884154222934, 13.4589352211, 133.045382523, 0.586065562949, 0.315789473684
0.320062414042, 0.921981128503, 2.82908052863, 0.42515186186, 29.0480093999, 29.1115746807, 0.824679119108, 4.40230404949, 30.2484745322, 169.535037913, 0.330892811303, 0.0
0.159660612201, 0.828315717155, 3.50176013749, 0.461821770538, 25.6432289436, 16.355504005, 0.578687972432, 3.57548787811, 35.0115272298, 184.268739388, 0.169287808765, 0.0
0.173808691989, 0.82186242846, 4.44104260614, 0.595189935652, 43.0565426096, 15.6255044968, 0.455601833286, 3.39584613783, 29.7709136955, 194.32541168, 0.10137304782, 0.0769230769231
0.836067185232, 0.95940448995, 2.3787542656, 0.565887091657, 21.3033591249, 3.28937705278, 1.99356211678, 2.42534593229, 7.3906462581, 210.187278828, 0.115924856366, 0.0357142857143
0.159660612201, 0.828315717155, 3.50176013749, 0.461821770538, 25.6432289436, 16.355504005, 0.578687972432, 3.57548787811, 35.0115272298, 180.622110037, 0.130651026443, 0.5
0.451256521394, 0.826312427321, 3.18964452, 0.424993816019, 14.2868336022, 4.37746052805, 0.360353440608, 3.97827898221, 31.4707586183, 251.226863468, 0.0987250584125, 0.416666666667
0.532058164064, 1.18191585782, 2.21644230683, 0.559209093177, 50.4946743347, 29.8088370085, 0.205732409764, 1.86647671357, 32.2713147186, 160.617958913, 0.421642082566, 0.363636363636
0.800776860588, 1.12239074905, 2.94754696004, 0.572880043193, 72.5050169838, 24.4996437213, 0.452437122103, 0.884154222934, 13.4589352211, 144.222654984, 0.483576698832, 0.12
0.653384911543, 0.820430193378, 4.05234394099, 0.460846115875, 71.5359258227, 27.3124935335, 0.855332072954, 4.99350137855, 38.0865618993, 162.667895383, 0.46514395748, 0.0
0.165978955164, 0.895715300836, 2.51314278684, 0.408812737713, 18.2004255439, 4.76066198868, 3.60702496156, 4.46886611699, 22.6573300683, 363.846832255, 0.0595207715022, 0.134171907757
0.195639530992, 0.895715300836, 2.51314278684, 0.565823179029, 18.2004255439, 4.76066198868, 3.60702496156, 4.46886611699, 35.5343701383, 415.651574556, 0.0664174125159, 0.0792291220557
0.227877260883, 0.938203625395, 4.02945291741, 0.40505371227, 3.60320967895, 1.98324408499, 2.54414317214, 1.86831020058, 33.2466256508, 549.687040544, 0.0497157052362, 0.629722921914
0.360127066059, 1.00597262015, 3.7372504214, 0.433805601842, 98.932043029, 3.1809785848, 3.99802134803, 4.80818454545, 32.4929287423, 621.842655379, 0.0547796429385, 0.0
0.227877260883, 0.938203625395, 4.02945291741, 0.40505371227, 21.2637615414, 1.98324408499, 2.54414317214, 1.86831020058, 39.0843511787, 606.905298121, 0.0450617590666, 0.635327635328
0.394852918823, 1.02309405681, 2.95565408152, 0.579215878694, 1.38099446727, 9.96737962417, 2.2427157342, 3.75370543598, 29.1541117609, 461.696538983, 0.140905694697, 0.0169491525424
0.106484355766, 1.09865414078, 2.42147801912, 0.49681032511, 72.257404454, 8.63663976472, 2.69400948949, 3.92499232299, 13.2005258336, 293.085837592, 0.0744893677578, 0.194444444444
0.492399956908, 0.826649766227, 8.3664053634, 0.694917236646, 62.5709695038, 9.66270809092, 0.955874802056, 3.99974843935, 33.8706460225, 583.130292595, 0.0685676522642, 0.0
0.178857826656, 0.891380876144, 4.42826286322, 0.417720135864, 11.6348574286, 18.7383616944, 1.00706665644, 4.1023009872, 34.8445126328, 389.227065562, 0.152770399204, 0.0
0.320062414042, 0.921981128503, 2.82908052863, 0.42515186186, 29.0480093999, 29.1115746807, 0.942879554691, 4.40230404949, 30.2484745322, 146.83208501, 0.436838989866, 0.466666666667
0.800776860588, 0.91643146467, 2.94754696004, 0.572880043193, 72.5050169838, 24.4996437213, 0.452437122103, 0.884154222934, 13.4589352211, 135.889381859, 0.669832270346, 0.526315789474
0.236494851855, 0.963423560339, 2.00147900471, 0.601461316841, 3.60320967895, 39.9716386744, 2.54414317214, 1.86831020058, 37.0828919311, 322.943830614, 0.303823181504, 0.0
0.623872309237, 0.841605666608, 3.29905216125, 0.568935211328, 50.8599421784, 18.3274758145, 1.07684793752, 4.47398967856, 7.24000994679, 227.662370378, 0.312899587681, 0.0
0.368536191377, 1.12296213688, 3.39335298408, 0.619236789188, 93.9633787988, 27.6623853728, 0.933310476185, 3.24351108103, 28.6012058341, 190.673763468, 0.446745956481, 0.2
0.116273519734, 1.0092432813, 2.10623929167, 0.439326980752, 98.2016392, 39.832797296, 3.45829097833, 3.62752575409, 16.0049236978, 275.918056022, 0.202009605106, 0.0136612021858
0.211820188889, 0.889547550098, 4.16260542658, 0.666540762649, 49.4292439859, 38.7652383539, 1.33948359133, 1.52088316851, 31.6015465254, 369.096158317, 0.194608314019, 0.0
0.224590969797, 1.12511250746, 2.28239075277, 0.54998723184, 14.1079507159, 11.9411139751, 1.26463516459, 1.98079665251, 11.6913848938, 184.86119947, 0.176455450594, 0.29347826087
0.312875025071, 0.888590259115, 3.00124938568, 0.529479989644, 8.75359940881, 7.55973775149, 1.32570527873, 1.32775636094, 32.822804506, 295.362509106, 0.109370771851, 0.184210526316
0.389663962067, 0.921579549058, 2.39031917329, 0.415837525837, 5.33282459902, 19.1086956574, 1.99356211678, 3.36715630349, 18.9298975094, 213.986611003, 0.337850140586, 0.128205128205
0.312875025071, 0.863172362591, 3.00124938568, 0.430379227324, 8.75359940881, 7.55973775149, 1.32570527873, 1.32775636094, 32.822804506, 275.975759997, 0.141920952951, 0.151515151515
0.159660612201, 0.828315717155, 3.50176013749, 0.461821770538, 25.6432289436, 26.4683599921, 0.578687972432, 3.57548787811, 35.0115272298, 225.065405251, 0.184284644177, 0.0666666666667
0.151313773053, 0.932767563371, 3.09995139664, 0.40731233681, 28.9351127857, 11.9614958828, 1.91685550125, 2.22540315937, 25.5102529409, 276.113169366, 0.154316268386, 0.125
0.224590969797, 1.12511250746, 2.28239075277, 0.54998723184, 21.2637615414, 11.9411139751, 1.26463516459, 1.98079665251, 11.6913848938, 243.969496663, 0.148640158283, 0.25
0.224590969797, 1.12511250746, 2.28239075277, 0.54998723184, 3.60320967895, 11.9411139751, 1.26463516459, 1.98079665251, 11.6913848938, 234.214318708, 0.158328290047, 0.529411764706
0.451256521394, 1.04603563834, 3.18964452, 0.424993816019, 14.2868336022, 4.37746052805, 0.360353440608, 3.97827898221, 31.4707586183, 231.211519214, 0.15266553321, 0.594594594595
0.118071275126, 1.06354457932, 2.73208725087, 0.406858597863, 30.6989942048, 8.14256552441, 0.938480486212, 2.43497278154, 33.8444247761, 258.997372972, 0.121873616169, 0.428571428571
0.698109322955, 0.889547550098, 4.16260542658, 0.537587700993, 49.4292439859, 38.7652383539, 0.611025986136, 2.77197327535, 31.6015465254, 208.363231582, 0.502510014539, 0.0
0.394517249134, 0.985702017709, 2.281828563, 0.40591671383, 92.741099049, 39.598454655, 0.883895436564, 0.564311424626, 28.6609821622, 167.296564339, 0.525581594056, 0.277777777778
0.828745438309, 1.13789017509, 2.00147900471, 0.508503448725, 46.9731118337, 43.2930325212, 0.921594053516, 4.03586277653, 27.2228515393, 169.433633384, 0.655028048815, 0.0
0.503382942648, 0.967754729505, 3.09995139664, 0.461821770538, 28.9351127857, 26.4683599921, 0.578687972432, 3.10850328779, 35.0115272298, 188.126196312, 0.511968587427, 0.2
0.178857826656, 0.891380876144, 6.17191985944, 0.417720135864, 11.6348574286, 18.7383616944, 0.978851531289, 4.84631685195, 34.8445126328, 366.11939657, 0.0647244376633, 0.333333333333
0.195639530992, 0.895715300836, 2.51314278684, 0.565823179029, 18.2004255439, 4.76066198868, 3.60702496156, 4.46886611699, 35.5343701383, 403.375144799, 0.0847623037031, 0.194357366771
0.714993006595, 0.911967912959, 4.08887590164, 0.531717280046, 6.08987133442, 2.89753080656, 2.28923542483, 2.60111761893, 14.1335696782, 439.270660227, 0.140312120661, 0.163120567376
0.283388364081, 0.835415209805, 4.3250289187, 0.482685052495, 13.42063265, 4.85713151941, 2.69530303182, 3.73005687219, 40.8799139724, 508.344791488, 0.0967395409262, 0.148571428571
0.210227861445, 0.95940448995, 3.33283178753, 0.441554218166, 21.3033591249, 3.28937705278, 1.02583464609, 4.1023009872, 39.1716802415, 359.061402822, 0.0883547817369, 0.536082474227
0.25546684748, 0.989444971448, 3.19381552223, 0.542544584331, 2.38345459841, 5.13284538144, 1.80122148375, 4.84727051777, 23.2780930227, 294.945865184, 0.103276920786, 0.25
0.210227861445, 0.881153349408, 3.33283178753, 0.441554218166, 15.1007322591, 6.24526047219, 1.02583464609, 4.1023009872, 39.1716802415, 293.172992146, 0.131613701093, 0.344262295082
0.178857826656, 0.891380876144, 4.42826286322, 0.417720135864, 11.6348574286, 18.7383616944, 0.978851531289, 4.84631685195, 34.8445126328, 325.658702417, 0.0929609901698, 0.5
0.203157518205, 0.994179639681, 5.8752937837, 0.682476488062, 95.7050229689, 8.37884612838, 3.62726640176, 3.28932365845, 21.0975751114, 915.261207257, 0.0935843991842, 0.0378250591017
0.854112490385, 1.00597262015, 3.7372504214, 0.433805601842, 98.932043029, 3.1809785848, 3.99802134803, 4.80818454545, 32.4929287423, 666.815007734, 0.126900051058, 0.00448430493274
0.360127066059, 1.00597262015, 3.7372504214, 0.433805601842, 98.932043029, 3.1809785848, 3.99802134803, 4.80818454545, 32.4929287423, 698.913856276, 0.0885058442781, 0.172557172557
0.173323785974, 0.846963744361, 5.58331435431, 0.44513697489, 4.98588846358, 11.633215762, 3.21900339885, 3.06057394075, 22.4828623561, 724.940553143, 0.100084387788, 0.0241286863271
0.266533759718, 0.841034481771, 4.29965649059, 0.627103058289, 6.22104521128, 12.4419212566, 3.81765236127, 1.01388871893, 26.4955654442, 599.531087162, 0.150554764456, 0.0123076923077
0.283388364081, 0.835415209805, 8.53104769725, 0.552563754441, 13.42063265, 4.85713151941, 2.69530303182, 3.09244666435, 39.8587736057, 951.778978541, 0.0873666364776, 0.101449275362
0.348364311842, 1.11741507019, 4.3250289187, 0.693625676612, 41.5934062483, 8.63663976472, 3.27993121998, 3.73005687219, 2.26610983041, 649.3135249, 0.11520978792, 0.0428134556575
0.410385934052, 1.02829897481, 2.33018634499, 0.422285687353, 18.605196958, 13.5447706248, 2.49181989388, 2.22660684711, 35.7008091104, 401.116858795, 0.194277151275, 0.0227272727273
0.354573792768, 1.10103029094, 8.68464936206, 0.561009150469, 28.4262191906, 12.6520064413, 2.04524379524, 4.73756130911, 35.6822969736, 1667.80421203, 0.189626059335, 0.0
0.478574955506, 0.985702017709, 2.281828563, 0.40591671383, 43.0565426096, 39.598454655, 0.883895436564, 3.39584613783, 28.6609821622, 148.182757838, 0.466348574192, 0.5
0.452936366109, 1.15758989967, 5.97465623626, 0.654657886178, 21.7437157621, 11.8489926865, 1.78362844678, 3.68435992202, 35.0476302762, 750.731525153, 0.216388672563, 0.0
0.795819328701, 0.828115496695, 2.1689327306, 0.414385764851, 1.14648966899, 27.0185060127, 1.79933090453, 4.75339472407, 34.4306083226, 176.440410382, 0.626226496266, 0.420560747664
0.186189787132, 1.08333478132, 2.78185989671, 0.47613481132, 69.0452921281, 9.30470958372, 1.35824227948, 4.40370133864, 2.50258953838, 331.276728965, 0.121442252284, 0.666666666667
0.203157518205, 0.994179639681, 5.8752937837, 0.682476488062, 95.7050229689, 5.66576451883, 3.62726640176, 3.28932365845, 24.2662531211, 1040.85884136, 0.0980133951057, 0.235772357724
0.653384911543, 0.820430193378, 4.05234394099, 0.460846115875, 71.5359258227, 27.3124935335, 0.855332072954, 4.99350137855, 7.63634102268, 165.88543719, 0.583851003451, 0.65
0.283388364081, 0.835415209805, 8.53104769725, 0.552563754441, 13.42063265, 4.85713151941, 2.69530303182, 3.09244666435, 40.3560109879, 958.725942398, 0.11463489357, 0.234042553191
0.850012196629, 1.19315181053, 9.95130071896, 0.629678262065, 74.2050317282, 2.18344156165, 0.10336476011, 2.15783720242, 1.10417599656, 828.252977092, 0.0987309141841, 0.461538461538
0.173323785974, 0.846963744361, 5.99686819471, 0.44513697489, 4.98588846358, 11.633215762, 3.21900339885, 3.06057394075, 22.4828623561, 712.800265935, 0.121481612252, 0.180781758958
0.195639530992, 1.02436929784, 6.96890761171, 0.521882045331, 25.4403453075, 42.5599712454, 1.42571223355, 3.4143885237, 3.86117502697, 547.00002131, 0.249972263052, 0.0
0.647211184734, 0.820430193378, 2.93752651934, 0.460846115875, 71.5359258227, 27.3124935335, 0.855332072954, 4.99350137855, 17.6555886954, 188.8198087, 0.482990078356, 0.575757575758
0.564316932389, 0.850503997067, 2.62063430384, 0.503962739538, 6.89922411901, 37.7958268401, 1.9319994651, 4.72213300396, 19.2128973929, 210.759953558, 0.512710354996, 0.03125
0.828745438309, 1.13789017509, 2.00147900471, 0.508503448725, 46.9731118337, 43.2930325212, 0.921594053516, 4.03586277653, 27.2228515393, 184.816350182, 0.572980714629, 0.277777777778
0.112807545355, 1.01117721818, 7.17560129983, 0.635024904404, 56.7301623236, 19.7519857827, 0.503013752835, 2.51446297887, 25.0376081929, 477.105774096, 0.161556277216, 0.153846153846
0.698109322955, 0.889547550098, 4.16260542658, 0.537587700993, 49.4292439859, 38.7652383539, 0.611025986136, 2.77197327535, 31.6015465254, 268.688534871, 0.449478135364, 0.111111111111
0.836067185232, 0.95940448995, 2.3787542656, 0.565887091657, 21.3033591249, 3.28937705278, 1.73993372004, 2.42534593229, 7.3906462581, 195.662893804, 0.270964667393, 0.513513513514
0.186189787132, 1.0388422462, 2.78560076904, 0.47613481132, 69.0452921281, 24.6741124355, 1.35824227948, 4.40370133864, 2.50258953838, 225.690492991, 0.182076933998, 0.395348837209
