3.69629019541, 1.23928032363, 1.27656631229, 1.14150225759, 6.39060592804, 1.17800437339, 2.43433832723, 0.866658144721, 1.06269702211, 5.74740548783, 2.52838638542, 0.900515438274, 3.04930385886, 1.14780625801, 0.926169521764, 1.30360782555, 1.12316491433, 0.955103434103, 3.9874733558, 1.11543848378, 0.813208219955, 108.322238161, 0.9469596094, 4.92778174776, 1.04364067361, 3.22953836392, 1.25614116097, 125.663170036, 21.6150103625, 123.430911836, 0.0
3.1873676499, 1.0034134224, 0.776916539472, 1.03412797312, 5.2443297347, 1.11431194649, 4.03773733001, 0.833782140405, 1.0584418862, 3.9648454147, 6.47739668155, 0.966833493622, 1.8417858543, 1.14823665486, 0.791150454743, 1.00058114492, 1.09510914283, 0.851748515103, 4.31951001995, 0.921021915262, 0.77098542958, 307.219640273, 1.15542311975, 2.73634694219, 1.07205594366, 1.17949831595, 0.927270851676, 214.246652502, 18.206089878, 798.111952237, 0.0
5.54097257904, 1.0201724546, 1.50866290888, 1.08567067708, 1.54147598448, 0.953711425327, 1.59290510768, 0.901957948183, 1.00724699926, 1.94554068838, 5.02541571816, 1.05686674162, 2.36299958989, 0.955046944732, 0.880241171884, 1.17265843539, 1.09058345703, 1.19972797442, 4.05193431454, 1.04495105332, 0.828098354536, 220.596516854, 1.15268679127, 4.63333720476, 1.14586618441, 4.48689994046, 1.23459652452, 15.4235762132, 11.5877752831, 12.7303983478, 2.9490616622
3.14159709476, 1.05967230454, 1.65010206537, 0.937675758631, 5.9711891948, 1.15091884833, 5.50503202204, 1.0520756543, 1.00333739252, 4.08208773788, 3.48294517707, 1.17716824333, 2.51569618873, 1.21539972861, 0.81308109189, 1.17974276408, 1.07139829332, 0.954746200469, 8.54746221878, 1.00709525518, 0.829450932783, 106.437922562, 1.12579218875, 1.78465465299, 1.23031124338, 2.87859080973, 1.10724275848, 20.2152690076, 7.75213186453, 125.066207552, 0.804289544236
5.59546828313, 1.35181307788, 1.65010206537, 1.07108073877, 4.71585189049, 1.13210840356, 4.25727813636, 1.1070280607, 1.04961065072, 2.09888829231, 5.43184703197, 1.02170670518, 4.78740428804, 1.06757739033, 0.788057618323, 1.22884693719, 1.10353031338, 1.01682592623, 9.53628537031, 1.00642345971, 0.844119668358, 95.2524618868, 1.17103532961, 3.88338796722, 0.972351017617, 3.62090829956, 1.12443262629, 8.56956262834, 5.78386474223, 41.2539948742, 1.87667560322
5.93168329649, 1.1631893914, 1.15776600828, 1.14633508225, 2.38905908778, 1.18062597653, 5.80771727765, 0.883786209914, 0.927071470925, 5.81012413151, 6.49676883957, 1.09745452965, 2.10522203812, 1.12083257429, 1.00182479288, 1.07625818749, 1.02537454211, 1.20455589836, 7.87825851518, 1.11164607619, 0.878346616531, 98.2494183317, 1.08483365471, 1.39289183052, 1.03938528901, 2.8928248265, 0.995640474384, 55.2271464048, 17.8923396048, 87.0614775107, 1.60857908847
1.03481752267, 1.18566387766, 1.70377986877, 1.03395872404, 6.24867500215, 1.13209747755, 3.17028751083, 0.937533211897, 0.925553321232, 2.72030007507, 7.70445604614, 1.06688143067, 3.2554834903, 1.01070845986, 0.979214123791, 1.40931036683, 1.02952793654, 1.15774309721, 8.09256416257, 0.988342354608, 0.938937442361, 42.545126049, 0.913295460297, 2.95860270945, 1.20221478131, 2.03155877677, 0.935751212305, 32.3255275116, 7.5714785859, 156.824365041, 8.57908847185
3.90170620129, 1.04568837977, 0.900947306872, 0.804278772424, 6.79945013121, 0.781076428689, 1.04960314321, 1.10878856286, 1.01041276303, 3.37941198289, 3.11316364744, 1.0879540875, 3.99827193175, 0.832392624191, 0.914194128156, 1.30384735723, 1.01672394351, 1.0563667651, 3.65859562751, 1.17477164141, 0.935365505067, 57.7808899264, 0.852273441286, 5.33681492725, 1.06788279767, 3.48828061317, 1.16985368135, 381.037738234, 23.0067324186, 424.593237037, 0.0
2.31619230068, 1.34169247959, 1.39297969684, 0.993796981623, 4.90492913382, 0.838752746582, 4.90647230196, 0.971868816456, 1.0040352436, 4.84558534739, 3.86768507126, 0.910287550423, 1.91024580852, 1.22851553852, 0.885772468157, 1.60095314589, 1.02275100681, 0.871226578722, 8.24184675303, 0.994300873512, 0.769546920419, 168.591527751, 1.18695459424, 5.14610404519, 0.996766237627, 4.08479538645, 1.13569273527, 127.715674735, 22.4500496582, 459.71480564, 0.0
1.27311254112, 1.18038052081, 1.68896950234, 1.13995505912, 3.3293897282, 0.978639898389, 4.2017784511, 1.21575864187, 1.07736019043, 4.03181900263, 1.58966924159, 0.941300792739, 2.31956752142, 0.936305331476, 0.93017822551, 1.01190725575, 1.12309811762, 0.846750185902, 8.6267867348, 1.03901921533, 0.780902399296, 165.613376858, 1.01114740848, 1.94613329198, 1.23161124691, 3.31438212096, 1.27367255282, 279.442460125, 20.360281672, 1463.93930196, 0.0
1.19677016622, 1.36128103342, 1.39422345058, 1.01029463105, 5.07459109108, 1.14103071651, 2.577232179, 1.14762309972, 0.920029970055, 2.0989903323, 6.60464180871, 1.03934520066, 1.1428112667, 1.14265004231, 0.979214123791, 1.13912408878, 1.14056841693, 1.22525203047, 7.25765730638, 0.997551788987, 0.765820420942, 246.731086612, 1.09292087176, 4.0857922833, 1.17294676954, 1.94208233758, 1.0976738867, 499.19150507, 20.0333248946, 1659.96469131, 0.536193029491
5.54097257904, 1.0201724546, 1.50566805262, 1.08567067708, 1.54147598448, 0.953711425327, 1.59290510768, 0.901957948183, 1.00724699926, 1.94554068838, 5.02541571816, 1.05686674162, 2.36299958989, 0.955046944732, 0.880241171884, 1.17265843539, 1.09058345703, 0.857900150757, 4.05193431454, 1.04495105332, 0.828098354536, 220.596516854, 1.14024519785, 4.63333720476, 1.14586618441, 4.48689994046, 1.23459652452, 745.324479813, 19.1906737469, 650.302951371, 0.804289544236
1.16278278808, 1.41044834201, 0.817218012211, 0.976653376681, 2.15271737905, 0.848816481255, 5.54124147874, 1.0591458755, 1.10391451254, 1.54164785294, 3.11316364744, 0.874535008121, 4.84415859577, 0.890899062275, 1.03104108049, 1.53693747314, 1.05094321607, 1.11591027083, 9.77884820527, 1.1195184612, 0.879381177228, 237.099030044, 1.08184456106, 2.63104425588, 1.19352777235, 2.49312055282, 1.07538285019, 59.55750068, 17.6780031406, 142.696016037, 1.07238605898
5.04584982601, 1.39276485763, 0.763219983958, 0.934167698923, 2.06401961145, 1.10440436879, 5.19620344213, 1.14604544327, 1.11072183638, 5.35891937754, 3.03001181379, 0.943821161978, 4.2384509734, 1.11072142408, 0.891640628558, 1.35926385468, 1.16506199702, 0.917019740615, 5.60026005549, 0.940008531387, 0.995532302209, 195.718037643, 1.02751940927, 1.15496298964, 1.22360719034, 3.0275025996, 1.29109427825, 294.03269087, 17.5379751357, 1198.83615949, 0.804289544236
1.63411602902, 1.31527431298, 0.784502580431, 1.21867027135, 5.5240070814, 1.18686678557, 4.98574721729, 1.11338920169, 1.05168791787, 3.14492420379, 6.30715783486, 1.1689373075, 2.02635432721, 1.00234772556, 0.873938361277, 1.4794027265, 1.1676061849, 0.949334180309, 5.2975961961, 1.1108149245, 0.967284309325, 275.804552901, 0.900653712864, 5.3627856923, 1.12871101845, 3.11134119779, 1.17801328928, 56.1617104972, 12.6192195939, 283.808234827, 1.60857908847
3.39739986334, 1.18369848463, 1.26896087298, 1.13003703845, 3.36166306952, 0.823532303411, 1.9404281214, 1.15503612295, 0.908812467631, 2.13409241522, 1.58181553427, 0.821773707844, 4.05823386136, 1.19427784523, 0.93656929227, 1.3030146821, 1.05542644529, 0.878537688019, 5.04671680617, 1.17597494408, 0.993112508109, 375.686273514, 0.933872452114, 5.3826804033, 1.19891385996, 3.89601198416, 1.21290418286, 44.1742303827, 11.6238464665, 400.497083186, 1.07238605898
5.22537591982, 1.0586366073, 1.3677183147, 1.06856594003, 4.70032744541, 1.08368073754, 3.99995047032, 0.874732380863, 1.10022172003, 1.79505757807, 1.77819509377, 1.19768262693, 1.68434234014, 0.862236477117, 0.794988083743, 1.1241747114, 1.16957143485, 1.14427545246, 4.74403274123, 0.988185045858, 0.847922419761, 180.854114956, 1.13133270479, 4.54568387147, 1.13312922176, 2.03113679956, 1.17557961151, 89.510214947, 10.5743174855, 515.905652634, 2.9490616622
2.31619230068, 1.34169247959, 1.39297969684, 0.993796981623, 4.90492913382, 0.838752746582, 2.93225811228, 0.971868816456, 1.0040352436, 4.84558534739, 3.86768507126, 0.910287550423, 1.91024580852, 1.22851553852, 0.885772468157, 1.60095314589, 1.02275100681, 0.871226578722, 8.24184675303, 0.994300873512, 0.769546920419, 168.591527751, 1.18695459424, 5.14610404519, 1.2247593606, 4.08479538645, 1.13569273527, 336.462210755, 18.2862867536, 259.217598558, 1.07238605898
3.51420541962, 1.42672209943, 1.12931752264, 0.83120761411, 5.99376671413, 1.10791176429, 3.33988521139, 0.852405439447, 1.00461537215, 2.81711083836, 1.67224181487, 0.864065157772, 4.33650696558, 1.28528618989, 0.878079679657, 1.34250514344, 1.0801176195, 1.01801577291, 9.5759865708, 0.924802586469, 0.762566255178, 14.7580082557, 1.09390786326, 2.24568283944, 1.05323842334, 3.00508816046, 1.12868825916, 92.6400107365, 10.4283563735, 504.712708879, 8.04289544236
1.27311254112, 1.18969663459, 1.68896950234, 1.16742863511, 5.07459109108, 0.978639898389, 4.2017784511, 1.21575864187, 1.07736019043, 4.33244121737, 1.58966924159, 0.941300792739, 2.31956752142, 0.936305331476, 0.93017822551, 1.01190725575, 1.12309811762, 0.846750185902, 8.6267867348, 1.03901921533, 0.780902399296, 165.613376858, 1.01114740848, 1.94613329198, 1.23161124691, 3.31438212096, 1.27367255282, 394.202727472, 22.616022716, 632.386873961, 0.0
4.4380033298, 1.42561623116, 1.35531105574, 0.846036591413, 5.31135780263, 1.13210840356, 1.76366952838, 0.99960563835, 0.941447862885, 2.87737420332, 7.75217483402, 0.846286426006, 4.49685165717, 1.27733540404, 0.787025887245, 1.23557030031, 1.13322783058, 1.00248373267, 8.01932377809, 1.0699891771, 0.854102167965, 287.790015318, 0.939310986504, 4.92400167664, 1.09266560854, 2.19696778344, 1.12443262629, 362.470751591, 23.237486412, 622.59796948, 0.536193029491
2.76713219862, 1.34790295223, 1.6852329186, 0.801308424192, 2.80757807078, 1.10791176429, 3.95791952886, 1.14345847761, 1.11189580039, 4.14533611746, 2.11197204633, 0.861376026271, 3.08400166627, 0.958814005882, 1.06699437466, 1.56681560178, 1.15112918344, 1.12057103038, 9.87544915749, 1.03109230087, 0.998206969033, 166.55948582, 1.11837414493, 2.26388360144, 1.18770346171, 1.62413385845, 1.17529806356, 299.299855374, 29.4835911769, 659.626427868, 0.0
1.55652719348, 1.42615576664, 1.58925005543, 1.20226613533, 1.5601639656, 1.12686882095, 3.57418038656, 1.00410109686, 1.06065353432, 3.60223569971, 7.31743631474, 0.8167680343, 3.87278081274, 0.935241587851, 1.08199881815, 1.29406615917, 1.07444637283, 1.11114290287, 7.01804804299, 0.987980297101, 0.852138212827, 363.154485132, 0.876684614105, 3.70026724291, 1.0473508881, 4.46539783755, 1.2906445387, 411.201219591, 19.0832509657, 3628.03439065, 0.804289544236
3.31183648123, 1.14604342591, 0.984423687361, 0.801825669404, 4.20668964211, 0.79409059982, 1.11874281481, 0.955074119219, 0.955170531842, 1.39767624787, 7.18048971972, 0.841122497639, 3.55013112325, 1.28003224027, 0.797343629085, 1.30208637992, 1.00186887774, 0.877268593215, 4.91495520327, 0.921449749731, 0.893355959203, 26.331446574, 0.985686370992, 3.7498444724, 0.976849974641, 1.85850162563, 1.12452903579, 130.716824644, 16.9430944638, 587.654194797, 1.60857908847
1.28305773549, 1.12049446069, 0.957584786726, 0.813076236894, 3.32349861257, 1.13390418089, 5.95427249667, 1.19716783492, 1.06305782157, 1.2693555906, 6.74932275185, 1.03687866494, 3.22395956804, 1.01181838565, 0.962973728596, 1.29879524943, 1.03248506239, 1.07236069854, 9.96275203853, 1.01989639678, 0.988007762402, 316.875672392, 1.10292367773, 3.24810859052, 0.976931623118, 3.7012327649, 1.29201741944, 134.598259656, 23.569872503, 857.312543639, 0.804289544236
1.16278278808, 1.05279060216, 0.801330415087, 1.13743972204, 4.55182802626, 0.848816481255, 5.54124147874, 1.10159420679, 1.10391451254, 1.54164785294, 5.1925728983, 0.874535008121, 4.84415859577, 0.890899062275, 1.03104108049, 1.53693747314, 1.05094321607, 1.11591027083, 9.77884820527, 1.1195184612, 0.879381177228, 237.099030044, 1.08184456106, 2.63104425588, 1.19352777235, 2.49312055282, 1.07538285019, 220.6469544, 13.4571738257, 379.731639443, 4.28954423592
1.03481752267, 1.18566387766, 1.70377986877, 0.950848947796, 6.24867500215, 1.04071565622, 3.17028751083, 0.937533211897, 0.925553321232, 2.72030007507, 7.70445604614, 1.06878977935, 3.2554834903, 0.975228444377, 0.864464983181, 1.40931036683, 1.11679728441, 1.15774309721, 8.09256416257, 0.988342354608, 0.938937442361, 42.545126049, 0.913295460297, 5.24050895728, 1.03938528901, 2.03155877677, 0.995640474384, 273.832066965, 14.2046647702, 4142.77514067, 2.14477211796
1.03481752267, 1.18566387766, 1.70377986877, 1.03395872404, 6.24867500215, 1.10134467664, 3.17028751083, 0.937533211897, 0.925553321232, 2.72030007507, 7.70445604614, 1.06688143067, 3.2554834903, 0.975228444377, 0.979214123791, 1.40931036683, 1.11679728441, 1.15774309721, 8.09256416257, 0.988342354608, 0.938937442361, 42.545126049, 0.913295460297, 2.95860270945, 1.03938528901, 2.03155877677, 0.995640474384, 192.677241872, 26.0500050451, 1599.63710283, 0.804289544236
3.51420541962, 1.34790295223, 1.63023053467, 0.801308424192, 6.83414767914, 1.10791176429, 3.95791952886, 1.11764494528, 1.11189580039, 4.14533611746, 2.11197204633, 1.06366108998, 2.76025267145, 0.958814005882, 1.06699437466, 1.34250514344, 1.15112918344, 1.12057103038, 9.63369879629, 0.925749236208, 0.966171201116, 166.55948582, 1.11837414493, 2.26388360144, 1.23161124691, 1.62413385845, 1.12889520415, 162.492939495, 11.9603687907, 529.339789715, 5.8981233244
5.93168329649, 1.1631893914, 1.15776600828, 1.14633508225, 2.38905908778, 1.18062597653, 5.71333661401, 0.883786209914, 0.927071470925, 5.68961368899, 6.49676883957, 1.09745452965, 2.10522203812, 1.12083257429, 1.00182479288, 1.07625818749, 1.02537454211, 1.20455589836, 9.39247396752, 1.11164607619, 0.878346616531, 98.2494183317, 1.08483365471, 1.39289183052, 1.20221478131, 3.20006995172, 0.935751212305, 384.637858653, 22.8367961612, 5211.13239738, 0.536193029491
3.51293119731, 1.37230383818, 0.974837293508, 0.899908468908, 2.39100493926, 0.78804928111, 4.48857027762, 1.07893858647, 1.00544076974, 3.81970464841, 4.19996410832, 1.16044524909, 1.72501767896, 0.930258867412, 0.927215718578, 1.20708326045, 1.09108284341, 1.04551352927, 6.16632326318, 1.12720445673, 0.920614686976, 266.151070862, 0.907738954082, 4.60967881738, 0.959556421394, 2.14628441335, 0.907268139914, 466.656898096, 19.5278609457, 359.225748027, 1.60857908847
3.51293119731, 1.37230383818, 0.974837293508, 0.899908468908, 5.06783234513, 0.985313951656, 4.14114324185, 1.07893858647, 1.00544076974, 3.81970464841, 4.19996410832, 1.16044524909, 4.29039986295, 0.930258867412, 0.900836023208, 1.20708326045, 1.09108284341, 1.04551352927, 6.16632326318, 1.12720445673, 0.920614686976, 266.151070862, 0.940220394566, 3.01341995199, 0.959556421394, 1.31487340137, 0.907268139914, 425.162445773, 16.3409719061, 4753.65060736, 2.41286863271
1.03481752267, 1.18566387766, 1.70377986877, 0.950848947796, 6.24867500215, 1.04071565622, 3.35275023353, 1.01074231176, 0.925553321232, 2.72030007507, 7.70445604614, 0.87244910623, 3.2554834903, 0.975228444377, 0.864464983181, 1.40931036683, 1.11679728441, 1.15774309721, 8.09256416257, 0.951306758903, 0.938937442361, 42.545126049, 0.913295460297, 3.85698608441, 1.03938528901, 2.04883574403, 0.995640474384, 311.83066926, 17.4780989681, 636.856770042, 2.68096514745
4.29968702304, 1.12866264548, 1.27211383784, 1.20395910904, 2.0585277141, 0.730428410074, 1.37885154674, 1.16378337422, 1.13066909966, 1.43246975674, 5.64060325458, 1.05482776833, 4.87462059261, 1.10015896432, 0.85728753692, 1.33386144203, 1.10388380323, 1.10412626912, 6.93594497717, 1.04085642609, 0.869443434505, 280.336975314, 0.862384056185, 3.97263674388, 0.952971008591, 4.74522708013, 1.14091689861, 155.128307972, 16.9440543624, 729.777621372, 2.14477211796
1.66687812952, 1.07715263289, 1.55384619095, 0.995817616495, 2.54771192048, 0.772826159776, 5.06400296624, 0.94095060679, 1.10936417933, 4.38498393791, 3.46320386416, 1.15768455815, 1.21069928296, 1.02137292153, 1.00291716685, 1.13728770565, 1.13754896169, 0.913643602552, 6.97819131282, 1.01813450302, 0.87687424642, 29.2180113501, 1.17777676514, 5.65562789382, 1.21954471059, 4.91652002928, 0.928682854221, 236.288782232, 13.2177698643, 623.293677874, 2.9490616622
5.53327588001, 1.37354308374, 0.969443438617, 1.04875903239, 2.61643503971, 0.78525775609, 1.93627879079, 0.860602682011, 0.993860718846, 4.32700448888, 4.50723941101, 0.933928036473, 5.02874034307, 1.17570227887, 0.83988542034, 1.01455335469, 1.13991972925, 0.963267899962, 3.93290866792, 1.08164393204, 0.864033132025, 152.042075773, 1.16545633177, 1.8437652824, 1.0775048124, 4.55565839013, 1.07514054048, 193.113541013, 12.8136963749, 752.497931457, 3.75335120643
4.45286620467, 1.07234205453, 1.65010206537, 0.936167354827, 5.9711891948, 1.12354466884, 3.06285548103, 1.0520756543, 1.00333739252, 4.75718304677, 2.33158339685, 0.995652796574, 3.36310644322, 0.944818907922, 0.996227696957, 1.17974276408, 1.02872215869, 0.954746200469, 5.28387105217, 1.00709525518, 0.857334358518, 106.437922562, 1.00477964915, 1.78465465299, 1.23031124338, 2.87859080973, 1.10724275848, 225.374239059, 13.56366314, 687.372180408, 2.9490616622
2.23984840227, 1.28828819073, 1.05834221788, 1.15684989415, 1.99482065324, 0.953286168979, 5.06567957131, 1.25958865947, 1.10599638843, 3.6558141557, 3.34378317511, 1.10491131873, 4.20838780888, 1.06178379005, 1.06460550841, 1.54688792623, 1.06762552929, 0.985998158922, 3.21918116403, 0.985311017983, 0.998122827334, 92.7515311992, 1.00076019649, 1.18030845662, 0.995734386823, 2.78565546457, 0.988307228942, 360.990554476, 31.4898836992, 1997.9570567, 0.0
5.22537591982, 1.36669505488, 1.3677183147, 1.1136055705, 4.70032744541, 0.921423340438, 3.99995047032, 0.874732380863, 1.10022172003, 3.28173846909, 1.77819509377, 1.19768262693, 1.68434234014, 0.862236477117, 0.794988083743, 1.33740449894, 1.16957143485, 1.12085751672, 4.74403274123, 0.988185045858, 0.847922419761, 205.701715052, 1.13067971096, 3.10276655856, 1.23209811063, 2.03113679956, 1.17557961151, 307.633722449, 29.8692843958, 2139.53295274, 0.268096514745
4.65239525357, 1.42778589318, 0.894775304716, 0.81372345942, 6.29319538923, 0.737638925063, 1.63560483815, 1.25975955067, 1.12647228546, 3.86359252885, 5.84762425887, 1.12038415489, 4.88980330705, 1.23256464445, 0.845001107843, 1.32140104366, 1.12743767486, 1.18350169983, 7.53989452292, 1.0090125229, 0.777357297958, 48.4276376081, 1.0481211284, 2.72947618548, 0.992515531288, 3.94037621975, 1.2414631352, 315.6858965, 28.0039843699, 774.21097058, 1.07238605898
2.0865188232, 1.08851290056, 1.58925005543, 1.20226613533, 3.52501254002, 1.12686882095, 3.57418038656, 0.827604592936, 1.06065353432, 3.60223569971, 4.73796853374, 0.8167680343, 2.06351093378, 1.18298188723, 1.08199881815, 1.23056882577, 1.07444637283, 1.11114290287, 7.01804804299, 0.987980297101, 0.852138212827, 363.154485132, 0.876684614105, 1.84596530129, 1.0473508881, 4.48403258889, 1.25594847439, 536.425788692, 25.8412561027, 1331.94604211, 0.0
2.88363563475, 1.42667937581, 1.58925005543, 1.20226613533, 1.5601639656, 1.13210840356, 3.57418038656, 1.00410109686, 1.06065353432, 3.60223569971, 7.31743631474, 0.8167680343, 3.87278081274, 0.906101450951, 1.08199881815, 1.29406615917, 1.07444637283, 1.11114290287, 7.01804804299, 0.987980297101, 0.852138212827, 363.154485132, 0.859808518355, 1.84596530129, 1.0473508881, 4.46539783755, 1.23698235455, 552.310516583, 24.7878736387, 1346.57948917, 0.0
3.51420541962, 1.34790295223, 1.63023053467, 0.801308424192, 6.83414767914, 1.10791176429, 3.95791952886, 1.23909346774, 1.06299565264, 4.14533611746, 2.11197204633, 1.06366108998, 3.08400166627, 0.958814005882, 1.06699437466, 1.31867921135, 1.15112918344, 1.12057103038, 9.87544915749, 1.03109230087, 0.966171201116, 166.55948582, 1.11837414493, 2.26388360144, 1.18770346171, 1.62413385845, 1.17529806356, 332.227896876, 17.8285583725, 410.95352981, 2.9490616622
3.73012723959, 1.18657193012, 1.5947605738, 0.956951456104, 6.685104311, 1.16635256312, 3.21000906365, 0.89212842935, 1.04961065072, 4.89593135072, 3.27429639329, 1.06385867954, 3.99126295915, 0.918379209948, 0.900187665172, 1.04192197203, 1.09241872919, 1.13839400339, 8.65808582365, 1.02841754628, 0.91419277941, 110.332138362, 1.17103532961, 5.47646777838, 1.05639228684, 3.62090829956, 1.23050028957, 213.444834114, 15.4181256863, 869.632094928, 3.75335120643
3.1873676499, 1.0034134224, 0.776916539472, 1.03412797312, 5.2443297347, 1.11431194649, 4.03773733001, 0.833782140405, 1.0584418862, 3.9648454147, 6.47739668155, 0.966833493622, 1.8417858543, 1.14823665486, 0.787866159938, 1.00058114492, 1.09510914283, 0.851748515103, 4.31951001995, 0.921021915262, 0.768037680924, 307.219640273, 1.15542311975, 2.73634694219, 1.07205594366, 1.17949831595, 0.927270851676, 227.788594739, 13.964563351, 732.433913879, 3.75335120643
1.63411602902, 1.39276485763, 0.763219983958, 1.21867027135, 2.06401961145, 1.10440436879, 5.19620344213, 1.14604544327, 1.00498610688, 5.35891937754, 3.03001181379, 0.943821161978, 4.2384509734, 1.11072142408, 0.873938361277, 1.35926385468, 1.16533590747, 0.917019740615, 5.60026005549, 0.940008531387, 0.995532302209, 275.804552901, 1.02751940927, 1.15496298964, 1.22360719034, 3.0275025996, 1.29109427825, 196.569458446, 18.729829892, 2698.75028402, 1.60857908847
5.17434283138, 1.02360056404, 1.65393126157, 0.895433318364, 2.76200946929, 0.903557600997, 3.79991041978, 0.903502310733, 0.933058316049, 3.78528334857, 4.45404510568, 1.04644405371, 3.96424522199, 0.930258867412, 0.927215718578, 1.45906282057, 1.13953910462, 1.14781738452, 5.03581029815, 0.979482483831, 0.995886481393, 62.0744383481, 1.10041501836, 3.56704774494, 1.1991943276, 3.81270338609, 1.29780400603, 210.046115674, 15.4428600987, 2131.2584821, 6.43431635389
1.63411602902, 1.31527431298, 0.784502580431, 1.21867027135, 5.5240070814, 1.18686678557, 4.98574721729, 1.11338920169, 1.05168791787, 3.14492420379, 6.30715783486, 1.1689373075, 2.02635432721, 1.00234772556, 0.873938361277, 1.4794027265, 1.16932127758, 0.949334180309, 5.2975961961, 1.1108149245, 0.912114629546, 275.804552901, 0.933872452114, 5.3627856923, 1.12871101845, 3.11134119779, 1.17801328928, 122.126809182, 21.04899214, 1724.43235958, 2.14477211796
4.65239525357, 1.42778589318, 0.894775304716, 0.81372345942, 6.29319538923, 0.737638925063, 1.63560483815, 1.25975955067, 1.12647228546, 3.86359252885, 5.84762425887, 1.12038415489, 4.88980330705, 1.23256464445, 0.845001107843, 1.32140104366, 1.12743767486, 1.18350169983, 7.53989452292, 1.0090125229, 0.777357297958, 48.4276376081, 1.0481211284, 2.72947618548, 0.992515531288, 3.94037621975, 1.2414631352, 388.281865667, 18.3556995681, 2522.01380406, 1.34048257373
2.44165699724, 1.0850705329, 0.912672766579, 0.836743291324, 2.56594882762, 1.00915156016, 3.01350067542, 1.23183840119, 1.05025185176, 1.72494650953, 5.38174356227, 1.12731075492, 2.5106570157, 1.20726525028, 1.00993598883, 1.05587846691, 1.0230184891, 1.08615454247, 5.02703061526, 1.18212845569, 0.967793695607, 401.170187264, 0.877933638792, 1.93082744209, 0.963645070842, 1.13024048181, 1.05141243245, 419.226052455, 19.2698403258, 1269.25084947, 1.34048257373
3.74223806924, 1.03226195232, 1.71387775541, 0.984744419563, 6.56722302665, 0.862340072812, 5.41829451638, 0.841707648747, 0.936966706462, 2.77200394646, 4.10986804367, 1.20931848485, 5.02386231107, 0.987402707947, 1.04538091382, 1.15271347294, 1.02092770454, 0.89080266366, 7.85599268722, 1.0372965949, 0.935020866467, 7.22715864668, 0.869455275262, 5.4250544303, 1.19374225958, 4.67012615247, 0.908764683801, 860.089945391, 22.8065126892, 2145.00709919, 0.536193029491
1.46108950385, 1.22739170975, 1.03925377988, 0.867856205315, 2.18999458773, 0.768277465615, 5.00176096963, 1.0941495105, 1.1358471994, 2.58836250529, 6.32230566874, 1.04671735488, 4.94944106692, 0.994779660814, 0.811069416195, 1.03378288481, 1.0915411983, 0.873548121441, 8.84530369995, 0.999824206272, 0.935020866467, 374.643165187, 1.03715745908, 5.78265486323, 1.16544646127, 2.81900588926, 1.22383979365, 1024.71065499, 24.5016614707, 2871.91571209, 0.0
2.44715398735, 1.37004797235, 1.24506523574, 1.07441792927, 1.78634487299, 1.01287006046, 1.90306170425, 0.887942955831, 1.12461204239, 4.68653874376, 5.48759208577, 0.891379749281, 3.69258574545, 1.16116792565, 1.06002742977, 1.02667589826, 1.08847257465, 0.963080945924, 8.1508619179, 0.962525017302, 0.9797032935, 254.911427368, 1.13133270479, 5.55230778632, 1.23686881727, 4.03265761984, 0.934695772468, 252.762766012, 13.9490087326, 876.709556419, 5.36193029491
3.51293119731, 1.37230383818, 0.974837293508, 0.899908468908, 5.06783234513, 0.985313951656, 4.14114324185, 1.07893858647, 1.00544076974, 3.81970464841, 4.19996410832, 1.16044524909, 4.29039986295, 0.930258867412, 0.900836023208, 1.20708326045, 1.09108284341, 1.04551352927, 6.16632326318, 1.12720445673, 0.920614686976, 266.151070862, 0.940220394566, 3.01341995199, 0.959556421394, 1.31487340137, 0.907268139914, 228.609144503, 15.9606229743, 987.462427528, 4.55764075067
1.66687812952, 1.04296756419, 1.55384619095, 0.995817616495, 2.54771192048, 0.772826159776, 5.06400296624, 0.896986789335, 1.09772906706, 4.38498393791, 3.46320386416, 1.15768455815, 1.21069928296, 1.02137292153, 1.00291716685, 1.13728770565, 1.13754896169, 0.913643602552, 6.97819131282, 1.01813450302, 0.87687424642, 29.2180113501, 1.17777676514, 5.65562789382, 1.21954471059, 4.91652002928, 0.928682854221, 391.577208925, 15.6381846319, 770.769671862, 4.28954423592
2.5924652973, 1.02354598866, 1.73467591249, 0.885309130266, 1.97401425797, 1.00079112924, 2.18913842409, 1.24921843304, 0.939728797417, 1.57452413258, 6.82525178228, 1.01289851732, 1.59245248191, 0.919986433449, 0.794812879577, 1.00570409593, 1.10863568246, 1.2138177498, 8.50041144309, 1.1029901913, 0.946027450036, 330.340366554, 1.02872433058, 2.66953750068, 0.978945486836, 5.17540630254, 1.24391041751, 195.9433082, 24.6368624782, 476.932533008, 1.60857908847
1.27311254112, 1.18038052081, 1.68896950234, 1.13995505912, 3.3293897282, 0.95166806102, 4.2017784511, 1.21575864187, 1.10080505286, 4.03181900263, 1.58966924159, 0.941300792739, 2.31956752142, 0.936305331476, 0.93017822551, 1.01190725575, 1.12309811762, 0.846750185902, 7.22710291072, 1.03901921533, 0.780902399296, 165.613376858, 1.01114740848, 1.94613329198, 1.23161124691, 3.31438212096, 1.27367255282, 401.750296631, 16.2658354044, 1803.1761562, 3.75335120643
5.20201137563, 1.34603358056, 1.51186543495, 0.806913563783, 5.84108261896, 1.11814549266, 3.29771024671, 0.902715832022, 1.05787857302, 4.5846501935, 5.10077038792, 0.97735817392, 1.92003784863, 1.24343338311, 0.885955595186, 1.59525716403, 1.05758433451, 1.21962858495, 4.99943250928, 1.0243803408, 0.938274510374, 378.083744534, 1.04248987634, 4.155623555, 1.13496026961, 4.5132115916, 0.991537005065, 578.149068947, 18.0992876225, 1972.30871457, 1.87667560322
2.5924652973, 1.02354598866, 1.73467591249, 0.811812553192, 1.97401425797, 1.00079112924, 2.18913842409, 1.24921843304, 0.939728797417, 1.57452413258, 6.82525178228, 1.01289851732, 1.59245248191, 0.919986433449, 0.794812879577, 1.00570409593, 1.10863568246, 1.14244200064, 8.50041144309, 1.1029901913, 0.946027450036, 330.340366554, 1.02872433058, 2.66953750068, 0.978945486836, 5.17540630254, 1.24391041751, 449.598593263, 17.4126394395, 1542.05691947, 3.21715817694
1.36589388014, 1.14898457517, 1.55097685885, 0.9174197014, 1.931105078, 0.78804928111, 5.06218046884, 1.14345847761, 0.913569824453, 1.72832683599, 6.48499342692, 0.903284430095, 4.42950247165, 1.17775076529, 0.996437078495, 1.56681560178, 1.0732439742, 0.95313766238, 8.46356743099, 1.04706035424, 0.862458900619, 48.7954671103, 1.00225762455, 5.30770821267, 1.12158886715, 3.21690065272, 1.29468286672, 583.000671778, 17.0386019083, 3744.70437632, 3.48525469169
2.5468966716, 1.30730684258, 1.60273569754, 1.18446552101, 5.57080523243, 1.04049245138, 3.15074610838, 1.15222735292, 0.985559711197, 3.50521174411, 1.88823959282, 0.883409077659, 3.12931585035, 1.24184177714, 0.802539257337, 1.1676859907, 1.02665796988, 0.864923354686, 8.92423852712, 0.940683205178, 0.926060154661, 238.517129036, 1.06689360563, 1.47835078531, 1.11063638459, 3.42582871371, 1.10362029472, 374.346891341, 15.6002806617, 1241.51167617, 10.9919571046
1.46108950385, 1.22739170975, 1.03925377988, 0.867856205315, 1.4348803393, 0.768277465615, 5.00176096963, 1.0941495105, 1.1358471994, 2.58836250529, 6.32230566874, 1.04671735488, 4.94944106692, 0.994779660814, 0.811069416195, 1.03378288481, 1.01478767424, 0.873548121441, 9.36312511313, 0.999824206272, 0.986805018893, 374.643165187, 1.03715745908, 5.78265486323, 1.16544646127, 2.81900588926, 1.22383979365, 396.653802461, 15.8332416521, 930.688777803, 5.36193029491
4.03944757451, 1.33301343728, 1.34987432898, 0.955628372323, 4.17177612723, 0.753068132163, 1.4415324241, 1.12675709263, 0.933097985278, 3.49649834441, 2.38938858061, 0.909478199454, 3.61774367823, 0.85839203697, 0.920759923525, 1.3030146821, 1.07087304224, 0.857314702959, 7.52125338683, 1.17783182592, 0.939626312573, 210.514124364, 1.02899991888, 2.73160734354, 1.07492758696, 1.88140890478, 0.973304658068, 630.211483666, 26.3136314953, 1429.80612464, 0.536193029491
4.72982043102, 1.09336020354, 1.05815812079, 1.17363596277, 3.21414598528, 1.16126024047, 2.33731680691, 1.08944999937, 1.1319504968, 4.54559018685, 7.37532525288, 0.878888952573, 4.16850110927, 0.840579646328, 0.894818820419, 1.29825690826, 1.05586855463, 1.1623591012, 4.84134060903, 1.05585473652, 0.890574173845, 105.911785405, 1.09559660519, 1.47693546137, 1.21327824496, 4.27400874381, 1.02425584112, 307.321857438, 18.1396615512, 2235.19719365, 2.14477211796
1.66687812952, 1.18038052081, 1.68896950234, 1.13995505912, 3.80937965369, 0.95166806102, 4.2017784511, 1.21575864187, 1.10080505286, 4.03181900263, 1.58966924159, 0.941300792739, 2.31956752142, 0.936305331476, 0.93017822551, 1.01190725575, 1.12309811762, 0.881449808839, 7.22710291072, 1.03901921533, 0.780902399296, 165.613376858, 1.01114740848, 1.94613329198, 1.23161124691, 3.31438212096, 1.27367255282, 428.80316244, 16.6203174366, 911.692330471, 8.57908847185
5.22537591982, 1.36669505488, 1.3677183147, 1.11101634821, 4.70032744541, 0.921423340438, 3.99995047032, 0.874732380863, 1.10022172003, 3.28173846909, 1.77819509377, 1.19768262693, 1.68434234014, 0.862236477117, 0.794988083743, 1.33740449894, 1.16957143485, 1.12085751672, 4.74403274123, 0.988185045858, 0.847922419761, 205.701715052, 1.13067971096, 3.10276655856, 1.23209811063, 2.03113679956, 1.17557961151, 700.913696864, 27.909440884, 2532.95839421, 0.0
1.40490555154, 1.04473770539, 1.64432705877, 1.0903174136, 4.45509893491, 1.1703120242, 3.82171432914, 1.02540980446, 1.10432861223, 2.63127423724, 4.46465661163, 1.12575448678, 4.53318463394, 0.907224854079, 0.805808696539, 1.34602047279, 1.11338342057, 1.20629804886, 9.53570342562, 1.03098056905, 0.855232173887, 18.2874362705, 0.91642511284, 4.74578310905, 1.0754979548, 4.25575011963, 1.2041991155, 646.39489237, 35.0429305971, 1391.76733247, 0.536193029491
4.03944757451, 1.33301343728, 1.34987432898, 0.955628372323, 4.17177612723, 0.83195672025, 1.4415324241, 1.24233308233, 0.933097985278, 3.49649834441, 2.38938858061, 0.909478199454, 3.61774367823, 0.85839203697, 0.920759923525, 1.3030146821, 1.07087304224, 0.857314702959, 7.52125338683, 1.04142058419, 0.939626312573, 210.514124364, 1.02899991888, 2.73160734354, 1.07492758696, 1.88140890478, 0.973304658068, 141.474819324, 22.7993710664, 1569.34234083, 2.68096514745
3.31183648123, 1.14604342591, 0.984423687361, 0.801825669404, 4.20668964211, 0.79409059982, 1.11874281481, 1.02696546185, 0.955170531842, 1.39767624787, 7.18048971972, 0.841122497639, 3.55013112325, 1.28003224027, 0.797343629085, 1.30208637992, 1.00186887774, 0.877268593215, 4.91495520327, 0.921449749731, 0.893355959203, 42.545126049, 0.985686370992, 3.7498444724, 0.976849974641, 1.85850162563, 1.12452903579, 596.022516901, 24.8979210925, 4303.58578918, 0.536193029491
5.62590454257, 1.0938877914, 1.19984637615, 1.13780459685, 3.94075766018, 0.760915966559, 1.62309414929, 1.0290422687, 1.13396606119, 2.50327512197, 2.5471794376, 0.820087120009, 2.81437251853, 0.986295644066, 1.04497651225, 1.08885773679, 1.00930359055, 0.851447539183, 5.93113108667, 0.976335463848, 0.889782690901, 372.474120135, 1.08025865676, 2.29141929459, 1.0394449385, 5.05509015527, 1.12555728126, 226.242204543, 19.6999623686, 3849.98210024, 2.68096514745
5.00091280777, 1.22822659388, 1.05815812079, 1.17363596277, 3.21414598528, 1.0711743863, 2.32082878569, 0.961016734471, 1.09814797625, 4.54559018685, 7.37532525288, 0.857881082537, 4.16850110927, 0.840579646328, 0.894818820419, 1.29825690826, 1.05586855463, 1.1623591012, 4.10382526053, 1.05585473652, 0.890574173845, 105.911785405, 1.09559660519, 1.47693546137, 1.21327824496, 4.27400874381, 1.02425584112, 1099.07545486, 31.4897938405, 1958.50484897, 0.0
4.32490827239, 1.05094003531, 1.55672033735, 0.886254786444, 5.05621057328, 0.935610644872, 2.17551928696, 0.89224553724, 1.0088002359, 3.90327707812, 3.49827463397, 1.15539067448, 1.12017703808, 1.27576701232, 0.98309025467, 1.60847965482, 1.04345755176, 0.960569215533, 9.63345942236, 0.969154593735, 0.770061003666, 231.672597722, 1.03469090571, 1.07338708113, 1.16215386273, 1.82927830128, 1.14907870165, 1595.102511, 47.5833803043, 1685.99784119, 0.0
1.16278278808, 1.05279060216, 0.801330415087, 1.13743972204, 4.55182802626, 0.848816481255, 5.54124147874, 1.10159420679, 1.10391451254, 1.54164785294, 5.1925728983, 0.874535008121, 4.84415859577, 0.890899062275, 1.03104108049, 1.03591525647, 1.05094321607, 1.11591027083, 9.77884820527, 1.1195184612, 0.879381177228, 237.099030044, 1.08184456106, 2.63104425588, 1.19352777235, 2.49312055282, 1.07538285019, 217.426014296, 19.3778197229, 1693.88207602, 2.9490616622
4.82974926389, 1.31808684871, 1.32552294653, 0.804823230744, 2.39277135223, 0.950894023388, 1.7042485135, 1.00644615863, 0.976097861619, 4.01785154066, 5.98326600282, 0.930562563717, 2.41207609402, 1.01686264129, 0.912471044369, 1.62541493258, 1.12447253081, 0.965512698666, 8.8184788549, 0.941203493644, 0.842393572841, 171.322323704, 0.93249971856, 2.88945678932, 1.19424147513, 5.06645839552, 1.27925420543, 277.238595967, 17.7264725108, 798.614237941, 4.82573726542
1.36589388014, 1.41155583808, 1.55097685885, 0.9174197014, 1.931105078, 0.78804928111, 3.94909127277, 1.14345847761, 0.913569824453, 2.32135349347, 6.48499342692, 0.861376026271, 3.22038111526, 1.17775076529, 0.872627429445, 1.56681560178, 1.13492302439, 0.95313766238, 8.52189184126, 1.04706035424, 0.862458900619, 48.7954671103, 1.00225762455, 5.30770821267, 1.12158886715, 3.21690065272, 1.29468286672, 721.058171821, 21.6490871184, 2180.00387089, 1.34048257373
3.51420541962, 1.22806768741, 1.12931752264, 0.83120761411, 5.99376671413, 1.10791176429, 3.33988521139, 0.852405439447, 1.00461537215, 2.81711083836, 1.67224181487, 0.864065157772, 4.33650696558, 1.28528618989, 0.878079679657, 1.34250514344, 1.0801176195, 1.01801577291, 9.5759865708, 0.924802586469, 0.772147495098, 14.7580082557, 1.09390786326, 2.24568283944, 1.05323842334, 3.00508816046, 1.12868825916, 406.99391418, 18.7838671541, 1057.66010377, 2.68096514745
5.00091280777, 1.37517330694, 1.05815812079, 1.17363596277, 3.21414598528, 1.0711743863, 2.32082878569, 0.961016734471, 1.09814797625, 4.54559018685, 7.37532525288, 1.05627509005, 4.16850110927, 0.840579646328, 0.894818820419, 1.29825690826, 1.05586855463, 1.1623591012, 4.10382526053, 1.05585473652, 0.890574173845, 105.911785405, 1.09559660519, 1.47693546137, 1.21327824496, 4.27400874381, 1.02425584112, 791.99316231, 35.3122571419, 2121.2688815, 0.0
1.66687812952, 1.07715263289, 1.55384619095, 0.995817616495, 2.54771192048, 0.772826159776, 5.06400296624, 0.947618018821, 1.10936417933, 4.38498393791, 3.46320386416, 1.15768455815, 1.21069928296, 1.02137292153, 1.00291716685, 1.13728770565, 1.13754896169, 0.913643602552, 6.97819131282, 1.01813450302, 0.87687424642, 29.2180113501, 1.17777676514, 5.65562789382, 1.21954471059, 4.91652002928, 0.928682854221, 955.964935558, 30.3948453748, 8771.57747547, 0.0
2.09271035624, 1.12931329786, 1.22082880806, 1.16946978138, 4.1677415679, 0.887638354456, 1.17807048107, 1.1842977583, 0.915457354528, 5.17641130535, 2.11835545434, 0.967528877583, 2.69898135274, 1.11250976284, 0.987538816799, 1.32252877454, 1.07982393186, 0.867422427285, 8.74333239821, 1.02734123239, 0.870745071585, 71.2640924292, 1.02168670589, 4.16166025872, 1.1620542767, 4.97671450005, 1.11269980056, 880.887173797, 29.9372441798, 15042.0249518, 0.0
4.63931517974, 1.36858588663, 1.50667347004, 1.12181111264, 1.73103324241, 1.16188847296, 3.52551727935, 1.13918807536, 1.13490544214, 2.8623982852, 5.45050391224, 0.813256493126, 2.36299958989, 1.00635978908, 0.786407302458, 1.59815066731, 1.02452888977, 0.947130261106, 9.72769267263, 0.937966410557, 0.972666317636, 404.949773761, 0.890224808024, 4.63333720476, 0.967821709347, 2.16818665937, 0.983774476263, 568.352170052, 21.0338313366, 1414.55049118, 1.60857908847
1.46108950385, 1.22739170975, 1.03925377988, 0.867856205315, 2.18999458773, 0.768277465615, 5.00176096963, 1.0941495105, 1.1358471994, 2.58836250529, 6.32230566874, 1.04671735488, 4.94944106692, 0.994779660814, 0.811069416195, 1.03378288481, 1.0915411983, 0.873548121441, 8.84530369995, 1.09533708499, 0.950695251256, 374.643165187, 1.03715745908, 5.60121504794, 1.16544646127, 2.81900588926, 1.22383979365, 1058.66995235, 43.1809700815, 2317.47353292, 0.0
1.28305773549, 1.12049446069, 0.957584786726, 0.813076236894, 3.32349861257, 1.13390418089, 5.95427249667, 1.19716783492, 1.06305782157, 1.2693555906, 6.74932275185, 1.03687866494, 3.22395956804, 1.01181838565, 0.962973728596, 1.29879524943, 1.02778093472, 1.07236069854, 9.96275203853, 1.09813796402, 0.988007762402, 316.875672392, 1.10292367773, 3.24810859052, 0.96248975062, 3.7012327649, 1.29201741944, 609.271693551, 17.4112718322, 2464.44288434, 6.70241286863
1.40490555154, 1.04473770539, 1.64432705877, 1.0903174136, 4.45509893491, 1.1703120242, 3.82171432914, 1.02540980446, 1.12297326187, 2.63127423724, 4.46465661163, 1.07870696512, 4.53318463394, 0.907224854079, 0.805808696539, 1.34602047279, 1.11338342057, 1.20629804886, 9.53570342562, 1.03098056905, 0.855232173887, 18.2874362705, 0.881085506367, 4.74578310905, 1.0754979548, 4.25575011963, 1.2041991155, 783.594941151, 38.7117465324, 12998.7828111, 0.0
2.45099879086, 1.24080360139, 0.998483979706, 0.944885240897, 3.38865290641, 0.731022927348, 2.19154246934, 0.988154423251, 1.03390164508, 4.66959860418, 1.83747366597, 0.960766944992, 4.96280868375, 1.0684587022, 0.91909007717, 1.34594503536, 1.16020022871, 0.986694360806, 5.05281784669, 0.931590302384, 0.791004678898, 253.014701959, 0.970355550756, 3.834891524, 0.982878165549, 1.76325056221, 1.20613219971, 387.325817729, 23.0382792903, 1728.30654957, 1.34048257373
5.93168329649, 1.1631893914, 1.15776600828, 1.14633508225, 2.38905908778, 1.18062597653, 5.71333661401, 0.883786209914, 1.11300238897, 5.68961368899, 6.49676883957, 1.09745452965, 2.10522203812, 1.12083257429, 1.00182479288, 1.07625818749, 1.02537454211, 1.20455589836, 9.39247396752, 1.16360232296, 0.878346616531, 98.2494183317, 1.08483365471, 1.39289183052, 1.20221478131, 3.20006995172, 0.935751212305, 689.874665974, 27.4482514504, 2901.05264284, 0.536193029491
3.74223806924, 1.03226195232, 1.71387775541, 0.984744419563, 6.56722302665, 0.862340072812, 5.41829451638, 0.841707648747, 0.936966706462, 2.77200394646, 4.10986804367, 1.20156261016, 5.02386231107, 0.987402707947, 1.04538091382, 1.15271347294, 1.01652567001, 0.89080266366, 7.85599268722, 1.0372965949, 0.935020866467, 7.22715864668, 0.869455275262, 5.4250544303, 1.19374225958, 4.67012615247, 0.908764683801, 809.027471196, 38.1034621847, 4027.24743526, 0.0
2.44165699724, 1.0850705329, 0.912672766579, 0.836743291324, 2.56594882762, 1.00915156016, 2.75155503698, 1.24947537047, 0.913125218887, 1.72494650953, 5.38174356227, 1.12731075492, 2.5106570157, 1.20726525028, 1.06041709542, 1.13390774896, 1.0230184891, 1.08615454247, 5.02703061526, 1.18212845569, 0.967793695607, 401.170187264, 0.877933638792, 1.93082744209, 0.963645070842, 1.13024048181, 1.05141243245, 1009.20147053, 40.8107913014, 5435.77828601, 0.0
3.51420541962, 1.34790295223, 1.63023053467, 0.801308424192, 6.83414767914, 1.10791176429, 3.95791952886, 1.11764494528, 1.11189580039, 4.14533611746, 2.11197204633, 1.06366108998, 3.08400166627, 0.958814005882, 1.06699437466, 1.34250514344, 1.15112918344, 1.12057103038, 9.87544915749, 1.03109230087, 0.966171201116, 166.55948582, 1.11837414493, 2.26388360144, 1.18770346171, 1.62413385845, 1.17529806356, 1505.79139367, 45.5052415905, 2321.12860165, 0.268096514745
5.22537591982, 1.34169247959, 1.39297969684, 0.993796981623, 4.90492913382, 0.838752746582, 4.80131339849, 0.971868816456, 1.0040352436, 4.84558534739, 3.86768507126, 0.910287550423, 1.91024580852, 1.22851553852, 0.885772468157, 1.60095314589, 1.02275100681, 0.871226578722, 8.24184675303, 1.02333302362, 0.769546920419, 168.591527751, 1.09878269345, 5.14610404519, 1.2247593606, 4.08479538645, 1.13569273527, 1612.49108619, 34.1069620592, 5800.2430049, 0.0
1.27311254112, 1.18969663459, 1.68896950234, 1.16742863511, 5.91574135155, 0.978639898389, 4.2017784511, 1.21575864187, 1.07736019043, 4.33244121737, 1.58966924159, 0.941300792739, 2.85519604552, 0.936305331476, 0.93017822551, 1.01190725575, 1.12309811762, 0.81007065024, 6.2726907247, 1.03901921533, 0.780902399296, 165.613376858, 1.01114740848, 1.94613329198, 1.23161124691, 3.31438212096, 1.27367255282, 576.491060882, 25.5042417535, 1864.77159033, 0.804289544236
3.73012723959, 1.18657193012, 1.63460055177, 0.956951456104, 6.685104311, 1.16635256312, 3.21000906365, 0.89212842935, 0.945380445839, 4.89593135072, 3.30791006112, 1.06385867954, 3.99126295915, 0.958036885384, 0.900187665172, 1.04192197203, 1.09241872919, 1.13839400339, 8.65808582365, 1.02841754628, 0.91419277941, 207.496728083, 0.957206919693, 5.47646777838, 1.05639228684, 4.80153419917, 1.25819344795, 556.561781916, 17.701638434, 2709.38302312, 4.28954423592
4.45286620467, 1.07234205453, 1.65010206537, 0.980625649433, 5.9711891948, 1.12354466884, 3.06285548103, 1.0520756543, 1.00333739252, 4.08208773788, 1.71729190748, 1.00526580056, 2.51569618873, 0.944818907922, 0.996227696957, 1.17974276408, 1.07139829332, 0.954746200469, 7.87372185416, 1.00709525518, 0.89688639992, 106.437922562, 1.00477964915, 1.78465465299, 1.23031124338, 2.87859080973, 1.10724275848, 899.686880631, 28.0899260125, 3218.58091844, 0.536193029491
5.55397574083, 1.15175334669, 0.975373861384, 1.03967939906, 3.64840544133, 0.769404774423, 2.66373803853, 0.864094804204, 1.02829725663, 4.37751076155, 3.48294517707, 0.997071476587, 1.75255008707, 0.93851371994, 0.854871500867, 1.35821339042, 1.01596649183, 0.961353035712, 3.68543386442, 0.963135149671, 0.808932399727, 140.984639153, 1.10655000715, 4.46170792554, 1.02307142912, 4.11600679114, 0.978110376785, 1417.04022906, 26.8850889994, 4368.39901098, 0.536193029491
3.51420541962, 1.22806768741, 1.12931752264, 0.83120761411, 5.31162860617, 1.10791176429, 3.33988521139, 0.852405439447, 1.04397909044, 2.81711083836, 1.75845778428, 0.864065157772, 4.33650696558, 1.28528618989, 0.85722901462, 1.34250514344, 1.0801176195, 1.01801577291, 8.71753015768, 0.924802586469, 0.772147495098, 14.7580082557, 1.09390786326, 2.24568283944, 1.05323842334, 3.00508816046, 1.12868825916, 2323.92840059, 51.7786114164, 3214.56299528, 0.0
4.29968702304, 1.03540620957, 1.27211383784, 1.20395910904, 2.0585277141, 0.730428410074, 1.54092288726, 1.16378337422, 1.13066909966, 1.43246975674, 5.64060325458, 1.05482776833, 4.87462059261, 1.10015896432, 0.85728753692, 1.33386144203, 1.08948858917, 1.10412626912, 6.93594497717, 1.01136684733, 0.869443434505, 233.597039755, 0.862384056185, 3.97263674388, 0.952971008591, 4.74522708013, 1.14091689861, 1506.49241411, 35.183501974, 10311.703815, 0.268096514745
4.03944757451, 1.33301343728, 1.34987432898, 0.955628372323, 4.17177612723, 0.83195672025, 1.4415324241, 1.24233308233, 0.933097985278, 3.49649834441, 2.38938858061, 0.909478199454, 3.61774367823, 0.85839203697, 0.920759923525, 1.3030146821, 1.07087304224, 0.857314702959, 7.52125338683, 1.17783182592, 0.939626312573, 210.514124364, 1.02899991888, 2.73160734354, 1.07492758696, 1.88140890478, 0.973304658068, 363.876787632, 29.8577905821, 2206.2531248, 1.07238605898
5.20201137563, 1.34603358056, 1.51186543495, 0.806913563783, 5.84108261896, 1.11814549266, 3.29771024671, 0.876185764116, 1.05837044151, 4.5846501935, 5.10077038792, 0.97735817392, 1.92003784863, 1.24343338311, 0.885955595186, 1.59525716403, 1.05758433451, 1.21962858495, 4.99943250928, 1.0243803408, 0.780902399296, 378.083744534, 1.04248987634, 4.155623555, 1.13496026961, 4.5132115916, 0.991537005065, 2131.15203051, 38.5890903535, 8581.62189759, 0.0
2.94398475852, 1.36784733651, 1.06094875122, 0.838742805364, 6.95926049465, 1.07961520954, 4.64370520816, 1.07181942542, 0.926323918435, 4.88802187688, 7.53537772743, 1.07205604413, 3.93299501532, 1.2313762916, 0.796300795665, 1.55345587543, 1.0090707762, 1.21672987032, 5.63683566712, 1.17783182592, 0.972410675169, 17.7406285479, 1.12727093251, 4.81500961407, 1.0391114317, 3.54318066845, 0.991984368939, 512.701187831, 19.9674923713, 794.093030585, 4.82573726542
3.73012723959, 1.18657193012, 1.5947605738, 0.956951456104, 6.685104311, 1.16635256312, 3.21000906365, 0.89212842935, 1.04961065072, 4.89593135072, 3.30791006112, 1.06385867954, 3.99126295915, 0.958036885384, 0.900187665172, 1.04192197203, 1.09241872919, 1.13839400339, 8.65808582365, 1.02841754628, 0.91419277941, 110.332138362, 1.17103532961, 5.47646777838, 1.05639228684, 3.62090829956, 1.23050028957, 1953.95800915, 51.7227827752, 4409.45198702, 0.0
4.42868338818, 1.19616556517, 1.40391644062, 0.97774549983, 3.52501254002, 1.06169068611, 2.4118544817, 0.97650491728, 1.04313874263, 3.22897966768, 5.15057462912, 0.942555155196, 2.06351093378, 0.898637376241, 0.93786093432, 1.24411145882, 1.04941897173, 1.08618369024, 8.52189184126, 1.12764044709, 0.995359674287, 228.674688701, 0.874983370198, 4.52677191492, 1.04257018666, 3.79649588101, 1.28812032951, 1528.57760439, 45.6325265919, 6902.13580363, 0.0
