0.648424575699, 0.942371658579, 2.04762426632, 0.494276390644, 24.4798332501, 41.588674057, 2.39263288267, 1.07484598232, 30.7790956696, 239.795414489, 0.439089868071, 0.503623188406
0.58879191119, 0.890601963845, 2.68076436542, 0.497753736934, 41.2482351392, 48.1659525301, 3.80765268464, 1.02842542907, 40.778309442, 501.518025983, 0.401408809525, 0.447495961228
0.64957978077, 0.91689600612, 2.14039281974, 0.484248494001, 25.2561512877, 43.2658255927, 2.94262915134, 1.87364189225, 43.7592852543, 290.420283298, 0.458331289926, 0.430769230769
0.657311242322, 0.868520475751, 2.11915715796, 0.439279768763, 24.4798332501, 44.765085728, 2.16355620272, 0.518023263957, 20.5298381625, 226.822000849, 0.549697651044, 0.0988372093023
0.518607620671, 1.2292407417, 2.3973677147, 0.457921343722, 48.6101864387, 40.275260993, 2.30979819842, 1.60284222444, 26.1554756623, 363.826250254, 0.420898235783, 0.152380952381
0.658848724323, 0.824137355732, 2.23770829201, 0.484248494001, 15.3013240067, 46.6216741799, 2.82612891475, 1.07278246248, 20.5298381625, 264.413048448, 0.422417021047, 0.577049180328
0.744690579626, 1.1468459209, 2.01579066899, 0.36516567542, 7.94213056693, 40.0800437876, 2.91618048397, 1.07630249938, 31.3139442493, 333.589255276, 0.390210086476, 0.460396039604
0.558009679114, 0.879623780326, 3.70003377259, 0.305160120412, 13.2380176751, 41.4111483574, 2.80377356409, 2.52658067637, 42.3058172858, 572.331034035, 0.430428588131, 0.0566037735849
0.620810927888, 0.929473948781, 2.04762426632, 0.496279174219, 36.9582438933, 42.736936292, 2.26286285669, 3.78267613134, 30.7790956696, 326.90794843, 0.435128000652, 0.0
0.50340292823, 0.969940879947, 6.53254493823, 0.457221844895, 42.0071039748, 40.1470036249, 2.69995331291, 1.6935911198, 39.9172237766, 1067.19156422, 0.418281037566, 0.127450980392
0.529748017278, 0.929473948781, 2.04762426632, 0.439279768763, 17.0766289083, 45.6586678946, 2.16355620272, 1.59777610537, 42.1570825081, 250.196801476, 0.398534133773, 0.57960199005
0.50340292823, 0.969940879947, 5.64507475143, 0.457221844895, 45.8947834221, 40.964623988, 2.69995331291, 1.6935911198, 34.1991766222, 833.70684382, 0.368551599622, 0.263803680982
0.563731713633, 0.936158302699, 2.2071783994, 0.492564780705, 2.16717452982, 43.0892342837, 2.16355620272, 1.71062500194, 26.8220225418, 256.675556797, 0.472647397902, 0.0
0.599389729539, 0.874159873803, 2.2071783994, 0.439279768763, 17.0766289083, 45.6586678946, 2.16355620272, 1.59777610537, 40.2218340567, 244.721193009, 0.448928470157, 0.464174454829
0.50340292823, 0.820718014433, 2.2071783994, 0.439279768763, 11.8775825102, 45.6586678946, 2.69995331291, 1.59777610537, 42.430732446, 306.138038526, 0.426576120775, 0.485849056604
0.620810927888, 0.929473948781, 2.04762426632, 0.496279174219, 36.9582438933, 42.736936292, 2.92648800648, 1.49967364303, 30.7790956696, 325.974711963, 0.430700477902, 0.135922330097
0.500530182217, 1.01728043572, 2.14039281974, 0.267316602858, 42.0071039748, 40.1470036249, 2.82612891475, 1.49967364303, 25.4003355964, 293.567067042, 0.418148858591, 0.574829931973
0.64957978077, 0.864098792418, 2.14039281974, 0.484248494001, 25.2561512877, 45.6523513478, 2.82612891475, 2.99800837164, 31.3139442493, 226.288184827, 0.568442157207, 0.0
0.563731713633, 0.936158302699, 2.2071783994, 0.492564780705, 2.16717452982, 43.0892342837, 2.16355620272, 1.71062500194, 26.8220225418, 238.162153251, 0.482143222004, 0.0
0.563731713633, 0.850838323283, 2.2071783994, 0.492564780705, 2.16717452982, 49.709363362, 2.16355620272, 1.71062500194, 27.6241141037, 273.864740633, 0.466898910591, 0.406542056075
0.563731713633, 0.91689600612, 3.23199685433, 0.492564780705, 2.16717452982, 43.0892342837, 2.14552239192, 1.71062500194, 32.6908458007, 440.393218671, 0.425974221934, 0.298245614035
0.50340292823, 0.969940879947, 4.23953925624, 0.43537558822, 4.48975251194, 40.1470036249, 3.96773629065, 1.59777610537, 38.549674707, 794.531943677, 0.422305531654, 0.426966292135
0.50340292823, 0.969940879947, 4.23953925624, 0.43537558822, 4.48975251194, 40.1470036249, 3.96773629065, 1.59777610537, 38.549674707, 807.423895581, 0.416546711287, 0.460797799175
0.501203461198, 0.969940879947, 6.53254493823, 0.243127611073, 42.0071039748, 45.6586678946, 2.69995331291, 1.49967364303, 39.9172237766, 830.521798453, 0.392251643961, 0.635294117647
0.520084412188, 1.2292407417, 2.47908124945, 0.457921343722, 48.6101864387, 42.736936292, 2.30979819842, 1.60284222444, 26.1554756623, 422.865955642, 0.419739746666, 0.568345323741
0.659083425306, 1.2292407417, 2.47908124945, 0.457921343722, 48.6101864387, 41.588674057, 2.30979819842, 1.60284222444, 26.1554756623, 451.269709916, 0.404766345777, 0.53164556962
0.582347764108, 1.08088957388, 2.68766396786, 0.458756534982, 19.6723593624, 46.3723247923, 2.1230645208, 3.46438879046, 27.8089608468, 349.50690258, 0.471316025049, 0.0
0.583492540255, 1.13982680159, 5.99996591404, 0.444704345889, 11.3734606662, 42.03006016, 2.77965469723, 1.50115403612, 42.0597538863, 1209.35693553, 0.436523071461, 0.04
0.529748017278, 0.908491885898, 3.17287699876, 0.395380901457, 2.36403572846, 43.8676795849, 3.71862444486, 4.10759065454, 30.7598372644, 498.454220573, 0.461701698812, 0.00564971751412
0.520084412188, 1.2292407417, 2.47908124945, 0.457921343722, 33.4182776322, 46.6216741799, 2.30979819842, 3.8629732615, 26.1554756623, 369.788510706, 0.46631173399, 0.0215827338129
0.50340292823, 0.969940879947, 6.53254493823, 0.457221844895, 42.0071039748, 40.1470036249, 2.69995331291, 1.6935911198, 39.9172237766, 1155.86661678, 0.451423342781, 0.0
0.500530182217, 1.16734313611, 2.14039281974, 0.267316602858, 42.0071039748, 40.1470036249, 2.82612891475, 1.49967364303, 31.3139442493, 338.686630945, 0.455264987815, 0.0515463917526
0.563731713633, 0.936158302699, 5.10005598542, 0.492564780705, 2.16717452982, 43.0892342837, 2.16355620272, 1.71062500194, 26.8220225418, 561.629856227, 0.452498120647, 0.0
0.53976438777, 0.859155446862, 4.23953925624, 0.296249622145, 0.69919833641, 40.1470036249, 3.96773629065, 1.49967364303, 39.9172237766, 643.235193128, 0.400116993562, 0.654285714286
0.50340292823, 0.820718014433, 2.2071783994, 0.439279768763, 49.6128275375, 45.6586678946, 2.69995331291, 1.59777610537, 41.707345044, 356.764768178, 0.403525833618, 0.615384615385
0.54818829859, 0.857884897864, 2.17351942178, 0.438856287603, 2.09745663855, 49.709363362, 2.94262915134, 1.4212304792, 39.5400763851, 309.594916634, 0.412913830167, 0.6
0.535172857851, 0.936158302699, 4.23953925624, 0.249566795854, 17.124667458, 41.1103013893, 3.96370854967, 1.02982509416, 23.6687580855, 602.207400065, 0.39931132406, 0.673207036536
0.500530182217, 1.19125884692, 5.10005598542, 0.43537558822, 42.0071039748, 40.1470036249, 2.1230645208, 1.49967364303, 42.0381336625, 1092.60372704, 0.412792035337, 0.358823529412
0.500530182217, 1.19125884692, 5.10005598542, 0.267316602858, 42.0071039748, 40.1470036249, 2.1230645208, 1.49967364303, 42.0381336625, 1072.55906314, 0.420404815197, 0.405940594059
0.50340292823, 0.969940879947, 6.53254493823, 0.457221844895, 42.0071039748, 40.1470036249, 2.69995331291, 1.6935911198, 39.9172237766, 971.795900409, 0.393114351105, 0.574132492114
0.535172857851, 0.969940879947, 6.53254493823, 0.249566795854, 42.0071039748, 40.1470036249, 3.96773629065, 1.6935911198, 33.2350460432, 1200.12692317, 0.390636609849, 0.595528455285
0.531941597323, 1.22048257671, 5.99996591404, 0.444704345889, 6.06457866541, 42.03006016, 2.4750744521, 1.50115403612, 42.0597538863, 1502.90458316, 0.409564855673, 0.42600896861
0.518607620671, 1.2292407417, 2.47908124945, 0.457921343722, 33.4182776322, 42.736936292, 2.30979819842, 1.60284222444, 26.1554756623, 306.915678364, 0.472715097146, 0.264
0.518607620671, 0.824137355732, 2.23770829201, 0.279424921763, 15.3013240067, 46.6216741799, 2.72429929882, 1.07278246248, 20.5298381625, 265.55864045, 0.452430983928, 0.570063694268
0.658848724323, 0.824137355732, 2.23770829201, 0.279424921763, 15.3013240067, 46.6216741799, 2.72429929882, 1.07278246248, 20.5298381625, 262.121420549, 0.46681698205, 0.641176470588
0.563731713633, 0.899432724196, 2.2071783994, 0.492564780705, 2.16717452982, 43.0892342837, 2.16355620272, 1.71062500194, 26.8220225418, 280.777245186, 0.457796244204, 0.564912280702
0.56354040004, 0.929473948781, 2.01794753113, 0.494276390644, 24.4798332501, 41.588674057, 3.68284937655, 1.31998882412, 30.7790956696, 389.123899491, 0.430597784569, 0.546948356808
0.658848724323, 1.2292407417, 2.47908124945, 0.457921343722, 33.4182776322, 42.736936292, 2.30979819842, 1.60284222444, 26.1554756623, 398.750390731, 0.451942660765, 0.251308900524
0.648424575699, 0.929473948781, 2.04762426632, 0.494276390644, 24.4798332501, 41.588674057, 3.68284937655, 1.07484598232, 30.7790956696, 374.195990621, 0.446271331528, 0.402898550725
0.56354040004, 0.929473948781, 2.01794753113, 0.494276390644, 23.9991455349, 41.588674057, 3.68284937655, 1.31998882412, 39.5852719056, 383.741510155, 0.438892701347, 0.265593561368
0.50340292823, 0.863520793747, 2.2071783994, 0.439279768763, 9.8596856432, 45.6586678946, 2.98709828407, 1.59777610537, 40.2218340567, 341.416524977, 0.443819297059, 0.461139896373
0.533306177317, 0.859155446862, 2.87066019353, 0.254789091285, 0.69919833641, 45.4474611928, 2.36784725879, 1.28007497532, 43.2507955393, 394.470676436, 0.431045618627, 0.4375
0.50340292823, 0.969940879947, 6.53254493823, 0.457221844895, 42.0071039748, 45.6586678946, 2.69995331291, 1.59777610537, 39.9172237766, 991.816882408, 0.450805748845, 0.22641509434
0.531941597323, 1.13709724037, 3.75517565924, 0.452627554741, 45.7721614835, 49.709363362, 3.82942218964, 1.21862699342, 40.4845994041, 828.855346435, 0.445241384396, 0.240480961924
0.657311242322, 0.868520475751, 2.11915715796, 0.439279768763, 24.4798332501, 45.8688314114, 2.16355620272, 1.59777610537, 37.7724143492, 333.764893804, 0.451171680709, 0.576271186441
0.757873673458, 0.835858544046, 2.23770829201, 0.279424921763, 5.77206434318, 43.5296560107, 2.72429929882, 0.43460821814, 26.1554756623, 235.665470627, 0.604489862205, 0.37109375
0.538473111621, 0.913919920202, 2.36051886036, 0.280421008413, 19.7978672427, 46.6216741799, 2.73990882406, 0.518023263957, 20.5298381625, 226.425900143, 0.599364410285, 0.38125
0.744690579626, 0.929473948781, 2.01579066899, 0.44868611237, 7.94213056693, 40.0800437876, 2.91618048397, 3.78267613134, 31.3139442493, 242.249894911, 0.544091936903, 0.434615384615
0.610779242252, 0.929473948781, 2.04762426632, 0.496279174219, 6.26565894234, 40.9170528032, 2.26286285669, 3.78267613134, 30.7790956696, 249.318034796, 0.528094242866, 0.483240223464
0.54818829859, 0.857884897864, 2.17351942178, 0.438856287603, 2.09745663855, 49.709363362, 2.94262915134, 1.4212304792, 39.5400763851, 251.015304317, 0.492972603114, 0.22602739726
0.515347464979, 0.943441200623, 2.2071783994, 0.492564780705, 2.16717452982, 43.0892342837, 2.16355620272, 1.71062500194, 26.8220225418, 254.895059015, 0.49535425248, 0.0
0.64957978077, 0.864098792418, 2.2071783994, 0.390907336524, 25.2561512877, 45.6586678946, 2.82612891475, 2.99800837164, 42.9410130915, 281.600196368, 0.482451649187, 0.0254237288136
0.64957978077, 0.851615457576, 2.14039281974, 0.282169323637, 25.2561512877, 45.6523513478, 2.72429929882, 2.99800837164, 42.9410130915, 250.367850302, 0.561256982835, 0.00925925925926
0.510002380967, 0.913919920202, 2.24202842959, 0.280421008413, 19.7978672427, 42.736936292, 2.73990882406, 1.60284222444, 20.5298381625, 275.438726032, 0.486693560989, 0.384615384615
0.529748017278, 0.929473948781, 2.04762426632, 0.439279768763, 17.0766289083, 45.6586678946, 2.16355620272, 1.59777610537, 42.1570825081, 293.341087957, 0.472068612943, 0.471830985915
0.790976053916, 0.899432724196, 2.2071783994, 0.492564780705, 1.32559801374, 47.5626113393, 2.16355620272, 1.71062500194, 26.8220225418, 295.1013794, 0.472299799937, 0.434042553191
0.601162195938, 1.04074958579, 5.64507475143, 0.457221844895, 36.4713991531, 41.2857440695, 2.42881583261, 3.30060160916, 34.1991766222, 809.454276223, 0.459761914173, 0.0
0.533306177317, 0.859155446862, 4.85754236879, 0.254789091285, 0.69919833641, 45.4474611928, 2.36784725879, 1.28007497532, 43.2507955393, 702.284197774, 0.406621487833, 0.69375
0.583492540255, 1.22048257671, 5.99996591404, 0.444704345889, 6.06457866541, 42.03006016, 2.77965469723, 1.50115403612, 42.0597538863, 1460.25346316, 0.391948880633, 0.613559322034
0.757873673458, 0.835858544046, 2.23770829201, 0.279424921763, 5.77206434318, 40.311477994, 2.72429929882, 0.43460821814, 27.7985454569, 238.878482183, 0.61502380169, 0.408637873754
0.734025249606, 1.00242684535, 2.36051886036, 0.225847046741, 25.2561512877, 47.5594716226, 2.34950225886, 0.621425968111, 20.5298381625, 251.938447491, 0.632189019697, 0.0423728813559
0.610779242252, 0.929473948781, 2.04762426632, 0.497824765799, 6.26565894234, 40.9170528032, 2.26286285669, 0.621425968111, 30.7790956696, 253.819883859, 0.568401717452, 0.137404580153
0.535172857851, 0.969940879947, 6.53254493823, 0.249566795854, 42.0071039748, 40.1470036249, 3.96773629065, 1.6935911198, 39.9172237766, 1170.8067743, 0.408062940475, 0.603561387067
0.601162195938, 1.04074958579, 5.64507475143, 0.457221844895, 36.4713991531, 41.2857440695, 2.69995331291, 1.3727542468, 34.1991766222, 836.313844414, 0.448811487967, 0.265536723164
0.500530182217, 1.19125884692, 5.10005598542, 0.267316602858, 42.0071039748, 40.1470036249, 2.1230645208, 1.49967364303, 42.0381336625, 1035.22135703, 0.396914211339, 0.648734177215
0.64957978077, 0.91689600612, 2.14039281974, 0.484248494001, 25.2561512877, 43.2658255927, 2.82612891475, 2.35417067789, 43.7592852543, 256.134682694, 0.528724902637, 0.353658536585
0.500530182217, 0.969940879947, 5.10005598542, 0.43537558822, 42.0071039748, 40.1470036249, 3.96773629065, 1.49967364303, 39.9172237766, 948.621829436, 0.439606363532, 0.279922779923
0.659083425306, 1.00136810848, 3.75517565924, 0.454936377448, 13.8228432703, 40.275260993, 2.09718483989, 3.26561804593, 36.8062168019, 477.443863399, 0.472241805614, 0.0860927152318
0.50340292823, 0.969940879947, 6.53254493823, 0.457221844895, 42.0071039748, 45.6586678946, 2.69995331291, 1.59777610537, 43.3654482273, 1091.26707569, 0.438123089845, 0.393939393939
0.64957978077, 0.864098792418, 2.14039281974, 0.484248494001, 25.2561512877, 45.6523513478, 2.82612891475, 2.35417067789, 43.1522800644, 258.273387908, 0.53345802182, 0.0
0.535172857851, 0.936158302699, 4.23953925624, 0.249566795854, 14.5072906791, 41.1103013893, 3.96370854967, 1.39232603834, 32.5123397467, 650.397869611, 0.458294764704, 0.196868008949
0.500530182217, 0.969940879947, 5.10005598542, 0.43537558822, 42.0071039748, 40.1192352494, 3.97375133148, 1.59777610537, 39.9172237766, 828.792083032, 0.422412723923, 0.51051625239
0.658848724323, 0.824137355732, 2.23770829201, 0.282169323637, 15.3013240067, 46.6216741799, 2.72429929882, 1.07278246248, 20.5298381625, 273.999384243, 0.496363443016, 0.159292035398
0.538473111621, 0.913919920202, 2.24202842959, 0.280421008413, 19.7978672427, 46.6216741799, 2.73990882406, 3.8629732615, 20.5298381625, 264.711008472, 0.533212215939, 0.224242424242
0.531941597323, 0.880498383595, 3.25633463015, 0.439279768763, 19.9545251832, 44.2198479854, 3.96370854967, 1.59777610537, 34.5447163191, 556.694381191, 0.420891599573, 0.546296296296
0.50340292823, 0.969940879947, 6.53254493823, 0.43537558822, 42.0071039748, 40.1470036249, 3.96773629065, 1.6935911198, 39.9172237766, 1119.70300077, 0.42758721756, 0.448275862069
0.54818829859, 0.857884897864, 2.17351942178, 0.438856287603, 2.09745663855, 49.709363362, 2.94262915134, 1.4212304792, 39.5400763851, 279.741689636, 0.504090837951, 0.0
0.53976438777, 0.859155446862, 4.23953925624, 0.296249622145, 0.69919833641, 40.1470036249, 3.96773629065, 1.49967364303, 39.9172237766, 625.86033666, 0.470436537473, 0.144124168514
0.64957978077, 0.864098792418, 2.14039281974, 0.484248494001, 25.2561512877, 45.6523513478, 2.82612891475, 2.99800837164, 42.9410130915, 256.932478925, 0.615878934773, 0.0
0.500530182217, 0.969940879947, 2.2071783994, 0.43537558822, 42.0071039748, 40.1192352494, 3.97375133148, 1.59777610537, 39.9172237766, 425.016993189, 0.453419709861, 0.343339587242
0.53976438777, 0.859155446862, 4.23953925624, 0.296249622145, 0.69919833641, 40.1470036249, 3.96773629065, 1.49967364303, 39.9172237766, 753.833426456, 0.419631867009, 0.535575679172
0.744690579626, 1.1468459209, 2.01579066899, 0.44868611237, 7.94213056693, 40.0800437876, 2.91618048397, 3.39135925037, 31.3139442493, 365.842373797, 0.502572057266, 0.0285714285714
0.518607620671, 1.2292407417, 2.47908124945, 0.457921343722, 48.6101864387, 42.736936292, 2.30979819842, 1.60284222444, 26.1554756623, 444.826766775, 0.478652987613, 0.314917127072
0.500139745243, 0.969940879947, 5.10005598542, 0.43537558822, 42.0071039748, 40.1470036249, 3.96773629065, 1.49967364303, 39.9172237766, 982.622135429, 0.435018460869, 0.4421875
0.557450912576, 0.880498383595, 3.25633463015, 0.439279768763, 19.9545251832, 44.842015126, 3.96370854967, 1.59777610537, 25.2835249077, 504.700691942, 0.408452041759, 0.630357142857
0.563731713633, 0.91689600612, 3.23199685433, 0.492564780705, 2.16717452982, 43.0892342837, 2.16355620272, 1.71062500194, 32.6908458007, 484.196309559, 0.436315170772, 0.473404255319
0.53976438777, 1.17100320564, 2.24925491144, 0.296249622145, 49.5797781359, 45.5668629471, 3.54792239382, 1.4212304792, 40.0214620643, 492.537704402, 0.411793780362, 0.668730650155
0.520084412188, 1.2292407417, 2.47908124945, 0.457921343722, 33.4182776322, 42.736936292, 2.30979819842, 1.60284222444, 26.1554756623, 386.624204904, 0.439678344544, 0.440170940171
0.50340292823, 0.820718014433, 2.2071783994, 0.439279768763, 11.8775825102, 45.6586678946, 2.69995331291, 1.59777610537, 42.430732446, 358.431508066, 0.470831056481, 0.315384615385
0.520084412188, 1.2292407417, 2.47908124945, 0.471647378972, 33.4182776322, 42.736936292, 2.30979819842, 1.60284222444, 27.7985454569, 460.265182764, 0.417256934755, 0.585551330798
