2.0, 2.0, 0.0, 2.0, 3.0, 1.0, 2.0, -1.0, 1.0, 2.0, 1.0, 1.0, -1.0, 2.0, 3.0, 0.0, -1.0, 0.0, -1.0, 2.0, 3.0, 0.0, 0.0, 2.0, 0.0, 3.0, 1.0, 0.0, -1.0, 3.0, -1.0, -1.0, 3.0, 0.0, 0.0, -1.0, 1.0, 2.0, -1.0, 1.0, 1.0, 3.0, 2.0, 3.0, 0.0, 0.0, 1.0, 0.0, 1.0, 2.0, 96712.0, 565.0, 99468.0
1.0, 1.0, 1.0, 1.0, 0.0, 2.0, 0.0, 0.0, 2.0, 3.0, 2.0, 0.0, 2.0, 2.0, 0.0, 3.0, 0.0, -1.0, 3.0, 3.0, 2.0, 2.0, -1.0, 2.0, 0.0, 1.0, 3.0, -1.0, 2.0, 0.0, 1.0, 1.0, 3.0, 3.0, 1.0, 2.0, 2.0, 0.0, -1.0, -1.0, 0.0, 0.0, 1.0, 0.0, 1.0, 2.0, 0.0, -1.0, 0.0, 2.0, 96222.0, 626.0, 99446.0
3.0, 1.0, 0.0, 0.0, 1.0, -1.0, 0.0, 2.0, 1.0, -1.0, -1.0, 1.0, -1.0, 0.0, 0.0, 0.0, 1.0, 0.0, -1.0, 3.0, 1.0, -1.0, 0.0, 2.0, -1.0, 2.0, 1.0, 0.0, 2.0, 3.0, -1.0, -1.0, 3.0, -1.0, 3.0, -1.0, 1.0, -1.0, 2.0, 2.0, 0.0, 0.0, -1.0, 2.0, 2.0, 2.0, 0.0, 3.0, 0.0, 1.0, 96714.0, 516.0, 99525.0
0.0, 2.0, 1.0, 2.0, 2.0, 0.0, 0.0, -1.0, 0.0, 0.0, 1.0, 2.0, 0.0, 2.0, 3.0, 1.0, 0.0, 0.0, 0.0, -1.0, 1.0, 0.0, 0.0, 1.0, 1.0, 0.0, 2.0, 0.0, -1.0, 2.0, 0.0, 0.0, 0.0, 0.0, 0.0, 2.0, 0.0, 0.0, 0.0, 0.0, 2.0, 0.0, 1.0, 1.0, 2.0, 0.0, 0.0, 0.0, 0.0, 1.0, 95659.0, 656.0, 99416.0
1.0, 1.0, 3.0, -1.0, 1.0, 0.0, -1.0, 3.0, 0.0, 0.0, 0.0, 1.0, 1.0, 2.0, 1.0, -1.0, 0.0, 3.0, 0.0, -1.0, 2.0, 0.0, 2.0, 0.0, 2.0, 1.0, 2.0, 0.0, -1.0, 2.0, 1.0, 0.0, -1.0, 1.0, 3.0, -1.0, 1.0, 3.0, -1.0, 2.0, -1.0, 2.0, 0.0, 3.0, 0.0, -1.0, 1.0, 0.0, 1.0, 0.0, 96642.0, 549.0, 99493.0
2.0, -1.0, -1.0, 0.0, 0.0, -1.0, 3.0, 1.0, 0.0, -1.0, 2.0, 1.0, -1.0, 1.0, 0.0, 3.0, 1.0, 2.0, -1.0, 2.0, 2.0, 1.0, 1.0, -1.0, 0.0, -1.0, 0.0, 0.0, 2.0, 3.0, 2.0, 1.0, 3.0, 2.0, 1.0, 1.0, -1.0, 1.0, -1.0, 3.0, -1.0, -1.0, 1.0, 2.0, 2.0, 3.0, 0.0, -1.0, 1.0, 1.0, 96932.0, 510.0, 99526.0
3.0, 3.0, 1.0, 2.0, 2.0, -1.0, -1.0, 0.0, 1.0, 3.0, 2.0, 0.0, -1.0, 0.0, 0.0, -1.0, 3.0, 1.0, 0.0, 0.0, -1.0, 0.0, 0.0, -1.0, 2.0, 0.0, 1.0, 0.0, 2.0, 1.0, 2.0, 0.0, -1.0, 2.0, 0.0, 0.0, 0.0, -1.0, 0.0, -1.0, -1.0, 0.0, 1.0, 3.0, 1.0, -1.0, 1.0, 0.0, 0.0, 0.0, 96492.0, 541.0, 99518.0
2.0, 3.0, 1.0, 0.0, 2.0, 2.0, 0.0, -1.0, 3.0, -1.0, -1.0, -1.0, -1.0, 1.0, 2.0, 0.0, -1.0, -1.0, -1.0, 3.0, 1.0, 3.0, 0.0, -1.0, 3.0, 3.0, -1.0, 2.0, -1.0, 0.0, 0.0, -1.0, 0.0, 2.0, 2.0, -1.0, -1.0, 2.0, -1.0, 2.0, 0.0, 3.0, 0.0, 1.0, 3.0, 1.0, 2.0, 3.0, 0.0, -1.0, 97213.0, 468.0, 99552.0
0.0, 2.0, -1.0, 2.0, -1.0, 1.0, 1.0, 3.0, 1.0, 2.0, -1.0, 1.0, 3.0, 2.0, 2.0, 2.0, -1.0, -1.0, 0.0, 2.0, 1.0, -1.0, 1.0, 0.0, 2.0, 3.0, 2.0, 0.0, -1.0, 0.0, 3.0, 0.0, 0.0, 3.0, 0.0, 1.0, 3.0, 2.0, 0.0, 3.0, 1.0, 1.0, 1.0, 1.0, 1.0, 0.0, 0.0, 3.0, 1.0, 0.0, 96473.0, 606.0, 99461.0
1.0, 1.0, 1.0, 1.0, 0.0, 2.0, 0.0, 0.0, 2.0, 3.0, 2.0, 0.0, 2.0, 2.0, 0.0, 3.0, 0.0, -1.0, 3.0, 3.0, 2.0, 2.0, -1.0, 2.0, 0.0, 1.0, 3.0, 2.0, 2.0, 0.0, 1.0, 1.0, 3.0, 3.0, 1.0, -1.0, 2.0, 0.0, -1.0, -1.0, 0.0, 0.0, 1.0, 0.0, 1.0, 2.0, 0.0, -1.0, 0.0, 2.0, 96225.0, 629.0, 99441.0
3.0, 3.0, 1.0, 2.0, 2.0, -1.0, -1.0, 0.0, 1.0, 3.0, 2.0, 0.0, -1.0, 0.0, 0.0, -1.0, -1.0, 1.0, 0.0, 0.0, -1.0, 0.0, 0.0, -1.0, 2.0, 0.0, 1.0, 0.0, 2.0, 1.0, 2.0, 0.0, -1.0, 2.0, 0.0, -1.0, 0.0, -1.0, 0.0, -1.0, -1.0, 0.0, 1.0, 3.0, 1.0, -1.0, 1.0, 0.0, 0.0, 2.0, 96695.0, 512.0, 99538.0
3.0, 1.0, 0.0, 0.0, 1.0, -1.0, 0.0, 2.0, 1.0, -1.0, -1.0, 1.0, -1.0, 0.0, 0.0, 0.0, 1.0, 0.0, -1.0, 3.0, 1.0, -1.0, 0.0, 2.0, -1.0, -1.0, 1.0, 0.0, 2.0, 3.0, -1.0, 1.0, 3.0, -1.0, 3.0, -1.0, 1.0, -1.0, 2.0, 2.0, 0.0, 0.0, -1.0, 2.0, 2.0, 2.0, 0.0, 3.0, 0.0, 1.0, 96681.0, 524.0, 99519.0
2.0, 0.0, -1.0, 0.0, 2.0, 0.0, 0.0, 2.0, 0.0, 1.0, 2.0, 0.0, 0.0, 0.0, 0.0, 0.0, 0.0, 2.0, 1.0, 0.0, 1.0, 0.0, 0.0, 2.0, 0.0, 0.0, 1.0, 0.0, 0.0, 0.0, 0.0, 0.0, 0.0, 1.0, 0.0, 0.0, 2.0, 0.0, 1.0, 1.0, 0.0, 0.0, 0.0, 0.0, 1.0, 1.0, 0.0, 2.0, 1.0, 0.0, 95069.0, 688.0, 99395.0
0.0, 2.0, 1.0, 2.0, 2.0, 0.0, 0.0, -1.0, 0.0, 3.0, 1.0, 2.0, 0.0, 2.0, 3.0, 1.0, 0.0, 0.0, 0.0, 3.0, 1.0, 0.0, 1.0, 1.0, 1.0, 0.0, 2.0, 0.0, 0.0, 0.0, 0.0, 0.0, 0.0, 0.0, 0.0, 2.0, 0.0, 0.0, 0.0, 0.0, 2.0, 0.0, 1.0, 1.0, 2.0, 0.0, 0.0, 0.0, 0.0, 1.0, 95506.0, 690.0, 99390.0
0.0, 2.0, -1.0, 2.0, 2.0, 2.0, 1.0, 3.0, 1.0, 2.0, -1.0, 1.0, 3.0, 2.0, 0.0, 2.0, -1.0, -1.0, 0.0, 2.0, 1.0, -1.0, 1.0, 3.0, 2.0, 3.0, 2.0, 0.0, 1.0, 0.0, 3.0, 0.0, 0.0, 3.0, 0.0, -1.0, 0.0, 2.0, 2.0, 3.0, 1.0, 1.0, 3.0, 1.0, 1.0, 0.0, 1.0, 3.0, 1.0, 0.0, 96456.0, 620.0, 99450.0
2.0, 2.0, 0.0, 2.0, 3.0, 1.0, 2.0, 1.0, 1.0, 2.0, 1.0, 1.0, -1.0, 2.0, 3.0, 0.0, -1.0, 0.0, -1.0, 2.0, 3.0, 0.0, 0.0, 2.0, 0.0, 3.0, 1.0, 0.0, -1.0, 3.0, -1.0, -1.0, 0.0, 0.0, 0.0, -1.0, 1.0, 2.0, -1.0, 1.0, 1.0, 3.0, 2.0, 3.0, 0.0, 0.0, 1.0, 0.0, 1.0, 2.0, 96557.0, 582.0, 99458.0
3.0, 1.0, 3.0, 0.0, 1.0, -1.0, 0.0, 2.0, 1.0, -1.0, 3.0, 1.0, -1.0, 0.0, 0.0, 0.0, 1.0, 0.0, -1.0, 3.0, 1.0, -1.0, 0.0, 2.0, -1.0, 2.0, 1.0, 0.0, 2.0, 3.0, -1.0, -1.0, 3.0, -1.0, 0.0, -1.0, 1.0, 0.0, 2.0, 2.0, 3.0, 0.0, -1.0, 2.0, 2.0, 2.0, 0.0, 3.0, 0.0, 1.0, 96694.0, 544.0, 99505.0
2.0, 0.0, 0.0, 0.0, 2.0, 0.0, 0.0, 2.0, 0.0, 1.0, 2.0, 0.0, 0.0, 0.0, 0.0, 0.0, 0.0, 2.0, 1.0, 0.0, 1.0, 0.0, 0.0, -1.0, 0.0, -1.0, 1.0, 0.0, 0.0, 0.0, -1.0, 0.0, 0.0, 1.0, 0.0, 0.0, 2.0, 0.0, 1.0, 1.0, 0.0, 0.0, 0.0, 0.0, 1.0, 1.0, 1.0, 2.0, -1.0, 0.0, 95387.0, 650.0, 99430.0
1.0, 1.0, 0.0, 0.0, 1.0, -1.0, 0.0, 2.0, 1.0, -1.0, -1.0, 1.0, -1.0, 0.0, 0.0, 0.0, -1.0, 0.0, -1.0, 3.0, 1.0, -1.0, -1.0, 2.0, -1.0, 2.0, 1.0, 0.0, 2.0, 3.0, -1.0, -1.0, 3.0, -1.0, 3.0, -1.0, 1.0, -1.0, -1.0, 2.0, 0.0, 0.0, -1.0, 2.0, 2.0, 2.0, 0.0, 3.0, 0.0, 1.0, 96882.0, 471.0, 99554.0
0.0, 2.0, -1.0, -1.0, 0.0, 2.0, 1.0, 3.0, 1.0, 2.0, -1.0, 1.0, 1.0, 2.0, 2.0, 2.0, 0.0, -1.0, 0.0, -1.0, 1.0, -1.0, 1.0, 0.0, 2.0, 3.0, 2.0, 0.0, 1.0, 0.0, 1.0, 0.0, 1.0, 3.0, 0.0, 1.0, 3.0, 2.0, 0.0, 1.0, 1.0, 1.0, 1.0, 1.0, 1.0, 0.0, 0.0, 3.0, 1.0, 0.0, 96236.0, 616.0, 99452.0
0.0, 0.0, 0.0, 1.0, 0.0, 0.0, 0.0, 0.0, 0.0, 0.0, 1.0, 0.0, 0.0, 0.0, 0.0, 1.0, 2.0, 0.0, 0.0, 0.0, 0.0, 0.0, 1.0, 0.0, 0.0, 1.0, 0.0, 0.0, 2.0, 0.0, 2.0, 0.0, 0.0, 2.0, 0.0, 0.0, 0.0, 1.0, 0.0, 0.0, 0.0, 1.0, 0.0, 0.0, 0.0, 0.0, 0.0, 0.0, 0.0, 0.0, 94844.0, 707.0, 99380.0
1.0, 1.0, 3.0, -1.0, 1.0, 0.0, -1.0, 3.0, 0.0, 0.0, 2.0, 1.0, 1.0, 2.0, 1.0, -1.0, 0.0, 3.0, 0.0, -1.0, 2.0, 0.0, 2.0, 0.0, 2.0, -1.0, 2.0, 0.0, -1.0, 2.0, 1.0, 0.0, -1.0, 1.0, 3.0, -1.0, 1.0, 3.0, -1.0, 2.0, -1.0, 2.0, 0.0, 3.0, 0.0, -1.0, 1.0, 0.0, 1.0, 0.0, 96739.0, 538.0, 99500.0
3.0, 3.0, 1.0, 2.0, 2.0, -1.0, -1.0, 0.0, 1.0, 3.0, 2.0, 0.0, -1.0, 0.0, 0.0, -1.0, 3.0, 1.0, 0.0, 0.0, -1.0, 0.0, 0.0, -1.0, -1.0, 0.0, 1.0, 0.0, 2.0, 1.0, 2.0, 0.0, -1.0, 2.0, 0.0, 0.0, 0.0, -1.0, 0.0, -1.0, -1.0, 0.0, 1.0, 3.0, 1.0, -1.0, 1.0, 0.0, 0.0, 0.0, 96531.0, 530.0, 99526.0
2.0, 3.0, -1.0, 0.0, 2.0, 2.0, 0.0, -1.0, 3.0, -1.0, -1.0, -1.0, -1.0, 1.0, 2.0, 0.0, -1.0, -1.0, -1.0, 3.0, 1.0, 3.0, 0.0, -1.0, 3.0, 3.0, -1.0, 2.0, -1.0, 0.0, 0.0, -1.0, 0.0, 2.0, 2.0, -1.0, -1.0, 2.0, -1.0, 2.0, 0.0, 3.0, 0.0, 1.0, 3.0, 1.0, 2.0, 3.0, 0.0, -1.0, 97311.0, 449.0, 99567.0
1.0, 1.0, 1.0, 1.0, 0.0, 2.0, 0.0, 0.0, 2.0, 3.0, 2.0, 0.0, 2.0, 2.0, 0.0, 3.0, 0.0, -1.0, 3.0, 3.0, 2.0, 0.0, -1.0, 2.0, 0.0, 1.0, 3.0, -1.0, 2.0, 0.0, 1.0, 1.0, 3.0, 3.0, 1.0, -1.0, 2.0, 0.0, -1.0, -1.0, 0.0, 0.0, 0.0, 0.0, 1.0, 2.0, 0.0, -1.0, 0.0, 2.0, 96217.0, 613.0, 99455.0
3.0, 3.0, 1.0, 2.0, 2.0, 0.0, -1.0, 0.0, 1.0, 3.0, 2.0, 0.0, -1.0, 0.0, 0.0, -1.0, 3.0, 1.0, 0.0, 0.0, -1.0, 0.0, 0.0, -1.0, 0.0, 0.0, 1.0, 2.0, 2.0, 1.0, 2.0, 0.0, 3.0, 2.0, 0.0, 2.0, 0.0, -1.0, 2.0, -1.0, 0.0, 3.0, 1.0, 2.0, 1.0, -1.0, 1.0, 0.0, 0.0, 0.0, 96289.0, 593.0, 99473.0
1.0, 1.0, 1.0, 1.0, 0.0, 2.0, 0.0, 0.0, 2.0, 3.0, 2.0, 0.0, 2.0, 2.0, 0.0, 3.0, 0.0, -1.0, 3.0, 3.0, 2.0, 2.0, -1.0, 2.0, 0.0, 1.0, 3.0, 2.0, 2.0, 0.0, 1.0, 1.0, 3.0, 3.0, 1.0, -1.0, 2.0, 0.0, -1.0, -1.0, -1.0, 0.0, 1.0, 0.0, 1.0, 2.0, 0.0, -1.0, 0.0, 2.0, 96396.0, 610.0, 99456.0
2.0, 0.0, 0.0, 2.0, 2.0, 1.0, 2.0, -1.0, 1.0, 2.0, 2.0, 1.0, -1.0, 2.0, 3.0, 0.0, 3.0, 0.0, -1.0, 2.0, 3.0, 0.0, 0.0, 2.0, 0.0, -1.0, 1.0, 0.0, -1.0, 3.0, -1.0, -1.0, 3.0, 0.0, 0.0, -1.0, 0.0, 2.0, -1.0, 1.0, 1.0, 0.0, 2.0, 3.0, 0.0, 0.0, 1.0, 0.0, 1.0, 0.0, 96475.0, 570.0, 99464.0
3.0, 3.0, 1.0, 2.0, 2.0, -1.0, -1.0, 0.0, 1.0, 3.0, 2.0, 0.0, -1.0, 0.0, 0.0, -1.0, 3.0, 1.0, 0.0, 0.0, -1.0, 0.0, 0.0, -1.0, 2.0, 0.0, 1.0, 0.0, 2.0, 1.0, 1.0, 0.0, -1.0, 2.0, 0.0, 2.0, 0.0, -1.0, 0.0, 1.0, -1.0, 0.0, 1.0, 3.0, 1.0, -1.0, 1.0, 0.0, 0.0, 0.0, 96375.0, 554.0, 99504.0
-1.0, -1.0, 0.0, -1.0, 0.0, 0.0, 3.0, -1.0, 0.0, -1.0, 2.0, -1.0, 2.0, 3.0, 0.0, 1.0, 3.0, 0.0, 3.0, 1.0, 0.0, 2.0, 1.0, 1.0, 1.0, 2.0, -1.0, 2.0, 3.0, 3.0, -1.0, -1.0, 2.0, 1.0, 0.0, 0.0, 0.0, 1.0, -1.0, 1.0, -1.0, 1.0, -1.0, 3.0, 3.0, 2.0, 1.0, -1.0, -1.0, 3.0, 97198.0, 492.0, 99539.0
-1.0, 2.0, 0.0, 0.0, 0.0, 3.0, 3.0, 2.0, 2.0, 0.0, 1.0, 0.0, 3.0, 2.0, 1.0, 2.0, 0.0, 2.0, 2.0, 1.0, 2.0, 2.0, 3.0, 0.0, 2.0, -1.0, 0.0, 2.0, 1.0, 1.0, 1.0, 2.0, 0.0, 3.0, 1.0, 2.0, 3.0, 0.0, -1.0, 1.0, -1.0, 3.0, 3.0, 3.0, 1.0, -1.0, 2.0, 1.0, 1.0, -1.0, 96576.0, 622.0, 99440.0
3.0, 3.0, 1.0, 2.0, 2.0, -1.0, -1.0, 0.0, 1.0, 3.0, 2.0, 0.0, -1.0, 0.0, 0.0, -1.0, -1.0, 1.0, 0.0, 0.0, -1.0, 0.0, 0.0, -1.0, 2.0, 0.0, 1.0, 0.0, 2.0, 1.0, 2.0, 0.0, -1.0, 2.0, 0.0, 2.0, 0.0, -1.0, 0.0, -1.0, -1.0, 0.0, 1.0, 3.0, 1.0, -1.0, 1.0, 0.0, 0.0, 2.0, 96633.0, 525.0, 99529.0
3.0, 1.0, 0.0, 0.0, 1.0, -1.0, 0.0, 2.0, 1.0, -1.0, -1.0, 1.0, -1.0, 0.0, 0.0, 0.0, -1.0, 0.0, -1.0, 2.0, 1.0, -1.0, 0.0, 2.0, -1.0, -1.0, 1.0, 0.0, 2.0, 3.0, -1.0, -1.0, 3.0, -1.0, 3.0, -1.0, 1.0, -1.0, 2.0, 2.0, 0.0, 0.0, -1.0, 2.0, 2.0, 2.0, 0.0, 3.0, 0.0, 1.0, 96827.0, 489.0, 99543.0
2.0, -1.0, -1.0, 0.0, 0.0, -1.0, 3.0, 1.0, 0.0, -1.0, 2.0, 1.0, -1.0, 1.0, 0.0, 3.0, 1.0, 2.0, -1.0, 0.0, 2.0, 1.0, 1.0, -1.0, 0.0, 2.0, 0.0, 0.0, 2.0, 3.0, 2.0, 1.0, 0.0, 2.0, 1.0, 1.0, -1.0, 1.0, -1.0, 3.0, -1.0, -1.0, 1.0, 2.0, 2.0, 3.0, 0.0, -1.0, 1.0, 1.0, 96759.0, 521.0, 99519.0
2.0, 3.0, 1.0, 0.0, 2.0, 2.0, 0.0, -1.0, 3.0, -1.0, -1.0, -1.0, -1.0, 1.0, 2.0, 0.0, -1.0, 2.0, -1.0, 3.0, 1.0, 3.0, 0.0, -1.0, 2.0, 3.0, -1.0, 2.0, -1.0, 0.0, 0.0, 1.0, 0.0, 2.0, 2.0, -1.0, -1.0, 1.0, 1.0, 2.0, 0.0, 3.0, 0.0, 1.0, 3.0, 1.0, 2.0, 3.0, 0.0, -1.0, 97030.0, 512.0, 99523.0
2.0, 2.0, 1.0, 0.0, 2.0, 2.0, 0.0, -1.0, 3.0, -1.0, 3.0, -1.0, -1.0, 1.0, 2.0, 0.0, -1.0, 0.0, -1.0, 3.0, 1.0, 3.0, 0.0, -1.0, 3.0, 3.0, -1.0, 1.0, -1.0, 0.0, 0.0, 1.0, 0.0, 2.0, 2.0, -1.0, -1.0, 2.0, 1.0, 2.0, 0.0, 3.0, 0.0, 1.0, 3.0, 1.0, 2.0, 3.0, 0.0, 1.0, 96849.0, 538.0, 99498.0
2.0, 0.0, 0.0, 0.0, 2.0, 0.0, 0.0, 2.0, 0.0, 1.0, 2.0, 0.0, 0.0, 0.0, 0.0, 0.0, 0.0, 0.0, 1.0, 0.0, 1.0, 0.0, 0.0, 2.0, 0.0, -1.0, 1.0, 0.0, 0.0, 0.0, 0.0, 0.0, 0.0, 1.0, 0.0, 0.0, 2.0, 0.0, 1.0, 1.0, 0.0, 0.0, 0.0, 0.0, 1.0, 1.0, 1.0, 2.0, 1.0, 1.0, 95068.0, 696.0, 99387.0
2.0, 2.0, 0.0, 2.0, 2.0, 1.0, 2.0, -1.0, 1.0, 2.0, 2.0, 1.0, -1.0, 2.0, 3.0, 0.0, -1.0, 0.0, -1.0, 2.0, 3.0, 0.0, 0.0, 2.0, 0.0, -1.0, 1.0, 0.0, -1.0, 3.0, -1.0, 1.0, 0.0, 0.0, 0.0, -1.0, 0.0, 2.0, -1.0, 1.0, 1.0, 3.0, 2.0, 3.0, 0.0, 0.0, 1.0, 0.0, 1.0, 0.0, 96511.0, 573.0, 99462.0
3.0, 2.0, 0.0, 2.0, 3.0, 1.0, 2.0, 1.0, 1.0, -1.0, 1.0, 1.0, -1.0, 2.0, 3.0, 0.0, -1.0, 0.0, -1.0, 2.0, 3.0, 0.0, 0.0, 2.0, 0.0, 3.0, 1.0, 0.0, -1.0, 3.0, -1.0, -1.0, 0.0, 0.0, 0.0, -1.0, 1.0, 2.0, -1.0, 1.0, 1.0, 3.0, 2.0, 3.0, 0.0, 0.0, 1.0, 0.0, 1.0, 2.0, 96601.0, 565.0, 99469.0
0.0, 2.0, 1.0, 2.0, 2.0, 0.0, 0.0, -1.0, 0.0, 0.0, 1.0, 2.0, 0.0, 2.0, 0.0, 1.0, 0.0, 0.0, 0.0, -1.0, 1.0, 0.0, 1.0, 1.0, 1.0, 0.0, 2.0, 2.0, 0.0, 2.0, 0.0, 0.0, 0.0, 0.0, 0.0, 2.0, -1.0, 0.0, 2.0, 0.0, 2.0, 3.0, 1.0, 1.0, 2.0, -1.0, 0.0, 0.0, 0.0, 1.0, 95772.0, 639.0, 99424.0
1.0, 1.0, 0.0, 0.0, 1.0, -1.0, 0.0, 2.0, 1.0, -1.0, -1.0, 1.0, -1.0, 0.0, 0.0, 0.0, -1.0, 0.0, -1.0, 3.0, 1.0, -1.0, -1.0, 2.0, -1.0, 2.0, 1.0, 0.0, 2.0, 3.0, -1.0, -1.0, 3.0, -1.0, 3.0, -1.0, 1.0, -1.0, -1.0, 2.0, 0.0, 0.0, -1.0, 2.0, 2.0, 2.0, 0.0, 3.0, 0.0, 1.0, 96882.0, 471.0, 99554.0
-1.0, 2.0, 0.0, 0.0, 0.0, 3.0, 3.0, 2.0, 2.0, 0.0, 1.0, 0.0, -1.0, 2.0, 0.0, 2.0, 0.0, 2.0, 2.0, 1.0, 2.0, 2.0, 0.0, 0.0, 2.0, 3.0, 0.0, 2.0, 1.0, 1.0, 1.0, 2.0, 0.0, 3.0, 1.0, 2.0, 3.0, 0.0, -1.0, 1.0, 0.0, 3.0, 3.0, 3.0, 1.0, -1.0, 2.0, 1.0, 1.0, -1.0, 96298.0, 634.0, 99426.0
2.0, 3.0, 1.0, 2.0, 2.0, 2.0, 0.0, -1.0, 3.0, -1.0, -1.0, -1.0, -1.0, 1.0, 2.0, 0.0, -1.0, 2.0, -1.0, 3.0, 1.0, 3.0, 0.0, -1.0, 3.0, 0.0, -1.0, 2.0, -1.0, 0.0, 0.0, 1.0, 0.0, 2.0, 2.0, -1.0, -1.0, 2.0, 0.0, 2.0, 0.0, 3.0, 0.0, 1.0, 3.0, -1.0, 2.0, 3.0, 0.0, -1.0, 97099.0, 495.0, 99532.0
2.0, 0.0, 0.0, 0.0, 2.0, 0.0, 0.0, 2.0, 0.0, 1.0, 2.0, 0.0, 0.0, 0.0, 0.0, 0.0, 0.0, 2.0, 1.0, 0.0, 1.0, 0.0, 0.0, 2.0, 0.0, -1.0, 1.0, 0.0, 0.0, 0.0, -1.0, 0.0, 0.0, 1.0, 0.0, 0.0, 2.0, 0.0, 1.0, 1.0, 0.0, 0.0, 0.0, 0.0, 0.0, 1.0, 1.0, 2.0, -1.0, 1.0, 95345.0, 666.0, 99417.0
-1.0, -1.0, 0.0, -1.0, 0.0, 0.0, 3.0, -1.0, 0.0, -1.0, 2.0, -1.0, 2.0, 3.0, 0.0, 1.0, 3.0, 0.0, 3.0, 1.0, 0.0, 2.0, 1.0, 1.0, 1.0, 2.0, -1.0, 2.0, 3.0, 3.0, -1.0, -1.0, 2.0, 1.0, 0.0, 0.0, 0.0, 1.0, -1.0, 1.0, -1.0, 1.0, -1.0, 3.0, 3.0, 2.0, 1.0, -1.0, -1.0, 3.0, 97198.0, 492.0, 99539.0
2.0, 3.0, 1.0, 0.0, 2.0, 2.0, 0.0, -1.0, 3.0, -1.0, -1.0, -1.0, -1.0, 1.0, 2.0, 0.0, -1.0, 2.0, -1.0, 3.0, 1.0, 3.0, 0.0, -1.0, 2.0, 3.0, -1.0, 2.0, -1.0, 0.0, 0.0, 1.0, 0.0, 2.0, 2.0, -1.0, -1.0, 1.0, 1.0, 2.0, 0.0, 3.0, 0.0, 1.0, 3.0, 1.0, 2.0, 3.0, 0.0, -1.0, 97030.0, 512.0, 99523.0
1.0, 3.0, 0.0, 3.0, 0.0, 1.0, 0.0, 3.0, 0.0, 2.0, 3.0, 1.0, 1.0, 2.0, 0.0, 0.0, 3.0, 1.0, 2.0, 2.0, 0.0, 3.0, 1.0, 2.0, 0.0, 0.0, 2.0, 0.0, 3.0, 1.0, 2.0, 1.0, 1.0, 2.0, 1.0, -1.0, 0.0, -1.0, 1.0, 3.0, 0.0, 1.0, -1.0, 3.0, 2.0, 0.0, 1.0, 1.0, 3.0, 1.0, 96281.0, 669.0, 99409.0
2.0, 2.0, 1.0, 0.0, 2.0, 2.0, 0.0, -1.0, 3.0, -1.0, 3.0, -1.0, -1.0, 1.0, 2.0, 0.0, -1.0, 0.0, -1.0, 3.0, 1.0, 3.0, 0.0, -1.0, 3.0, 3.0, -1.0, 1.0, -1.0, 0.0, 0.0, 1.0, 0.0, 2.0, 2.0, -1.0, -1.0, 2.0, 1.0, 2.0, 0.0, 3.0, 0.0, 1.0, 3.0, 1.0, 2.0, 3.0, 0.0, 1.0, 96849.0, 538.0, 99498.0
0.0, 2.0, 1.0, 2.0, 2.0, 0.0, 0.0, -1.0, 0.0, 3.0, 1.0, 2.0, 0.0, 2.0, 3.0, 1.0, 0.0, 0.0, 0.0, 3.0, 1.0, 0.0, 1.0, 1.0, 1.0, 0.0, 2.0, 0.0, 0.0, 0.0, 0.0, 0.0, 0.0, 0.0, 0.0, 2.0, 0.0, 0.0, 0.0, 0.0, 2.0, 0.0, 1.0, 1.0, 2.0, 0.0, 0.0, 0.0, 0.0, 1.0, 95506.0, 690.0, 99390.0
0.0, 2.0, -1.0, 2.0, 2.0, 2.0, 1.0, 3.0, 1.0, 2.0, -1.0, 1.0, 3.0, 2.0, 0.0, 2.0, -1.0, -1.0, 0.0, 2.0, 1.0, -1.0, 1.0, 3.0, 2.0, 3.0, 2.0, 0.0, 1.0, 0.0, 3.0, 0.0, 0.0, 3.0, 0.0, -1.0, 0.0, 2.0, 2.0, 3.0, 1.0, 1.0, 3.0, 1.0, 1.0, 0.0, 1.0, 3.0, 1.0, 0.0, 96456.0, 620.0, 99450.0
2.0, 2.0, 0.0, 2.0, 2.0, 1.0, 2.0, -1.0, 1.0, 2.0, 2.0, 1.0, -1.0, 2.0, 3.0, 0.0, 3.0, 0.0, -1.0, 2.0, 3.0, 0.0, 0.0, 2.0, 0.0, -1.0, 1.0, 0.0, -1.0, 3.0, -1.0, 1.0, 3.0, 0.0, 0.0, -1.0, 0.0, 2.0, -1.0, 1.0, 1.0, 3.0, 2.0, 3.0, 0.0, 0.0, 1.0, 0.0, 1.0, 0.0, 96541.0, 589.0, 99451.0
1.0, 3.0, 1.0, 0.0, 2.0, 2.0, 0.0, -1.0, 0.0, -1.0, -1.0, -1.0, -1.0, 1.0, 2.0, 0.0, -1.0, 2.0, -1.0, 3.0, 1.0, 3.0, 0.0, -1.0, 3.0, 3.0, 3.0, 2.0, -1.0, 0.0, 0.0, 1.0, 0.0, 2.0, 2.0, -1.0, -1.0, 2.0, 1.0, 2.0, 0.0, 3.0, 0.0, 1.0, 3.0, 1.0, 2.0, 3.0, 0.0, -1.0, 96915.0, 528.0, 99512.0
1.0, 1.0, 0.0, 0.0, 1.0, -1.0, 1.0, 2.0, 1.0, -1.0, -1.0, 1.0, -1.0, 0.0, 0.0, 0.0, -1.0, 0.0, -1.0, 3.0, 1.0, -1.0, -1.0, 2.0, -1.0, 2.0, 1.0, 0.0, 2.0, 3.0, -1.0, 0.0, 3.0, -1.0, 3.0, 1.0, 1.0, -1.0, -1.0, 2.0, 0.0, 0.0, -1.0, 2.0, 2.0, 2.0, 0.0, 3.0, 0.0, 1.0, 96715.0, 503.0, 99532.0
0.0, 2.0, -1.0, -1.0, 0.0, 2.0, 0.0, 3.0, 1.0, 2.0, -1.0, 1.0, 1.0, 2.0, 2.0, 2.0, 0.0, -1.0, 0.0, -1.0, 1.0, -1.0, 1.0, 0.0, 2.0, 3.0, 2.0, 0.0, 1.0, 0.0, 1.0, -1.0, 1.0, 3.0, 0.0, -1.0, 3.0, 2.0, 0.0, 1.0, 1.0, 1.0, 1.0, 1.0, 1.0, 0.0, 0.0, 3.0, 1.0, 0.0, 96403.0, 584.0, 99474.0
0.0, 2.0, 1.0, 2.0, 2.0, 0.0, 0.0, -1.0, 0.0, 0.0, 1.0, 2.0, 0.0, 2.0, 0.0, 1.0, 0.0, 0.0, 0.0, -1.0, 1.0, 0.0, 1.0, 1.0, 1.0, 0.0, 2.0, 2.0, 0.0, 2.0, 0.0, 0.0, 0.0, 0.0, 0.0, 2.0, 0.0, 0.0, 2.0, 0.0, 2.0, 3.0, 1.0, 1.0, 2.0, -1.0, 0.0, 0.0, 0.0, 1.0, 95690.0, 656.0, 99413.0
0.0, 2.0, 1.0, 2.0, 2.0, 0.0, 0.0, -1.0, 0.0, 0.0, 1.0, 2.0, 0.0, 2.0, 3.0, 1.0, 0.0, 0.0, 0.0, -1.0, 1.0, 0.0, 1.0, 1.0, 1.0, 0.0, 2.0, 0.0, 0.0, 2.0, 0.0, 0.0, 0.0, 0.0, 0.0, 2.0, 0.0, 0.0, 0.0, 0.0, 2.0, 0.0, 1.0, 1.0, 2.0, 0.0, 0.0, -1.0, 0.0, 1.0, 95624.0, 662.0, 99413.0
2.0, -1.0, -1.0, 0.0, 0.0, -1.0, 3.0, 1.0, 0.0, -1.0, 2.0, 1.0, -1.0, 1.0, 0.0, 3.0, -1.0, 2.0, -1.0, 2.0, 0.0, 1.0, 1.0, -1.0, 0.0, 2.0, 0.0, 0.0, 2.0, 3.0, 2.0, -1.0, 3.0, 2.0, 1.0, 1.0, -1.0, 1.0, -1.0, 3.0, -1.0, -1.0, 1.0, 2.0, 2.0, 3.0, 0.0, -1.0, 1.0, 0.0, 96972.0, 486.0, 99543.0
1.0, 1.0, 3.0, -1.0, 1.0, 0.0, -1.0, 3.0, 0.0, 0.0, 2.0, 1.0, 1.0, 2.0, 1.0, -1.0, 0.0, 3.0, 0.0, -1.0, 2.0, 0.0, 2.0, 0.0, 2.0, -1.0, 2.0, 0.0, -1.0, 2.0, 1.0, 0.0, -1.0, 1.0, 3.0, -1.0, 1.0, 3.0, -1.0, 2.0, -1.0, 2.0, 0.0, 3.0, 0.0, -1.0, 1.0, 0.0, 1.0, 0.0, 96739.0, 538.0, 99500.0
3.0, 1.0, 0.0, 0.0, 1.0, -1.0, 0.0, 2.0, 1.0, -1.0, -1.0, 1.0, -1.0, 0.0, 0.0, 0.0, -1.0, 0.0, -1.0, 2.0, 1.0, -1.0, 0.0, 2.0, 2.0, -1.0, 1.0, 0.0, 2.0, 3.0, -1.0, -1.0, 3.0, -1.0, 3.0, -1.0, 1.0, -1.0, 2.0, 2.0, 0.0, 0.0, -1.0, 2.0, 2.0, 2.0, 0.0, 3.0, 0.0, 1.0, 96788.0, 500.0, 99535.0
3.0, 3.0, 1.0, 2.0, 2.0, -1.0, -1.0, 0.0, 1.0, 3.0, 2.0, 0.0, -1.0, 0.0, 0.0, -1.0, 3.0, 1.0, 0.0, 0.0, -1.0, 0.0, 0.0, -1.0, -1.0, 0.0, 1.0, 0.0, 2.0, 1.0, 2.0, 0.0, -1.0, 2.0, 0.0, 0.0, 0.0, -1.0, 0.0, -1.0, -1.0, 0.0, 1.0, 3.0, 1.0, -1.0, 1.0, 0.0, 0.0, 0.0, 96531.0, 530.0, 99526.0
2.0, -1.0, 0.0, 0.0, 0.0, -1.0, 3.0, 1.0, 0.0, -1.0, 2.0, 1.0, -1.0, 1.0, 0.0, 3.0, -1.0, 2.0, -1.0, 2.0, 2.0, 1.0, 1.0, -1.0, 2.0, -1.0, 0.0, 0.0, 2.0, 0.0, 2.0, 1.0, 3.0, 2.0, 1.0, 1.0, -1.0, 1.0, -1.0, 2.0, 3.0, -1.0, 3.0, 2.0, 2.0, 3.0, 0.0, -1.0, 1.0, 1.0, 96770.0, 532.0, 99507.0
2.0, 3.0, -1.0, 0.0, 2.0, 2.0, 0.0, -1.0, 3.0, -1.0, -1.0, -1.0, -1.0, 1.0, 2.0, 0.0, -1.0, -1.0, -1.0, 3.0, 1.0, 3.0, 0.0, -1.0, 3.0, 3.0, -1.0, 2.0, -1.0, 0.0, 0.0, -1.0, 0.0, 2.0, 2.0, -1.0, -1.0, 2.0, -1.0, 2.0, 0.0, 3.0, 0.0, 1.0, 3.0, 1.0, 2.0, 3.0, 0.0, -1.0, 97311.0, 449.0, 99567.0
1.0, -1.0, -1.0, 0.0, 0.0, -1.0, 3.0, 1.0, 0.0, -1.0, 2.0, 1.0, -1.0, 1.0, 0.0, 3.0, 1.0, 2.0, -1.0, 3.0, 2.0, 1.0, 1.0, -1.0, 0.0, 2.0, 0.0, 0.0, 2.0, 3.0, 2.0, -1.0, 3.0, 2.0, 1.0, 1.0, -1.0, 1.0, -1.0, 3.0, -1.0, -1.0, 1.0, 2.0, 2.0, 3.0, 0.0, -1.0, 1.0, 1.0, 96981.0, 502.0, 99532.0
1.0, 1.0, 3.0, -1.0, 1.0, 0.0, -1.0, 3.0, 0.0, 0.0, 0.0, 1.0, 1.0, 2.0, 1.0, -1.0, 0.0, 3.0, 0.0, -1.0, 2.0, 0.0, 2.0, 0.0, 2.0, 1.0, 2.0, 0.0, -1.0, 2.0, 1.0, 0.0, -1.0, 1.0, 3.0, 2.0, 1.0, 3.0, -1.0, 2.0, -1.0, 2.0, 0.0, 3.0, 0.0, -1.0, 1.0, -1.0, 1.0, 0.0, 96634.0, 551.0, 99493.0
1.0, -1.0, 3.0, 1.0, 0.0, 2.0, 0.0, 3.0, 0.0, 1.0, 0.0, 0.0, 0.0, 2.0, 0.0, 3.0, 0.0, -1.0, 3.0, 3.0, 2.0, 2.0, -1.0, 2.0, 0.0, 2.0, 1.0, -1.0, 2.0, 0.0, 2.0, 1.0, 3.0, 1.0, 1.0, 3.0, 2.0, 0.0, -1.0, 1.0, 0.0, 0.0, 0.0, -1.0, 1.0, 2.0, 1.0, 0.0, 0.0, 0.0, 96230.0, 620.0, 99453.0
3.0, 3.0, 1.0, 2.0, 2.0, 0.0, -1.0, 0.0, 1.0, 3.0, 2.0, 0.0, -1.0, 0.0, 0.0, -1.0, 3.0, 1.0, 0.0, 0.0, -1.0, 0.0, 0.0, -1.0, 0.0, 0.0, 1.0, 2.0, 2.0, 1.0, 2.0, 0.0, 3.0, 2.0, 0.0, 2.0, 0.0, 0.0, 2.0, -1.0, 0.0, 3.0, 1.0, 2.0, 1.0, -1.0, 1.0, 0.0, 0.0, 0.0, 96177.0, 605.0, 99462.0
2.0, -1.0, -1.0, 0.0, 0.0, -1.0, 3.0, 1.0, 0.0, -1.0, 2.0, 1.0, -1.0, 1.0, 0.0, 3.0, 1.0, 2.0, -1.0, 2.0, 2.0, 1.0, 1.0, -1.0, 0.0, -1.0, 0.0, 0.0, 2.0, 3.0, 2.0, 1.0, 3.0, 2.0, 1.0, 1.0, -1.0, 1.0, -1.0, 3.0, -1.0, -1.0, 0.0, 2.0, 2.0, 3.0, 0.0, 1.0, 1.0, 1.0, 96872.0, 521.0, 99517.0
3.0, 3.0, 1.0, 2.0, 2.0, -1.0, -1.0, 0.0, 1.0, 3.0, 2.0, 0.0, -1.0, 0.0, 0.0, -1.0, -1.0, 1.0, 0.0, 0.0, -1.0, 0.0, 0.0, -1.0, 2.0, 0.0, 1.0, 0.0, 2.0, 1.0, 2.0, 0.0, 3.0, 2.0, 0.0, -1.0, 0.0, -1.0, 0.0, -1.0, -1.0, 0.0, 1.0, 3.0, 1.0, -1.0, 1.0, 0.0, 0.0, 2.0, 96650.0, 530.0, 99523.0
3.0, 1.0, 0.0, 0.0, 1.0, -1.0, 0.0, 2.0, 1.0, -1.0, -1.0, 1.0, -1.0, 0.0, 0.0, 0.0, -1.0, 0.0, -1.0, 2.0, 1.0, -1.0, 0.0, 2.0, -1.0, -1.0, 1.0, 0.0, 2.0, 3.0, -1.0, -1.0, -1.0, -1.0, 3.0, 2.0, 1.0, -1.0, 2.0, 2.0, 0.0, 0.0, -1.0, 2.0, 2.0, 2.0, 0.0, 3.0, 0.0, 1.0, 96810.0, 484.0, 99549.0
3.0, 1.0, 0.0, 0.0, 1.0, -1.0, 0.0, 2.0, 1.0, -1.0, -1.0, 1.0, -1.0, 0.0, 0.0, 0.0, 1.0, 0.0, -1.0, 3.0, 1.0, -1.0, 0.0, 2.0, 0.0, -1.0, 1.0, 0.0, 2.0, 3.0, -1.0, 1.0, 3.0, -1.0, 3.0, -1.0, 1.0, -1.0, 2.0, 2.0, 0.0, 0.0, -1.0, 2.0, 2.0, 2.0, 0.0, 3.0, 0.0, 1.0, 96614.0, 535.0, 99511.0
2.0, -1.0, -1.0, 0.0, 0.0, -1.0, 3.0, 1.0, 0.0, -1.0, 2.0, 1.0, -1.0, 1.0, 0.0, 3.0, -1.0, 2.0, -1.0, 2.0, 2.0, 1.0, 1.0, -1.0, -1.0, 2.0, 0.0, 0.0, 2.0, 3.0, 2.0, -1.0, 3.0, 2.0, 1.0, 1.0, -1.0, 1.0, -1.0, 3.0, -1.0, -1.0, 1.0, 2.0, 2.0, 3.0, 0.0, -1.0, 1.0, 1.0, 97113.0, 475.0, 99551.0
2.0, -1.0, -1.0, 0.0, 0.0, -1.0, 3.0, -1.0, 0.0, -1.0, 2.0, 0.0, -1.0, 1.0, 0.0, 3.0, -1.0, 0.0, -1.0, 2.0, 2.0, 1.0, 0.0, -1.0, 2.0, -1.0, 0.0, 0.0, 2.0, -1.0, 2.0, 1.0, 3.0, 2.0, 1.0, 1.0, -1.0, 1.0, -1.0, 3.0, -1.0, -1.0, 1.0, 2.0, 2.0, 3.0, 0.0, -1.0, 1.0, 2.0, 97128.0, 462.0, 99565.0
-1.0, 2.0, 3.0, 2.0, 0.0, 1.0, 1.0, -1.0, 1.0, 1.0, -1.0, 0.0, 2.0, 0.0, -1.0, 3.0, -1.0, 1.0, 2.0, 0.0, 1.0, 3.0, -1.0, -1.0, 0.0, 0.0, 1.0, -1.0, 1.0, -1.0, 1.0, -1.0, 1.0, 0.0, 0.0, 2.0, 2.0, 3.0, -1.0, -1.0, -1.0, -1.0, 2.0, -1.0, 1.0, 0.0, -1.0, -1.0, 2.0, 3.0, 97282.0, 461.0, 99594.0
3.0, 1.0, 0.0, 0.0, 1.0, -1.0, 0.0, 2.0, 1.0, -1.0, -1.0, 1.0, -1.0, 0.0, 0.0, 0.0, -1.0, 0.0, -1.0, 3.0, 1.0, -1.0, 0.0, 2.0, 1.0, 2.0, 1.0, 2.0, 2.0, 3.0, -1.0, -1.0, 3.0, -1.0, 3.0, -1.0, 1.0, -1.0, 2.0, 2.0, 0.0, 0.0, -1.0, 2.0, 2.0, 2.0, 0.0, 3.0, 0.0, 1.0, 96782.0, 511.0, 99528.0
2.0, 2.0, 0.0, 2.0, 3.0, 1.0, 2.0, -1.0, 1.0, -1.0, 1.0, 1.0, -1.0, 2.0, 3.0, 0.0, -1.0, 0.0, -1.0, 2.0, 3.0, 0.0, 0.0, 2.0, 0.0, 3.0, 1.0, 0.0, -1.0, 3.0, -1.0, -1.0, 3.0, 0.0, 0.0, -1.0, 1.0, 2.0, -1.0, 1.0, 1.0, 3.0, 0.0, 3.0, 0.0, 0.0, 1.0, 0.0, 1.0, 2.0, 96714.0, 548.0, 99479.0
2.0, 0.0, 0.0, 2.0, 2.0, 1.0, 0.0, -1.0, 1.0, 2.0, 2.0, 1.0, -1.0, 2.0, 3.0, 0.0, -1.0, 0.0, -1.0, 2.0, 3.0, 0.0, 0.0, 2.0, 0.0, -1.0, 1.0, 2.0, -1.0, 0.0, -1.0, -1.0, 3.0, 0.0, 0.0, -1.0, 0.0, 2.0, -1.0, 1.0, 1.0, 0.0, 0.0, 3.0, 0.0, 0.0, 1.0, 0.0, 1.0, 0.0, 96380.0, 554.0, 99475.0
2.0, 3.0, 1.0, 2.0, 2.0, 2.0, 0.0, -1.0, 3.0, -1.0, -1.0, -1.0, -1.0, 1.0, 2.0, 0.0, -1.0, 2.0, -1.0, 3.0, 1.0, 3.0, 0.0, -1.0, 3.0, 0.0, -1.0, 2.0, -1.0, 0.0, 0.0, 1.0, 0.0, 2.0, 2.0, -1.0, -1.0, 2.0, 0.0, 2.0, 0.0, 3.0, 0.0, 1.0, 3.0, -1.0, 2.0, 3.0, 0.0, -1.0, 97099.0, 495.0, 99532.0
2.0, 0.0, 0.0, 0.0, 2.0, 0.0, 0.0, 2.0, 0.0, 1.0, 2.0, 0.0, 0.0, 0.0, 0.0, 0.0, 0.0, 2.0, 1.0, 0.0, 1.0, 0.0, 0.0, 2.0, 0.0, -1.0, 1.0, 0.0, 0.0, 0.0, -1.0, 0.0, 0.0, 1.0, 0.0, 0.0, 2.0, 0.0, 1.0, 1.0, 0.0, 0.0, 0.0, 0.0, 0.0, 1.0, 1.0, 2.0, -1.0, 1.0, 95345.0, 666.0, 99417.0
1.0, 3.0, 1.0, -1.0, 3.0, 2.0, 3.0, 1.0, 0.0, -1.0, -1.0, 2.0, 2.0, 0.0, 2.0, 2.0, 1.0, -1.0, 0.0, 3.0, 2.0, 2.0, 3.0, 0.0, 1.0, -1.0, 1.0, 2.0, 1.0, 2.0, 0.0, 3.0, 3.0, 3.0, 2.0, -1.0, 1.0, 2.0, 3.0, 0.0, 0.0, 1.0, 0.0, 3.0, 2.0, -1.0, 2.0, 0.0, 0.0, 1.0, 96568.0, 605.0, 99444.0
2.0, 0.0, 1.0, -1.0, 0.0, 2.0, 0.0, 1.0, 0.0, -1.0, -1.0, 2.0, 2.0, 1.0, 2.0, 2.0, 1.0, -1.0, 0.0, 3.0, 2.0, 2.0, 3.0, 0.0, 1.0, -1.0, 1.0, 0.0, 0.0, 2.0, 0.0, 3.0, 3.0, -1.0, 2.0, 1.0, 1.0, 2.0, 3.0, 0.0, 0.0, 1.0, 0.0, 3.0, 2.0, -1.0, -1.0, 1.0, 0.0, 1.0, 96386.0, 591.0, 99466.0
1.0, 1.0, 3.0, -1.0, 1.0, 0.0, -1.0, 3.0, 0.0, 0.0, 0.0, 1.0, 1.0, 2.0, 1.0, -1.0, -1.0, 3.0, 0.0, -1.0, 2.0, 0.0, 2.0, 0.0, 2.0, 1.0, 2.0, 0.0, -1.0, 2.0, 1.0, 0.0, -1.0, 1.0, 3.0, 2.0, 1.0, 3.0, -1.0, 2.0, -1.0, 2.0, 0.0, 3.0, 0.0, -1.0, 1.0, 0.0, 1.0, 0.0, 96682.0, 546.0, 99495.0
2.0, -1.0, -1.0, 0.0, 0.0, -1.0, 3.0, 1.0, 0.0, -1.0, 2.0, 1.0, -1.0, 1.0, 0.0, 3.0, -1.0, 2.0, -1.0, 2.0, 2.0, 0.0, 0.0, -1.0, 0.0, -1.0, 0.0, 0.0, 2.0, 0.0, 2.0, 1.0, 3.0, 2.0, 1.0, 1.0, -1.0, 1.0, -1.0, 0.0, -1.0, -1.0, 1.0, 2.0, 2.0, 3.0, 0.0, -1.0, 1.0, 1.0, 96789.0, 494.0, 99537.0
0.0, 2.0, 1.0, 2.0, 2.0, 0.0, 0.0, -1.0, 0.0, 0.0, 1.0, 2.0, 0.0, 2.0, 3.0, 1.0, 0.0, 0.0, 0.0, -1.0, 1.0, 0.0, 1.0, 1.0, 1.0, 0.0, 2.0, 0.0, 0.0, 0.0, 0.0, 0.0, 0.0, 0.0, 0.0, 2.0, 0.0, 0.0, 0.0, 0.0, 2.0, 0.0, 1.0, 1.0, 1.0, 0.0, 0.0, 0.0, 0.0, 1.0, 95484.0, 673.0, 99404.0
3.0, 1.0, 0.0, 0.0, 1.0, -1.0, 0.0, 2.0, 1.0, -1.0, -1.0, 1.0, -1.0, 0.0, 0.0, 0.0, -1.0, 0.0, -1.0, 2.0, 1.0, -1.0, 0.0, 2.0, -1.0, -1.0, 1.0, 0.0, 2.0, 3.0, -1.0, -1.0, 3.0, -1.0, 3.0, -1.0, 1.0, -1.0, 2.0, 2.0, 0.0, 0.0, 1.0, 2.0, 2.0, 2.0, 0.0, 3.0, 0.0, 1.0, 96762.0, 502.0, 99534.0
2.0, -1.0, -1.0, 0.0, 0.0, 2.0, 3.0, 1.0, 0.0, -1.0, 2.0, 1.0, -1.0, 1.0, 0.0, 3.0, 1.0, 2.0, -1.0, 0.0, 2.0, 1.0, 1.0, -1.0, 0.0, 3.0, 0.0, 0.0, 2.0, 3.0, 2.0, 1.0, 0.0, 2.0, 1.0, 1.0, -1.0, 1.0, -1.0, 3.0, -1.0, -1.0, 1.0, 2.0, 2.0, 3.0, 0.0, -1.0, 1.0, 1.0, 96713.0, 536.0, 99504.0
1.0, 3.0, 0.0, 3.0, 0.0, 1.0, 0.0, 3.0, 0.0, 2.0, 3.0, 1.0, 1.0, 2.0, 0.0, 0.0, 3.0, 1.0, 2.0, 2.0, 0.0, 3.0, 1.0, 2.0, 0.0, 0.0, 2.0, 0.0, 3.0, 1.0, 2.0, 1.0, 1.0, 2.0, 1.0, -1.0, 0.0, -1.0, 1.0, 3.0, 0.0, 1.0, -1.0, 3.0, 2.0, 0.0, 1.0, 1.0, 3.0, 1.0, 96281.0, 669.0, 99409.0
2.0, -1.0, -1.0, 0.0, 0.0, -1.0, 3.0, 1.0, 0.0, -1.0, 2.0, 1.0, -1.0, 1.0, 0.0, 3.0, -1.0, 2.0, -1.0, 2.0, 2.0, 1.0, 1.0, -1.0, 0.0, 2.0, 0.0, 0.0, 2.0, 3.0, 2.0, -1.0, 3.0, 2.0, 1.0, 1.0, -1.0, 1.0, -1.0, 3.0, 0.0, -1.0, 1.0, 2.0, 2.0, 3.0, 0.0, -1.0, 1.0, 1.0, 96875.0, 505.0, 99528.0
2.0, 3.0, 1.0, 0.0, 2.0, 2.0, 0.0, -1.0, 3.0, -1.0, -1.0, -1.0, -1.0, 1.0, 2.0, 0.0, -1.0, -1.0, -1.0, 3.0, 1.0, 3.0, 0.0, -1.0, 3.0, 3.0, -1.0, 2.0, -1.0, 0.0, 0.0, -1.0, 0.0, 2.0, 2.0, 1.0, -1.0, 2.0, -1.0, 2.0, 0.0, 3.0, 0.0, 1.0, 3.0, 1.0, 2.0, 3.0, 0.0, -1.0, 97130.0, 481.0, 99543.0
2.0, 0.0, 0.0, 0.0, 2.0, 0.0, 0.0, 2.0, 0.0, 1.0, 2.0, 0.0, -1.0, 0.0, 0.0, 0.0, 0.0, 0.0, 1.0, 0.0, 1.0, 0.0, 0.0, 2.0, 0.0, -1.0, 1.0, 0.0, 0.0, 0.0, 0.0, 0.0, 0.0, 1.0, 0.0, 0.0, 2.0, 0.0, 1.0, 1.0, 0.0, 0.0, 0.0, 0.0, 1.0, 1.0, 1.0, 2.0, 1.0, 1.0, 95117.0, 678.0, 99395.0
2.0, -1.0, 0.0, 0.0, 0.0, -1.0, 3.0, 1.0, 0.0, -1.0, 2.0, 1.0, -1.0, 1.0, 0.0, 3.0, -1.0, 2.0, -1.0, 2.0, 2.0, 1.0, 1.0, -1.0, 2.0, -1.0, 0.0, 0.0, 2.0, 3.0, 2.0, 1.0, 3.0, 2.0, 1.0, 1.0, -1.0, 1.0, -1.0, 2.0, -1.0, -1.0, 1.0, 2.0, 2.0, 3.0, 0.0, -1.0, 1.0, 1.0, 96886.0, 513.0, 99522.0
3.0, 2.0, 1.0, 0.0, 2.0, -1.0, -1.0, -1.0, 1.0, 0.0, 2.0, 0.0, -1.0, 0.0, 0.0, -1.0, 3.0, 1.0, 0.0, -1.0, -1.0, 0.0, 1.0, -1.0, 2.0, 0.0, 1.0, 2.0, 1.0, 1.0, 1.0, 1.0, 0.0, 2.0, 0.0, 2.0, 0.0, -1.0, 2.0, -1.0, -1.0, 3.0, 1.0, 3.0, 1.0, -1.0, 1.0, 0.0, 0.0, 0.0, 96671.0, 525.0, 99527.0
-1.0, 2.0, 3.0, 2.0, 0.0, 1.0, 1.0, -1.0, 1.0, 1.0, -1.0, 0.0, 2.0, 0.0, -1.0, 3.0, -1.0, 1.0, 2.0, 0.0, 1.0, 3.0, -1.0, -1.0, 0.0, 0.0, 1.0, -1.0, 1.0, -1.0, 1.0, -1.0, 1.0, 0.0, 0.0, 2.0, 2.0, 3.0, -1.0, -1.0, -1.0, -1.0, 2.0, -1.0, 1.0, 0.0, -1.0, -1.0, 2.0, 3.0, 97282.0, 461.0, 99594.0
2.0, 0.0, -1.0, 0.0, 3.0, 1.0, 0.0, -1.0, 1.0, -1.0, 0.0, 3.0, -1.0, 0.0, 0.0, 3.0, 0.0, 2.0, 2.0, 3.0, -1.0, 2.0, 0.0, 2.0, 2.0, 1.0, 0.0, -1.0, 0.0, 3.0, 0.0, 2.0, 2.0, -1.0, 2.0, 2.0, -1.0, 3.0, 1.0, 1.0, 3.0, 3.0, 1.0, 1.0, 0.0, -1.0, 0.0, -1.0, 1.0, 2.0, 96622.0, 548.0, 99496.0
3.0, 1.0, 3.0, 0.0, 1.0, -1.0, 0.0, 2.0, 1.0, -1.0, 1.0, 1.0, -1.0, 0.0, 0.0, 0.0, 0.0, 0.0, -1.0, 3.0, 2.0, -1.0, 0.0, 2.0, -1.0, 2.0, 1.0, 0.0, 0.0, 3.0, -1.0, -1.0, 3.0, -1.0, 0.0, -1.0, 1.0, -1.0, 2.0, 2.0, 3.0, 0.0, -1.0, 2.0, 2.0, 2.0, 0.0, 1.0, 0.0, 1.0, 96719.0, 532.0, 99516.0
2.0, 2.0, 0.0, 2.0, 2.0, 1.0, 2.0, -1.0, 1.0, 2.0, 2.0, 1.0, -1.0, 2.0, 3.0, 0.0, -1.0, 0.0, -1.0, 2.0, 3.0, 0.0, 0.0, 2.0, 0.0, -1.0, 1.0, 0.0, -1.0, 3.0, -1.0, 1.0, 0.0, 0.0, 0.0, -1.0, 0.0, 2.0, -1.0, 1.0, 1.0, 3.0, 2.0, 3.0, 0.0, 0.0, 1.0, 0.0, 1.0, 0.0, 96511.0, 573.0, 99462.0
0.0, 2.0, 1.0, 2.0, 2.0, 0.0, 0.0, -1.0, 0.0, 0.0, 1.0, 2.0, 0.0, 2.0, 3.0, 1.0, 0.0, 0.0, 0.0, -1.0, 1.0, 0.0, 1.0, 1.0, 1.0, 0.0, 2.0, 0.0, 0.0, 2.0, 0.0, 0.0, 0.0, 0.0, 0.0, 2.0, 0.0, 0.0, 0.0, 0.0, 2.0, 0.0, 1.0, 1.0, 2.0, 0.0, 0.0, -1.0, 0.0, 1.0, 95624.0, 662.0, 99413.0
3.0, 2.0, 0.0, 2.0, 3.0, 1.0, 2.0, 1.0, 1.0, -1.0, 1.0, 1.0, -1.0, 2.0, 3.0, 0.0, -1.0, 0.0, -1.0, 2.0, 3.0, 0.0, 0.0, 2.0, 0.0, 3.0, 1.0, 0.0, -1.0, 3.0, -1.0, -1.0, 0.0, 0.0, 0.0, -1.0, 1.0, 2.0, -1.0, 1.0, 1.0, 3.0, 2.0, 3.0, 0.0, 0.0, 1.0, 0.0, 1.0, 2.0, 96601.0, 565.0, 99469.0
0.0, 2.0, 1.0, 2.0, 2.0, 0.0, 0.0, -1.0, 0.0, 0.0, 1.0, 2.0, 0.0, 2.0, 0.0, 1.0, 0.0, 0.0, 0.0, -1.0, 1.0, 0.0, 1.0, 1.0, 1.0, 0.0, 2.0, 2.0, 0.0, 2.0, 0.0, 0.0, 0.0, 0.0, 0.0, 2.0, -1.0, 0.0, 2.0, 0.0, 2.0, 3.0, 1.0, 1.0, 2.0, -1.0, 0.0, 0.0, 0.0, 1.0, 95772.0, 639.0, 99424.0
0.0, 2.0, -1.0, 2.0, -1.0, 2.0, 1.0, 3.0, 1.0, 2.0, -1.0, 1.0, 3.0, 0.0, 2.0, -1.0, -1.0, -1.0, 0.0, 2.0, 1.0, 1.0, 0.0, 3.0, 2.0, 3.0, 1.0, 0.0, 1.0, 0.0, 3.0, 0.0, 0.0, 3.0, 0.0, 1.0, 3.0, 2.0, 0.0, 2.0, 1.0, 0.0, 3.0, 1.0, 1.0, 0.0, 0.0, 3.0, 1.0, 0.0, 96270.0, 621.0, 99444.0
0.0, 2.0, 1.0, 2.0, 2.0, 0.0, 0.0, -1.0, 0.0, 0.0, 1.0, 2.0, 0.0, 2.0, 3.0, 1.0, 0.0, 0.0, 0.0, -1.0, 1.0, 0.0, 1.0, 1.0, 1.0, 0.0, 2.0, 0.0, 0.0, 2.0, 0.0, 0.0, 0.0, 0.0, 0.0, 2.0, 0.0, 0.0, 0.0, 0.0, 2.0, 0.0, 1.0, 1.0, 2.0, -1.0, 0.0, -1.0, 0.0, 1.0, 95697.0, 645.0, 99422.0
