3.96194364266, 1.16271017875, 1.56093386961, 0.86342793607, 4.32419057504, 0.963325583513, 3.10301026907, 0.826217877855, 0.939052186032, 3.40355974901, 6.73538123115, 0.874771058903, 4.51115565923, 1.04436885495, 0.913485186999, 1.41123364812, 1.0010965999, 1.00506821082, 6.49755241842, 0.937719469035, 0.970861704475, 201.081400442, 0.919887848019, 4.27068163649, 1.23163904573, 3.20255908506, 0.921716119049, 1025.26736119, 29.4679491832, 2944.70861469, 0.0
5.42743526509, 1.32059621373, 0.934743465084, 1.00650201961, 6.22563378788, 0.742738714206, 3.56473484936, 1.22476610252, 0.966799604216, 4.09070634037, 3.15881932855, 1.21276257086, 2.60905504742, 1.26980219086, 0.950424608826, 1.38099732578, 1.06992422674, 1.00655908531, 4.17095158824, 0.926826808829, 0.859780935662, 88.6126573395, 0.949429421555, 1.30034681095, 0.973408692145, 1.61658366338, 1.1494548708, 122.438329875, 16.6922017944, 667.339771626, 0.536193029491
3.08828764859, 1.08851290056, 1.52511922674, 1.20226613533, 3.52501254002, 0.924581614458, 3.57418038656, 1.00410109686, 1.06065353432, 3.60223569971, 7.31743631474, 0.8167680343, 2.06351093378, 1.18298188723, 1.08199881815, 1.0287900324, 1.07444637283, 1.11114290287, 9.46317308597, 0.987980297101, 0.852138212827, 363.154485132, 0.876684614105, 1.84596530129, 1.0473508881, 4.46539783755, 1.23698235455, 531.552723507, 35.1406076506, 602.259539015, 0.0
5.07723176468, 1.35997925138, 0.82674564116, 1.17552205999, 4.89361950211, 0.895859188963, 4.4171483979, 1.24358141369, 0.948580801604, 2.96239309119, 3.83721260196, 1.18725769824, 3.54545989251, 0.938682199115, 1.04045393003, 1.43747982793, 1.13486012356, 0.921200002167, 5.66710727711, 1.17189563723, 0.770651838807, 84.3391885289, 0.87830731962, 1.01838859631, 1.1482417104, 3.06365722921, 0.975800014828, 671.071423162, 27.468830776, 3586.02394619, 0.0
2.62263626143, 1.0688055647, 1.67006241053, 1.13001402577, 5.90717553554, 0.977527648017, 3.29307700289, 0.972135652986, 1.01139440231, 5.27756636423, 7.44361122248, 1.01293265833, 2.63267704585, 1.00044103445, 0.839746608336, 1.14463442732, 1.15158641158, 0.981801349711, 4.95872265917, 1.12967639515, 0.96997260851, 190.878804127, 1.19630178168, 1.97333438838, 1.13653981062, 3.23549941568, 1.05486830805, 1626.24980586, 33.8538389219, 2755.14621473, 0.0
1.25389881729, 1.24356118203, 1.54734908246, 0.888061372202, 4.32958256431, 1.13358290328, 1.99169839347, 1.16256572221, 0.91485888067, 3.70874322837, 4.34302370729, 1.03140497896, 2.60143210056, 0.975861984221, 1.04446524295, 1.23402631271, 1.14892052029, 0.88309476999, 8.57083432179, 0.982682991238, 0.901905275345, 243.322128754, 1.19169474193, 1.61740141201, 1.11628451453, 4.92483584682, 0.949124735928, 161.200579322, 23.8615466416, 336.588826095, 0.536193029491
1.36970707731, 1.07565650684, 1.34957212851, 1.1128448485, 2.11753677111, 0.80062140777, 3.91534459374, 0.888814099301, 1.10516753696, 3.02575432385, 6.02458876995, 1.15016640268, 3.98083714844, 1.1509681439, 0.85982945056, 1.27440998643, 1.05034166073, 1.16071737162, 3.42580459238, 1.00612612239, 0.913731733783, 178.441531859, 0.928833722576, 4.58603442473, 1.06559130942, 3.9432321126, 1.27737818785, 43.2832237297, 9.63041630432, 266.557158138, 2.14477211796
3.11850582522, 1.25327646578, 1.24716545306, 0.886642401677, 3.9991559617, 0.980227424749, 1.47574189718, 1.10778618587, 1.01886870646, 5.05308863638, 4.38091704966, 0.846853727704, 1.56176770721, 1.21811122205, 1.01925925639, 1.22337152266, 1.05060021827, 0.871676798028, 6.06583569958, 1.02510472173, 0.855265404033, 393.952697223, 0.943917593945, 2.84073398181, 1.15875016887, 1.0559719211, 0.948675336944, 961.303652899, 19.3334715864, 2415.27523637, 1.07238605898
3.96194364266, 1.16271017875, 1.56093386961, 0.86342793607, 4.32419057504, 0.963325583513, 3.10301026907, 0.826217877855, 0.950479215149, 3.40355974901, 7.12333545206, 0.874771058903, 4.51115565923, 1.04436885495, 0.913485186999, 1.41123364812, 1.0010965999, 1.00506821082, 6.49755241842, 0.937719469035, 0.970861704475, 201.081400442, 0.919887848019, 4.27068163649, 1.23163904573, 1.46935848172, 0.921716119049, 407.117751348, 18.5895981252, 4236.67779082, 0.804289544236
3.06946666892, 1.03172409955, 1.05232161426, 0.810481385281, 2.84175995764, 0.843398275238, 2.1570666886, 1.14795382656, 0.91663999106, 3.00539367052, 5.10319798384, 0.82688807825, 3.1122656258, 1.04307812269, 1.01858382931, 1.49515878788, 1.15387168729, 1.09010754537, 7.35914874952, 1.13472554087, 0.985931691019, 27.0306846595, 0.938427719725, 1.18739273942, 1.19960830774, 2.41317493599, 1.29130845886, 192.688076143, 18.4271610556, 1838.03442598, 1.60857908847
2.00605723548, 1.38251457121, 1.59803590445, 0.809381987556, 3.87991109731, 0.957585970761, 5.63536629332, 0.939662935198, 0.954699776172, 1.5111945312, 5.38445369272, 0.912134454838, 1.39333924569, 0.892702340835, 0.794399209587, 1.14485247707, 1.07044427988, 1.22672224438, 4.77707304208, 1.07835144185, 0.788257824172, 19.9280716687, 1.18518789762, 2.53979137769, 1.01900119237, 2.2596749258, 1.29330339356, 328.689626197, 18.2391857274, 4039.92805751, 1.87667560322
3.09199607397, 1.39061360551, 1.23330228914, 1.16340298332, 6.96152031749, 1.0318718016, 3.53952821242, 0.87488919419, 1.0199388538, 5.98756388844, 3.41323949737, 0.933659623579, 3.84070409885, 1.09456414555, 0.825968063205, 1.11093183501, 1.12568657721, 1.19022610664, 7.75393542962, 1.18459081489, 0.98904065856, 369.317442509, 0.863618435706, 3.56789441276, 1.13031320121, 2.57561329032, 1.16677870629, 557.1905032, 20.2671876073, 3574.58818444, 0.536193029491
1.19643054079, 1.11658535419, 1.3594921294, 1.15936432149, 2.11351781811, 0.776106252164, 5.5893977294, 0.861034465043, 0.919857223347, 4.84322192542, 2.76978764018, 1.06142482676, 2.54409367964, 0.918634613141, 0.836231007334, 1.04272775126, 1.15991181053, 1.0492363156, 6.70557798621, 1.13653783432, 0.894123868614, 213.746322619, 1.16964594193, 2.58851933198, 1.07276489005, 2.46195274507, 1.25081075967, 460.926908358, 23.8097350498, 3937.13723195, 0.804289544236
5.61968015353, 1.33526189741, 1.36623636511, 0.987082085129, 5.2904368703, 0.752709290975, 2.59170000691, 1.25713299246, 0.995039132187, 3.1454468956, 6.30854098501, 1.07483506093, 2.00573578491, 1.23016029663, 0.818573267539, 1.55444845101, 1.07325442112, 1.06266658721, 9.34360769933, 1.13781730754, 0.801485776527, 81.6552627672, 0.955478166417, 2.02945709256, 0.975491241016, 1.55812721692, 1.28614932358, 2675.42120195, 38.5825452421, 19823.1463028, 0.268096514745
3.78185219767, 1.36669505488, 1.21293779365, 1.14159893396, 6.16250190141, 0.763348571606, 4.92053278997, 1.1850929271, 1.04479426758, 2.89870515865, 6.06114232037, 1.15786398127, 4.48108310533, 0.910662975637, 0.923460778923, 1.42265147777, 1.14990646336, 0.950233805525, 7.4646923296, 0.957464774045, 0.958860235024, 126.53415286, 0.956058414142, 2.42183796738, 1.12266676333, 4.38497809016, 1.23357043643, 2273.36402046, 51.649166154, 20243.7401677, 0.0
4.63949455667, 1.22492616298, 0.750215136777, 1.19322984941, 4.01659620609, 0.726849007073, 1.10881170509, 1.14561985768, 1.09179901154, 1.28809584164, 2.99457266255, 0.99628777806, 3.43088173452, 1.15590972212, 0.796052290053, 1.6021729248, 1.1343563233, 1.20710373135, 5.39965365748, 1.0665694834, 0.965270224344, 167.059911909, 1.18114149375, 5.90319080939, 1.21707546108, 2.21941050595, 1.1230431624, 3107.54464183, 36.4416759318, 19271.227721, 0.0
2.47512809075, 1.07713469825, 0.919334522306, 1.18438328882, 4.73488406916, 0.932164103342, 1.61913825804, 1.22263653826, 1.12062000309, 5.54180395398, 2.19964884686, 0.910388268115, 2.2151308103, 1.05013666543, 0.850926353213, 1.01550442998, 1.01795021315, 0.966294025399, 3.51920275778, 0.992047782523, 0.851016000046, 323.420954304, 0.959893346836, 5.69041350568, 0.998831737761, 2.42812337148, 1.2416494271, 523.463196371, 25.2784861102, 918.606681306, 1.60857908847
5.99200382631, 1.32176329576, 1.67762165142, 1.19244607307, 5.16790725498, 1.00736089148, 3.08914495954, 0.982539292196, 1.00194433076, 5.65468976963, 2.67844386014, 0.892019759335, 1.50623330101, 0.973240616928, 1.04850431861, 1.30173458454, 1.15994900502, 1.18979512174, 8.82551267647, 0.955296965939, 0.810963891892, 203.829090222, 0.90760047503, 5.85353218122, 1.03015430222, 1.21419353517, 1.06781828981, 567.543834502, 26.542752021, 2496.8685748, 0.804289544236
1.18742442747, 1.23470482943, 1.32088409382, 0.873548908191, 5.58450976608, 1.18746866772, 1.82952029159, 1.12727968229, 1.08132308162, 2.57293793152, 6.09718940133, 1.03499340001, 2.19140690783, 0.824343500318, 0.841741021599, 1.3260064951, 1.1436468102, 1.08761962871, 4.33243785836, 1.06934734286, 0.988506902493, 227.696381778, 1.08129496846, 4.08782074874, 1.03744667967, 5.01641264269, 1.19838779404, 383.428566482, 30.3047813673, 1991.03230335, 0.536193029491
2.38485886668, 1.40424208754, 1.10561580609, 1.05887543704, 2.32727187681, 1.06610320429, 2.84821619755, 1.11762982246, 1.03131258459, 2.43895406856, 6.04132126428, 1.09446671135, 5.0113854455, 1.0270020733, 0.962291679867, 1.55515576745, 1.09662024969, 0.955627374474, 9.36632988446, 1.11191365048, 0.829113125561, 139.065961147, 1.10530129354, 2.47536063256, 1.08431014293, 4.42257834293, 1.2568660796, 520.256201587, 24.9958114509, 3724.75865182, 1.07238605898
5.69775068655, 1.39524429227, 0.802662052549, 0.826806957693, 2.89349742265, 1.14481786967, 5.20461268907, 1.12289348212, 0.937871526996, 2.59414273338, 4.76907660418, 0.857341430145, 3.44880847878, 1.0028056172, 1.06308802778, 1.22515483717, 1.16834901965, 0.965088124344, 3.92405244413, 0.943699719931, 0.818591789546, 284.679925234, 1.02241713651, 2.38467484547, 0.988173446502, 4.18547919239, 1.05838286937, 87.3749704245, 14.7088151058, 789.081663957, 2.9490616622
2.39633855308, 1.00231804199, 1.59324213695, 1.04498552825, 5.38593944585, 1.04041336537, 4.38303281494, 1.16234882356, 1.00067764901, 2.379963149, 2.18168955368, 0.97256918552, 5.05388069752, 0.982599807472, 1.01775428909, 1.5727226257, 1.1043332148, 1.16791449346, 8.89092951266, 1.11353837099, 0.880572971324, 96.2294729818, 1.04393371145, 2.08799597015, 1.14651748526, 3.56887449455, 1.27881907734, 75.2349602094, 11.2375585144, 575.024686252, 3.75335120643
3.09199607397, 1.42393681699, 1.23330228914, 0.994358786307, 6.96152031749, 0.916107350253, 3.53952821242, 0.87488919419, 1.10172593018, 5.98756388844, 3.41323949737, 0.933659623579, 3.84070409885, 1.09456414555, 0.825968063205, 1.11093183501, 1.12568657721, 1.19022610664, 7.75393542962, 1.18459081489, 0.98904065856, 385.652545734, 0.863618435706, 3.56789441276, 1.13031320121, 2.57561329032, 1.16677870629, 230.870519832, 28.4488578757, 476.099804844, 2.41286863271
5.73770981886, 1.4109531993, 0.91235304752, 1.20447132373, 5.39152673113, 0.789609165354, 4.78704144351, 1.18328715862, 0.920661768942, 1.40508198994, 7.44569181205, 1.17891246521, 1.87375378781, 1.16726889154, 0.937780916808, 1.0930262038, 1.07915964916, 0.942891120257, 6.60852816451, 1.07432760903, 0.912755081616, 34.389732229, 1.0200843399, 4.21209967507, 1.00636667824, 5.24228130985, 1.07382900261, 268.64677534, 21.2433135608, 2266.73253696, 1.60857908847
1.0728796472, 1.03387265911, 0.856265059242, 1.05444831439, 3.42754150252, 0.979646882486, 1.39566620307, 0.872953378054, 0.976142523862, 2.0836188818, 4.06891231911, 1.17891246521, 3.68913258923, 1.06796021161, 0.802534889757, 1.0930262038, 1.12167649277, 1.1514086311, 5.70900085504, 0.937936084123, 0.99968417799, 407.476294056, 1.05513995873, 2.14021859685, 1.16041117541, 3.21624615566, 1.15032843719, 369.977456088, 23.4168857898, 2139.69705768, 2.14477211796
3.71289770337, 1.11331382417, 0.794844143443, 1.08024606114, 4.10895453423, 0.909344318087, 5.06127728048, 0.854509324019, 0.961137501095, 5.04633365457, 4.93835990855, 1.11403227706, 3.58289995057, 1.21761802344, 1.04103724826, 1.1436642154, 1.14116544867, 0.952073155116, 9.26889444062, 1.06368650142, 0.972752094037, 241.370826748, 1.01406897776, 3.26088820522, 1.19852238709, 3.91084311094, 1.11251473299, 222.207446139, 18.6555657743, 2182.65096084, 2.68096514745
2.54567545736, 1.37163795165, 1.0379955125, 1.12472697519, 6.49463580296, 1.13197903375, 1.70829073383, 0.840274607432, 0.901527367935, 2.58345325139, 4.13985959888, 1.09576975215, 2.26016670868, 1.24245762839, 1.03041232134, 1.32823915194, 1.05847522975, 0.873361686359, 3.4790850963, 1.05423251572, 0.841650952748, 241.516476719, 1.04095572365, 5.41216662248, 1.12219289116, 3.56703063578, 1.00541342878, 928.954556138, 20.5340786629, 3232.15030523, 2.14477211796
1.41494408844, 1.31380846571, 1.28646848186, 1.20829258569, 6.07864916592, 0.982848466548, 2.75813638924, 1.11636213746, 0.955038625196, 1.87640751532, 4.40831109614, 0.991253409926, 1.70115504046, 1.05219075409, 0.934052422968, 1.41031052719, 1.01267446783, 1.16988929256, 4.72172785912, 1.14046201717, 0.944388232317, 154.170582922, 0.898775424954, 2.42183796738, 1.04283306849, 1.52485115725, 1.1932433333, 842.304236773, 28.2613299268, 7007.13311933, 0.536193029491
1.89802467398, 1.08453068677, 1.03421819749, 0.832373872609, 7.05820334527, 0.928277046571, 1.64393010697, 1.11129917709, 1.0386611292, 3.84146874281, 2.45444673197, 0.947974844891, 3.18084648865, 1.24598655019, 0.952752803909, 1.11602030635, 1.09985477373, 1.11967010446, 8.07125619538, 1.0547401853, 0.815753109887, 126.467994408, 1.14861109135, 5.80488898348, 0.981160064735, 4.67610762269, 1.27057712319, 1132.86183329, 30.0358243869, 7007.04472687, 0.536193029491
1.36970707731, 1.07565650684, 1.34957212851, 1.1128448485, 2.11753677111, 0.80062140777, 3.97847297926, 0.888814099301, 1.10516753696, 3.02575432385, 2.59605951942, 1.15016640268, 3.98083714844, 1.1509681439, 0.85982945056, 1.27440998643, 1.05034166073, 1.16071737162, 3.42580459238, 1.00612612239, 0.913731733783, 351.629405675, 0.928833722576, 4.58603442473, 1.06559130942, 3.9432321126, 1.27737818785, 1129.3388943, 23.4459392781, 4994.5888761, 1.07238605898
4.25740655589, 1.03537471662, 1.69397390489, 0.949449087976, 4.27828717324, 0.753504553304, 5.60871614815, 0.979800868168, 1.10223974614, 4.97983346709, 2.86941111201, 0.97752001822, 1.67465338728, 0.820448637632, 1.04855225414, 1.00039091451, 1.08030204657, 0.869667600212, 5.00171390159, 0.993436595789, 0.767466584792, 48.2620647542, 1.17712673148, 5.64104010908, 1.17124326132, 3.73358537291, 0.965406707984, 3753.26958123, 43.5863395795, 22942.0764723, 0.268096514745
2.56818235216, 1.37387189485, 1.07169925493, 1.01780006853, 1.49595638208, 0.914639692192, 3.84673200426, 0.941216974791, 0.90051255885, 5.91641830402, 6.12109884977, 1.07273358208, 2.49346060945, 1.0181103301, 0.945612023564, 1.21318901191, 1.01661087347, 1.12617294144, 3.11335358707, 1.1805319426, 0.900051259594, 276.313422181, 1.11473886014, 2.18204722274, 1.1419957051, 1.91146829648, 0.916802928943, 526.327239025, 25.8615299577, 1069.14055669, 2.68096514745
2.14115074935, 1.102895122, 1.1056323728, 1.06055918729, 1.45048038558, 0.806933335041, 5.8494253146, 1.06942844941, 0.988369832106, 2.3214054586, 5.70456878242, 1.10201068292, 1.02203659964, 1.03891192174, 0.781369434032, 1.59555533576, 1.08156142573, 1.08948584723, 7.57542320896, 0.956465957243, 0.948775097901, 352.656869415, 1.07645521612, 5.18165085844, 1.08756713006, 5.3358029675, 1.2832232059, 1402.00165405, 28.5186630696, 3601.05983395, 0.804289544236
2.14115074935, 1.102895122, 1.1056323728, 1.06055918729, 1.45048038558, 0.932164103342, 5.8494253146, 1.06942844941, 0.988369832106, 2.3214054586, 5.70456878242, 1.10201068292, 1.02203659964, 1.03891192174, 0.781369434032, 1.59555533576, 1.08156142573, 1.08948584723, 7.57542320896, 0.956465957243, 0.948775097901, 278.300958814, 0.881651716369, 5.18165085844, 1.08756713006, 5.3358029675, 1.2832232059, 664.982470949, 27.6782007171, 2689.63347717, 1.07238605898
5.58778047408, 1.42303476596, 1.18953388047, 0.948173580558, 2.05738270418, 1.03552557458, 4.26172122769, 0.859163733952, 0.986716168511, 3.20659644386, 2.45602461234, 1.03003027739, 1.49163653118, 0.86412017818, 1.07210517587, 1.33093468476, 1.08768003813, 1.01700617678, 6.71902350616, 0.950027829334, 0.824306520269, 305.194303241, 1.17727039298, 5.21341362688, 1.17637249773, 3.7088124312, 1.11331363282, 1588.69677799, 35.5208805768, 4395.67644337, 0.536193029491
1.53259039244, 1.02477501024, 0.838547511972, 1.05684984222, 6.68050645818, 0.984637098285, 4.23444571468, 0.959185146169, 0.933241654608, 4.89018645307, 6.79089622471, 0.903683877843, 4.8619135194, 1.10334013992, 1.04752666469, 1.15186884239, 1.00724104249, 1.2267369631, 9.78246650689, 0.948990313798, 0.932469607335, 17.4241283697, 0.856974278008, 2.60461190854, 1.05146226697, 2.45438701128, 1.16704256901, 2955.50028276, 42.9026356473, 2929.24681402, 0.536193029491
4.78443708698, 1.16678244888, 1.64740057797, 0.808506477261, 2.2086058411, 1.03206098567, 2.89255791753, 1.1222646054, 0.950367654678, 4.83524835373, 4.4961725516, 0.862646219124, 3.77875083991, 0.891046748026, 0.988584069096, 1.27066986601, 1.16988936044, 1.15841050807, 3.22645268774, 1.1587948217, 0.766458709351, 152.05565923, 1.11058190769, 4.24579535154, 1.05873191201, 2.05032656128, 1.07129209689, 1448.16573467, 47.8836548115, 3813.28350851, 0.536193029491
3.56954537447, 1.35707380858, 1.60806506819, 1.03787189023, 3.62506287985, 1.08271511038, 3.8225668061, 0.854251391959, 1.0412935924, 3.24935733735, 4.48141591621, 0.884318221993, 3.84703581955, 1.23863652985, 0.814799793116, 1.24098248629, 1.05202997683, 0.857563446946, 6.75096737683, 1.04424424832, 0.840748799213, 293.990576974, 1.12530616059, 2.10088484374, 0.968742926197, 3.20495991718, 0.930326334582, 488.22230092, 35.1469984717, 3668.66397525, 1.34048257373
4.32387015299, 1.4018061098, 0.822254374159, 0.98379550667, 5.9988342047, 0.902329459864, 1.81353578685, 0.896983485248, 0.998423096579, 3.64153086281, 2.50794955529, 0.816882310941, 2.44011515967, 1.12829154849, 1.0010981286, 1.22515483717, 1.07374062732, 1.17350263794, 9.06966822636, 0.978152660372, 0.876856095384, 303.406711685, 0.969015471438, 5.5481143717, 0.955527407694, 4.78334284815, 0.909504081245, 394.860115379, 30.9872796135, 4426.86013149, 0.536193029491
4.63949455667, 1.22492616298, 0.750215136777, 1.19322984941, 4.01659620609, 0.726849007073, 1.10881170509, 1.14561985768, 1.09179901154, 1.28809584164, 2.99457266255, 0.99628777806, 3.43088173452, 0.930922797043, 0.796992019693, 1.6021729248, 1.1343563233, 1.20710373135, 5.47734631854, 1.0665694834, 0.965270224344, 167.059911909, 1.18114149375, 5.90319080939, 1.21079379104, 2.21941050595, 1.1230431624, 201.681640245, 24.7899643157, 1057.15607194, 2.9490616622
5.1509452858, 1.35246674772, 1.69547637984, 0.858134138184, 1.43795909856, 0.768893049865, 2.18634820839, 1.10365198791, 1.08028677864, 2.33596623558, 7.45068933523, 1.00702997463, 1.30210465185, 0.849785888467, 1.06643998788, 1.36404892704, 1.0314672286, 1.21196984105, 5.83723538784, 1.05604700801, 0.860674177387, 208.23823256, 1.18767951046, 1.22392986012, 1.23866899881, 3.15478469651, 1.26638138623, 266.984643358, 13.8995337913, 829.658063323, 3.75335120643
2.47512809075, 1.07713469825, 1.39470869749, 1.15700167103, 4.73488406916, 0.806933335041, 1.61913825804, 1.22263653826, 1.12062000309, 5.54180395398, 3.13741873597, 0.910388268115, 2.2151308103, 1.05013666543, 0.850926353213, 1.01550442998, 1.01795021315, 0.932532359537, 3.51920275778, 0.992047782523, 0.851016000046, 406.632290202, 0.959893346836, 5.69041350568, 0.998831737761, 2.42812337148, 1.2416494271, 290.432228802, 28.8279971065, 813.189479522, 2.9490616622
1.40958276015, 1.17136444723, 0.993633028879, 1.18786979192, 1.71887129862, 0.997565704685, 4.82597941378, 1.1118409597, 0.934153944216, 2.00733605943, 4.93167204147, 0.987219781945, 1.25845265467, 0.997446095393, 0.958805136868, 1.27436565231, 1.01137966078, 1.02325007438, 8.70480820282, 1.13322399817, 0.854915941293, 405.806534308, 1.10077395433, 3.91573323035, 1.07233452371, 5.18440163448, 1.01393290307, 1546.97812475, 28.8171813637, 1839.1265284, 2.41286863271
2.71192199515, 1.38251457121, 1.59803590445, 0.809381987556, 3.87991109731, 0.957585970761, 5.63536629332, 0.939662935198, 0.954699776172, 1.5111945312, 5.38445369272, 0.912134454838, 1.39333924569, 0.869933108978, 0.794399209587, 1.14485247707, 1.07044427988, 1.22672224438, 4.77707304208, 1.07835144185, 0.788257824172, 19.9280716687, 1.18518789762, 2.53979137769, 1.01900119237, 2.2596749258, 1.29330339356, 1299.55370099, 26.2865687225, 4914.94489044, 1.60857908847
3.40762591763, 1.20349237827, 1.33710952915, 0.830355729626, 1.5489815289, 0.952800218168, 1.74361416517, 0.84434288684, 1.06428255506, 2.42726954054, 5.81620307582, 1.14609466021, 1.2451718972, 1.22302509296, 0.847102264637, 1.10267490617, 1.13500505134, 1.08584980545, 6.41989898493, 1.00985682247, 0.793822856472, 307.995990757, 0.843883043237, 3.60029363962, 1.11044883103, 4.72305199709, 1.10668798792, 956.87166291, 24.9072206398, 7686.24582095, 1.60857908847
5.53455527322, 1.34291206535, 1.7259907133, 0.956746718375, 2.01008209519, 0.959315447073, 2.49964661993, 0.873469103819, 0.903425196981, 2.94420868557, 2.8781907561, 1.2098940886, 2.58174394101, 1.10737051578, 1.07341526152, 1.47213314418, 1.08887691876, 0.928279853985, 8.99752406461, 1.17670481465, 0.796959677226, 380.195024123, 0.940313884231, 5.54324014519, 1.16777719589, 1.47480073743, 1.02426080798, 537.095691588, 26.1860399808, 6307.25991877, 1.60857908847
1.59183625672, 1.05461162105, 1.33189151068, 0.94182914756, 5.01828005388, 0.786701731128, 4.26252856243, 1.00657628757, 1.01179976583, 4.18299090571, 2.29075294234, 0.834420360781, 1.92753132322, 0.913400245194, 0.899553351705, 1.39826064855, 1.04280548091, 0.99790220911, 3.06895498504, 1.13170912076, 0.974687282913, 328.309528099, 1.14253593717, 5.75304826374, 1.14217930538, 3.60141609884, 1.08522327141, 330.062650308, 21.1695971788, 2491.7009129, 3.21715817694
1.25389881729, 1.21226408116, 1.54734908246, 0.888061372202, 3.24169109027, 1.13358290328, 1.99169839347, 1.16256572221, 0.91485888067, 5.677071917, 4.34302370729, 1.03140497896, 2.60143210056, 0.975861984221, 1.04446524295, 1.23402631271, 1.14892052029, 0.88309476999, 8.57083432179, 0.982682991238, 0.901905275345, 243.322128754, 1.19169474193, 1.61740141201, 1.11628451453, 4.92483584682, 0.949124735928, 1530.99187503, 24.606689989, 8643.4889986, 2.68096514745
2.62263626143, 1.0688055647, 1.67006241053, 1.16203499546, 5.90717553554, 0.977527648017, 3.29307700289, 0.917859377912, 1.01139440231, 5.27756636423, 7.44361122248, 1.01293265833, 2.63267704585, 1.00044103445, 0.839746608336, 1.14463442732, 1.15158641158, 0.951849278667, 4.95872265917, 1.12967639515, 0.96997260851, 190.878804127, 1.19630178168, 1.97333438838, 1.13653981062, 1.77119380407, 1.15012897626, 2701.7511401, 27.1625466228, 3241.60602189, 2.68096514745
3.56954537447, 1.40901636134, 1.60806506819, 0.869838684844, 4.21466819003, 0.877798370853, 2.85323857179, 1.18726256164, 0.923095109448, 4.69717300016, 3.30465389558, 1.0887067025, 4.6440069671, 1.05869176499, 0.83948229379, 1.14691374135, 1.13681338634, 1.11985751234, 6.99092207073, 0.931319649186, 0.987826883123, 329.282874477, 1.10845875956, 3.83045414877, 1.14111408176, 4.03455662455, 0.882450135098, 1136.06565281, 42.7270461194, 3264.8136473, 1.07238605898
2.89344265415, 1.15275340222, 1.50908709087, 0.991500029995, 6.42278360873, 0.955437279207, 4.22958933821, 1.01094266004, 1.12731627444, 5.34059573068, 5.91298506915, 1.02780785065, 1.59247978649, 0.931867724255, 0.92699097095, 1.13518344362, 1.16980709407, 1.03802514519, 3.06330336174, 1.07769740713, 0.884268112228, 291.525644355, 1.09103845258, 2.46169678391, 1.05459940852, 3.10747331129, 0.951034421558, 1453.78497745, 33.4362637765, 3894.59996384, 2.68096514745
2.75434705116, 1.00013431174, 1.45669706745, 1.18470159561, 6.82103281418, 1.07332839471, 3.20542064158, 0.984060182112, 1.07765405953, 5.08635171024, 3.14334603506, 1.09139548829, 2.69521432887, 1.18445098752, 1.02607252892, 1.03355931108, 1.01273281265, 0.823052458251, 9.25934167423, 0.981230250545, 0.763947160968, 395.931773726, 1.04838969255, 5.19149567318, 0.978485105037, 1.22143469818, 1.1424283364, 1704.90975163, 33.8944396119, 3311.52968185, 1.07238605898
4.68113889298, 1.06669442286, 1.4622510152, 0.87287348594, 5.09873343249, 1.1744173011, 1.15338846625, 1.00354134599, 1.04158388594, 3.67479357415, 2.57545290401, 0.836006496834, 4.57951637637, 1.23668810601, 0.956075002661, 1.25117567522, 1.09693910178, 1.04762616411, 6.163042467, 1.00243553996, 0.833049848624, 206.896118915, 0.949438997006, 2.59739206098, 1.07333400354, 3.61354202833, 0.886619630849, 1623.13685632, 45.2400428651, 5292.28546873, 0.536193029491
5.26193029847, 1.15295140452, 1.01828046412, 1.15500022864, 2.67221088877, 1.15262995391, 3.75283647973, 1.04306497887, 0.934596128631, 1.63316319732, 2.57072280547, 0.990062678342, 3.67743592281, 0.844230471902, 1.02677565433, 1.54682436296, 1.07042590623, 1.05500738119, 7.36394439981, 0.928867058349, 0.876354221131, 58.4685330749, 1.15479732329, 2.01857552325, 1.23680525381, 4.61568708374, 1.08448219972, 812.159332729, 41.2441717892, 5580.02208557, 0.536193029491
5.07723176468, 1.35997925138, 0.82674564116, 1.17552205999, 4.89361950211, 0.843398275238, 4.60277794879, 1.24358141369, 0.948580801604, 2.96239309119, 3.83721260196, 1.18725769824, 3.54545989251, 0.938682199115, 1.04045393003, 1.43747982793, 1.11459592901, 0.921200002167, 5.66710727711, 1.17189563723, 0.770651838807, 84.3391885289, 0.87830731962, 1.01838859631, 1.1482417104, 3.06365722921, 0.975800014828, 2238.79410712, 32.2266623564, 6827.08308371, 0.536193029491
2.89344265415, 1.15275340222, 0.829645984121, 0.991500029995, 6.93375703748, 0.808657061622, 5.07123655878, 1.01094266004, 1.09611230041, 5.34059573068, 5.91298506915, 1.18631958846, 1.34539980409, 0.931867724255, 1.00442138885, 1.13518344362, 1.16980709407, 1.03802514519, 3.06330336174, 1.07769740713, 0.884268112228, 291.525644355, 1.09103845258, 2.46169678391, 1.05459940852, 3.10747331129, 0.951034421558, 407.685598374, 33.023158699, 5181.87744166, 1.60857908847
2.85195280608, 1.08851290056, 1.58925005543, 1.20226613533, 3.52501254002, 1.12686882095, 3.57418038656, 1.00410109686, 1.06065353432, 3.60223569971, 7.31743631474, 0.8167680343, 2.06351093378, 1.18298188723, 1.08199881815, 1.29406615917, 1.07444637283, 1.11114290287, 7.01804804299, 0.987980297101, 0.852138212827, 363.154485132, 0.876684614105, 1.84596530129, 1.0473508881, 4.46539783755, 1.23698235455, 2682.51238182, 32.1128976165, 9321.72981902, 1.34048257373
4.57285007276, 1.40901636134, 1.20425136691, 0.869838684844, 4.21466819003, 0.877798370853, 2.85323857179, 1.18726256164, 0.923095109448, 4.69717300016, 3.30465389558, 1.00943031904, 4.6440069671, 1.05869176499, 0.83948229379, 1.14691374135, 1.13681338634, 1.11985751234, 6.99092207073, 0.939745583946, 0.987826883123, 329.282874477, 1.10845875956, 3.83045414877, 1.14111408176, 4.03455662455, 0.882450135098, 1088.68140853, 31.6209154128, 5248.00858882, 1.87667560322
5.07299604143, 1.37041832542, 1.57393017611, 0.969362746267, 3.58011729353, 1.03983536895, 3.02669701288, 1.116366551, 0.920549120387, 3.43647771543, 3.75004629453, 1.00080355772, 2.08531661169, 1.28635632151, 1.05308666475, 1.3494827958, 1.14968046653, 0.933161742858, 6.76830148216, 1.16184958888, 0.855237713987, 261.51234468, 0.888039116156, 2.55465160932, 1.20037592526, 3.59057902178, 1.1152833009, 471.501362333, 17.3479153581, 3505.76283607, 6.97050938338
5.07299604143, 1.37041832542, 1.57393017611, 0.969362746267, 3.58011729353, 1.03983536895, 3.02669701288, 1.116366551, 0.920549120387, 3.43647771543, 3.75004629453, 1.00080355772, 2.08531661169, 1.28635632151, 1.05308666475, 1.3494827958, 1.14968046653, 0.933161742858, 8.55317496673, 1.16184958888, 0.855237713987, 261.51234468, 0.888039116156, 2.55465160932, 1.20037592526, 3.59057902178, 1.1152833009, 679.653772488, 19.6166095648, 1623.02801377, 5.09383378016
2.95498942388, 1.0837212962, 1.68338844342, 0.806827082361, 4.03034924288, 1.00149601252, 1.01112721511, 1.18085924125, 0.960397112269, 1.32580726086, 7.46432905252, 0.988994738345, 2.45398358352, 0.861050934893, 1.04767445393, 1.29482573353, 1.02431939119, 1.17971172737, 9.62750655183, 0.949262812133, 0.867631144565, 29.9845669588, 1.04942367325, 4.93164855896, 1.21339993233, 2.77016044142, 1.01114360242, 526.432573704, 19.1921367496, 2433.0977903, 4.02144772118
2.56818235216, 1.06002120799, 1.07169925493, 1.01780006853, 1.49595638208, 0.914639692192, 3.84673200426, 0.941216974791, 0.90051255885, 5.91641830402, 6.12109884977, 0.89903347692, 2.49346060945, 1.15117970989, 0.945612023564, 1.21318901191, 1.01661087347, 1.12617294144, 3.11335358707, 1.1805319426, 0.999549363805, 276.313422181, 1.11473886014, 2.18204722274, 1.1419957051, 4.65445127091, 0.916802928943, 343.959933839, 15.1069176253, 3720.94760573, 5.36193029491
2.33253285437, 1.29458468028, 0.754426861528, 0.878028479577, 4.27833988484, 0.954872430445, 3.10889732737, 1.13485145966, 1.0418555295, 5.18098376132, 2.28256280991, 1.1184558905, 4.29209384255, 1.15776753958, 0.911819764941, 1.20660273406, 1.0658559039, 1.05694386005, 6.0453549688, 1.16781973101, 0.8571254045, 350.551743169, 1.06094969021, 2.16741991092, 1.12057459993, 1.59008226024, 0.990192221473, 1783.33184697, 30.3948376817, 6140.03835618, 2.9490616622
3.77227360243, 1.35673103027, 1.42021266555, 0.813947597257, 5.483132051, 1.01568756007, 4.81866202896, 1.06949026209, 1.12538675394, 5.4666726611, 5.09072113592, 1.21203350856, 4.68813051552, 1.18113612793, 0.929317006995, 1.38082759069, 1.07827134475, 0.951849278667, 9.65258405726, 0.946059018636, 0.770369961659, 100.870419601, 0.975904122247, 4.44193882553, 0.977388893466, 3.67103672745, 0.981587395504, 925.591704459, 29.5656457924, 11431.2087301, 2.9490616622
1.86968210021, 1.35347826294, 1.33189151068, 1.10824243273, 5.29250138374, 0.974262871397, 1.87576657594, 1.18428955148, 1.03731792014, 3.7147589788, 5.39902478917, 1.04648694781, 2.51503600864, 1.10192578247, 0.898344786321, 1.27721463482, 1.14366148983, 1.11871581965, 5.4750272251, 1.04080943978, 0.992336937037, 317.242165409, 0.89610468861, 2.93403866426, 1.14275456721, 4.50372642039, 1.08522327141, 1096.00426341, 31.4935263783, 13093.0914886, 2.14477211796
2.07629965309, 1.14416501901, 1.07120202432, 1.0839104666, 3.53811353886, 1.11795691496, 2.47422962819, 1.24228350812, 0.933991155751, 2.19736882666, 2.53605052289, 1.18939692459, 3.32519899927, 0.820448637632, 1.06300028604, 1.56414474232, 1.02825322525, 0.963229122932, 9.68924112488, 1.17778107407, 0.885961112765, 278.101932826, 1.18151528982, 1.29552789225, 1.05197893588, 2.23131771634, 0.88928496812, 1288.74773056, 27.2015267344, 24084.679615, 2.9490616622
3.94805849313, 1.03779813598, 1.35705803082, 0.830951731962, 4.93099985457, 1.17772698007, 1.86913337918, 1.01317422004, 1.09213588003, 5.26512176788, 2.01994114224, 1.08348835968, 3.28306602614, 1.10167762578, 0.98136211118, 1.62152144857, 1.1574231351, 0.985473962637, 4.58547754521, 1.08403245612, 0.946617599377, 410.124265744, 1.11628054583, 4.45978825162, 1.13208543219, 2.07893358951, 0.873805202243, 1183.68101462, 30.5408737243, 8250.89889029, 2.68096514745
2.33253285437, 1.29458468028, 0.754426861528, 0.878028479577, 4.27833988484, 0.954872430445, 3.10889732737, 1.13485145966, 1.0418555295, 5.18098376132, 2.28256280991, 1.1184558905, 4.29209384255, 1.15776753958, 0.911819764941, 1.20660273406, 1.0658559039, 0.853591239215, 4.66018113386, 1.16781973101, 0.8571254045, 350.551743169, 1.06094969021, 2.16741991092, 1.12057459993, 1.59008226024, 0.990192221473, 596.854267428, 21.1989397501, 4211.56642316, 3.75335120643
4.70931528185, 1.25228935806, 1.5326536096, 0.807080992752, 5.73765418861, 1.15895052794, 2.58962943319, 0.88820818672, 1.11365653293, 5.19619035129, 1.86315319669, 0.81145890877, 2.70966238148, 0.963055919497, 1.02944280053, 1.45330431991, 1.14666987392, 1.07366695254, 5.87122396189, 1.01013876775, 0.918821843403, 114.064155996, 1.00737200389, 5.50480270698, 1.00577558234, 4.84774612554, 1.28653998112, 838.953491515, 28.0779852013, 9157.8606841, 3.48525469169
3.18725412389, 1.11529722869, 0.921764190862, 0.859722066367, 3.73281120577, 0.870129225639, 5.55782933208, 0.906506938944, 1.07525188368, 2.99553404553, 6.27647857999, 1.02104828134, 3.83522999874, 0.991741664279, 0.816343229155, 1.0323613313, 1.07456434747, 1.11639985814, 4.35438021014, 1.10544220178, 0.761465933507, 143.915682288, 1.12707891995, 2.51749243893, 1.17923415532, 2.47779687568, 0.905970866525, 1120.47886209, 24.3924267572, 14042.2829022, 3.21715817694
3.16685922913, 1.02474181348, 1.12657980578, 0.897195951908, 1.71323816373, 1.00985942424, 1.32112517785, 1.01519828383, 0.94944481723, 1.97493842937, 2.95177405432, 0.903418601267, 3.74160497969, 1.1813448803, 0.982807259309, 1.401334124, 1.11608332701, 1.20503674737, 3.21946487665, 0.960636923986, 0.782147067178, 414.485089862, 0.978571458791, 3.50870841597, 1.0652453186, 1.88691407187, 0.984965868188, 1288.52932519, 26.8255751436, 10675.7622325, 3.21715817694
3.52098533871, 1.12470510927, 0.789958447442, 1.21493214711, 4.19300424651, 0.984419834155, 3.24851037247, 0.980602554062, 0.908788788096, 3.0631836603, 4.89741092491, 0.846436391649, 2.37617003741, 0.892944537477, 0.969055655052, 1.19477926602, 1.16766728507, 1.12647234485, 7.83466431655, 1.0542490539, 0.770111113329, 132.025328916, 0.943928018534, 2.87511825485, 0.950280623518, 2.53868311668, 1.29328250106, 1633.16239258, 27.9403029711, 13388.9652329, 2.9490616622
4.08121371142, 1.17489579949, 1.07977322195, 0.968050995097, 5.93038439682, 1.1697928743, 1.32899250912, 0.87018026269, 1.07717349375, 3.48452840726, 6.56091558499, 0.829759939701, 4.60451404783, 1.27269688059, 0.920513008967, 1.40177414272, 1.06845978352, 1.04238446018, 3.94426979489, 1.09017547442, 0.953734180688, 89.6357136885, 1.12367333011, 4.60189442647, 1.20080124329, 3.40045944617, 0.874924952806, 3881.26774714, 46.4522534256, 4493.36788491, 1.07238605898
2.71192199515, 1.42945474773, 0.765990778395, 0.969347323761, 4.5644896465, 0.92908792152, 1.11954657876, 1.14823823724, 0.908053955042, 3.48671830027, 3.2331489136, 1.18185298299, 4.95026613941, 1.18101011455, 1.03544352988, 1.07869957887, 1.01366867143, 1.06061267614, 9.55965426713, 0.945781500223, 0.912398865522, 71.1654244332, 0.850860093116, 5.04693634941, 1.0525584595, 2.89871751841, 1.04771736693, 1628.92974591, 47.7810572076, 5358.3404955, 1.34048257373
5.73770981886, 1.4109531993, 0.91235304752, 1.20447132373, 5.39152673113, 0.789609165354, 4.78704144351, 1.18328715862, 0.920661768942, 1.40508198994, 7.44569181205, 0.85599874615, 1.87375378781, 1.16726889154, 0.937780916808, 1.49048203786, 1.07915964916, 0.982413413827, 3.96244367024, 1.07432760903, 0.912755081616, 34.389732229, 1.0200843399, 4.21209967507, 1.00636667824, 5.24228130985, 1.07382900261, 1498.75865869, 45.7673603195, 20024.0999227, 0.536193029491
2.88363563475, 1.19616556517, 1.40391644062, 0.97774549983, 1.5601639656, 1.06169068611, 2.4118544817, 0.97650491728, 1.04313874263, 3.22897966768, 5.15057462912, 0.942555155196, 3.87278081274, 0.898637376241, 0.93786093432, 1.24411145882, 1.04941897173, 1.08618369024, 8.52189184126, 1.12764044709, 0.995359674287, 228.674688701, 0.874983370198, 4.52677191492, 1.04257018666, 3.79649588101, 1.28812032951, 1206.72748045, 44.7065498453, 12440.5574726, 0.804289544236
1.18582604479, 1.0446069803, 1.37376208591, 1.19249493822, 3.1512350403, 0.835242072575, 4.61492841174, 1.1075167444, 1.12407803631, 2.31706251595, 2.45889970937, 1.14160375882, 2.01505218463, 0.881371031312, 0.863824201588, 1.02657982277, 1.161156619, 0.971990329605, 8.83529918191, 1.0595457145, 0.769912316867, 347.099107149, 0.947705653607, 4.08627069763, 1.21278660189, 4.04606639929, 1.21648557344, 1391.56951899, 46.3777120958, 7257.56823085, 0.804289544236
3.06946666892, 1.03172409955, 1.05232161426, 0.810481385281, 2.84175995764, 0.895859188963, 2.1570666886, 1.14795382656, 0.91663999106, 3.00539367052, 5.10319798384, 0.82688807825, 3.1122656258, 1.04307812269, 1.01858382931, 1.49515878788, 1.15387168729, 1.09010754537, 7.35914874952, 1.13472554087, 0.985931691019, 27.0306846595, 0.938427719725, 1.18739273942, 1.19960830774, 2.41317493599, 1.15909089069, 2811.82097758, 52.26916248, 18235.1635557, 0.536193029491
1.58066723954, 1.25000910327, 1.61779092539, 1.17374248298, 5.32300662588, 0.967752788316, 1.29475665325, 0.963611126375, 1.01597665506, 1.91004456282, 6.44552131173, 1.00995016937, 4.87035977674, 1.05636691256, 1.0855730028, 1.24084171271, 1.11556646084, 1.16010756862, 3.00359452856, 1.08679962439, 0.877485485393, 231.070532295, 0.935851064353, 3.14542504296, 1.07141061722, 1.78787351956, 0.954154421216, 4054.1962449, 65.9248479976, 11816.7902547, 0.536193029491
3.77227360243, 1.38981070153, 1.42021266555, 0.813947597257, 5.483132051, 1.01568756007, 4.81866202896, 1.06949026209, 1.12538675394, 5.62800257645, 5.09072113592, 1.21203350856, 4.68813051552, 1.18113612793, 0.929317006995, 1.16952049666, 1.07827134475, 0.981801349711, 9.65258405726, 0.946059018636, 0.770369961659, 100.870419601, 0.975904122247, 4.44193882553, 0.977388893466, 3.67103672745, 0.981587395504, 2308.25199029, 41.0051146187, 27441.5760094, 0.804289544236
1.81420169829, 1.07246823533, 1.28591792142, 1.15651586646, 5.59366878888, 1.1005158048, 1.20321586343, 1.12479892417, 0.993307555171, 4.74832171846, 4.56815092472, 0.979783988548, 1.98458599594, 1.06195041217, 0.847565314522, 1.34602047279, 1.017766054, 1.20629804886, 5.99797968651, 0.989202584304, 0.919800054125, 14.1904349212, 1.19138561767, 5.07499251044, 1.0239666888, 1.18157560763, 1.10664765854, 823.308582417, 39.5197986424, 7106.57692175, 2.41286863271
3.11850582522, 1.25327646578, 1.24716545306, 0.886642401677, 3.9991559617, 0.980227424749, 1.47574189718, 1.10778618587, 1.13383146074, 5.05308863638, 4.38091704966, 0.846853727704, 1.56176770721, 1.21811122205, 1.01925925639, 1.22337152266, 1.05355685466, 0.841083455754, 6.06583569958, 1.02510472173, 0.855265404033, 393.952697223, 0.943917593945, 2.84073398181, 1.15875016887, 1.0559719211, 0.948675336944, 556.118671104, 35.6327574803, 10518.2121525, 2.68096514745
1.53434904544, 1.11202735665, 0.87893997029, 1.10033468371, 2.87712247676, 0.749396962626, 4.30529800073, 0.878373727934, 1.0199388538, 4.82546240775, 4.92209808036, 1.14684957532, 2.98315031291, 1.05231025515, 0.87531558283, 1.35858662123, 1.1152966493, 0.910706795368, 9.59285334546, 0.938569984912, 0.845845912125, 332.767632002, 1.01135167335, 3.23068140562, 1.04626413987, 4.78349817101, 0.878509115728, 1142.39362291, 33.5991226024, 7811.62794949, 1.60857908847
1.97001073138, 1.0116084846, 1.10656035799, 0.8908174216, 1.81659425283, 0.869649837717, 4.91975071392, 1.05757939143, 1.104556891, 2.39749582543, 7.39016766528, 0.845750425, 1.35503569637, 0.852504884091, 1.00752220034, 1.11226155226, 1.16099693163, 0.991233131671, 7.70020144217, 1.09849516323, 0.999455164462, 329.310681056, 0.872879081144, 3.19765644845, 1.10738862034, 1.57588357147, 0.983223698119, 2180.33665835, 38.7295387993, 6899.65240152, 1.87667560322
4.68113889298, 1.06669442286, 1.4622510152, 0.87287348594, 5.09873343249, 1.1744173011, 1.15338846625, 1.00354134599, 1.04158388594, 3.67479357415, 2.57545290401, 0.871337631082, 4.57951637637, 1.23668810601, 0.895673169207, 1.25117567522, 1.09693910178, 1.04762616411, 6.163042467, 1.00243553996, 0.833049848624, 206.896118915, 0.928239043317, 2.59739206098, 1.07333400354, 3.61354202833, 0.886619630849, 1354.88326238, 23.15186502, 2958.83775722, 6.16621983914
1.12345457382, 1.32390427477, 1.50650165665, 1.02869739751, 4.0233620285, 1.02615016471, 3.23943067293, 1.20922553673, 1.07853078206, 4.71846143336, 3.86558143032, 0.820050123849, 2.20256078427, 0.86560790467, 0.904205321006, 1.10874674684, 1.15428964164, 1.02484031664, 4.55482460541, 1.18866727107, 0.968052376567, 351.86206038, 0.867220779673, 4.04338510539, 1.0751957637, 4.45684477894, 1.17312271622, 787.405953714, 19.9810457005, 6218.29937247, 5.63002680965
1.97001073138, 1.0116084846, 1.10656035799, 1.07100731298, 1.81659425283, 0.869649837717, 1.14668547891, 1.18805525863, 1.104556891, 2.39749582543, 7.39016766528, 0.845750425, 1.35503569637, 0.852504884091, 1.00752220034, 1.11226155226, 1.16099693163, 0.991233131671, 7.70020144217, 1.12076023266, 0.999455164462, 329.310681056, 0.872879081144, 3.19765644845, 1.10738862034, 1.57588357147, 0.946268292402, 745.55241046, 19.7881193203, 20955.7303859, 6.97050938338
1.40586072012, 1.33209631939, 1.41808753319, 1.07629900281, 6.47308887215, 0.842555806489, 4.36922244164, 0.949958103733, 1.12483735608, 6.04309958626, 4.30893899552, 1.13893979897, 4.11341315716, 0.834522044003, 0.944393927639, 1.52419635058, 1.11104244737, 0.927917986321, 3.37642575224, 1.16410773434, 0.920374274112, 95.9245426614, 1.14508546157, 2.39691891195, 1.02194609799, 2.87720134234, 0.874191201623, 6657.76317013, 69.962792836, 32539.7946372, 0.536193029491
1.53434904544, 1.11202735665, 0.87893997029, 1.10033468371, 2.87712247676, 0.769288576606, 4.30529800073, 0.878373727934, 1.10172593018, 3.79283354871, 4.92209808036, 1.14684957532, 2.98315031291, 1.05231025515, 0.87531558283, 1.1528838738, 1.1152966493, 0.910706795368, 9.59285334546, 0.938569984912, 0.845845912125, 332.767632002, 1.01135167335, 3.23068140562, 1.04626413987, 4.78349817101, 0.878509115728, 659.84454568, 40.0654370342, 14187.267843, 3.21715817694
3.3919936038, 1.31866921332, 0.822254374159, 0.98379550667, 5.9988342047, 0.902329459864, 1.81353578685, 0.896983485248, 0.998423096579, 3.64153086281, 2.50794955529, 0.816882310941, 2.44011515967, 1.12829154849, 1.0010981286, 1.3373201624, 1.07374062732, 1.16914271673, 9.06966822636, 0.978152660372, 0.876856095384, 303.406711685, 0.969015471438, 5.5481143717, 0.955527407694, 4.78334284815, 0.881728912819, 2731.64456237, 35.7602259216, 49733.5220663, 2.14477211796
2.4366454677, 1.3878381822, 0.827189915761, 0.813889716079, 5.67914276921, 1.00504217919, 3.69609526452, 0.927182509835, 0.937016120829, 4.11005463315, 2.28135661892, 1.12571391881, 2.49470461465, 1.17775406343, 1.05816721177, 1.23306912105, 1.1215042938, 0.948258909472, 6.51675805668, 0.944363088, 0.904391632539, 153.761402095, 1.17621070861, 4.52102203246, 1.08397951762, 4.53159023112, 1.23609733915, 2030.49863402, 25.6529018255, 4111.98658294, 9.11528150134
2.95498942388, 1.0837212962, 1.68284023393, 0.971579060767, 4.03034924288, 1.00149601252, 1.01112721511, 1.18085924125, 0.960397112269, 1.32580726086, 7.46432905252, 0.988994738345, 2.45398358352, 1.19678125176, 1.04767445393, 1.29482573353, 1.02431939119, 1.17971172737, 9.62750655183, 0.949262812133, 0.867631144565, 29.9845669588, 1.04942367325, 4.93164855896, 1.21339993233, 2.77016044142, 1.01114360242, 1064.85667954, 22.0352884075, 6608.09985518, 6.43431635389
3.54257793319, 1.15295140452, 1.01828046412, 1.15500022864, 2.67221088877, 1.10538773094, 3.75283647973, 1.04306497887, 0.934596128631, 1.63316319732, 2.57072280547, 0.990062678342, 3.67743592281, 0.844230471902, 1.02677565433, 1.54682436296, 1.07042590623, 1.05500738119, 7.36394439981, 0.928867058349, 0.876354221131, 58.4685330749, 1.15479732329, 2.01857552325, 1.23680525381, 4.61568708374, 1.08448219972, 3598.09048827, 57.6260456218, 21320.2618684, 0.804289544236
5.06574339712, 1.4271760971, 1.15495566321, 1.18077944905, 6.94981836323, 0.975412351502, 1.99808760014, 1.21870868348, 1.04888187017, 2.32774484636, 4.43390438177, 1.03986626829, 4.79672930307, 1.05634623589, 0.837692680094, 1.0557759772, 1.06322925331, 1.03741849537, 4.22738048546, 1.10640938344, 0.916545398379, 204.84277268, 1.18420489182, 1.13833079524, 0.950554743308, 2.19675927178, 0.870930850144, 1046.08852234, 22.1800299374, 12036.9720756, 6.43431635389
1.38007355737, 1.08100499343, 1.06029942557, 0.904227308541, 5.12720862017, 0.835517672088, 1.16484022479, 0.854625423036, 1.0173297844, 2.87375873826, 7.00691911656, 0.865845892269, 2.7167498423, 0.836323970686, 0.856114253005, 1.02733253646, 1.06315510718, 0.84783146099, 5.72830652167, 1.15070351634, 0.908539041977, 355.431396881, 0.870804677257, 3.84606466147, 0.964216341027, 4.41462374031, 0.992581322545, 5262.06295813, 51.4126055735, 27138.4461616, 0.804289544236
1.19643054079, 1.11658535419, 1.3594921294, 1.15936432149, 2.11351781811, 0.776106252164, 5.5893977294, 0.861034465043, 1.0999050324, 4.84322192542, 2.76978764018, 1.06142482676, 2.54409367964, 0.918634613141, 0.836231007334, 1.32797359082, 1.15991181053, 1.07973393298, 6.70557798621, 1.13653783432, 0.894123868614, 213.746322619, 1.16964594193, 2.58851933198, 0.965382794953, 2.46195274507, 1.25081075967, 718.152718163, 22.4373852536, 5130.98125423, 3.75335120643
5.61968015353, 1.33526189741, 1.36623636511, 0.987082085129, 5.37725310088, 0.752709290975, 2.59170000691, 1.25713299246, 0.995039132187, 3.1454468956, 6.30854098501, 1.07483506093, 2.00573578491, 1.23016029663, 0.818573267539, 1.55444845101, 1.07325442112, 0.954847130005, 9.34360769933, 1.13781730754, 0.801485776527, 81.6552627672, 0.955478166417, 2.02945709256, 0.975491241016, 1.55812721692, 1.29385019047, 2290.97800629, 54.6037497395, 46727.8488961, 0.536193029491
1.56043162524, 1.34104348276, 1.3143405335, 1.07691372019, 3.02533765519, 1.03232313307, 1.02341425468, 1.05450157971, 1.08336394677, 3.15105158992, 6.82731943958, 0.844959608757, 4.68060926715, 1.20356302623, 0.807033137267, 1.262446571, 1.08403897582, 1.08084551017, 5.82250984384, 1.15406617812, 0.95243628873, 210.689512002, 0.975019119614, 2.49229427903, 1.18129231179, 1.16984894516, 1.13698992927, 1261.54479246, 33.5252314176, 34644.7686404, 2.41286863271
3.94805849313, 1.03779813598, 1.35705803082, 0.830951731962, 4.29959093474, 1.17772698007, 1.19317938179, 1.01317422004, 1.09213588003, 5.26512176788, 4.34358738725, 1.08348835968, 3.28306602614, 1.10167762578, 1.01723505986, 1.62152144857, 1.1574231351, 0.985473962637, 4.58547754521, 1.08403245612, 0.946617599377, 410.124265744, 1.11628054583, 4.45978825162, 1.13208543219, 2.07893358951, 0.873805202243, 1429.25053668, 24.0166122776, 4435.46104564, 5.8981233244
5.58778047408, 1.42303476596, 1.18953388047, 0.948173580558, 2.05738270418, 0.740374335138, 1.67110785822, 0.840629465679, 0.986716168511, 2.60080305285, 2.45602461234, 0.955511196562, 1.49163653118, 0.86412017818, 1.07210517587, 1.33093468476, 1.08768003813, 1.01700617678, 6.91655615055, 0.950027829334, 0.824306520269, 305.194303241, 1.17727039298, 5.21341362688, 1.17637249773, 3.7088124312, 1.11331363282, 5219.59695109, 67.8899495192, 13549.1871445, 0.804289544236
