1.0, -1.0, 2.0, 2.0, 1.0, -1.0, 1.0, 0.0, -1.0, 1.0, 2.0, 3.0, 1.0, 1.0, -1.0, 0.0, -1.0, 2.0, 0.0, 2.0, -1.0, 0.0, 2.0, -1.0, 3.0, -1.0, 0.0, 3.0, 2.0, 0.0, -1.0, 0.0, -1.0, 2.0, 0.0, 1.0, -1.0, 0.0, 1.0, 0.0, 2.0, 0.0, 2.0, 0.0, 2.0, 2.0, 0.0, -1.0, 1.0, 3.0, 95921.0, 523.0, 99534.0
1.0, 2.0, -1.0, 2.0, 2.0, 0.0, 1.0, 2.0, -1.0, 0.0, 1.0, -1.0, 1.0, 2.0, -1.0, 2.0, -1.0, -1.0, 0.0, 3.0, 2.0, 1.0, 3.0, 0.0, 2.0, 2.0, 0.0, 0.0, 2.0, 1.0, 3.0, 1.0, 2.0, -1.0, -1.0, 1.0, 0.0, 3.0, 3.0, 0.0, 2.0, 0.0, 0.0, -1.0, 1.0, 0.0, 1.0, 0.0, -1.0, 1.0, 95779.0, 570.0, 99504.0
0.0, 0.0, 2.0, 2.0, 0.0, 3.0, 3.0, 1.0, 2.0, 2.0, -1.0, 2.0, 3.0, 0.0, 0.0, 2.0, 1.0, -1.0, 3.0, -1.0, -1.0, -1.0, 1.0, 2.0, -1.0, 2.0, 3.0, 1.0, -1.0, 1.0, 1.0, 0.0, -1.0, 1.0, -1.0, -1.0, 2.0, -1.0, 0.0, 2.0, -1.0, -1.0, 2.0, 2.0, -1.0, 3.0, 2.0, 1.0, 0.0, 0.0, 96411.0, 506.0, 99564.0
-1.0, 0.0, 1.0, 2.0, -1.0, 3.0, -1.0, 2.0, 1.0, 2.0, -1.0, 2.0, 1.0, 0.0, 1.0, 2.0, 2.0, 1.0, -1.0, 0.0, 2.0, 1.0, 0.0, -1.0, 3.0, 0.0, 1.0, 1.0, 2.0, -1.0, 0.0, 0.0, 0.0, 0.0, 1.0, 2.0, 3.0, -1.0, 2.0, 0.0, 0.0, 1.0, 0.0, 1.0, 2.0, 0.0, 1.0, 2.0, 2.0, 1.0, 95185.0, 588.0, 99467.0
3.0, -1.0, 1.0, -1.0, 0.0, 1.0, 3.0, 3.0, 2.0, 0.0, -1.0, 0.0, 0.0, -1.0, -1.0, 2.0, 3.0, -1.0, 1.0, 1.0, -1.0, 0.0, 1.0, 3.0, 2.0, 2.0, 1.0, 3.0, 0.0, 1.0, 1.0, 2.0, 2.0, 3.0, 1.0, 0.0, 0.0, 3.0, 2.0, 0.0, -1.0, 2.0, 1.0, -1.0, 3.0, 2.0, 1.0, 3.0, 3.0, 3.0, 95934.0, 576.0, 99482.0
1.0, -1.0, 0.0, 1.0, -1.0, -1.0, 3.0, 0.0, 0.0, 3.0, 2.0, 1.0, 1.0, 1.0, 0.0, 1.0, 2.0, 2.0, 0.0, 2.0, 0.0, 2.0, 1.0, 2.0, 1.0, 3.0, 0.0, 3.0, 0.0, 1.0, -1.0, 1.0, 2.0, -1.0, 3.0, 1.0, 2.0, 2.0, 2.0, 3.0, 1.0, -1.0, 2.0, 1.0, 0.0, 3.0, 3.0, 2.0, -1.0, 3.0, 95671.0, 605.0, 99460.0
3.0, 1.0, 2.0, 1.0, 3.0, 3.0, -1.0, -1.0, 2.0, -1.0, -1.0, -1.0, 0.0, 2.0, 2.0, 1.0, 0.0, 1.0, 1.0, -1.0, -1.0, -1.0, -1.0, -1.0, -1.0, 2.0, -1.0, 2.0, 2.0, 1.0, 1.0, 1.0, 1.0, 2.0, -1.0, -1.0, -1.0, 3.0, 1.0, 2.0, -1.0, 3.0, 0.0, 0.0, 1.0, 2.0, 2.0, 1.0, -1.0, 2.0, 96711.0, 457.0, 99592.0
-1.0, -1.0, 3.0, 1.0, 3.0, 2.0, 1.0, -1.0, -1.0, 2.0, -1.0, 2.0, 2.0, 0.0, 3.0, 0.0, 3.0, 3.0, 3.0, 0.0, 1.0, 0.0, 1.0, -1.0, 1.0, 2.0, 0.0, 2.0, 2.0, 1.0, 0.0, 1.0, 0.0, 1.0, 2.0, 0.0, 3.0, 2.0, 2.0, 3.0, 1.0, -1.0, 3.0, 0.0, 0.0, -1.0, 0.0, 1.0, 3.0, 2.0, 95770.0, 579.0, 99469.0
2.0, -1.0, 2.0, 0.0, 2.0, 0.0, 2.0, 0.0, 1.0, -1.0, 0.0, 2.0, 3.0, -1.0, 1.0, 1.0, 2.0, 3.0, -1.0, -1.0, 0.0, 2.0, 0.0, 1.0, 2.0, 2.0, -1.0, -1.0, 1.0, -1.0, 2.0, 0.0, 1.0, -1.0, -1.0, 1.0, 2.0, 2.0, 1.0, 1.0, 0.0, 3.0, 0.0, 3.0, 1.0, 0.0, 3.0, 1.0, 3.0, 0.0, 95687.0, 574.0, 99503.0
2.0, -1.0, 0.0, 3.0, 0.0, 3.0, -1.0, -1.0, 0.0, 2.0, 0.0, -1.0, 3.0, 1.0, 1.0, -1.0, 1.0, 3.0, -1.0, 0.0, 2.0, -1.0, 0.0, -1.0, 2.0, 1.0, 2.0, 1.0, 1.0, 2.0, 1.0, 0.0, 0.0, 1.0, 0.0, 0.0, -1.0, 3.0, 1.0, -1.0, 2.0, 0.0, 1.0, 1.0, 2.0, 1.0, 2.0, 2.0, 2.0, 1.0, 95779.0, 569.0, 99510.0
0.0, 3.0, 1.0, 3.0, -1.0, -1.0, 2.0, 1.0, 0.0, 0.0, 2.0, -1.0, 1.0, 0.0, -1.0, 1.0, 3.0, 1.0, 2.0, 3.0, -1.0, -1.0, 0.0, -1.0, 1.0, 1.0, -1.0, 2.0, 1.0, 2.0, -1.0, -1.0, 2.0, 2.0, -1.0, 1.0, 2.0, 1.0, 2.0, 1.0, 1.0, 2.0, 0.0, 2.0, 2.0, 0.0, -1.0, -1.0, 2.0, 2.0, 96289.0, 512.0, 99565.0
1.0, 1.0, 1.0, -1.0, 3.0, 3.0, 2.0, 0.0, 1.0, 3.0, 0.0, 0.0, 0.0, 3.0, 1.0, 1.0, 3.0, 3.0, 0.0, 2.0, 3.0, 0.0, 2.0, 0.0, 0.0, 1.0, 1.0, -1.0, 1.0, 0.0, 2.0, 0.0, 2.0, 3.0, 2.0, 0.0, 0.0, 2.0, -1.0, 1.0, 2.0, 3.0, 0.0, 0.0, 2.0, 2.0, 1.0, 2.0, 3.0, 3.0, 95199.0, 667.0, 99422.0
2.0, -1.0, 1.0, 3.0, 0.0, 2.0, 1.0, 1.0, -1.0, 0.0, 1.0, 1.0, 2.0, 2.0, 1.0, 2.0, 2.0, 3.0, 0.0, 0.0, -1.0, 1.0, 2.0, 2.0, 1.0, 1.0, 0.0, 1.0, 0.0, -1.0, -1.0, 2.0, 1.0, 3.0, 2.0, 1.0, 1.0, 3.0, -1.0, -1.0, 0.0, 2.0, 3.0, 3.0, 0.0, 0.0, 0.0, 3.0, 0.0, 1.0, 95509.0, 601.0, 99462.0
1.0, 2.0, 0.0, -1.0, -1.0, 2.0, 0.0, 2.0, 0.0, 0.0, 0.0, 0.0, 3.0, 2.0, 0.0, 1.0, 1.0, 3.0, 2.0, -1.0, 2.0, 1.0, 0.0, 2.0, 3.0, 0.0, -1.0, 2.0, 1.0, 1.0, 1.0, 3.0, 2.0, 2.0, 1.0, 2.0, 0.0, 0.0, 3.0, 2.0, 0.0, -1.0, 2.0, 0.0, 2.0, 1.0, 3.0, 3.0, -1.0, 1.0, 95489.0, 617.0, 99460.0
0.0, 2.0, 0.0, 0.0, 1.0, 2.0, 2.0, -1.0, -1.0, 1.0, 1.0, 3.0, 0.0, 1.0, 2.0, 2.0, 3.0, 1.0, 0.0, -1.0, 2.0, 1.0, 1.0, 0.0, 0.0, 2.0, -1.0, 2.0, 0.0, 3.0, 1.0, 1.0, -1.0, 0.0, 0.0, 3.0, 1.0, -1.0, -1.0, 1.0, -1.0, -1.0, 3.0, 2.0, 2.0, -1.0, 0.0, 0.0, 0.0, 0.0, 95652.0, 560.0, 99517.0
2.0, 0.0, -1.0, 1.0, 1.0, 1.0, 2.0, 1.0, 2.0, -1.0, 1.0, 2.0, 1.0, 1.0, 2.0, -1.0, 0.0, 3.0, 2.0, 2.0, -1.0, 3.0, 0.0, 0.0, 3.0, 0.0, -1.0, 3.0, 0.0, 0.0, 1.0, 2.0, 3.0, 1.0, 2.0, 2.0, -1.0, 2.0, 0.0, 1.0, -1.0, 0.0, 0.0, 2.0, 1.0, 1.0, 0.0, 2.0, 2.0, 3.0, 95457.0, 613.0, 99466.0
3.0, -1.0, 1.0, 0.0, -1.0, 1.0, 2.0, 0.0, 0.0, 0.0, 2.0, 3.0, 2.0, 1.0, 3.0, 2.0, 3.0, 1.0, 1.0, -1.0, 1.0, 1.0, 0.0, 0.0, 3.0, 2.0, 1.0, 1.0, 0.0, 2.0, 2.0, 2.0, -1.0, 0.0, 0.0, 2.0, 3.0, 0.0, 1.0, 1.0, 0.0, 1.0, 2.0, 1.0, 3.0, -1.0, 2.0, 2.0, 2.0, 0.0, 95211.0, 631.0, 99442.0
0.0, 1.0, -1.0, -1.0, 1.0, 0.0, 0.0, 1.0, 0.0, 2.0, 0.0, -1.0, 1.0, 1.0, -1.0, 0.0, 2.0, 0.0, 0.0, 1.0, -1.0, -1.0, 0.0, 1.0, 3.0, -1.0, 2.0, 1.0, 2.0, 2.0, 2.0, 2.0, 2.0, -1.0, 0.0, 2.0, 1.0, 1.0, 1.0, 2.0, 0.0, 0.0, 1.0, 3.0, 2.0, 2.0, 2.0, -1.0, -1.0, -1.0, 95760.0, 553.0, 99527.0
1.0, -1.0, 1.0, 1.0, 2.0, 0.0, 2.0, 0.0, 0.0, 0.0, -1.0, -1.0, 1.0, 2.0, 2.0, 2.0, 0.0, 3.0, 1.0, 2.0, 1.0, 3.0, -1.0, 0.0, 2.0, 2.0, 1.0, 2.0, -1.0, 1.0, 0.0, 2.0, 3.0, 0.0, 2.0, 1.0, 3.0, 0.0, 0.0, 0.0, 0.0, 1.0, -1.0, 1.0, 2.0, 3.0, 2.0, 2.0, 1.0, 0.0, 95363.0, 624.0, 99461.0
0.0, 2.0, -1.0, 1.0, 2.0, 2.0, 3.0, 0.0, 3.0, 2.0, 1.0, 2.0, -1.0, 2.0, 0.0, 0.0, 3.0, -1.0, 1.0, -1.0, -1.0, 2.0, 0.0, 3.0, 3.0, 2.0, 3.0, 2.0, 2.0, 0.0, -1.0, 3.0, -1.0, 2.0, 0.0, 1.0, -1.0, -1.0, 0.0, 1.0, 0.0, 1.0, 1.0, 0.0, 0.0, 0.0, 0.0, 2.0, 0.0, -1.0, 95901.0, 569.0, 99509.0
3.0, 2.0, -1.0, 2.0, 2.0, 0.0, 1.0, 0.0, 2.0, 2.0, 0.0, 1.0, 1.0, 1.0, 0.0, -1.0, -1.0, 3.0, -1.0, 1.0, -1.0, 0.0, 1.0, -1.0, 0.0, 0.0, 2.0, -1.0, 1.0, 0.0, -1.0, 1.0, 0.0, 1.0, 2.0, 2.0, 3.0, -1.0, 0.0, 3.0, 0.0, 2.0, 1.0, 0.0, 2.0, 2.0, 0.0, 1.0, 1.0, 3.0, 95509.0, 584.0, 99482.0
1.0, 3.0, 2.0, 2.0, 1.0, -1.0, 1.0, 0.0, -1.0, 1.0, 2.0, 3.0, 1.0, 1.0, -1.0, 0.0, -1.0, 2.0, 0.0, 2.0, -1.0, 0.0, 2.0, -1.0, 3.0, -1.0, 0.0, 3.0, 2.0, 0.0, -1.0, 0.0, -1.0, 2.0, 0.0, 1.0, -1.0, 0.0, 1.0, 0.0, 2.0, 0.0, 2.0, 0.0, 2.0, 2.0, 0.0, -1.0, 1.0, 3.0, 95882.0, 539.0, 99526.0
1.0, 2.0, -1.0, 2.0, 2.0, 0.0, 1.0, 2.0, -1.0, 0.0, 1.0, -1.0, 1.0, 2.0, -1.0, 2.0, -1.0, -1.0, 0.0, 3.0, 2.0, 1.0, 3.0, 0.0, 2.0, 2.0, 0.0, 0.0, 2.0, 1.0, 3.0, 1.0, 2.0, -1.0, -1.0, 1.0, 0.0, 3.0, 3.0, 0.0, 2.0, 0.0, 0.0, -1.0, 1.0, 0.0, 1.0, 0.0, -1.0, 1.0, 95779.0, 570.0, 99504.0
0.0, 0.0, -1.0, 2.0, 1.0, 1.0, 2.0, 2.0, -1.0, 0.0, 0.0, 1.0, 1.0, 3.0, 1.0, 3.0, 0.0, 1.0, 1.0, 1.0, 0.0, -1.0, 0.0, 2.0, 2.0, 1.0, 2.0, 2.0, 1.0, 0.0, -1.0, 0.0, -1.0, 1.0, 1.0, -1.0, 3.0, 2.0, 3.0, 2.0, 3.0, 2.0, 0.0, 2.0, 2.0, 0.0, 1.0, 0.0, 1.0, 0.0, 95278.0, 618.0, 99464.0
-1.0, 0.0, 1.0, 2.0, -1.0, 3.0, -1.0, 2.0, 1.0, 2.0, -1.0, 2.0, 1.0, 0.0, 1.0, 2.0, 2.0, 1.0, -1.0, 0.0, 2.0, 1.0, 0.0, -1.0, 3.0, 0.0, 1.0, 1.0, 2.0, -1.0, 0.0, 0.0, 0.0, 0.0, 1.0, 2.0, 3.0, -1.0, 2.0, 0.0, 0.0, 1.0, 0.0, 1.0, 2.0, 0.0, 1.0, 2.0, 2.0, 1.0, 95185.0, 588.0, 99467.0
3.0, -1.0, 1.0, -1.0, 0.0, 1.0, 3.0, 3.0, 2.0, 0.0, -1.0, 0.0, 0.0, -1.0, -1.0, 2.0, 3.0, -1.0, 1.0, 1.0, -1.0, 0.0, 1.0, 3.0, 2.0, 2.0, 1.0, 3.0, 0.0, 1.0, 1.0, 2.0, 2.0, 3.0, 1.0, 0.0, 0.0, 3.0, 2.0, 0.0, -1.0, 2.0, 1.0, -1.0, 3.0, 2.0, 1.0, 3.0, 3.0, 3.0, 95934.0, 576.0, 99482.0
3.0, 1.0, 2.0, 1.0, 3.0, 3.0, -1.0, -1.0, 2.0, 3.0, -1.0, -1.0, 0.0, 2.0, 2.0, 1.0, 0.0, 1.0, 1.0, -1.0, -1.0, -1.0, -1.0, -1.0, -1.0, 2.0, -1.0, 2.0, 2.0, 1.0, 1.0, 1.0, 1.0, 2.0, -1.0, -1.0, -1.0, 3.0, 1.0, 2.0, -1.0, 3.0, 0.0, 0.0, 1.0, 2.0, 2.0, 1.0, -1.0, 2.0, 96672.0, 469.0, 99585.0
-1.0, 1.0, 3.0, 1.0, 3.0, 2.0, 1.0, -1.0, -1.0, 2.0, -1.0, 2.0, 2.0, 0.0, 3.0, 0.0, 3.0, 3.0, 3.0, 0.0, 1.0, 0.0, 1.0, -1.0, 1.0, 2.0, 0.0, 2.0, 2.0, 1.0, 0.0, 1.0, 0.0, 1.0, 2.0, 0.0, 3.0, 2.0, 2.0, 3.0, 1.0, -1.0, 3.0, 0.0, 0.0, -1.0, 0.0, 1.0, 3.0, 2.0, 95691.0, 595.0, 99461.0
2.0, 1.0, 0.0, 1.0, 1.0, 2.0, 0.0, 0.0, 2.0, -1.0, 1.0, 3.0, 1.0, 3.0, 3.0, 0.0, 0.0, -1.0, 2.0, -1.0, 0.0, 2.0, 1.0, 1.0, -1.0, 3.0, 3.0, 0.0, 2.0, 3.0, 0.0, 1.0, 1.0, 2.0, 0.0, 0.0, 3.0, 0.0, 0.0, 1.0, 2.0, 1.0, 2.0, 1.0, 0.0, 0.0, 1.0, 3.0, 2.0, 2.0, 95236.0, 651.0, 99433.0
2.0, -1.0, 0.0, 3.0, -1.0, -1.0, -1.0, 1.0, 2.0, 1.0, 1.0, 1.0, -1.0, 2.0, -1.0, 3.0, -1.0, 1.0, -1.0, 0.0, 3.0, 1.0, 1.0, -1.0, 2.0, 2.0, -1.0, 2.0, 2.0, 0.0, 1.0, -1.0, 3.0, -1.0, -1.0, 0.0, 1.0, -1.0, 0.0, 3.0, 1.0, 0.0, 2.0, 0.0, 1.0, 0.0, 2.0, 0.0, 0.0, 2.0, 96356.0, 511.0, 99560.0
2.0, -1.0, 2.0, 0.0, 2.0, 0.0, 2.0, 0.0, 1.0, -1.0, 0.0, 2.0, 3.0, -1.0, 1.0, 1.0, 2.0, 3.0, -1.0, -1.0, 0.0, 2.0, 0.0, 1.0, 2.0, 2.0, -1.0, -1.0, 1.0, -1.0, 2.0, 0.0, 1.0, -1.0, -1.0, 1.0, 2.0, 2.0, 1.0, 1.0, 0.0, 3.0, 0.0, 3.0, 1.0, 0.0, 3.0, 1.0, 3.0, 0.0, 95687.0, 574.0, 99503.0
2.0, -1.0, 0.0, 3.0, 0.0, 3.0, -1.0, -1.0, 0.0, 2.0, 0.0, -1.0, 3.0, 1.0, 1.0, -1.0, 1.0, 3.0, -1.0, 0.0, 2.0, -1.0, 0.0, -1.0, 2.0, 1.0, 2.0, 1.0, 1.0, 2.0, 1.0, 0.0, 0.0, 1.0, 0.0, 0.0, -1.0, 3.0, 1.0, -1.0, 2.0, 0.0, 1.0, 1.0, 2.0, 1.0, 2.0, 2.0, 2.0, 1.0, 95779.0, 569.0, 99510.0
0.0, 3.0, 1.0, 3.0, -1.0, -1.0, 2.0, 1.0, 0.0, 0.0, 2.0, -1.0, 1.0, 0.0, -1.0, 1.0, 3.0, 1.0, 2.0, 3.0, -1.0, -1.0, 0.0, -1.0, 1.0, 1.0, -1.0, 2.0, 1.0, 2.0, -1.0, -1.0, 2.0, 2.0, -1.0, 1.0, 2.0, 1.0, 2.0, 1.0, 1.0, 2.0, 0.0, 2.0, 2.0, 0.0, -1.0, -1.0, 2.0, 2.0, 96289.0, 512.0, 99565.0
1.0, 1.0, 1.0, -1.0, 3.0, 3.0, 2.0, 0.0, 1.0, 3.0, 0.0, 0.0, 0.0, 3.0, 1.0, 1.0, 3.0, 3.0, 0.0, 2.0, 3.0, 0.0, 2.0, 0.0, 0.0, 1.0, 1.0, -1.0, 1.0, 0.0, 2.0, 0.0, 2.0, 3.0, 2.0, 0.0, 0.0, 2.0, -1.0, 1.0, 2.0, 3.0, 0.0, 0.0, 2.0, 2.0, 1.0, 2.0, 3.0, 3.0, 95199.0, 667.0, 99422.0
-1.0, 1.0, 2.0, 2.0, 0.0, 0.0, 1.0, 3.0, -1.0, 2.0, 0.0, 0.0, 0.0, 0.0, 1.0, 2.0, 1.0, 0.0, 2.0, 2.0, 0.0, 3.0, 1.0, -1.0, 1.0, 3.0, 3.0, 2.0, 2.0, -1.0, -1.0, 3.0, 3.0, -1.0, 0.0, 1.0, 3.0, 1.0, 1.0, 0.0, 0.0, 1.0, 0.0, 1.0, 2.0, 2.0, 2.0, 3.0, 3.0, 3.0, 95579.0, 613.0, 99452.0
0.0, 2.0, -1.0, 0.0, 3.0, 0.0, -1.0, 2.0, 3.0, 2.0, -1.0, 0.0, 2.0, -1.0, 3.0, -1.0, -1.0, 3.0, -1.0, 1.0, 1.0, 2.0, 0.0, 2.0, 1.0, -1.0, 2.0, 1.0, 2.0, -1.0, 2.0, 2.0, -1.0, 2.0, 0.0, -1.0, 2.0, 3.0, 3.0, 1.0, 1.0, 1.0, 2.0, 0.0, 1.0, 0.0, 2.0, 0.0, 2.0, 0.0, 96004.0, 556.0, 99511.0
2.0, 0.0, -1.0, 1.0, 1.0, 1.0, 2.0, 1.0, 2.0, -1.0, 1.0, 2.0, 1.0, 1.0, 2.0, -1.0, 0.0, 3.0, 2.0, 2.0, -1.0, 3.0, 0.0, 0.0, 3.0, 0.0, -1.0, 3.0, 0.0, 0.0, 1.0, 2.0, 3.0, 1.0, 2.0, 2.0, -1.0, 2.0, 0.0, 1.0, -1.0, 0.0, 0.0, 2.0, 1.0, 1.0, 0.0, 2.0, 2.0, 3.0, 95457.0, 613.0, 99466.0
3.0, -1.0, 1.0, 0.0, -1.0, 1.0, 2.0, 0.0, 0.0, 0.0, 2.0, 3.0, 2.0, 1.0, 3.0, 2.0, 3.0, 1.0, 1.0, -1.0, 1.0, 1.0, 0.0, 0.0, 3.0, 2.0, 1.0, 1.0, 0.0, 2.0, 2.0, 2.0, -1.0, 0.0, 0.0, 2.0, 3.0, 0.0, 1.0, 1.0, 0.0, 1.0, 2.0, 1.0, 3.0, -1.0, 2.0, 2.0, 2.0, 0.0, 95211.0, 631.0, 99442.0
0.0, 1.0, -1.0, -1.0, 1.0, 0.0, 0.0, 1.0, 0.0, 2.0, 0.0, -1.0, 1.0, 1.0, -1.0, 0.0, 2.0, 0.0, 0.0, 1.0, -1.0, -1.0, 0.0, 1.0, 3.0, -1.0, 2.0, 1.0, 2.0, 2.0, 2.0, 2.0, 2.0, -1.0, 0.0, 2.0, 1.0, 1.0, 1.0, 2.0, 0.0, 0.0, 1.0, 3.0, 2.0, 2.0, 2.0, -1.0, -1.0, -1.0, 95760.0, 553.0, 99527.0
1.0, -1.0, 1.0, 1.0, 2.0, 0.0, 2.0, 0.0, 0.0, 0.0, -1.0, -1.0, 1.0, 2.0, 2.0, 2.0, 0.0, 3.0, 1.0, 2.0, 1.0, 3.0, -1.0, 0.0, 2.0, 2.0, 1.0, 2.0, -1.0, 1.0, 0.0, 2.0, 3.0, 0.0, 2.0, 1.0, 3.0, 0.0, 0.0, 0.0, 0.0, 1.0, -1.0, 1.0, 2.0, 3.0, 2.0, 2.0, 1.0, 0.0, 95363.0, 624.0, 99461.0
2.0, 1.0, 0.0, 1.0, 1.0, 2.0, 0.0, 0.0, 2.0, -1.0, 1.0, 3.0, 1.0, 3.0, 3.0, 0.0, 0.0, -1.0, 2.0, -1.0, 0.0, 2.0, 1.0, 1.0, -1.0, 3.0, 3.0, 0.0, 2.0, 3.0, 0.0, 1.0, 1.0, 2.0, 2.0, 0.0, 3.0, 0.0, 0.0, 1.0, 2.0, 1.0, 2.0, 1.0, 0.0, 0.0, 1.0, 3.0, 2.0, 2.0, 95306.0, 651.0, 99433.0
2.0, -1.0, 0.0, 3.0, -1.0, -1.0, -1.0, 1.0, 2.0, 1.0, 1.0, 1.0, -1.0, 2.0, -1.0, 3.0, -1.0, 1.0, -1.0, 0.0, 3.0, 1.0, 1.0, -1.0, 2.0, 2.0, -1.0, 2.0, 2.0, 0.0, 1.0, -1.0, 3.0, -1.0, -1.0, 0.0, 1.0, -1.0, 1.0, 3.0, 1.0, 0.0, 2.0, 0.0, 1.0, 0.0, 2.0, 0.0, 0.0, 2.0, 96381.0, 511.0, 99560.0
0.0, 2.0, 0.0, 0.0, 1.0, 2.0, 0.0, -1.0, -1.0, 1.0, 1.0, 3.0, 0.0, 1.0, 2.0, 2.0, 3.0, 1.0, 3.0, -1.0, 2.0, 1.0, 1.0, 0.0, 0.0, 2.0, -1.0, 2.0, 0.0, 3.0, 1.0, 1.0, -1.0, 0.0, 0.0, 3.0, 1.0, -1.0, -1.0, 1.0, -1.0, -1.0, 3.0, 2.0, 2.0, -1.0, 0.0, 0.0, 0.0, 0.0, 95678.0, 560.0, 99517.0
1.0, 3.0, 1.0, 3.0, 1.0, 2.0, -1.0, -1.0, 3.0, 2.0, 0.0, -1.0, -1.0, -1.0, 2.0, 1.0, 1.0, 0.0, 2.0, 1.0, -1.0, 0.0, 0.0, -1.0, -1.0, 1.0, 3.0, -1.0, 0.0, 2.0, 3.0, 3.0, 1.0, -1.0, 2.0, 2.0, 2.0, 2.0, 3.0, 1.0, 0.0, 1.0, 0.0, 0.0, 0.0, 2.0, -1.0, 3.0, 1.0, 3.0, 96027.0, 557.0, 99515.0
-1.0, 3.0, 2.0, 0.0, 2.0, 0.0, 2.0, 1.0, 3.0, 1.0, 3.0, 1.0, -1.0, 1.0, 0.0, 3.0, -1.0, -1.0, 1.0, 3.0, -1.0, -1.0, 2.0, 1.0, 1.0, 0.0, 1.0, -1.0, 3.0, 3.0, 1.0, 2.0, 2.0, 0.0, 3.0, 2.0, 3.0, 0.0, 1.0, 1.0, 2.0, -1.0, -1.0, -1.0, 2.0, 2.0, 1.0, -1.0, 0.0, 2.0, 96167.0, 556.0, 99520.0
0.0, 0.0, 2.0, 2.0, 0.0, 3.0, 3.0, 1.0, 2.0, 2.0, -1.0, 2.0, 3.0, 0.0, 0.0, 2.0, 1.0, -1.0, 3.0, -1.0, -1.0, -1.0, 1.0, 2.0, -1.0, 2.0, 3.0, 1.0, -1.0, 1.0, 1.0, 0.0, -1.0, 1.0, -1.0, -1.0, 2.0, -1.0, 0.0, 2.0, -1.0, -1.0, 2.0, 2.0, 1.0, 3.0, 2.0, 1.0, 0.0, 0.0, 96226.0, 525.0, 99545.0
-1.0, 3.0, 2.0, 0.0, 2.0, 0.0, 2.0, 1.0, 3.0, 1.0, 3.0, 1.0, -1.0, 1.0, 0.0, 3.0, -1.0, -1.0, 1.0, 3.0, -1.0, -1.0, 2.0, 1.0, 1.0, 0.0, 1.0, -1.0, 3.0, 3.0, 1.0, 2.0, 2.0, 0.0, 3.0, 2.0, 3.0, 0.0, 1.0, 1.0, 2.0, -1.0, -1.0, -1.0, 2.0, 2.0, 1.0, -1.0, 0.0, 2.0, 96167.0, 556.0, 99520.0
1.0, 3.0, 2.0, 3.0, 1.0, 2.0, -1.0, -1.0, 3.0, 2.0, 0.0, -1.0, -1.0, -1.0, 2.0, 1.0, 1.0, 0.0, 2.0, 1.0, -1.0, 0.0, 0.0, -1.0, -1.0, 1.0, 3.0, -1.0, 0.0, 2.0, 3.0, 3.0, 1.0, -1.0, 2.0, 2.0, 2.0, 2.0, 3.0, 1.0, 0.0, 1.0, 0.0, 0.0, 0.0, 2.0, -1.0, 3.0, 1.0, 3.0, 96065.0, 557.0, 99515.0
0.0, 2.0, -1.0, 0.0, 3.0, 0.0, -1.0, -1.0, 3.0, 2.0, -1.0, 0.0, 0.0, -1.0, 3.0, -1.0, -1.0, 3.0, -1.0, 1.0, 1.0, 2.0, 0.0, 2.0, 1.0, -1.0, 2.0, 1.0, 2.0, -1.0, 2.0, 2.0, -1.0, 2.0, 0.0, -1.0, 2.0, 3.0, 3.0, 1.0, 1.0, 1.0, 2.0, 0.0, 1.0, 0.0, 2.0, 0.0, 2.0, 0.0, 96057.0, 539.0, 99528.0
0.0, 2.0, 2.0, 3.0, -1.0, 1.0, 0.0, 3.0, 3.0, 0.0, 2.0, 1.0, 1.0, 0.0, 1.0, 2.0, 1.0, 1.0, -1.0, 1.0, -1.0, 2.0, 1.0, 2.0, 0.0, -1.0, 1.0, 2.0, 2.0, 1.0, 2.0, -1.0, -1.0, 1.0, -1.0, 2.0, -1.0, 1.0, -1.0, 0.0, 2.0, -1.0, 3.0, 0.0, -1.0, -1.0, -1.0, 3.0, 3.0, -1.0, 96439.0, 514.0, 99565.0
0.0, 2.0, 2.0, 3.0, -1.0, 1.0, 0.0, 3.0, 3.0, 0.0, 2.0, 1.0, 1.0, 0.0, 1.0, 2.0, 1.0, 1.0, -1.0, 1.0, -1.0, 2.0, 1.0, 2.0, 0.0, -1.0, 1.0, 2.0, 2.0, 1.0, 2.0, -1.0, -1.0, 1.0, -1.0, 2.0, -1.0, 1.0, -1.0, 0.0, 2.0, -1.0, 3.0, 0.0, -1.0, -1.0, -1.0, 3.0, 3.0, -1.0, 96439.0, 514.0, 99565.0
2.0, 0.0, 1.0, 2.0, 0.0, 2.0, 1.0, 0.0, 2.0, -1.0, 1.0, 1.0, 3.0, 1.0, 1.0, -1.0, 2.0, -1.0, 0.0, 1.0, 2.0, 1.0, 2.0, 0.0, 2.0, 2.0, 3.0, 0.0, 3.0, 3.0, 0.0, 0.0, 0.0, 2.0, 2.0, -1.0, 0.0, 2.0, 0.0, 1.0, 2.0, 1.0, 1.0, -1.0, 1.0, 0.0, -1.0, 1.0, 0.0, -1.0, 95371.0, 623.0, 99465.0
1.0, 1.0, 1.0, -1.0, 2.0, 2.0, 0.0, 0.0, 0.0, 1.0, 2.0, -1.0, 2.0, 3.0, 3.0, 3.0, 1.0, 3.0, -1.0, -1.0, 1.0, 1.0, -1.0, 1.0, -1.0, 3.0, 2.0, 2.0, 3.0, 2.0, -1.0, 1.0, -1.0, -1.0, 2.0, 2.0, 3.0, 0.0, -1.0, 0.0, 0.0, 0.0, -1.0, 0.0, 0.0, 2.0, 0.0, 2.0, 0.0, 2.0, 96030.0, 553.0, 99529.0
-1.0, 1.0, 2.0, 2.0, 0.0, 0.0, 2.0, 3.0, -1.0, 2.0, 0.0, 0.0, 0.0, 0.0, 1.0, 1.0, 1.0, 0.0, 2.0, 2.0, 0.0, 3.0, 1.0, -1.0, 1.0, 3.0, 3.0, 2.0, 2.0, -1.0, -1.0, 3.0, 3.0, -1.0, 0.0, 1.0, 3.0, 1.0, 1.0, 0.0, 0.0, 1.0, 0.0, 1.0, 2.0, 2.0, 2.0, 3.0, 3.0, 3.0, 95581.0, 613.0, 99452.0
1.0, 1.0, 1.0, -1.0, 2.0, 2.0, 0.0, 0.0, 0.0, 1.0, 2.0, -1.0, 2.0, 3.0, 3.0, 3.0, 1.0, 3.0, -1.0, -1.0, 1.0, 1.0, -1.0, 1.0, -1.0, 3.0, 2.0, 2.0, 3.0, 2.0, -1.0, 1.0, -1.0, -1.0, 2.0, 2.0, 3.0, 0.0, -1.0, 0.0, 0.0, 0.0, -1.0, 0.0, 0.0, 2.0, 0.0, 2.0, 0.0, 2.0, 96030.0, 553.0, 99529.0
1.0, 2.0, 3.0, 2.0, 1.0, -1.0, 0.0, 2.0, 1.0, 2.0, -1.0, 2.0, 1.0, 3.0, 0.0, 1.0, 0.0, -1.0, 0.0, 1.0, 2.0, 2.0, 1.0, 2.0, 3.0, 0.0, -1.0, 3.0, -1.0, -1.0, 0.0, -1.0, -1.0, 0.0, 2.0, 0.0, 3.0, -1.0, 2.0, -1.0, 2.0, 3.0, 1.0, 1.0, 2.0, 0.0, 1.0, -1.0, 0.0, 0.0, 96170.0, 548.0, 99543.0
1.0, 2.0, 3.0, 2.0, 1.0, -1.0, 0.0, 2.0, 1.0, 2.0, -1.0, 2.0, 1.0, 3.0, 0.0, 1.0, 0.0, -1.0, 0.0, 1.0, 2.0, 2.0, 1.0, 2.0, 3.0, 0.0, -1.0, 3.0, -1.0, -1.0, 0.0, -1.0, -1.0, 0.0, 2.0, 0.0, 3.0, -1.0, 2.0, -1.0, 2.0, 3.0, 1.0, 1.0, 2.0, 0.0, 1.0, -1.0, 0.0, 0.0, 96170.0, 548.0, 99543.0
3.0, 0.0, -1.0, 1.0, -1.0, -1.0, -1.0, 0.0, 3.0, 0.0, 0.0, 1.0, 0.0, -1.0, 1.0, 1.0, 3.0, 3.0, 3.0, 3.0, 3.0, 1.0, 2.0, 0.0, 1.0, 0.0, 0.0, 3.0, -1.0, -1.0, 1.0, 2.0, -1.0, 1.0, 0.0, -1.0, 0.0, 2.0, 1.0, -1.0, 0.0, 1.0, 0.0, 3.0, 2.0, 0.0, 1.0, 2.0, 2.0, 3.0, 95877.0, 570.0, 99514.0
3.0, 0.0, -1.0, 1.0, -1.0, -1.0, -1.0, 0.0, 3.0, 0.0, 0.0, 1.0, 0.0, -1.0, 1.0, 1.0, 3.0, 3.0, 3.0, 3.0, 3.0, 1.0, 2.0, 0.0, 1.0, 0.0, 0.0, 3.0, -1.0, -1.0, 1.0, 2.0, -1.0, 1.0, 0.0, -1.0, 0.0, 2.0, 1.0, -1.0, 0.0, 1.0, 0.0, 3.0, 2.0, 0.0, 1.0, 2.0, 2.0, 3.0, 95877.0, 570.0, 99514.0
2.0, 0.0, 1.0, 2.0, 2.0, 2.0, 1.0, 0.0, 2.0, -1.0, 1.0, 1.0, 3.0, 1.0, 1.0, -1.0, 2.0, -1.0, 0.0, 1.0, 2.0, 1.0, 2.0, 0.0, 2.0, 2.0, 3.0, 0.0, 3.0, 3.0, 0.0, 0.0, 0.0, 2.0, 2.0, -1.0, 0.0, 2.0, 0.0, 1.0, 2.0, 1.0, 1.0, -1.0, 1.0, 0.0, -1.0, 1.0, 0.0, -1.0, 95397.0, 623.0, 99465.0
0.0, 0.0, -1.0, 2.0, 1.0, 1.0, 2.0, -1.0, 0.0, 0.0, 2.0, 3.0, -1.0, 1.0, 1.0, 0.0, 1.0, 3.0, 3.0, 3.0, -1.0, -1.0, 1.0, 0.0, 2.0, 2.0, 1.0, 3.0, 0.0, 2.0, -1.0, 1.0, 0.0, 1.0, 1.0, 1.0, -1.0, 3.0, -1.0, 2.0, 3.0, 2.0, 3.0, 2.0, 2.0, 1.0, -1.0, 0.0, 0.0, 3.0, 95951.0, 577.0, 99502.0
0.0, 0.0, -1.0, 2.0, 1.0, 1.0, 2.0, -1.0, 0.0, 0.0, 2.0, 3.0, -1.0, 1.0, 1.0, 0.0, 1.0, 3.0, 3.0, 3.0, -1.0, -1.0, 1.0, 0.0, 2.0, 2.0, 1.0, 3.0, 0.0, 2.0, -1.0, 1.0, 0.0, 1.0, 1.0, 1.0, -1.0, 3.0, -1.0, 2.0, 3.0, 2.0, 3.0, 2.0, 2.0, 1.0, -1.0, 0.0, 0.0, 3.0, 95951.0, 577.0, 99502.0
2.0, 0.0, 2.0, 2.0, 2.0, 1.0, 2.0, 3.0, 2.0, 2.0, 0.0, 0.0, -1.0, 0.0, -1.0, -1.0, -1.0, 1.0, 2.0, 0.0, 0.0, 2.0, -1.0, 2.0, -1.0, 1.0, 2.0, 0.0, -1.0, 1.0, 0.0, 3.0, 0.0, -1.0, -1.0, 0.0, 3.0, -1.0, 0.0, 1.0, 0.0, 3.0, -1.0, -1.0, 1.0, 0.0, 2.0, 1.0, 1.0, -1.0, 96308.0, 551.0, 99550.0
2.0, 1.0, 2.0, 2.0, 2.0, 1.0, 2.0, 3.0, 2.0, 2.0, 0.0, 0.0, -1.0, 0.0, -1.0, -1.0, -1.0, 1.0, 2.0, 0.0, 0.0, 2.0, -1.0, 2.0, -1.0, 1.0, 2.0, 0.0, -1.0, 1.0, 0.0, 3.0, 0.0, -1.0, -1.0, 0.0, 3.0, -1.0, 0.0, 1.0, 0.0, 3.0, -1.0, -1.0, 1.0, 0.0, 2.0, 1.0, 1.0, -1.0, 96328.0, 551.0, 99550.0
0.0, 1.0, 0.0, 0.0, 0.0, 1.0, 0.0, 2.0, 0.0, 2.0, 2.0, -1.0, 0.0, -1.0, -1.0, 1.0, 3.0, -1.0, 1.0, 1.0, 0.0, 3.0, 1.0, -1.0, 0.0, 1.0, 2.0, 1.0, 2.0, 2.0, 1.0, -1.0, 2.0, 2.0, -1.0, -1.0, -1.0, 2.0, 1.0, -1.0, 2.0, 2.0, 3.0, -1.0, 1.0, -1.0, 1.0, 2.0, 1.0, 1.0, 96048.0, 556.0, 99531.0
3.0, 1.0, 1.0, 0.0, 0.0, 2.0, 0.0, 0.0, 2.0, 0.0, 1.0, -1.0, 3.0, -1.0, -1.0, 2.0, 2.0, 3.0, 0.0, -1.0, 1.0, 0.0, 1.0, 3.0, 2.0, 0.0, 2.0, 0.0, 1.0, 1.0, 2.0, 0.0, 1.0, 1.0, 0.0, 1.0, -1.0, 0.0, -1.0, -1.0, 0.0, -1.0, 1.0, 0.0, -1.0, 2.0, -1.0, 2.0, 2.0, -1.0, 95955.0, 568.0, 99540.0
0.0, 2.0, 0.0, 0.0, 2.0, 1.0, -1.0, 1.0, 0.0, 2.0, 3.0, 1.0, -1.0, 2.0, 1.0, -1.0, 1.0, 3.0, -1.0, 2.0, 0.0, 2.0, 0.0, 1.0, 1.0, 2.0, 1.0, 2.0, 3.0, 0.0, -1.0, 3.0, 0.0, 0.0, 2.0, 1.0, 0.0, 2.0, 3.0, 2.0, 1.0, 2.0, 1.0, 0.0, -1.0, 2.0, 1.0, 2.0, 0.0, 1.0, 95434.0, 624.0, 99461.0
0.0, 1.0, 0.0, 3.0, 0.0, 0.0, 0.0, 2.0, 0.0, 2.0, 2.0, -1.0, 0.0, -1.0, -1.0, 1.0, 3.0, -1.0, 1.0, 1.0, 0.0, 3.0, 1.0, -1.0, 0.0, 1.0, 2.0, 1.0, 2.0, 2.0, 1.0, -1.0, 2.0, 2.0, -1.0, -1.0, -1.0, 2.0, 1.0, -1.0, 2.0, 2.0, 3.0, -1.0, 1.0, -1.0, 1.0, 2.0, 1.0, 1.0, 96072.0, 556.0, 99531.0
0.0, 0.0, -1.0, 0.0, 2.0, 2.0, -1.0, 0.0, 1.0, 1.0, 3.0, 0.0, 0.0, 1.0, 0.0, 2.0, 1.0, 2.0, 1.0, 3.0, 2.0, 2.0, 1.0, 0.0, 1.0, 1.0, -1.0, -1.0, -1.0, 0.0, 1.0, 2.0, 3.0, 2.0, 1.0, 2.0, 0.0, -1.0, 3.0, 1.0, 1.0, 2.0, 1.0, 1.0, 3.0, 2.0, 2.0, 0.0, 0.0, 2.0, 95382.0, 625.0, 99461.0
0.0, 2.0, 0.0, 0.0, 2.0, 1.0, -1.0, 1.0, 0.0, 2.0, 3.0, 1.0, -1.0, 2.0, 1.0, -1.0, 1.0, 3.0, -1.0, 2.0, 0.0, 2.0, 0.0, 1.0, 1.0, 2.0, 1.0, 2.0, 3.0, 0.0, -1.0, 3.0, 0.0, 0.0, 2.0, 1.0, 0.0, 2.0, 3.0, 2.0, 1.0, 2.0, 1.0, 0.0, -1.0, 2.0, 1.0, 2.0, 0.0, 1.0, 95434.0, 624.0, 99461.0
0.0, 0.0, -1.0, 0.0, 2.0, 2.0, -1.0, 0.0, 1.0, 1.0, 3.0, 0.0, 0.0, 1.0, 0.0, 2.0, 1.0, 2.0, 1.0, 3.0, 2.0, 2.0, 1.0, 0.0, 1.0, 1.0, -1.0, -1.0, -1.0, 0.0, 1.0, 2.0, 3.0, 2.0, 1.0, 2.0, 0.0, -1.0, 3.0, 1.0, 1.0, 2.0, 1.0, 1.0, 3.0, 2.0, 2.0, 0.0, 0.0, 2.0, 95382.0, 625.0, 99461.0
2.0, 3.0, 2.0, 2.0, -1.0, 2.0, 3.0, 2.0, 0.0, 3.0, 2.0, 1.0, 1.0, 3.0, 1.0, 2.0, 1.0, -1.0, 0.0, 1.0, 1.0, 3.0, 3.0, 3.0, 1.0, 2.0, 0.0, 1.0, 1.0, 0.0, 2.0, 0.0, 0.0, 3.0, -1.0, 2.0, 0.0, 2.0, -1.0, 0.0, 1.0, 1.0, -1.0, 3.0, 1.0, 2.0, 2.0, 1.0, -1.0, 1.0, 95619.0, 626.0, 99458.0
1.0, 1.0, 3.0, 1.0, 1.0, 2.0, 3.0, 3.0, 2.0, 0.0, 3.0, 2.0, 0.0, 0.0, 0.0, 3.0, -1.0, 0.0, 2.0, 3.0, 0.0, -1.0, 3.0, 2.0, 2.0, 2.0, 3.0, 3.0, 1.0, 0.0, -1.0, 1.0, 1.0, 1.0, 3.0, 1.0, 0.0, 3.0, -1.0, 0.0, 0.0, -1.0, 2.0, 2.0, 2.0, 3.0, 2.0, 1.0, -1.0, 0.0, 95760.0, 620.0, 99459.0
2.0, 0.0, -1.0, 3.0, 2.0, -1.0, 0.0, 1.0, 3.0, 1.0, -1.0, -1.0, 2.0, 0.0, -1.0, 3.0, 3.0, 0.0, 2.0, -1.0, 2.0, 1.0, 2.0, 1.0, 2.0, 0.0, 0.0, 1.0, 1.0, 1.0, 1.0, 2.0, 2.0, 3.0, 1.0, -1.0, 1.0, 2.0, 1.0, 0.0, 2.0, 0.0, 2.0, -1.0, 3.0, 0.0, 2.0, -1.0, 0.0, -1.0, 95996.0, 574.0, 99514.0
2.0, 3.0, 2.0, 2.0, -1.0, 2.0, 3.0, 2.0, 0.0, 3.0, 2.0, 1.0, 1.0, 3.0, 1.0, 2.0, 1.0, -1.0, 0.0, 1.0, 1.0, 3.0, 3.0, 3.0, 1.0, 2.0, 0.0, 1.0, 1.0, 0.0, 2.0, 0.0, 0.0, 3.0, -1.0, 2.0, 0.0, 2.0, -1.0, 0.0, 1.0, 1.0, -1.0, 3.0, 1.0, 2.0, 2.0, 1.0, -1.0, 1.0, 95619.0, 626.0, 99458.0
1.0, 1.0, 3.0, 1.0, 1.0, 2.0, 3.0, 3.0, 2.0, 0.0, 3.0, 2.0, 0.0, 0.0, 0.0, 3.0, -1.0, 0.0, 2.0, 3.0, 0.0, -1.0, 3.0, 2.0, 2.0, 2.0, 3.0, 3.0, 1.0, 0.0, -1.0, 1.0, 1.0, 1.0, 3.0, 1.0, 0.0, 3.0, -1.0, 0.0, 0.0, -1.0, 2.0, 2.0, 2.0, 3.0, 2.0, 1.0, -1.0, 0.0, 95760.0, 620.0, 99459.0
2.0, 0.0, -1.0, 3.0, 2.0, -1.0, 0.0, 1.0, 3.0, 1.0, -1.0, -1.0, 2.0, 0.0, -1.0, 3.0, 3.0, 0.0, 2.0, -1.0, 2.0, 1.0, 2.0, 1.0, 2.0, 0.0, 0.0, 1.0, 1.0, 1.0, 1.0, 2.0, 2.0, 3.0, 1.0, -1.0, 1.0, 2.0, 1.0, 0.0, 2.0, 0.0, 2.0, -1.0, 3.0, 0.0, 2.0, -1.0, 0.0, -1.0, 95996.0, 574.0, 99514.0
3.0, -1.0, 0.0, 2.0, 0.0, 0.0, -1.0, 2.0, 2.0, 2.0, 0.0, -1.0, 0.0, 3.0, 1.0, 2.0, 3.0, 1.0, 0.0, -1.0, 1.0, 2.0, 2.0, 0.0, 1.0, 0.0, 2.0, 2.0, 3.0, 1.0, -1.0, 1.0, 3.0, 1.0, 2.0, 3.0, 0.0, 0.0, 1.0, 3.0, 2.0, 3.0, 0.0, 1.0, 1.0, 0.0, 0.0, 2.0, 0.0, 2.0, 95409.0, 631.0, 99443.0
3.0, -1.0, 0.0, 2.0, 0.0, 0.0, -1.0, 2.0, 2.0, 2.0, 0.0, -1.0, 0.0, 3.0, 1.0, 2.0, 3.0, 1.0, 0.0, -1.0, 1.0, 2.0, 2.0, 0.0, 1.0, 0.0, 2.0, 2.0, 3.0, 1.0, -1.0, 1.0, 3.0, 1.0, 2.0, 3.0, 0.0, 0.0, 1.0, 3.0, 2.0, 3.0, 0.0, 1.0, 1.0, 0.0, 0.0, 2.0, 0.0, 2.0, 95409.0, 631.0, 99443.0
-1.0, 0.0, 0.0, 0.0, 2.0, 1.0, 1.0, 2.0, 3.0, 2.0, 2.0, 2.0, -1.0, 0.0, 3.0, 1.0, 0.0, 3.0, 1.0, 2.0, 0.0, 3.0, 2.0, 3.0, 1.0, 1.0, 0.0, 0.0, 1.0, 2.0, 0.0, 1.0, 2.0, 2.0, 2.0, 1.0, 0.0, -1.0, 3.0, 2.0, 1.0, 2.0, 1.0, 0.0, 1.0, -1.0, 1.0, 0.0, 3.0, -1.0, 95404.0, 647.0, 99444.0
1.0, 2.0, 0.0, 2.0, -1.0, 2.0, 0.0, 2.0, 0.0, 0.0, 0.0, 0.0, 3.0, 2.0, 0.0, 1.0, 1.0, 3.0, 2.0, -1.0, 2.0, 1.0, 0.0, 2.0, 3.0, 0.0, -1.0, 2.0, 1.0, 1.0, 1.0, 3.0, 2.0, 2.0, 1.0, 2.0, 0.0, 0.0, 3.0, 0.0, 0.0, -1.0, 2.0, 0.0, 2.0, 1.0, 3.0, 3.0, -1.0, 1.0, 95340.0, 635.0, 99448.0
0.0, 1.0, 2.0, 3.0, -1.0, 2.0, 1.0, -1.0, 0.0, 0.0, 0.0, 1.0, -1.0, -1.0, 1.0, 2.0, 1.0, 0.0, 1.0, 3.0, 2.0, 2.0, 1.0, -1.0, 0.0, 2.0, 3.0, 1.0, 0.0, 2.0, 2.0, 0.0, 1.0, -1.0, 2.0, 2.0, 0.0, 2.0, 0.0, 0.0, 0.0, 3.0, 0.0, 3.0, 1.0, 1.0, 1.0, 3.0, 1.0, 3.0, 95408.0, 626.0, 99462.0
0.0, 1.0, 2.0, 3.0, -1.0, 2.0, 2.0, -1.0, 0.0, 0.0, 0.0, 1.0, -1.0, -1.0, 1.0, 1.0, 1.0, 0.0, 1.0, 3.0, 2.0, 2.0, 1.0, -1.0, 0.0, 2.0, 3.0, 1.0, 0.0, 2.0, 2.0, 0.0, 1.0, -1.0, 2.0, 2.0, 0.0, 2.0, 0.0, 0.0, 0.0, 3.0, 0.0, 3.0, 1.0, 1.0, 1.0, 3.0, 1.0, 3.0, 95410.0, 626.0, 99462.0
1.0, 1.0, 3.0, 2.0, -1.0, -1.0, 3.0, 0.0, 2.0, 0.0, 1.0, 2.0, 0.0, 2.0, -1.0, 3.0, 0.0, 1.0, 0.0, 2.0, 1.0, 2.0, 0.0, 3.0, 2.0, 2.0, 1.0, -1.0, 2.0, 1.0, 0.0, 2.0, 1.0, 3.0, 2.0, 3.0, 1.0, 1.0, 3.0, 2.0, 1.0, 0.0, 0.0, 3.0, 0.0, 1.0, 0.0, 2.0, 2.0, -1.0, 95349.0, 643.0, 99449.0
1.0, 0.0, 2.0, 1.0, 2.0, 0.0, 3.0, -1.0, 2.0, 2.0, 2.0, 0.0, 2.0, 1.0, -1.0, 1.0, 1.0, 0.0, 2.0, 0.0, 0.0, 2.0, 0.0, 0.0, 1.0, -1.0, 1.0, 3.0, 2.0, -1.0, 2.0, 2.0, 1.0, 1.0, 1.0, 2.0, 3.0, 3.0, 0.0, 2.0, 3.0, 3.0, 1.0, 1.0, 0.0, 1.0, 2.0, 1.0, 0.0, -1.0, 95407.0, 639.0, 99455.0
1.0, 0.0, 2.0, 1.0, 2.0, 0.0, 3.0, -1.0, 2.0, 2.0, 2.0, 0.0, 2.0, 1.0, -1.0, 1.0, 1.0, 0.0, 2.0, 0.0, 0.0, 2.0, 0.0, 0.0, 1.0, -1.0, 1.0, 3.0, 2.0, -1.0, 2.0, 2.0, 1.0, 1.0, 1.0, 2.0, 3.0, 3.0, 0.0, 2.0, 3.0, 3.0, 1.0, 1.0, 0.0, 1.0, 2.0, 1.0, 0.0, -1.0, 95407.0, 639.0, 99455.0
1.0, 1.0, 3.0, 2.0, -1.0, -1.0, 3.0, 0.0, 2.0, 0.0, 1.0, 2.0, 0.0, 2.0, -1.0, 3.0, 0.0, 1.0, 0.0, 2.0, 1.0, 2.0, 0.0, 3.0, 2.0, 2.0, 1.0, -1.0, 2.0, 1.0, 0.0, 2.0, 1.0, 3.0, 2.0, 3.0, 1.0, 1.0, 3.0, 2.0, 1.0, 0.0, 0.0, 3.0, 0.0, 1.0, 0.0, 2.0, 2.0, -1.0, 95349.0, 643.0, 99449.0
-1.0, 0.0, 3.0, 1.0, 3.0, 1.0, 2.0, 0.0, 1.0, -1.0, -1.0, 2.0, 3.0, 0.0, 2.0, 2.0, -1.0, 3.0, 0.0, 2.0, 2.0, 0.0, 1.0, 0.0, 3.0, 1.0, 3.0, 3.0, 2.0, 2.0, 2.0, -1.0, -1.0, 2.0, 1.0, 0.0, 1.0, 2.0, 0.0, 3.0, 1.0, 0.0, 3.0, 1.0, 1.0, 0.0, 1.0, 0.0, 2.0, 0.0, 95577.0, 624.0, 99461.0
3.0, 1.0, 1.0, 0.0, 0.0, 2.0, 0.0, 0.0, 2.0, 0.0, 1.0, -1.0, 3.0, -1.0, -1.0, 2.0, 2.0, 3.0, 0.0, 3.0, 1.0, 0.0, 1.0, 3.0, 2.0, 0.0, 2.0, 0.0, 1.0, 1.0, 2.0, 0.0, 1.0, 1.0, 0.0, 1.0, -1.0, 0.0, -1.0, -1.0, 1.0, -1.0, 1.0, 0.0, -1.0, 2.0, -1.0, 2.0, 2.0, -1.0, 95929.0, 583.0, 99525.0
-1.0, 0.0, 3.0, 1.0, 3.0, 1.0, 2.0, 0.0, 1.0, -1.0, -1.0, 2.0, 3.0, 0.0, 2.0, 2.0, -1.0, 3.0, 0.0, 2.0, 2.0, 0.0, 1.0, 0.0, 3.0, 1.0, 3.0, 3.0, 2.0, 2.0, 2.0, -1.0, -1.0, 2.0, 1.0, 0.0, 1.0, 2.0, 0.0, 3.0, 1.0, 0.0, 3.0, 1.0, 1.0, 0.0, 1.0, 0.0, 2.0, 0.0, 95577.0, 624.0, 99461.0
0.0, 2.0, -1.0, 1.0, 2.0, 2.0, 3.0, 0.0, 3.0, 2.0, 1.0, 2.0, -1.0, 2.0, 0.0, 0.0, 3.0, -1.0, 1.0, 3.0, -1.0, 2.0, 0.0, 3.0, 3.0, 2.0, 3.0, 2.0, 2.0, 0.0, -1.0, 3.0, -1.0, 2.0, 0.0, 1.0, -1.0, -1.0, 0.0, 1.0, 1.0, 1.0, 1.0, 0.0, 0.0, 0.0, 0.0, 2.0, 0.0, -1.0, 95875.0, 584.0, 99494.0
-1.0, -1.0, 0.0, 3.0, 3.0, -1.0, 0.0, 3.0, 1.0, 2.0, 2.0, 1.0, 2.0, 0.0, 2.0, 1.0, -1.0, 2.0, 1.0, 2.0, 1.0, 0.0, 0.0, 1.0, 0.0, 1.0, 2.0, 0.0, -1.0, -1.0, 2.0, 0.0, 1.0, 3.0, 2.0, 2.0, 3.0, 0.0, 3.0, 1.0, 0.0, 3.0, 2.0, 2.0, -1.0, 3.0, 1.0, -1.0, 0.0, 2.0, 95817.0, 584.0, 99500.0
1.0, 1.0, 1.0, 2.0, 0.0, 1.0, 3.0, 1.0, 0.0, 0.0, 0.0, 3.0, 1.0, 0.0, 2.0, -1.0, -1.0, 3.0, 2.0, 0.0, 2.0, 3.0, 0.0, 3.0, 2.0, 1.0, 2.0, 3.0, 1.0, 2.0, 3.0, 2.0, -1.0, 3.0, -1.0, -1.0, 0.0, 0.0, 2.0, 0.0, 1.0, 2.0, 1.0, 3.0, 1.0, 0.0, 0.0, 0.0, 1.0, 3.0, 95370.0, 646.0, 99451.0
-1.0, -1.0, 0.0, 3.0, 3.0, -1.0, 0.0, 3.0, 1.0, 2.0, 2.0, 1.0, 2.0, 0.0, 2.0, 1.0, -1.0, 2.0, 1.0, 2.0, 1.0, 0.0, 0.0, 1.0, 0.0, 1.0, 2.0, 0.0, -1.0, -1.0, 2.0, 0.0, 1.0, 3.0, 2.0, 2.0, 3.0, 0.0, 3.0, 1.0, 0.0, 3.0, 2.0, 2.0, -1.0, 3.0, 1.0, -1.0, 0.0, 2.0, 95817.0, 584.0, 99500.0
0.0, 3.0, 3.0, 3.0, 0.0, 0.0, -1.0, 0.0, 3.0, 1.0, -1.0, 0.0, 3.0, 2.0, 1.0, 0.0, 2.0, 1.0, 2.0, -1.0, 2.0, 3.0, 3.0, 1.0, 2.0, 1.0, 1.0, 0.0, 0.0, 0.0, 3.0, 1.0, 3.0, 3.0, 1.0, 3.0, 0.0, 0.0, 0.0, 1.0, 3.0, -1.0, 2.0, 2.0, 2.0, 2.0, 1.0, 3.0, 0.0, -1.0, 95643.0, 635.0, 99444.0
0.0, 1.0, 0.0, 1.0, 0.0, 0.0, 1.0, 2.0, 3.0, 2.0, 0.0, 0.0, 1.0, 0.0, 2.0, 2.0, 3.0, 2.0, 0.0, 1.0, -1.0, 0.0, -1.0, 1.0, 1.0, 1.0, 1.0, 3.0, 0.0, -1.0, 3.0, 2.0, 0.0, 2.0, 3.0, 1.0, 0.0, 3.0, 2.0, 0.0, -1.0, 2.0, 3.0, -1.0, -1.0, 3.0, 1.0, 3.0, 2.0, 2.0, 95512.0, 616.0, 99466.0
0.0, 3.0, 3.0, 0.0, 1.0, 1.0, 0.0, 3.0, 3.0, 1.0, 2.0, 0.0, 0.0, 2.0, 1.0, 3.0, 2.0, 1.0, -1.0, 2.0, 1.0, 0.0, 0.0, 2.0, 3.0, -1.0, 1.0, -1.0, 1.0, 1.0, -1.0, 0.0, 3.0, 1.0, 2.0, 2.0, 1.0, 2.0, -1.0, 2.0, 3.0, 2.0, 3.0, 3.0, 0.0, 2.0, 2.0, 0.0, 2.0, 3.0, 95540.0, 641.0, 99445.0
0.0, 3.0, 3.0, 3.0, 0.0, 0.0, -1.0, 0.0, 3.0, 1.0, -1.0, 0.0, 3.0, 2.0, 1.0, 0.0, 2.0, 1.0, 2.0, -1.0, 2.0, 3.0, 3.0, 1.0, 2.0, 1.0, 1.0, 0.0, 0.0, 0.0, 3.0, 1.0, 3.0, 3.0, 1.0, 3.0, 0.0, 0.0, 0.0, 1.0, 3.0, -1.0, 2.0, 2.0, 2.0, 2.0, 1.0, 3.0, 0.0, -1.0, 95643.0, 635.0, 99444.0
0.0, 3.0, 3.0, 0.0, 1.0, 1.0, 0.0, 3.0, 3.0, 1.0, 2.0, 0.0, 0.0, 2.0, 1.0, 3.0, 2.0, 1.0, -1.0, 2.0, 1.0, 0.0, 0.0, 2.0, 3.0, -1.0, 1.0, -1.0, 1.0, 1.0, -1.0, 0.0, 3.0, 1.0, 2.0, 2.0, 1.0, 2.0, -1.0, 2.0, 3.0, 2.0, 3.0, 3.0, 0.0, 2.0, 2.0, 0.0, 2.0, 3.0, 95540.0, 641.0, 99445.0
1.0, 1.0, 1.0, 2.0, 0.0, 1.0, 3.0, 1.0, 0.0, 0.0, 1.0, 3.0, 1.0, 0.0, 2.0, -1.0, -1.0, 3.0, 2.0, 0.0, 2.0, 3.0, 0.0, 3.0, 2.0, 1.0, 2.0, 3.0, 1.0, 2.0, 3.0, 2.0, -1.0, 3.0, -1.0, -1.0, 0.0, 0.0, 2.0, 0.0, 1.0, 2.0, 1.0, 3.0, 1.0, 0.0, 0.0, 0.0, 1.0, 3.0, 95386.0, 646.0, 99451.0
