0.728880487293, 0.821080843086, 81.2704459387, 0.468693946651, 1.98889813884, 1.32518819772, 0.611862045365, 2.47784426085, 11.4222185973, 911.548377514, 0.158624550404, 0.533333333333
0.267914548995, 0.836818565077, 85.129031704, 0.670709582003, 96.7425539829, 11.4504747964, 0.637926809601, 2.48181852991, 3.06055386344, 1049.39106367, 0.135559247929, 0.3
0.380769553563, 0.836149354381, 82.7864574306, 0.672840606471, 50.9206006265, 7.3525541124, 0.0728101230806, 1.69209647947, 4.28004963196, 1228.36922079, 0.0791812354688, 0.0
0.377290340026, 0.837258224068, 80.1729516378, 0.569177839467, 22.6299576966, 49.0418754631, 0.950423079657, 3.27375674347, 5.39211780641, 751.935889378, 0.220477889177, 0.0
0.609513253491, 0.836818565077, 81.2704459387, 0.656334406058, 24.9709151481, 49.7378185046, 0.450539940338, 2.47784426085, 3.3706758464, 1587.22541101, 0.0, 0.0
0.412760212374, 0.836818565077, 86.4239909173, 0.675498833017, 95.8540561227, 1.58442111268, 0.205242672767, 0.184206222241, 7.26801831401, 1413.41225102, 0.0295166943899, 0.0
0.620356040461, 0.829250551486, 84.0345047403, 0.607489214575, 18.8580686029, 19.0789750762, 0.205242672767, 1.09863515696, 1.25892476579, 1050.46170703, 0.130975553872, 0.0
0.121904832503, 0.834517364839, 85.9179698532, 0.682199638495, 40.8653175387, 9.32251834783, 0.647933943996, 3.7586740493, 14.3829671709, 1310.2915146, 0.0721035312594, 0.2
0.279841274072, 0.836818565077, 89.8460796585, 0.572243740911, 96.7425539829, 1.58442111268, 0.637926809601, 2.48181852991, 7.26801831401, 1381.09354084, 0.0210752242911, 0.2
0.315802858757, 0.890757655257, 83.1065936137, 0.57409793055, 29.0679506333, 27.4208392139, 0.848188309875, 2.44149824545, 15.4200047615, 646.318700774, 0.369540263092, 0.0
0.279841274072, 0.836149354381, 85.129031704, 0.572243740911, 96.7425539829, 1.58442111268, 0.637926809601, 2.48181852991, 3.06055386344, 2195.2844297, 0.00337291007247, 0.0
0.362687495174, 0.828438903955, 81.2704459387, 0.676374050829, 77.3262897015, 13.4544293488, 0.205242672767, 1.71516340402, 15.1652539188, 1818.69001269, 0.0157642673403, 0.0
0.279841274072, 0.836818565077, 85.129031704, 0.572243740911, 96.7425539829, 1.58442111268, 0.637926809601, 2.48181852991, 3.06055386344, 1783.04964161, 0.0234196993613, 0.0
0.68060808031, 0.843507153902, 88.0717111096, 0.610413430304, 19.9501401267, 40.490458819, 0.292405961945, 0.547366903436, 2.60580821839, 1996.8461236, 1.11022302463e-16, 0.25
0.114872879244, 0.852584849673, 82.4794480756, 0.696319757223, 95.2281643986, 1.58442111268, 0.694268464876, 2.47784426085, 9.44387805215, 1889.10363256, 0.0137662622051, 0.0
0.609513253491, 0.836818565077, 92.6535472399, 0.663934323785, 24.9709151481, 49.7378185046, 0.450539940338, 2.48181852991, 3.3706758464, 2852.39163023, 0.0, 0.0
0.594047919215, 0.852584849673, 83.8959509021, 0.604995154469, 97.2056183728, 47.3894693667, 0.288411765967, 3.80646749075, 3.31494545484, 1996.37250168, 0.0116150544705, 0.0
0.380769553563, 0.836149354381, 82.7864574306, 0.675498833017, 50.9206006265, 4.5282910407, 0.285670004661, 1.69209647947, 4.28004963196, 1720.77130329, 0.0345831680398, 0.0
0.728880487293, 0.826919662569, 81.2704459387, 0.468693946651, 1.98889813884, 1.32518819772, 0.285670004661, 2.47784426085, 11.4222185973, 1467.49378199, 0.0640298084138, 0.0
0.199883466717, 0.852584849673, 85.5352021288, 0.604995154469, 81.1609825371, 4.5282910407, 0.405845702147, 3.80646749075, 6.328755688, 1492.42071584, 0.0369920987166, 0.0
0.235241438341, 0.902923937604, 85.129031704, 0.590205778429, 17.2543519174, 31.6202953009, 0.523994809201, 4.99704366286, 3.06055386344, 1126.74649691, 0.348533710009, 0.0
0.276185815153, 0.826919662569, 93.1738062893, 0.520551701708, 19.0676353361, 31.6202953009, 0.820313221956, 0.309646000481, 8.48261610935, 1186.3613939, 0.192971638116, 0.272727272727
0.728880487293, 0.836149354381, 88.0717111096, 0.43617016047, 91.6399735397, 4.5282910407, 0.324565537564, 4.20607516146, 4.28004963196, 1406.49645441, 0.181713136541, 0.0
0.315802858757, 0.852584849673, 83.1065936137, 0.604995154469, 29.0679506333, 27.4208392139, 0.260534509184, 2.44149824545, 15.4200047615, 1330.80209059, 0.243664879122, 0.222222222222
0.532439017623, 0.836149354381, 82.7864574306, 0.675498833017, 50.9206006265, 4.5282910407, 0.324202725043, 0.620797595155, 4.28004963196, 1325.52411318, 0.135628518061, 0.3
0.412760212374, 0.852584849673, 82.4794480756, 0.696319757223, 95.2281643986, 1.58442111268, 0.205242672767, 0.184206222241, 7.26801831401, 1580.77069134, 0.0352716732094, 0.333333333333
0.279841274072, 0.836818565077, 85.129031704, 0.572243740911, 96.7425539829, 1.58442111268, 0.637926809601, 2.48181852991, 3.06055386344, 1763.83114248, 0.0292608192277, 0.230769230769
0.24827312119, 0.820779624613, 82.4794480756, 0.561990384624, 64.7593681307, 1.58442111268, 0.637926809601, 0.02970806044, 17.1993140391, 1630.53307377, 0.0223641795957, 0.333333333333
0.276185815153, 0.826919662569, 93.1738062893, 0.520551701708, 19.0676353361, 31.6202953009, 0.820313221956, 4.99704366286, 8.48261610935, 991.166957664, 0.380456085624, 0.0
0.659455395163, 0.86353707146, 82.1577952107, 0.526050783935, 84.6866739546, 7.91830674377, 0.128840203702, 0.614892082703, 5.40673181265, 893.825162715, 0.432926199941, 0.666666666667
0.199883466717, 0.852584849673, 85.5352021288, 0.604995154469, 81.1609825371, 1.6304218971, 0.405845702147, 2.44149824545, 15.4200047615, 2348.9187343, 0.0108616855638, 0.0
0.121904832503, 0.870015681572, 80.0233185342, 0.470573618095, 0.33172829347, 1.32518819772, 0.694268464876, 2.47784426085, 3.22510380151, 2248.89359611, 0.00384361124051, 0.222222222222
0.10346841056, 0.857332995784, 83.306497351, 0.607489214575, 95.2281643986, 1.58442111268, 0.205242672767, 0.184206222241, 7.26801831401, 2423.79814217, 0.00895868337448, 0.0
0.24827312119, 0.820779624613, 82.4794480756, 0.561990384624, 64.7593681307, 1.58442111268, 0.637926809601, 0.02970806044, 17.1993140391, 2377.5260583, 0.00974992409358, 0.0
0.532439017623, 0.836149354381, 82.7864574306, 0.675498833017, 50.9206006265, 4.5282910407, 0.324202725043, 0.620797595155, 4.28004963196, 1889.47437224, 0.0274726635654, 0.0
0.10346841056, 0.820779624613, 83.306497351, 0.561990384624, 64.7593681307, 1.58442111268, 0.637926809601, 0.02970806044, 17.1993140391, 3019.02022155, 0.00548712604934, 0.0
0.114872879244, 0.90854560803, 85.2453542401, 0.487979841973, 0.33172829347, 1.32518819772, 0.600367709648, 2.47784426085, 3.22510380151, 2963.06321432, 0.00672222121912, 0.0
0.199883466717, 0.852584849673, 85.5352021288, 0.604995154469, 81.1609825371, 47.3894693667, 0.405845702147, 3.80646749075, 6.328755688, 3367.82793502, 0.0, 0.166666666667
0.68060808031, 0.843507153902, 81.4984859561, 0.610413430304, 41.8504173506, 40.490458819, 0.292405961945, 2.37754878368, 5.07749032776, 3427.08263373, 0.0, 0.0
0.362687495174, 0.828438903955, 80.7000857472, 0.676374050829, 76.5001955321, 1.37346279702, 0.468788285101, 1.71516340402, 6.1258782609, 2108.14127278, 0.0153617417164, 0.0
0.350432142675, 0.820779624613, 83.306497351, 0.607489214575, 64.7593681307, 3.6399990233, 0.694268464876, 0.0435000766823, 3.08943863135, 2002.96182767, 0.0199532266796, 0.0
0.121904832503, 0.853211613879, 84.4495203813, 0.54552121912, 6.58317034521, 1.02003614995, 0.11019544882, 0.285436188222, 3.58506304832, 2055.04839362, 0.0137271501491, 0.181818181818
0.279841274072, 0.836818565077, 80.9212500997, 0.470573618095, 96.7425539829, 1.58442111268, 0.535922715643, 3.75017647828, 7.26801831401, 1746.32773216, 0.0363586457033, 0.125
0.728880487293, 0.836149354381, 81.2704459387, 0.468693946651, 88.9667196227, 4.5282910407, 0.401277381168, 1.69209647947, 11.4222185973, 1687.68163558, 0.0618559676376, 0.0
0.362687495174, 0.828438903955, 85.5352021288, 0.676374050829, 76.5001955321, 1.37346279702, 0.113504163502, 1.57405582837, 6.1258782609, 1567.45894815, 0.0484684727813, 0.647058823529
0.440010088336, 0.872258958719, 80.5403319964, 0.491114491262, 95.2038721229, 14.1238254942, 0.190056006062, 4.71331628462, 3.44179056735, 1506.9831711, 0.0812082391394, 0.333333333333
0.237832932092, 0.843083810441, 80.2392524257, 0.62106521982, 89.6770097642, 7.91830674377, 0.637926809601, 3.53372033517, 18.8031020542, 1566.31290514, 0.0962293190926, 0.0
0.237832932092, 0.821325525821, 80.2392524257, 0.62106521982, 57.5111475106, 7.91830674377, 0.637926809601, 3.53372033517, 8.2844895197, 1874.77052868, 0.0395201403458, 0.0
0.121904832503, 0.834517364839, 85.9179698532, 0.682199638495, 40.8653175387, 9.32251834783, 0.637926809601, 3.7586740493, 19.2344642307, 1538.23649555, 0.132969935015, 0.0
0.237832932092, 0.821325525821, 80.2392524257, 0.62106521982, 57.5111475106, 7.91830674377, 0.637926809601, 3.53372033517, 8.2844895197, 1681.08638762, 0.0740680246482, 0.222222222222
0.412760212374, 0.857332995784, 82.4794480756, 0.607489214575, 95.2281643986, 1.58442111268, 0.205242672767, 0.184206222241, 7.26801831401, 1514.8404972, 0.0589763777269, 0.555555555556
0.593423185045, 0.828438903955, 80.5209267161, 0.524961927182, 95.2038721229, 18.3828142528, 0.190056006062, 2.57860701977, 3.44179056735, 1365.41804571, 0.364390672664, 0.166666666667
0.440010088336, 0.828438903955, 80.5403319964, 0.565906355397, 95.2038721229, 18.3828142528, 0.450539940338, 2.48181852991, 16.5257774638, 1348.19254993, 0.371361550833, 0.0
0.276185815153, 0.826919662569, 92.4351835776, 0.520551701708, 19.0676353361, 42.4323353762, 0.820313221956, 1.27037957412, 4.30974286225, 1260.12904108, 0.228291734792, 0.285714285714
0.380769553563, 0.836149354381, 82.7864574306, 0.675498833017, 50.9206006265, 4.5282910407, 0.285670004661, 0.547366903436, 4.28004963196, 1476.15185331, 0.154060640257, 0.315789473684
0.380769553563, 0.836149354381, 82.7864574306, 0.604995154469, 50.9206006265, 4.5282910407, 0.285670004661, 3.80646749075, 4.28004963196, 1427.95097647, 0.195529617527, 0.416666666667
0.728880487293, 0.822153309608, 81.2704459387, 0.468693946651, 88.9667196227, 4.5282910407, 0.285670004661, 1.69209647947, 11.4222185973, 1365.50184216, 0.199260823173, 0.428571428571
0.728880487293, 0.822153309608, 81.2704459387, 0.468693946651, 1.98889813884, 1.32518819772, 0.285670004661, 2.47784426085, 11.4222185973, 1639.65665217, 0.0762876111518, 0.384615384615
0.248460475384, 0.826919662569, 92.4351835776, 0.549566699021, 13.1522690217, 1.87391637939, 0.251008770268, 1.27037957412, 6.1258782609, 1743.05466034, 0.0471837847442, 0.652173913043
0.279841274072, 0.836818565077, 89.8460796585, 0.572243740911, 96.7425539829, 1.58442111268, 0.637926809601, 2.48181852991, 7.26801831401, 1808.29620389, 0.0276840021161, 0.384615384615
0.440010088336, 0.828438903955, 87.7268560555, 0.512188838964, 95.2038721229, 25.3840916296, 0.370213265759, 1.07231267969, 3.44179056735, 1249.82497922, 0.426578033755, 0.0
0.276185815153, 0.844336144965, 81.6344219698, 0.607489214575, 29.0679506333, 27.4208392139, 0.205242672767, 1.09863515696, 9.10524393424, 1281.16717753, 0.423132607635, 0.272727272727
0.594047919215, 0.890757655257, 83.1065936137, 0.57409793055, 97.2056183728, 27.4208392139, 0.883655872118, 2.44149824545, 15.4200047615, 1242.14375305, 0.525502658008, 0.0
0.593423185045, 0.828438903955, 80.5209267161, 0.50327905423, 95.2038721229, 18.3828142528, 0.277945833272, 2.57860701977, 3.44179056735, 1247.02919782, 0.481730792448, 0.0
0.728880487293, 0.836149354381, 88.0717111096, 0.43617016047, 91.6399735397, 4.5282910407, 0.324565537564, 4.20607516146, 4.28004963196, 1252.52210572, 0.399689947013, 0.583333333333
0.10346841056, 1.06541511719, 83.306497351, 0.607489214575, 95.2281643986, 1.58442111268, 0.205242672767, 0.184206222241, 7.26801831401, 7307.22400357, 0.0073661534831, 0.0
0.114872879244, 0.96646993899, 85.2453542401, 0.552064727753, 0.873630460184, 1.32518819772, 0.694268464876, 0.924173040281, 3.35427438215, 3995.24744622, 0.00436486083794, 0.357142857143
0.362687495174, 0.828438903955, 85.5352021288, 0.676374050829, 76.5001955321, 1.37346279702, 0.468788285101, 1.71516340402, 6.1258782609, 1673.31331867, 0.0650446313528, 0.65
0.444649897372, 0.96646993899, 92.4351835776, 0.520551701708, 19.0676353361, 36.7794023417, 0.820313221956, 1.27037957412, 4.30974286225, 1314.34802928, 0.567681768475, 0.0
0.435517234193, 0.950225606898, 88.0717111096, 0.54552121912, 21.2255915975, 1.02003614995, 0.798854148271, 0.302609189446, 3.58506304832, 4933.45984672, 0.00766308928178, 0.142857142857
0.237832932092, 0.821325525821, 80.2392524257, 0.62106521982, 18.8580686029, 36.7303210429, 0.637926809601, 3.53372033517, 8.2844895197, 1382.94499836, 0.410538652739, 0.0
0.620356040461, 0.829250551486, 84.0345047403, 0.49555655285, 57.9694279693, 19.0789750762, 0.468788285101, 1.09863515696, 2.6583267324, 1538.59225517, 0.332783736881, 0.04
0.72938725408, 0.828438903955, 80.5209267161, 0.524961927182, 95.2038721229, 18.3828142528, 0.190056006062, 2.48181852991, 3.44179056735, 1466.70628224, 0.325898140794, 0.4
0.620356040461, 0.829250551486, 84.0345047403, 0.49555655285, 18.8580686029, 19.0789750762, 0.205242672767, 1.09863515696, 2.6583267324, 1578.86118955, 0.270305417877, 0.0555555555556
0.593423185045, 0.836149354381, 80.5209267161, 0.565906355397, 91.6399735397, 4.5282910407, 0.209174072082, 2.57860701977, 4.28004963196, 1330.44628278, 0.246214960226, 0.533333333333
0.620356040461, 0.844336144965, 84.0345047403, 0.645057248641, 18.8580686029, 19.0789750762, 0.157193902415, 1.09863515696, 1.09026333635, 1561.61270902, 0.137000413713, 0.3
0.121904832503, 0.96646993899, 85.2453542401, 0.675498833017, 1.98889813884, 1.32518819772, 0.694268464876, 0.924173040281, 5.05561629059, 3209.83520837, 0.00880436188643, 0.2
0.350432142675, 0.820779624613, 83.306497351, 0.607489214575, 33.8858950231, 2.77898247528, 0.126439546138, 0.0435000766823, 3.08943863135, 1750.88175375, 0.0807474762375, 0.48275862069
0.412760212374, 0.857332995784, 81.6785840274, 0.607489214575, 95.2281643986, 1.58442111268, 0.205242672767, 0.184206222241, 10.1524350589, 1821.67725357, 0.0573276339261, 0.25
0.237832932092, 0.821325525821, 80.2392524257, 0.62106521982, 96.7425539829, 7.91830674377, 0.637926809601, 3.53372033517, 8.2844895197, 1671.82684246, 0.190884069564, 0.1
0.728880487293, 0.822153309608, 81.2704459387, 0.468693946651, 1.98889813884, 1.32518819772, 0.637926809601, 2.48181852991, 11.4222185973, 1512.37049038, 0.171750868168, 0.611111111111
0.114872879244, 0.836149354381, 82.7864574306, 0.424397356559, 50.9206006265, 4.5282910407, 0.324202725043, 0.620797595155, 4.28004963196, 1668.95536068, 0.0681535859679, 0.611111111111
0.114872879244, 0.90854560803, 85.2453542401, 0.487979841973, 0.33172829347, 1.32518819772, 0.600367709648, 2.47784426085, 3.22510380151, 2822.76666061, 0.0101351673647, 0.432432432432
0.121904832503, 0.950225606898, 88.0717111096, 0.54552121912, 1.98889813884, 1.02003614995, 0.798854148271, 0.302609189446, 3.58506304832, 3496.26831817, 0.00732596470026, 0.166666666667
0.114872879244, 0.90854560803, 85.2453542401, 0.470573618095, 0.152221137239, 1.32518819772, 0.694268464876, 2.47784426085, 3.22510380151, 2289.63975652, 0.0109034596152, 0.533333333333
0.121904832503, 0.853211613879, 84.4495203813, 0.434459233832, 6.58317034521, 1.02003614995, 0.11019544882, 0.615782497033, 3.58506304832, 2118.79058945, 0.020650309481, 0.454545454545
0.121904832503, 0.836818565077, 89.8460796585, 0.682199638495, 12.4269673516, 9.32251834783, 0.637926809601, 3.7586740493, 14.3829671709, 1689.4443114, 0.0927739069049, 0.0
0.121904832503, 1.01533025746, 83.8266706754, 0.563612895753, 11.1617634342, 1.03701357693, 0.798854148271, 1.13848406242, 7.5204235407, 3269.16057325, 0.0102849486396, 0.136363636364
0.440010088336, 0.826577866088, 86.9187242116, 0.563288823046, 95.2038721229, 18.3828142528, 0.0178154031134, 2.93871553627, 3.44179056735, 1600.06317194, 0.201618838002, 0.0
0.121904832503, 0.96646993899, 80.0233185342, 0.552064727753, 0.873630460184, 1.32518819772, 0.694268464876, 0.924173040281, 3.35427438215, 2381.95464754, 0.012390222926, 0.368421052632
0.121904832503, 0.853211613879, 84.4495203813, 0.54552121912, 6.58317034521, 1.02003614995, 0.11019544882, 0.285436188222, 3.58506304832, 2845.45162193, 0.0064785541136, 0.285714285714
0.362687495174, 0.828438903955, 81.2704459387, 0.676374050829, 77.3262897015, 13.4544293488, 0.468788285101, 1.71516340402, 15.1652539188, 1554.05090867, 0.254540249554, 0.142857142857
0.728880487293, 0.822153309608, 81.2704459387, 0.468693946651, 1.98889813884, 1.32518819772, 0.637926809601, 2.48181852991, 11.4222185973, 1760.91743352, 0.0627692193601, 0.333333333333
0.121904832503, 0.90854560803, 88.0717111096, 0.487979841973, 1.98889813884, 1.02003614995, 0.798854148271, 0.302609189446, 3.58506304832, 2498.73890312, 0.010347958135, 0.357142857143
0.412760212374, 0.836818565077, 86.4239909173, 0.675498833017, 95.8540561227, 1.58442111268, 0.450539940338, 2.47784426085, 7.26801831401, 2855.14939685, 0.0133433860906, 0.0
0.114872879244, 0.90854560803, 85.2453542401, 0.470573618095, 0.33172829347, 1.32518819772, 0.694268464876, 2.47784426085, 3.22510380151, 2498.40102844, 0.0118026279225, 0.166666666667
0.412760212374, 0.857332995784, 82.4794480756, 0.607489214575, 95.2281643986, 1.58442111268, 0.205242672767, 0.184206222241, 7.26801831401, 1972.07581788, 0.0287589612428, 0.0
0.237832932092, 0.843083810441, 80.2392524257, 0.62106521982, 89.6770097642, 14.1238254942, 0.140198389922, 3.53372033517, 18.8031020542, 1489.96746479, 0.197839259121, 0.333333333333
0.114872879244, 0.836149354381, 82.7864574306, 0.424397356559, 50.9206006265, 4.5282910407, 0.347815588778, 0.620797595155, 4.28004963196, 1885.85930647, 0.041319834429, 0.0
0.121904832503, 0.96646993899, 85.2453542401, 0.470573618095, 1.98889813884, 1.32518819772, 0.694268464876, 2.47784426085, 5.05561629059, 3423.82422226, 0.0100652244056, 0.0
