1.0, 2.0, 2.0, 3.0, 0.0, 3.0, 3.0, 2.0, 3.0, 2.0, 1.0, 0.0, 0.0, 1.0, 0.0, 1.0, -1.0, 1.0, 2.0, 3.0, 1.0, 2.0, 0.0, 1.0, 0.0, 1.0, 2.0, -1.0, -1.0, -1.0, 3.0, 0.0, 1.0, 2.0, 1.0, 0.0, 3.0, 1.0, -1.0, 2.0, 2.0, 1.0, 0.0, 2.0, 1.0, 0.0, 3.0, 0.0, 2.0, 2.0, 94786.0, 631.0, 99404.0
3.0, 0.0, 1.0, 0.0, -1.0, 2.0, 1.0, 1.0, 0.0, 1.0, 3.0, 0.0, 2.0, 3.0, 2.0, 1.0, 0.0, 0.0, 2.0, 1.0, -1.0, 2.0, 2.0, 2.0, 0.0, -1.0, 0.0, 0.0, -1.0, 0.0, -1.0, 0.0, 1.0, -1.0, 1.0, 3.0, 0.0, 2.0, -1.0, -1.0, -1.0, 3.0, 1.0, 0.0, 2.0, 2.0, -1.0, 1.0, 1.0, 3.0, 95088.0, 564.0, 99458.0
2.0, 0.0, 1.0, 2.0, 0.0, 0.0, 2.0, 3.0, 1.0, 0.0, 1.0, 3.0, 1.0, 0.0, 2.0, 0.0, -1.0, 0.0, 3.0, -1.0, -1.0, 3.0, 2.0, 0.0, 2.0, -1.0, 0.0, 2.0, -1.0, 1.0, 1.0, 2.0, 3.0, -1.0, 0.0, 3.0, 1.0, 0.0, 2.0, 3.0, 1.0, 0.0, 3.0, 1.0, 1.0, 1.0, 0.0, 1.0, 2.0, 2.0, 94501.0, 635.0, 99404.0
-1.0, 2.0, 1.0, 0.0, 2.0, 2.0, 1.0, 1.0, 0.0, 1.0, 0.0, 2.0, 0.0, 0.0, -1.0, 2.0, 2.0, -1.0, -1.0, 1.0, 1.0, 0.0, -1.0, 0.0, 2.0, 1.0, -1.0, 0.0, 0.0, 1.0, 0.0, 2.0, 2.0, 2.0, 0.0, 2.0, 3.0, 3.0, 1.0, 0.0, 2.0, 0.0, 3.0, 3.0, 1.0, 2.0, 1.0, 2.0, 3.0, 1.0, 94527.0, 618.0, 99426.0
3.0, 1.0, 3.0, 0.0, 1.0, 2.0, 1.0, 1.0, 2.0, 3.0, 1.0, 3.0, 1.0, 3.0, -1.0, 1.0, 0.0, 0.0, 2.0, 2.0, 0.0, 2.0, 2.0, 2.0, 0.0, 2.0, 1.0, -1.0, 0.0, 3.0, 0.0, 1.0, 3.0, 0.0, 1.0, 2.0, 1.0, 0.0, 1.0, 2.0, 2.0, 0.0, 0.0, 2.0, 2.0, 2.0, -1.0, 3.0, 0.0, 0.0, 94626.0, 668.0, 99380.0
1.0, 1.37363019646, 2.0, 3.0, 0.0, 3.0, 3.0, 2.0, 3.0, 2.0, 1.0, 0.0, 0.0, 1.0, -0.240921043827, 2.0, -1.0, 1.0, 2.0, 3.0, 1.0, 2.0, 0.0, 1.0, 0.0, 1.0, 2.0, -1.0, -1.0, -1.0, 3.0, 0.0, -0.0144853442156, 2.0, 1.0, 0.0, 3.0, -0.567916395243, -1.0, 2.0, 2.0, 1.0, 0.0, 2.0, 1.0, 0.0, 3.0, 0.0, 2.0, 2.0, 94863.0, 619.0, 99416.0
-1.0, 1.0, 1.0, 3.0, 2.0, 1.0, 2.0, 0.0, 2.0, 1.0, 3.0, 2.0, 2.0, 2.0, 0.0, 3.0, -1.0, 3.0, 1.0, 0.0, 2.0, 1.0, -1.0, 2.0, 2.0, 1.0, 1.0, 1.0, 2.0, 3.0, -0.12127730003, 3.0, -1.0, 3.0, 1.0, -1.0, -1.0, 1.26131617395, 1.54064270055, 0.0, 3.0, 1.0, 1.0, 0.0, 0.0, 1.0, 0.0, 1.0, -0.607058822829, 2.0, 94905.0, 615.0, 99420.0
3.0, 0.0, 1.0, -0.96385767431, -1.0, 2.0, 1.0, 1.87234914164, 0.0, 1.0, 3.0, 0.0, 2.0, 3.0, 2.0, 1.0, 0.0, 0.0, 2.97975095962, 1.0, -1.0, 2.0, 2.3909185034, -0.321088591802, 0.0, -1.0, 0.0, 0.0, -1.0, 0.0, -1.0, 0.0, 1.0, -1.0, 1.0, 3.0, 0.0, 2.0, -1.0, -1.0, -1.0, 3.0, 1.0, -0.534716915167, 2.0, 2.0, -1.0, 1.0, 1.0, 3.0, 95406.0, 533.0, 99486.0
0.0, 3.0, 3.0, 1.0, 2.0, 1.0, -1.0, 1.23190261728, 2.0, 0.0, 2.0, 3.0, 0.0, 0.0, 1.0, 0.0, 0.0, 3.0, 1.0, 1.0, -1.0, 0.0, 0.0, 0.0, 2.0, 2.0, 3.0, 3.0, -0.472797147184, 1.0, 3.0, -1.0, 2.0, 2.0, 2.0, 2.0, -1.0, 0.0, 1.83497407233, -1.0, 2.0, 0.0, 2.0, -1.0, 1.0, 2.0, 1.0, 0.0, 2.0, 3.0, 94682.0, 630.0, 99411.0
1.0, 2.0, 0.0, 0.0, -1.0, -1.0, 0.0, 1.0, 0.0, 3.0, -1.0, 1.0, 0.0, 3.0, 1.0, 0.0, 0.0, 2.0, 0.592145570642, 0.0, 2.0, 0.0, 1.0, -1.0, 1.0, -1.0, 1.0, -1.0, 0.0, 1.0, 3.0, 1.0, 0.0, -1.0, 0.0, 1.0, 2.80461572319, 2.0, 3.0, -1.0, 2.0, 2.0, 0.0, 2.0, 1.0, 0.0, 2.0, 2.0, 3.0, 1.0, 94630.0, 602.0, 99434.0
2.0, 0.0, 1.0, 3.0, 2.0, 0.0, 1.0, 3.0, 1.0, 0.0, 2.0, 0.0, -1.0, 1.0, 1.0, 0.0, 1.0, 2.0, -1.0, -1.0, 0.0, 1.84039733192, 0.0, 1.85381847549, 1.0, -0.380307501327, 2.0, 0.0, 0.0, 2.0, 1.0, 1.0, 0.0, 2.0, 1.0, -1.0, 0.0, 2.0, -1.0, 1.0, 1.55113316954, 2.0, 2.0, 3.0, 3.0, 0.344147778235, 0.0, 1.0, 1.0, 1.0, 94388.0, 637.0, 99410.0
0.0, 0.0, 1.0, 2.0, 3.0, 2.0, -0.109485153268, 3.0, 2.0, -1.0, 2.0, 2.0, 2.0, 3.0, 2.0, 0.0, 2.0, 0.830364152947, 0.0, 3.0, 1.0, 3.0, 1.0, 0.0, 1.0, 1.0, 0.0, 1.0, -1.0, 3.0, 1.0, 2.0, -1.0, 3.0, 0.0, 0.0, 1.0, -1.0, 3.0, 1.0, 0.0, 2.0, 2.0, 1.0, 0.0, 0.0, 3.0, -0.328435291923, 0.0, 1.0, 94479.0, 656.0, 99393.0
-1.0, 2.0, 3.0, -1.0, 2.0, 1.0, 2.0, 1.0, -1.0, -1.0, 2.0, 2.0, -1.0, 3.0, -1.0, -1.0, 1.0, 3.0, 1.0, 0.0, 1.0, 1.0, -1.0, -1.0, 1.0, 1.0, 1.0, 0.0, -0.664579920697, -1.0, -1.0, 2.0, 0.0, 1.0, 2.10577387947, 1.84226197919, 0.0, 2.0, 0.0, 0.0, 2.0, 2.0, 2.0, 2.0, 0.0, 1.0, -1.0, -1.0, 3.0, -1.0, 96045.0, 491.0, 99547.0
0.0, 3.0, 0.0, 1.0, 2.0, 0.0, 0.305302071763, 1.0, 2.0, 2.0, -1.0, 1.27503621773, -1.0, 2.0, -0.32061018164, 1.0, 0.0, -1.0, 1.0785524093, 1.0, 2.0, 2.0, -1.0, 0.0, -1.0, 0.0, 2.0, -0.351149228578, 2.0, 3.0, 2.97666179985, 0.0, 0.0, 1.0, 1.0, -0.366400503968, 0.0, 0.0, -1.0, -1.0, -1.0, 2.0, 0.0, 2.0, -1.0, 0.0, 1.0, -1.0, 2.10152718704, -1.0, 95074.0, 553.0, 99487.0
1.0, 2.0, 0.319856512391, 3.0, 0.0, 3.0, 3.0, 2.0, 3.0, 2.0, 1.0, 0.0, 0.0, 1.0, 0.0, 1.0, -1.0, 1.0, 2.0, 3.0, 1.0, 2.0, 0.0, 1.0, 0.0, 1.0, 2.0, -1.0, -1.0, 0.0, 3.0, 0.0, 1.0, 2.0, 1.0, 0.0, 3.0, 1.0, -1.0, 2.0, 2.0, 1.0, 0.0, 2.0, 1.0, 0.0, 3.0, 0.0, 2.0, 2.0, 94501.0, 650.0, 99387.0
3.0, 0.0, 1.0, 1.97463597358, -1.0, 2.0, 2.69789040058, 1.0, 0.0, 1.0, 3.0, -0.459370197443, 2.0, 3.0, 2.0, 2.21675780648, 0.0, 0.0, 2.0, 1.032477098, -0.696024235519, 2.0, 2.0, 2.0, 0.0, -1.0, 0.0, 0.0, -1.0, -1.0, -1.0, 0.0, 1.0, -1.0, 1.75677057364, 3.0, 0.0, 2.0, -1.0, -1.0, -1.0, 3.0, 0.389980188908, 0.0, 2.0, 2.0, -1.0, 1.0, 1.0, 3.0, 95524.0, 545.0, 99475.0
-1.0, 3.0, 0.659566488178, 1.0659598368, 1.0, -1.0, 2.0, 0.0, 1.0, 0.0, -1.0, -0.424810390211, -1.0, 2.0, 0.0, -0.224998242364, 0.0, 2.0, -1.0, 0.0, 3.0, -1.0, 2.0, 3.0, -1.0, 1.0, 2.0, 0.0, 1.0, 1.0, 1.0, 0.0, 1.76008242534, -1.0, 0.0, -0.702460094861, 0.0, 3.0, -1.0, -1.0, 0.0, 1.0, -1.0, 2.0, 1.0, 1.0, -1.0, 2.0, -1.0, 1.0, 95710.0, 498.0, 99535.0
-0.527868799086, 1.37363019646, 2.0, 3.0, 0.0, 3.0, 3.0, 2.0, 3.0, 2.0, 1.0, 0.0, 0.0, 1.0, -0.240921043827, 2.0, -1.0, 2.82650527999, 2.0, 3.0, 1.0, 2.0, 0.0, 1.0, 0.0, 1.0, 2.0, -1.0, 1.54191538589, -1.0, 3.0, 0.0, -0.0144853442156, 2.0, 1.0, 0.0, 3.0, -0.567916395243, -1.0, 2.0, 2.0, 1.95244177767, 0.0, 2.0, 1.0, 0.0, 3.0, 0.288863705779, 2.0, 2.0, 94962.0, 619.0, 99415.0
2.0, 0.0, 1.0, 3.0, 2.0, 0.0, 1.0, 3.0, 1.0, 0.446399927463, 2.0, 0.0, -1.0, 1.0, 1.0, 0.0, 1.0, 2.0, -1.0, -1.0, 0.0, 1.84039733192, 0.0, 1.85381847549, 1.0, -0.380307501327, 2.0, 0.0, 0.0, 2.0, 1.0, 1.0, 0.0, 2.0, 1.0, -1.0, 0.0, 2.0, -1.0, 1.0, 1.55113316954, 2.0, 2.0, 3.0, 3.0, 0.344147778235, 0.0, 0.85364780169, 1.0, 1.0, 94388.0, 637.0, 99410.0
-1.0, -0.0912935643509, 3.0, 0.0, 2.99166140097, 0.0, 0.0, 2.0, 1.0, 1.0, 2.0, -1.0, 1.0, 2.0, -1.0, 2.0, 1.0, 2.0, -0.902445833215, -1.0, 1.14052430128, 0.0, 2.0, 0.0, 1.0, -0.545797811061, -1.0, 2.61600121629, 1.0, -1.0, 0.0, 2.0, 3.0, -0.377118226873, 0.0, 2.0, 1.0, 0.0, 3.0, 1.0, 2.0, 0.0, 0.471111538847, 0.679914750456, 1.26010441457, 3.0, 3.0, -0.279009103662, -1.0, 0.0, 94846.0, 569.0, 99464.0
0.0, 0.0, 1.90478636706, 2.46262800823, 3.0, 2.0, -0.109485153268, 2.99100553339, 2.0, -1.0, 2.0, 2.0, 2.0, 3.0, 2.0, 0.0, 2.0, 0.830364152947, 0.0, 3.0, -0.16315271568, 3.0, 0.718864256991, 0.0, 1.0, 1.0, 0.0, 1.82865382867, -1.0, 3.0, 1.0, -0.927780649739, -1.0, 3.0, 0.0, 0.0, 1.0, -1.0, 3.0, -0.678865972221, 0.0, 2.0, 2.0, 1.0, 0.0, 0.0, 3.0, -0.328435291923, 0.0, 1.0, 94681.0, 628.0, 99413.0
-1.0, 0.0, 1.50631182401, 1.25308888413, 1.0, 0.0, 2.05635870215, 0.0, 2.0, 0.0, 0.0, -1.0, 2.0, 1.0, -1.0, 2.0, -1.0, 2.0, 3.0, 2.0, -0.809218720445, 3.0, 2.21771528066, 0.0, 2.0, 3.0, -1.0, 1.83898535601, 2.2471271256, 1.0, 2.0, -0.566614118215, 3.0, -1.0, 2.66330983677, -1.0, 1.28517992844, 3.0, 1.0, 0.0, 1.0, 0.0, 3.0, 0.0, 0.0, 0.0, 1.0, 0.88642009832, 2.0, 2.0, 95024.0, 591.0, 99441.0
-1.0, 3.0, 0.0, 1.73970884706, 1.0, -0.721910023999, 2.0, 0.0, -0.266094292596, 1.49152659071, -1.0, 1.0, 3.0, 2.0, 0.0, 1.36133862063, 0.0, 2.0, -1.0, 0.0, 3.0, -0.0279298727871, 2.0, -0.104898337781, -1.0, 1.0, 2.0, 0.0, 1.0, 1.0, 1.0, 0.0, 3.0, -1.0, 0.0, 3.0, 0.0, 3.0, -1.0, -1.0, 0.0, 1.0, -1.0, 2.0, 1.0, 0.271505079538, -1.0, 2.0, -1.0, 1.0, 95245.0, 541.0, 99490.0
2.0, 1.0, 1.0, -0.079254393871, 0.0, 2.0, 2.0, 1.0, 0.0, 3.0, 1.0, 2.0, -1.0, 2.0, 1.0, 0.0, 3.0, 0.0, 3.0, -1.0, 0.0, 3.0, -1.0, -0.309244369764, 1.0, 3.0, 0.0, 3.0, 0.0, 1.0, 0.0, 1.0, 0.520480912331, -0.407873043327, 2.0, 0.0, 2.0, 2.0, 1.0, 1.0, 2.0, -1.0, 0.0, 0.0, 2.0, 1.0, 3.0, 1.0, 2.0, 1.0, 94449.0, 660.0, 99393.0
2.87514763497, 0.0, 0.0, 1.0, 3.0, 2.12811572178, 0.0, -0.263690926084, 0.0, 1.0, 1.93056226256, 1.0, 1.0, 2.0, 3.0, 3.0, 0.0, 2.0, 1.0, 3.0, 0.115687208997, 0.242428809779, -1.0, 2.0, 1.0, 2.0, 1.13589571102, 2.0, 0.0, -1.0, 1.0, 0.0, -1.0, 0.621930741611, 0.0, 1.0, 3.0, 0.0, 0.206123445091, 3.0, 2.0, 1.0, 0.0, 1.99160375702, 2.22353983717, 2.16677625152, 3.0, 0.0, 2.0, 2.0, 94369.0, 668.0, 99387.0
1.0, 2.0, 0.0, 2.0, 2.0, 3.0, 2.0, 3.0, 2.0, 1.0, 1.0, 3.0, 2.0, 3.0, 2.59539114543, 1.0, 3.0, 1.0, 3.0, 3.0, 0.0, 2.79516940564, 0.00119026575673, 1.0, 1.0, 2.0, 0.0, 3.0, 0.0, 3.0, -0.898855499464, 3.0, 1.0, 2.0, 2.0, -1.0, 2.0, 1.0, 0.231209763032, 1.46361648462, -1.0, 1.0, 1.0, -0.671123456834, 0.0, 1.0, -1.0, -1.0, -1.0, 3.0, 95359.0, 612.0, 99424.0
0.0, 2.0, 1.0, 2.0, -1.0, 0.0, -1.0, 1.0, -0.774884987554, 0.0, -1.0, -0.242398545392, 0.253255215164, -1.0, 1.29990865556, -1.0, -1.0, 2.0, 3.0, 0.0, 1.75585178817, 1.0, 0.0, 3.0, 1.0, -1.0, -0.846196185465, -1.0, 2.0, 0.0, -1.0, 2.03604515562, 3.0, 1.0, -0.4762101541, 2.0, 0.464450726177, -1.0, 0.0, 1.0, 2.0, 3.0, -1.0, 2.13351391114, 3.0, 1.0, 1.0, 2.0, 0.0, 0.0, 95496.0, 531.0, 99501.0
2.0, 2.0, 1.0, 1.0, 0.631106465348, 0.816041851374, 0.0, 1.0, 3.0, 0.0, 0.0676036802087, -1.0, 0.0, 2.0, 1.001856841, 0.0, 1.0, 2.0, 3.0, 2.0, 2.8707923932, 1.0, -1.0, 2.0, 0.0, 3.0, 1.0, 1.0, 2.0, -1.0, 3.0, -1.0, 0.0, 1.0, 0.0, 1.0, -1.0, 2.0, -1.0, 0.0, 3.0, 2.86505125923, 0.0, 0.0, 0.0, 0.0, 1.0, 0.0, 3.0, -1.0, 94547.0, 610.0, 99429.0
0.0, 1.0, 1.0, 0.0, 1.0, 0.0, 3.0, 1.0, -1.0, 0.0, 0.3198693542, 2.64563111763, 0.0, -0.266117777908, 2.0, 2.0, 0.0, 0.156459333851, 3.0, 2.0, 0.204579979875, 3.0, 1.0, 0.0, 0.0, 2.01654203738, -0.110985412545, 3.0, 2.0, 2.0, 3.0, 0.268221585487, 2.0, 1.0, -1.0, 0.0, 2.0, 0.0, 3.0, 3.0, 2.0, 0.739526750462, 1.0, 0.230376648369, 2.0, 2.3856687686, -0.481572824523, -1.0, 2.0, 1.12660985192, 94434.0, 679.0, 99383.0
1.0, 2.0, 0.0, 0.0, -1.0, -1.0, 0.0, 1.0, 0.0, 3.0, -1.0, 1.0, 0.0, 3.0, 1.0, 0.0, 0.0, 2.0, 2.6263659772, 0.0, 2.0, 0.0, 1.0, -1.0, 1.0, -1.0, 1.0, -1.0, 0.0, 1.0, 3.0, 1.0, 0.0, -1.0, 0.0, 1.0, 2.0, 2.0, 3.0, -1.0, 2.0, 2.0, 0.0, -1.0, 1.0, 0.0, 2.0, 2.0, 3.0, -0.443621468005, 94733.0, 583.0, 99445.0
0.0, 2.0, 1.25041753489, -1.0, 1.0, 2.25011002973, 1.0, 0.0, 0.0, 0.0, -1.0, 1.0, -1.0, 3.0, 2.0, 0.0, 1.0, 2.0, -1.0, 3.0, -1.0, -1.0, 0.302705565107, 0.0, 2.0, 0.0, -1.0, 3.0, 1.0, 1.0, 1.3049147886, 0.516644805484, 0.0, 0.516684931641, 0.0, 0.0, 2.0, 0.0, -0.395931677809, -1.0, 1.0, 0.0, 0.0, -1.0, 0.0, 0.339253351503, 2.0, 2.0, 3.0, 3.0, 94804.0, 581.0, 99476.0
-1.0, 2.0, 0.0, -1.0, 2.0, 1.0, -1.0, 0.0, -1.0, -0.638788400989, 2.0, -0.0369858091701, 0.0, 1.0, -0.949373075501, -0.793940091607, 1.91713993549, 2.58233302701, 0.0, 2.0, 3.0, 1.0, 1.0, 2.0, 0.0, 2.0, 1.0, -1.0, 3.0, -1.0, 0.0, 1.0, -1.0, 2.0, -1.0, 2.0, 0.0, 1.0, -1.0, -0.0616683898612, -1.0, 2.0, -1.0, 2.0, 2.0, 1.0, -0.464823731436, 1.0, 3.0, 2.0, 95671.0, 507.0, 99522.0
3.0, 0.0, 1.0, 0.0, -1.0, 2.0, 1.0, 1.0, -0.903938421669, 1.0, 3.0, 0.0, 2.0, 3.0, 2.0, 1.0, -0.610760136029, 0.0, 2.0, 1.58260971954, -1.0, 2.0, 2.0, 2.0, 0.0, -1.0, 0.0, 0.0, -1.0, 0.0, -1.0, 0.940945887308, 1.82045018966, -1.0, 1.0, 3.0, 0.0, 2.0, -0.267925555899, -1.0, -1.0, 3.0, 1.0, 0.0, 2.0, 2.0, 0.28649540794, 1.0, 1.0, 3.0, 95051.0, 575.0, 99447.0
3.0, 1.0, 3.0, 0.0, 1.0, 2.0, 2.36652654157, 1.0, 2.0, 3.0, 1.0, 0.948134062625, 1.0, 3.0, -1.0, 1.0, 0.0, 0.0, 2.0, 2.0, 0.0, 2.0, 2.0, 2.0, 0.0, 2.0, 1.0, -1.0, 0.0, 3.0, 0.0, 1.0, 3.0, 0.0, 1.0, 2.0, 1.0, 0.0, 1.0, 2.0, 2.0, 0.0, 0.765217618037, 2.0, 2.0, 2.0, 1.97342649454, 3.0, -0.494211610357, 0.0, 94516.0, 686.0, 99363.0
-1.0, 1.35904547897, 2.0, 1.93256238963, 0.0, 1.0, 2.0, 2.0, -1.0, 3.0, 2.0, 0.0, 0.0, 3.0, -1.0, 0.0, 2.04335322851, 2.0, 1.0, 2.0, -0.258001703473, 0.0, 2.0, 2.0, 1.0, 0.0, -1.0, 0.740990237049, 2.80014326081, 3.0, 2.0, 3.0, 2.68908711895, 1.0, 1.0, 1.0, 2.79837098704, 0.0, -1.0, 0.0, -1.0, 3.0, -0.387957642505, 2.05096792677, 0.0, 2.0, 2.0, 2.54965462021, -1.0, 0.0, 94942.0, 606.0, 99425.0
2.28733344749, 3.0, 0.0, 1.0, 2.0, 0.0, 0.0, 1.0, 1.1379409141, 2.0, 0.987505342542, 2.0, -1.0, 2.0, 1.0, 0.262650288512, 2.0, -1.0, 1.0, 1.0, 2.0, 2.0, -1.0, 0.0, -1.0, -0.862584580423, 2.0, 0.0, 2.0, 3.0, 3.0, -0.784778046564, 0.0, 1.0, 1.0, 0.0, 2.28648942031, 0.0, -1.0, -1.0, 2.46019861664, 2.0, 0.0, 0.0, -1.0, 0.0, 1.0, -1.0, 2.0, 0.840393588448, 95026.0, 561.0, 99473.0
3.0, 1.0, 1.0, -1.0, 0.0, -1.0, -1.0, 0.0, -1.0, 1.0, 3.0, 2.0, -1.0, 0.0, 3.0, 1.0, 0.0, 1.0, 0.0, 0.0, 3.0, 1.0, 2.0, -0.294622987782, 3.0, -0.982908300939, -0.935110121385, -1.0, 2.03196565912, 2.0, 1.0, 3.0, 1.0, 2.0, 1.17697837787, 0.0, 0.0, 2.0, 0.0, -1.0, 2.42538567647, 2.0, 2.0, -1.0, 2.0, 2.27738524595, 3.0, -1.0, -1.0, 2.0, 95596.0, 527.0, 99498.0
-1.0, 3.0, 0.0, 1.73970884706, 1.0, -1.0, -0.237253736396, 0.0, 1.0, 1.49152659071, -1.0, 1.0, -1.0, 2.0, 0.0, 1.0, 0.0, 2.0, -1.0, 0.0, 3.0, -0.0279298727871, 2.0, 3.0, -1.0, 1.0, 2.0, 0.0, 1.0, -0.277792746406, 1.0, 0.0, 3.0, -1.0, 0.0, 3.0, 0.0, 3.0, -1.0, -1.0, 0.0, 1.0, -1.0, 2.0, 1.0, 1.0, -1.0, 2.0, -1.0, 1.0, 95352.0, 522.0, 99503.0
0.0, 3.0, 0.0, 1.0, 2.0, 0.0, 0.305302071763, 1.0, 2.0, 2.05405428396, -1.0, 1.27503621773, -1.0, 2.0, -0.32061018164, 1.0, 0.0, -1.0, 1.0785524093, 1.0, 2.0, 2.0, -1.0, 0.0, -1.0, 0.0, 2.0, -0.840430127073, 2.0, 3.0, 2.97666179985, 0.0, 0.0, 1.0, 1.0, -0.366400503968, 0.0, 0.0, -1.0, -1.0, -1.0, 2.0, 0.0, -0.638882409628, -1.0, 0.0, 1.0, -1.0, 2.10152718704, -1.0, 95254.0, 520.0, 99505.0
1.0, 2.0, 0.319856512391, 3.0, 0.0, 3.0, 3.0, 2.0, 3.0, 2.50042936682, 1.0, 0.0, 0.0, 2.2627521294, 0.0, 1.0, -1.0, 1.0, 2.0, 3.0, 1.0, 2.0, 0.0, 1.0, 0.0, 1.0, 2.0, -1.0, -1.0, 0.0, 3.0, 0.0, 1.0, 2.0, 1.0, 0.0, 3.0, 1.0, -1.0, 2.05181455698, 2.0, 1.0, -0.837731457959, 2.0, 1.0, 1.31961351999, 3.0, 2.81620839998, 2.0, 2.0, 94899.0, 634.0, 99399.0
3.0, 0.0, 1.0, 1.97463597358, -1.0, 2.0, 2.02591253133, 3.0, 0.0, 1.0, 3.0, -0.459370197443, 2.0, 3.0, 2.0, 2.21675780648, 0.0, 0.0, 2.0, 1.032477098, -0.696024235519, 2.0, 2.0, 2.0, 0.0, -1.0, 0.0, 0.0, -1.0, -1.0, -1.0, -0.996388262471, 1.0, -0.576242907087, 1.75677057364, 3.0, 0.0, 2.0, -1.0, -1.0, -1.0, -0.377095719464, 0.389980188908, 0.0, 2.0, 2.0, -1.0, 1.0, 1.0, 3.0, 95489.0, 533.0, 99482.0
2.0, 0.0, 1.0, 2.0, 0.0, 0.0, 2.69789040058, 1.0, 1.0, 0.0, 1.0, 3.0, 1.0, 0.0, 2.0, 0.0, -1.0, 0.0, 3.0, 1.27487208618, -1.0, 3.0, 2.0, 0.0, 0.131630279996, -1.0, 0.0, 2.0, -1.0, 1.0, 1.0, 2.0, 3.0, -1.0, 0.0, 3.0, 1.0, 0.0, 2.0, 3.0, -0.0583030834959, 0.0, 3.0, 1.0, 1.0637095607, 1.0, 0.0, 1.0, 2.0, 2.0, 94324.0, 645.0, 99394.0
-1.0, 3.0, 0.659566488178, 1.0659598368, 1.0, -1.0, 2.0, 0.0, 1.0, -0.350247141889, -1.0, -0.424810390211, -1.0, 2.0, 0.0, -0.224998242364, 0.0, 2.0, -1.0, 0.0, 3.0, -1.0, 2.0, 3.0, -1.0, 1.0, 2.0, 0.0, 1.0, 1.0, 1.0, 0.0, 1.76008242534, -1.0, 0.0, -0.702460094861, 0.0, 3.0, -1.0, -1.0, 0.0, 1.0, -1.0, 2.0, 1.0, 1.0, -1.0, 2.0, -1.0, 1.0, 95710.0, 498.0, 99535.0
-1.0, 0.818680822462, 2.0, 0.0, 0.0, 1.0, 2.0, 2.0, -1.0, 3.0, 2.0, 0.0, -0.473452069464, 3.0, -1.0, 0.405769355483, 2.0, 2.0, 1.0, 2.0, -0.258001703473, 0.0, 2.0, 2.0, -0.413517182187, 0.0, -1.0, 0.740990237049, 2.80014326081, 3.0, 2.0, 3.0, 2.10692446102, 1.0, 1.0, 1.0, 2.79837098704, 0.0, -1.0, 0.0, 3.0, 3.0, -0.387957642505, 0.0, 0.0, 2.0, 1.67306066608, 2.54965462021, -1.0, 0.0, 94684.0, 620.0, 99417.0
0.0, 3.0, 0.0, 1.0, 2.0, 0.0, 0.0, 1.0, 2.0, 2.0, 0.987505342542, 2.0, -1.0, 2.0, 1.0, 1.0, 2.04335322851, -1.0, 1.0, 1.0, 2.0, 2.0, -1.0, 0.0, -1.0, 0.0, 2.0, 0.0, 2.0, 3.0, 0.315354368174, 0.0, 0.0, 1.0, 1.0, 0.0, 0.0, 0.0, -1.0, -1.0, -1.0, 2.0, 0.0, 2.0, -1.0, 0.0, 1.0, -1.0, 2.0, 0.54063269308, 94820.0, 577.0, 99463.0
-0.527868799086, 1.37363019646, 2.0, 3.0, 0.0, 2.54316860626, 3.0, 2.0, 3.0, 2.0, 1.0, 0.0, 0.0, 1.0, -0.240921043827, 2.0, -1.0, 2.82650527999, 2.0, 3.0, 1.0, 2.0, 0.0, 1.0, 0.0, 1.0, 2.0, -1.0, 1.54191538589, -1.0, 3.0, 0.0, -0.0144853442156, 2.0, 1.0, 0.0, 3.0, -0.567916395243, -1.0, 2.0, 2.0, 1.63795903896, 0.0, 2.0, 1.0, 0.0, 3.0, 0.288863705779, 2.0, 2.0, 94962.0, 619.0, 99415.0
1.31274994125, 0.0, 1.0, -0.96385767431, -1.0, 2.0, 1.0, 2.11683801408, 0.0, 1.0, 3.0, 0.0, -0.20834759736, 1.26079896018, 2.0, 1.8771450697, 0.0, 0.0, 2.97975095962, 1.5737468727, -1.0, 2.0, 2.88789796585, -0.321088591802, 0.0, -1.0, 0.0, 0.0, -1.0, 0.0, -1.0, 0.0, 0.644309725157, -1.0, 1.0, 3.0, 0.347846569071, 2.0, -1.0, -1.0, -1.0, 3.0, 0.779879870393, 2.18198938711, 2.0, 2.0, -1.0, 1.0, 1.0, 2.254481013, 95165.0, 552.0, 99475.0
-0.586241841704, 3.0, 1.57613383541, 0.55656901953, 2.14347968589, -0.167563710293, -1.0, 1.23190261728, 2.0, 0.0, 2.0, 3.0, -0.425767433955, 0.0, 1.0, -0.375084867192, 0.0, 3.0, 1.0, 1.0, -1.0, 0.0, 0.552253649163, 0.0, 0.978846624186, 2.0, 3.0, 3.0, -0.472797147184, 1.0, 3.0, -1.0, 2.3411415145, 2.0, 1.06495825041, 2.0, 1.67550609851, 0.0, 2.9172574368, -1.0, 2.0, 0.0, 2.0, -1.0, 1.0, 2.0, 1.0, 0.0, 2.0, 3.0, 94685.0, 624.0, 99416.0
2.0, 0.0, 1.0, 3.0, 2.0, 0.0, 1.0, 3.0, 1.0, 0.446399927463, 2.0, -0.868349403634, -1.0, 1.0, 1.0, 0.0, 1.0, 2.0, -1.0, -1.0, 0.0, 1.84039733192, 0.0, 1.85381847549, 1.0, -0.380307501327, 2.0, 0.0, 0.0, 2.0, 1.0, 1.0, 0.0, 2.0, 1.0, -1.0, 0.0, 2.0, -1.0, 1.0, 1.59492525753, 2.0, 2.0, 3.0, 3.0, 0.344147778235, 0.0, 0.85364780169, 1.0, 1.0, 94559.0, 623.0, 99423.0
1.0, 0.422523799449, 0.0, 3.0, 0.0, 2.47556369583, -1.0, 1.0, 0.0, -1.0, 1.0, 3.0, 0.0, 2.0975919495, 1.0, 2.2768027929, 3.0, 3.0, 0.398309345913, 3.0, 2.0, 3.0, 2.0, 1.15558377401, -0.638743057511, 0.0, -1.0, -1.0, 1.0, 3.0, 0.438547382661, 2.0, 2.50725708024, 1.41757751934, 2.09518155311, -0.0540538270937, 3.0, 0.889444570298, 0.0, -0.297738234605, 3.0, 0.00845529615713, 0.0, 2.74200602941, -0.276368799214, 1.14183318913, 2.32710517982, 1.0, 2.0, 1.21684992048, 94723.0, 628.0, 99412.0
2.87514763497, 0.0, 0.0, 1.0, 3.0, 2.50307782122, 0.0, -0.263690926084, 0.0, 1.0, 1.93056226256, 1.0, 1.0, 2.0, 3.0, 1.0, 0.0, 0.285434661298, 1.0, 3.0, 0.115687208997, -0.225912345637, -1.0, 2.0, 1.0, 2.24027992013, 1.13589571102, 2.0, 0.0, -1.0, 1.0, 0.0, 1.0, 0.621930741611, 0.0, 2.46754822918, 3.0, 0.0, 2.84053006862, 3.0, 2.0, 1.0, 0.0, 1.99160375702, 2.22353983717, 2.16677625152, 3.0, 0.0, 2.0, 2.0, 94295.0, 680.0, 99375.0
2.0, 2.0, -0.473483176934, 1.0, 0.631106465348, 0.816041851374, 0.0, 1.0, 3.0, 0.0, 1.1682316476, -1.0, 0.0, 2.0, 2.83910179492, 0.0, 1.0, 2.0, 3.0, 2.0, 2.8707923932, 1.0, -1.0, 2.0, -0.859425721245, 3.0, 1.0, 1.0, 2.0, -1.0, 3.0, -1.0, 0.0, 1.0, 0.0, 1.0, -1.0, 2.0, 0.919069639769, 0.0, 3.0, 2.86505125923, 0.0, 0.0, 0.0, 0.0, 1.0, 0.0, 3.0, 0.587826231883, 94542.0, 624.0, 99420.0
1.0, 2.0, 0.0, 0.0, -1.0, -1.0, 0.0, 1.0, 0.0, 3.0, -1.0, 1.0, 0.0, 3.0, 1.0, 0.0, 0.0, 2.0, 2.6263659772, 0.0, 2.0, 0.0, 1.0, -1.0, 1.0, -1.0, 1.0, -1.0, 0.0, 1.02898074883, 3.0, 1.0, 0.0, -1.0, 0.0, 1.0, 2.0, 2.0, 3.0, -1.0, 2.0, 2.0, 0.0, -1.0, 1.0, 0.0, 2.0, 2.0, 3.0, -0.443621468005, 94733.0, 583.0, 99445.0
2.7375016186, 2.0, 1.0, 2.0, -1.0, 2.0, 0.0, 2.0, -0.432482361269, 2.00985328014, -1.0, 0.0, -1.0, 0.569213966948, -1.0, 1.0, 1.0, 1.0, 2.16170232619, 3.0, -0.720189788633, 0.0, 0.0, 1.0, 0.0, -1.0, 3.0, 2.0, 2.72599244065, 0.00984543040982, 2.0, -0.0919065136216, 1.0, 0.0327458989834, -1.0, 2.0, 1.83720763063, 0.0, -1.0, 1.80630888843, 1.28797149801, 1.68453761481, 0.0, 2.0, 0.0, -1.0, 2.0, 1.0, 3.0, 1.0, 95003.0, 582.0, 99460.0
0.0, 3.0, 0.0, 1.0, 2.0, 0.0, 0.0, 1.98050308784, 2.0, 1.88029656439, -1.0, 2.0, -1.0, 2.0, 1.0, 1.0, 0.0, -1.0, 1.0, -0.546443176575, 2.0, 0.543177145357, -1.0, 0.0, -1.0, 0.0, 2.0, 0.0, 2.0, 2.08193663903, 0.717513408859, 0.0, 0.0, 1.0, 1.0, 0.0, 0.0, 0.0, -1.0, -1.0, -1.0, 2.0, 0.0, 1.80017738459, -1.0, 0.0, 1.0, -1.0, -0.0981013476589, -1.0, 95017.0, 543.0, 99497.0
-1.0, 1.76568475329, 0.0, 3.0, 1.0, -1.0, 2.0, 0.0, 1.0, 0.0, -1.0, 1.0, -1.0, 2.0, 0.0, 1.0, 0.0, 2.0, -1.0, 0.0, 3.0, -1.0, 2.0, 3.0, -1.0, 1.0, 2.0, 0.0, 1.0, 1.0, 1.0, 0.0, 3.0, -1.0, 2.12506723747, -1.0, -0.430642676564, 3.0, -1.0, -1.0, 0.0, 1.0, -1.0, 2.0, 1.0, 1.0, -1.0, 2.0, -1.0, -0.819372077352, 96022.0, 484.0, 99548.0
2.0, 2.0, 1.0, 1.0, 2.0, 0.448624319373, 0.0, 0.0, 3.0, 0.0, -1.0, -1.0, 0.0, 2.0, 2.0, 0.0, 1.0, 0.53304603352, 1.0, 2.0, 2.67648955158, 1.0, -1.0, 2.0, 0.0, 3.0, 1.0, 1.4642223239, 2.0, -0.63508989072, 3.0, -1.0, 0.0, 1.0, 0.0, 1.0, -1.0, 2.0, -1.0, 0.0, 3.0, 2.0, 0.0, 0.0, 0.0, 0.911515372465, 1.0, 0.0, 3.0, -1.0, 94621.0, 600.0, 99440.0
0.0, 3.0, -0.408845438607, 1.0, 2.0, 1.0, -1.0, 1.0, 2.0, 0.0, 2.0, 3.0, 0.0, 0.0, 1.0, 0.0, 0.0, 3.0, 1.0, 1.0, -1.0, 0.0, 0.0, 1.2084736841, 2.0, 2.0, 3.0, 2.30900874271, 0.0, -1.0, 3.0, -1.0, 1.65644529836, 2.0, 2.0, 2.0, -1.0, 2.0, 0.0, -1.0, 2.0, 0.0, 2.0, 1.48027313008, 1.0, 2.0, 1.0, 0.0, 2.0, 3.0, 94659.0, 630.0, 99417.0
-1.0, 1.0, 3.0, 0.0, 0.0, 0.0, 0.0, 2.0, 1.0, -0.551777890914, 2.0, -1.0, 1.0, 2.0, -1.0, 2.0, 1.0, 2.0, 0.0, 1.26433680579, 2.0, 0.0, 2.0, 2.11507855421, 1.0, -1.0, -1.0, 3.0, 1.0, 1.0, 0.0, 2.0, 3.0, 0.0, 0.0, 1.79524265732, 1.0, 0.0, 3.0, 1.0, 2.0, 0.0, 2.0, 1.0, 2.0, 3.0, 3.0, 1.0, -1.0, 0.0, 94700.0, 598.0, 99429.0
1.0, 3.0, 1.0, -0.0855392870744, 1.0, 0.0, 3.0, 1.0, 2.0, 0.0, -1.0, 2.0, -0.977082067381, 2.9078196074, 2.0, 0.0, -1.0, 0.0, 0.306384241786, 3.0, 1.0, 1.42243674044, 0.0, 0.0, -1.0, 3.0, 0.0, 1.0, 1.0, 0.580431329559, 1.0, 1.0, 2.0, 1.63547217567, 1.52675383651, 3.0, 2.0, -0.992958685787, 1.0, -1.0, 0.0, 2.0, 0.0, 2.0, 0.0, 1.0, 3.0, -1.0, -1.0, -1.0, 95035.0, 580.0, 99454.0
2.0, -1.0, -1.0, 2.0, -1.0, 0.587602817005, 0.0, 2.0, -1.0, 2.0, 1.60392450178, 1.0, 3.0, 2.0, -1.0, 2.0, 2.46468307685, 3.0, 2.04164770201, 3.0, 2.0, 0.0, 3.0, 3.0, 2.0, -1.0, 3.0, -1.0, 0.0, 1.0, 3.0, -0.494141982897, 1.0, 2.0, -1.0, 1.0, 2.0, 3.0, 0.0, -1.0, 0.0, 2.0, 0.0, 2.0, 3.0, 2.04290270701, 0.0, 0.0, -1.0, 1.0, 95604.0, 563.0, 99472.0
-0.445536195391, 0.0, 2.0, -0.194388401162, 2.0, 0.0, 0.0, 1.0, 2.0, 3.0, -1.0, 3.0, 1.0, 1.0, 3.0, 1.0, 0.0, -1.0, 1.0, 2.0, 2.9109099926, 1.0, 3.0, 2.0, 1.0, 1.0, 0.0, 1.25888609614, 3.0, -1.0, -1.0, 2.0, 1.0, -1.0, 0.0, 0.0, 2.0, 3.0, -1.0, 2.66933493323, 0.96648684915, 0.169154680958, 2.0, 0.0, 2.0, 0.15520630468, 0.0, -0.297220129065, 1.0, 0.620661148768, 94447.0, 636.0, 99409.0
3.0, 1.0, 2.0, 0.0, 1.0295106797, 2.0, 2.0, 3.0, 2.0, -0.594582306282, 3.0, 0.0, 1.0, 1.0, 1.0, 0.959594507994, 1.0, 2.51894937315, 0.0, 2.0, 2.0, 3.0, 3.0, 2.0, -1.0, 0.0, 3.0, 3.0, 2.0, 1.0, 1.0, 1.0, 3.0, 2.0, 2.0, 1.0, 0.0, 0.0, 2.0, 1.41599483372, 3.0, 1.0, -1.0, 0.0, 1.0, 0.0, 2.0, 3.0, 2.0, -0.202447914278, 94778.0, 662.0, 99384.0
-1.0, 2.0, 1.0, 1.0, 2.0, 0.0, 3.0, 0.0, 2.0740743113, 1.0, 2.0, -1.0, 0.600880933815, 0.0, 1.0, 0.0, 1.0, -1.0, -1.0, 1.0, 0.0, 1.0, 0.0, -0.637952338689, -1.0, -0.811667520669, 1.0, 3.0, 2.27392660614, 0.0, -1.0, 0.0, 2.0, 1.0, -1.0, 1.84481446033, 3.0, 1.0, 1.0, 3.0, -1.0, 2.79629236758, -1.0, 3.0, 2.0, 3.0, -1.0, 0.0, -1.0, 2.0, 95738.0, 518.0, 99513.0
2.7375016186, 2.0, 1.0, 2.0, -1.0, 2.0, 0.0, 2.0, -0.432482361269, 2.00985328014, -1.0, 0.0, -1.0, 0.569213966948, -1.0, 1.0, 1.0, 1.0, 2.16170232619, 3.0, -0.720189788633, 0.0, 0.0, 1.0, 0.0, -1.0, 3.0, 2.0, 1.60442567115, 0.00984543040982, 2.0, 1.0, 1.0, 0.0327458989834, -1.0, 2.0, 1.83720763063, 0.0, -1.0, 1.67032668893, 1.50463313547, 1.68453761481, 0.0, 2.0, 0.0, -1.0, 2.0, 1.0, 3.0, 1.0, 95007.0, 582.0, 99460.0
0.0, 3.0, 0.0, 1.0, 2.0, 0.0, 0.0, 1.0, 2.0, 2.0, -1.0, 2.0, -1.0, 2.0, 1.0, 1.0, 0.0, -1.0, 1.0, 1.0, 2.0, 2.0, -1.0, 0.0, -1.0, 0.0, 2.0, 0.0, 2.0, 3.0, 3.0, 0.0, 0.0, 1.0, 1.0, 0.0, 0.0, 0.0, -1.0, -1.0, -1.0, 2.0, 0.0, 2.0, -1.0, 0.0, 1.0, -1.0, 2.0, -1.0, 95135.0, 553.0, 99487.0
-1.0, 2.0, 3.0, -1.0, 2.0, 1.0, 2.0, 1.0, -1.0, -1.0, 2.0, 2.0, -1.0, 3.0, -1.0, -1.0, 1.0, 3.0, 1.0, 0.0, 1.0, 1.0, -1.0, -1.0, 1.0, 1.0, 1.0, 0.0, 0.0, -1.0, -1.0, 2.0, 0.0, 1.0, 2.0, 1.0, 0.0, 2.0, 0.0, 0.0, 2.0, 2.0, 2.0, 2.0, 0.0, 1.0, -1.0, -1.0, 3.0, -1.0, 95861.0, 508.0, 99533.0
-1.0, 2.0, 3.0, -1.0, 2.0, 1.0, 2.0, 1.0, -1.0, -1.0, 2.0, 2.0, -1.0, 3.0, -1.0, -1.0, 1.0, 3.0, 1.0, -0.278243639137, 1.0, 1.0, -1.0, -1.0, 1.0, 1.0, 1.0, 0.0, -0.664579920697, -1.0, -1.0, -0.420850911989, 0.0, 1.0, 2.10577387947, 1.84226197919, 0.0, 2.0, 0.0, 0.566078808137, 2.0, 2.0, 2.0, 2.0, 0.0, 1.54736519952, -1.0, -1.0, 3.0, -1.0, 96100.0, 491.0, 99547.0
0.0, 1.0, 1.0, 0.0, 1.0, 0.0, 3.0, 1.0, -1.0, 0.866449336423, 0.3198693542, 2.64691314578, 0.0, -0.4971439228, 2.0, 2.0, 0.0, 0.156459333851, 3.0, 2.0, 0.204579979875, 3.0, 1.0, 0.0, 0.0, 2.01654203738, -0.110985412545, 3.0, 2.0, 2.0, 3.0, 0.268221585487, 2.09314873306, 1.0, -1.0, -0.450193014934, 2.0, 0.0, 3.0, 3.0, 2.0, 0.739526750462, 1.0, -0.335828198069, 2.0, 2.3856687686, 1.0, -1.0, 2.0, 1.08822404612, 94505.0, 679.0, 99383.0
-1.0, 3.0, 0.0, 3.0, 1.0, -1.0, 2.0, 0.0, 1.0, 0.0, -1.0, 1.0, -1.0, 2.0, 0.0, 1.0, 0.0, 2.0, -1.0, 0.0, 3.0, -1.0, 2.0, 3.0, -1.0, 1.0, 2.0, 0.0, 1.0, 1.0, 1.0, 0.0, 3.0, -1.0, 0.0, -1.0, 0.0, 3.0, -1.0, -1.0, 0.0, 1.0, -1.0, 2.0, 1.0, 1.0, -1.0, 2.0, -1.0, 1.0, 95860.0, 498.0, 99535.0
0.0, 3.0, 3.0, 1.0, 2.0, 1.0, -1.0, 1.0, 2.0, 0.0, 2.0, 3.0, 0.0, 0.0, 1.0, 0.0, 0.0, 3.0, 1.0, 1.0, -1.0, 0.0, 0.0, 0.0, 2.0, 2.0, 3.0, 3.0, 0.0, 1.0, 3.0, -1.0, 2.0, 2.0, 2.0, 2.0, -1.0, 2.0, 0.0, -1.0, 2.0, 0.0, 2.0, -1.0, 1.0, 2.0, 1.0, 0.0, 2.0, 3.0, 94688.0, 630.0, 99411.0
0.0, 0.0, 1.0, 2.0, 3.0, 2.0, -0.109485153268, 3.0, 1.0, -1.0, 2.0, 2.0, 2.05160385219, 3.0, 2.0, 0.0, 2.0, 2.0, 0.0, 3.0, 1.0, 3.0, 2.21065491821, 0.0, 1.0, 1.0, 0.0, 1.0, -1.0, 3.0, 1.0, 0.827111882449, -1.0, 3.0, 0.0, 0.0, 1.0, -1.0, 3.0, 1.0, 0.0, 2.0, 2.0, 1.0, 0.0, 0.0, 3.0, -0.328435291923, 0.0, 1.0, 94485.0, 656.0, 99393.0
0.0, 3.0, 0.0, 1.0, 2.0, 0.0, 0.0, 1.0, 2.0, 2.0, 0.987505342542, 2.0, -1.0, 2.0, 1.0, 1.0, 2.04335322851, -1.0, 1.0, 1.0, 2.0, 2.0, -1.0, 0.0, -1.0, 0.0, 2.0, 0.0, 2.0, 3.0, 3.0, 0.0, 0.0, 1.0, 1.0, 0.0, 0.0, 0.0, -1.0, -1.0, -1.0, 2.0, 0.0, 2.0, -1.0, 0.0, 1.0, -1.0, 2.0, -0.946530826798, 95054.0, 563.0, 99476.0
3.0, 1.0, 3.0, 0.0, 1.0, 2.0, 1.31469042402, 1.0, 2.0, 3.0, 1.0, 3.0, 1.0, 3.0, -1.0, 1.0, 0.0, 0.0, 2.0, 2.0, 0.0, 2.0, 2.0, 2.0, 0.0, 2.0, 1.0, -1.0, 0.0, 3.0, 0.0, 1.0, 3.0, 0.0, 0.565099836119, -0.638355961605, 1.0, 0.0, 1.0, 2.0, 2.0, 0.0, 0.0, 2.0, 2.0, 2.9859317414, -1.0, 3.0, -0.613302831357, 2.14706413417, 94916.0, 640.0, 99400.0
-0.586241841704, 3.0, 3.0, 1.0, 2.14347968589, 1.0, -1.0, 1.23190261728, 2.0, 0.0, 2.0, 3.0, -0.425767433955, 0.0, 1.0, -0.375084867192, 0.0, 3.0, 1.0, 1.0, -1.0, 0.0, 0.00226591528683, 0.0, 2.0, 2.0, 3.0, 3.0, -0.472797147184, 1.0, 3.0, -1.0, 2.3411415145, 2.0, 1.06495825041, 2.0, 1.67550609851, 0.0, 1.820793829, -1.0, 2.0, 0.0, 2.0, -1.0, 1.0, 2.0, 1.0, 0.0, 2.0, 3.0, 94742.0, 624.0, 99416.0
-1.0, 1.0, 2.0, 1.0, -0.980726236861, 3.0, 3.0, -1.0, 1.0, 3.0, 3.0, 3.0, 0.0, 1.0, 1.0, 0.0, 1.0, 3.0, 2.0, 1.0, 0.0, 2.0, 0.0, 2.69136405242, 2.0, 0.0, 1.0, 1.0, 2.0, -1.0, 0.0, 2.0, 1.0, -1.0, 1.0, 3.0, 0.0, 2.0, 2.0, 3.0, 2.0, 3.0, 0.0, 1.0, 2.0, 0.0, 3.0, 2.0, 2.0, 1.2748834615, 95006.0, 639.0, 99402.0
-1.0, 1.0, 1.0, 3.0, 2.0, 1.0, 2.0, 0.0, 2.0, 1.0, 3.0, 2.0, 2.0, 2.0, 0.0, 3.0, -1.0, 3.0, 1.0, 0.0, 2.0, 1.0, -1.0, 2.0, 2.0, 1.0, 1.30060244177, 1.0, 2.14352739546, 3.0, -0.12127730003, 3.0, -1.0, 3.0, 1.0, -1.0, -1.0, 2.0, 1.54064270055, 0.0, 3.0, 1.0, 1.0, 0.0, 0.0, 1.0, 0.0, 1.0, -0.607058822829, 2.0, 94939.0, 615.0, 99420.0
-1.0, 2.0, 1.0, 0.0, 2.0, 2.58209691463, 1.0, 1.0, 0.0, 1.0, 0.0, 2.0, 0.0, 0.0, -1.0, 2.0, 2.0, -1.0, -1.0, 1.0, 2.0, 1.01119802335, -1.0, 0.0, 2.0, 1.0, -1.0, 0.0, 0.0, 1.0, 0.0, 2.0, 2.0, 2.0, 0.0, 2.0, 3.0, 3.0, 1.39274598003, 0.0, 2.0, 0.0, 3.0, 3.0, 1.0, 2.0, 1.0, 2.0, 3.0, 1.0, 94647.0, 618.0, 99426.0
1.0, 1.37363019646, 2.0, 3.0, -0.341342322018, 3.0, 3.0, 2.0, 3.0, 2.0, 1.0, 0.0, 0.0, 1.53858472868, -0.240921043827, 2.0, -1.0, 1.0, 2.0, 3.0, 1.0, 2.0, 0.0, 1.0, 1.40812859792, 2.65875601189, 2.0, -1.0, -1.0, -1.0, 3.0, 0.0, -0.0144853442156, 2.0, 1.0, 0.0, 3.0, -0.567916395243, -1.0, 2.0, 2.0, 1.0, 0.0, 2.0, 1.0, 0.0, 3.0, 0.0, 2.0, 2.0, 94997.0, 619.0, 99416.0
-1.0, 2.0, 2.0, 0.0, 0.0, 1.0, 2.0, 2.0, -1.0, 3.0, 2.0, 0.0, 0.0, 3.0, -1.0, 0.0, 2.0, 2.0, 1.0, 2.0, -0.258001703473, 0.0, 2.0, 2.0, 1.0, 0.0, -1.0, 0.740990237049, 2.80014326081, 3.0, 2.0, 3.0, 2.10692446102, 1.0, 1.0, 1.0, 2.79837098704, 0.0, -1.0, 0.0, 3.0, 3.0, -0.387957642505, 0.0, 0.0, 2.0, 2.0, 2.54965462021, -1.0, 0.0, 94778.0, 620.0, 99417.0
0.0, 0.0, 2.0, 0.0, 2.0, 0.0, 0.0, 1.0, 2.0, 3.0, -1.0, 3.0, 1.0, 1.0, 3.0, 1.0, 0.0, -1.0, 1.0, 2.0, 3.0, 1.0, 3.0, 2.0, 1.0, 1.0, 0.0, 1.0, 3.0, -1.0, -1.0, 2.0, 1.0, -1.0, 0.0, 0.0, 2.0, 3.0, -1.0, 0.0, 3.0, -1.0, 2.0, 0.0, 2.0, 2.0, 0.0, 1.0, 1.0, 1.0, 94644.0, 626.0, 99421.0
-1.0, 2.0, 2.0, 0.0, 0.0, 1.0, 2.0, 2.0, -1.0, 3.0, 2.0, 0.0, -0.473452069464, 3.0, -1.0, 0.405769355483, 2.0, 2.0, 1.0, 2.0, -0.258001703473, 0.0, 2.0, 2.0, 1.0, 0.0, -1.0, 0.740990237049, 2.80014326081, 3.0, 2.0, 3.0, 2.10692446102, 1.0, 1.0, 1.0, 2.79837098704, 0.0, -1.0, 0.0, 3.0, 3.0, -0.387957642505, 0.0, 0.0, 2.0, 2.0, 2.54965462021, -1.0, 0.0, 94778.0, 620.0, 99417.0
0.0, 3.0, 0.0, 1.0, 2.0, 0.0, 0.0, 1.0, 2.0, 2.0, 0.987505342542, 2.0, -1.0, 2.0, 1.0, 1.0, 2.04335322851, -1.0, 1.0, 1.0, 2.0, 2.0, -1.0, 0.0, -1.0, 0.0, 2.0, 0.0, 2.0, 3.0, 3.0, 0.0, 0.0, 1.0, 1.0, 0.0, 0.0, 0.0, -1.0, -1.0, -1.0, 2.0, 0.0, 2.0, -1.0, 0.0, 1.0, -1.0, 2.0, 0.126872218394, 94900.0, 577.0, 99463.0
3.0, 0.0, 1.0, -0.96385767431, -1.0, 2.0, 1.0, 1.87234914164, 0.0, 1.0, 3.0, 0.0, 2.0, 0.0, 2.0, 0.777764959864, 0.0, 0.0, 2.97975095962, 1.5737468727, -1.0, 2.0, 2.3909185034, -0.321088591802, 0.0, -1.0, 0.0, 0.0, -1.0, 0.0, -1.0, 0.0, 0.644309725157, -1.0, 1.0, 3.0, 0.0, 2.0, -1.0, -1.0, -1.0, 3.0, 0.779879870393, 2.18198938711, 2.0, 2.0, -1.0, 1.0, 1.0, 2.254481013, 95189.0, 552.0, 99475.0
1.0, 2.0, 1.40334096994, 3.0, 0.0, 3.0, 3.0, 2.0, 3.0, 2.0, 1.0, 0.0, 0.0, 1.0, -0.341088076439, 1.0, -1.0, 1.0, 2.0, 3.0, 1.0, 0.575828437531, 0.0, 2.98288242225, 0.0, 1.0, 2.0, -1.0, -1.0, 0.807555041991, 3.0, 0.0, 1.0, 2.0, 1.0, 0.0, 3.0, 1.0, -1.0, 2.0, 2.0, 0.791385268391, 0.0, 2.15990722293, 1.0, 0.0, 3.0, 0.0, 2.0, 2.0, 94594.0, 650.0, 99387.0
3.0, 1.0, 2.0, 0.0, 3.0, 2.0, 2.0, 3.0, 2.0, 1.0, 3.0, 0.0, 1.0, 1.0, 1.0, 2.0, 1.0, 1.0, 0.0, 2.0, 2.92473603071, 3.0, 2.06142440142, 2.0, -1.0, 0.0, 3.0, 3.0, 2.0, 1.0, -0.0689741732127, 1.0, 2.87876473055, 2.98291852067, 2.0, 1.0, 0.0, 0.0, 2.0, -0.46605825567, 3.0, 1.0, -1.0, 0.0, 1.0, 0.0, 2.0, 3.0, 2.0, -1.0, 94824.0, 667.0, 99386.0
-1.0, -0.0912935643509, 1.55570444949, 0.0, 2.99166140097, 0.0, 0.0, 2.0, 2.60977422686, 1.0, 2.0, -1.0, -0.340350195871, 2.0, -1.0, 1.3423460599, 1.0, 2.0, -0.902445833215, -1.0, 1.14052430128, 1.30009451095, 2.0, 1.45316926819, 1.0, -0.545797811061, -1.0, 1.15460566124, 1.0, -1.0, 0.0, 2.0, 3.0, -0.377118226873, 0.0, 2.0, 2.26192986674, 0.0, 3.0, 1.0, 0.479503027588, 0.0, 0.471111538847, 0.679914750456, 1.26010441457, 3.0, 3.0, -0.279009103662, -1.0, 1.96344564384, 94888.0, 569.0, 99464.0
-1.0, 1.0, 2.0, 1.0, -0.980726236861, 3.0, 3.0, -1.0, 1.0, 3.0, 3.0, 3.0, 2.85268644624, 1.0, 1.0, 0.0, 1.0, 3.0, 2.0, 1.0, 0.0, 2.0, 0.0, 2.69136405242, 2.0, 0.0, 1.0, 1.0, 2.0, -1.0, 0.0, 2.0, 1.0, -1.0, 1.0, 3.0, 0.0, 2.0, 1.34784097894, 3.0, 2.0, 3.0, 0.0, 1.0, 2.0, 0.0, 3.0, 2.0, 2.0, 1.2748834615, 95071.0, 639.0, 99402.0
2.0, 2.0, 1.64143018207, 0.277169715327, 1.51282964629, 1.0, 0.0, 1.0, 3.0, 2.68721600255, -1.0, -1.0, -0.38299042728, 2.0, 1.91671166493, 0.0, 1.0, 2.62953080208, 3.0, 2.0, 2.59131333697, 1.0, -1.0, 1.16761215927, 0.0, 0.0649129886174, 1.0, 1.0, 2.96784646098, -1.0, 0.941527966855, -0.61765744037, 0.0, 1.0, 0.0, 1.0, 0.0941001617058, 2.0, -1.0, 0.866353017052, 3.0, 2.0, -0.25673670517, 0.0, -0.4643130956, 0.0426790616846, 1.0, 1.37014856101, 3.0, -1.0, 94647.0, 611.0, 99432.0
-1.0, 3.0, 0.0, 1.73970884706, 1.0, -1.0, 2.0, 0.0, 1.0, 1.49152659071, -1.0, 1.0, -1.0, 2.0, 0.0, 1.0, 0.0, 2.0, -1.0, 0.0, 3.0, -0.0279298727871, 2.0, 3.0, -1.0, 1.0, 2.0, 0.0, 1.0, 1.0, 1.0, 0.0, 3.0, -1.0, 0.0, 3.0, 0.0, 3.0, -1.0, -1.0, 0.0, 1.0, -1.0, 2.0, 1.0, 1.0, -1.0, 2.0, -1.0, 1.0, 95490.0, 522.0, 99503.0
2.0, 2.0, 1.0, 0.277169715327, 1.51282964629, 1.0, 0.0, 1.0, 3.0, 2.68721600255, -1.0, -1.0, -0.38299042728, 2.0, 2.0, 0.0, 1.0, 2.62953080208, 3.0, 2.0, 2.43309071973, 1.0, -1.0, 2.0, 0.0, 0.0649129886174, 1.0, 1.0, 2.96784646098, -1.0, 3.0, -0.61765744037, 0.0, 1.0, 0.0, 1.0, 0.0941001617058, 2.0, -1.0, 0.866353017052, 3.0, 2.0, -0.25673670517, 0.0, -0.4643130956, 0.0426790616846, 1.0, 0.0, 3.0, -1.0, 94665.0, 611.0, 99432.0
0.0, 3.0, 3.0, 1.0, 3.0, 1.0, 0.0, -0.596589752196, 2.0, 2.0, 0.0, -1.0, 1.0, 1.0, 3.0, 0.0, -1.0, -1.0, 3.0, 1.02696261157, 0.0, 3.0, 0.0, 1.0, 3.0, 1.0, -1.0, 1.0, -1.0, 0.0, 0.0, 2.0, 3.0, 3.0, 1.0, 2.0, 1.0, -0.18813526454, 2.0, 3.0, 2.0, -1.0, 0.0, 1.0, 0.0, 3.0, 0.0, 0.0, 2.0, 1.0, 94817.0, 618.0, 99428.0
0.0, 0.0, 0.925933148114, 0.0, 2.0, 0.0, 0.0, 1.0, 2.0, 3.0, -1.0, 3.0, 1.0, 2.11077044681, 3.0, 1.0, 0.0, -1.0, 1.0, 2.0, 3.0, 1.0, 3.0, 2.0, 1.0, 1.0, 0.0, 1.0, 3.0, -1.0, -1.0, 2.0, 1.0, -1.0, 0.0, 0.0, 2.0, 3.0, -1.0, 0.0, 3.0, -1.0, 2.0, 0.0, 2.0, 2.0, 0.0, 1.0, 1.0, 1.0, 94651.0, 626.0, 99421.0
-1.0, 1.0, 1.0, 3.0, 1.13047661584, 1.0, 2.0, 0.0, 1.74182929856, 1.0, 3.0, 2.0, 2.0, 2.72172901609, 0.0, 3.0, -1.0, 3.0, 1.0, 0.0, 2.0, 1.0, -1.0, 2.0, 2.0, 1.0, 0.144807912951, 1.0, 0.31271991272, 3.0, -0.12127730003, 3.0, -1.0, 3.0, 1.0, -1.0, -1.0, 1.26131617395, 1.54064270055, 1.57417973105, 3.0, 1.0, 2.74366837833, 0.0, 0.0, 1.0, 0.0, 1.0, -0.607058822829, 2.0, 94949.0, 615.0, 99420.0
3.0, 1.0, 3.0, -0.305996882477, 1.0, 2.0, 1.31469042402, 1.0, 2.0, 3.0, 1.0, 2.13089818438, 1.0, 3.0, 0.421432170253, 1.0, 0.0, 0.0, 2.0, 2.0, 0.0, 2.0, 2.0, 2.0, -0.00609329926544, 2.0, 1.0, -1.0, 0.0, 3.0, 0.0, 1.0, 3.0, 0.0, 0.565099836119, -0.638355961605, 1.0, 0.0, 2.54321585695, 2.0, 2.0, 0.0, 0.0, 2.0, 2.0, 2.9859317414, -1.0, 3.0, -0.613302831357, 2.14706413417, 94815.0, 656.0, 99388.0
0.0, 2.0, 1.0, 2.0, -1.0, 0.0, -1.0, 2.7653954301, -0.774884987554, 0.0, -1.0, -0.242398545392, 0.253255215164, -0.986411515164, 1.29990865556, -1.0, -1.0, 2.0, 3.0, 0.0, 1.75585178817, 1.0, 0.0, 3.0, 1.0, -1.0, -0.977010135179, -1.0, 2.0, 0.0, -1.0, 0.676089922139, 3.0, 1.0, -0.4762101541, 2.0, 0.464450726177, -1.0, -0.313816410533, 1.0, 2.0, 3.0, -0.86733356836, 2.13351391114, 3.0, 1.0, 1.0, 2.0, 0.0, 0.0, 95526.0, 531.0, 99501.0
1.8323887635, 2.0, 1.25041753489, -1.0, 1.0, 2.25011002973, 1.0, 0.0, 0.0, 0.0, -1.0, 1.0, -1.0, 2.74545024704, 2.0, 0.0, 1.0, 2.0, -1.0, 3.0, -1.0, -1.0, 0.302705565107, 0.0, 2.0, 0.0, -1.0, 3.0, -0.0114420482752, 1.0, 1.3049147886, 0.516644805484, 0.0, 0.516684931641, 0.0, 0.0, 2.0, 0.0, -0.395931677809, -1.0, 1.0, 0.0, 0.0, -1.0, 0.0, 0.339253351503, 2.0, 2.0, 3.0, 3.0, 94842.0, 581.0, 99476.0
0.0, 3.0, 3.0, 1.0, 3.0, 1.0, 0.0, -0.596589752196, 2.0, 2.0, 0.0, -1.0, 1.0, 1.0, 3.0, -0.140295112302, -1.0, -1.0, 3.0, 1.02696261157, 0.0, 3.0, 0.0, 1.0, 3.0, 1.0, -1.0, 1.0, -1.0, 0.0, 0.0, 2.0, 3.0, 3.0, 1.0, 2.0, 1.0, -0.18813526454, 2.0, 3.0, 2.0, -1.0, 0.0, 1.0, 0.0, 3.0, 0.0, 0.0, 2.0, 1.0, 94817.0, 618.0, 99428.0
2.0, 2.0, 1.0, 1.0, 1.51282964629, 1.0, 0.0, 1.0, 3.0, 0.0, -1.0, -1.0, -0.38299042728, 2.0, 2.0, 0.0, 1.0, 2.0, 3.0, 2.0, 2.43309071973, 1.0, -1.0, 2.0, 0.0, 0.0649129886174, 1.0, 1.0, 2.0, -1.0, 3.0, -0.61765744037, 0.0, 1.0, 0.0, 1.0, -1.0, 2.0, -1.0, 0.0, 3.0, 2.0, 0.0, 0.0, 0.0, 0.0, 1.0, 0.0, 3.0, -1.0, 94648.0, 600.0, 99440.0
2.0, 0.0, 1.0, 2.0, 0.0, 0.0, 2.0, 3.0, 1.0, 0.0, 1.0, 3.0, 1.0, 0.0, 2.0, 0.0, -1.0, 0.0, 3.0, 1.27487208618, -1.0, 3.0, 2.0, 0.0, 2.0, -1.0, 0.0, 2.0, -1.0, 1.0, 1.0, 2.0, 3.0, -1.0, 0.0, 3.0, 1.0, 0.0, 2.0, 3.0, -0.0583030834959, 0.0, 3.0, 1.0, 1.0637095607, 1.0, 0.0, 1.0, 2.0, 2.0, 94394.0, 645.0, 99394.0
