1.28305773549, 1.12049446069, 0.957584786726, 0.813076236894, 3.32349861257, 1.13390418089, 5.95427249667, 1.19716783492, 1.06305782157, 1.2693555906, 6.74932275185, 1.03687866494, 3.22395956804, 1.01181838565, 0.962973728596, 1.29879524943, 1.03248506239, 1.07236069854, 9.96275203853, 1.01989639678, 0.988007762402, 316.875672392, 1.10292367773, 3.24810859052, 0.976931623118, 3.7012327649, 1.29201741944, 19.5459642268, 9.04574963964, 20.1616261068, 1.07238605898
3.16685922913, 1.02474181348, 1.39668755567, 0.977211959969, 1.55910244216, 1.00985942424, 1.32112517785, 1.11129917709, 1.01317884515, 3.84146874281, 2.95177405432, 0.903418601267, 3.74160497969, 1.1300971988, 0.982807259309, 1.401334124, 1.11608332701, 1.21258014152, 3.21946487665, 0.960636923986, 0.782147067178, 414.485089862, 0.93868975525, 3.50870841597, 1.19444726632, 1.88691407187, 0.984965868188, 35.3068578939, 15.2393202039, 184.904212516, 0.268096514745
3.60244314807, 1.02477501024, 1.33710952915, 1.05684984222, 6.68050645818, 0.984637098285, 4.23444571468, 0.918454771715, 0.922679045256, 4.89018645307, 6.69164963482, 0.903683877843, 4.8619135194, 1.04565395741, 0.916944787474, 1.21204249622, 1.01142241259, 1.2267369631, 9.77977715155, 0.948990313798, 0.899172132085, 17.4241283697, 0.843883043237, 2.60461190854, 1.05146226697, 2.45438701128, 1.16704256901, 103.69635843, 15.0937484112, 677.062343063, 0.536193029491
3.60244314807, 1.02477501024, 1.33710952915, 1.05684984222, 6.68050645818, 0.984637098285, 4.23444571468, 0.918454771715, 0.933241654608, 4.89018645307, 6.69164963482, 0.903683877843, 4.8619135194, 1.04565395741, 0.916944787474, 1.18880537835, 1.01451814024, 1.2267369631, 9.78246650689, 0.948990313798, 0.899172132085, 17.4241283697, 0.942711215396, 2.60461190854, 1.05146226697, 2.45438701128, 1.16704256901, 24.4267660862, 7.89243757312, 160.386899113, 3.21715817694
2.71192199515, 1.38251457121, 1.36273933827, 1.19745519223, 1.96641645988, 1.12408599067, 5.63536629332, 0.939662935198, 0.954699776172, 1.49038397424, 5.38445369272, 0.830903908664, 1.39333924569, 0.869933108978, 0.794399209587, 1.07869957887, 1.07044427988, 1.22903630594, 3.47082922063, 1.07835144185, 0.788257824172, 19.9280716687, 1.18518789762, 2.53979137769, 1.05096840719, 2.2596749258, 1.29330339356, 22.270937159, 6.72425771457, 24.2344878859, 5.36193029491
3.16685922913, 1.02474181348, 1.39668755567, 0.977211959969, 1.55910244216, 1.00985942424, 1.32112517785, 1.11129917709, 1.01317884515, 3.84146874281, 2.95177405432, 0.903418601267, 3.74160497969, 1.1300971988, 0.982807259309, 1.59555533576, 1.11608332701, 1.21258014152, 3.21946487665, 0.960636923986, 0.782147067178, 414.485089862, 1.10012071438, 3.50870841597, 1.19444726632, 1.88691407187, 0.984965868188, 128.312781806, 21.9754357923, 308.07877613, 0.0
2.00605723548, 1.42945474773, 0.765990778395, 0.969347323761, 4.5644896465, 0.92908792152, 1.62097345043, 1.14823823724, 0.908053955042, 3.48671830027, 3.2331489136, 1.18185298299, 3.32316458168, 1.18101011455, 1.03544352988, 1.07869957887, 1.00672415508, 1.06061267614, 9.55965426713, 0.945781500223, 0.912398865522, 71.1654244332, 0.850860093116, 5.04693634941, 1.03366187811, 2.89871751841, 1.04771736693, 295.123322412, 20.7401373767, 295.80860824, 0.0
3.56555778322, 1.41434543843, 1.54528303031, 0.853501458675, 5.33930877594, 0.814527226632, 1.55225808736, 1.04162078369, 0.933640691212, 2.89725063993, 2.52011072297, 0.928665603847, 3.24609132932, 1.01043065131, 0.843051558745, 1.09096949245, 1.04880630689, 0.937934264891, 4.90264499035, 1.03724980054, 0.949030652274, 210.689512002, 1.00752415781, 5.16740929125, 1.03863186389, 4.78349817101, 0.872331727648, 51.6345107622, 8.32297909181, 135.310039408, 2.14477211796
1.59535307724, 1.03387265911, 0.856265059242, 1.05444831439, 3.430107793, 0.979646882486, 1.43971780679, 0.872953378054, 1.01399616218, 2.89725063993, 4.06891231911, 1.17891246521, 3.68913258923, 1.06796021161, 0.802534889757, 1.0930262038, 1.12167649277, 0.937934264891, 5.70900085504, 0.929166705644, 0.99968417799, 407.476294056, 1.05513995873, 1.92438963767, 1.15491234686, 3.21624615566, 1.15032843719, 23.1387910752, 6.85905768162, 171.026755568, 5.36193029491
4.23848638436, 1.0558699784, 1.5391850816, 1.10176158745, 4.0565052631, 0.875540579243, 5.29086737915, 0.862631261236, 1.12464265838, 3.78542641476, 5.74092367475, 1.00016516421, 1.86842892347, 1.1300971988, 1.04300779524, 1.14852252378, 1.03470437069, 1.15327005716, 8.23758661445, 1.17989064267, 0.874944780296, 136.474363668, 1.09843865013, 4.27560484594, 1.18596921427, 5.11862575472, 1.29330339356, 43.2034354018, 8.33122296971, 159.526037535, 6.16621983914
1.40490555154, 1.04473770539, 1.64432705877, 1.0903174136, 4.45509893491, 1.1703120242, 3.82171432914, 1.02540980446, 1.12596701172, 2.63127423724, 4.46465661163, 1.07870696512, 4.53318463394, 0.907224854079, 0.805808696539, 1.34602047279, 1.11338342057, 1.20629804886, 9.53570342562, 1.03098056905, 0.855232173887, 100.501517711, 0.881085506367, 4.74578310905, 1.0754979548, 4.25575011963, 1.2041991155, 330.267063193, 21.3542715348, 2005.39499963, 0.0
1.35743067143, 1.13647412138, 1.09081630657, 1.10992188486, 2.50941603891, 1.00707267819, 5.37673693401, 1.19692581359, 1.01821492366, 5.04514404654, 6.60522901272, 0.95943728743, 2.21006761016, 1.04227014833, 1.05806976162, 1.37698236494, 1.12212367606, 0.910552611523, 5.16566231328, 1.05218744415, 0.848655051613, 143.545703745, 0.942680462654, 4.79623229718, 1.03901972708, 2.70658533601, 1.02056017225, 47.1324109087, 9.81803801794, 29.6410109021, 1.07238605898
1.53443737806, 1.02477501024, 0.838547511972, 1.05684984222, 7.03436822193, 0.984637098285, 4.23444571468, 0.959185146169, 1.03180716409, 4.89018645307, 7.04094904463, 0.903683877843, 4.8619135194, 1.10334013992, 0.835702011647, 1.15186884239, 1.03348910126, 1.2267369631, 9.78246650689, 0.948990313798, 0.899172132085, 17.4241283697, 0.957757678698, 2.60461190854, 1.05146226697, 2.45438701128, 1.16704256901, 23.903404, 13.3717665622, 286.811049884, 1.60857908847
1.36970707731, 1.13647412138, 1.20208766819, 0.895339062565, 3.69183761966, 1.07117025112, 2.27406904921, 1.02946425747, 1.10516753696, 5.20631979208, 4.59440169649, 0.941619235875, 3.98083714844, 1.08095864379, 1.01268866261, 1.35453324973, 1.15351621058, 1.08174856035, 7.36331945628, 1.1665007137, 0.990862195836, 404.018251584, 0.977830545184, 5.96697123255, 1.16637750853, 5.44523888201, 1.06075634483, 193.717795772, 26.2284519674, 1925.9339601, 0.0
3.60244314807, 1.01819058547, 1.33710952915, 1.05684984222, 6.68050645818, 0.984637098285, 4.23444571468, 0.857095297609, 0.922679045256, 4.89018645307, 6.69164963482, 0.903683877843, 4.86493548736, 0.862532488597, 0.916944787474, 1.21204249622, 1.01451814024, 1.22946281083, 9.78246650689, 1.12077055649, 0.899172132085, 142.056171015, 0.96250882653, 2.97324987056, 1.05146226697, 2.27815308024, 1.12127365084, 225.639687432, 26.6785090609, 584.570048087, 0.0
4.63467724587, 1.09155388311, 1.28442455431, 1.15561431685, 4.85358523205, 0.985703981439, 1.02730815648, 0.9324050143, 0.903501617996, 5.84477795409, 2.39117275674, 0.819262294066, 4.87444197161, 1.22567918773, 0.943799683106, 1.3245638539, 1.00747098488, 0.946889676565, 6.6379290516, 1.08828917069, 0.926065341922, 102.961614576, 1.19210931593, 3.08740681729, 1.01685612195, 5.46619900627, 1.21864844834, 122.498148224, 15.7613728054, 431.911630577, 0.804289544236
1.53443737806, 1.10983275009, 1.33710952915, 1.05684984222, 7.02697511161, 0.984637098285, 4.23444571468, 0.959185146169, 0.922679045256, 4.89018645307, 5.81620307582, 0.903683877843, 3.81739223521, 1.10334013992, 0.835702011647, 1.29299010361, 1.06459307815, 1.2267369631, 7.77328387514, 0.948990313798, 0.768703970469, 17.4241283697, 0.843883043237, 2.60461190854, 1.05146226697, 2.09799919183, 1.16704256901, 208.055627075, 15.7348373254, 527.895494614, 0.804289544236
4.78443708698, 1.16678244888, 1.64740057797, 0.808506477261, 2.2086058411, 1.03206098567, 2.89255791753, 1.1222646054, 0.950367654678, 4.83524835373, 4.4961725516, 0.885178592604, 3.77875083991, 1.24106417968, 1.07265052471, 1.27066986601, 1.16969969403, 1.15841050807, 3.22645268774, 1.1587948217, 0.766458709351, 152.05565923, 1.11058190769, 4.24579535154, 1.05873191201, 2.05032656128, 1.07129209689, 205.946299295, 19.0945190214, 465.178201592, 0.804289544236
4.78443708698, 1.16678244888, 1.64740057797, 0.802925192632, 2.2086058411, 1.03206098567, 2.89255791753, 1.1222646054, 0.950367654678, 4.83524835373, 4.4961725516, 0.885178592604, 3.77875083991, 1.24106417968, 1.07265052471, 1.27066986601, 1.16969969403, 1.15841050807, 3.22645268774, 1.1587948217, 0.766458709351, 152.05565923, 1.11058190769, 4.24579535154, 1.05873191201, 2.05032656128, 1.07129209689, 265.96396177, 27.0604210853, 1839.18399363, 0.0
5.53455527322, 1.34291206535, 1.7259907133, 0.956746718375, 2.01008209519, 0.959315447073, 2.49964661993, 0.873469103819, 0.921480710453, 1.31156139898, 2.8781907561, 1.20093714839, 2.58174394101, 1.10737051578, 0.985230127993, 1.47213314418, 1.08887691876, 0.928279853985, 8.99752406461, 1.17670481465, 0.796959677226, 126.073014461, 0.940313884231, 5.54324014519, 1.16777719589, 1.47480073743, 1.02426080798, 289.665539065, 27.8935137646, 875.230625115, 0.0
2.71192199515, 1.38251457121, 1.59803590445, 0.809381987556, 3.87991109731, 0.957585970761, 5.29086737915, 0.837555234945, 0.954699776172, 1.3485546209, 5.38445369272, 0.912134454838, 1.39333924569, 0.869933108978, 0.794399209587, 1.14485247707, 1.07044427988, 1.22672224438, 4.77707304208, 1.07835144185, 0.788257824172, 19.9280716687, 1.18518789762, 2.53979137769, 1.01900119237, 2.2596749258, 1.29330339356, 112.346107147, 10.5985919034, 54.3059434817, 4.55764075067
5.53455527322, 1.34291206535, 1.7259907133, 0.956746718375, 2.01008209519, 1.03397027715, 2.49964661993, 0.873469103819, 0.921480710453, 1.31156139898, 2.8781907561, 1.20093714839, 2.58174394101, 1.10737051578, 0.985230127993, 1.47213314418, 1.08887691876, 0.928279853985, 8.14795173749, 1.17670481465, 0.796959677226, 126.073014461, 1.10866381692, 5.54324014519, 1.16777719589, 1.47480073743, 1.02426080798, 363.804524182, 15.0827288602, 1571.47864471, 1.07238605898
5.58778047408, 1.35246674772, 1.69547637984, 0.858134138184, 1.43795909856, 0.768893049865, 2.18634820839, 1.10365198791, 1.08028677864, 2.33596623558, 6.16530924875, 1.00702997463, 1.30210465185, 0.849785888467, 1.06643998788, 1.36404892704, 1.0314672286, 1.21196984105, 5.83723538784, 1.05604700801, 0.860674177387, 208.23823256, 1.01051334047, 1.22392986012, 1.17307142162, 3.15478469651, 1.27868609642, 107.858654042, 15.7442656144, 100.415551776, 3.75335120643
3.78185219767, 1.36669505488, 1.21293779365, 0.970394576365, 7.03436822193, 0.763348571606, 4.92053278997, 1.1850929271, 1.04479426758, 2.89870515865, 6.06114232037, 1.21753421715, 4.48108310533, 0.910662975637, 0.923460778923, 1.5106462691, 1.14990646336, 0.950233805525, 7.4646923296, 1.00007911651, 0.958860235024, 126.53415286, 0.956058414142, 2.42183796738, 1.12266676333, 2.45438701128, 1.28800551546, 67.1423232028, 10.9836110965, 311.999553125, 1.60857908847
1.21069687707, 1.00231804199, 1.59324213695, 1.04498552825, 5.38593944585, 1.04041336537, 4.38303281494, 1.16234882356, 1.00067764901, 2.379963149, 1.85542809842, 1.15877455895, 5.05388069752, 0.982599807472, 1.01775428909, 1.5727226257, 1.1043332148, 1.16791449346, 8.89092951266, 1.11353837099, 0.879968455662, 139.065961147, 1.04393371145, 2.08799597015, 1.14651748526, 4.52195017272, 1.27881907734, 119.455696091, 12.6733959011, 112.661855008, 1.60857908847
1.89802467398, 1.08453068677, 1.03421819749, 1.05450355989, 7.05820334527, 0.928277046571, 1.64393010697, 1.11129917709, 1.0386611292, 1.97493842937, 2.06936710085, 0.947974844891, 4.73257910818, 1.176456256, 0.952752803909, 1.11602030635, 1.09985477373, 1.11967010446, 8.07125619538, 1.0547401853, 0.815753109887, 126.467994408, 1.14861109135, 5.80488898348, 0.981160064735, 4.67610762269, 1.27057712319, 81.1174229301, 14.5676423375, 667.053462032, 1.34048257373
4.23848638436, 1.0558699784, 1.5391850816, 1.10762151124, 4.0565052631, 0.875540579243, 2.13143382074, 0.862631261236, 1.12464265838, 3.78542641476, 5.74092367475, 0.960515729555, 1.86842892347, 1.11833987073, 0.928513644443, 1.14852252378, 1.03470437069, 1.15327005716, 8.23758661445, 1.17989064267, 0.934286031704, 136.474363668, 1.09843865013, 4.18073151652, 1.18596921427, 5.11862575472, 1.29718350896, 131.877167263, 21.7093149032, 730.027182213, 0.536193029491
1.53443737806, 1.02477501024, 1.33710952915, 1.05684984222, 7.02697511161, 0.984637098285, 4.23444571468, 0.959185146169, 0.922679045256, 4.89018645307, 5.81620307582, 0.903683877843, 3.81739223521, 1.10334013992, 0.835702011647, 1.29299010361, 1.01451814024, 1.2267369631, 9.78246650689, 0.948990313798, 0.768703970469, 17.4241283697, 0.843883043237, 2.60461190854, 1.05146226697, 2.09799919183, 1.16704256901, 220.535430754, 20.2875674478, 3091.06241306, 0.536193029491
2.00605723548, 1.42945474773, 1.65821207187, 0.969347323761, 4.5644896465, 0.92908792152, 1.62097345043, 1.14823823724, 0.908053955042, 3.48671830027, 3.2331489136, 1.18185298299, 3.22395956804, 1.18101011455, 1.03544352988, 1.15186884239, 1.1337446577, 1.06061267614, 9.55965426713, 0.936646527524, 0.912398865522, 71.1654244332, 0.850860093116, 5.70135496609, 1.0525584595, 2.89871751841, 1.04771736693, 48.6879377864, 12.3437623847, 572.01493616, 2.41286863271
2.14115074935, 1.102895122, 1.1056323728, 1.06055918729, 1.45048038558, 0.932164103342, 5.8494253146, 1.06942844941, 0.988369832106, 2.3214054586, 5.70456878242, 1.10201068292, 1.02203659964, 1.03891192174, 0.795117713952, 1.59555533576, 1.08156142573, 1.08948584723, 7.57542320896, 0.956465957243, 0.948775097901, 278.300958814, 0.881651716369, 5.18165085844, 1.18498412983, 5.3358029675, 1.2832232059, 414.948778952, 24.4708319096, 1845.5563898, 0.0
4.25943656407, 1.27760071635, 1.54234644167, 0.855900353396, 2.24454221565, 0.829236670643, 1.13614391115, 0.826282199074, 1.13965905237, 4.81998065001, 2.54252538897, 1.06333558859, 4.91811997738, 0.976532028186, 0.974974511164, 1.35845815844, 1.09508177011, 0.877795248539, 3.52097828611, 0.962691588952, 0.898798382199, 348.500466568, 1.13451807083, 1.1910382134, 1.16927098078, 2.26194057055, 1.05643644338, 178.674542368, 15.1659921289, 264.165365959, 1.87667560322
5.65431893723, 1.18362366054, 1.6501982955, 0.994170695232, 3.02720949061, 1.03552557458, 4.92502421007, 1.03603326506, 1.07646472404, 5.24158903112, 6.73635879622, 0.847213708107, 1.88476555683, 0.954116755072, 0.858210496252, 1.5548404899, 1.00367775589, 0.912127244996, 4.84107983794, 1.17525456026, 0.975391853535, 198.042867584, 1.11217970886, 4.06541765727, 0.968597813345, 2.89871751841, 1.15195583708, 205.51573442, 18.8999897844, 799.558526133, 0.804289544236
5.42743526509, 1.32422281596, 0.956793276592, 1.00650201961, 2.65379347184, 0.742738714206, 3.56473484936, 1.22476610252, 0.966799604216, 4.09070634037, 7.06852594009, 1.21276257086, 2.60905504742, 1.26980219086, 0.950424608826, 1.38099732578, 1.06992422674, 1.00655908531, 4.17095158824, 0.926826808829, 0.785403918929, 88.6126573395, 0.949429421555, 1.30034681095, 0.973408692145, 1.61658366338, 1.1494548708, 394.305175577, 23.5969627464, 4316.01765622, 0.0
3.75280624949, 1.08851290056, 1.58925005543, 1.20226613533, 3.52501254002, 1.12686882095, 2.44531379099, 1.00410109686, 1.06065353432, 3.60223569971, 7.31743631474, 0.8167680343, 4.69710696805, 1.18298188723, 1.08199881815, 1.29406615917, 1.07444637283, 1.11114290287, 4.12220054719, 0.987980297101, 0.852138212827, 227.696381778, 0.876684614105, 1.84596530129, 1.03744667967, 4.46539783755, 1.23698235455, 464.937018922, 24.0507475832, 2025.75643441, 0.0
5.27776075806, 1.0558699784, 1.5391850816, 1.10176158745, 4.0565052631, 0.875540579243, 2.13143382074, 0.862631261236, 1.12464265838, 3.78542641476, 5.74092367475, 1.00016516421, 1.94227643836, 1.1300971988, 0.928513644443, 1.14852252378, 1.02401101117, 1.15327005716, 3.93489622157, 1.17989064267, 0.934286031704, 136.474363668, 0.921431262856, 4.18073151652, 1.18596921427, 5.11862575472, 1.29718350896, 53.3012771156, 17.060084592, 291.436526419, 1.34048257373
1.82766031801, 1.17335294959, 0.7679926435, 1.06265827057, 5.83158794181, 1.10722088886, 2.35976909774, 1.05724367096, 1.13568906945, 4.88581255199, 5.76979494723, 0.845558215836, 3.56664659114, 1.27391340829, 1.02829251367, 1.52055438089, 1.08687860018, 1.00994039382, 6.83622347044, 1.01544373817, 0.846068014216, 53.7317108497, 1.05407339461, 1.30840664459, 1.21479204275, 2.08000788987, 1.2134210692, 663.939715176, 36.2584844157, 384.173673573, 0.536193029491
3.75280624949, 1.02112846537, 1.58925005543, 1.21383673388, 3.52501254002, 1.12686882095, 3.24986660271, 1.00410109686, 1.06065353432, 3.60223569971, 7.45461914038, 0.8167680343, 4.69710696805, 1.18298188723, 1.08199881815, 1.29406615917, 1.07444637283, 1.11114290287, 4.12220054719, 0.987980297101, 0.852138212827, 227.696381778, 0.998529875266, 1.84596530129, 1.03744667967, 4.77188934575, 1.23698235455, 362.466283995, 31.4838299398, 513.811691408, 0.268096514745
5.77550140512, 1.02181706372, 1.59956259591, 1.07570990313, 2.11351781811, 0.985338005822, 5.27783530429, 0.88749326641, 1.11947423971, 4.95599215956, 4.51171897194, 0.898441887835, 1.02374566541, 1.17197113, 0.958094976068, 1.16006255866, 1.14287531496, 1.10546105536, 6.69620483526, 0.995989690566, 0.892021167096, 292.228042493, 0.851235507856, 2.58851933198, 1.12662693536, 3.39928594098, 0.97979172996, 86.4918073886, 11.8934500366, 847.050727355, 2.14477211796
4.23848638436, 1.0558699784, 1.5391850816, 1.10176158745, 4.0565052631, 0.875540579243, 2.13143382074, 0.862631261236, 1.12464265838, 3.78542641476, 5.74092367475, 1.00016516421, 1.86842892347, 1.1300971988, 0.928513644443, 1.14852252378, 1.03470437069, 1.15327005716, 8.23758661445, 1.17989064267, 0.934286031704, 136.474363668, 1.09843865013, 4.18073151652, 1.18596921427, 5.11862575472, 1.29718350896, 631.028832699, 34.0141816314, 991.937369052, 0.0
3.3919936038, 1.31866921332, 0.822254374159, 0.98379550667, 5.9988342047, 0.902329459864, 1.81353578685, 0.896983485248, 0.998423096579, 3.64153086281, 2.50794955529, 0.816882310941, 2.44011515967, 1.12829154849, 1.0010981286, 1.3373201624, 1.07374062732, 1.16914271673, 9.06966822636, 0.978152660372, 0.876856095384, 303.406711685, 0.969015471438, 5.5481143717, 0.955527407694, 4.78334284815, 0.881728912819, 184.726547361, 18.9442788284, 466.414575719, 1.07238605898
5.26193029847, 1.22349490121, 1.01828046412, 1.15500022864, 2.67221088877, 1.12317306776, 2.58332366227, 1.04306497887, 0.934596128631, 1.63316319732, 2.57072280547, 0.990062678342, 4.48108310533, 0.844230471902, 1.02677565433, 1.54682436296, 1.07042590623, 1.05500738119, 7.36394439981, 0.928867058349, 0.876354221131, 195.767663971, 1.15479732329, 2.01857552325, 1.23680525381, 4.61568708374, 1.08448219972, 120.689107268, 15.6792100431, 1492.49751194, 1.07238605898
4.78443708698, 1.16678244888, 1.64740057797, 0.808506477261, 2.2086058411, 1.03206098567, 2.49964661993, 0.873469103819, 0.950367654678, 5.47274716171, 7.10876246003, 0.885178592604, 3.77875083991, 1.24106417968, 0.920686907554, 1.27066986601, 1.16969969403, 1.15841050807, 7.06737714726, 1.1587948217, 0.766458709351, 152.05565923, 1.06726882278, 4.24579535154, 1.05873191201, 2.05032656128, 0.976045116644, 70.0334423353, 13.7383365772, 419.730994718, 2.41286863271
1.75665087454, 1.39061360551, 1.23330228914, 1.17169454515, 6.96152031749, 1.0318718016, 3.53952821242, 0.87488919419, 1.0199388538, 5.98756388844, 3.41323949737, 0.933659623579, 4.78198903325, 1.09456414555, 0.825968063205, 1.11093183501, 1.12568657721, 1.19022610664, 7.75393542962, 1.18459081489, 0.98904065856, 369.317442509, 0.909600705592, 3.56789441276, 1.13031320121, 2.57561329032, 1.16677870629, 82.8859109864, 14.5720107659, 430.972868962, 2.14477211796
2.96336536581, 1.01697288719, 1.65308623089, 1.11675391747, 6.5332620937, 0.726761499385, 5.69036685557, 0.864147060418, 1.10208487914, 6.0042590219, 1.80192017418, 1.01661816333, 1.78339640715, 0.988380665057, 1.07692011119, 1.04562008074, 1.10186070082, 1.09552411635, 6.27661754578, 1.01162638028, 0.778177172897, 85.3906258317, 0.897280869551, 5.6200851463, 1.13045324892, 3.90534097762, 1.19549043329, 150.974872526, 14.0103017409, 538.287401751, 1.60857908847
2.00605723548, 1.42945474773, 0.765990778395, 0.969347323761, 4.5644896465, 0.92908792152, 1.62097345043, 1.14823823724, 0.908053955042, 3.48671830027, 3.2331489136, 1.18185298299, 3.22395956804, 1.18101011455, 1.03544352988, 1.07869957887, 1.01366867143, 1.06061267614, 9.55965426713, 0.936646527524, 0.912398865522, 71.1654244332, 0.850860093116, 5.04693634941, 1.0525584595, 1.12265054339, 1.04771736693, 152.793653048, 17.3939370095, 220.434946233, 2.14477211796
2.14115074935, 1.102895122, 1.1056323728, 1.10627836854, 1.45048038558, 0.932164103342, 5.8494253146, 1.06942844941, 0.988369832106, 2.3214054586, 5.70456878242, 1.10201068292, 1.02203659964, 1.03891192174, 0.795117713952, 1.59555533576, 1.0781998657, 1.08948584723, 7.57542320896, 0.956465957243, 0.948775097901, 278.300958814, 0.881651716369, 5.18165085844, 1.18498412983, 5.3358029675, 1.2832232059, 146.443565928, 12.0712415517, 377.603043909, 5.8981233244
3.60244314807, 1.00449253542, 1.33710952915, 1.05684984222, 6.68050645818, 0.984637098285, 4.23444571468, 0.918454771715, 0.933241654608, 4.89018645307, 6.69164963482, 0.903683877843, 4.86493548736, 1.04565395741, 0.910712277652, 1.18880537835, 1.01451814024, 1.2267369631, 9.78246650689, 0.948990313798, 0.899172132085, 14.1327684326, 0.942711215396, 2.60461190854, 1.05146226697, 2.45438701128, 1.16704256901, 148.677992122, 11.9100836305, 717.289939919, 5.8981233244
3.60244314807, 1.02477501024, 1.33710952915, 1.05684984222, 6.68050645818, 0.984637098285, 4.23444571468, 0.918454771715, 0.922679045256, 4.89018645307, 6.69164963482, 0.903683877843, 4.8619135194, 1.04565395741, 0.916944787474, 1.21204249622, 1.01451814024, 1.2267369631, 9.78246650689, 0.948990313798, 0.899172132085, 17.4241283697, 0.843883043237, 2.60461190854, 1.05146226697, 2.45438701128, 1.16704256901, 146.001267187, 16.6126637921, 304.573037582, 1.60857908847
4.23848638436, 1.0558699784, 1.5391850816, 1.10762151124, 4.0565052631, 0.875540579243, 2.13143382074, 0.862631261236, 1.12464265838, 3.78542641476, 5.74092367475, 0.960515729555, 1.86842892347, 1.11833987073, 0.928513644443, 1.454502838, 1.03470437069, 0.980070173685, 8.23758661445, 1.17989064267, 0.934286031704, 136.474363668, 1.09843865013, 4.18073151652, 1.18596921427, 5.11862575472, 1.29718350896, 125.505564404, 13.0538733522, 471.423761279, 4.28954423592
1.89802467398, 1.08453068677, 1.03421819749, 0.832373872609, 7.05820334527, 0.928277046571, 1.64393010697, 1.11129917709, 1.0386611292, 1.97493842937, 2.45444673197, 0.947974844891, 3.18084648865, 1.176456256, 0.952752803909, 1.11602030635, 1.09985477373, 1.11967010446, 8.07125619538, 1.0547401853, 0.815753109887, 126.467994408, 1.14861109135, 5.80488898348, 0.981160064735, 4.67610762269, 1.27057712319, 159.852489437, 17.4449789609, 1126.89409073, 1.07238605898
3.16685922913, 1.02474181348, 1.39668755567, 0.977211959969, 1.71323816373, 1.00985942424, 1.32112517785, 1.11129917709, 1.01317884515, 3.84146874281, 2.95177405432, 0.903418601267, 3.74160497969, 1.1813448803, 0.982807259309, 1.401334124, 1.11608332701, 1.20503674737, 3.21946487665, 0.960636923986, 0.782147067178, 414.485089862, 0.93868975525, 3.50870841597, 1.19444726632, 1.88691407187, 0.984965868188, 311.418900834, 22.4307328158, 751.56038481, 0.536193029491
5.90070583997, 1.32422281596, 0.956793276592, 1.07362238738, 4.29779534937, 0.742738714206, 3.56473484936, 1.22476610252, 0.964319244062, 4.09070634037, 6.00192782479, 1.21276257086, 2.60905504742, 1.26980219086, 0.950424608826, 1.20524564334, 1.06992422674, 1.00655908531, 3.71426598239, 0.926826808829, 0.785403918929, 88.6126573395, 0.949429421555, 1.30034681095, 0.973408692145, 3.53734697935, 1.1158855824, 296.215899836, 26.5857206993, 873.766710306, 0.536193029491
4.15672576119, 1.34104348276, 1.3143405335, 1.07691372019, 3.02533765519, 1.03232313307, 1.02341425468, 1.05450157971, 1.08336394677, 3.15105158992, 6.82731943958, 1.17891246521, 4.68060926715, 1.27953273271, 0.807033137267, 1.262446571, 1.11246314673, 1.08084551017, 5.82250984384, 1.15406617812, 0.95243628873, 210.689512002, 0.975019119614, 2.49229427903, 1.18129231179, 1.16984894516, 1.13698992927, 302.94752733, 14.3541172235, 453.342333108, 2.14477211796
5.26193029847, 1.22349490121, 1.01828046412, 1.15500022864, 2.67221088877, 1.15262995391, 3.75283647973, 1.04306497887, 0.934596128631, 1.63316319732, 2.57072280547, 1.02518985348, 3.3390816991, 0.844230471902, 1.02677565433, 1.54682436296, 1.07042590623, 1.05500738119, 7.36394439981, 0.928867058349, 0.876354221131, 58.4685330749, 1.15479732329, 5.04557184336, 1.23680525381, 4.61568708374, 1.08448219972, 266.75588252, 29.0570787668, 444.740078929, 1.07238605898
4.63467724587, 1.09155388311, 1.28442455431, 1.15561431685, 4.85358523205, 0.985703981439, 1.02730815648, 0.847691638545, 0.903501617996, 5.84477795409, 2.39117275674, 0.819262294066, 4.87444197161, 1.22567918773, 1.05424736405, 1.36651536762, 1.00747098488, 1.02484031664, 6.6379290516, 1.08828917069, 0.926065341922, 102.961614576, 1.19210931593, 3.08740681729, 1.01685612195, 5.46619900627, 1.21864844834, 219.677127675, 19.2165766327, 293.026417497, 1.60857908847
1.53443737806, 1.02477501024, 1.33710952915, 1.05684984222, 6.68050645818, 0.984637098285, 4.23444571468, 0.959185146169, 0.933241654608, 4.89018645307, 5.81620307582, 0.903683877843, 4.8619135194, 1.10334013992, 0.835702011647, 1.15186884239, 1.01451814024, 1.2267369631, 9.78246650689, 0.948990313798, 0.899172132085, 17.4241283697, 0.843883043237, 2.60461190854, 1.05146226697, 2.45438701128, 1.16704256901, 290.96512261, 28.4967929339, 1104.00541376, 0.536193029491
1.75665087454, 1.39061360551, 1.23330228914, 1.17169454515, 6.96152031749, 1.0318718016, 3.53952821242, 0.882923583, 1.0199388538, 5.98756388844, 3.41323949737, 0.933659623579, 4.78198903325, 1.03317638909, 0.825968063205, 1.11093183501, 1.12568657721, 1.19022610664, 7.75393542962, 1.18459081489, 0.98904065856, 369.317442509, 0.909600705592, 3.56789441276, 1.13031320121, 2.57561329032, 1.16677870629, 152.702101107, 12.2809000968, 1040.54750028, 6.70241286863
2.00605723548, 1.42945474773, 0.765990778395, 0.969347323761, 4.5644896465, 0.92908792152, 1.62097345043, 1.14823823724, 0.908053955042, 3.48671830027, 3.2331489136, 1.18185298299, 3.22395956804, 1.18101011455, 1.03544352988, 1.07869957887, 1.01366867143, 1.06061267614, 9.55965426713, 0.936646527524, 0.912398865522, 71.1654244332, 0.850860093116, 5.04693634941, 1.0525584595, 1.12265054339, 1.04771736693, 236.289609689, 13.457972923, 645.808502468, 4.02144772118
1.53443737806, 1.02477501024, 0.838547511972, 1.05684984222, 7.03436822193, 0.984637098285, 4.23444571468, 0.959185146169, 0.933241654608, 4.89018645307, 3.92170751521, 0.903683877843, 4.8619135194, 1.10334013992, 0.835702011647, 1.15186884239, 1.03348910126, 1.2267369631, 9.78246650689, 0.948990313798, 0.899172132085, 17.4241283697, 0.843883043237, 2.60461190854, 1.05146226697, 2.45438701128, 1.16704256901, 154.513767838, 17.578448721, 688.037735539, 1.34048257373
2.47512809075, 1.07713469825, 1.39470869749, 1.15700167103, 4.73488406916, 0.806933335041, 1.61913825804, 1.22263653826, 1.12062000309, 5.54180395398, 3.13741873597, 0.910388268115, 2.2151308103, 1.05013666543, 0.850926353213, 1.01550442998, 1.01795021315, 0.932532359537, 3.51920275778, 0.992047782523, 0.851016000046, 406.632290202, 0.959893346836, 5.69041350568, 0.998831737761, 2.42812337148, 1.2416494271, 333.424079268, 17.243198176, 1802.1728247, 1.07238605898
5.65431893723, 1.18362366054, 1.6501982955, 0.994170695232, 3.02720949061, 1.03552557458, 4.92502421007, 1.03603326506, 1.07646472404, 5.68233869814, 6.73635879622, 0.847213708107, 4.32794267405, 0.954116755072, 0.858210496252, 1.5548404899, 1.00367775589, 0.912127244996, 4.84107983794, 1.17525456026, 0.975391853535, 198.042867584, 1.11217970886, 4.06541765727, 0.968597813345, 1.14948531926, 1.15195583708, 300.324294686, 17.299866069, 3146.7755054, 1.07238605898
1.53443737806, 1.33722981017, 1.09081630657, 1.10992188486, 7.03436822193, 0.984637098285, 4.23444571468, 0.959185146169, 1.03180716409, 4.89018645307, 7.04094904463, 0.903683877843, 4.8619135194, 1.10334013992, 0.835702011647, 1.15186884239, 1.12212367606, 1.2267369631, 9.78246650689, 0.948990313798, 0.899172132085, 17.4241283697, 0.957757678698, 2.60461190854, 1.05146226697, 2.45438701128, 1.16704256901, 442.70718209, 23.9813556955, 2990.98318845, 0.536193029491
3.56555778322, 1.40847169565, 1.42432997999, 0.829335356022, 5.33930877594, 1.08865293881, 1.55225808736, 1.04162078369, 0.933640691212, 2.32335148596, 2.52011072297, 1.0318040181, 3.24609132932, 0.999010727843, 0.843051558745, 1.1939752141, 1.04880630689, 0.937934264891, 3.92810475934, 0.976091171317, 0.949030652274, 187.445152379, 1.00752415781, 5.16740929125, 1.03863186389, 3.63137347316, 0.872331727648, 186.672504102, 13.7698946812, 1223.70114432, 2.68096514745
2.71192199515, 1.38251457121, 1.59803590445, 0.809381987556, 3.87991109731, 0.957585970761, 5.63536629332, 0.939662935198, 0.954699776172, 1.5111945312, 5.38445369272, 0.912134454838, 1.39333924569, 0.869933108978, 0.794399209587, 1.14485247707, 1.07044427988, 1.22672224438, 4.77707304208, 1.02659833583, 0.788257824172, 19.9280716687, 1.18518789762, 2.53979137769, 1.01900119237, 2.2596749258, 1.29330339356, 241.556240404, 25.5606879717, 890.701854849, 0.804289544236
2.95498942388, 1.0837212962, 1.68338844342, 0.806827082361, 4.03034924288, 1.00149601252, 1.01112721511, 1.18085924125, 0.960397112269, 1.32580726086, 7.46432905252, 0.988994738345, 2.45398358352, 0.861050934893, 1.04767445393, 1.29482573353, 1.02431939119, 1.17971172737, 9.62750655183, 0.949262812133, 0.867631144565, 29.9845669588, 1.04942367325, 4.93164855896, 1.21339993233, 2.77016044142, 1.01114360242, 476.667425404, 23.1400699821, 5163.41885565, 0.536193029491
4.23848638436, 1.0558699784, 1.5391850816, 1.10176158745, 4.0565052631, 0.875540579243, 2.13143382074, 0.862631261236, 1.12464265838, 3.78542641476, 5.74092367475, 1.00016516421, 1.94227643836, 1.1300971988, 0.928513644443, 1.14852252378, 1.02401101117, 1.15327005716, 3.93489622157, 1.17989064267, 0.934286031704, 136.474363668, 0.921431262856, 4.18073151652, 1.18596921427, 5.11862575472, 1.29718350896, 399.617763494, 28.6377837077, 2333.90714319, 0.268096514745
2.33253285437, 1.29458468028, 0.754426861528, 0.878028479577, 4.27833988484, 0.954872430445, 3.10889732737, 1.13485145966, 1.0418555295, 5.18098376132, 2.28256280991, 1.1184558905, 4.29209384255, 1.15776753958, 0.911819764941, 1.20660273406, 1.0658559039, 1.05694386005, 6.0453549688, 1.16781973101, 0.8571254045, 350.551743169, 1.06094969021, 2.16741991092, 1.12057459993, 1.59008226024, 0.990192221473, 920.050726899, 39.7977735294, 1898.51041209, 0.268096514745
2.96336536581, 1.01697288719, 1.65308623089, 1.11675391747, 6.5332620937, 0.726761499385, 5.69036685557, 0.864147060418, 1.10208487914, 6.0042590219, 1.80192017418, 1.01661816333, 1.78339640715, 0.988380665057, 1.07692011119, 1.04562008074, 1.10186070082, 1.09552411635, 6.27661754578, 1.01162638028, 0.778177172897, 85.3906258317, 0.897280869551, 5.6200851463, 1.13045324892, 3.44381738877, 1.19549043329, 700.167602062, 27.744223773, 8100.88990206, 0.0
5.90070583997, 1.32422281596, 0.956793276592, 1.00650201961, 2.65379347184, 0.742738714206, 3.56473484936, 1.22476610252, 0.966799604216, 4.09070634037, 7.60690932322, 1.21276257086, 2.60905504742, 1.26980219086, 0.950424608826, 1.38099732578, 1.06992422674, 1.00655908531, 3.71426598239, 0.926826808829, 0.785403918929, 88.6126573395, 0.949429421555, 1.30034681095, 0.973408692145, 3.53734697935, 1.1158855824, 82.4670281119, 15.3466383681, 1403.07665205, 3.21715817694
1.90763948741, 1.21955938857, 0.806520322337, 1.21198218469, 2.90981141881, 0.924285316753, 2.53806255805, 1.23236255815, 1.09022869445, 4.36600439524, 1.79749974847, 0.89903347692, 1.36042539079, 0.896556437019, 0.926579928425, 1.06963374366, 1.11059320798, 0.825274398192, 3.67633991285, 0.920696950757, 0.765899669105, 118.859495177, 0.848435504141, 5.87801878341, 0.971505643152, 4.65445127091, 0.889724459984, 1027.71398126, 31.7172491682, 2232.68710194, 0.0
4.25943656407, 1.27760071635, 1.54234644167, 0.855900353396, 2.24454221565, 0.829236670643, 1.13614391115, 0.826282199074, 1.13965905237, 4.81998065001, 2.54252538897, 1.06333558859, 4.91811997738, 0.976532028186, 0.974974511164, 1.35845815844, 1.09508177011, 0.90138058416, 3.52097828611, 0.962691588952, 0.898798382199, 348.500466568, 1.13451807083, 1.1910382134, 1.16927098078, 2.26194057055, 1.05643644338, 872.707823535, 30.6209073858, 2364.50684529, 0.0
1.89802467398, 1.08453068677, 1.03421819749, 1.05450355989, 7.05820334527, 0.769672070168, 1.64393010697, 1.11129917709, 1.0386611292, 1.97493842937, 2.06936710085, 0.947974844891, 4.73257910818, 1.26661047409, 0.952752803909, 1.11602030635, 1.16969969403, 1.11967010446, 8.07125619538, 1.0547401853, 0.815753109887, 126.467994408, 1.14861109135, 4.24579535154, 0.981160064735, 4.67610762269, 1.27057712319, 624.788602686, 38.1010195306, 3119.57070554, 0.0
4.15672576119, 1.34104348276, 1.3143405335, 1.20626170595, 4.3404611969, 1.03232313307, 1.02068943843, 1.05450157971, 1.12080068909, 3.15105158992, 4.51171897194, 0.844959608757, 4.68060926715, 1.28586984031, 0.807033137267, 1.262446571, 1.14287531496, 1.08084551017, 6.69620483526, 1.15406617812, 0.95243628873, 210.689512002, 0.975019119614, 2.49229427903, 1.05011336429, 1.10158901929, 0.97979172996, 258.447362848, 14.1060054497, 590.876076853, 4.82573726542
4.15672576119, 1.34104348276, 1.3143405335, 1.07691372019, 3.02533765519, 1.03232313307, 1.02341425468, 1.05450157971, 1.08336394677, 3.15105158992, 6.82731943958, 0.844959608757, 4.68060926715, 1.27953273271, 0.807033137267, 1.262446571, 1.11246314673, 1.08084551017, 5.82250984384, 1.15406617812, 0.95243628873, 210.689512002, 0.975019119614, 2.49229427903, 1.18129231179, 1.16984894516, 1.13698992927, 101.743710131, 21.5637122328, 876.469743998, 2.14477211796
2.00605723548, 1.42945474773, 0.765990778395, 0.969347323761, 4.5644896465, 0.92908792152, 1.62097345043, 1.14823823724, 0.908053955042, 3.48671830027, 3.2331489136, 1.18185298299, 3.32316458168, 1.18101011455, 1.03544352988, 1.07869957887, 1.01366867143, 1.06061267614, 9.55965426713, 0.945781500223, 0.912398865522, 71.1654244332, 0.850860093116, 5.04693634941, 1.0525584595, 2.89871751841, 1.04771736693, 298.42370616, 29.9684343391, 776.277940556, 0.804289544236
5.26193029847, 1.15295140452, 1.01828046412, 1.15500022864, 2.67221088877, 1.15262995391, 3.75283647973, 1.04306497887, 0.934596128631, 1.63316319732, 2.57072280547, 0.990062678342, 3.67743592281, 0.844230471902, 1.02677565433, 1.54682436296, 1.07042590623, 1.05500738119, 7.36394439981, 0.928867058349, 0.876354221131, 58.4685330749, 1.15479732329, 2.01857552325, 1.23680525381, 4.61568708374, 1.08448219972, 1455.31839681, 34.3434063434, 2207.77031168, 0.0
1.02014559086, 1.02474181348, 1.39668755567, 0.960225266664, 1.71323816373, 1.00985942424, 1.32112517785, 1.01519828383, 0.94944481723, 3.84146874281, 2.95177405432, 0.903418601267, 2.08531661169, 1.1813448803, 0.982807259309, 1.401334124, 1.11608332701, 1.20503674737, 3.21946487665, 0.960636923986, 0.782147067178, 414.485089862, 0.978571458791, 3.50870841597, 1.0652453186, 1.88691407187, 0.984965868188, 745.955413819, 37.357337856, 2727.6075939, 0.0
1.89802467398, 1.00231804199, 1.03421819749, 1.05450355989, 7.05820334527, 0.857358429753, 1.64393010697, 1.11129917709, 1.0386611292, 1.97493842937, 2.06936710085, 0.947974844891, 4.73257910818, 1.176456256, 1.06279629347, 1.11602030635, 1.09985477373, 1.11967010446, 8.07125619538, 1.0547401853, 0.815753109887, 126.467994408, 1.14861109135, 5.80488898348, 0.981160064735, 4.67610762269, 1.27057712319, 635.3571627, 38.3916294424, 2990.24497145, 0.0
5.53455527322, 1.41042182106, 1.59803590445, 0.956746718375, 2.01008209519, 1.03397027715, 3.29808875638, 0.873469103819, 0.921480710453, 2.79761930215, 2.8781907561, 1.20093714839, 1.51568942096, 1.10737051578, 0.985230127993, 1.52202782595, 1.08887691876, 0.928279853985, 8.14795173749, 1.17670481465, 0.796959677226, 126.073014461, 1.10866381692, 5.54324014519, 1.16777719589, 1.47480073743, 1.02426080798, 227.083498488, 14.4282273379, 607.301160429, 6.70241286863
3.56555778322, 1.41434543843, 1.42432997999, 0.829335356022, 5.33930877594, 1.08865293881, 1.55225808736, 1.04162078369, 0.933640691212, 2.89725063993, 2.52011072297, 1.0318040181, 3.97155997133, 0.999010727843, 0.926627548515, 1.09096949245, 1.04880630689, 0.937934264891, 3.92810475934, 1.03724980054, 0.949030652274, 187.445152379, 1.00752415781, 5.16740929125, 1.03863186389, 3.63137347316, 0.872331727648, 905.510654597, 24.2176250053, 3266.16420826, 0.536193029491
5.26193029847, 1.15295140452, 1.01828046412, 1.15500022864, 2.67221088877, 1.15262995391, 3.75283647973, 1.04306497887, 0.934596128631, 1.63316319732, 2.57072280547, 0.990062678342, 3.67743592281, 0.844230471902, 1.02677565433, 1.54682436296, 1.07042590623, 1.05500738119, 7.36394439981, 0.928867058349, 0.876354221131, 58.4685330749, 1.15479732329, 2.01857552325, 1.23680525381, 4.61568708374, 1.08448219972, 591.000276784, 35.7624308969, 1821.0227787, 0.536193029491
2.39633855308, 1.00231804199, 1.59324213695, 1.18004242098, 5.38593944585, 1.04041336537, 4.05099015018, 1.16234882356, 1.00067764901, 2.379963149, 1.68012514388, 0.97256918552, 5.05388069752, 1.28635632151, 1.01775428909, 1.45579916381, 1.1043332148, 0.971990329605, 7.87861012101, 1.11353837099, 0.880572971324, 96.2294729818, 1.04393371145, 2.08799597015, 1.16475559984, 3.56887449455, 1.27086286125, 1275.49026678, 35.3636321338, 2540.56421703, 0.0
1.02014559086, 1.34104348276, 1.3143405335, 1.07691372019, 3.02533765519, 1.03232313307, 1.02341425468, 1.05450157971, 1.08336394677, 3.15105158992, 6.82731943958, 0.867958424472, 4.68060926715, 1.28160333999, 0.904205321006, 1.262446571, 1.11246314673, 1.08084551017, 5.82250984384, 1.15406617812, 0.95243628873, 156.30411684, 0.975019119614, 2.49229427903, 1.18129231179, 1.16984894516, 1.13698992927, 275.508702797, 14.2458746144, 1336.5387095, 5.09383378016
3.56555778322, 1.41434543843, 1.42432997999, 0.829335356022, 5.33930877594, 1.08865293881, 1.55225808736, 1.04162078369, 0.933640691212, 2.89725063993, 2.52011072297, 1.0318040181, 3.24609132932, 0.999010727843, 0.843051558745, 1.09096949245, 1.04880630689, 0.937934264891, 3.92810475934, 1.03724980054, 0.949030652274, 210.689512002, 1.00752415781, 5.16740929125, 1.03863186389, 3.63137347316, 0.872331727648, 1303.64352505, 33.8310931421, 5108.70144625, 0.0
4.23848638436, 1.0558699784, 1.5391850816, 1.10176158745, 4.0565052631, 0.875540579243, 2.13143382074, 0.862631261236, 1.12464265838, 3.78542641476, 5.91731146471, 1.00016516421, 1.86842892347, 1.1300971988, 0.928513644443, 1.14852252378, 1.03470437069, 1.15327005716, 7.39131536662, 1.17989064267, 0.934286031704, 136.474363668, 1.09843865013, 4.18073151652, 1.01685612195, 5.45027883983, 1.29718350896, 549.049614723, 24.9950786995, 3401.98804229, 0.536193029491
1.0728796472, 1.03387265911, 0.856265059242, 1.05444831439, 3.430107793, 0.979646882486, 1.39566620307, 0.872953378054, 0.976142523862, 2.0836188818, 4.06891231911, 1.17891246521, 3.68913258923, 1.06796021161, 0.802534889757, 1.0930262038, 1.12167649277, 1.1514086311, 5.70900085504, 0.929166705644, 0.99968417799, 407.476294056, 1.05513995873, 2.14021859685, 1.15491234686, 3.21624615566, 1.15032843719, 273.914752776, 15.0198815053, 1401.82507455, 3.48525469169
2.00605723548, 1.42945474773, 0.765990778395, 0.969347323761, 4.5644896465, 0.92908792152, 1.62097345043, 1.14823823724, 0.908053955042, 3.48671830027, 3.2331489136, 1.18185298299, 3.22395956804, 1.18101011455, 1.03544352988, 1.07869957887, 1.01366867143, 1.06061267614, 9.55965426713, 0.936646527524, 0.912398865522, 71.1654244332, 0.850860093116, 5.04693634941, 1.0525584595, 2.89871751841, 1.04771736693, 544.095620499, 33.2606553593, 2815.75107083, 0.268096514745
3.78185219767, 1.36669505488, 1.21293779365, 1.14159893396, 2.05674196052, 0.763348571606, 4.92053278997, 1.1850929271, 1.04479426758, 2.89870515865, 6.06114232037, 1.21753421715, 4.48108310533, 0.910662975637, 0.923460778923, 1.42265147777, 1.14990646336, 0.950233805525, 7.4646923296, 1.00612612239, 0.958860235024, 126.53415286, 0.956058414142, 2.42183796738, 1.12266676333, 4.38497809016, 1.23357043643, 598.385439562, 36.8631993944, 1844.86542443, 0.536193029491
2.29375546442, 1.32176329576, 1.67762165142, 1.19244607307, 5.3265572593, 1.00736089148, 3.08914495954, 1.04089750532, 0.908207162836, 5.65468976963, 2.67844386014, 0.908678150938, 1.50623330101, 0.973240616928, 1.04850431861, 1.30173458454, 1.15994900502, 1.18979512174, 8.82551267647, 0.955296965939, 0.810963891892, 203.829090222, 0.90760047503, 5.85353218122, 1.03015430222, 1.21419353517, 1.06781828981, 194.670350306, 15.0112808182, 2258.52658769, 4.55764075067
2.96134752523, 1.02477501024, 0.838547511972, 1.05684984222, 7.03436822193, 0.984637098285, 4.23444571468, 0.959185146169, 0.986716168511, 4.89018645307, 5.81620307582, 0.931989953628, 4.97408650405, 1.10334013992, 0.835702011647, 1.15186884239, 1.03348910126, 1.2267369631, 9.78246650689, 0.948990313798, 0.899172132085, 17.4241283697, 0.957757678698, 2.60461190854, 1.05146226697, 2.45438701128, 1.24228110816, 1173.76556298, 42.3755705801, 3356.55103694, 0.0
4.78443708698, 1.16678244888, 1.64740057797, 0.808506477261, 2.2086058411, 1.03206098567, 2.89255791753, 1.1222646054, 0.950367654678, 5.47274716171, 7.10876246003, 0.885178592604, 3.77875083991, 1.24106417968, 0.920686907554, 1.27066986601, 1.16969969403, 1.15841050807, 3.22645268774, 1.1587948217, 0.766458709351, 152.05565923, 1.11058190769, 4.24579535154, 1.05873191201, 2.05032656128, 1.17736404205, 1894.48226163, 46.3531904442, 2785.0659891, 0.0
5.53455527322, 1.41042182106, 1.59803590445, 0.956746718375, 2.01008209519, 1.03397027715, 2.49964661993, 0.873469103819, 0.921480710453, 2.79761930215, 2.8781907561, 1.20093714839, 2.58174394101, 1.10737051578, 0.985230127993, 1.48716791864, 1.08887691876, 0.928279853985, 8.14795173749, 1.17670481465, 0.796959677226, 126.073014461, 1.10866381692, 5.22702867264, 1.16777719589, 1.47480073743, 1.02426080798, 1963.3165684, 37.3790391554, 2898.35965739, 0.0
5.65431893723, 1.18362366054, 1.6501982955, 0.994170695232, 3.02720949061, 1.03552557458, 4.92502421007, 1.03603326506, 1.07646472404, 5.68233869814, 6.73635879622, 0.847213708107, 4.32794267405, 0.954116755072, 0.858210496252, 1.5548404899, 1.00367775589, 0.912127244996, 4.84107983794, 1.17525456026, 0.975391853535, 198.042867584, 1.11217970886, 4.06541765727, 0.968597813345, 1.14948531926, 1.15195583708, 208.468913495, 15.3849128765, 889.461118532, 2.14477211796
5.53455527322, 1.41042182106, 1.59803590445, 0.956746718375, 2.01008209519, 1.03397027715, 2.49964661993, 0.873469103819, 0.921480710453, 2.79761930215, 2.8781907561, 1.20093714839, 2.58174394101, 1.10737051578, 0.985230127993, 1.47213314418, 1.08887691876, 0.928279853985, 8.14795173749, 1.17670481465, 0.796959677226, 126.073014461, 1.10866381692, 5.54324014519, 1.16777719589, 1.47480073743, 1.02426080798, 530.686171067, 24.0868065487, 2206.12642983, 0.804289544236
5.53455527322, 1.34291206535, 1.7259907133, 0.956746718375, 2.01008209519, 0.959315447073, 2.49964661993, 0.873469103819, 0.921480710453, 1.31156139898, 2.8781907561, 1.20093714839, 2.58174394101, 1.10737051578, 0.985230127993, 1.31848986375, 1.08887691876, 0.928279853985, 8.99752406461, 1.17670481465, 0.796959677226, 126.073014461, 0.892604191369, 4.24579535154, 1.16777719589, 1.47480073743, 1.02426080798, 681.474401734, 34.1491476342, 2334.64717287, 0.268096514745
4.79360789144, 1.07713469825, 1.39470869749, 1.15700167103, 4.73488406916, 0.806933335041, 1.31190884246, 1.22263653826, 1.12062000309, 5.54180395398, 3.13741873597, 0.910388268115, 2.2151308103, 1.05013666543, 0.850926353213, 1.01550442998, 1.01795021315, 0.932532359537, 3.51920275778, 0.992047782523, 0.851016000046, 406.632290202, 0.959893346836, 5.69041350568, 0.998831737761, 2.42812337148, 1.2416494271, 144.990931845, 22.9927283439, 985.083771763, 1.87667560322
5.27776075806, 1.0558699784, 1.5391850816, 1.21419076016, 4.0565052631, 0.875540579243, 2.13143382074, 0.844144246697, 1.12464265838, 3.78542641476, 6.15266146118, 1.00016516421, 1.94227643836, 1.07429461451, 0.928513644443, 1.14852252378, 1.02401101117, 1.15327005716, 4.84107983794, 1.17525456026, 0.934286031704, 136.474363668, 0.921431262856, 4.18073151652, 1.18596921427, 5.11862575472, 1.29718350896, 1533.53850304, 35.7126744934, 5030.95842816, 0.0
5.90070583997, 1.32422281596, 0.956793276592, 1.07362238738, 4.29779534937, 0.742738714206, 3.56473484936, 1.22476610252, 0.964319244062, 4.09070634037, 6.00192782479, 1.21276257086, 2.60905504742, 1.26980219086, 0.950424608826, 1.13936093731, 1.06992422674, 1.00655908531, 3.48287991623, 0.926826808829, 0.785403918929, 88.6126573395, 0.949429421555, 1.30034681095, 0.989634229476, 3.53734697935, 1.1158855824, 272.361959346, 15.9423165503, 2844.08646255, 1.87667560322
5.42743526509, 1.32059621373, 0.956793276592, 1.00650201961, 2.65379347184, 0.742738714206, 3.56473484936, 1.22476610252, 0.966799604216, 4.09070634037, 7.06852594009, 1.21276257086, 2.60905504742, 1.26980219086, 0.950424608826, 1.38099732578, 1.06992422674, 1.00655908531, 4.17095158824, 0.926826808829, 0.785403918929, 88.6126573395, 0.949429421555, 1.30034681095, 0.973408692145, 1.61658366338, 1.1494548708, 659.149794628, 26.8325389466, 1799.69716797, 0.804289544236
2.39633855308, 1.00231804199, 1.09470263869, 1.19745519223, 5.38593944585, 1.04041336537, 4.05099015018, 1.16234882356, 1.00067764901, 2.379963149, 1.68012514388, 0.97256918552, 5.05388069752, 1.28635632151, 1.01775428909, 1.45579916381, 1.1043332148, 0.971990329605, 6.10797994559, 0.919956819265, 0.880572971324, 96.2294729818, 1.04393371145, 2.08799597015, 1.16475559984, 3.56887449455, 1.27086286125, 2139.47748008, 36.3618152685, 2281.77073857, 0.268096514745
