0.0, 0.261513048543, 1.0, -0.399728040203, 2.47034590026, 2.1373068469, 0.0, 0.0, -1.0, 0.0, 1.0, 0.0, 0.205721628929, -1.0, 0.302877262644, -0.520079583797, 1.25118745822, 3.0, 1.0, 0.837786273518, 2.0, -1.0, -0.374815839128, 1.10929678728, -0.303738307327, 0.539697427874, 2.01140924163, 0.0, 0.0, 1.0, 0.0, 3.0, 2.0, -1.0, 0.0, -1.0, 0.0, -1.0, -1.0, 0.0, -1.0, -1.0, 2.0, 1.0, -0.28445361617, 3.0, 1.0, -1.0, 1.0, 1.98634137794, 96436.0, 559.0, 99507.0
0.0, 0.261513048543, 1.0, -0.399728040203, 2.47034590026, 2.1373068469, 0.0, 0.0, -1.0, 0.0, 1.0, 0.0, 0.205721628929, -1.0, 0.302877262644, -0.520079583797, 1.25118745822, 3.0, -0.327676301092, 0.933936471998, 2.45733891005, -1.0, -0.374815839128, 1.10929678728, -0.928603515796, 0.539697427874, 2.01140924163, 0.0, 0.0, 1.0, 0.0, 3.0, 2.0, -1.0, 0.0, -1.0, 0.0, -1.0, -1.0, 0.0, -1.0, -1.0, 2.0, 1.0, -0.28445361617, 3.0, -0.389099929162, 0.715628976006, 1.0, 1.98634137794, 96323.0, 562.0, 99507.0
3.0, 0.724929339471, 0.0, 1.23199188089, 0.0715958639542, 0.444165030341, 1.0, 0.0, 2.0, 2.0, 0.0, 0.766473554603, 3.0, 0.0, 2.73675296544, -0.976054716474, 0.0, -0.240574739876, 2.10413906786, 1.00139294566, -1.0, 3.0, 0.434075668058, 1.12148284025, -0.364525487487, 0.0, 2.0, -0.430678303594, 0.0, 2.60220221413, 1.08761454816, 0.0, 1.89224149541, -1.0, 0.27263987052, -1.0, 1.0, 1.14625602181, -0.95395606221, -1.0, 2.95583193769, 2.75150774269, 2.0, 2.0, 1.81435243116, 1.0, 0.0, 1.0, 2.0, 1.0, 96376.0, 642.0, 99453.0
0.0, 0.261513048543, 1.0, 1.0, 2.47034590026, 2.1373068469, 0.0, 3.0, -1.0, 0.0, 1.0, 0.0, 0.0, -1.0, 3.0, -0.520079583797, 1.0, 3.0, 1.0, 0.837786273518, 2.7001948311, -1.0, -0.374815839128, 1.10929678728, 2.0, 0.539697427874, 2.01140924163, 0.0, 0.0, 1.0, 0.0, 3.0, 2.0, -1.0, 0.0, 1.0, 0.0, 1.49208307892, -1.0, 0.0, -1.0, -1.0, 0.74711401177, 1.0, -0.28445361617, 3.0, 1.20158410765, -1.0, 1.0, 2.99115955628, 96482.0, 593.0, 99487.0
0.0, 0.261513048543, 1.0, -0.399728040203, 2.47034590026, 2.1373068469, 0.0, 0.0, -1.0, 0.0, 1.0, 0.0, 0.106369925788, -1.0, 0.302877262644, -0.520079583797, 1.25118745822, 3.0, 1.0, -0.607241705312, 2.0, 3.0, -0.374815839128, 1.10929678728, -0.303738307327, 0.539697427874, 2.01140924163, 0.0, 0.0, 1.08803675098, 0.0, 3.0, 2.0, -1.0, 0.0, -1.0, 0.0, -1.0, -1.0, 0.0, -1.0, -1.0, 2.0, 1.0, 0.154101223799, 3.0, 1.0, -1.0, 1.0, 1.98634137794, 96461.0, 565.0, 99505.0
0.221939486852, -0.833438016556, 1.0, 1.0, 2.47034590026, 1.93735000732, 0.0, 3.0, -1.0, 0.0, 1.0, 0.0, 0.0, 1.08776099416, 0.947622546041, -0.520079583797, 1.0, 3.0, 1.0, 0.837786273518, 2.0, -1.0, -0.861231063074, 1.10929678728, 2.0, -0.423459930023, 2.01140924163, 0.0, 0.0, 1.0, 0.0, 3.0, 2.0, -1.0, 0.0, 1.0, 1.03317670221, -1.0, -1.0, 0.0, -1.0, -1.0, 2.0, 1.0, -0.28445361617, 3.0, 1.0, -0.81748538668, 1.0, 1.98634137794, 96711.0, 557.0, 99517.0
1.40382215024, 1.0, 0.0, 0.0, 1.27245101976, -0.760854634012, 0.917479449124, 0.0, 2.0, 0.475931642595, 2.12180197155, 1.0, 3.0, -0.555930254072, 0.0, 2.72397082259, 0.0, 1.0, 1.0, -0.163458396411, -1.0, 3.0, -1.0, 1.39862488427, -1.0, 2.0, 2.0, -0.0557667209295, 1.18987666753, 1.0, -0.0195169254264, -0.245692886449, 1.0, 2.0, 0.0, 0.507500309259, -0.695525710821, -0.216191938402, 1.0, -1.0, 0.0, 0.0, 1.45784628617, -1.0, 1.17308020429, 1.0, 0.0, 2.25641295828, 1.13900255365, 0.326762440212, 96300.0, 630.0, 99478.0
3.0, -1.0, -0.522645630914, -0.805944700766, -0.541831528939, -0.296603182445, -0.838346359687, 1.95195909533, 0.88404389921, -0.634803463253, 1.42400080992, 0.0, 2.62628176984, -0.552785948157, 2.75319923195, -0.617772176367, 0.41146914149, -1.0, 1.0, 0.832131235734, -1.0, -0.72696928764, 0.462969494324, 2.8212388934, 2.0, 1.87283130067, 1.49602445696, -1.0, 3.0, 1.85150519498, 1.94445509576, 0.281503690021, -1.0, 2.0, -0.959879195824, 1.0, 1.35266588195, -0.848145872003, -1.0, -1.0, 0.0, 1.0, 2.23372167219, -1.0, 3.0, 2.0, -1.0, -0.282911379271, 1.0, -1.0, 97724.0, 433.0, 99624.0
0.0, 0.261513048543, 1.0, 1.0, 2.47034590026, 2.1373068469, 0.0, 3.0, -1.0, 0.0, 1.0, 0.0, 0.0, -1.0, 0.302877262644, -0.520079583797, 1.0, 1.61304549216, 1.0, 0.837786273518, 2.0, 0.310395713683, -0.374815839128, 1.10929678728, 2.0, 0.539697427874, 2.01140924163, 0.0, 0.0, 0.0, 0.0, 3.0, 2.0, -1.0, 0.0, 1.0, 0.0, -1.0, -0.763878950049, 0.0, -1.0, -1.0, 2.0, 1.0, -0.28445361617, 3.0, 1.0, -1.0, 1.0, 1.98634137794, 96337.0, 596.0, 99489.0
0.721715198099, 0.261513048543, 0.0, 1.55337168877, 2.47034590026, 1.96503356378, -0.280847388151, 3.0, -1.0, -0.604015125083, 1.0, 0.529054075775, 0.0, -1.0, 0.302877262644, -0.520079583797, -0.323119670027, 2.9943122092, 1.0, 0.837786273518, 2.0, -0.693114119062, -0.374815839128, 1.10929678728, 2.0, 0.673842524656, -0.764202382594, 0.0, -0.398647681474, -0.301752703169, -0.831045042715, 3.0, 2.01621630701, -0.562087749585, 0.0, -0.0907516570141, -0.754527936933, -0.858598703381, -1.0, -0.00383914530694, -1.0, -1.0, 2.0, 1.3257469274, -0.28445361617, 3.0, 2.91448340167, -1.0, 1.0, 0.354600031491, 96733.0, 526.0, 99551.0
-0.357644318457, 1.69240470826, 0.0, -1.0, 1.40286986854, -0.247700185025, 2.47120166995, 0.0, 2.0, 1.0, 1.28912602769, -0.254007795852, 3.0, -0.993476616814, 0.0, 2.9926263615, 0.0, 1.0, 0.120391746975, 1.0, -1.0, 1.26114810639, -1.0, 1.39862488427, -1.0, 0.894467710237, 2.0, -0.254252974112, 0.0, 0.681231642033, -0.0195169254264, 0.0, 1.0, 2.0, 0.0, -1.0, 1.0, -1.0, 1.0, -1.0, 0.0, 0.0, 2.1704047744, 2.0, 2.0, 1.0, 0.0, 1.14580912572, 2.0, 1.0, 96330.0, 618.0, 99482.0
3.0, -1.0, 3.0, 1.0, 2.0, -0.585363784346, 1.33674311157, 2.7109832557, 3.0, 1.10922876232, 1.36561293594, 0.0, 2.62628176984, -0.162887195872, 0.927183510465, -0.565479915167, 1.0, 2.13677302172, 1.0, 0.734281870817, -1.0, 3.0, -1.0, 0.488238237172, 2.0, 0.539697427874, 3.0, 1.0, 3.0, 2.26510274115, 0.518599353489, 0.855051756426, -1.0, -1.0, 0.782297037804, 1.0, 0.0, -0.848145872003, -1.0, -0.706262781426, 0.0, 1.53751532104, 1.22877541508, -1.0, 3.0, 0.00622752962652, -1.0, 2.09181246316, 0.20679618046, -1.0, 97206.0, 536.0, 99533.0
0.0, -1.0, 2.98440161137, 3.0, 0.224758747879, 1.09193376401, 1.83618168183, 1.95195909533, 3.0, 0.753009375957, 1.36561293594, 0.787235392223, -0.202433610636, -0.920872962605, 1.0, -0.817725644399, 1.0, -1.0, 1.0, -0.87483704146, -1.0, 3.0, -1.0, 1.0, 2.28020729627, 2.0, 2.01140924163, -0.443989983033, 3.0, 1.0, 0.103944270225, 0.488179630177, 0.193848003802, 2.0, -0.857147218467, 1.0, -0.918860506055, -0.742719327209, -1.0, 0.4836880174, 0.636782673575, 1.0, 0.0922969377313, -1.0, -0.563071855661, 2.53012593233, -1.0, -0.360458204698, 1.0, 0.317059676633, 96942.0, 522.0, 99547.0
2.13165732848, 1.0, 1.02325765347, 2.0, -0.413825966301, 0.0, 2.0, -0.0529963061459, -1.0, 3.0, 1.17817623632, 2.0, 0.0, 2.77734308993, -0.294999086426, 1.97737824186, 0.0, 0.0428789075972, 0.0487281664275, 1.0, 0.0, 2.0, 2.0, 0.0, 2.21945247925, 0.0, 1.0, 1.48867103016, 0.0, 2.00318789192, 1.0, 2.88261548147, 3.0, 3.0, 0.0, 0.0, -0.105509050438, 3.0, 2.51707860964, -0.678069614225, -0.37077964595, 1.69773992313, 0.348401016936, 0.0, 3.0, 1.69479603839, 0.250659364733, 0.98794664663, 1.0, 2.21806884984, 96133.0, 716.0, 99422.0
1.65481600542, 0.0, 0.0, 0.407100939538, -0.764257010663, 2.58182808049, -0.26710398381, -1.0, -0.170444682076, 0.239649678747, -0.888992933908, 2.80196531933, -0.129587592695, -0.983014435431, -0.252207874323, 2.7839017965, 0.945437954996, 0.106319875043, 0.357385305525, 1.0, 1.0, -0.72696928764, 1.18669305902, 0.0, -0.913051494126, 3.0, 0.82233982303, 1.0, -0.348659205418, -0.203776858631, -0.620348026803, 2.0, 3.0, -1.0, -0.959879195824, -1.0, -0.949148980689, 3.0, -1.0, -0.832811034328, -1.0, -0.367297111232, 2.47290821541, 0.0, 2.94329149001, 2.0, -1.0, 2.09220665233, 3.0, 1.61375945181, 97045.0, 509.0, 99556.0
2.10812889695, 1.47207806766, 1.60085649235, -0.83637116077, 2.31304444322, -0.367896202981, 2.0, 2.0, 2.16335795371, -0.119625486524, -1.0, 2.08440766734, 0.610240726007, -0.523701885205, -0.797157957939, -1.0, -0.0585949179093, -1.0, 2.24735456209, 1.0, -0.622039216733, -0.0691698007769, -1.0, 0.0, 3.0, 0.0975033862345, 3.0, 2.0, 1.0, 0.0, 1.0, 0.153790970785, 0.475604194948, 1.81017915162, 2.0, -0.541748820563, 2.42313511003, 0.227533583823, -1.0, 0.13959147137, 1.73034275837, -1.0, 2.03001418076, -1.0, -1.0, 2.0, 0.149005551555, -0.149766166267, -0.499422083116, -0.0779848513741, 96957.0, 528.0, 99545.0
0.0, 0.261513048543, 1.0, 1.0, 1.09441140196, 0.405295960662, 0.0, 3.0, -1.0, 0.0, 2.75321405804, 0.0, 0.0, -1.0, 0.302877262644, -0.520079583797, 1.0, 2.78368883351, 1.0, 0.837786273518, 0.371883600615, -1.0, -0.374815839128, 1.10929678728, 1.5582444245, 0.539697427874, 2.01140924163, 0.0, 0.0, 1.0, 0.0, 3.0, 1.90649658168, -1.0, 0.0, 1.0, 0.0, -1.0, -1.0, 0.0, 0.0, -1.0, 2.33076759266, 1.0, -0.580678774045, 3.0, 1.0, -1.0, 1.0, 1.98634137794, 96447.0, 576.0, 99497.0
0.0, 0.199893221138, 1.0, 1.27952204728, 2.47034590026, 2.1373068469, 0.0, 3.0, -1.0, 0.0, 1.0, 0.0, 0.0, -1.0, 3.0, -0.520079583797, 1.0, 3.0, 1.0, 0.837786273518, 2.7001948311, -1.0, -0.374815839128, 1.10929678728, 0.0, -0.196155463529, 2.01140924163, 0.0, 0.0, 1.0, 0.0, 3.0, 2.0, -1.0, -0.474354002371, -0.858090970994, 0.0, 1.49208307892, -1.0, 0.0, -1.0, -1.0, 0.419618208165, 1.25660054148, -0.28445361617, 3.0, 1.20158410765, -1.0, 1.0, 2.99115955628, 96471.0, 575.0, 99497.0
3.0, -0.358751730673, -0.407961918588, -0.579218040024, -0.541831528939, 0.0, 0.657309541027, 1.95195909533, -0.528903165583, 0.118616511227, 1.17761018387, 0.0, 2.29112340583, 1.78896954869, 2.19136290282, -0.617772176367, 0.0, -1.0, 1.0, 0.832131235734, -1.0, 3.0, 0.462969494324, -0.94421809894, 2.0, 2.0, 1.49602445696, -1.0, 3.0, 1.85150519498, 1.94445509576, 1.93861194414, -1.0, -0.558493143001, 0.677035751182, 1.0, -0.197261393274, -0.6975107406, -0.818036619172, -1.0, 0.0, 1.0, 0.965865006699, -1.0, 1.5917551036, 2.0, -1.0, 0.865444954449, 1.2074819634, -1.0, 97159.0, 497.0, 99564.0
1.65481600542, 0.0, 0.0, 3.0, -0.0129233571107, 2.58182808049, -0.26710398381, -1.0, -0.170444682076, -0.634803463253, -0.888992933908, 1.7343451234, -0.129587592695, -0.94889396557, 2.76745442637, 2.7839017965, 0.945437954996, -1.0, 1.0, 1.0, 0.606971561225, -0.72696928764, 3.0, 0.0, 0.257620210128, 3.0, 2.65809354242, 1.0, 0.0, -0.201600197473, 0.354233816745, 2.0, 3.0, -1.0, -0.959879195824, -1.0, -0.978293293971, 3.0, -1.0, -0.832811034328, 1.81698395813, -1.0, 2.47290821541, -1.0, 1.55298468043, 2.9742269493, -1.0, 2.09220665233, 3.0, 1.26258600916, 97250.0, 508.0, 99552.0
1.0, -0.338999110031, 0.0, 0.385658982337, 1.81515077685, 2.0, -0.00765128132512, -1.0, 3.0, 2.0, 1.0, 2.0, 0.0, 1.0, 1.88470960194, 1.0, 2.0, -0.435644712471, 2.10413906786, 0.456213291109, -1.0, 3.0, -1.0, 2.13669128814, 1.0, -0.363368404234, 2.08342582458, 0.0, 1.0, 1.65619876678, 1.08761454816, 3.0, 1.93045174061, -0.523982047072, 0.0, 1.0, 0.00274128539786, 2.0, -0.909733039065, 0.0, 0.0, 0.172177726048, 2.13240497415, 1.0, 1.57177335428, 2.93486628838, 1.0, 0.0, 1.0, 0.0, 96298.0, 652.0, 99445.0
0.0, 0.261513048543, 1.0, -0.399728040203, 2.43851037581, 2.1373068469, 0.0, 0.0, -1.0, 0.0, 1.0, 0.0, 0.205721628929, -1.0, 0.302877262644, -0.520079583797, 1.25118745822, 3.0, -0.327676301092, 0.933936471998, 2.45733891005, -1.0, -0.374815839128, 1.10929678728, -0.928603515796, -0.261018728405, 2.01140924163, 1.38678285424, 0.0, 1.0, -0.521625350999, 3.0, 2.0, -1.0, 0.0, -1.0, 0.0, -1.0, -1.0, 0.0, -1.0, -1.0, 2.0, 1.0, -0.28445361617, 3.0, -0.389099929162, 0.715628976006, 1.0, 1.98634137794, 96482.0, 547.0, 99523.0
1.23731470708, 0.0, 3.0, 2.40234400713, 2.25299599705, 0.0, 2.84784621204, 1.0, 3.0, 0.37693028535, 2.06244334921, 0.0, 1.0, -1.0, 1.0, 1.0, 0.405761992326, 2.62335531412, 0.0, 0.018546487152, 2.00184021219, 3.0, 1.11483774973, 0.0, 0.0, 0.0, 0.275128028965, -0.256733493361, -0.156996375959, 0.954629748906, 2.52228628516, 2.0, 2.80449486894, 2.76223528959, 1.03337884637, 1.0, 0.0, 2.05091350871, -1.0, -0.875466720909, 0.27635760723, -0.29149770325, 0.0, 2.39485828201, 2.0, -0.0135487931451, 3.0, 0.0, 1.37059218927, 1.9703084608, 96220.0, 695.0, 99430.0
0.0, 0.261513048543, 1.0, -0.399728040203, 2.47034590026, 2.1373068469, -0.832635405634, 0.0, -1.0, 0.0660332288629, 1.0, 0.0, 0.106369925788, -1.0, 0.302877262644, -0.520079583797, 1.25118745822, 3.0, 1.0, -0.607241705312, 2.0, 3.0, -0.374815839128, 1.10929678728, -0.303738307327, 0.539697427874, 2.01140924163, 1.06360391144, 0.0, 1.2363992212, 0.0, 3.0, 2.0, -1.0, 0.0, -1.0, 0.0, -1.0, -1.0, 0.0, -1.0, -1.0, 2.0, 1.0, 0.154101223799, 3.0, 1.0, -1.0, 1.0, 1.98634137794, 96605.0, 551.0, 99519.0
3.0, -1.0, 2.32490407399, 1.0, 2.0, 0.603641956144, 1.17286076926, 1.95195909533, 3.0, 1.10922876232, 1.36561293594, 0.0, 2.62628176984, -0.00973609484954, 0.927183510465, -0.565479915167, 1.0, -1.0, 1.0, 0.734281870817, -1.0, 3.0, -1.0, 0.488238237172, 2.0, -0.221661418622, 3.0, 1.0, 3.0, 2.26510274115, 0.518599353489, 0.855051756426, -1.0, -1.0, 0.0, 1.76062453561, 0.0, -0.848145872003, -1.0, -0.706262781426, 0.0, 1.0, 1.22877541508, -1.0, 3.0, 0.00622752962652, -1.0, 2.09181246316, 0.20679618046, -1.0, 97143.0, 530.0, 99537.0
0.0, 0.261513048543, 1.0, 3.0, 2.47034590026, 1.93735000732, 0.0, 3.0, -1.0, -0.03561440151, 1.0, 0.0, 2.70035032532, 0.451667399635, 0.302877262644, -0.520079583797, 1.0, 2.13677302172, 1.0, 0.837786273518, -0.809810565625, -1.0, -0.607910882285, 1.17484817966, 2.75588353036, 0.539697427874, 2.01140924163, 0.0, 0.0, 1.0, 0.0, 3.0, 2.0, -1.0, 0.782297037804, 1.0, -0.197261393274, 1.95947122224, -1.0, 0.0, -1.0, -1.0, 2.0, -0.978876293193, 1.54921228463, 3.0, 1.0, -1.0, 1.0, 1.98634137794, 96683.0, 560.0, 99502.0
0.600706280744, 1.14399580934, 0.0, 1.23199188089, 0.361901971463, 0.444165030341, 1.0, -0.875320030721, 2.0, 2.0, 0.0, 0.766473554603, -0.202433610636, 0.0, 2.73675296544, -0.976054716474, 0.0, -0.240574739876, 2.10413906786, 0.0, -1.0, 3.0, -1.0, 1.12148284025, -0.364525487487, 0.0, 2.31463288403, -0.430678303594, -0.0444105679872, 2.60220221413, 0.47056379732, 0.0, 1.89224149541, -1.0, 0.27263987052, -1.0, 1.46279657221, 1.14625602181, -0.95395606221, -1.0, 2.95583193769, 0.0, 1.55809199593, 2.0, -0.722439633026, 1.0, 0.0, 2.61147193694, 2.0, 1.0, 96424.0, 594.0, 99482.0
0.0, 0.261513048543, 1.0, 0.0398927187713, 2.47034590026, 2.35031897134, 0.0, 0.0, -1.0, 0.0, 1.0, -0.633161493305, 0.205721628929, -0.865192759514, 0.302877262644, -0.520079583797, 1.25118745822, 3.0, -0.327676301092, 0.933936471998, 2.45733891005, -1.0, -0.374815839128, 1.10929678728, -0.928603515796, 0.539697427874, 2.01140924163, 0.0, 0.0, 1.0, 0.0, 3.0, 2.0, -0.0740467061585, 0.0, -1.0, -0.715046175168, -1.0, -1.0, 0.0, -1.0, -1.0, -0.335519748018, 1.0, -0.28445361617, 3.0, 0.51059927718, 0.521732380339, 1.0, 0.880616718139, 96413.0, 555.0, 99531.0
1.65481600542, 0.0, 0.0, 0.407100939538, -0.927298577455, 2.58182808049, -0.26710398381, -1.0, -0.170444682076, 0.239649678747, -0.888992933908, 2.80196531933, -0.701013704284, -0.983014435431, 2.76745442637, 2.7839017965, 0.945437954996, 0.106319875043, 1.45516484834, 1.0, 1.0, -0.72696928764, 1.18669305902, 0.0, -0.886641800897, 3.0, 0.82233982303, 1.0, -0.348659205418, -0.203776858631, -0.620348026803, 0.281503690021, 3.0, -1.0, -0.959879195824, -1.0, -0.949148980689, -0.848145872003, -1.0, 0.846761874891, -1.0, -0.367297111232, 2.47290821541, -1.0, 2.94329149001, 2.0, -1.0, 2.09220665233, 3.0, 1.61375945181, 97286.0, 474.0, 99579.0
1.0, 2.0, 2.22120961661, 0.0, 3.0, 2.0, 1.77515899056, -1.0, 0.447073042822, 0.0, 3.0, 2.0, 0.0, 2.82482182095, 1.0, 0.821204208795, 1.38489806662, 2.26146495798, 1.0, 0.383808625388, 1.52090335874, -0.727589363035, 2.7327206417, 0.0, 0.0, 0.673842524656, 0.637739288414, 0.853251175126, 0.0, 0.0, 0.0, 2.99345610553, 3.0, -1.0, 2.07419613436, -0.36711148137, 0.0, 3.0, -0.981682285012, 0.0, 0.0, -0.857252104898, -0.104210699813, 2.0, 1.78530064155, 1.03738253583, 0.0, -1.0, -0.48267268663, 1.1872024184, 96528.0, 631.0, 99460.0
3.0, 1.0, 2.0, 0.604833389884, 0.0, 1.83764762047, 2.0, -1.0, -1.0, 3.0, 2.46327309527, 2.0, 2.0, 1.55675563294, 0.0, 3.0, 0.0718216091203, 0.593081746021, 0.0, -0.227850313599, -0.365681311498, 2.0, 2.0, -0.416856540113, 1.0, 0.0, 0.322782217782, 1.0, 0.0, 2.0, -0.0405895059813, 2.9262297115, 1.29376431039, 2.34338226734, 0.0, 1.0, 2.13140223636, 3.0, 3.0, -0.445151748622, 1.19274997526, 1.0, 2.96141559945, 0.0, -0.31698107508, 1.69479603839, 1.0, 0.0, 1.0, 0.137734086488, 96115.0, 708.0, 99425.0
3.0, -1.0, -0.522645630914, -0.579218040024, -0.541831528939, 0.0, -0.838346359687, 1.95195909533, -1.0, 3.0, 2.41967975807, 0.0, 2.62628176984, -0.552785948157, 2.19136290282, -0.617772176367, 0.0, -1.0, 1.0, 0.832131235734, -1.0, 3.0, 0.462969494324, -0.478791911809, 2.0, 2.0, 1.49602445696, -1.0, 3.0, 1.85150519498, 1.94445509576, 0.0, -1.0, 2.0, -0.959879195824, 1.72486603697, -0.197261393274, -0.848145872003, -1.0, -1.0, 0.0, 1.0, 2.23372167219, -1.0, 3.0, -0.550803481777, -0.696282355235, 1.79153533421, 1.0, 0.914526612019, 97690.0, 447.0, 99609.0
0.0, -0.150353333262, 1.0, 1.0, 1.09441140196, 0.405295960662, 0.0, 1.68532920654, -1.0, 0.0, 2.78850437493, -0.284836193771, 0.0, -0.354471046588, 0.302877262644, -0.520079583797, 1.0, 2.78368883351, 1.0, 0.837786273518, 0.371883600615, -1.0, -0.374815839128, 1.10929678728, 1.99340735112, 0.539697427874, 2.01140924163, 0.0, 0.0, 1.0, 0.0, 3.0, 2.0, -1.0, 0.0, 1.0, 0.0, -1.0, -1.0, 0.0, 0.0, -1.0, 2.0, 1.0, -0.563071855661, -0.818761624001, 1.0, -1.0, 1.0, 1.86591070582, 96431.0, 573.0, 99500.0
0.0, 0.800358899939, 1.0, -0.399728040203, 2.47034590026, 2.1373068469, 0.0, 1.69477679444, -1.0, 0.272538319958, 1.0, 0.0, 0.391005517891, -1.0, 3.0, -0.520079583797, -0.164540918226, 3.0, 1.0, -0.607241705312, 2.0, 3.0, -0.374815839128, 1.10929678728, -0.303738307327, -0.544045668725, 2.36102652401, 0.0, 0.0, 1.08803675098, -0.529423709966, 3.0, 2.93854764433, -1.0, 0.0, -1.0, 0.0, -1.0, -1.0, 0.0, -1.0, -1.0, 2.8054892785, -0.884378929487, 0.154101223799, 3.0, 1.0, -1.0, 0.93215792938, 1.70509948028, 97007.0, 521.0, 99550.0
0.0, 0.261513048543, 0.256259634608, 0.758090660817, 2.0, 2.35031897134, 0.0, 0.0, -1.0, 0.0, 1.0, 0.0, 0.205721628929, -0.865192759514, 0.302877262644, 2.62136431727, 1.25118745822, 3.0, -0.327676301092, 0.933936471998, 2.45733891005, -1.0, -0.374815839128, 2.33634709866, -0.928603515796, 0.539697427874, 2.01140924163, 0.0, 0.0, 1.0, 0.0, 2.88261548147, -0.144877446007, -1.0, 0.0, -1.0, -0.715046175168, -1.0, -1.0, 0.0, -1.0, -1.0, -0.335519748018, 1.0, -0.28445361617, 3.0, 1.86565803016, 0.715628976006, 1.0, 1.98634137794, 96281.0, 568.0, 99506.0
1.0, -0.490243888511, 2.22120961661, 1.28853432084, 3.0, 2.36066439354, 1.84748924488, -1.0, 0.544262853586, 0.0, 3.0, 2.92768553339, 0.0, 2.58139868862, 1.3728766144, 0.821204208795, 1.0, 2.0, 0.0382605537416, -0.936458362123, 0.505384838218, 1.89072597504, 1.46145429337, -0.173317902616, 2.58110517091, 0.673842524656, 2.0, 1.31716840523, 0.0, 1.96449098376, 0.0261876836335, 0.840075630624, 1.43135866889, -1.0, 2.0, -0.36711148137, -1.0, 3.0, 1.33727550225, 0.0, 0.0, 1.0, 3.0, 2.81746180956, 1.78530064155, 0.437972603481, 0.377911715086, 1.53974859425, -0.48267268663, 1.0, 96394.0, 679.0, 99439.0
2.26033035591, 1.0, 0.0, 0.385658982337, 3.0, 2.16565602381, -0.111010569789, -1.0, 3.0, 2.0, 1.0, 2.0, 0.944090101144, 1.0, 1.88470960194, 1.0, 2.0, 0.0, 1.11772840383, 0.456213291109, 0.0, 0.55565397568, -1.0, 2.13669128814, 1.0, 0.0, 2.08342582458, 0.0, -0.491154188976, 2.88171510013, 0.25811330658, 3.0, 1.93045174061, -0.523982047072, 0.0, 1.0, 0.00274128539786, 2.39860299722, -0.909733039065, 0.0, 2.48455226137, 0.172177726048, 2.0, 1.0, 2.0, 0.622366161386, 1.0, 0.0, 1.0, 0.0, 96236.0, 668.0, 99440.0
3.0, 0.261513048543, 2.0, 2.63157277891, -0.0129233571107, 0.0, 2.0, -0.0529963061459, -1.0, 0.0, 1.17817623632, 2.0, 0.0, 0.67970218457, 0.0, 2.03183861895, 0.683607592445, 0.0428789075972, 0.0487281664275, -0.628444617077, 0.0, 2.94684493745, 2.0, 0.0, 1.0, -0.2696752563, 1.0, 2.70122352898, -0.370991218394, 1.33393563619, 1.0, 2.88261548147, 3.0, 3.0, -0.453449326816, 0.0, -0.105509050438, 3.0, -1.0, -0.678069614225, 1.19274997526, 0.0536158900062, 2.0, 0.0, -0.563071855661, 1.69479603839, -0.753581537762, 0.0, 1.0, 1.0, 96293.0, 658.0, 99455.0
3.0, 0.0, -0.522645630914, -0.805944700766, -0.541831528939, -0.296603182445, -0.838346359687, 1.95195909533, -0.302620181049, -0.634803463253, 1.42400080992, 0.0, 2.62628176984, -0.976928240459, 2.75319923195, -0.617772176367, 0.41146914149, -0.633133818658, 1.0, 0.832131235734, -1.0, -0.72696928764, 0.462969494324, 2.8212388934, 2.0, 1.87283130067, 1.49602445696, 0.0946133728307, 0.661558223561, 1.85150519498, 1.94445509576, 0.281503690021, -1.0, 2.0, -0.575233861834, 1.13756531897, 1.35266588195, -0.848145872003, -1.0, -1.0, 0.0, 1.0, 2.23372167219, -1.0, 3.0, 2.0, -1.0, -0.282911379271, 1.0, -1.0, 97376.0, 461.0, 99594.0
0.0, 0.261513048543, 1.0, 2.52628229524, 2.47034590026, 2.1373068469, 0.0, 2.08606573283, 4.26045912296e-05, 0.53312154289, 1.0, -0.41732518247, -0.128606001984, -1.0, 0.302877262644, -0.520079583797, 1.25118745822, 3.0, 1.0, 0.837786273518, 2.0, -1.0, -0.374815839128, 0.552333801125, -0.303738307327, 0.539697427874, 2.01140924163, 0.0, 0.0, 1.0, -0.245245687134, 0.811952697704, 2.0, 0.175980284116, 0.0, -1.0, 0.167713801423, -1.0, -1.0, 0.0, -1.0, -1.0, 2.0, 2.00463700991, -0.370446745585, 3.0, 1.0, -1.0, 1.0, 1.98634137794, 96420.0, 588.0, 99495.0
3.0, 2.86171929777, 3.0, 1.46202095193, 0.705294956345, 0.0, 3.0, 1.519960953, 3.0, 1.35807849653, 2.96768703835, 2.20319996345, -0.0174445789621, -1.0, 1.0, 0.632439502975, 0.405761992326, 2.29839350531, 1.17478146284, 0.832131235734, 0.984023308012, 1.49107417154, 1.17336420686, 1.17591564906, -0.416546377795, 0.0, 1.40366772301, 1.0, 2.0, 0.954629748906, 0.841519499004, 2.0, 2.03089203576, 2.0, 1.0, 0.697818250566, 3.0, 0.0, 2.42798636009, 0.0, 1.9740473244, -0.29149770325, 0.0, 2.14121983953, 2.0, 1.0, 3.0, 2.1225005726, 2.33255759865, 2.0, 96464.0, 723.0, 99417.0
1.20449361542, -1.0, 3.0, 3.0, 1.51743067113, 0.209291242994, 1.17350858269, 2.27961929609, 3.0, 1.0, 1.36561293594, 0.0, 2.00734750026, -0.993972499138, -0.688770268351, -0.817725644399, 0.0, 1.13930452603, 1.00292286412, -1.0, -1.0, 3.0, -1.0, -0.990016036193, 2.0, 1.54046481518, 3.0, -0.0779850769457, 3.0, -0.534206606995, 1.08761454816, 0.488179630177, -1.0, 2.0, 0.0, 1.0, -0.655310695903, -0.706511853703, -0.807534137126, -1.0, 0.0, 0.477704208517, 1.22877541508, -1.0, 3.0, 2.53012593233, -1.0, -0.977514523166, -0.671028642236, -1.0, 97604.0, 450.0, 99610.0
0.0, 0.261513048543, 1.0, -0.399728040203, 2.47034590026, 2.1373068469, 0.0, 0.0, -1.0, 3.0, -0.171066602619, 0.0, 0.205721628929, -1.0, 0.302877262644, -0.520079583797, -0.27660036516, 3.0, 1.0, 0.837786273518, 2.0, -1.0, -0.374815839128, 1.10929678728, -0.303738307327, 0.539697427874, 2.01140924163, 0.0, -0.975681936904, 1.0, -0.351147111909, 3.0, 2.0, -1.0, 0.0, -1.0, -0.554297655163, -1.0, -1.0, 0.0, -1.0, -1.0, 2.0, 1.0, -0.28445361617, 3.0, 1.0, -1.0, 2.03815052482, 1.98634137794, 96643.0, 538.0, 99535.0
0.0, 0.261513048543, 1.0, -0.399728040203, 2.47034590026, 1.89825741917, 0.0, 0.0, -1.0, 0.0, 1.0, 0.0, 0.205721628929, 0.535772229706, 0.302877262644, -0.520079583797, 0.0930358081723, 3.0, -0.327676301092, 0.933936471998, 2.45733891005, -1.0, 1.24547531419, 1.10929678728, -0.928603515796, 0.539697427874, 2.01140924163, 0.0, 0.0, 1.0, 0.0, 3.0, 2.0, -1.0, 0.0, -1.0, 0.0, -1.0, -1.0, 0.0, -1.0, -1.0, 2.33021456137, 1.0, -0.28445361617, 3.0, -0.389099929162, 0.715628976006, 1.0, 1.98634137794, 96272.0, 577.0, 99499.0
0.0, 0.0, 3.0, 3.0, 3.0, 0.0, 3.0, 0.929191759162, 2.45220293601, -0.312506880554, 2.27172805981, 1.26160915155, 1.17098226521, -1.0, 1.0, 1.03479051965, 1.0, 1.0, 0.0, 1.0, -0.44448805739, 3.0, 1.0, 0.0, 0.0, 0.0, 0.0, 1.169833516, 2.0, 1.0, -0.0943681952843, 2.6716184608, 2.0, 2.0, 0.0, 1.0, 3.0, 0.0, -0.81650450273, -0.156426294051, 2.35004403745, -1.0, 0.0, 2.55853127839, 2.0, 2.90627095424, 2.09389729435, 0.0, 2.0, 2.0, 96290.0, 687.0, 99434.0
2.51844640866, 0.0, 0.0, 3.0, -0.764257010663, 2.58182808049, -0.26710398381, -1.0, -0.170444682076, -0.634803463253, -0.888992933908, 2.80196531933, -0.129587592695, -0.983014435431, 2.76745442637, 2.7839017965, -0.147991190854, -1.0, 1.0, 1.0, 1.0, -0.72696928764, 3.0, 0.0, -0.886641800897, 3.0, 0.82233982303, 0.107726718868, 0.0, -0.203776858631, 0.354233816745, 2.0, 3.0, -1.0, -0.959879195824, -1.0, -0.949148980689, 3.0, -1.0, -0.832811034328, -1.0, -1.0, 2.47290821541, -1.0, 2.94329149001, 2.0, -1.0, 2.09220665233, 3.0, 1.61375945181, 97433.0, 465.0, 99585.0
0.77868110552, 0.410628872918, 0.184605113764, 1.02845338023, 0.0, -0.339684132222, 1.63945284265, 1.04813672293, 3.0, 0.0, 2.0, 2.0, 0.0, 1.0, 0.0, 3.0, 1.0, 1.84123914432, -0.468575143914, 1.0, -0.0838098185319, 0.934928230707, 0.137976365942, 0.0, -0.553012368511, 0.0, 1.0, 1.78432292819, 0.0, 0.283162889818, 1.0, 1.85032218118, 3.0, 3.0, 0.0, 2.0, -0.528654864384, 3.0, 2.53236631501, -1.0, 1.39121870071, 1.0, 2.0, 0.0, -0.28445361617, 1.0, -0.603072127821, 0.0, 2.0, 1.0, 96127.0, 689.0, 99447.0
0.0, 0.261513048543, 1.0, 1.2487108103, 2.47034590026, 1.93735000732, 0.0, 3.0, -1.0, -0.03561440151, 1.0, 0.0, 2.70035032532, 0.451667399635, 0.302877262644, -0.520079583797, 1.0, 2.13677302172, 1.44229130853, 0.837786273518, 2.75154360774, -1.0, -0.374815839128, 1.17484817966, 2.75588353036, 0.539697427874, 2.01140924163, 0.0, 0.0, 1.0, 0.0, 3.0, 2.0, -1.0, 0.0, 1.0, -0.197261393274, 1.95947122224, -1.0, 0.0, -1.0, -1.0, 2.0, 1.0, 1.54921228463, 0.0189793359696, 1.0, -1.0, 0.203610147948, 1.98634137794, 96356.0, 608.0, 99479.0
0.600706280744, 1.14399580934, 0.0, 1.23199188089, 0.361901971463, 0.444165030341, 1.0, -0.875320030721, 2.0, 2.0, 0.0, 0.766473554603, 3.0, 0.0, 2.73675296544, -0.976054716474, 0.0, -0.240574739876, 2.10413906786, 0.0, -1.0, 3.0, -1.0, 1.12148284025, -0.364525487487, 0.0, 2.31463288403, -0.430678303594, 0.0, 2.60220221413, 2.46549808457, 0.0, 1.89224149541, -1.0, 0.27263987052, -1.0, 1.46279657221, 0.350119749532, -0.95395606221, -1.0, 2.95583193769, 0.0, 2.0, 2.0, 1.81435243116, 1.0, 0.0, -0.360458204698, 2.0, 1.0, 96412.0, 607.0, 99472.0
1.0, 2.0, 2.22120961661, 2.63951181476, 3.0, 2.0, 1.77515899056, -1.0, 0.447073042822, 0.0, 3.0, 2.0, 0.0, -0.983014435431, 1.0, 0.821204208795, 1.0, 2.24057495429, 0.0382605537416, 0.383808625388, 0.649124918799, -0.727589363035, 1.0, 0.0, 0.0, 0.673842524656, 1.58014227152, 0.853251175126, 0.0, 0.0, 0.0, 2.99345610553, 3.0, -1.0, 2.07419613436, -0.36711148137, -1.0, 3.0, -0.981682285012, 0.0, 0.0, -0.857252104898, -0.104210699813, 2.32781237588, 1.78530064155, 2.0, 0.0, -1.0, -0.48267268663, 1.0, 96602.0, 605.0, 99478.0
3.0, -1.0, -0.522645630914, -0.579218040024, -0.541831528939, 0.0, -0.838346359687, 1.95195909533, -1.0, 3.0, 1.42400080992, 0.0, 2.62628176984, -0.746439223995, 2.19136290282, -0.617772176367, 0.0, -1.0, 1.0, 0.832131235734, -1.0, 3.0, 0.462969494324, 1.0, 2.0, 2.0, 1.49602445696, -1.0, 3.0, 1.85150519498, 1.94445509576, 0.0, -1.0, 2.0, -0.959879195824, 1.0, -0.197261393274, -0.848145872003, -1.0, -1.0, 0.0, 1.0, 2.23372167219, -1.0, 3.0, -0.550803481777, -1.0, 1.79153533421, 1.0, -1.0, 97755.0, 432.0, 99621.0
0.721715198099, 0.261513048543, 0.0, 1.55337168877, 2.47034590026, 1.96503356378, -0.280847388151, 1.68532920654, -1.0, -0.604015125083, 1.0, 0.529054075775, 0.0, -1.0, 0.302877262644, -0.520079583797, -0.323119670027, 2.9943122092, 1.0, 0.837786273518, 2.0, -0.693114119062, -0.374815839128, 1.10929678728, 2.0, 0.673842524656, -0.764202382594, 0.0, -0.398647681474, -0.301752703169, -0.831045042715, 3.0, 2.01621630701, -0.562087749585, 0.0, -0.0907516570141, -0.754527936933, -1.0, -1.0, -0.00383914530694, -1.0, -1.0, 2.83260147254, -0.769783446488, -0.28445361617, 3.0, 2.91448340167, -1.0, 1.0, 0.354600031491, 96805.0, 511.0, 99559.0
0.600706280744, 1.0, 0.0, 1.23199188089, -0.804547049107, -0.0346936445999, 1.0, 0.0, 2.0, 2.0, 0.0, 0.0099242488218, 3.0, 0.0, 2.73675296544, -0.976054716474, 0.0, -0.240574739876, 2.10413906786, 0.0, -1.0, 3.0, -1.0, 1.12148284025, -0.364525487487, 0.0, 2.0, 2.01867184456, 0.0, 2.60220221413, 1.02046735566, 0.0, 1.89224149541, -1.0, 0.27263987052, -1.0, 1.0, 2.35363630748, -0.95395606221, 0.630539624113, 2.95583193769, -0.189005593195, 2.0, 2.0, 2.76183207345, 2.54775441133, 0.0, 1.0, 2.0, 1.0, 96488.0, 618.0, 99468.0
0.600706280744, -1.0, 0.0, -0.579218040024, -0.541831528939, 0.0, 2.18843730864, 1.95195909533, -0.921808791135, -0.634803463253, 1.17761018387, 0.0, 2.62628176984, -0.94889396557, 2.19136290282, -0.617772176367, -0.675826927477, 0.229422933895, 1.0, 0.832131235734, -1.0, 2.87740308361, 0.200858967031, 0.791408480146, 2.0, 2.02090245515, 1.52170774296, -1.0, 3.0, 2.65010205533, 1.94445509576, 1.66343547373, -1.0, -0.541723174591, -0.959879195824, 1.0, -0.415204315073, 0.271226210253, -0.573636044406, -0.832811034328, 0.0, 1.0, 2.47290821541, -1.0, -1.0, 2.0, -1.0, 0.865444954449, 1.0, -1.0, 97521.0, 455.0, 99603.0
1.7063267682, 0.261513048543, 0.256259634608, 0.758090660817, 2.47034590026, 2.35031897134, 0.0, 0.0, 0.453202078675, 0.0, 1.0, 0.0, 0.205721628929, -0.865192759514, 0.302877262644, 2.62136431727, 1.25118745822, 3.0, -0.327676301092, 0.933936471998, 2.50955080022, -1.0, -0.374815839128, 2.33634709866, -0.928603515796, 0.0, 2.01140924163, 0.0, 0.0, 1.0, 0.0, 2.88261548147, 0.780028987601, -0.0740467061585, 0.0, -1.0, -0.715046175168, -1.0, -1.0, 0.257405236075, -1.0, -1.0, -0.335519748018, 1.0, -0.28445361617, 3.0, 1.86565803016, 0.715628976006, 1.0, 1.98634137794, 96244.0, 597.0, 99494.0
3.0, -0.248511196358, 3.0, 3.0, 2.0, 0.0, 1.33674311157, -1.0, 3.0, 0.186647306696, 1.36561293594, -0.749117034498, 2.62628176984, -0.00973609484954, 1.28129420261, -0.683287843107, 1.0, -1.0, 1.0, -0.622001835228, -1.0, -1.0, -1.0, 0.488238237172, 1.57419683144, -0.0163106451555, 3.0, 1.56299477768, 3.0, 1.95569112333, -0.380291804655, 0.13454304708, -1.0, -1.0, 0.782297037804, -0.502365662473, 0.0, -0.848145872003, -0.935591958037, -1.0, 0.0, 1.0, 1.22877541508, -1.0, 3.0, 0.00622752962652, -1.0, 0.81047494561, 1.46931188201, -1.0, 97290.0, 467.0, 99571.0
-0.16966752631, 1.0, 0.0, 1.23199188089, 0.361901971463, 1.29240480711, 1.0, 0.0, 2.0, 2.0, 0.0, 0.766473554603, 3.0, 0.0, 2.32320248298, 3.0, 0.0, -0.240574739876, 2.10413906786, 0.0, -1.0, 3.0, -1.0, 1.0, -0.440705346618, 0.0, 2.0, -0.430678303594, 0.0, 2.80821779347, 2.46549808457, 0.0, 1.9595760321, -1.0, 0.27263987052, -1.0, 0.624172356884, 1.14625602181, 0.270402128089, -1.0, -0.425358345529, 0.0, 2.0, 2.33628337101, 1.81435243116, 1.0, 0.0, 1.34388327528, 2.0, 1.0, 96278.0, 660.0, 99445.0
3.0, -0.358751730673, -0.407961918588, -0.579218040024, 0.578131166688, 0.0, 0.657309541027, 1.95195909533, -0.528903165583, 0.118616511227, 1.17761018387, 0.0, 2.29112340583, 1.78896954869, 2.19136290282, -0.617772176367, 0.0, -1.0, 1.0, 0.832131235734, -1.0, 1.65418102879, 0.462969494324, -0.94421809894, 2.0, 2.32275817, 1.49602445696, -1.0, 3.0, 1.85150519498, 1.94445509576, 1.93861194414, -1.0, -0.558493143001, 0.677035751182, 2.71777068576, -0.197261393274, -0.6975107406, -0.818036619172, -1.0, 0.0, 1.0, 0.965865006699, -1.0, 1.5917551036, 2.0, 0.927446975088, 0.865444954449, 1.2074819634, -1.0, 97045.0, 528.0, 99543.0
1.0, 2.0, 2.94829382355, 0.0, 3.0, 2.0, 1.3695983924, -1.0, 0.726531258393, -0.136711422916, 3.0, 1.46320314585, -0.56715195837, 2.90163008324, -0.610823764638, 1.99962131448, -0.314874892377, 0.957012075865, 0.0, 1.0, -0.83291914927, -0.856058052983, -0.648577684231, -0.884666444248, 0.0, 1.94572344581, 2.79900174531, 2.81544477704, 0.514660402641, -0.896818908712, -0.425870164509, 2.86933642444, 2.88992508072, -0.994387138307, -0.589355235923, 0.0, 1.2746067625, 2.02819598783, 2.0, 2.71873848537, 3.0, -0.780120368487, 3.0, 2.3403874993, 2.0, -1.0, 0.0, -1.0, 0.978919830854, 0.327790377935, 97339.0, 521.0, 99545.0
0.0, 0.261513048543, 1.0, 0.604833389884, 2.47034590026, 2.1373068469, 0.0, 3.0, -1.0, 0.0, 1.0, 0.0, 0.0, -1.0, -0.0440680358221, 1.91836625614, 1.0, 1.91628609416, 1.12632373267, 0.837786273518, 0.594201854839, 0.860926636262, -0.379369080679, 1.10929678728, 2.0, 0.539697427874, 2.01140924163, 0.0, 0.0, 0.0, 0.0, 3.0, 2.0, -1.0, 0.0, 1.0, 0.0, -1.0, -0.763878950049, 0.0, -1.0, 2.84299275358, 2.0, 1.0, -0.28445361617, 3.0, 1.0, -1.0, 1.0, 1.98634137794, 96283.0, 631.0, 99468.0
1.0, -0.338999110031, 0.0, 0.385658982337, 1.81515077685, 2.0, -0.00765128132512, -1.0, 3.0, 0.660812442788, 1.0, 0.431814051354, 0.0, 0.857259019101, 2.52124344469, 1.0, 1.50736909148, -0.233404542774, 2.10413906786, 0.456213291109, -1.0, 3.0, -1.0, 2.13669128814, 1.0, -0.363368404234, 2.08342582458, 0.0, 1.0, 1.93044765274, 1.08761454816, 3.0, 1.93045174061, -0.776003760098, 0.0, 1.0, 0.00274128539786, 2.0, -0.909733039065, 0.0, -0.543826907337, 0.172177726048, 2.13240497415, 0.259994928148, 1.57177335428, 2.93486628838, 1.0, 0.0, 1.0, 0.0, 96302.0, 640.0, 99455.0
0.0, 0.261513048543, 1.0, 1.60822461962, 2.47034590026, 2.1373068469, -0.601431588643, 0.0, -1.0, 0.0, 1.0, -0.0588692229331, 0.205721628929, -1.0, 1.24464629548, -0.520079583797, -0.169156344448, 3.0, 0.311243441434, 0.837786273518, 2.0, -1.0, -0.374815839128, 1.10929678728, -0.303738307327, -0.0407272326304, 2.01140924163, 0.0, 0.0, 2.42670013412, 0.0, 3.0, 2.0, -1.0, 0.0, -1.0, 0.0, -1.0, -1.0, 0.0, -1.0, -1.0, 2.39171257673, 1.0, -0.28445361617, 3.0, 1.0, -1.0, 1.0, 1.98634137794, 96539.0, 545.0, 99521.0
3.0, 2.86171929777, 3.0, 2.52628229524, 3.0, 0.0, 0.0, 0.615245774103, 3.0, 2.0, 2.97922712275, 0.0, 1.74774893151, -1.0, 1.0, 1.0, 0.405761992326, 2.29839350531, 1.0, 2.42536592864, -0.622039216733, 1.49107417154, 1.17336420686, 0.602335434335, 1.47524581298, 0.0, 1.40366772301, 1.0, 2.0, 2.47830959282, 0.841519499004, 2.0, 2.0, -1.0, 1.0, 1.45148043254, -0.526487420037, 0.0, 2.36284001657, 0.418607574572, 1.18346031653, -0.29149770325, 0.0, 2.0, 0.933299680786, 1.0, 3.0, 0.0, 2.0, 1.98634137794, 96484.0, 679.0, 99437.0
0.0, 0.261513048543, 1.0, 3.0, 2.47034590026, 1.93735000732, 0.0, 3.0, -1.0, -0.03561440151, 1.0, 0.0, 2.70035032532, 0.451667399635, 0.302877262644, -0.520079583797, 1.0, 2.13677302172, 1.0, 0.837786273518, -0.809810565625, -1.0, -0.607910882285, 1.17484817966, 2.63828586973, 0.0, 2.01140924163, 0.0, 0.0, 1.0, 0.0, 3.0, 0.728005208591, -1.0, 0.782297037804, 1.0, -0.197261393274, 1.95947122224, -1.0, 0.0, -1.0, 0.413887373642, 0.660412159199, -0.978876293193, 1.54921228463, 3.0, 1.0, -1.0, 1.0, 1.98634137794, 96504.0, 578.0, 99492.0
1.65481600542, 0.0, 0.0, 0.407100939538, -0.927298577455, 2.58182808049, -0.26710398381, -1.0, -0.170444682076, 0.239649678747, -0.429646532973, 2.80196531933, -0.701013704284, -0.983014435431, 2.76745442637, 2.7839017965, 0.945437954996, 0.106319875043, 1.45516484834, 1.0, 1.0, -0.72696928764, 1.18669305902, 0.0, -0.886641800897, 3.0, 0.82233982303, 1.0, -0.348659205418, -0.203776858631, -0.620348026803, 0.281503690021, 3.0, -1.0, -0.959879195824, -1.0, -0.949148980689, -0.848145872003, -1.0, 0.846761874891, -1.0, -0.367297111232, 2.47290821541, -1.0, 2.94329149001, 2.0, -1.0, 2.09220665233, 3.0, 1.61375945181, 97145.0, 488.0, 99565.0
0.0, -0.150353333262, 1.0, 1.0, 1.09441140196, 0.405295960662, 0.0, 1.68532920654, -1.0, 0.0, 2.78850437493, 0.521473591615, 0.0, -0.354471046588, 0.302877262644, 0.770371554494, 1.0, 2.78368883351, 1.0, 0.837786273518, 0.371883600615, -1.0, -0.374815839128, 1.10929678728, 1.99340735112, 0.539697427874, 2.01140924163, 0.551544611419, 0.0, 1.0, 0.0, 3.0, 2.0, -1.0, 0.0, 1.0, 0.0, -1.0, -1.0, 2.81113402395, 2.55774497046, -1.0, 2.0, 1.0, -0.563071855661, -0.818761624001, 1.0, -1.0, 1.19468076914, 1.86591070582, 96544.0, 590.0, 99489.0
0.0, 0.261513048543, 0.256259634608, 0.758090660817, 2.22979576842, 2.35031897134, 0.0, 0.0, -1.0, 0.0, 1.0, 0.0, 0.205721628929, -0.865192759514, 0.302877262644, 2.62136431727, 1.25118745822, 3.0, -0.327676301092, 0.933936471998, 2.45733891005, -0.34650528124, -0.374815839128, 2.33634709866, -0.928603515796, 0.539697427874, 2.01140924163, 0.0, 0.0, 1.0, 0.0, 2.88261548147, -0.144877446007, -1.0, 0.0, -1.0, -0.715046175168, -1.0, -1.0, 0.0, -1.0, -1.0, -0.335519748018, 1.0, -0.28445361617, 3.0, 1.86565803016, 0.715628976006, 1.0, 1.98634137794, 96222.0, 587.0, 99498.0
2.38835516846, 1.0, 0.0, 2.66412619395, 3.0, 2.16565602381, -0.111010569789, -1.0, 3.0, 2.0, 1.0, 2.0, 0.944090101144, 1.0, 1.3728766144, 1.0, 2.0, 0.0, 1.11772840383, 0.456213291109, 0.0, 0.55565397568, 0.867575499944, 2.13669128814, 1.0, 0.0, 2.08342582458, 0.0, -0.491154188976, 2.73281178622, 0.25811330658, 3.0, 1.59798174993, 0.586728175831, 0.0, 1.0, 0.00274128539786, 2.39860299722, -0.909733039065, 0.0, 2.73444802347, 0.172177726048, 2.0, 1.0, 2.0, 0.622366161386, 1.0, 0.0, 1.0, 0.0, 96148.0, 702.0, 99425.0
-0.424540553424, 0.0, 2.22120961661, 1.05371939077, 3.0, 2.0, 1.84748924488, -1.0, 0.544262853586, 0.0, 3.0, 2.92768553339, 0.0, 1.616495378, 1.0, 0.821204208795, 1.0, 2.0, 0.0382605537416, 1.0, 0.505384838218, 1.89072597504, 1.46145429337, 0.0, 0.0, 0.673842524656, 2.0, 2.69837363711, 0.0, 0.0, 0.0261876836335, 0.457587732268, 1.43135866889, -1.0, 2.0, -0.36711148137, -1.0, 3.0, 1.33727550225, 0.0, 0.0, 0.602566600389, 3.0, 2.0, 1.78530064155, -0.0314345079888, 0.0, 2.08821704693, -0.48267268663, 1.16182351811, 96248.0, 692.0, 99433.0
3.0, -1.0, 3.0, 3.0, 2.0, -0.585363784346, 1.33674311157, 1.95195909533, 3.0, 1.10922876232, -0.213407507451, 0.0, 2.62628176984, -0.685861198158, 0.927183510465, -0.565479915167, 1.0, -1.0, 1.0, 0.734281870817, -1.0, 3.0, -1.0, 0.488238237172, 2.0, 0.281607269814, 2.9050913181, 1.0, 3.0, 2.26510274115, 0.518599353489, 0.855051756426, -1.0, -1.0, 0.782297037804, 1.0, 0.0, -0.848145872003, -0.797333999523, -0.706262781426, 1.4199706019, 1.0, 1.22877541508, 0.221501791061, 3.0, 0.00622752962652, -1.0, 2.09181246316, 0.20679618046, -1.0, 97217.0, 520.0, 99547.0
0.721715198099, 0.261513048543, 0.0, 1.55337168877, 2.47034590026, 1.96503356378, -0.485058252519, 3.0, -1.0, -0.604015125083, 1.39902205606, -0.506610125205, 0.0, -1.0, 0.302877262644, -0.520079583797, -0.323119670027, 2.9943122092, 1.0, 0.837786273518, 2.0, -0.693114119062, 1.06796906033, 1.10929678728, 2.0, 0.673842524656, -0.764202382594, 0.0, -0.428270315261, -0.301752703169, 0.0, 1.22795419525, 2.01621630701, -0.562087749585, 0.0, -0.0907516570141, -0.754527936933, -1.0, -1.0, -0.00383914530694, -1.0, -1.0, 2.0, 1.3257469274, -0.28445361617, 3.0, 2.91448340167, -1.0, 1.0, 0.0835348871157, 96669.0, 528.0, 99554.0
0.0, 0.261513048543, 1.0, 1.0, 1.09441140196, 0.405295960662, 0.0, 1.68532920654, 1.91244700419, 0.0, 2.75321405804, 0.0, 0.0, -0.354471046588, 0.302877262644, -0.632607292935, 1.0, 2.78368883351, 1.0, 0.837786273518, 0.371883600615, -1.0, -0.374815839128, 1.10929678728, 2.62770162865, 0.539697427874, 2.01140924163, 0.0, 0.0, 1.0, 1.9869724074, 3.0, 2.0, -1.0, 0.0, 1.3590685908, 1.45937748385, -1.0, -1.0, 0.0, 0.0, -1.0, 2.0, 1.0, -0.563071855661, 3.0, 1.0, 1.77406860737, 1.0, 1.86591070582, 96374.0, 620.0, 99470.0
0.0, 0.910760302076, 1.0, 1.0, 2.47034590026, 2.1373068469, 1.70294667277, 3.0, 1.26149068305, 0.117020124811, -0.0117843255222, 0.0, 0.0, -1.0, 3.0, -0.520079583797, 1.0, 3.0, 1.0, 0.837786273518, 2.92115003178, -1.0, -0.389319680305, 1.10929678728, -0.416546377795, 0.539697427874, 2.01140924163, 0.0, 0.0, 1.0, 0.0, 3.0, 1.19312319335, -1.0, 0.23464003323, 1.0, 0.0, 1.49208307892, -1.0, 0.0, -1.0, -1.0, 0.74711401177, 1.0, -0.28445361617, 3.0, 1.20158410765, -1.0, 1.0, 2.99115955628, 96462.0, 605.0, 99480.0
0.77868110552, 0.0, 0.184605113764, 1.02845338023, 0.0, -0.339684132222, 2.0, 1.04813672293, 3.0, 0.0, 2.0, 2.0, 0.0, 1.0, 0.0, 3.0, 1.0, 0.032039164123, 0.0, 1.0, -0.0838098185319, -0.118244071222, 0.137976365942, 0.0, -0.553012368511, 0.0, 1.0, 2.28016782088, 0.0, 0.283162889818, 1.0, 1.85032218118, 3.0, 3.0, 0.0, 2.0, 0.0, 3.0, 2.53236631501, -1.0, 1.39121870071, 1.0, 2.0, -0.50767167105, -1.0, 1.0, -0.603072127821, 0.0, 2.0, 1.0, 96162.0, 672.0, 99455.0
0.400343236595, -1.0, 3.0, 1.0, 2.0, -0.585363784346, 1.33674311157, 2.7109832557, 3.0, 1.10922876232, 1.36561293594, 0.0, 2.62628176984, -0.162887195872, 0.927183510465, -0.565479915167, 2.98170964017, -1.0, 1.0, 0.734281870817, -1.0, 3.0, -1.0, 0.488238237172, 2.0, 0.539697427874, 3.0, 1.0, 3.0, 2.26510274115, 0.518599353489, 0.855051756426, -1.0, -1.0, 0.782297037804, 1.0, -0.444220109491, -0.975606393794, -1.0, -0.706262781426, 0.0, 1.53751532104, 1.22877541508, -1.0, 3.0, 0.00622752962652, -1.0, 2.09181246316, 0.20679618046, 0.317059676633, 97170.0, 535.0, 99535.0
0.0, -1.0, 2.98440161137, 3.0, 0.224758747879, 1.09193376401, 1.83618168183, 1.95195909533, 3.0, 0.753009375957, 0.332788704908, 0.787235392223, -0.202433610636, -0.920872962605, 1.0, -0.817725644399, 1.0, 2.13677302172, 1.0, -0.87483704146, -1.0, 3.0, -1.0, -0.88452789682, 2.28020729627, 2.0, 2.01140924163, -0.443989983033, 3.0, 1.0, 0.103944270225, -0.0764270892931, 0.193848003802, 2.0, -0.857147218467, 1.34828136926, -0.918860506055, -0.742719327209, -1.0, 0.4836880174, 0.636782673575, 1.0, 0.0922969377313, -1.0, -0.563071855661, 2.53012593233, -1.0, -0.360458204698, 1.0, -1.0, 97017.0, 508.0, 99558.0
2.13165732848, 1.0, 1.02325765347, 2.0, 2.47034590026, 0.0, 2.0, -0.0529963061459, -0.433744695873, 3.0, 1.17817623632, 2.0, 0.0, 2.77734308993, -0.294999086426, 1.97737824186, 0.305228801855, 0.0428789075972, 0.0487281664275, 1.0, 0.0, 2.0, 2.0, 0.0, 2.21945247925, 0.0, 1.0, 0.0, 2.31166222657, 2.00318789192, 1.0, 2.88261548147, 3.0, 3.0, 0.0, 0.0, -0.105509050438, 3.0, 2.51707860964, 0.804941846017, -0.37077964595, 1.69773992313, 0.348401016936, 0.0, 3.0, 1.69479603839, 0.250659364733, 1.27184705228, 1.0, 2.21806884984, 96119.0, 738.0, 99409.0
0.0, 0.261513048543, 0.256259634608, 0.758090660817, -0.413825966301, 2.35031897134, 0.0, 0.0, -1.0, 0.0, 1.0, -0.0710990492008, 0.205721628929, -0.865192759514, 0.302877262644, 2.62136431727, 1.25118745822, 3.0, -0.327676301092, 0.933936471998, 2.45733891005, -1.0, -0.374815839128, 2.33634709866, -0.928603515796, 0.539697427874, 2.01140924163, 1.48867103016, 0.0, 1.0, 0.0, 2.88261548147, -0.144877446007, -0.0740467061585, 0.0, -1.0, -0.715046175168, -1.0, -1.0, 0.0, -1.0, -1.0, -0.335519748018, 1.0, -0.28445361617, 3.0, 1.86565803016, 0.715628976006, 1.0, 1.98634137794, 96201.0, 585.0, 99501.0
1.65481600542, 0.0, -0.237456557886, 0.407100939538, -0.764257010663, 2.58182808049, -0.26710398381, -1.0, 0.550173413508, 0.239649678747, -0.888992933908, 2.80196531933, -0.129587592695, -0.523701885205, -0.252207874323, 2.7839017965, -0.551222726003, 0.106319875043, 0.357385305525, 1.0, 1.0, -0.72696928764, 1.18669305902, 0.0, -0.913051494126, 0.0975033862345, 0.82233982303, 1.0, -0.348659205418, -0.203776858631, -0.620348026803, 2.0, 3.0, -1.0, -0.959879195824, -1.0, -0.949148980689, 3.0, -1.0, -0.832811034328, -1.0, -0.367297111232, 2.47290821541, 0.0, 2.94329149001, 2.0, -1.0, 2.09220665233, 3.0, 1.05080752118, 97080.0, 493.0, 99572.0
-0.798781727631, 0.199893221138, 1.0, 1.27952204728, 2.47034590026, 0.48963454601, 0.0, 3.0, -1.0, 0.0, 1.0, 0.0, 0.0, -1.0, 3.0, -0.520079583797, 1.0, 3.0, 1.0, 0.837786273518, 2.7001948311, -1.0, -0.374815839128, 1.10929678728, 0.938442602573, -0.196155463529, 2.01140924163, 0.0, 0.0, 1.0, 0.0, 3.0, 2.0, -1.0, -0.474354002371, -0.858090970994, 0.0, 1.49208307892, -1.0, -0.512600502277, -1.0, -1.0, 0.419618208165, 1.25660054148, -0.6181241709, 3.0, 1.20158410765, -1.0, 1.0, 2.99115955628, 96756.0, 537.0, 99528.0
2.78154581595, -0.490243888511, 1.88859424495, 3.0, 2.20530754024, 0.694129674153, 1.54378013573, 1.95195909533, 3.0, 2.04726934761, 2.47860036765, -0.426532321268, -0.111351623336, -0.865192759514, 1.0, -0.817725644399, -0.428162587373, -0.466371926307, 1.0, 2.82462940982, -1.0, 3.0, -1.0, 1.0, 2.84449350823, 2.48181089073, 3.0, -1.0, 2.01772838423, 1.96449098376, -0.4076438618, 0.855051756426, -0.757218624095, 0.2942713693, 1.00424386685, -1.0, -0.458563230649, -0.848145872003, -1.0, -1.0, -0.808171628168, 1.0, 2.1341653553, -1.0, 0.925050172621, 2.53012593233, -0.607317506681, -0.979225035037, 2.57105177507, 0.990393971747, 97182.0, 524.0, 99540.0
1.65481600542, 0.0, 0.0, 3.0, -0.0129233571107, 2.58182808049, -0.26710398381, 2.44538956337, -0.170444682076, -0.634803463253, -0.888992933908, 1.7343451234, -0.129587592695, -0.94889396557, 2.76745442637, 2.7839017965, -0.290960421654, -1.0, 1.0, 1.0, 0.606971561225, -0.72696928764, 3.0, 0.0, 0.257620210128, 3.0, 2.46518544167, 1.0, 0.0, -0.201600197473, 0.354233816745, 2.9262297115, 3.0, -1.0, -0.959879195824, -1.0, -0.978293293971, 3.0, -1.0, -0.832811034328, 1.81698395813, -1.0, 2.47290821541, -1.0, 1.55298468043, 2.9742269493, -1.0, 2.09220665233, 3.0, 1.26258600916, 97172.0, 526.0, 99543.0
1.10209904544, 1.0, 2.20279968456, 1.31742529868, 1.27245101976, 0.0, 2.47120166995, 0.0, 2.0, 2.84089252728, 1.28912602769, 1.0, 3.0, -0.983014435431, -0.473530005998, 0.0404898851997, 0.0, 0.431687577608, 2.0, 0.0, -1.0, 3.0, 0.0899397618566, 1.39862488427, -1.0, 2.0, 2.58331316773, 0.0, 0.0, 1.0, -0.0195169254264, -0.799556558063, 2.2332048539, -0.624534985942, 0.0, 0.114409553865, -0.695525710821, -0.366416592344, 0.530635011763, 0.106219496722, 1.52246799493, -0.0659443598023, 1.45784628617, 1.92216044547, 0.935994463448, 1.0, 0.423377272207, 2.20811128719, 2.0, 1.0, 96257.0, 652.0, 99462.0
1.0, -0.338999110031, 0.0, 0.385658982337, 1.81515077685, 2.0, -0.579482604025, -1.0, 3.0, 2.0, 1.0, 2.0, 0.0, 1.0, 1.88470960194, 1.0, 1.25118745822, -0.435644712471, -0.327676301092, 0.456213291109, -1.0, 3.0, -1.0, 2.13669128814, 1.0, -0.363368404234, 2.08342582458, 0.0, 1.0, 1.65619876678, 1.08761454816, 3.0, 1.93045174061, -0.523982047072, 0.0, 1.0, 0.00274128539786, 2.0, -0.909733039065, 0.0, 0.0, 0.172177726048, 2.13240497415, 0.61296677319, 1.57177335428, 2.93486628838, 1.0, 0.0, 1.02305232155, 0.0, 96312.0, 638.0, 99459.0
0.0, 0.261513048543, 1.0, -0.399728040203, 2.43851037581, 2.1373068469, 0.0, 0.0, -0.473913682719, 0.0, 1.0, 0.0, 0.205721628929, -1.0, 0.302877262644, -0.473746850944, 2.0, 3.0, 2.10413906786, 0.933936471998, 2.45733891005, -1.0, -0.374815839128, 1.10929678728, -0.928603515796, -0.261018728405, 2.01140924163, 1.38678285424, 0.0, 1.0, 0.837856908702, 3.0, 2.0, -1.0, 0.0, -1.0, 1.06378134422, -1.0, -1.0, 0.0, -1.0, -1.0, 2.0, 1.0, -0.28445361617, 3.0, -0.389099929162, 0.715628976006, 1.0, 1.98634137794, 96381.0, 591.0, 99489.0
1.0, 2.0, 2.22120961661, 0.0, 3.0, 2.0, 1.77515899056, -1.0, 0.447073042822, 0.0, 3.0, 2.0, 0.0, 2.82482182095, 1.0, 0.821204208795, 2.3444009341, 2.0, 0.0382605537416, 0.383808625388, 1.52090335874, -0.727589363035, 1.0, 0.0, 0.0, 0.673842524656, 2.0, 2.00989060504, 0.0, 0.0, 0.0, 2.99345610553, 3.0, -1.0, 2.07419613436, -0.36711148137, -1.0, 2.54527187188, -0.981682285012, 0.0, 0.0, -0.719909555511, 3.0, 2.0, 1.78530064155, -0.759753335333, -0.950720295119, -1.0, -0.48267268663, 0.622214489093, 96789.0, 588.0, 99491.0
2.56752318365, 2.86171929777, 3.0, 0.698180498067, 3.0, 0.0, 0.0, 1.0, -0.170444682076, 2.0, 2.63581542522, 2.0, 0.839646824084, 1.16187420282, 0.469071908014, 2.7839017965, 0.966453186876, 2.29839350531, 0.0, 2.24147656849, 1.57341077021, 3.0, 1.17336420686, 0.0, -0.416546377795, 0.0, 0.275128028965, 1.0, 2.0, 0.954629748906, 2.0, 2.0, 2.06917487626, 2.0, 1.70677672235, 1.0, 2.72021596799, 1.4520473246, 2.36284001657, 0.0, 1.18346031653, -0.29149770325, -0.208336770259, 0.379757946508, 2.00518043036, 0.20135245297, 3.0, -1.0, 2.0, 2.0, 96482.0, 721.0, 99421.0
0.0, 0.261513048543, 1.0, 0.0398927187713, -0.927298577455, 2.35031897134, 0.0, 0.0, -1.0, 0.0, 0.924561594198, -0.633161493305, 0.205721628929, -0.865192759514, 0.302877262644, -0.520079583797, 1.25118745822, 3.0, -0.597503522531, 0.933936471998, 2.45733891005, -1.0, -0.374815839128, 1.10929678728, -0.886641800897, 0.539697427874, 2.01140924163, 0.0, 0.0, 1.0, 0.0, 3.0, 2.0, -0.0740467061585, 0.0, -1.0, -0.715046175168, -1.0, -1.0, 0.0, -1.0, -1.0, -0.335519748018, 1.0, -0.28445361617, 3.0, 0.51059927718, 2.09220665233, 1.0, 0.880616718139, 96696.0, 521.0, 99561.0
0.0, -0.150353333262, 1.0, 1.0, -0.742746809033, 0.802798687985, 0.0, 1.68532920654, -1.0, 0.0, 2.78850437493, -0.284836193771, 0.0, -0.354471046588, 0.302877262644, -0.520079583797, 1.0, 2.78368883351, 1.0, 0.837786273518, 2.24112813888, -1.0, -0.374815839128, 1.10929678728, 1.99340735112, 0.539697427874, 2.01140924163, 1.28895848282, 0.0, 1.0, 0.0, 0.0, 2.0, -1.0, -0.959879195824, 1.0, 0.0, -1.0, -1.0, 0.648342290037, -0.995752532456, -1.0, 2.0, 1.0, 3.0, -0.818761624001, 1.0, -1.0, 1.0, 1.86591070582, 96671.0, 540.0, 99522.0
0.77868110552, 0.0, 0.184605113764, 1.02845338023, 0.0, 0.444165030341, 2.0, 1.04813672293, 3.0, 0.0, 2.0, 2.0, 0.0668310693982, 0.125360101269, 0.0, 3.0, 1.0, 0.032039164123, 0.0, 1.0, -0.0838098185319, -0.118244071222, 0.137976365942, 0.0, -0.553012368511, 0.894164448116, 1.0, 2.28016782088, 0.0, 0.283162889818, 1.0, 1.85032218118, 1.5047782124, 3.0, 0.0, 2.0, -0.0987063788465, 3.0, 2.53236631501, 2.49877774321, 1.39121870071, 1.0, 2.0, -0.50767167105, -1.0, 2.87129735683, -0.603072127821, 0.0, 2.0, 1.0, 96148.0, 682.0, 99449.0
0.0, 0.261513048543, 1.10957173057, 0.758090660817, 2.0, 2.35031897134, -0.780157367217, 0.0, -1.0, 0.0, 1.0, 0.0, 0.205721628929, -0.865192759514, 0.302877262644, 2.62136431727, 1.25118745822, 3.0, -0.0044874886023, 0.933936471998, 2.45733891005, -1.0, -0.374815839128, 2.33634709866, -0.928603515796, 0.539697427874, 2.01140924163, 0.0, 0.0, 1.0, 0.0, 2.88261548147, -0.144877446007, -1.0, 0.0, -1.0, -0.715046175168, -1.0, -1.0, 0.0, -1.0, -1.0, -0.335519748018, 1.0, -0.28445361617, 3.0, 1.86565803016, 2.72571298233, 1.17165988215, 1.98634137794, 96497.0, 554.0, 99520.0
3.0, 0.0, 1.0, -0.805944700766, -0.818401039464, -0.296603182445, -0.838346359687, 1.95195909533, -0.302620181049, -0.634803463253, 1.42400080992, 0.0, 2.62628176984, -0.976928240459, 2.75319923195, -0.617772176367, 0.41146914149, -0.633133818658, 1.0, 0.837786273518, -1.0, -0.72696928764, 0.462969494324, 2.8212388934, 2.0, 1.87283130067, 1.49602445696, 0.0946133728307, 0.661558223561, 1.85150519498, 1.94445509576, 0.281503690021, -1.0, 2.0, -0.483450403916, 1.13756531897, 1.35266588195, -0.848145872003, -1.0, -1.0, 0.0, 1.0, 2.23372167219, -1.0, -0.370446745585, 2.0, -0.992953444736, -0.282911379271, 1.0, -1.0, 97116.0, 493.0, 99570.0
0.0, 0.261513048543, 1.0, -0.399728040203, 2.47034590026, 2.1373068469, 0.0, -0.373093433713, -1.0, 3.0, 1.36561293594, 0.0, 0.205721628929, -1.0, 1.43264122022, -0.520079583797, -0.27660036516, 3.0, 1.0, -0.619383699909, 2.0, -1.0, -0.374815839128, 1.10929678728, 2.0, 0.539697427874, 2.01140924163, 0.0, -0.975681936904, 1.0, -0.351147111909, 3.0, 2.0, -1.0, 0.0, -1.0, -0.554297655163, -1.0, -1.0, 0.0, -1.0, -1.0, 2.0, 1.0, -0.889234974939, 3.0, 1.0, -1.0, 2.03815052482, 1.98634137794, 96854.0, 512.0, 99551.0
1.65481600542, 0.0, -0.147443372131, 0.407100939538, -0.764257010663, 2.58182808049, -0.26710398381, -1.0, -0.765098234953, 0.239649678747, -0.888992933908, 2.80196531933, -0.129587592695, 2.82482182095, 2.76745442637, 2.99786943187, 0.945437954996, 0.106319875043, 1.28729108885, -0.54625858232, 1.20016223877, -0.72696928764, 1.18669305902, 0.0, -0.886641800897, 3.0, 0.82233982303, 0.881813786843, -0.348659205418, 0.0, -0.620348026803, 2.0, 3.0, -1.0, -0.959879195824, -1.0, -0.949148980689, 3.0, -1.0, -0.829590466699, -1.0, -0.367297111232, 2.47290821541, -1.0, 2.94329149001, 0.93050356058, -1.0, 2.09220665233, 3.0, 1.61375945181, 97305.0, 484.0, 99569.0
1.0, 2.0, 2.22120961661, 2.63951181476, 3.0, 2.0, 1.77515899056, -1.0, 0.447073042822, 0.0, 3.0, 2.0, 0.0, -0.983014435431, 1.0, 0.821204208795, 1.0, 2.24057495429, 0.0382605537416, 0.383808625388, 0.649124918799, -0.727589363035, 1.0, 0.0, -0.268134994633, 1.83841610488, 1.58014227152, 0.853251175126, 0.0, -0.203776858631, 0.0, 2.94239774597, 3.0, -1.0, 2.07419613436, -0.36711148137, 1.53384263711, 3.0, -0.981682285012, 0.0, 0.0, -0.857252104898, -0.104210699813, 2.32781237588, 1.78530064155, 2.0, 0.0, -1.0, -0.48267268663, 1.0, 96609.0, 616.0, 99468.0
3.0, -0.248511196358, 3.0, 3.0, 2.0, 0.0, 1.33674311157, -0.182598337545, 3.0, 0.186647306696, 2.28141378304, -0.749117034498, 0.885233842117, -0.00973609484954, 1.28129420261, -0.683287843107, 1.0, -1.0, 1.0, -0.622001835228, -1.0, -1.0, -1.0, 0.488238237172, 1.57419683144, -0.0163106451555, 3.0, 1.56299477768, 3.0, 1.95569112333, -0.380291804655, 0.13454304708, -1.0, -1.0, 0.782297037804, -0.502365662473, 0.0, -0.848145872003, -0.935591958037, -1.0, 0.0, 1.0, 1.22877541508, -1.0, 3.0, 0.00622752962652, -1.0, 0.81047494561, 1.46931188201, -1.0, 97216.0, 485.0, 99562.0
3.0, 1.59783242953, 3.0, 2.52628229524, 0.7614740135, 0.0, 3.0, 2.18342384738, 3.0, 2.0, 2.96768703835, 0.123600187481, -0.27188940005, -1.0, 1.0, 0.632439502975, 0.405761992326, 2.29839350531, 0.0, 0.832131235734, -0.622039216733, 1.49107417154, 0.773893915168, 2.13669128814, -0.416546377795, 0.0, 0.0929407171452, 1.0, -0.460688754315, 1.93044765274, 0.841519499004, 2.0, 2.03089203576, 2.0, 1.0, 0.697818250566, 0.00274128539786, 0.0, 2.86457972513, 0.0, 1.9740473244, -0.29149770325, 0.0, 2.14121983953, 2.49530989639, 1.0, 3.0, 0.0, 2.33255759865, 2.0, 96263.0, 707.0, 99422.0
0.0, 0.261513048543, 0.256259634608, 0.758090660817, 2.22979576842, 2.35031897134, 1.00735216843, 0.0, -1.0, 0.0, 1.0, 0.0, 0.205721628929, -0.865192759514, 0.302877262644, 2.62136431727, 1.25118745822, 3.0, -0.327676301092, 0.933936471998, 2.54283322036, -0.34650528124, -0.374815839128, 2.33634709866, -0.928603515796, 0.539697427874, 2.01140924163, 0.0, 0.0, 1.0, 0.0, 2.88261548147, -0.144877446007, -1.0, 0.0, 1.0, -0.715046175168, -1.0, -1.0, 0.0, -1.0, -1.0, -0.335519748018, 1.0, -0.28445361617, 3.0, 1.86565803016, 0.715628976006, 0.0987772330037, 1.98634137794, 96161.0, 605.0, 99488.0
0.653971341563, 1.0, 0.0, 2.66412619395, 3.0, 2.16565602381, -0.111010569789, -1.0, 3.0, 2.0, 1.0, 2.30773345423, 0.944090101144, 1.0, 1.3728766144, 1.0, 2.0, 0.0, 1.11772840383, 0.456213291109, 0.0, 0.55565397568, 0.867575499944, 2.13669128814, -0.0346988192807, 0.0, 2.08342582458, 0.0, -0.491154188976, 2.73281178622, 0.25811330658, 3.0, 0.518210789836, 0.586728175831, 0.0, -1.0, 0.00274128539786, 2.39860299722, -0.909733039065, 0.0, 2.73444802347, 0.172177726048, 1.06970081391, 1.0, 2.0, 0.622366161386, 1.0, 0.0, 1.0, 0.0, 96131.0, 684.0, 99435.0
0.0612328329611, 0.0, 0.0, 3.0, -0.764257010663, 2.58182808049, 2.34088632238, -1.0, 0.239527804757, 0.274157427606, -0.888992933908, 0.606033794623, -0.710631114241, -0.983014435431, 0.904527337562, 0.409404051192, 0.945437954996, -1.0, 1.0, 1.0, 1.0, -0.72696928764, 3.0, 0.0, -0.972213448783, 3.0, 0.82233982303, 1.0, 0.604295020853, -0.203776858631, -0.616517529677, 2.0, 3.0, -1.0, -0.959879195824, -1.0, -0.949148980689, 3.0, -1.0, -0.832811034328, 1.06926887162, -1.0, 2.43563313547, -1.0, 2.49458638716, 2.0, -1.0, 2.09220665233, 1.0, 1.61375945181, 97465.0, 458.0, 99589.0
