0.509969497942, 1.0387806016, 5.67256704903, 0.382025111293, 18.152690851, 42.6164333539, 3.811994198, 2.44712186927, 30.8945570646, 1114.42587148, 0.543573499463, 0.148648648649
0.529127808375, 1.20630542595, 2.78277911498, 0.314329263959, 15.0381745958, 42.1240009952, 3.68971130473, 0.309270447933, 35.0885526824, 560.890024332, 0.580884915662, 0.234011627907
0.555095438553, 1.00245243389, 3.0501005725, 0.419030397947, 20.3040309311, 42.8620636696, 3.25044933265, 2.44528432328, 42.7080192551, 565.11421253, 0.551025116979, 0.476451259584
0.511261300112, 1.04260971294, 2.64707497881, 0.264118483406, 32.2534058487, 45.9719865835, 3.12464689869, 0.641236986283, 32.3401144045, 508.676534944, 0.53761573124, 0.0640668523677
0.631553163154, 0.990342211743, 3.55360508872, 0.362587672793, 5.28080598214, 49.2758253066, 3.77203597951, 0.611083905218, 42.2665370774, 698.002615602, 0.594568720327, 0.0120481927711
0.569003809246, 0.991489125827, 3.9072321519, 0.292612210294, 30.3797894128, 46.5938997408, 2.96934681465, 0.72689507851, 36.9579170237, 664.214712519, 0.608022033148, 0.5
0.614139671193, 1.15217970968, 2.33527682139, 0.367636884689, 42.3885177248, 49.2910573546, 3.84076548467, 3.74635550966, 30.8885091381, 474.871908095, 0.57005201111, 0.202479338843
0.580993706474, 1.030619788, 4.60193697339, 0.306898037312, 35.5000908454, 43.8560972286, 2.64145116694, 0.290724974713, 38.1102205332, 723.347491969, 0.602552975234, 0.1
0.51625012934, 1.23519007412, 2.57815357718, 0.352311029609, 19.5435228968, 40.4464217746, 2.81636712469, 3.07534525812, 43.9860906461, 528.961385022, 0.475192893568, 0.0740740740741
0.640722279232, 1.13361875339, 3.1516530033, 0.288748506383, 28.7787062014, 42.7874322434, 3.29309894815, 1.11703844825, 40.7886228248, 664.210370101, 0.469848055547, 0.304270462633
0.515993317815, 1.04012576839, 2.30542963014, 0.416420238623, 37.151701762, 48.9952017815, 3.11088120033, 2.78780253092, 28.5218457592, 472.898338014, 0.546060077762, 0.305243445693
0.690065156991, 1.13672367392, 3.66376779387, 0.368340374824, 31.7892513809, 44.2643034214, 2.69073428636, 1.19380167636, 34.97580017, 694.148995254, 0.556438293817, 0.146551724138
0.637482691337, 1.14268103839, 3.11025936523, 0.306486812573, 47.2388653591, 46.5293574864, 3.23739795661, 0.634268964807, 34.893919969, 658.71305736, 0.597198623618, 0.238853503185
0.568503857711, 1.02533376805, 2.16706273553, 0.390228769183, 7.70083085831, 48.9591379059, 2.09257202863, 0.771670172484, 24.7027329799, 317.567581658, 0.569659364847, 0.312169312169
0.763942513261, 1.1528908949, 2.42405257418, 0.450518464903, 24.5185228583, 47.12718663, 3.72288475225, 0.916455440016, 36.2357045632, 462.269096031, 0.608847463882, 0.003663003663
0.640345713793, 1.10600281055, 2.25873345043, 0.482285756757, 40.0812603806, 48.0507337992, 2.08155489284, 0.691004018659, 43.9728912942, 494.075434734, 0.619073692542, 0.212121212121
