0.510138658581, 0.961584756902, 2.0410960524, 0.305345174243, 46.8910483525, 40.279292668, 2.78911029309, 1.8647353902, 32.587967936, 306.018700451, 0.389779348052, 0.120689655172
0.502636990932, 0.887042093118, 2.03033590449, 0.477346725281, 48.4552903474, 44.6780757902, 2.11392518014, 1.77717882472, 36.291056042, 223.109421159, 0.444591446522, 0.52
0.512786910958, 0.961584756902, 2.0410960524, 0.305345174243, 36.0528078641, 45.9654283797, 2.78911029309, 1.63363055156, 25.2216077601, 231.808521887, 0.528960457433, 0.0
0.512786910958, 0.96112498069, 2.0410960524, 0.305345174243, 45.6108379168, 40.279292668, 2.78911029309, 1.37671343356, 32.587967936, 319.100170259, 0.382317308676, 0.566964285714
0.623053259706, 0.887042093118, 2.03033590449, 0.477346725281, 48.4552903474, 44.6780757902, 2.11392518014, 1.77717882472, 36.291056042, 206.714167862, 0.540686227009, 0.0
0.512786910958, 0.961584756902, 2.0410960524, 0.305345174243, 44.5050884809, 40.279292668, 2.78911029309, 1.37671343356, 32.587967936, 273.572013252, 0.396728718586, 0.546153846154
0.502636990932, 0.887042093118, 2.03033590449, 0.387330436936, 36.0528078641, 47.5733378226, 2.11392518014, 1.63363055156, 34.0785432807, 266.010091239, 0.415663537379, 0.487455197133
0.502636990932, 0.887042093118, 2.03033590449, 0.477346725281, 48.9605310256, 44.6780757902, 2.11392518014, 1.77717882472, 36.291056042, 249.034188491, 0.434845701787, 0.592783505155
0.507810945074, 0.961584756902, 2.0410960524, 0.303599175446, 46.8910483525, 40.279292668, 2.78911029309, 1.37671343356, 32.587967936, 292.914045086, 0.433360645229, 0.290540540541
0.502636990932, 0.887042093118, 2.03033590449, 0.387330436936, 48.4552903474, 47.5733378226, 2.11392518014, 1.63363055156, 34.0785432807, 251.630079755, 0.401892513069, 0.509259259259
0.502636990932, 0.996524136772, 2.17463467667, 0.445637628092, 48.4552903474, 40.9634822887, 2.11392518014, 1.77717882472, 36.291056042, 315.243087749, 0.40610852917, 0.0
0.501388567569, 0.983140389319, 2.02360524029, 0.461820467498, 48.4552903474, 41.0393202388, 2.88662834034, 1.63363055156, 25.5752921606, 210.520028429, 0.444611494609, 0.165137614679
0.581065444836, 0.866412424996, 2.01758682631, 0.400673757204, 26.1876883068, 43.134876205, 2.88662834034, 4.6933382959, 33.852042615, 231.930918347, 0.469611926657, 0.0
0.502636990932, 0.825529945232, 2.17463467667, 0.416115050979, 48.4552903474, 42.8622736458, 2.78911029309, 1.77717882472, 36.291056042, 312.623930636, 0.441880178085, 0.0833333333333
0.502636990932, 0.887042093118, 2.03033590449, 0.201896337129, 48.4552903474, 47.5733378226, 2.11392518014, 1.63363055156, 30.1782015826, 240.078565999, 0.411275772372, 0.610989010989
0.501388567569, 0.983140389319, 2.02360524029, 0.445637628092, 48.4552903474, 41.0393202388, 2.11392518014, 1.63363055156, 25.5752921606, 289.088217296, 0.461399759495, 0.0
0.501456197218, 0.931710074273, 3.73817701174, 0.468876173528, 11.0702833196, 40.6255853054, 2.78911029309, 1.63363055156, 32.587967936, 453.307209836, 0.362996158549, 0.650112866817
0.502636990932, 0.961584756902, 2.0410960524, 0.471904307528, 45.6108379168, 45.2758328479, 2.78911029309, 1.37671343356, 20.1560393066, 274.064195275, 0.460811942268, 0.0347826086957
0.510138658581, 1.04483666372, 2.02759187375, 0.305345174243, 46.8910483525, 40.279292668, 2.78911029309, 1.8647353902, 24.7303653993, 326.921938145, 0.370460774425, 0.184210526316
0.502636990932, 0.861099767695, 2.17463467667, 0.477346725281, 48.4552903474, 43.8254949727, 2.11392518014, 1.77717882472, 38.7625148598, 264.65898536, 0.441992809694, 0.310924369748
0.519050318871, 1.1163346428, 2.03033590449, 0.35243212721, 29.7596985043, 40.2857806813, 2.11392518014, 1.08773710926, 34.0785432807, 281.791340982, 0.429398609989, 0.325301204819
0.512786910958, 0.96112498069, 2.0410960524, 0.305345174243, 45.6108379168, 40.279292668, 2.78911029309, 1.37671343356, 32.587967936, 227.709374627, 0.487883042448, 0.105263157895
0.507810945074, 0.961584756902, 2.0410960524, 0.303599175446, 46.8910483525, 40.279292668, 2.78911029309, 1.37671343356, 25.5752921606, 267.783092051, 0.413853052691, 0.352941176471
0.561117099358, 0.866412424996, 2.03033590449, 0.390242596649, 38.0097615443, 43.134876205, 2.88662834034, 1.94677971255, 24.4310547518, 198.331172047, 0.494056782207, 0.265193370166
0.502636990932, 0.839805784115, 2.17463467667, 0.449940622393, 48.4552903474, 43.8254949727, 2.11392518014, 1.77717882472, 21.1376742256, 201.98670252, 0.481837501268, 0.393822393822
0.500235127495, 0.840362384085, 2.0410960524, 0.305345174243, 36.0528078641, 45.9654283797, 2.78911029309, 1.63363055156, 32.587967936, 262.20814996, 0.395845056797, 0.657360406091
0.510138658581, 0.961584756902, 2.0410960524, 0.413851916811, 46.8910483525, 40.279292668, 2.78911029309, 1.8647353902, 32.587967936, 293.29762613, 0.398039322032, 0.577702702703
0.581065444836, 0.866412424996, 2.03033590449, 0.390242596649, 26.1876883068, 43.134876205, 2.88662834034, 4.6933382959, 24.4310547518, 219.860428254, 0.546693156363, 0.102040816327
0.512786910958, 0.961584756902, 2.0410960524, 0.305345174243, 36.0528078641, 45.9654283797, 2.78911029309, 1.63363055156, 20.0199731533, 213.731168899, 0.567883527518, 0.0687022900763
0.501388567569, 0.821925244038, 2.10424056836, 0.461820467498, 48.4552903474, 41.0393202388, 2.88662834034, 1.77717882472, 25.5752921606, 222.624700839, 0.55496008079, 0.0
0.537022234665, 0.900832003009, 2.13511263227, 0.282196851675, 33.6581761172, 44.8203277073, 2.19969987805, 2.61898749484, 41.1502672947, 231.294683093, 0.581610927989, 0.0
0.502636990932, 0.887042093118, 2.03033590449, 0.387330436936, 48.4552903474, 47.5733378226, 2.11392518014, 1.77717882472, 34.0785432807, 254.58238021, 0.428147637364, 0.606382978723
0.502636990932, 0.887042093118, 2.03033590449, 0.477816812715, 48.4552903474, 41.0393202388, 2.03518330852, 1.77717882472, 25.5752921606, 261.294466586, 0.426311748611, 0.574468085106
0.502451781331, 0.961584756902, 2.0410960524, 0.305345174243, 44.5050884809, 40.279292668, 2.78911029309, 1.8647353902, 32.587967936, 270.167841735, 0.410370969443, 0.528517110266
0.502636990932, 0.887042093118, 2.03033590449, 0.387330436936, 48.4552903474, 47.5733378226, 2.01010158415, 1.77717882472, 34.0785432807, 327.049828248, 0.380494927178, 0.624535315985
0.519486684642, 0.916588052259, 2.52843976109, 0.324684299994, 34.9587504441, 45.199134924, 2.18988502296, 1.36474210741, 34.0785432807, 396.100909222, 0.376902652194, 0.670422535211
0.510138658581, 0.961584756902, 2.01395331424, 0.300354827824, 46.8910483525, 40.279292668, 2.78911029309, 1.8647353902, 21.6826739738, 269.696338273, 0.407661100276, 0.677083333333
0.512786910958, 0.961584756902, 2.0410960524, 0.305345174243, 42.6245076909, 45.9654283797, 2.78911029309, 1.63363055156, 25.2216077601, 256.990144056, 0.423824408741, 0.636363636364
0.502636990932, 0.887042093118, 2.03033590449, 0.477346725281, 48.4552903474, 44.6780757902, 2.11392518014, 1.77717882472, 36.291056042, 274.72708556, 0.465349075431, 0.160839160839
0.512786910958, 0.961584756902, 2.0410960524, 0.305345174243, 36.0528078641, 45.9654283797, 2.78911029309, 1.63363055156, 25.2216077601, 285.769305742, 0.464317365107, 0.102189781022
0.502636990932, 0.887042093118, 2.03033590449, 0.477816812715, 48.8653962437, 46.0470758621, 2.03518330852, 1.77717882472, 25.5752921606, 270.762973358, 0.43624915987, 0.478494623656
0.512786910958, 0.96112498069, 2.0410960524, 0.305345174243, 48.4552903474, 40.279292668, 2.78911029309, 1.37671343356, 32.587967936, 282.227720607, 0.414403085368, 0.423076923077
0.510138658581, 0.961584756902, 2.0410960524, 0.305345174243, 46.8910483525, 40.279292668, 2.78911029309, 1.8647353902, 32.587967936, 265.865357161, 0.434301114523, 0.592896174863
0.574124839418, 0.985124897702, 2.64531212792, 0.386478898741, 6.95481837344, 44.1250391743, 2.47936051987, 1.91420766431, 36.8224103561, 334.521432769, 0.452903353169, 0.0267857142857
0.623053259706, 1.02742848528, 2.36299203224, 0.35878865306, 29.7539354006, 42.6948679783, 2.47936051987, 1.37794364014, 41.8289775963, 344.095035892, 0.452364845558, 0.0560747663551
0.520174479913, 1.25217917626, 2.52843976109, 0.387330436936, 33.3508853007, 44.1250391743, 2.44861506955, 1.91420766431, 34.0785432807, 563.252056063, 0.384702243405, 0.675409836066
0.512786910958, 0.961584756902, 2.0410960524, 0.305345174243, 36.0528078641, 45.9654283797, 2.78911029309, 1.63363055156, 32.587967936, 267.607773917, 0.421838566055, 0.573248407643
0.502451781331, 0.961584756902, 2.0410960524, 0.305345174243, 44.5050884809, 40.279292668, 2.78911029309, 1.8647353902, 32.587967936, 271.745123391, 0.411592942741, 0.611267605634
0.512786910958, 0.961584756902, 2.0410960524, 0.305345174243, 36.0528078641, 45.9654283797, 2.78911029309, 1.63363055156, 32.587967936, 250.081158993, 0.446972404809, 0.434163701068
0.512786910958, 1.17048674977, 2.0410960524, 0.244995793973, 36.0528078641, 45.9654283797, 2.78911029309, 1.63363055156, 21.015386829, 244.406543597, 0.462245892517, 0.222797927461
0.746914806963, 0.961584756902, 2.0410960524, 0.471904307528, 45.6108379168, 45.2758328479, 2.78911029309, 1.37671343356, 32.587967936, 239.617736004, 0.446366564304, 0.462686567164
0.502636990932, 0.887042093118, 2.17463467667, 0.477346725281, 48.4552903474, 43.8254949727, 2.11392518014, 1.77717882472, 36.291056042, 294.541166784, 0.448841474614, 0.21472392638
0.648832560319, 0.839805784115, 2.42554864226, 0.449940622393, 9.03158810772, 45.9654283797, 2.47936051987, 1.44067007542, 21.1376742256, 222.815055015, 0.474166456446, 0.524844720497
0.623053259706, 0.887042093118, 2.0410960524, 0.477346725281, 48.4552903474, 44.6780757902, 2.78911029309, 1.77717882472, 36.291056042, 238.816622542, 0.452935217074, 0.394308943089
0.502636990932, 0.887042093118, 2.03033590449, 0.305345174243, 42.6245076909, 41.0393202388, 2.03518330852, 1.77717882472, 25.5752921606, 254.291138771, 0.452716267147, 0.300546448087
0.512786910958, 0.961584756902, 2.0410960524, 0.305345174243, 36.0528078641, 45.9654283797, 2.78911029309, 1.63363055156, 32.587967936, 239.415142494, 0.451367449105, 0.339366515837
0.501388567569, 0.983140389319, 2.02360524029, 0.445637628092, 48.4552903474, 41.0393202388, 2.11392518014, 1.63363055156, 25.5752921606, 237.394341142, 0.463909187126, 0.330188679245
0.519486684642, 0.916588052259, 2.0410960524, 0.206316405999, 34.9587504441, 45.199134924, 2.18988502296, 1.36474210741, 25.2216077601, 269.474171667, 0.455712143331, 0.286885245902
0.510138658581, 0.961584756902, 2.0410960524, 0.305345174243, 46.8910483525, 40.279292668, 2.78911029309, 1.8647353902, 32.587967936, 243.790998001, 0.490394397619, 0.0
0.502636990932, 0.887042093118, 2.03033590449, 0.477346725281, 48.4552903474, 44.6780757902, 2.11392518014, 1.77717882472, 36.291056042, 233.404354147, 0.499362510045, 0.0392156862745
0.500506893898, 0.887042093118, 2.03033590449, 0.477346725281, 40.53883686, 44.6780757902, 2.11392518014, 1.77717882472, 33.4278272981, 259.010704299, 0.486416345734, 0.0
0.746914806963, 0.887042093118, 2.0410960524, 0.477346725281, 45.6108379168, 45.2758328479, 2.78911029309, 1.77717882472, 32.587967936, 267.073372188, 0.43783204517, 0.586102719033
0.501166370139, 1.07645509197, 2.0410960524, 0.305345174243, 36.0528078641, 45.9654283797, 2.78911029309, 1.63363055156, 32.587967936, 289.790035507, 0.413568149575, 0.547445255474
0.510138658581, 1.04483666372, 2.02759187375, 0.471904307528, 46.8910483525, 40.279292668, 2.78911029309, 1.8647353902, 24.7303653993, 238.244343156, 0.453511221269, 0.561514195584
0.502636990932, 0.887042093118, 2.17463467667, 0.416115050979, 48.4552903474, 44.6598951483, 2.78911029309, 1.77717882472, 36.291056042, 285.753657271, 0.436155203242, 0.369565217391
0.623053259706, 0.900832003009, 2.36299203224, 0.35878865306, 29.7539354006, 42.6948679783, 2.47936051987, 1.37794364014, 42.3780435482, 323.117074454, 0.451357072636, 0.106870229008
0.520174479913, 1.25217917626, 2.00598193123, 0.355551999164, 33.3508853007, 44.1250391743, 2.44861506955, 1.91420766431, 34.0785432807, 329.904670762, 0.453123071798, 0.0839694656489
0.502636990932, 1.11872879995, 2.03033590449, 0.477346725281, 48.4552903474, 44.6780757902, 2.78911029309, 1.77717882472, 36.291056042, 306.65490999, 0.401821175928, 0.590529247911
0.502636990932, 0.938579745048, 2.17463467667, 0.305345174243, 48.4552903474, 40.9634822887, 2.11392518014, 1.77717882472, 36.291056042, 276.345146764, 0.440046667702, 0.498023715415
0.502636990932, 0.961584756902, 2.0410960524, 0.413851916811, 46.8910483525, 47.5733378226, 2.11392518014, 1.8647353902, 32.587967936, 230.119554109, 0.492528913185, 0.197368421053
0.501456197218, 0.931710074273, 2.86624334218, 0.468876173528, 11.0702833196, 40.6255853054, 2.00675712859, 1.77717882472, 22.6367951499, 352.038513668, 0.390479440135, 0.203488372093
0.502636990932, 0.996524136772, 2.17463467667, 0.461820467498, 48.4552903474, 40.9634822887, 2.88662834034, 1.77717882472, 40.357908902, 342.768760338, 0.394718073317, 0.534050179211
0.500506893898, 0.887042093118, 2.03033590449, 0.477346725281, 40.53883686, 44.6780757902, 2.11392518014, 1.77717882472, 33.4278272981, 253.40799587, 0.457843826882, 0.375661375661
0.502636990932, 0.861099767695, 2.17463467667, 0.477346725281, 48.4552903474, 40.279292668, 2.11392518014, 1.37671343356, 38.7625148598, 246.58181953, 0.469567201701, 0.315068493151
0.512786910958, 0.961584756902, 2.0410960524, 0.305345174243, 36.0528078641, 45.9654283797, 2.78911029309, 1.63363055156, 25.2216077601, 224.076262065, 0.509285878962, 0.399193548387
0.512786910958, 0.961584756902, 2.0410960524, 0.305345174243, 36.0528078641, 45.9654283797, 2.78911029309, 1.63363055156, 32.587967936, 291.035548878, 0.458649569624, 0.293333333333
0.512786910958, 0.952430281121, 2.0410960524, 0.244995793973, 36.0528078641, 45.9654283797, 2.78911029309, 1.63363055156, 21.015386829, 210.994175287, 0.505896884687, 0.465034965035
0.502636990932, 0.887042093118, 2.03033590449, 0.387330436936, 48.4552903474, 47.5733378226, 2.11392518014, 1.77717882472, 34.0785432807, 272.31831721, 0.444881853398, 0.336787564767
0.510138658581, 1.07645509197, 2.0410960524, 0.305345174243, 36.0528078641, 45.9654283797, 2.78911029309, 0.739082605794, 32.587967936, 344.076830711, 0.465356894793, 0.0190476190476
0.512786910958, 0.887042093118, 2.03033590449, 0.477346725281, 48.4552903474, 44.6780757902, 3.11142969705, 1.37671343356, 36.291056042, 382.070349257, 0.466437294955, 0.0180505415162
0.502636990932, 0.887042093118, 2.10424056836, 0.461820467498, 48.4552903474, 41.0393202388, 2.09088639718, 1.77717882472, 25.5752921606, 302.029743974, 0.411834377771, 0.653333333333
0.512786910958, 0.96112498069, 4.95499649723, 0.305345174243, 46.8910483525, 40.279292668, 2.78911029309, 1.37671343356, 32.587967936, 684.278727236, 0.434581742505, 0.142857142857
0.506156526288, 0.961584756902, 4.46755280855, 0.238722837986, 36.0528078641, 49.4050489488, 2.78911029309, 1.63363055156, 32.587967936, 644.064410814, 0.437105851192, 0.16814159292
0.502636990932, 0.931710074273, 7.45673337822, 0.468876173528, 11.0702833196, 41.6741612266, 2.00675712859, 1.77717882472, 22.6367951499, 953.345643645, 0.429095146776, 0.179245283019
0.507607877629, 1.04483666372, 2.17463467667, 0.390242596649, 26.1876883068, 44.9483144284, 2.88662834034, 4.6933382959, 23.97818974, 251.832720556, 0.520782915841, 0.0
0.502636990932, 0.887042093118, 2.03033590449, 0.477346725281, 48.4552903474, 44.6780757902, 2.11392518014, 1.77717882472, 36.291056042, 252.51968099, 0.498023734467, 0.104347826087
0.561095918219, 0.89629292865, 2.03033590449, 0.477346725281, 48.4552903474, 44.6780757902, 2.11392518014, 1.77717882472, 36.291056042, 252.175314365, 0.499152132043, 0.0
0.502636990932, 0.887042093118, 2.03033590449, 0.477346725281, 48.4552903474, 44.6780757902, 2.11392518014, 1.8647353902, 36.291056042, 238.942135979, 0.465095829104, 0.43537414966
0.512786910958, 0.961584756902, 2.0410960524, 0.290017957526, 35.6946150912, 45.9654283797, 2.78911029309, 4.52761230593, 32.587967936, 234.947686312, 0.541388229783, 0.0183486238532
0.502636990932, 0.887042093118, 2.01836800581, 0.477346725281, 48.9605310256, 44.6780757902, 2.11392518014, 1.77717882472, 36.291056042, 291.795046456, 0.415563275419, 0.52479338843
0.507607877629, 0.983140389319, 2.17463467667, 0.390242596649, 48.4552903474, 41.0393202388, 2.88662834034, 4.6933382959, 23.97818974, 287.207110394, 0.478000096881, 0.0462962962963
0.512786910958, 0.96112498069, 2.0410960524, 0.305345174243, 45.6108379168, 40.279292668, 2.78911029309, 1.37671343356, 32.587967936, 284.073632819, 0.479553386719, 0.12389380531
0.502636990932, 0.887042093118, 2.17463467667, 0.477346725281, 48.4552903474, 43.8254949727, 2.11392518014, 1.77717882472, 38.7625148598, 260.453883519, 0.445296780167, 0.528700906344
0.512786910958, 0.887042093118, 2.17463467667, 0.477346725281, 48.4552903474, 43.8254949727, 2.11392518014, 1.77717882472, 36.291056042, 303.145550838, 0.485419561274, 0.0
0.520174479913, 1.20463358964, 2.36299203224, 0.459339522767, 33.6281162877, 41.4340290872, 2.47043134649, 1.37794364014, 32.3271034618, 307.514740972, 0.483356623004, 0.0
0.506156526288, 0.961584756902, 4.46755280855, 0.238722837986, 36.0528078641, 46.0307365773, 2.78911029309, 1.63363055156, 32.587967936, 745.725985771, 0.403224961167, 0.40127388535
0.577600527379, 1.23173107792, 2.51407449173, 0.348081992253, 2.87601286341, 43.6091625222, 2.47043134649, 1.54462282901, 20.87864505, 413.36844368, 0.399904790212, 0.425
0.502636990932, 0.938579745048, 2.17463467667, 0.305345174243, 48.4552903474, 40.9634822887, 2.11392518014, 1.77717882472, 36.291056042, 364.42333278, 0.400480153756, 0.437158469945
0.502451781331, 0.961584756902, 2.0410960524, 0.477346725281, 44.5050884809, 40.279292668, 2.78911029309, 1.8647353902, 32.587967936, 287.559674077, 0.435559998801, 0.451754385965
0.520174479913, 0.91615936279, 2.36299203224, 0.459339522767, 29.7539354006, 41.4340290872, 2.47043134649, 1.37794364014, 42.3780435482, 291.072394408, 0.465740527861, 0.115646258503
