1.0, 1.0, 0.0, -1.0, 0.0, 1.0, 0.0, -1.0, 1.0, -1.0, -1.0, -1.0, 1.0, 2.0, 2.0, 1.0, 0.81281505833, -1.0, 3.0, -1.0, -1.0, 2.0, 0.53220775692, 2.0, -1.0, 1.0, 2.0, 1.06497176567, 3.0, 0.0, 0.0, 1.0, 2.0, 3.0, 1.0, 0.0, -0.772059596194, 3.0, 2.0, 0.0, -0.420127840713, 1.0, 0.0, -1.0, 2.0, 0.856529693798, -1.0, 2.47738795373, 2.0, -0.719560728554, 97180.0, 556.0, 99476.0
-0.849791500811, -1.0, 1.0, -1.0, -0.215514801203, 0.119111566273, -1.0, -1.0, 2.0, -0.003467626171, 0.561812612806, 2.38507398588, 1.0, 0.0, -1.0, 3.0, 1.0, 2.0, -0.760951437843, 1.0, 0.0, 0.0, 1.0, 0.0, -0.348639834429, 1.0, 0.0, 0.908951123297, 2.0, 2.0, 0.0, 2.0, 2.0, -1.0, 1.0, -0.826460607825, 1.0, 3.0, -1.0, -1.0, -1.0, -1.0, 0.0, -0.43489461954, -0.835724950608, 2.0, 0.253363859981, -0.607188058554, 0.0, -1.0, 97386.0, 508.0, 99538.0
-1.0, 0.0, 2.0, 3.0, 2.28180059458, 0.70271184386, 0.0, 1.0, 0.177240364155, 2.34604577754, 0.170823303687, 0.562208563488, 1.0, 0.0, 2.0, 1.0, 0.0, -1.0, 2.0, 1.0, 1.0, 0.0, 1.0, 3.0, 2.0, 1.26380705028, -1.0, 0.0, 1.0, 2.0, 0.0, 0.280753776679, 0.0, -1.0, 0.0428338822441, 2.0, -1.0, 3.0, 0.47112978113, -1.0, 1.0, 0.0, 0.0, 1.0, 1.0, -0.71311421065, 2.0, 2.18216644243, -0.0498052014982, 2.0, 96793.0, 641.0, 99425.0
-0.0793430981309, 1.0, 0.0, -1.0, 0.0, 1.0, 0.0, -1.0, 1.0, 1.07869989799, -1.0, -1.0, -0.258701729908, 2.0, 2.0, 0.193870085002, 0.0, -0.380745340904, 3.0, -1.0, 0.728262649196, 2.0, 1.74971517025, 2.0, 2.47972278984, -0.464996045227, 2.0, 1.06497176567, 2.81802909538, 0.0, -0.654002296894, 1.0, 2.0, 3.0, 1.0, 0.0, -1.0, 3.0, 2.0, 0.0, 2.39992412071, 1.0, 0.0, 0.20412889843, 0.170444589606, 1.0, 1.0, 2.0, 2.0, 0.0, 96787.0, 651.0, 99410.0
3.0, -0.423322609555, 2.22796218432, 0.0, 0.874011828763, 1.28844910824, 3.0, -1.0, 1.0, 1.22538556768, 0.150727795505, 3.0, 2.0, 1.0, 1.05952479019, 0.0971796644989, 0.0, 1.0, 2.0, 1.97463817566, 1.56688271032, 1.0, 0.0, 1.0, 0.0, 2.0, 1.0, 0.777308492021, 2.0, 0.233190493555, 0.0, 3.0, 2.0, 2.83695720852, 0.36378214399, 3.0, 2.93443580357, 0.711014315552, 1.43008230596, -1.0, 2.62955159616, 0.0, 3.0, 1.0, 2.0, 0.0, 0.130262717852, 3.0, 2.50213055402, 0.0, 96830.0, 723.0, 99362.0
0.729870508172, 1.0, -0.0406086208238, 0.406329647766, 0.0, 1.0, 0.0, -1.0, 1.0, 1.07869989799, -1.0, -1.0, -0.258701729908, 2.0, 2.0, -0.121816473173, 0.0, -0.380745340904, 3.0, 1.03715245772, -1.0, 2.0, 1.74971517025, 2.0, 2.47972278984, 1.10991746212, 2.0, 2.0, 2.81802909538, 0.0, -0.654002296894, 1.0, 2.0, 3.0, 1.0, 0.0, 3.0, 3.0, 2.0, 0.0, 2.39992412071, 1.0, 0.0, 0.20412889843, 0.170444589606, 0.0, 1.0, 2.0, 2.0, 0.0, 96731.0, 677.0, 99391.0
0.344796377648, 0.0, 1.12489966005, 1.0, -0.232449378334, -0.326110643306, -1.0, -0.958469435025, 2.05988711269, 1.0, 1.0, -0.496863141854, 2.98448840453, 0.0, -0.974644276837, 2.0, 1.0, -1.0, 2.0, 2.0, -1.0, 1.80450024363, 1.0, 0.762042291628, 1.0, -0.50760441143, 2.0, 1.91981896598, 0.0322373798671, 3.0, 3.0, -1.0, 1.0, -1.0, 1.0, 2.64202024204, 3.0, 3.0, 0.0, -1.0, -1.0, 1.0, -0.551022647679, -1.0, -0.970353465846, 2.0, -0.604392772683, -0.970335637575, 1.0, -1.0, 97657.0, 500.0, 99534.0
0.344796377648, 0.0, 2.0, 1.46252927138, -0.622535749698, 0.119111566273, -1.0, -0.958469435025, 1.96218711917, 1.0, 1.38740872708, 1.73836464502, 2.0, 3.0, -0.944704653289, -0.552829671964, 2.0, -1.0, 2.8963373155, 2.68911608298, -1.0, 0.0, 1.0, 2.0, 1.0, 2.0, 1.79499668295, -0.124848087167, 0.0, 3.0, 3.0, -1.0, 1.43129136466, -1.0, -0.199089096574, 2.0, 3.0, 3.0, 0.0, -1.0, -1.0, -0.893298587921, 0.0, -1.0, -0.970353465846, 2.61399186621, -0.604392772683, 0.0, 1.0, -1.0, 97613.0, 501.0, 99527.0
0.0, -1.0, -0.276848519124, 1.0, 0.0, 1.0, 1.15331435454, -1.0, 2.11775465766, 1.0, 1.0, 0.0, 2.0, 3.0, 2.0, 2.19450297246, 2.0, 2.59211828336, 2.0, 0.73312260075, -1.0, 0.0, 1.0, 2.88855376881, 0.976823486505, 2.0, 2.0, 2.0, 0.152192499589, 1.0, 3.0, -0.154715920134, 1.0, -1.0, 1.0, 2.0, 3.0, 3.0, 0.0, -0.316682702881, -1.0, 1.0, 0.0, 1.37547040783, -1.0, 2.54777292327, 1.0, 0.0, 1.0, -1.0, 96944.0, 638.0, 99407.0
-0.849791500811, -1.0, 1.0, -0.920078206574, -0.215514801203, 0.381266545595, -1.0, -1.0, 2.0, -0.003467626171, 0.561812612806, 2.38507398588, 1.0, 0.0, -1.0, 3.0, 1.0, -0.432475960632, -0.760951437843, 2.1004861718, 0.0, 0.0, 1.0, 0.0, -0.348639834429, 1.0, 0.125546239424, 0.908951123297, 2.94651914528, 2.0, 0.0, 2.0, 2.0, -1.0, 1.0, -0.826460607825, 2.96480255294, 3.0, -1.0, -1.0, -1.0, -1.0, 0.0, -0.652891390196, 1.2279016272, 2.0, 0.253363859981, -0.607188058554, 0.0, -1.0, 97497.0, 501.0, 99544.0
-0.994233093483, 0.25870274631, 2.20252368508, 0.0495523041349, 3.0, 0.0, 1.64619219985, 3.0, 0.581706575408, 1.0, 2.0, 2.0, 2.0, -0.510061033159, 1.09290213127, 0.0, -0.20433987786, 3.0, 1.53494621019, 0.219108295328, -1.0, 0.0, 1.0, -0.913404902562, 0.0, 1.0, 1.1838622164, 0.839937701453, 3.0, -0.123176406459, -0.44921310905, 1.82454254043, 1.32311771037, 2.9554592605, 1.4664479108, 2.35362762457, -1.0, 1.0, 0.0, 1.0, 1.23721496371, 1.0, 1.0, -0.337566240442, 1.66738422045, 0.0, -0.607556987167, 0.996242613989, 1.0, 0.230045102891, 96757.0, 646.0, 99413.0
1.0, 1.0, 0.0, -1.0, 0.0, 1.0, 0.0, -0.747181351112, 1.0, -0.928507188182, -1.0, -1.0, 1.0, 2.0, 2.0, 1.0, -0.495738045525, -1.0, 0.987233552388, -1.0, -1.0, 1.05685726218, 0.53220775692, 2.6938255342, -1.0, 1.0, 2.0, 1.06497176567, 3.0, -0.978820986968, 0.0, 1.0, 2.0, 3.0, 1.0, 0.0, -0.772059596194, 2.4332690613, 1.43406144553, 0.0, -0.420127840713, 1.0, 0.0, -1.0, 2.28744981635, 0.856529693798, -1.0, 2.66561325915, 2.0, -0.719560728554, 97168.0, 540.0, 99486.0
0.0, -1.0, 0.722808388737, -1.0, 0.0, 0.0, 0.240922931867, 2.53304631636, 2.0, 0.0, 1.0, 2.27932502984, 1.71223377054, 0.0, -1.0, 2.59682626728, 1.0, 2.0, -1.0, 1.0, 0.0, -0.65435994106, 1.0, -0.452957841527, 2.37989440821, 1.31071365927, 0.0, 1.0, 2.0, -0.57311160864, 0.0, 2.0, 2.0, -1.0, 1.0, 1.61453063466, 1.0, 2.4332690613, -1.0, -0.312525328645, -1.0, -1.0, 0.626488897024, 2.0, 0.974445520047, 2.0, -0.63396154783, 1.0, 0.0, -1.0, 97128.0, 561.0, 99485.0
-0.849791500811, -1.0, 1.0, -1.0, -0.215514801203, 0.119111566273, -1.0, -1.0, 2.0, -0.186089734128, 0.561812612806, 2.38507398588, 1.0, 0.0, -1.0, 3.0, 1.0, 2.0, -0.760951437843, 1.0, 0.0, 0.0, 1.0, 0.0, -0.348639834429, 1.0, 0.0, -0.532287290808, 2.0, 2.0, 0.0, 2.43232286859, 2.0, -1.0, 2.39063589887, -0.826460607825, 1.0, 3.0, -0.081090921181, -1.0, -1.0, -1.0, 0.0, -0.43489461954, -0.934873164303, 2.0, 0.253363859981, -0.607188058554, 0.0, -1.0, 97426.0, 504.0, 99537.0
3.0, 0.0, 1.0, 2.86071213487, 1.0, -0.32474420356, 0.0, 2.0, -1.0, 0.479977179603, 2.0, 1.0, 1.0, 2.0, 3.0, 2.79525622901, 1.0, 1.63005392385, 1.0, 3.0, 1.46889771474, 2.0, 2.17323393313, 0.0, -0.11651284599, 1.0, 3.0, 0.0, 3.0, 0.476162928201, 0.104496626486, 0.566732310271, 3.0, 0.0, 0.0, 3.0, 0.0, -0.205832226759, 0.443651165033, 1.0, 2.0, 0.0, 3.0, 1.0, -0.488693983933, 2.0, -1.0, -0.453599812325, 1.0, 1.0, 96697.0, 718.0, 99367.0
0.344796377648, 0.0, 2.0, 0.163180810905, -0.170141714598, 0.0, -1.0, -0.958469435025, 2.05988711269, 2.03000935732, 1.0, -0.496863141854, 2.0, 0.0, -0.974644276837, 2.0, 2.0, -1.0, 2.0, 2.0, -1.0, 1.80450024363, 1.0, -0.789946283154, -0.348639834429, -0.514453065846, 2.25159148828, 0.0618070471294, 0.0322373798671, 3.0, 3.0, -1.0, 1.0, -1.0, 1.04572789997, 2.0, 3.0, 3.0, 0.0, -1.0, 0.389423426369, 1.0, -0.551022647679, -1.0, -0.970353465846, 2.0, -0.604392772683, -0.970335637575, 1.0, -1.0, 97609.0, 499.0, 99538.0
-0.570925213202, -1.0, 1.26260816825, -1.0, 0.0, -1.0, -1.0, -1.0, 2.95893804903, 0.0, 1.82681533774, 2.91145509409, 1.0, -0.586220473795, -1.0, 0.709582005719, 1.0, 2.0, -1.0, 1.0, 0.0, 0.0, 1.0, 0.0, 1.0, 1.0, -0.278921894569, 1.0, 2.0, 2.0, 0.0, 2.0, 2.0, -1.0, 1.0, -0.823456968182, 1.0, 2.86730872771, -1.0, -1.0, -1.0, -0.836803906225, 0.0, 2.56938292516, 2.0, 1.70840711477, 1.0, 1.0, 0.0, -1.0, 97585.0, 500.0, 99546.0
1.96426326423, -1.0, 1.3443118886, 0.0, 1.0, 1.28844910824, 3.0, 1.8451679141, 1.0, 0.0, 1.0, 1.34790436975, 2.24863796563, 0.0, 1.0, 0.0971796644989, 1.0, 1.0, 2.52589311603, 0.53086804625, 3.0, 1.0, 0.0, 1.0, 0.0, 0.982263210017, 1.0, 1.06795404136, 2.0, 1.0, 0.0, 2.59755696565, 1.98053514741, 2.0, 0.802712197722, 3.0, 2.55858460273, 1.0, 1.43008230596, 2.44544739025, 1.96363807547, 0.0, 3.0, 2.43925907652, 2.0, 1.0, -1.0, 2.54096953327, 2.50213055402, -0.506812315872, 96890.0, 702.0, 99366.0
3.0, 0.0, 1.92594994549, 1.96635636517, 2.24371622977, 2.65542662775, 0.738866059543, -1.0, 1.73443092253, 2.9801419938, 1.0, -1.0, 0.423304115221, -0.92447081684, 1.0, -0.157259326579, 1.17105082569, 2.0, -1.0, 0.0, -1.0, 1.0, 1.0, -0.615568120782, 2.0, -1.0, -1.0, 1.0, -1.0, 2.88882516068, -0.606926895104, 2.0, 3.0, -0.908455201693, 0.802712197722, 2.0, 0.0687451087883, 1.0, 0.851660764933, 3.0, -0.514379076696, 2.0, 1.0, -1.0, 0.0, -1.0, 1.55076398545, 0.59080555493, 1.55304569171, -1.0, 97762.0, 498.0, 99527.0
1.0, 1.15543157138, 0.0, -1.0, 0.0, 0.0, 0.0, -0.747181351112, 1.0, -0.928507188182, -1.0, -1.0, 1.0, 2.0, 2.0, 1.0, -0.636680689253, -1.0, 0.987233552388, -1.0, -1.0, 1.05685726218, 0.53220775692, 2.6938255342, -1.0, 1.0, 2.0, 1.06497176567, 3.0, -0.978820986968, 0.0, 0.50737844419, -0.256966820909, 3.0, 1.0, 0.0, -0.772059596194, 2.27514389617, 1.43406144553, 0.0, -0.420127840713, 1.0, 0.0, -0.337566240442, 2.28744981635, -0.579703235217, -1.0, 0.996242613989, 2.0, -0.719560728554, 97180.0, 531.0, 99507.0
0.395518623374, 2.0, 2.0, 3.0, 2.43803835874, 2.0, 0.0, 1.0, 1.54915678629, 2.0, 2.25234863822, 2.0, 0.0, -0.36959114855, 3.0, 0.0, 0.0, 1.0, 3.0, -0.468880116318, 1.0, 2.0, 2.46392155632, 2.0, 0.0, 2.0, 2.0, -0.223275548351, 0.0, 3.0, 0.0, 0.0, 0.608227447955, -1.0, 2.0, -0.322085806961, 3.0, 1.20221226038, 1.72864426393, -0.105580510827, -1.0, 0.0, 0.924728838846, 0.0908868358305, 1.0, 1.0, -0.10604055958, 3.0, 2.10722637943, -1.0, 96714.0, 699.0, 99373.0
1.58962983337, 0.0, 0.0945474834162, -0.0662290112504, -0.232449378334, 0.119111566273, 0.0, -0.958469435025, 2.05988711269, 1.0, 1.0, -0.496863141854, 2.0, 0.0, -0.974644276837, 2.0, -0.0846560662678, -1.0, 2.27588540206, 2.0, -1.0, 1.80450024363, 1.0, 0.762042291628, 1.0, 2.0, 2.0, 1.91981896598, 0.0322373798671, 3.0, 3.0, -1.0, 0.927476078394, -1.0, 1.04572789997, 2.0, 3.0, 3.0, 0.0, -1.0, -1.0, 1.0, -0.570485162312, -1.0, -0.970353465846, -0.938208916256, -0.604392772683, -0.970335637575, 1.0, -1.0, 97449.0, 509.0, 99515.0
0.0, -1.0, 2.01379984276, 1.0, 0.0, 1.0, -1.0, -1.0, 2.11775465766, 1.0, 1.0, 0.0606639811801, 2.0, 0.0, 2.0, 2.0, 2.0, -1.0, 2.0, 0.73312260075, -1.0, 0.0, 1.0, 2.88855376881, -0.33807040326, 2.0, 2.0, 2.0, 0.152192499589, 1.0, 3.0, -0.154715920134, 1.0, -1.0, 1.0, 2.0, 3.0, 3.0, 0.0, -0.316682702881, -1.0, -0.0699766602802, 0.0, 1.37547040783, -1.0, 2.0829293881, 1.0, 0.0, 1.0, -1.0, 97005.0, 610.0, 99435.0
-1.0, 0.0, 2.0, 2.5899093883, 2.28180059458, 0.0, 0.0, 1.0, 0.177240364155, 0.182874335373, 0.170823303687, -1.0, 0.364014720152, -0.640070828294, 2.0, 1.0, 0.0, -1.0, 2.53369449266, -1.0, -0.568459153443, 0.555425758371, 0.662341338076, 3.0, 2.0, 1.04662648053, -1.0, 0.2274283202, 1.0, 0.59154809448, 0.67082001543, 0.0, 0.0, -1.0, 1.20783442593, 2.0, -1.0, 3.0, 1.42705946658, -1.0, 1.0, 0.0, 1.72030343535, 1.0, 1.0, -0.71311421065, 2.0, 2.0, -0.0498052014982, 2.0, 96997.0, 579.0, 99467.0
3.0, -0.674089819039, 1.92594994549, 1.0, -0.360252684754, -0.788505032082, 0.738866059543, -1.0, 1.0, 2.9784558511, 1.0, 0.378965474177, 1.8725263745, -0.92447081684, 1.0, 1.0, 1.17105082569, 2.0, -1.0, 0.802074729739, -1.0, 1.0, 2.13791357712, -0.952644661086, -0.480494985017, -1.0, -1.0, -0.674281070055, -1.0, 2.69228363132, -0.606926895104, 1.0, 3.0, -0.908455201693, 3.0, 2.09315906881, -1.0, 0.994112332395, 0.851660764933, 3.0, 2.0, 2.99202061875, 1.0, -1.0, 0.0, -1.0, 1.55076398545, 0.59080555493, 2.0, -1.0, 97965.0, 471.0, 99555.0
3.0, -0.674089819039, 1.92594994549, 1.0, 0.0, -0.788505032082, 0.738866059543, -1.0, 1.0, 2.9784558511, 1.0, -1.0, 0.323774266002, 0.0777145470409, 1.0, 1.0, 1.17105082569, 2.0, -1.0, 0.802074729739, -1.0, 2.20449501725, 2.13791357712, -0.877166305855, -0.480494985017, -1.0, -0.842772063834, -0.674281070055, -1.0, 2.88882516068, -0.606926895104, 1.0, 0.201271442256, -0.908455201693, 3.0, 2.09315906881, -1.0, 1.0, 0.851660764933, 3.0, 2.0, 2.99202061875, 1.0, -1.0, 0.0, -1.0, 1.55076398545, 1.0, 2.0, -1.0, 97779.0, 480.0, 99549.0
0.729870508172, 1.0, -0.0406086208238, 0.406329647766, 0.0, 1.0, -0.0375686111285, -1.0, 1.0, 1.07869989799, -1.0, -1.0, -0.258701729908, 2.0, -0.885264877026, -0.121816473173, 0.0, -0.380745340904, 3.0, 1.03715245772, -1.0, 2.0, 1.74971517025, 2.0, 0.118321996666, 1.10991746212, 2.0, 2.0, 2.81802909538, 0.0, -0.654002296894, 1.0, 2.0, 3.0, 1.0, 0.0, 3.0, 3.0, 2.0, 0.0, 2.39992412071, 1.0, 0.0, 0.20412889843, 0.170444589606, 0.0, 1.0, 2.0, 2.0, 0.0, 96747.0, 658.0, 99405.0
0.0, -1.0, -0.276848519124, 1.0, 0.0, 0.513119841197, 1.15331435454, -1.0, 2.11775465766, 1.0, 1.0, 0.0, 2.0, 3.0, 2.0, 2.19450297246, 2.0, 2.59211828336, 2.0, -0.688812970303, -1.0, -0.139240563024, 1.0, 2.92441271178, 0.976823486505, 2.0, 2.0, 0.505168571479, 0.152192499589, 1.0, 0.0, -0.154715920134, 1.0, -1.0, 1.0, 2.0, 2.63614845297, 3.0, 0.0, -0.592973255099, -1.0, 1.0, -0.438567812725, 1.37547040783, -1.0, 2.54777292327, 1.0, 0.0, 1.0, -1.0, 96998.0, 611.0, 99424.0
2.25022516878, 0.930960178754, 2.72657502309, 2.12319413503, -1.0, 3.0, 2.0977313352, -1.0, 0.0, 1.64643270292, 0.0, -0.269979545649, 2.00679534874, -1.0, 3.0, 2.0, 1.0, 0.0, -1.0, -1.0, 3.0, 0.0, 2.0, 3.0, 1.0, 0.673823006602, 2.0, 1.24095193544, 3.0, 2.0, 2.0, 3.0, -0.119352781812, -1.0, 1.0, 3.0, -0.754376290112, -1.0, 1.05358042529, -0.771518955691, 2.41312571471, 3.0, 0.0, -0.0852478664557, 1.0, 2.0, -0.604186666024, 1.68802636621, 3.0, -1.0, 97545.0, 582.0, 99456.0
1.0, 1.0, 0.0, -1.0, 0.0, 1.0, 0.0, -0.747181351112, 1.0, -0.928507188182, -1.0, -1.0, 1.0, 2.0, 2.0, 1.0, -0.495738045525, 1.02826809146, -0.787888942178, -1.0, 1.53589438485, 1.05685726218, 0.53220775692, 2.6938255342, -1.0, 1.0, 2.0, 1.06497176567, 3.0, -0.978820986968, 0.0, 1.0, 2.0, 3.0, 1.0, 0.0, -0.772059596194, 2.4332690613, 1.43406144553, 0.0, -0.420127840713, 1.0, 0.0, -1.0, 2.28744981635, 0.856529693798, -1.0, 2.66561325915, 2.0, -0.719560728554, 97150.0, 554.0, 99477.0
-1.0, 0.0, 2.0, 3.0, 0.0277974662699, 0.0, 0.0, 1.0, 0.177240364155, 0.182874335373, 0.170823303687, 0.342293161345, 0.16863713059, 0.0, 2.0, 1.0, 0.0, -1.0, 2.0, -1.0, -0.568459153443, 0.0, 0.662341338076, 3.0, 2.18429909419, 1.7970828755, -1.0, 0.2274283202, 1.0, 2.0, 0.67082001543, 0.0, 0.0, -1.0, 1.20783442593, 2.0, -1.0, 3.0, 1.42705946658, -1.0, 1.0, 0.0, 0.0, 1.0, 1.0, -0.151909850982, 2.0, 2.0, -0.0498052014982, 2.0, 96731.0, 626.0, 99428.0
0.0, -0.0461977250182, -0.276848519124, 1.0, 0.0, -0.812292165482, -0.042244356319, -1.0, 2.1795605211, 1.0, 1.0, 0.0, -0.302071377289, 0.0, 0.278739720099, 2.19450297246, 2.0, 2.59211828336, 2.0, 0.358644419957, -1.0, 0.0, 1.99572358327, 2.88855376881, 1.0, 2.0, 2.0, 2.0, 0.152192499589, 1.0, 3.0, -0.154715920134, 1.0, -0.661837936328, 1.0, 1.92705399011, 3.0, 3.0, 0.0, -0.355647974355, -1.0, 1.0, 0.0, 1.37547040783, 1.48129017173, 2.0, 0.0231535164196, 1.42982626439, 1.0, -1.0, 96832.0, 649.0, 99408.0
0.344796377648, 0.0, 2.0, 0.163180810905, -0.170141714598, 0.0, 1.64619219985, -0.958469435025, 1.7972500682, 2.03000935732, 1.0, -0.496863141854, 2.0, 0.0, -0.980265344322, 2.0, 2.0, -1.0, 2.0, 2.0, -1.0, 1.80450024363, 1.0, -0.789946283154, 1.6581355889, -0.514453065846, 2.25159148828, 0.0618070471294, 2.7046999524, 3.0, 3.0, -1.0, 1.0, -1.0, 1.04572789997, 1.22935344758, 3.0, 3.0, 0.0, -1.0, -0.958192566096, 1.0, -0.551022647679, -1.0, -0.970353465846, 2.0, -0.604392772683, -0.970335637575, 1.0, -1.0, 97713.0, 496.0, 99531.0
3.0, 0.0, 1.92594994549, 1.0, 0.0, 0.873158305959, 0.738866059543, -1.0, 1.0, 0.299517479178, -0.337760362892, -1.0, 1.8725263745, -0.92447081684, 1.0, 1.0, 1.17105082569, -1.0, -1.0, 0.0, -1.0, 1.0, 2.13791357712, -0.811937338491, 2.0, -1.0, -1.0, -0.674281070055, -0.907974860563, 2.94442360439, -0.606926895104, 2.33067637425, 2.25442386837, -0.908455201693, 0.802615144487, 1.97857621498, -1.0, 1.0, 0.851660764933, 3.0, 2.0, 2.0, 1.0, -1.0, -0.312053209952, -1.0, 2.13531497412, 0.59080555493, 2.0, -1.0, 97754.0, 477.0, 99551.0
3.0, -0.925194842261, 1.92594994549, 0.354706721279, 2.24371622977, 2.65542662775, 0.738866059543, -1.0, 1.73443092253, 2.9801419938, 0.00197429660435, -1.0, 0.423304115221, -0.92447081684, 1.0, -0.157259326579, 1.17105082569, 2.0, -1.0, 0.0, -1.0, 1.0, 1.0, -0.677627773315, 0.423127624911, -1.0, -1.0, 1.0, -1.0, 2.88882516068, -0.606926895104, 2.0, 3.0, -0.908455201693, 0.802712197722, 2.0, 0.0687451087883, 1.0, 0.851660764933, 3.0, -0.514379076696, 0.599569184686, 1.0, -0.530770676742, 0.0, -1.0, 1.55076398545, 0.59080555493, 1.55304569171, -1.0, 97700.0, 484.0, 99534.0
2.0, 1.28435383053, 2.0, 2.13764828924, 0.0, -0.346230126867, 0.0, 2.0, 0.0, 3.0, -1.0, 0.0, 1.0, -1.0, 3.0, 2.33135080135, -0.309815808427, 1.3332669046, 2.0, 0.0, 3.0, 0.0, 3.0, 0.94204860118, 3.0, 0.628384341319, 1.0, 1.0, 1.0, -1.0, 2.0, 0.0, 1.07010461305, 1.0, 1.06669507076, 1.0, 0.349480645904, 1.0, 2.0, 0.0, 1.0, 2.0, 2.48366279831, -1.0, -1.0, 0.0, -1.0, 1.86298633847, 2.0, 2.52515637643, 96840.0, 655.0, 99407.0
0.0, -1.0, 1.0, -1.0, 0.0, 0.0, 0.240922931867, 2.53304631636, 2.0, 0.0, 1.0, 2.17640860317, 1.94900377436, 0.0, -1.0, 2.59682626728, 1.0, 2.0, -1.0, 1.0, 0.0, 0.0, 1.0, 0.0, 2.37989440821, 1.05649034492, 0.106647885623, 1.0, 2.0, -0.57311160864, 0.0, 2.0, 2.0, -1.0, 0.968157235756, 1.61453063466, 1.0, 2.4332690613, -1.0, -1.0, -1.0, -1.0, 0.626488897024, 2.0, 0.305031910908, 2.0, -0.63396154783, 1.0, 0.0, -1.0, 97138.0, 560.0, 99479.0
-1.0, 0.0, 2.0, 3.0, 2.29084031098, 0.0, 0.0, -1.0, 0.177240364155, 0.182874335373, 0.170823303687, -1.0, 1.0, 0.0, 2.16868102491, 1.0, 0.0, -1.0, 2.0, -1.0, -0.581063427384, 0.0, 0.662341338076, 3.0, 2.0, 1.04662648053, -1.0, 0.2274283202, 1.0, 2.0, 0.67082001543, 0.0, 0.0, -1.0, 1.20783442593, 0.345051468316, -1.0, 3.0, 1.42705946658, -1.0, 1.0, 0.0, 0.0, 2.8359862445, 1.0, -0.798092574748, 2.0, 2.0, -0.0498052014982, 2.0, 96945.0, 582.0, 99458.0
0.0, -0.579076912207, 1.0, 1.0, 0.0, 1.0, -1.0, -1.0, 0.869169771543, 1.0, 2.80610316315, 0.0, 2.0, 0.811091485122, 0.231833423752, 2.0, 2.0, 2.0, 1.67879988808, -0.134507946429, -1.0, 0.0, 2.04359749996, 2.0, 1.0, 2.0, -0.998074809268, 0.727738968358, 0.0, -1.0, 3.0, -0.533035054114, 1.80385235229, -1.0, 1.0, 0.336144542773, 3.0, 3.0, 0.0, -0.316682702881, -1.0, 1.0, 0.0, -1.0, -1.0, 2.0, 1.0, 0.746790716984, 0.731796219408, -1.0, 97260.0, 553.0, 99478.0
3.0, -1.0, 2.17278794999, 0.0, 1.0, 1.28844910824, 2.12647675773, -1.0, 2.48668820292, -0.0252102606597, 1.0, 0.0472792932932, 2.24863796563, 0.0, 1.0, 0.0971796644989, 1.0, 1.0, 2.0, 1.84493352925, 3.0, 1.0, 0.0, 1.0, 0.0, 1.11645972671, 1.0, -0.934420912268, 2.0, 1.0, -0.207908246354, 2.59755696565, 2.16225054243, 2.0, 0.802712197722, 3.0, 2.55858460273, 1.0, 1.67429187057, 1.0965012418, 1.96363807547, -0.759607324989, 3.0, 2.68678295579, 2.0, 1.0, -1.0, 3.0, 2.50213055402, -0.506812315872, 97139.0, 661.0, 99399.0
0.729870508172, 1.0, -0.0406086208238, 0.406329647766, 0.0, 1.0, 0.0, -1.0, 1.0, 2.34863012085, -1.0, -0.314539780459, -0.258701729908, 2.0, 2.0, -0.121816473173, 0.0, -0.380745340904, 3.0, 1.03715245772, -1.0, 2.0, 1.74971517025, 2.0, 2.47972278984, 1.10991746212, 2.0, 2.0, 2.81802909538, 0.0, -0.654002296894, 1.0, 2.0, 3.0, 1.0, 0.0, 3.0, 3.0, 2.0, 0.0, 2.39992412071, 1.0, 0.0, 0.20412889843, 0.170444589606, 0.0, 1.05867710618, 2.0, 2.0, 0.0, 96737.0, 687.0, 99382.0
0.0, -1.0, 2.01379984276, 1.3239608859, 0.0, 1.0, -1.0, -1.0, 2.11775465766, 0.665103119933, 1.0, 0.0, 2.0, 0.0, 2.0, 2.0, 2.0, -1.0, 2.0, 0.73312260075, -1.0, 1.74130866987, 1.0, 2.88855376881, 1.0, 2.0, 2.0, 2.0, 0.152192499589, 1.0, -0.533467110012, -0.154715920134, 1.0, -1.0, 1.0, 2.0, 3.0, 3.0, 0.0, -0.316682702881, -1.0, -0.0699766602802, 1.0, 1.37547040783, 0.0394205238333, 2.0, 0.928051419232, 0.0, 1.0, -1.0, 97084.0, 604.0, 99437.0
3.0, -1.0, 1.05913558606, 0.0, 1.0, 1.28844910824, 3.0, -1.0, 1.0, 0.0, 1.0, 1.34790436975, 2.24863796563, 0.0, 1.0, -0.528028266946, 1.0, 1.02640560933, 2.0, 0.53086804625, 3.0, 1.0, 0.0, 1.0, 0.0, 1.11645972671, 1.0, 1.06795404136, 2.0, 1.0, 0.0, 2.59755696565, 1.98053514741, -0.455156824899, 0.802712197722, 3.0, 2.55858460273, 1.0, 1.43008230596, 2.44544739025, 1.96363807547, 0.0, 3.0, 2.68678295579, 2.0, 1.0, -1.0, 3.0, 0.596268079731, -0.506812315872, 96945.0, 670.0, 99384.0
0.0, -1.0, -0.276848519124, 1.0, 0.0, 1.0, 1.15331435454, -1.0, 2.11775465766, 1.0, 0.561812612806, -0.668571959803, 2.0, 0.0, 2.0, 2.19450297246, 2.0, 2.59211828336, 2.0, 0.73312260075, -1.0, 0.0, 1.0, 2.88855376881, 0.976823486505, 2.94251149551, 2.0, 2.0, -0.201144323767, 1.0, 3.0, -0.154715920134, 1.0, -1.0, 1.0, 2.0, 3.0, 3.0, 0.0, -0.316682702881, -1.0, 1.0, 0.0, 1.37547040783, -1.0, 2.54777292327, 1.0, 0.0, 1.0, -1.0, 96936.0, 628.0, 99416.0
1.0, 0.25870274631, 2.20252368508, 0.0495523041349, 3.0, 0.0, 1.64619219985, 3.0, 0.581706575408, 1.0, 2.0, 2.0, 2.0, -0.510061033159, 1.09290213127, 0.0, -0.20433987786, 3.0, 1.53494621019, 0.219108295328, -1.0, 0.0, 1.0, -0.913404902562, 0.0, 1.0, 1.1838622164, 2.15183136713, 3.0, -0.123176406459, -0.44921310905, 1.82454254043, 2.0, 2.9554592605, 1.0, 2.35362762457, -1.0, 1.0, 0.0, 1.0, 1.23721496371, 1.0, 1.0, -0.337566240442, 1.66738422045, 0.0, -0.607556987167, 0.996242613989, 1.56743396955, 0.230045102891, 96762.0, 664.0, 99399.0
-0.994233093483, 1.0, 0.0, -1.0, 0.0, 1.0, 0.0, 0.286525710367, 1.0, -0.928507188182, -1.0, -1.0, 1.0, 2.0, 2.0, 1.0, -0.495738045525, -1.0, 0.987233552388, -1.0, -1.0, 1.05685726218, 0.53220775692, 2.6938255342, -1.0, 1.0, 2.0, 1.06497176567, 3.0, -0.978820986968, 0.0, 1.0, 1.32311771037, 3.0, 1.4664479108, 0.0, -0.772059596194, 2.4332690613, 1.43406144553, 0.0, -0.643926392429, 1.0, 0.0, -1.0, 2.28744981635, 0.856529693798, -1.0, 2.66561325915, 2.0, -0.719560728554, 97225.0, 520.0, 99504.0
-1.0, 0.0, 2.0, 3.0, 0.0277974662699, 0.0, 0.0, 1.0, 0.177240364155, 0.182874335373, 0.170823303687, -1.0, 1.0, 0.0, 2.0, 1.0, 0.0, -1.0, 2.0, -1.0, -0.568459153443, 0.0, 0.662341338076, 3.0, 2.0, 1.7970828755, -1.0, 0.2274283202, 1.0, 2.0, 0.67082001543, 0.0, 0.0, -1.0, 1.20783442593, 2.0, -1.0, 3.0, -0.387510392218, -1.0, 0.954973506679, 0.0, 0.0, 1.0, 1.0, -0.151909850982, 2.0, 2.0, -0.0498052014982, 2.0, 96747.0, 616.0, 99437.0
0.344796377648, 0.0, 2.0, 0.163180810905, -0.360252684754, 0.119111566273, -1.0, -0.958469435025, 2.05988711269, 1.0, 1.0, -0.877085790728, 2.61106470834, 0.0, -0.998651203997, 2.0, 2.0, -1.0, 2.0, 2.0, -1.0, 1.80450024363, 0.109768589296, 0.762042291628, 1.0, -0.514453065846, 2.25159148828, -0.674281070055, 0.0322373798671, 3.0, 3.0, -1.0, 1.0, -1.0, 0.29591939684, 2.0, 2.70933364068, 3.0, 0.436599815199, -1.0, -1.0, 0.692604812618, -0.551022647679, -1.0, 0.98532041857, 2.0, -0.604392772683, -0.970335637575, 1.18126507207, -1.0, 97676.0, 488.0, 99549.0
0.706289753854, -0.674089819039, 1.92594994549, 1.0, -0.170141714598, -0.788505032082, -0.976989836797, -1.0, 1.0, 2.9784558511, 1.0, -1.0, 1.8725263745, -0.92447081684, 1.0, 1.0, 1.17105082569, 2.0, -1.0, 0.802074729739, -1.0, 1.0, 1.09984224213, -0.952644661086, -0.480494985017, -1.0, -1.0, 0.228522256279, -1.0, 2.88882516068, -0.606926895104, 1.0, -0.326725379289, -0.908455201693, 3.0, 2.09315906881, -1.0, 1.0, 0.470121940847, 3.0, 2.0, 2.99202061875, 1.0, -1.0, 0.0, 2.81034269079, 1.55076398545, -0.141971467012, 2.0, -1.0, 97707.0, 478.0, 99551.0
-0.994233093483, 2.18734617539, 1.0, 2.0, 3.0, 0.0, 1.64619219985, 3.0, 1.0, 2.19661720716, 2.0, 2.0, -0.363118135512, -1.0, -0.550607828473, 0.0, -0.20433987786, 3.0, 2.08829468196, 0.400934438728, -1.0, 0.0, 1.0, -0.971827891386, 0.0, 1.0, 0.308861705852, 1.0, 3.0, -1.0, -0.44921310905, 1.82454254043, 1.32311771037, -0.908455201693, 1.4664479108, 2.09509582613, -1.0, 1.0, 0.0, 1.0, 1.23721496371, 0.9113670142, 1.0, 0.20412889843, 1.14289632134, 0.0, 2.80849839172, 0.100411755444, 1.0, 0.230045102891, 96879.0, 612.0, 99441.0
-0.450377176841, 0.0, 2.0, 0.163180810905, -0.170141714598, 0.0, -1.0, -0.958469435025, 2.05988711269, 2.03000935732, 1.0, 0.351101181019, 2.0, -0.511160682873, -0.974644276837, 2.0, 2.0, -1.0, 2.0, 2.0, -1.0, 1.80450024363, 1.0, -0.789946283154, -0.348639834429, -0.817606359911, 2.25159148828, 0.0618070471294, 0.0322373798671, 3.0, 3.0, -1.0, 1.0, -1.0, 1.04572789997, 2.0, 3.0, 3.0, 0.0, -1.0, 0.389423426369, 1.0, -0.551022647679, -1.0, -0.970353465846, 2.0, -0.604392772683, -0.970335637575, 1.0, -1.0, 97676.0, 480.0, 99553.0
3.0, 0.0, 1.17709461969, 1.0, 0.0, -1.0, 0.738866059543, -1.0, 1.0, 1.0, -0.337760362892, -1.0, 1.8725263745, -0.92447081684, 1.0, 1.0, 1.17105082569, -1.0, -1.0, 0.0, -1.0, 1.0, 2.13791357712, -0.615568120782, 2.0, -1.0, -1.0, -0.674281070055, -0.907974860563, 2.96680667478, -0.606926895104, -0.00780808236127, 2.25442386837, -0.908455201693, 0.802615144487, 2.09315906881, -1.0, 1.0, 0.851660764933, 3.0, 2.0, 0.143492955003, 0.0, -1.0, 0.0, -1.0, 2.13531497412, 0.59080555493, 2.0, -1.0, 97754.0, 462.0, 99568.0
1.0, -0.443017872845, 0.0, -1.0, 0.0, 1.0, 0.0, -1.0, 1.0, -0.499739365378, -1.0, -1.0, 1.0, 2.0, 2.0, 1.0, 0.81281505833, -1.0, 3.0, -0.828063517688, 1.96607201247, 2.0, 0.901813405444, 2.0, -0.633041465714, 1.0, 2.0, 1.06497176567, 3.0, 0.0, -0.825170332191, 1.0, 1.81235366304, 1.4024745725, 1.0, 0.0, -0.435697834072, 3.0, 2.0, 0.0, -0.911580847756, -0.384786775768, 0.0, -1.0, 2.0, 0.856529693798, -1.0, 2.47738795373, 2.0, -0.719560728554, 97152.0, 563.0, 99466.0
0.344796377648, 1.0, 0.653590303096, -0.381656657002, 0.0, 1.0, 0.0, -1.0, 1.0, -1.0, -1.0, -1.0, 0.0956863206272, 2.0, 2.0, 1.0, 0.81281505833, -1.0, 3.0, -1.0, -1.0, 2.0, 0.53220775692, 2.0, -1.0, 1.0, 2.0, -0.0275342205365, 3.0, 0.0, -0.0625370854921, 1.0, 2.0, 3.0, 1.0, 0.0, -0.772059596194, 3.0, 2.0, 0.0, -0.420127840713, 1.0, 0.0, -1.0, 2.0, 0.539508825081, -1.0, 2.47738795373, 1.0, -0.719560728554, 97019.0, 575.0, 99459.0
0.729870508172, 1.0, -0.0406086208238, 0.406329647766, 0.0, 1.0, -0.0375686111285, -1.0, 1.0, 2.54478840482, -1.0, 0.09241752726, -0.258701729908, 2.0, -0.885264877026, -0.121816473173, 0.0, -0.380745340904, 3.0, 1.03715245772, -1.0, 2.0, 1.74971517025, 2.0, 0.118321996666, 1.10991746212, 2.0, 2.0, 0.929352541716, 0.0, 0.283521249317, 0.62443434716, 2.0, 3.0, 1.0, 0.0, 3.0, 3.0, 2.0, 0.0, 2.39992412071, 1.79176908545, 0.0, 0.20412889843, 0.170444589606, 0.0, 1.47116560907, 2.0, 2.0, 0.0, 96620.0, 686.0, 99385.0
1.0, 1.0, 0.0, -1.0, 0.718164611799, 2.49222409534, 0.0, -0.968205335329, 1.0, 0.1133993235, -1.0, -1.0, 1.0, 2.0, 2.0, 1.0, 0.437061909547, 1.02826809146, 0.182242530575, -1.0, 1.53589438485, 1.05685726218, 0.53220775692, 2.6938255342, -1.0, 1.0, 2.0, 1.06497176567, 3.0, -0.978820986968, 0.0, 2.0, 1.79165322167, 3.0, 1.0, 0.0, -0.772059596194, 2.4332690613, 1.43406144553, 0.0, -0.420127840713, 1.0, 0.0, -1.0, 2.28744981635, 0.856529693798, -1.0, 1.0, 2.0, -0.719560728554, 97049.0, 584.0, 99452.0
-1.0, 0.0, 2.0, 3.0, 2.58708205498, 0.182519421302, 0.0, 1.0, 0.0461954189648, 0.182874335373, 0.170823303687, 0.342293161345, 0.870622139187, -0.108577491362, 1.44071968303, 1.0, 0.0, -1.0, 2.0, -1.0, -0.568459153443, 2.0, 0.662341338076, 3.0, 2.18429909419, 1.7970828755, -1.0, 0.2274283202, -0.045317257427, 2.0, 0.237977390714, 0.0, 0.0, 0.160215978075, 1.20783442593, 2.0, -1.0, 3.0, 1.42705946658, -1.0, 1.0, 0.0, 0.0, 1.0, 1.0, -0.151909850982, 2.0, 2.0, -0.0498052014982, 2.0, 96715.0, 644.0, 99419.0
-0.0793430981309, 1.08666253494, -0.482506784121, -1.0, 0.0, 1.0, 0.0, -1.0, 1.0, 1.07869989799, -1.0, -1.0, -0.258701729908, 2.0, 2.0, 0.193870085002, -0.321943308759, -0.380745340904, 3.0, -1.0, 0.728262649196, 0.0516978337603, 2.54886739054, 2.0, 0.0, 0.967461576361, 2.33553661984, 1.06497176567, 2.81802909538, 0.0, -0.654002296894, 1.0, 2.0, 3.0, 1.0, 0.0, 0.074120087526, 0.545879160466, 2.0, 0.0, 2.82197441999, 1.0, 0.359431882703, 2.0, 0.170444589606, 0.0, 2.53269938566, 0.484442962453, 2.0, 0.0, 96674.0, 663.0, 99402.0
3.0, -0.423322609555, 1.47787562204, 1.28444742571, 0.516541386092, 1.28844910824, 3.0, 0.677592014025, 1.0, 1.22538556768, 0.150727795505, 3.0, 2.0, -0.429298850164, 1.18273109253, 0.0971796644989, -0.384799390343, 1.0, 2.0, -0.428950322988, 1.56688271032, 1.0, 0.0, 1.0, 0.0, 2.0, 1.0, 0.777308492021, 2.0, 0.233190493555, 0.0, 3.0, 2.16978442326, 2.83695720852, 0.36378214399, 3.0, 2.93443580357, 0.711014315552, 1.43008230596, -0.471114743893, 2.82635092921, 0.0, 3.0, 1.37547040783, 2.0, 1.58472806736, -0.507675799312, 0.996242613989, 2.50213055402, 0.0, 96665.0, 733.0, 99350.0
0.344796377648, 0.00804863335545, 2.0, 0.163180810905, -0.700705138296, 0.0, 1.64619219985, -0.958469435025, 1.7972500682, 2.03000935732, 1.0, -0.635817281178, 2.67228463925, 0.0, -0.980265344322, 2.0, 2.0, -1.0, 1.24149171304, 2.0, -1.0, 1.80450024363, 1.0, -0.789946283154, 1.6581355889, -0.58201497792, 2.25159148828, 0.0618070471294, 2.7046999524, 2.24239042473, 3.0, -1.0, 1.0, -1.0, 1.04572789997, 1.28125460794, 3.0, 3.0, 0.0, -1.0, -0.958192566096, 1.0, -0.551022647679, -1.0, -0.987631940708, 2.0, -0.604392772683, -0.970335637575, 1.0, -1.0, 97832.0, 476.0, 99553.0
3.0, 0.0, 1.92594994549, 1.0, 0.0, 0.873158305959, 0.738866059543, -1.0, 1.0, 0.299517479178, -0.337760362892, -1.0, 1.8725263745, -0.92447081684, 1.04332294009, 1.0, 1.17105082569, -1.0, -1.0, 0.0, -1.0, 1.0, 1.98126556057, -0.811937338491, 2.0, -1.0, -1.0, -0.674281070055, -0.907974860563, 2.94442360439, -0.650407645034, 2.33067637425, 2.25442386837, -0.908455201693, 0.802615144487, 1.97857621498, -1.0, 1.0, 0.851660764933, 3.0, 2.0, 2.0, 1.0, -1.0, -0.312053209952, -0.480031012942, 2.13531497412, 0.59080555493, 2.0, -1.0, 97640.0, 495.0, 99536.0
-0.849791500811, -1.0, 0.371416601324, -0.920078206574, -0.215514801203, 0.381266545595, 0.753990716224, -1.0, 2.0, -0.863879329182, 0.561812612806, 2.38507398588, 0.651625087846, 0.0, -1.0, 3.0, 1.0, -0.831786403294, -0.760951437843, 2.1004861718, 0.0, 0.0, 1.0, 0.0, -0.348639834429, 1.0, 0.125546239424, 0.908951123297, 2.94651914528, 2.0, -0.606926895104, 0.416659521853, 2.7772322924, -1.0, -0.0143869202957, -0.826460607825, 2.96480255294, -1.0, -1.0, -1.0, 0.89563400139, -1.0, 0.0, -0.652891390196, 1.2279016272, 2.71118459817, 1.20412440469, -0.607188058554, 0.0, -1.0, 97551.0, 477.0, 99565.0
-1.0, 0.935833437383, 2.0, 3.0, 2.28180059458, 0.0, 0.0, 1.0, 0.177240364155, 0.182874335373, 0.170823303687, -1.0, 1.0, 0.0, 2.84253410105, 1.0, 0.0, -1.0, 2.0, -1.0, -0.568459153443, 0.0, 0.662341338076, 3.0, 2.0, 1.04662648053, -1.0, 0.2274283202, 1.0, 2.0, 0.67082001543, 0.0, 0.0, -1.0, 1.20783442593, 2.0, -1.0, 3.0, 1.42705946658, -1.0, 1.0, 0.0, 0.0, 1.0, 1.0, -0.231210258739, -1.0, 1.57079335614, -0.0498052014982, 2.0, 96823.0, 597.0, 99442.0
3.0, -0.680450968586, 1.92594994549, 1.0, -0.360252684754, -0.788505032082, 0.738866059543, -1.0, 1.0, 2.9784558511, 1.0, -1.0, 1.8725263745, -0.92447081684, 1.0, 1.0, 1.17105082569, 2.0, -1.0, 0.802074729739, -1.0, 1.0, 2.13791357712, -0.952644661086, -0.480494985017, -0.194372991799, -1.0, 0.407341553604, -1.0, 2.88882516068, -0.606926895104, 1.0, 3.0, -0.908455201693, 3.0, 2.09315906881, 1.84904785243, 1.0, 0.851660764933, 3.0, 2.0, 2.99202061875, 1.0, -1.0, 0.0, -1.0, 1.55076398545, 0.59080555493, 2.0, -1.0, 97701.0, 499.0, 99524.0
0.280196995011, 1.0, 0.0, -1.0, 0.0, 1.0, 0.0, -1.0, 1.0, 1.07869989799, -1.0, -1.0, -0.258701729908, 2.0, 2.0, 0.193870085002, -0.0766240394524, -0.380745340904, 3.0, -1.0, 0.728262649196, 2.0, 1.74971517025, 2.0, 2.47972278984, -0.464996045227, 2.0, 1.06497176567, 2.81802909538, 0.0, -0.654002296894, 1.0, 2.0, 3.0, 1.0, 0.0, -1.0, 3.0, 2.0, 0.0, 2.39992412071, -0.865588542621, 0.0, 0.20412889843, 0.170444589606, 1.0, 1.0, 2.0, 2.0, 0.0, 96838.0, 640.0, 99422.0
0.729870508172, -0.66662980799, -0.0406086208238, 0.406329647766, 0.0, 1.0, 0.0, -1.0, 1.0, 1.07869989799, 0.150727795505, -1.0, -0.258701729908, 2.0, 2.0, 0.0971796644989, 0.0, -0.380745340904, 3.0, 1.03715245772, -1.0, 2.0, 1.74971517025, 2.0, 2.47972278984, 1.10991746212, 2.0, 2.85106231195, 2.81802909538, 0.0, -0.654002296894, 1.0, 2.0, 3.0, 1.0, 0.0, 3.0, 3.0, 2.0, 0.0, 2.39992412071, 1.0, 0.0, 0.20412889843, 0.170444589606, 0.0, 1.0, 2.0, 2.0, 0.0, 96746.0, 675.0, 99390.0
3.0, 0.0, 1.0, 1.0, 0.0, -1.0, 0.738866059543, -1.0, 1.0, 1.0, 1.0, -1.0, 1.8725263745, -0.92447081684, 1.0, 1.0, 1.17105082569, 2.0, -1.0, 0.0, -1.0, 1.0, 2.13791357712, -0.615568120782, 2.1990402606, -1.0, -1.0, -0.674281070055, -0.907974860563, 2.88882516068, -0.591805073289, -0.00780808236127, 3.0, -0.908455201693, 2.69045367728, 2.09315906881, -1.0, 1.0, 0.851660764933, 3.0, 2.0, 2.0, 1.0, -1.0, -0.414273706198, -1.0, 2.13531497412, 0.59080555493, 2.0, -1.0, 97870.0, 475.0, 99557.0
0.0, -1.0, 2.01379984276, 1.3239608859, 0.0, 1.0, -1.0, -1.0, 1.70969123405, 0.665103119933, 1.0, 0.0, 2.0, 0.0, 2.0, 2.0, 2.0, -1.0, 2.0, 0.73312260075, -1.0, 1.74130866987, 1.0, 1.13812156171, 1.0, 2.0, 2.0, 2.0, 0.152192499589, 1.0, -0.533467110012, -0.154715920134, 1.0, -1.0, 0.375131930999, 2.0, 3.0, 3.0, 0.0, -0.316682702881, -1.0, -0.0699766602802, 1.35516591157, 1.37547040783, -1.0, 2.0, 0.928051419232, 0.0, 1.0, -1.0, 97045.0, 592.0, 99446.0
3.0, -1.0, 2.17278794999, 0.0, 1.0, 1.28844910824, 3.0, -1.0, 1.0, 0.0, 1.0, 1.34790436975, 2.24863796563, 0.0, 1.0, 0.0971796644989, 1.0, 1.0, 2.0, 0.53086804625, 3.0, 1.0, 0.00586302899083, 1.0, 0.0, 1.11645972671, 1.0, 1.06795404136, 2.0, 1.0, 0.0, 2.59755696565, 1.98053514741, 2.0, 0.802712197722, 3.0, 2.55858460273, 0.109972212668, 1.43008230596, 2.44544739025, 1.96363807547, 0.0, 3.0, 2.68678295579, 2.0, 1.0, -1.0, 3.0, 2.50213055402, -0.506812315872, 96947.0, 686.0, 99372.0
3.0, -0.767426016567, 0.62164201227, 3.0, 0.785759861427, -0.305250783503, 0.0, -0.540819479837, 0.21875299648, 0.661496014083, 2.0, 0.304487966597, 1.0, 2.3836808711, 3.0, 1.0, 1.0, 0.0, 1.0, 3.0, 0.816435695653, 2.28314591324, 2.0, 0.0, 1.0, 1.0, 3.0, 0.0, 3.0, 3.0, 0.0, 1.0, 2.92454768126, 0.0, 3.0, 3.0, 0.0, 0.0, -0.25849263414, 1.0, 2.0, 0.0, 1.26813613396, 1.31609903384, 1.41615437094, 2.0, -1.0, -0.453599812325, 3.0, -0.196074695188, 96765.0, 703.0, 99363.0
0.0, -1.0, 0.722808388737, -1.0, 0.0, 0.0, 0.240922931867, 2.53304631636, 2.21374326352, 0.0, 1.0, 2.27932502984, 1.71223377054, 0.0, -1.0, 2.59682626728, 1.0, 2.0, -1.0, 1.0, 0.0, -0.65435994106, 1.0, -0.452957841527, 1.71391064387, 1.31071365927, 0.0, 1.0, 2.0, -0.57311160864, 0.0, 2.0, 2.0, -1.0, 1.0, 1.61453063466, 1.0, 2.4332690613, -1.0, -0.312525328645, -1.0, 1.32681482189, 0.626488897024, 2.0, 0.974445520047, 2.0, -0.63396154783, 1.0, 0.0, -1.0, 97077.0, 572.0, 99473.0
-0.849791500811, -1.0, 1.0, -1.0, -0.215514801203, 0.119111566273, -1.0, -1.0, 2.0, -0.186089734128, 0.561812612806, 2.38507398588, 1.0, 0.0, -1.0, 3.0, 1.0, 2.0, -0.760951437843, 2.28449632543, 0.0, 0.0, 1.0, 0.0, -0.348639834429, 1.0, 0.0, -0.532287290808, 2.0, 2.0, -0.476641522553, 2.43232286859, 2.0, -1.0, 2.39063589887, -0.826460607825, 1.0, 1.0, -0.081090921181, -1.0, -1.0, -1.0, -0.676269596674, -0.43489461954, -0.934873164303, 2.0, 0.253363859981, -0.607188058554, 0.0, -1.0, 97486.0, 492.0, 99549.0
0.987723615171, 1.0, 0.0, -1.0, 0.0, 1.0, 0.0, -1.0, 1.0, -0.122721439899, -1.0, -1.0, 1.0, 2.0, 2.0, 1.0, 0.81281505833, -1.0, 3.0, -0.828063517688, -1.0, 1.94068424576, 0.53220775692, 2.0, -0.633041465714, 1.05840581755, 2.0, 1.06497176567, 3.0, 0.0, -0.825170332191, 1.0, 2.0, 3.0, 1.0, 0.0, -0.772059596194, 3.0, 2.0, 0.0, -0.639609583445, -0.7955735579, 0.0, -1.0, 2.0, 0.856529693798, -1.0, 2.47738795373, 2.0, -0.719560728554, 97327.0, 521.0, 99498.0
-0.849791500811, -1.0, 2.41955802427, -0.920078206574, -0.215514801203, -0.968669835018, 0.662264181161, -1.0, 2.0, -0.003467626171, 0.561812612806, 2.38507398588, 0.651625087846, 0.0, -1.0, 3.0, 1.0, -0.432475960632, -0.87771118696, 2.1004861718, 0.0, 0.0, 1.0, 0.0, -0.348639834429, 1.0, 0.125546239424, 0.908951123297, 2.94651914528, 2.0, 0.0, 2.0, 2.0, -1.0, 1.0, -0.826460607825, 2.96480255294, -1.0, -1.0, 0.325224317225, -1.0, -1.0, 0.0, -0.652891390196, 1.2279016272, 1.46541810094, 0.253363859981, -0.607188058554, 1.55304569171, -1.0, 97522.0, 500.0, 99548.0
2.25022516878, 0.930960178754, 0.953760489807, 2.12319413503, -1.0, 3.0, 2.0, -1.0, 0.0, 1.64643270292, 0.0, -0.269979545649, 2.00679534874, -1.0, 3.0, 1.31790424108, 2.30253136866, 0.0, -1.0, -1.0, 3.0, 0.0, 2.0, 3.0, 2.29306729422, 0.673823006602, 2.0, 1.24095193544, 3.0, 2.0, 2.0, 3.0, -0.119352781812, -1.0, 1.0, 3.0, 1.20386593211, 3.0, 0.953264016059, -0.771518955691, 2.0, 3.0, 0.0, 0.0, 1.0, 2.0, -0.996106922417, 1.68802636621, 3.0, -1.0, 97473.0, 608.0, 99433.0
0.729870508172, 1.0, -0.0406086208238, -0.127485956014, 0.0, 1.0, -0.0375686111285, -1.0, 1.0, 1.07869989799, -1.0, -1.0, -0.258701729908, 2.06616085196, -0.885264877026, -0.121816473173, 0.0, -0.380745340904, 3.0, 1.03715245772, -1.0, 2.0, 1.74971517025, 2.0, 0.118321996666, 1.10991746212, 2.0, 2.0, 2.81802909538, 0.0, 0.335953962816, 1.0, 2.0, 3.0, 1.0, 1.55191528083, 3.0, 3.0, 2.0, 0.0, 2.39992412071, 1.0, 0.0, 0.20412889843, 0.170444589606, 0.0, 0.0868564151212, 2.0, 2.0, 0.0, 96679.0, 676.0, 99394.0
3.0, 0.0, 1.93431529656, 1.96635636517, 0.0, -1.0, 0.738866059543, -1.0, 0.464042811252, 2.9784558511, 1.51929748886, -1.0, 1.8725263745, -0.92447081684, 1.0, -0.157259326579, 1.17105082569, 2.0, -1.0, 0.0, -1.0, 1.0, 1.0, -0.615568120782, 2.0, -1.0, -1.0, 1.0, -1.0, 2.88882516068, -0.606926895104, 2.0, 3.0, -0.908455201693, 3.0, -0.80609658157, 0.0687451087883, 1.0, 0.851660764933, 3.0, -1.0, 2.0, 1.0, -1.0, -0.033996543272, -1.0, 1.55076398545, 0.59080555493, 1.55304569171, -1.0, 97901.0, 471.0, 99557.0
0.0, -1.0, -0.276848519124, 1.0, 0.0, 0.513119841197, 1.15331435454, -1.0, 2.11775465766, 1.0, 1.0, 0.0, 2.0, 3.0, 2.0, 2.19450297246, 2.0, 2.59211828336, 2.0, -0.688812970303, -1.0, -0.139240563024, 1.0, 2.92441271178, 0.976823486505, 2.0, 2.0, 0.505168571479, 0.152192499589, 1.0, 0.542101710548, -0.154715920134, 1.0, 1.49073803519, 1.0, 2.0, 2.63614845297, 3.0, 0.0, -0.592973255099, -1.0, 1.0, -0.438567812725, 2.97466591141, -1.0, 2.54777292327, 1.0, 0.0, 2.38640497119, -1.0, 97025.0, 629.0, 99415.0
-0.180714241292, -1.0, 0.722808388737, -1.0, 0.0, 0.0, 0.23893151674, 2.53304631636, 2.06660383783, 0.0, 1.0, 2.27932502984, 1.71223377054, 0.0, -1.0, 2.59682626728, 1.0, 2.0, -1.0, 0.426765058457, -0.718811178615, -0.402331146585, 1.0, -0.452957841527, 2.37989440821, 1.31071365927, 0.0, 1.0, 2.0, -0.57311160864, 0.0, 2.0, -0.211076069324, -0.168844497647, 1.0, 1.61453063466, 1.0, 2.4332690613, -1.0, -0.312525328645, -1.0, -1.0, 0.626488897024, 2.0, 1.18597265942, 2.0, -0.63396154783, 1.0, 0.0, 0.355997790153, 96879.0, 589.0, 99462.0
-0.849791500811, -1.0, 1.0, -1.0, -0.215514801203, 0.119111566273, -1.0, -1.0, 2.0, -0.186089734128, 0.561812612806, 2.38507398588, 1.0, 0.0, -1.0, 3.0, 1.0, 2.45410772148, -0.760951437843, 1.0, 0.0, 1.3703412987, 1.0, -0.253578425824, -0.348639834429, 1.0, 0.0, -0.532287290808, 1.46397822455, 1.81147303559, 0.0, 2.43232286859, 2.0, -1.0, 2.39063589887, -0.826460607825, 2.89514031872, 3.0, -0.081090921181, -1.0, -1.0, -1.0, 0.0, -0.522024256993, -0.934873164303, 0.770077169822, 0.253363859981, -0.607188058554, 0.0, -1.0, 97511.0, 485.0, 99552.0
0.344796377648, -0.522416918978, 2.0, 2.24052518609, -0.458424796871, 0.119111566273, 1.57192273601, -0.958469435025, 1.50025197801, 3.0, 0.568430503762, 1.73836464502, 2.22838380207, 0.568002967265, 2.23254239451, 0.914337674541, 2.0, 0.279001604055, 3.0, 2.83217830568, -1.0, 0.0, 1.0, 1.11614569806, 1.0, 0.264295317547, 2.10032081069, 1.91981896598, 0.0, 0.218864163091, 3.0, 0.407895685352, 0.0494726799674, -0.187264708655, 1.0, 1.0547288437, 3.0, 3.0, 0.0, -1.0, -0.988587117695, 2.03853715078, 0.0, -1.0, 2.00107467344, 1.5222998048, 0.410079278937, 0.34502266151, 1.32587633739, 0.936544751124, 96855.0, 653.0, 99406.0
3.0, 0.0, 1.92594994549, 1.0, 0.0, 0.873158305959, 0.738866059543, -1.0, 1.0, 0.299517479178, -0.337760362892, -1.0, 2.67387954169, -0.92447081684, -0.980265344322, 1.0, 1.17105082569, -1.0, -1.0, 0.0, -1.0, 1.0, 2.20228626833, -0.811937338491, -0.857998032254, -1.0, -1.0, -0.674281070055, -0.907974860563, 2.97411334802, -0.606926895104, 2.33067637425, 2.25442386837, -0.908455201693, 0.802615144487, 1.97857621498, -1.0, 1.0, 0.851660764933, 3.0, 2.0, 2.0, 1.0, -1.0, -0.312053209952, -1.0, 2.13531497412, 2.62034115455, 2.0, -1.0, 97973.0, 444.0, 99579.0
0.0, 1.0, 0.0, 0.354706721279, 0.0, 1.0, 0.0, -1.0, -0.735453020551, -0.122721439899, 0.00197429660435, -1.0, 1.0, 2.0, 1.93752570219, 1.0, 0.81281505833, -1.0, 3.0, -0.828063517688, -1.0, 2.0, 0.53220775692, 2.0, -0.633041465714, 1.0, 2.0, 1.06497176567, 3.0, 0.0, -0.825170332191, 1.0, 2.0, 3.0, 3.0, 0.0, -0.81128373364, 3.0, 2.0, 0.0, -0.639609583445, -0.7955735579, 0.0, -1.0, 0.0, 0.856529693798, -1.0, 2.19594529835, 2.0, -0.719560728554, 97316.0, 537.0, 99490.0
3.0, -0.928039990609, 1.92594994549, -0.671968733347, 2.24371622977, 2.65542662775, 0.738866059543, -1.0, 1.73443092253, 2.9801419938, -1.0, -1.0, 0.423304115221, -0.92447081684, 1.0, -0.157259326579, -0.151642569484, 2.0, -1.0, 0.0, -1.0, 1.0, 1.0, -0.677627773315, 0.423127624911, -1.0, -1.0, 1.0, -1.0, 2.88882516068, -0.606926895104, 2.0, 1.08432490452, -0.908455201693, 0.802712197722, 2.0, 0.0687451087883, 1.0, 0.851660764933, 3.0, -0.514379076696, 0.599569184686, 1.0, -0.530770676742, 2.0, -1.0, 1.55076398545, 0.59080555493, 1.55304569171, -1.0, 97755.0, 453.0, 99559.0
3.0, -0.674089819039, 1.92594994549, 1.0, -0.360252684754, -0.788505032082, 0.738866059543, -1.0, 1.0, 2.9856879019, 1.0, -1.0, 1.8725263745, -0.954219750454, 1.0, -0.793212434691, 1.17105082569, 2.0, -1.0, 1.47117741808, -1.0, 1.1855563694, 2.13791357712, -0.952644661086, -0.480494985017, 0.614689173126, -1.0, -0.674281070055, -1.0, 2.88882516068, -0.606926895104, 1.0, 3.0, -0.908455201693, 3.0, 1.92602079699, -1.0, 1.0, 0.851660764933, 3.0, 2.12032887284, 2.96048501246, 1.0, 0.549727818626, -0.269114231464, 2.0, 1.55076398545, 0.59080555493, 2.0, -1.0, 97786.0, 494.0, 99529.0
0.0, -1.0, -0.276848519124, 0.607814577548, 0.0, 1.0, -1.0, -1.0, 2.11775465766, 1.0, 1.0, 0.0, 2.39215441771, 0.0, 0.397259815228, 2.19450297246, 2.0, 2.59211828336, 1.0498256908, 0.73312260075, -1.0, 0.0, 1.0, 2.88855376881, 1.42924171041, 2.0, 2.0, 2.0, 0.881241393754, 1.0, -0.207908246354, -0.154715920134, 1.0, -1.0, -0.0342014551282, 2.0, 3.0, 3.0, 0.0, -0.3469614077, -1.0, 1.0, 0.523748433763, 1.37547040783, -1.0, 2.0, 1.0, 0.0, 1.0, -1.0, 96874.0, 623.0, 99424.0
3.0, -1.0, 1.05913558606, 0.0, 1.0, 1.28844910824, 3.0, -1.0, 1.0, 0.0, 1.0, 1.34790436975, 2.32544828809, -0.772352966431, 1.0, -0.528028266946, 2.92003060352, 1.02640560933, 2.0, 0.53086804625, 3.0, 1.0, 0.0, 1.0, 0.0, 1.11645972671, 1.0, 1.06795404136, 2.0, 1.0, 0.0, 2.59755696565, 1.98053514741, -0.455156824899, 0.802712197722, 3.0, 2.55858460273, 1.0, 1.43008230596, 2.44544739025, 1.96363807547, 0.0, 3.0, 2.68678295579, 2.0, -0.729194022985, -1.0, 3.0, 0.596268079731, 1.42158640893, 97106.0, 650.0, 99405.0
3.0, 0.0, 1.92594994549, 1.96635636517, 0.0, -1.0, 0.738866059543, -1.0, 1.0, 2.9784558511, 1.0, -0.684722099852, 1.8725263745, -0.92447081684, 1.0, -0.157259326579, 1.17105082569, 2.0, -1.0, 0.0, -1.0, 1.0, 1.0, -0.615568120782, 2.46250554801, -1.0, -1.0, 1.0, -1.0, 2.9848007876, -0.606926895104, 2.0, 0.94624285773, -0.908455201693, 2.39865862783, 2.0, 0.0687451087883, 1.0, 0.851660764933, 3.0, -1.0, 2.0, 1.0, -1.0, 0.0, -1.0, 1.55076398545, 0.12146272887, 1.55304569171, -1.0, 97747.0, 483.0, 99544.0
3.0, -1.0, 2.17278794999, 0.0, 1.0, 1.28844910824, 2.00437266327, -1.0, 0.0383375118461, 0.0, 0.881432102963, 1.34790436975, 1.8725263745, 0.0, 1.0, 0.0971796644989, 0.175066770718, 1.0, 2.0, 1.97463817566, 2.96708821973, 1.0, 0.0, 0.626428132141, 0.0, 1.90610732171, 1.0, 1.06795404136, 2.0, 1.0, 0.0, 1.05109053463, 2.16225054243, 2.0, -0.210464931489, 3.0, 2.55858460273, 1.0, 1.43008230596, -1.0, 1.96363807547, 0.0, 1.79052323897, 1.0, 2.25541424944, 1.0, -0.640631109771, 3.0, 2.72225248782, -0.506812315872, 96828.0, 673.0, 99383.0
0.0, -1.0, -0.276848519124, 1.0, 0.0, 1.0, 1.15331435454, -1.0, 2.11775465766, 1.0, 0.561812612806, -0.668571959803, 2.0, 0.0, 2.0, 2.19450297246, 2.0, 2.59211828336, 2.2817224085, 0.73312260075, 0.498200909318, 0.0, 1.0, 2.88855376881, 0.976823486505, 2.94251149551, 2.0, 2.0, 0.771363545647, 1.0, 0.128329283365, -0.154715920134, 1.0, -1.0, 1.0, 2.0, 3.0, 3.0, 0.0, -0.316682702881, -1.0, 1.0, 0.0, 1.37547040783, -1.0, 2.54777292327, 1.0, 0.0, 1.0, 0.857786625413, 96784.0, 664.0, 99395.0
-0.994233093483, 1.0, 0.0, -1.0, 0.0, 1.0, 0.0, 2.2740133423, 1.0, -0.928507188182, -1.0, -1.0, 1.86717264651, 2.0, 2.0, 1.0, -0.495738045525, -1.0, 0.987233552388, -1.0, -1.0, 1.05685726218, 0.53220775692, 2.6938255342, -1.0, 1.7970828755, 2.0, 1.06497176567, 3.0, -0.978820986968, -0.972176796638, 1.0, 1.32311771037, 3.0, 1.4664479108, 0.0, -0.772059596194, 2.4332690613, 1.43406144553, 2.51015559729, -0.643926392429, 1.0, 0.0, -1.0, 2.28744981635, 0.856529693798, -1.0, 2.66561325915, 2.18035168207, -0.719560728554, 97461.0, 502.0, 99515.0
0.706289753854, -0.760786485472, 1.92594994549, 1.0, -0.170141714598, -0.788505032082, -0.976989836797, -1.0, 1.0, 2.9784558511, 1.0, -1.0, 1.8725263745, -0.92447081684, 1.0, 2.15264046686, 1.17105082569, 2.0, -1.0, 0.802074729739, -1.0, 1.0, 1.09984224213, 0.877841459565, -0.480494985017, -1.0, -1.0, 0.228522256279, -1.0, 2.88882516068, -0.606926895104, 1.0, -0.326725379289, -0.908455201693, 3.0, 2.09315906881, -1.0, 1.0, 0.470121940847, 3.0, 2.0, 2.99202061875, 0.056053221506, -1.0, 0.0, 2.81034269079, 1.55076398545, -0.141971467012, 2.0, -1.0, 97620.0, 497.0, 99537.0
-0.994233093483, 2.18734617539, 1.0, 2.0, 3.0, 0.0, 1.64619219985, 3.0, 1.0, 2.19661720716, 2.0, -0.221756508979, -0.363118135512, 2.48693626067, -0.550607828473, 0.0, 1.47503476203, 3.0, 1.13343915976, 0.400934438728, -1.0, 0.0, 1.0, -0.971827891386, 0.0, 2.05919986451, 0.308861705852, 1.0, 3.0, -1.0, -0.44921310905, 1.82454254043, 1.32311771037, -0.908455201693, 1.4664479108, 2.09509582613, -1.0, 1.0, 0.0, 1.0, 1.23721496371, 0.134752692046, 1.0, 0.20412889843, 1.14289632134, 0.00409169768433, 2.80849839172, 0.100411755444, 1.0, 0.230045102891, 96865.0, 631.0, 99426.0
3.0, -0.807616353506, 1.5776445499, 1.0, 0.0, -1.0, 0.738866059543, -1.0, 1.0, 0.712476365244, -0.337760362892, -1.0, 1.8725263745, -0.92447081684, 1.0, 1.0, 1.17105082569, -1.0, -1.0, 0.0, -1.0, 1.0, 2.13791357712, -0.615568120782, 2.0, -1.0, -1.0, -0.674281070055, -0.907974860563, 2.96680667478, -0.606926895104, -0.00780808236127, 2.25442386837, -0.908455201693, 0.802615144487, 0.617440656924, -1.0, 1.0, 0.851660764933, 3.0, 2.0, 0.143492955003, 0.0, -1.0, 0.0, -1.0, 2.13531497412, 0.59080555493, 2.0, -1.0, 97799.0, 448.0, 99575.0
-0.911334113468, -1.0, 0.371416601324, -0.920078206574, -0.749723498369, 0.381266545595, -1.0, -1.0, 2.0, -0.499739365378, 0.561812612806, 2.7010205352, 0.651625087846, 0.0, -1.0, 3.0, 1.0, -0.432475960632, -0.760951437843, 2.1004861718, 2.82323265229, 0.0, 1.0, 0.0, -0.348639834429, 1.0, -0.494389598427, 0.908951123297, 2.94651914528, 2.0, -0.716444605289, 2.0, 2.0, -1.0, 1.0, -0.841661124993, 0.311852805257, 0.70741549778, -1.0, -1.0, -1.0, -1.0, 0.0, -0.652891390196, 1.2279016272, 2.71118459817, 0.253363859981, -0.607188058554, 0.0, -1.0, 97689.0, 473.0, 99568.0
0.344796377648, 1.0, 0.653590303096, 1.45786123715, 0.0, 1.0, 0.0, -1.0, -0.745123723959, -1.0, -1.0, -1.0, 0.0956863206272, 2.35813507214, 2.0, 1.0, 0.81281505833, -1.0, 3.0, -1.0, -1.0, 2.0, 0.53220775692, 2.0, -1.0, 1.0, 2.0, -0.0275342205365, 3.0, 0.0, -0.0625370854921, 1.0, 2.0, 3.0, 0.937606075512, 0.0, -0.772059596194, 3.0, 2.0, 0.0, -0.420127840713, 1.0, 0.0, -1.0, 2.0, 0.539508825081, -1.0, 1.94640022354, 1.56010624638, -0.719560728554, 97155.0, 560.0, 99476.0
0.729870508172, 1.0, -0.0406086208238, 0.406329647766, -0.319764606249, 1.0, -0.0375686111285, -1.0, 1.0, 2.54478840482, -1.0, 0.09241752726, -0.258701729908, 2.0, -0.885264877026, -0.401583856508, 0.0, -0.833508828498, 3.0, 1.03715245772, -1.0, 2.12593500682, 1.74971517025, 2.0, 0.118321996666, 1.10991746212, 1.87612632528, 2.56228325825, 0.929352541716, 0.0, 0.283521249317, 0.490604849988, 1.69379300756, 3.0, 0.383441816498, 0.16691492038, 3.0, 3.0, 2.0, 0.0, 2.39992412071, 1.0, 0.0, 0.20412889843, 0.170444589606, 0.0, 1.47116560907, 2.0, 2.0, 0.0, 96623.0, 673.0, 99396.0
0.706289753854, -0.674089819039, 1.92594994549, 1.0, -0.360252684754, -0.788505032082, -0.976989836797, -1.0, 1.0, 2.9784558511, 1.86538101519, -1.0, 1.8725263745, -0.92447081684, 1.0, 1.0, 1.76535738595, 2.89058304964, -1.0, 0.802074729739, -1.0, 1.0, 1.09984224213, -0.952644661086, -0.66460190674, -1.0, -1.0, -0.829031072111, -1.0, 1.53157716518, -0.606926895104, 1.0, -0.326725379289, -0.908455201693, -0.0271477261114, 1.48381026773, -1.0, 1.0, 0.851660764933, 3.0, 2.0, 2.99202061875, 1.0, -1.0, -0.581769442015, 2.81034269079, 2.21648749214, 0.59080555493, 2.0, -1.0, 97951.0, 438.0, 99589.0
0.344796377648, 0.00804863335545, 2.0, 0.163180810905, -0.700705138296, 0.0, 1.64619219985, -0.958469435025, 1.7972500682, 2.03000935732, 1.0, -0.635817281178, 2.67228463925, 0.0, -0.980265344322, 2.0, 2.0, -1.0, 1.24149171304, 2.0, -1.0, 1.80450024363, 1.0, -0.789946283154, 1.6581355889, -0.58201497792, -1.0, 0.0618070471294, 2.7046999524, 2.24239042473, 3.0, 0.840990173941, 1.0, -1.0, 1.04572789997, 1.28125460794, 3.0, 3.0, 0.0, -1.0, -0.958192566096, 1.0, -0.551022647679, 1.56951863398, -0.987631940708, 2.0, -0.604392772683, -0.970335637575, 1.0, -1.0, 97691.0, 492.0, 99533.0
-0.900684220924, -1.0, 0.371416601324, -0.920078206574, -0.215514801203, 0.381266545595, 0.753990716224, -1.0, 2.0, -0.863879329182, 0.561812612806, 2.38507398588, 0.651625087846, 0.0, -1.0, 3.0, 1.0, -0.831786403294, -0.760951437843, 2.1004861718, 0.0, 0.0, 1.0, 0.0, -0.348639834429, 1.0, 0.125546239424, 0.908951123297, 2.9932221739, 2.0, -0.606926895104, 0.416659521853, 2.7772322924, -1.0, -0.0143869202957, -0.826460607825, 0.606925920529, -1.0, -1.0, -1.0, 0.89563400139, -1.0, -0.594017901539, -0.652891390196, 0.785997284634, 2.71118459817, 1.20412440469, -0.607188058554, 0.0, 0.0361080167266, 97544.0, 482.0, 99568.0
