-1.0, -1.0, 1.0, 1.0, 1.0, -1.0, 3.0, 2.0, -1.0, 0.0, 0.0, 0.0, -0.918788241691, 3.0, 2.0, 0.0, 0.0, -1.0, 1.0, -1.0, 3.0, -1.0, 1.0, 0.0, -1.0, 2.0, 1.0, -1.0, 2.0, 3.0, -1.0, -1.0, 0.0, -1.0, -1.0, 1.0, -1.0, 2.0, 1.0, -1.0, 0.483698852231, 0.0, -0.182930279041, 2.0, 1.0, 0.0, 2.0, 0.745184080315, -1.0, 3.0, 96918.0, 463.0, 99581.0
-1.0, 1.0, -1.0, 2.0, 1.0, 1.0, 1.0, 1.0, 0.0, -1.0, -1.0, 2.0, -1.0, -1.0, 2.0, -1.0, 2.0, -1.0, 1.29725850475, 2.0, 3.0, -1.0, -1.0, 3.0, 1.0, 1.0, -1.0, -1.0, -1.0, 0.0, -1.0, 2.0, 0.0, 0.0, 1.0, -1.0, 3.0, 2.8967978012, 3.0, 1.27054314764, 3.0, 2.0, 0.0, 2.01921998474, 3.0, -1.0, -1.0, 3.0, 1.0, 3.0, 97231.0, 461.0, 99571.0
-1.0, -1.0, -1.0, 1.0, 2.0, 3.0, 2.0, 1.30215842871, 3.0, 2.0, 1.1932007541, 1.0, 1.0, 0.574840891581, 2.0, -1.0, 3.0, 2.43930717488, 1.0, -1.0, 0.0, -1.0, -1.0, 0.0, -1.0, 0.0, 2.0, 2.0, 0.0, -0.036800734229, 0.0, 1.0, -1.0, 3.0, -1.0, 2.0, 0.605306780882, 0.140696704904, 0.0, 1.0, 2.0, -1.0, 3.0, 0.0, 2.0, 3.0, 0.0, 3.0, 0.0, 1.0, 96652.0, 536.0, 99507.0
0.462372276833, 0.74037727011, 0.499846830422, 3.0, 2.0, -0.499977133144, 0.0, 1.0, 1.26689362195, 2.40829451537, -1.0, 0.0, -1.0, 0.0, 3.0, 0.0, 0.0, 0.0, 1.0, -1.0, 3.0, 1.0, -1.0, -1.0, 1.0, 3.0, 2.0, 1.0, 2.0, -1.0, 1.33870767591, 1.99362207788, 3.0, 0.99358197115, 0.0, 1.0, 3.0, -1.0, 2.7699473911, 2.0, 0.0, 1.55219494947, 1.0, 2.0, -1.0, 1.24817598855, 0.0, 1.52933923908, 0.785501631137, 0.0, 96224.0, 586.0, 99481.0
-1.0, -1.0, -0.682468189147, 1.0, -0.516434465179, -1.0, 3.0, -1.0, -1.0, 0.0, 0.0, 0.0, 0.134529287195, 3.0, 2.0, 0.0, -0.882442387828, -1.0, 1.0, -1.0, 2.3745185105, -1.0, 1.21514742695, 0.0, -1.0, 2.0, 0.475965508616, -1.0, 1.0, 3.0, -1.0, -1.0, 0.0, -1.0, -1.0, 1.0, -1.0, 2.0, 1.0, -1.0, -0.556861109882, 0.0, 0.0, 2.0, 1.0, 0.0, 2.69889683956, 0.0, -1.0, 3.0, 97260.0, 411.0, 99631.0
-1.0, -1.0, 1.0, 2.33482138337, 1.0, -1.0, 3.0, 2.0, -1.0, 0.0, 0.0, 0.0, -0.918788241691, 3.0, 0.18947965077, 0.0, 0.0, -1.0, 1.0, -1.0, 3.0, -1.0, 1.0, 0.0, -1.0, 2.0, 1.0, -1.0, 2.0, 3.0, -1.0, -1.0, 0.0, -1.0, -1.0, 1.0, -1.0, 2.0, 1.0, -1.0, 0.483698852231, 0.0, -0.182930279041, 2.0, 1.0, 0.0, 2.0, 0.745184080315, 2.37343086536, 3.0, 96849.0, 475.0, 99571.0
-1.0, -1.0, 1.0, 1.0, 1.0, -1.0, 2.46576801688, 2.0, -1.0, 0.0, 0.0, 0.0, 0.134529287195, 3.0, 2.0, 0.0, -0.882442387828, -1.0, 1.0, -1.0, 3.0, -1.0, 1.21514742695, 0.0, -1.0, 2.0, 1.0, -1.0, 2.0, 3.0, 3.0, -1.0, 0.0, -1.0, -1.0, 1.35427422096, -1.0, 2.0, 1.0, -1.0, 0.719167132585, 0.0, 0.0, 2.0, 1.0, 0.0, 2.0, 0.0, -1.0, 3.0, 96846.0, 480.0, 99566.0
0.0, 1.0, 3.0, 3.0, 0.744204215963, 0.0, -1.0, 1.0, -1.0, 1.95908247073, 0.468479216915, -1.0, -1.0, -0.614984889176, 2.0, 1.0, 0.0, 2.0, -1.0, -1.0, 1.0, 1.07763958615, -0.0325165365614, 2.0, 2.0, 1.0, 0.689419210147, -1.0, -1.0, 0.919926283128, 0.0, 2.96181496897, -1.0, 0.511318923925, -0.418831491052, 1.0, 1.67156790199, -1.0, 3.0, -1.0, 1.0, 1.34447539178, 1.0, 1.11153456658, 3.0, 1.0, 2.84763345915, 1.0, 1.22766078996, -1.0, 96517.0, 517.0, 99519.0
1.0, 0.0, -1.0, 2.45623619302, 1.0, 3.0, 0.0, -0.49431151287, 0.0, 0.688467056247, 1.0, 3.0, -1.0, 3.0, 2.0, 1.0, 0.919435079689, 3.0, -0.912866288451, 3.0, -1.0, -0.62634494675, 3.0, 2.0, 3.0, 0.946222009511, 2.0, -1.0, 2.0, 2.0, 1.0, 0.0, -1.0, 0.0, 3.0, 3.0, 1.0, 0.0, 3.0, 0.0, 0.0, 1.0, 2.0, 2.0, 1.0, -1.0, -1.0, 2.74480977528, 0.0, 0.38734582553, 96505.0, 562.0, 99474.0
-0.0406015498861, 2.89155913123, 0.239225950187, -0.77241097212, 3.0, 2.88993968439, 3.0, 2.0, 0.0, 3.0, 3.0, 2.0, -0.294231230833, 0.365029928261, 2.0, -1.0, 0.0, -1.0, 0.0, 2.0, 1.07044525135, 2.0, 2.0, 0.0, 3.0, -0.0866406441746, 1.0, 3.0, 2.0, 1.0, 3.0, 1.0, 1.81564679818, 1.0, 1.0, 2.0, 0.0, 1.0, 3.0, 0.0, 0.483698852231, 1.0, 0.0, 2.0, 2.0, 0.0, -1.0, 3.0, 1.0, 0.0, 96087.0, 645.0, 99426.0
0.0, 1.0, 3.0, 3.0, 2.0, 0.0, -1.0, 0.0, -1.0, -1.0, 2.0, -1.0, -1.0, 1.0, 2.0, 3.0, 0.0, 2.0, -1.0, -1.0, 1.0, 2.0, 0.957656247772, 2.0, 0.586748420171, 1.0, 0.0, -1.0, -1.0, 0.0, 0.0, -0.991164899935, -1.0, -1.0, -1.0, 1.0, 2.53326263017, -1.0, 3.0, -1.0, 0.0, 1.0, 1.0, 1.0, 3.0, 1.0, 2.0, 2.29861017569, 0.0, -1.0, 96877.0, 481.0, 99558.0
-1.0, 2.0, -1.0, 2.0, 1.77839253559, 1.0, 1.0, 1.01841963371, 0.0, -1.0, -1.0, 2.0, -1.0, -1.0, 2.0, -0.0941596541982, -0.0427862334314, -1.0, 0.0, 2.0, 3.0, -1.0, 2.0, 3.0, 1.0, 1.0, -1.0, -1.0, -1.0, 0.0, -1.0, 2.0, 0.0, 0.0, 1.50172840189, 0.628177056147, 3.0, 1.0, 3.0, 1.0, 3.0, 2.0, 0.0, 1.98988369919, 3.0, -1.0, -1.0, 3.0, 1.86680909064, 3.0, 96932.0, 510.0, 99528.0
0.0, 2.8636101272, 3.0, 3.0, 2.0, 0.0, -1.0, 1.0, -1.0, 2.38993947107, 2.0, -1.0, -1.0, 1.0, 2.70840691106, 1.0, 0.0, 1.68529567223, 1.17176515885, 1.61997330875, 1.0, 1.07763958615, -0.0325165365614, 0.0289358698132, 2.0, 2.28061597278, 0.689419210147, -1.0, -1.0, 0.0, -0.261739306463, 2.98068344305, -1.0, 0.48493254875, -0.418831491052, 1.0, 2.0, 0.753889063181, 3.0, -1.0, 1.0, 1.34447539178, 1.0, 1.11153456658, 3.0, 1.0, 2.84763345915, 1.0, 1.22766078996, 3.0, 96235.0, 594.0, 99464.0
-1.0, 2.0, -1.0, 2.0, 1.0, 2.78511168639, 0.0609557013388, 1.01841963371, 0.0, -1.0, 2.0, 2.0, -1.0, -1.0, 2.0, -1.0, -0.0427862334314, -1.0, 0.0, 2.0, 3.0, -1.0, 2.1484086359, 3.0, 1.0, 1.0, -1.0, -1.0, -1.0, 0.0, -1.0, 2.0, 0.0, 0.0, 1.0, 0.188459443553, 3.0, 1.0, 3.0, 1.0, 3.0, 1.62645298651, 0.0, 1.98988369919, 3.0, -1.0, -1.0, 3.0, 0.0, 3.0, 96901.0, 504.0, 99530.0
0.0, 1.0, 3.0, 3.0, 2.0, 0.0, -1.0, 1.0, -1.0, 1.95908247073, 2.0, -1.0, -1.0, 1.0, 2.0, 1.0, 0.0, 2.0, -1.0, -1.0, 1.0, 1.07763958615, -0.0325165365614, 2.0, 2.0, 1.0, 0.689419210147, -1.0, -1.0, 0.0, 0.0, 2.96181496897, -1.0, 0.511318923925, -0.418831491052, 1.0, 2.0, -1.0, 3.0, -1.0, 1.0, 1.34447539178, 1.0, 1.11153456658, 3.0, 1.0, 2.84763345915, 1.0, 1.22766078996, -1.0, 96480.0, 532.0, 99509.0
0.0, 3.0, -0.659279933973, -0.859306324782, 0.0, -0.50243736323, 1.0, 3.0, 1.74286645153, 2.0, 2.0, 2.58373337184, -1.0, 0.564678263469, 3.0, 0.0, 1.0, -1.0, 0.0, -1.0, 3.0, 1.0, 3.0, 0.0, 0.0, 2.0, -0.152205538638, 2.0, -0.893065227999, 2.59266346817, 1.0, 3.0, 2.0, 3.0, 1.0, 3.0, -1.0, 1.0, -1.0, -1.0, 0.0, 1.46668984631, 2.0, 2.0, 2.0, 0.0, 0.0, 3.0, 1.0680370516, 2.28346800957, 96624.0, 559.0, 99486.0
-1.0, 1.0, -1.0, 2.0, 1.88807505522, 1.0, -0.295201871788, 1.0, 0.0, -1.0, -1.0, 0.00551803271492, -1.0, -1.0, 2.0, -1.0, 2.0, -1.0, 0.0, 2.0, 3.0, -1.0, 2.0, 3.0, 0.908758115288, 1.73624625144, -1.0, -0.288684305479, -1.0, -0.408285532733, -1.0, 2.0, 0.0, -0.331943374097, 1.0, -1.0, 0.474836414815, 1.0, 3.0, 1.8580517082, 3.0, 2.0, 0.0, 2.48173262783, -0.010585060466, -1.0, -1.0, -0.131696901224, 2.58279997974, 2.00759185756, 96697.0, 497.0, 99541.0
0.0, 1.0, 3.0, 1.92427740837, 0.137142148647, -0.702635513968, -1.0, 0.0, 1.53853958771, -1.0, 0.601593407646, -1.0, -1.0, -0.40431616192, 2.29032097099, 3.0, 0.0, 2.0, -1.0, 0.3921086294, 1.0, 2.0, 0.0, 2.0, 2.0, 1.96041168075, 0.0, -1.0, -1.0, 0.0, 0.0, 1.0, -0.808303238209, 0.0, -1.0, 1.0, 2.0, -1.0, 3.0, -1.0, 0.0, 1.0, 1.0, 1.0, 0.958528185306, 1.0, 2.0, 1.0, 2.98592365304, -1.0, 96477.0, 518.0, 99527.0
-0.18653011926, 3.0, 1.0, 1.0, 1.0, -1.0, -1.0, 1.0, -1.0, -0.583765558718, 0.0, -1.0, 2.0, 2.0, 3.0, 0.0, 0.0, -1.0, -1.0, -1.0, 2.2695293893, 2.0, 0.0, 3.0, 1.0, -1.0, 2.0, -1.0, -1.0, 0.0, 2.0, -1.0, 0.0, 0.0, -1.0, 1.0, 2.0, 1.0, 0.0, -1.0, 1.0, -1.0, 0.0, 2.0, 3.0, 1.0, 1.0, 0.0, -1.0, 3.0, 96804.0, 485.0, 99557.0
-0.0406015498861, 2.34051269036, 1.0, -0.707435417214, 3.0, 2.88993968439, 3.0, 2.0, 0.0, 3.0, 3.0, 2.0, -0.294231230833, 1.8189430369, 2.0, -1.0, 0.0, -1.0, 0.0, 2.0, 2.0, 2.0, -1.0, 0.0, 3.0, -1.0, 1.0, 3.0, 2.18767115531, 2.89854725808, 3.0, 1.0, -0.13268065431, 1.0, 1.0, 2.0, 0.0, -1.0, 3.0, 1.52941297936, 0.483698852231, 1.0, 1.312913097, 2.0, 2.89443049187, 0.0, -1.0, 2.61954645697, 1.0, 0.0, 96544.0, 597.0, 99463.0
0.0, 1.0, 3.0, 3.0, 2.0, 0.0, -1.0, 0.0, -1.0, -1.0, 2.0, -1.0, -1.0, 1.0, 2.0, 3.0, 0.0, 2.0, -1.0, -1.0, 1.0, 2.0, 0.0, 2.0, 2.0, 1.0, 0.0, -1.0, -1.0, 0.0, 0.0, 1.0, -1.0, -1.0, -1.0, 1.0, 2.0, -1.0, 3.0, -1.0, 0.0, 1.0, 1.0, 1.0, 3.0, 1.0, 2.0, 1.0, 0.0, -1.0, 96742.0, 496.0, 99550.0
-0.498391269592, 1.0, 3.0, 3.0, 2.0, 0.0, -1.0, 0.0, -1.0, -1.0, 2.0, -1.0, -1.0, 1.0, 2.0, 3.0, 0.0, 2.0, -1.0, -1.0, 1.12229267353, 2.0, 0.0, 2.0, 2.0, 1.0, 0.0, -1.0, -1.0, 0.0, 0.0, 1.0, -1.0, -1.0, -1.0, 1.0, 2.0, -1.0, 3.0, -1.0, 0.0, 1.0, 1.0, 1.0, 3.0, 1.0, 2.0, 1.0, 0.0, -1.0, 96742.0, 496.0, 99550.0
-0.498391269592, 1.0, 3.0, 3.0, 2.0, 0.0, -1.0, 0.0, -1.0, -1.0, 2.0, -1.0, -1.0, 1.0, 2.0, 3.0, 0.0, 2.0, -1.0, -1.0, 1.12229267353, 2.0, 0.0, 2.0, 2.0, 1.0, 0.0, -1.0, -1.0, 0.186655627834, 0.0, 1.0, -1.0, -1.0, -1.0, 1.0, 2.0, -1.0, 3.0, -1.0, 0.0, 1.0, 1.0, 1.0, 3.0, 1.0, 2.0, 1.0, 0.0, -1.0, 96742.0, 496.0, 99550.0
-1.0, 0.0, -1.0, 2.0, 1.0, -1.0, 1.0, 3.0, 3.0, -1.0, 3.0, -1.0, 0.0, 1.0, 2.0, 3.0, 1.0, -1.0, 2.02229619527, 0.0, 0.0, 0.0, 3.0, 2.0, 2.0, 2.0, -0.985931810681, -1.0, 2.0, 3.0, 2.65426251052, -1.0, 1.0, 0.0, 2.0, 1.0, 0.0, -1.0, -1.0, -1.0, 1.0, -1.0, 3.0, 0.0, 1.0, 2.48997063237, 0.0, 1.0, 3.0, -1.0, 96891.0, 511.0, 99536.0
0.0, 1.0, 3.0, 3.0, 1.6264414351, 0.0, 0.129873707511, 1.22330608155, -0.180027638258, -0.284839038597, 2.0, -1.0, -1.0, 1.0, 2.0, 1.0, -0.838154868917, 2.0, -1.0, -1.0, 1.0, 1.07763958615, -0.0325165365614, 2.0, 2.0, 1.0, 0.689419210147, -1.0, -1.0, 0.0, 0.0, 2.96181496897, -1.0, 0.511318923925, -0.418831491052, 1.0, 2.0, -1.0, 3.0, -1.0, 1.0, 1.34447539178, 1.0, 1.11153456658, 3.0, 1.0, 2.88717669439, 1.0, 1.22766078996, -1.0, 96336.0, 541.0, 99499.0
0.0, 3.0, -1.0, 2.0, 1.0, -1.0, 0.0, 1.0, 1.0, 3.0, -1.0, 0.0, -1.0, 1.0, 3.0, 0.0, 2.0, 0.581510225348, 2.0, 2.0, 0.0, 1.0, 0.0, -1.0, 2.0, -0.501200970916, 1.30584311282, -1.0, 2.92063913472, -1.0, 0.0678394885598, -1.0, 1.0, 1.0, -1.0, 0.0, 3.0, 2.0, -1.0, -1.0, 0.104260833029, 0.192422819634, 3.0, -1.0, 0.0, -1.0, 0.894899581507, 2.0, -1.0, 0.0, 96790.0, 494.0, 99562.0
-1.0, 2.0, -1.0, 2.0, 1.0, 1.0, 1.0, 1.01841963371, 0.0, -1.0, -1.0, 2.0, -1.0, -1.0, 2.0, -1.0, -0.0427862334314, -1.0, 0.0, 2.0, 3.0, -1.0, 2.0, 3.0, 1.0, 1.0, -1.0, -1.0, -1.0, 0.0, -1.0, 2.0, 0.0, 0.0, 1.0, 0.628177056147, 3.0, 1.0, 3.0, 1.0, 3.0, 2.0, 0.0, 1.98988369919, 3.0, -1.0, -1.0, 3.0, 1.14737213768, 3.0, 96971.0, 491.0, 99542.0
0.0, 1.0, 3.0, 3.0, 0.744204215963, 0.0, -1.0, 2.10476729498, -1.0, 1.95908247073, 0.468479216915, 0.962975886505, -1.0, -0.614984889176, 2.0, 1.0, 0.0, 2.0, -1.0, -1.0, 1.0, 1.07763958615, -0.0325165365614, 2.0, 2.0, 1.0, 0.689419210147, -1.0, -1.0, 0.330215436548, 0.0, 2.96181496897, -1.0, 0.511318923925, -0.418831491052, 1.0, 1.67156790199, -1.0, 3.0, -1.0, 1.0, 1.34447539178, -0.210615688837, 1.11153456658, 3.0, 1.0, 2.84763345915, 1.0, 1.22766078996, -1.0, 96377.0, 533.0, 99509.0
-1.0, 3.0, -1.0, 1.0, -1.0, 1.0, 0.0, 2.40917595903, 2.0, -0.00459864949287, 2.0, 2.0, -1.0, -1.0, 0.179118724491, 0.0, 3.0, 2.0, -1.0, 2.0, 3.0, 3.0, 0.0, 2.31098940913, 1.0, 3.0, -1.0, -1.0, 2.0, 1.0, 0.0, 1.0, 1.0, 3.0, 1.0, 2.0, -1.0, -0.0140616266469, 1.0, -1.0, 0.0, 0.0, 2.0, 2.0, -1.0, 0.0, -1.0, 1.0, 0.0, 0.0, 96568.0, 527.0, 99517.0
-1.0, -1.0, -1.0, 1.0, 1.0, -1.0, -1.0, 2.0, -1.0, 0.0, -0.684107602606, 0.0, 1.0, 3.0, 2.0, 0.0, 0.0, -1.0, 1.0, -1.0, 3.0, -1.0, 1.0, 0.0, -1.0, 2.0, 1.0, -1.0, 2.70829423948, 3.0, 1.43482251755, -1.0, 0.0, -1.0, -1.0, -0.733190332642, -1.0, -0.419307312697, 1.0, -1.0, 1.0, -0.988303936906, 0.0, 2.19931989245, 1.0, 0.0, 2.0, 0.0, -1.0, 3.0, 97099.0, 432.0, 99609.0
-1.0, -1.0, 1.0, 1.0, 1.0, -1.0, -1.0, 2.0, -1.0, 0.0, 0.0, 0.0, 1.0, 3.0, 2.0, 0.0, 0.0, -1.0, 1.0, -1.0, 3.0, -1.0, 1.0, 0.0, -1.0, 2.0, 1.0, 1.0363016356, 2.0, 3.0, 1.03830885435, -1.0, 0.0, -1.0, -1.0, 1.07174539237, -1.0, -0.419307312697, 1.0, -1.0, 1.0, -0.772067223094, 0.0, 1.93231725776, 1.0, 0.0, 2.0, 0.0, -1.0, 1.94116367526, 96710.0, 492.0, 99563.0
0.0, 1.0, 3.0, 3.0, 2.0, 0.0, -1.0, 0.0, -1.0, -1.0, -0.331351223913, -1.0, -1.0, 1.0, 2.0, 3.0, 0.0, 2.0, -1.0, 0.3921086294, 1.0, 2.0, 0.0, 2.0, 2.0, 1.0, 0.0, -1.0, -1.0, 0.0, 0.0, 1.0, -1.0, 0.0, -1.0, 1.0, 2.0, -1.0, 3.0, -1.0, 0.0, 1.0, 1.0, 1.0, 3.0, 1.0, 2.0, 1.0, -0.160954189095, -1.0, 96441.0, 523.0, 99525.0
1.0, 0.0, -1.0, 1.0, 1.0, 3.0, 0.0, 2.0, 0.0, 1.0, 1.0, 3.0, -1.0, 3.0, 2.0, 1.0, 2.0, -1.0, 0.0, 3.0, -1.0, -1.0, 3.0, 2.0, 3.0, 0.0, 2.0, -1.0, 2.0, 2.0, 1.0, 0.0, -1.0, 0.0, 3.0, 3.0, 1.0, 0.0, 3.0, 0.0, 0.0, 1.0, 2.0, 2.0, 1.0, -1.0, -1.0, 2.0, 0.0, 2.0, 96467.0, 570.0, 99470.0
1.0, 0.0, -1.0, 1.9590190026, 0.683047120104, 3.0, -0.834037394434, 2.0, 0.0, 1.0, 1.0, 3.0, -1.0, 3.0, 2.0, 1.0, 2.0, -1.0, 0.0, 3.0, 0.348227167375, -1.0, 3.0, 2.0, 3.0, -0.950854599455, 2.60681143931, -1.0, 2.0, 2.0, 1.0, 1.47001440857, -0.644783398412, 0.257425001453, 3.0, 3.0, 1.0, 2.0, 1.0, -1.0, 0.0, 0.696954657823, 0.275784212147, 2.0, 1.0, -1.0, -1.0, 2.0, 0.0, 2.0, 96613.0, 549.0, 99491.0
-0.0406015498861, 2.34051269036, 1.0, -0.707435417214, 3.0, 2.88993968439, 3.0, 2.0, 0.0, 3.0, 3.0, 2.0, -0.512659323932, 1.8189430369, 2.0, -1.0, 0.0, -1.0, 0.0, 2.0, 2.0, 2.0, -1.0, 0.0, 3.0, 0.0, 1.0, 3.0, 2.18767115531, 2.89854725808, 3.0, 1.0, -0.13268065431, 1.0, 1.0, 2.0, 0.0, -1.0, 3.0, -0.728356389575, 0.483698852231, 1.0, 1.09907333008, 2.0, -0.39229484441, 1.91088301719, -1.0, 2.61954645697, 1.0, 0.0, 96522.0, 582.0, 99468.0
1.0, 0.0, 2.0, 2.0, 2.0, 1.3484816112, 0.0, 0.779063183573, 3.0, -1.0, 0.0, -0.184976874086, 1.0, 2.0, 3.0, 3.0, -0.859357546478, 2.0, -1.0, -1.0, 1.16267188125, 0.173916465868, 2.0, 1.0, 2.0, 0.0, 3.0, -1.0, 1.0, 0.0, -1.0, 2.0, 0.357178809814, 1.0, 0.0, -0.160437809908, -1.0, 0.0, 2.0, 1.46708859089, 0.202454424053, -0.436108068603, 1.0, 1.0, 1.0, 1.0, -1.0, 1.0, -1.0, 0.656285587835, 96206.0, 570.0, 99497.0
0.0, 1.0, 3.0, 3.0, 2.0, 0.0, -1.0, 1.0, -1.0, 2.38993947107, 2.0, -1.0, -1.0, 1.0, 2.0, 1.0, 0.0, 2.0, 1.17176515885, -1.0, 1.0, 1.07763958615, -0.0325165365614, 0.0289358698132, 2.0, 1.0, 0.689419210147, -1.0, -1.0, 0.0, -0.261739306463, 2.98068344305, -1.0, 0.511318923925, -0.418831491052, 1.0, 2.0, -1.0, 3.0, -1.0, 1.0, 1.34447539178, 1.0, 1.11153456658, 3.0, 1.0, 2.84763345915, 1.0, 1.22766078996, -1.0, 96329.0, 550.0, 99497.0
0.0, 3.0, 0.0, 1.0, 0.0, 3.0, 1.0, 3.0, 1.0, 2.0, 2.0, 0.0, -1.0, 2.0, 3.0, 0.0, 1.0, -1.0, 0.0, -1.0, 3.0, 1.0, 3.0, 0.0, 0.0, 2.0, -0.152205538638, 2.0, 1.0, 2.0, 1.0, 3.0, 2.0, 3.0, 1.0, 3.0, -1.0, 1.0, -1.0, -1.0, 0.0, 2.0, 2.0, 2.0, 2.0, 0.0, 0.0, 3.0, 1.0680370516, 1.78956118901, 96337.0, 625.0, 99449.0
-1.0, 1.35744214049, 2.38198707905, 3.0, 1.0, 0.312955723419, 0.0, 1.0, -1.0, 3.0, -1.0, -1.0, -1.0, 2.0, 0.0, 2.0, 2.0, 2.0, 2.5965118647, 2.0, -0.138688871536, 0.359249646246, 0.0, 2.0, 0.0, 0.0, 2.0, 2.0, -1.0, 1.0, 3.0, 2.0, 1.39640568533, 0.0, -1.0, -1.0, 1.0, 1.0, 0.944491025552, 1.0, 0.0, 0.497094313191, -1.0, 1.0, -1.0, 0.0, -1.0, -0.0322821311809, 1.0, 0.0, 96317.0, 557.0, 99517.0
-1.0, -1.0, 1.0, 1.0, 1.0, -1.0, 3.0, 2.0, -1.0, 0.0, 0.0, 0.0, 1.0, 3.0, 2.0, 0.0, 0.0, -1.0, 1.0, -1.0, 3.0, -1.0, 1.0, 0.0, -1.0, 2.0, 1.0, -1.0, 2.0, 3.0, -1.0, -1.0, 0.0, -1.0, -1.0, 1.0, -1.0, 2.0, 1.0, -1.0, 1.0, 0.0, 0.0, 2.0, 1.0, 0.0, 2.0, 0.0, -1.0, 3.0, 96819.0, 480.0, 99569.0
-1.0, -1.0, 1.0, 1.0, 1.0, -1.0, -1.0, 2.0, -1.0, 0.0, 0.0, 0.0, 1.0, 3.0, 2.0, 0.0, 0.0, -1.0, 1.0, -1.0, 3.0, -1.0, 1.0, 0.0, -1.0, 2.0, 1.0, -1.0, 2.0, 3.0, 1.03830885435, -1.0, 0.0, -1.0, -1.0, 1.07174539237, -1.0, -0.419307312697, 1.0, -1.0, 1.0, -0.772067223094, 0.0, 2.0, 1.0, 0.0, 2.0, 0.0, -1.0, 3.0, 96848.0, 475.0, 99577.0
-1.0, 2.0, -1.0, 2.0, 1.0, 1.0, 0.430764482389, 1.0, 0.0, -1.0, -1.0, 2.0, -1.0, -1.0, 2.0, -1.0, 2.45381888627, -1.0, 0.0, 0.376184156329, 3.0, -1.0, 1.98999429407, 3.0, 1.0, 1.0, -1.0, -1.0, -1.0, 0.0, -1.0, 2.0, 0.0, 0.0, 1.0, -1.0, 3.0, 1.0, 3.0, 1.0, 3.0, 1.79848570834, 0.0, 2.0, 3.0, -1.0, -1.0, 3.0, 1.14737213768, 3.0, 97047.0, 480.0, 99555.0
-0.229235083509, 3.0, -1.0, 2.0, 0.0, 0.0, 0.0, 1.0, 0.0, 2.0, 1.0, -1.0, 1.0, 0.0, 3.0, 1.0, -1.0, -1.0, -1.0, 3.0, 3.0, -1.0, 2.0, 1.0, 1.0, -1.0, 1.0, -1.0, 3.0, 3.0, 3.0, 1.0, 3.0, 2.0, 1.77571048666, 2.0, 2.0, -0.875630145356, 0.0, 0.0, -1.0, 1.0, 0.0, 2.8200615457, 0.0, 1.0, 0.0, -0.442474673501, 0.0, 2.0, 96427.0, 557.0, 99490.0
0.0, 1.0, 3.0, 3.0, 2.0, 0.0, -1.0, 1.0, -1.0, 2.49333774719, 2.0, -0.490083698882, -1.0, 1.0, 2.0, 1.0, 0.0, 2.0, 1.17176515885, -1.0, 1.0, 1.07763958615, -0.0325165365614, 0.0289358698132, 2.0, 1.0, 0.689419210147, -1.0, -1.0, 0.0, -0.261739306463, 2.99064958118, -1.0, 0.511318923925, -0.418831491052, 0.930411547265, 2.0, -1.0, 3.0, -1.0, 1.0, 1.34447539178, 1.0, 1.11153456658, 3.0, 1.0, 2.84763345915, 1.0, 1.22766078996, -1.0, 96226.0, 566.0, 99487.0
0.0, 2.8636101272, 3.0, 3.0, 2.0, 0.0, -1.0, 1.0, -1.0, 2.38993947107, 2.0, -1.0, -1.0, 1.0, 2.0, 1.0, 0.0, 2.0, 1.17176515885, 1.61997330875, 1.0, 1.07763958615, -0.0325165365614, 0.0289358698132, 2.0, 1.0, 0.689419210147, -1.0, -1.0, 0.0, -0.261739306463, 2.98068344305, -1.0, 0.511318923925, -0.418831491052, 1.0, 2.0, -1.0, 3.0, -1.0, 1.0, 1.34447539178, 1.0, 1.11153456658, 3.0, 1.0, 2.84763345915, 1.0, 1.22766078996, 3.0, 96269.0, 580.0, 99471.0
0.0, 3.0, 1.0, 1.0, 1.0, -1.0, -1.0, 1.0, -1.0, 0.0, 0.0, -1.0, 2.0, 2.0, 3.0, 0.0, 0.0, 3.0, -1.0, -1.0, 2.0, 2.0, 0.0, 3.0, 1.0, -1.0, 2.0, -1.0, -1.0, 0.0, 2.0, -1.0, 0.0, 0.0, -1.0, 1.0, 2.0, 2.1776922169, 0.0, -1.0, 1.0, -1.0, 0.0, 2.0, 3.0, 1.0, 1.0, 1.97762686698, -1.0, -1.0, 96797.0, 495.0, 99554.0
-1.0, 3.0, -1.0, 2.0, 0.0, 0.0, 0.0, 1.0, 0.0, 2.0, 1.0, -1.0, 1.0, 0.0, 3.0, 1.0, -1.0, -1.0, 1.0, 3.0, 2.85589621882, -1.0, -0.457567326925, 1.0, 1.0, -1.0, 1.0, -1.0, 3.0, 3.0, 3.0, 1.0, 3.0, 2.0, -1.0, 2.0, 2.0, 1.0, 0.0, 0.0, 0.933201796898, 2.65903780351, 0.0, 2.0, 0.0, 1.0, -0.577973545396, 0.0, 0.0, 2.0, 96410.0, 561.0, 99489.0
0.0, 3.0, 0.393138553792, 1.0, 0.0, -0.50243736323, 1.0, 3.0, 1.74286645153, 2.0, 2.0, -0.447370558319, 0.211375389868, 0.564678263469, 1.42797979945, 0.0, 1.0, -1.0, 1.0, -1.0, 3.0, 1.0, 3.0, 0.0, 0.0, 2.0, -0.152205538638, 2.0, 1.0, 1.0, 1.0, 3.0, 2.97708888427, 3.0, 1.0, 3.0, -1.0, 1.0, -1.0, -1.0, 0.0, 2.0, 2.46438604255, 2.0, 2.0, 0.0, 2.0, 3.0, 1.0680370516, 2.28346800957, 96305.0, 623.0, 99451.0
0.0, 3.0, -1.0, 1.41542588698, 1.0, -1.0, 0.0, 1.0, 1.0, 3.0, -1.0, 0.0, -1.0, -1.0, 1.02265673576, 0.0, 2.0, 0.581510225348, 2.0, 2.0, 0.0, -0.716604925535, 0.0, -1.0, 2.0, 3.0, 1.0, -1.0, 1.0, -1.0, 0.0, -1.0, 1.0, 1.0, -1.0, -0.375983654363, 3.0, 0.0693359824241, -0.87538228809, -1.0, 1.0, 1.0, 3.0, -1.0, 0.0, -1.0, 1.0, 1.99226750442, -1.0, 0.0, 96836.0, 481.0, 99564.0
0.0, 3.0, 2.0, 1.98567003211, -0.573697864421, 2.0, 3.0, 0.0, 0.628710461593, 0.0, 0.0, -1.0, -1.0, -1.0, 2.0, 3.0, 0.0, -1.0, -1.0, 1.0, 1.0, 1.0, 2.0, -1.0, 3.0, 3.0, -1.0, -1.0, 1.0, -0.961362690892, -1.0, -0.614791845633, 1.0, 1.31900493339, 0.0, 1.41903757039, 1.04456698134, -1.0, -0.392486765952, -1.0, 2.0, 1.0, 1.0, -1.0, -1.0, -1.0, 0.0, -1.0, 0.0, 0.0, 97085.0, 459.0, 99598.0
1.0, 0.0, -1.0, 2.45623619302, 1.0, 3.0, 0.0, 2.0, 0.0, 1.0, 1.0, 3.0, -1.0, 3.0, 2.0, 1.0, 0.919435079689, -1.0, 1.4761754571, 3.0, -1.0, -0.62634494675, 3.0, 2.0, 3.0, 0.946222009511, 2.0, -1.0, 2.0, 2.0, 1.0, 0.0, -1.0, 0.0, 3.0, 3.0, 1.0, 0.0, 3.0, 0.0, 0.0, 1.0, 2.0, 2.0, 1.0, -1.0, -1.0, 2.74480977528, 0.0, -0.80661535377, 96644.0, 557.0, 99487.0
0.0, 3.0, 1.0, 1.0, 1.0, -1.0, -1.0, 1.0, -1.0, 0.0, 0.0, -1.0, 2.0, 2.0, 3.0, 0.0, 0.0, 3.0, -1.0, -1.0, 2.0, 2.0, 0.0, 3.0, 1.0, -1.0, 2.0, -1.0, -1.0, 0.0, 2.0, -1.0, 0.0, 0.0, -1.0, 1.0, 2.0, 1.0, 0.0, -1.0, 1.0, -1.0, 0.0, 2.0, 3.0, 1.0, 1.0, 0.0, -1.0, 3.0, 96640.0, 508.0, 99537.0
-1.0, 3.0, -1.0, 2.0, 0.0, 0.0, 0.474343769282, 1.0, 0.0, 2.0, 1.0, -1.0, 1.0, 0.0, 3.0, 1.0, -1.0, -1.0, 1.0, 3.0, -0.423950043689, 1.25642698919, 2.0, 1.0, 1.0, -1.0, 1.0, -1.0, 3.0, 3.0, 3.0, 1.0, 3.0, 2.0, -1.0, 2.0, 2.0, 1.0, 0.0, 0.0, 0.933201796898, 2.65903780351, 0.0, 2.0, 0.0, 1.0, 1.66165920797, 0.0, 0.0, 2.0, 96261.0, 591.0, 99470.0
-1.0, 3.0, -1.0, 1.0, -1.0, 1.0, 0.0, 1.0, 2.0, -1.0, 2.0, 2.0, -1.0, -1.0, 0.0, 0.0, 3.0, 2.0, -1.0, 2.0, 3.0, 3.0, 0.0, 1.0, 1.0, 3.0, -1.0, -1.0, 2.0, 1.0, 0.0, 1.0, 1.0, 3.0, 1.0, 2.0, -1.0, 2.0, 1.0, -1.0, 0.0, 0.0, 2.0, 2.0, -1.0, 0.0, -1.0, 1.0, 0.0, 0.0, 96678.0, 514.0, 99529.0
0.0, 3.0, 3.0, 0.0, 1.0, 3.0, 1.69237843031, 2.0, 1.0, -1.0, -0.0357659443132, -0.542928080715, -1.0, 1.0, -1.0, 0.0, 2.0, 0.0, 2.00089045393, -1.0, 2.0, 2.0, 2.0, 0.0132402731952, 2.0, 0.0, 1.0, -0.349657845279, 2.0, 0.0, -0.316541076925, 0.0, 2.0, 1.0, 0.0, 3.0, -1.0, 2.1121212008, 3.0, 2.0, 1.0, -0.381643392519, 2.0, 1.0, 0.0, 1.91088301719, 0.0, -1.0, -1.0, 1.0, 96212.0, 591.0, 99479.0
-1.0, 3.0, -1.0, 2.0, 2.54056725814, 0.0, 0.0, 1.0, 0.0, 1.0, 1.0, -1.0, 1.0, 0.0, 3.0, 1.0, -1.0, 1.0, 1.37298275597, 3.0, -0.102830800188, -1.0, 2.47167744051, 0.132758441098, 1.0, -1.0, 1.0, -1.0, 3.0, 1.83352374275, 3.0, 1.0, 3.0, 1.79189435822, -1.0, 2.31030705984, 0.474836414815, -0.708239741365, 0.0, 2.13541688127, -0.0502050577727, 2.65903780351, 0.0, 2.0, 0.0, 1.0, 0.0, 0.0, 0.0, 2.73779721981, 96234.0, 574.0, 99475.0
1.0, 3.0, 0.0, 1.0, 2.62756920946, 3.0, 0.951485178148, -1.0, -0.482578091462, 2.0, 2.0, -1.0, 2.23215119271, 3.0, 0.954898671992, -1.0, 3.0, 0.0, 2.0, -1.0, 2.0, 3.0, 2.69388160933, 0.0, 2.0, 0.0, 0.937251706606, 0.140865480398, 1.0, 0.0, 0.706798296007, 1.0, 1.0, 0.0, -0.980159859328, -0.43382613733, 2.0, -1.0, 1.0, 2.87723370508, 0.0, -0.0410415219899, 0.0, -0.132395319284, 3.0, -1.0, 0.0, 3.0, 2.12851423556, 1.27877957946, 96164.0, 606.0, 99454.0
0.0, 1.0, 3.0, 1.92427740837, 2.0, -0.702635513968, -1.0, 0.0, -1.0, -1.0, -0.331351223913, -1.0, -1.0, -0.40431616192, 2.0, 3.0, 0.0, 2.0, -1.0, 0.3921086294, 1.0, 2.0, 0.0, 2.0, 2.0, 1.0, 0.0, -1.0, -1.0, 0.0, 0.0, 1.0, -0.808303238209, 0.0, -1.0, 1.0, 2.0, -1.0, 3.0, -1.0, 0.0, 1.0, 1.0, 1.0, 0.958528185306, 1.0, 2.0, 1.0, -0.160954189095, -1.0, 96500.0, 504.0, 99539.0
1.0, 2.0, 0.0, 2.0, 1.0, 1.0, 0.0, 3.0, 2.0, -0.951655985998, 1.1932007541, -0.62939976086, -1.0, -1.0, 3.0, -1.0, 3.0, 3.0, 2.0, 1.79044017545, 1.0, -0.804896912615, 3.0, 0.0, 2.07078549607, 2.27830691795, -0.148004771382, 1.0, -1.0, 1.0, 2.70104295493, -1.0, -1.0, 1.0, 1.0, 1.0, 2.0, 0.140696704904, 1.40061675403, -1.0, 1.0, 1.0, 3.0, -1.0, 2.0, -1.0, -1.0, 0.0, 0.0, 1.0, 96699.0, 521.0, 99510.0
-0.379647109883, 1.0, -1.0, 0.0, 1.0, 3.0, 3.0, 2.0, -1.0, 2.27325227387, 0.0, 1.0, -1.0, 2.0, -1.0, 0.0, 2.0, -0.135646874712, 2.0, 3.0, 1.0, 3.0, 0.525138137406, 3.0, 2.0, -1.0, 3.0, -1.0, 1.0, 0.0, 0.0, 2.99358229661, 1.0, 0.0, 0.946941724963, -1.0, 3.0, 1.1501347659, 1.0, 1.21477785775, 1.0, 0.0, 3.0, 0.0, 2.0, 1.0, 1.0, 0.0, 0.0, 2.0, 96222.0, 598.0, 99463.0
0.0, 3.0, 0.0, 1.0, 0.0, 3.0, 2.03095992135, 3.0, 1.0, 2.98964980385, 2.0, 0.0, -1.0, 1.51466135124, 3.0, 0.0, 1.0, -1.0, 0.0, -1.0, 3.0, 1.0, 3.0, 0.0, 0.0, 2.90678537703, -0.152205538638, 2.0, 1.0, 2.0, 1.0, 3.0, 2.0, 3.0, 1.0, 3.0, -1.0, 1.0, -1.0, -1.0, 0.0, 2.0, 2.0, 2.0, 2.0, 0.0, 0.0, 3.0, 1.0680370516, 0.617959890773, 96386.0, 625.0, 99449.0
1.0, 0.0, 2.0, 2.0, 2.0, 1.3484816112, 0.0, 0.779063183573, 3.0, -1.0, 0.0, -0.184976874086, 1.0, 2.0, 3.0, 3.0, -0.859357546478, 2.0, -1.0, -1.0, 1.63548889661, 0.173916465868, 2.0, 1.0, 2.0, 0.0, 3.0, -1.0, 1.0, 0.0, -1.0, 2.0, 0.357178809814, 1.0, 0.0, -0.160437809908, -1.0, 0.0, 2.0, 1.46708859089, 0.202454424053, -0.436108068603, 1.0, 1.0, 1.0, 1.0, -1.0, 1.0, -1.0, 0.656285587835, 96230.0, 570.0, 99497.0
0.0, 3.0, 2.0, 2.0, -0.573697864421, 2.0, 3.0, 0.0, 0.628710461593, 0.0, 0.0, -1.0, -1.0, -1.0, 2.0, 3.0, 0.0, -1.0, -1.0, 1.0, 1.0, 1.0, 2.0, -1.0, 3.0, 3.0, -1.0, -1.0, 1.0, -0.961362690892, -1.0, -0.614791845633, 1.0, 1.31900493339, 0.0, 1.96522442374, 2.0, -1.0, 0.0, -1.0, 2.0, 1.0, 1.0, -1.0, -1.0, -1.0, 0.0, -1.0, 0.0, 0.0, 97133.0, 459.0, 99598.0
0.462372276833, 0.74037727011, 0.79020106123, 3.0, 2.0, -0.499977133144, 0.0, 1.0, 1.88218234581, 2.40829451537, -1.0, 0.251143629288, -1.0, 0.0, 3.0, 0.0, 0.0, 0.0, 1.0, -1.0, 3.0, 1.0, -1.0, -1.0, 1.0, 3.0, 2.0, 1.0, 2.0, -1.0, 1.33870767591, 1.99362207788, 3.0, 0.99358197115, 0.0, 1.0, 3.0, -1.0, 2.7699473911, 2.0, 0.0, 1.55219494947, 1.0, 2.0, -1.0, 1.24817598855, 0.0, 1.52933923908, 0.785501631137, 0.0, 96257.0, 586.0, 99481.0
-1.0, -1.0, 1.0, 1.0, 1.0, -1.0, 3.0, 2.0, -1.0, 0.0, 0.0, 0.0, 0.134529287195, 3.0, 2.0, 0.0, -0.882442387828, -1.0, 1.0, -1.0, 3.0, -1.0, 1.21514742695, 0.0, -1.0, 2.0, 1.0, -1.0, 2.0, 3.0, -1.0, -1.0, 0.0, -1.0, -1.0, 1.0, -1.0, 2.0, 1.0, -1.0, 0.719167132585, 0.0, 0.0, 2.0, 1.0, 0.0, 2.0, 0.0, -1.0, 3.0, 96934.0, 465.0, 99583.0
0.0, -1.0, -1.0, 1.0, 0.0, 1.0, 2.0, -0.966238965639, 2.0, 3.0, 0.0, 3.0, -1.0, -1.0, 3.0, 0.133485217094, 0.0, 2.0, -0.593640647744, 2.0, 1.25620885509, 1.0, 1.0, -0.713613246494, -1.0, 3.0, -1.0, 0.0, 0.0, -1.0, 3.0, -0.582497436035, 1.0, 0.221869112125, -1.0, -0.0263093280501, 2.0, 1.0, 1.0, 0.0, -1.0, -1.0, 1.08209735366, 3.0, 0.0, -1.0, -0.290410010913, 2.0, -1.0, 2.0, 96959.0, 477.0, 99576.0
3.0, 2.0, 1.00091019843, 2.0, 0.0, 1.0, 1.16484454082, 1.4773028237, -0.0687905419345, 3.0, 0.0, -1.0, -1.0, 2.0, 1.0, 2.0, 0.0, 1.0, 3.0, 1.64509296757, 0.0, 1.0, 1.0, 0.0, -0.0161180808321, 1.60034460168, 2.0, -1.0, 3.0, 0.0, 0.514832692804, 0.744086586556, 2.0, 3.0, -1.0, 1.0, 2.0, 2.0, -1.0, 0.0, 3.0, 0.0, 2.0, 1.0, 1.0, 0.0, 2.50259015502, 3.0, -1.0, 1.73013955977, 96295.0, 621.0, 99458.0
-0.379647109883, 1.0, -1.0, 0.0, 1.0, 3.0, 3.0, 2.0, -1.0, 2.27325227387, -0.216956547539, 1.0, -1.0, 2.0, -1.0, 0.0, 2.0, -0.135646874712, 2.0, 1.94584043398, 1.0, 3.0, 0.525138137406, 3.0, 2.0, -1.0, 3.0, -1.0, 1.0, 0.0, 0.0, 2.99358229661, 1.0, 1.42120398528, 0.946941724963, -1.0, 3.0, 1.1501347659, 1.0, 1.21477785775, 1.0, 0.0, 3.0, 0.0, 2.0, 1.0, 1.0, 0.0, 0.0, 2.0, 96231.0, 598.0, 99463.0
-1.0, 1.0, -1.0, 2.0, 1.0, 1.0, 1.0, 1.0, 0.0, -1.0, -1.0, 2.0, -1.0, -1.0, 2.0, -1.0, 2.0, -1.0, 0.0, 2.0, 3.0, -1.0, 2.0, 3.0, 1.0, 1.0, -1.0, -1.0, -1.0, 0.0, -1.0, 2.0, 0.0, 0.0, 1.0, -1.0, 3.0, 1.0, 3.0, 1.0, 3.0, 2.0, 0.0, 2.0, 3.0, -1.0, -1.0, 3.0, 1.0, 3.0, 97083.0, 480.0, 99555.0
0.0, 0.304206742496, -1.0, 2.39248085241, -1.0, 2.0, 1.0, 1.0, 2.0, 1.0, 3.0, 0.0, -1.0, 0.0, -1.0, -1.0, 0.0, 2.0, -0.736888145932, -1.0, 3.0, -1.0, 0.0, 2.0, 2.0, 1.02668395254, 0.0, -1.0, 1.0, -1.0, 3.0, -1.0, 3.0, -1.0, 0.0, 2.0, 1.0, 0.0, -1.0, -1.0, 2.0, 2.0, 3.0, 2.0, 1.01651958697, 2.0, 1.0, -1.0, -1.0, 1.0, 97042.0, 477.0, 99573.0
-1.0, 2.71624770886, 3.0, -1.0, 3.0, 3.0, 3.0, 0.0, 1.0, 0.0, 2.0, 0.0, 0.0, 0.105385456693, 1.30051405447, 2.0, 2.0, 3.0, 3.0, -1.0, 1.0, 2.0, 0.714396878578, 2.0, 0.0, 0.0, 0.0, 0.0, -1.0, 2.0, 2.16105577647, 3.0, 1.0, 2.0, 1.0, 1.0, 2.0, 0.0, 0.0, 1.0, 0.0, 1.0, 3.0, 1.0, 2.85157523235, 2.0, -1.0, 2.0, -1.0, -1.0, 96319.0, 609.0, 99455.0
-1.0, 1.0, -1.0, 2.0, 1.0, 1.0, 1.0, 1.0, 0.0, -1.0, -1.0, 2.0, -1.0, -1.0, 2.0, -1.0, 2.0, -1.0, 0.0, 2.0, 3.0, 0.416094397798, 3.0, 2.0, 1.0, 1.0, -1.0, -1.0, -1.0, -0.130063449755, -1.0, -0.444609732537, 0.0, 0.0, 1.0, -1.0, 3.0, 1.0, 3.0, 1.0, 3.0, 2.0, 0.0, 2.0, 3.0, -1.0, -1.0, 3.0, 1.0, 3.0, 96976.0, 493.0, 99549.0
0.0, 0.0, -1.0, 1.0, -1.0, 2.0, 1.75242138162, 1.0, 2.0, 0.369462544086, 3.0, -0.507711537702, -1.0, 0.0, -1.0, -1.0, 0.0, 2.0, 0.0, -1.0, 3.0, -1.0, 0.0, 1.39722942688, 2.11037950679, 1.69543347895, 0.0, -1.0, 1.0, -1.0, -1.0, -1.0, -0.0496777124558, -1.0, 0.0, 2.0, -0.657905105167, 0.0, -1.0, 0.898488426432, 2.0, 2.0, 3.0, 2.0, 0.0, 2.0, 1.0, -1.0, -1.0, 1.0, 97052.0, 463.0, 99595.0
-1.0, -1.0, -0.469955778616, 1.0, 1.0, -1.0, -1.0, 2.0, -1.0, 0.0, 0.0, 0.0, 1.0, 3.0, 2.0, 0.0, 0.0, -1.0, 1.0, -1.0, 3.0, -1.0, 1.0, 0.0, -1.0, 2.0, 1.0, -1.0, 2.0, 3.0, 1.03830885435, -1.0, 0.0, -1.0, -1.0, -0.733190332642, -1.0, -0.419307312697, 1.0, -1.0, 1.0, -0.988303936906, 0.0, 2.19931989245, 1.0, 0.0, 2.0, 0.0, -1.0, 3.0, 96926.0, 464.0, 99590.0
0.0, 3.0, -1.0, 2.0, 1.0, -1.0, 0.0, 1.0, 1.0, 3.0, -1.0, 0.0, -1.0, -1.0, 1.02265673576, 0.0, 2.0, 0.581510225348, 2.0, 2.0, 0.0, -0.716604925535, 0.0, -1.0, 2.0, 3.0, 1.0, -1.0, 1.0, -1.0, 0.0, -1.0, 1.0, 1.0, -1.0, -0.375983654363, 3.0, 2.0, -0.87538228809, -1.0, 1.0, 1.0, 3.0, -1.0, 0.0, -1.0, 1.0, 2.0, -1.0, 0.0, 96877.0, 481.0, 99564.0
-1.0, 3.0, -1.0, 2.0, 2.54056725814, 0.0, 0.0, 1.0, 0.0, 2.0, 1.0, -1.0, 1.0, 0.0, 3.0, 1.0, -1.0, 1.0, 1.37298275597, 3.0, 2.85589621882, -1.0, 2.47167744051, 1.0, 1.0, -1.0, 1.0, -1.0, 3.0, 3.0, 3.0, 1.0, 3.0, 2.0, -1.0, 2.0, 0.474836414815, -0.708239741365, 0.0, 0.0, -0.0502050577727, 2.65903780351, 0.0, 2.0, 0.0, 1.0, 0.0, 0.0, 0.0, 2.0, 96333.0, 574.0, 99475.0
0.0, 0.0, -1.0, 1.0, -1.0, 2.0, 1.75242138162, 1.0, 2.0, 0.369462544086, 3.0, 0.0, -1.0, 0.0, -1.0, -1.0, 0.0, 2.0, 0.0, -1.0, 3.0, -1.0, 0.0, 1.39722942688, 2.11037950679, 1.69543347895, 0.0, -1.0, 0.461683772719, -1.0, 3.0, -1.0, -0.0496777124558, -1.0, 1.0, 2.0, 1.0, 0.0, 0.680088986566, -1.0, 2.0, 2.0, 3.0, 2.0, 0.0, 2.0, 1.0, -1.0, 0.999191965133, 1.0, 96675.0, 519.0, 99534.0
-1.0, 2.40357563242, 3.0, -1.0, 3.0, 3.0, 3.0, 3.0, 1.0, 0.0, 2.0, 0.0, 0.0, 1.0, 3.0, 2.81056103351, 2.0, 3.0, 3.0, -1.0, 1.0, 0.653390209751, 2.0, 2.0, 0.0, 0.0, 0.0, 0.0, -1.0, 2.0, -1.0, 3.0, 0.743660396238, 2.0, 1.0, 1.0, 2.41883008945, 0.200758649647, 0.0, 1.0, 0.0, 1.0, 3.0, 1.0, 1.0, 2.0, -1.0, 2.4576368379, -1.0, 2.0, 96390.0, 607.0, 99455.0
1.0, -1.0, 0.0, 1.0, 2.0, 3.0, -0.47936259182, -1.0, -1.0, 2.0, 2.0, -1.0, -1.0, 3.0, 0.134764581141, -1.0, 2.24712349266, 0.0, 2.0, -1.0, 2.0, 2.42146427359, 2.0, -0.0384073997392, 2.0, -1.0, 1.0, -1.0, 1.0, 0.0, 0.99409757611, 1.0, 1.0, 0.0, -1.0, -0.202064887005, 2.0, -1.0, 1.0, 2.0, -1.0, 2.0, 0.312593775248, -1.0, 3.0, -1.0, 0.0, 3.0, -1.0, 1.0, 96896.0, 489.0, 99562.0
-1.0, -1.0, 1.0, 1.0, 1.15620577984, -1.0, 3.0, 2.0, -1.0, 0.0, 0.0, 0.0, 1.0, 3.0, 2.0, 0.0, 0.0, -1.0, 1.0, -1.0, 3.0, -1.0, 1.0, 0.0, -1.0, 2.0, 1.0, -1.0, 2.0, 3.0, -1.0, -1.0, 0.0, -1.0, -1.0, 1.0, -1.0, 2.0, 1.0, -1.0, 1.0, 0.0, 0.0, 2.0, 1.0, 0.0, 1.93830598046, 0.903179254766, -1.0, 3.0, 96859.0, 480.0, 99569.0
-1.0, 3.0, -1.0, 2.0, 1.54013475576, 0.0, 2.93721324817, 1.0, 0.0, 2.0, 0.994514676188, -1.0, 1.0, 0.0, 3.0, 1.0, -1.0, 1.0, 1.37298275597, 3.0, 2.85589621882, -1.0, 2.47167744051, 1.0, 1.0, -1.0, 1.0, -1.0, 3.0, 3.0, 1.02609431994, 1.0, 2.75346077554, 2.24897564583, -1.0, 2.43006640578, 0.474836414815, -0.946100632479, 0.0, 0.0, -0.0502050577727, 2.65903780351, 0.0, 2.0, 0.0, 1.0, 0.0, -1.0, 0.0, 2.0, 96512.0, 563.0, 99496.0
1.0, 0.0, 0.743470247222, 2.0, 2.0, 2.08384444458, 0.0, 0.779063183573, 3.0, -1.0, 0.0, -0.184976874086, 1.0, 2.0, 3.0, 3.0, -0.859357546478, 2.0, -1.0, -1.0, 1.14497068717, 0.173916465868, 2.0, 1.0, 2.0, 0.0, 3.0, -1.0, 1.0, 0.0, -1.0, 2.0, 0.357178809814, 0.829988928015, 0.0, -0.160437809908, -1.0, 0.0, 2.0, 1.46708859089, 0.425488046747, -0.436108068603, 1.0, 1.0, -1.0, 1.0, -1.0, 1.50133379524, -1.0, 0.656285587835, 96347.0, 555.0, 99509.0
1.0, 0.0, -1.0, 1.0, 1.0, 3.0, 0.0, 2.0, 0.0, 1.0, 1.0, 3.0, -1.0, 3.0, 2.0, 1.0, 2.0, -1.0, 0.0, 3.0, -1.0, -1.0, 3.0, 2.0, 3.0, 0.0, 2.0, -1.0, 2.0, 2.0, 1.0, 0.0, -1.0, 0.0, 3.0, 3.0, 1.0, 0.0, 3.0, 1.26991755708, 0.0, 1.0, 2.0, 2.0, 1.0, -1.0, -1.0, 2.0, 0.0, 2.0, 96480.0, 570.0, 99470.0
-1.0, 3.0, -1.0, 1.0, -1.0, 1.0, 3.0, 1.0, 2.0, 2.08471948024, -1.0, 2.0, -1.0, -1.0, 0.0, 0.0, 3.0, 2.0, -0.187320282832, 2.0, 3.0, 3.0, 0.491409840284, 1.0, 1.0, 3.0, -1.0, -1.0, 2.0, -0.405265259333, 0.0, 1.0, 1.15115378163, 3.0, 1.0, 2.0, -1.0, 2.0, 1.0, -1.0, 0.0, 0.130394265738, 2.0, 2.0, -1.0, -0.160697945218, -1.0, 1.0, 0.0, -0.183032121693, 96592.0, 532.0, 99517.0
0.0, 3.0, 3.0, 0.0, 1.0, 3.0, 1.0, 2.0, 1.0, -1.0, -0.0357659443132, -0.542928080715, -1.0, 1.0, -1.0, 0.0, 2.0, 0.0, 2.00089045393, -1.0, 2.0, 2.0, 2.0, 0.0132402731952, 2.0, 0.0, 1.0, -0.349657845279, 2.0, 0.0, -0.316541076925, 0.0, 2.0, 1.0, 0.0, 3.0, -1.0, 2.1121212008, 3.0, 2.0, 1.0, -0.381643392519, 2.0, 1.0, -1.0, 1.91088301719, 0.0, -1.0, -1.0, 1.0, 96293.0, 576.0, 99491.0
-1.0, 3.0, -1.0, 2.0, 0.0, 0.0, 0.0, 1.0, 0.0, 2.0, 1.0, -1.0, 1.0, -0.428079612211, 3.0, -0.0217031906571, -1.0, -1.0, -1.0, 3.0, 3.0, -1.0, -0.473384065212, 1.0, 1.0, -1.0, 1.0, -1.0, 3.0, 3.0, 3.0, 1.0, 3.0, 2.0, -1.0, -0.292724794788, 2.0, 1.0, 0.0, 0.0, -1.0, 1.0, 0.0, 2.0, 0.0, 1.0, 0.0, 0.0, 0.0, 2.0, 96378.0, 546.0, 99504.0
-0.30350117228, 3.0, -0.659279933973, -0.859306324782, 0.0, -0.50243736323, 1.0, 3.0, 1.74286645153, 2.0, 2.0, 2.58373337184, -1.0, 0.564678263469, 3.0, 0.0, 1.0, -1.0, 0.0, -1.0, 3.0, 1.0, 3.0, 0.0, 0.10912571642, 2.0, -0.152205538638, 2.0, -0.893065227999, 2.59266346817, 1.0, 3.0, 2.0, 3.0, 1.0, 3.0, -1.0, 1.0, -1.0, -1.0, 0.0, 0.497094313191, 2.0, 2.0, 2.0, 0.0, 0.0, 3.0, 1.0680370516, 2.7246195022, 96630.0, 559.0, 99486.0
1.0, 0.0, -1.0, 1.9590190026, 1.0, 3.0, 0.0, 2.0, 0.0, 1.0, 1.0, 3.0, -1.0, 3.0, 2.0, 1.0, 2.0, -1.0, 0.0, 3.0, -1.0, -1.0, 3.0, 2.0, 3.0, 0.0, 1.53651187175, -1.0, 2.0, 2.0, 1.0, -0.201641547594, -0.644783398412, 0.257425001453, 3.0, 3.0, 1.0, 2.0, -0.488430077852, 0.0, 0.0, 1.0, -1.0, 2.0, 1.0, -1.0, -1.0, 2.0, 0.0, 2.0, 96553.0, 558.0, 99493.0
1.0, 2.0, 0.0, 2.0, 1.0, 1.0, 0.0, 3.0, 2.0, -1.0, 2.0, -1.0, -1.0, -1.0, 3.0, -1.0, 3.0, 3.0, 2.0, 2.0, 1.0, 0.0, 3.0, 3.0, 0.0, 3.0, -1.0, 1.0, -1.0, 1.0, 2.0, -1.0, -1.0, 1.0, 1.0, 1.0, 2.0, 3.0, 0.0, -1.0, 1.0, 1.0, -1.0, -1.0, 2.0, -1.0, -1.0, 0.0, 0.0, 1.0, 96888.0, 508.0, 99539.0
-1.0, 1.65886004127, -1.0, 2.0, 1.0, -1.0, 1.0, 3.0, 3.0, -1.0, 3.0, -1.0, 0.0, 1.0, 2.0, 3.0, 1.13956071299, -1.0, 1.94837990204, 0.0, 0.0, 0.0, -1.0, 2.0, 2.0, 2.0, 2.0, -1.0, 2.0, 3.0, 2.0, -1.0, 2.86530005649, -0.0196201653715, 2.0, 1.99293909839, 0.0, -1.0, -0.388489392497, -1.0, 1.0, -1.0, 3.0, 0.218169314914, 1.0, 1.0, 0.0, 1.0, 2.79199647125, -1.0, 96815.0, 518.0, 99523.0
0.0, 3.0, -1.0, -0.0192957588876, 1.0, -1.0, 0.0, 2.62527069196, 1.0, 3.0, -1.0, -0.133152333231, -1.0, -1.0, 3.0, 0.0, 2.0, 2.0, 2.0, -0.181680554851, 0.0, 1.0, 0.0, -1.0, 1.51311719856, 3.0, 1.0, -1.0, 1.0, -1.0, 0.0, -1.0, 1.0, 1.0, -1.0, 0.0, 3.0, 2.0, -1.0, -1.0, 1.0, 1.0, 3.0, -1.0, -0.0265510038681, 0.0, 1.0, 2.0, -1.0, 0.0, 96752.0, 506.0, 99550.0
-1.0, 1.0, -1.0, 2.0, 1.0, -0.163333202672, -0.295201871788, 1.0, 0.0, -1.0, -1.0, 2.0, -1.0, -1.0, 2.0, -1.0, 2.0, -1.0, 0.0, 2.0, 3.0, -1.0, 1.17599653154, 3.0, 1.0, 2.24310237079, -1.0, -0.288684305479, -1.0, 0.0, -1.0, 2.0, 0.0, 0.0, 1.0, -1.0, 3.0, 1.0, 3.0, 1.8580517082, 3.0, 2.0, 0.0, 2.0, -0.010585060466, -1.0, -1.0, 3.0, 2.58279997974, 2.00759185756, 96841.0, 497.0, 99541.0
-1.0, 3.0, 0.477066727617, 1.0, -1.0, 1.0, 0.0, 1.0, 2.0, -1.0, 2.0, -0.677443036463, -1.0, -1.0, 0.0, 0.0, 3.0, 2.0, 0.476949528265, 2.0, 3.0, 3.0, 0.18216399433, 1.0, 1.0, 0.777258961516, -1.0, -1.0, 2.0, 1.0, -0.149319511774, 0.0138669729809, 1.0, 3.0, 1.0, 0.0130471652135, -0.353460646472, 1.47405522451, 1.0, -1.0, -0.267418203445, 0.0, 2.68937307087, 2.0, -1.0, 1.56005458266, 0.50279235758, 1.0, 0.0, 0.0, 96277.0, 566.0, 99493.0
-1.0, -1.0, 1.0, 1.0, 1.0, 0.955053761572, 2.46576801688, 2.0, -1.0, 0.0, -0.173538423106, -0.124070983192, 0.134529287195, 3.0, 2.0, 0.0, -0.882442387828, -1.0, 1.0, -1.0, 3.0, -1.0, 1.21514742695, 0.0, -1.0, 2.0, 1.0, -1.0, 2.0, 3.0, 3.0, -1.0, 0.0, -1.0, -1.0, 1.35427422096, -1.0, 2.0, -0.488430077852, 0.0, 0.719167132585, 0.0, 0.0, 2.0, 1.0, 0.0, 2.0, 0.0, -1.0, 3.0, 96641.0, 512.0, 99545.0
0.348229456122, 2.0, -1.0, 1.0, 0.955113129075, 2.65380241593, 0.0, 3.0, -1.0, 3.0, 1.0, 0.895042261898, 1.0, -1.0, 3.0, -0.87379392786, 0.0549392812804, 1.0, 2.0, 1.0, 2.0, -1.0, 3.0, -1.0, 1.0, 3.0, 1.35078436793, -1.0, 0.0, -1.0, 2.0, 2.0, -1.0, 2.0, 0.0, 2.0, 0.727361901975, -1.0, 2.18431004223, -0.213447026973, 2.0, -0.92109243657, 1.0786586555, 1.0, 0.965836885214, -1.0, 3.0, 1.09277761384, -0.388512095518, 2.31506026116, 96735.0, 532.0, 99512.0
-1.0, -1.0, -1.0, 1.0, 2.0, 3.0, 2.0, 1.30215842871, 3.0, 2.0, 2.0, 1.0, 1.0, 1.04156842392, 2.0, -1.0, 1.82979519057, 2.43930717488, 0.0961811179574, -1.0, 0.0, -1.0, -1.0, 3.0, -1.0, 0.0, 2.0, 2.0, 0.0, -0.036800734229, 0.0, 1.0, -1.0, 3.0, -1.0, 2.0, 0.605306780882, 3.0, 0.0, 1.0, 2.0, -1.0, 3.0, 0.0, 2.70009348407, 3.0, 0.0, 3.0, -0.0896508770672, 1.0, 96769.0, 536.0, 99507.0
0.0, 1.0, 3.0, 3.0, 2.0, 0.0, -1.0, 0.0, -1.0, -1.0, -0.331351223913, -1.0, -1.0, 1.0, 2.0, 3.0, 0.0, 2.0, -1.0, 0.3921086294, 1.21750376683, 2.0, 0.0, 2.0, 2.0, 1.0, 0.0, -1.0, -1.0, 0.0, 0.0, 1.0, -1.0, 0.0, -1.0, 1.0, 2.0, -1.0, 3.0, -1.0, 0.0, 1.0, 1.0, 1.0, 3.0, 1.5905347373, 2.0, 1.0, -0.160954189095, -1.0, 96457.0, 523.0, 99525.0
-1.0, 3.0, -1.0, 1.0, -1.0, 1.0, 0.0, 2.40917595903, 2.0, -0.00459864949287, 2.0, 2.0, -1.0, -1.0, 0.179118724491, 0.0, 3.0, 2.46522763866, -1.0, 2.13096220629, 2.83202958727, 3.0, 0.0, 2.31098940913, 1.21088762384, 3.0, -1.0, -1.0, 2.71110112292, 1.0, 0.0, 1.0, 1.0, 3.0, 1.0, 2.0, -1.0, -0.0140616266469, 1.0, -1.0, 0.0, -0.530917422221, 2.0, 2.0, -1.0, 0.0, -1.0, 1.0, 0.0, 0.0, 96713.0, 517.0, 99530.0
-0.430025643735, 3.0, 2.0, 2.0, -1.0, 2.0, 3.0, 0.0, 1.0, 0.0, 0.0, -1.0, -1.0, -1.0, 2.0, 3.0, 0.0, 1.0, 0.0550200900646, 1.0, 1.0, 1.0, 2.0, 0.0877875670936, 0.0, 3.0, 2.0, -1.0, 1.0, -1.0, -1.0, 2.27716870504, 1.0, 0.0, 0.0, 1.0, 2.0, -1.0, 0.0, -1.0, -0.0424458597785, 1.0, 1.0, -1.0, -1.0, -1.0, 0.0, 2.0, 0.0, 0.0, 96371.0, 543.0, 99521.0
0.0, 0.0, -1.0, 1.0, -1.0, 2.0, 1.75242138162, 1.0, 2.0, 0.369462544086, 3.0, 0.0, -1.0, 0.0, -1.0, -1.0, 0.0, 2.0, 0.0, -1.0, 3.0, -1.0, 0.0, 1.39722942688, 2.11037950679, 1.69543347895, 0.0, -1.0, 1.0, -1.0, 3.0, -1.0, -0.0496777124558, -1.0, 0.0, 2.0, 1.0, 0.0, -1.0, -1.0, 2.0, 2.0, 3.0, 2.0, 0.0, 2.0, 1.0, -1.0, -1.0, 1.0, 96839.0, 495.0, 99561.0
