2.0, -1.0, 0.0, 1.0, 2.0, -1.0, 1.0, -1.0, 3.0, 2.0, 0.0, 3.0, -1.0, 0.0, 2.0, 0.0, 0.0, 1.0, 0.0, 3.0, 1.0, 1.0, -1.0, 3.0, 2.0, 1.0, 0.0, 1.0, 3.0, -1.0, 3.0, 1.0, 2.0, 0.0, -1.0, 3.0, 0.0, 2.0, 0.0, 3.0, 1.0, 1.0, -1.0, 2.0, 3.0, 2.0, 0.0, -1.0, -1.0, -1.0, 96039.0, 578, 99481.0
2.0, 3.0, 0.0, 2.0, 1.0, -1.0, 1.0, 2.0, 3.0, 0.0, 0.0, 1.0, 1.0, -1.0, 3.0, 3.0, 2.0, -1.0, 2.0, 0.0, 1.0, 1.0, -1.0, 2.0, 1.0, 3.0, 1.0, 3.0, -1.0, 2.0, 3.0, 0.0, 1.0, -1.0, 0.0, 1.0, 2.0, 3.0, 0.0, 0.0, -1.0, 3.0, 0.0, 2.0, 0.0, 3.0, 0.0, 1.0, 2.0, -1.0, 95957.0, 613, 99454.0
1.0, 2.0, 3.0, 0.0, -1.0, -1.0, 0.0, 1.0, 0.0, 2.0, 2.0, 2.0, 1.0, 0.0, 3.0, 0.0, 3.0, 3.0, 2.0, 3.0, 1.0, 1.0, 0.0, 1.0, -1.0, -1.0, 3.0, 2.0, 3.0, 1.0, 0.0, 0.0, 0.0, 1.0, 0.0, 3.0, 2.0, 3.0, 1.0, 3.0, 1.0, 3.0, -1.0, -1.0, -1.0, 2.0, -1.0, -1.0, 0.0, 1.0, 95918.0, 596, 99445.0
0.0, -1.0, 0.0, 0.0, -1.0, 0.0, 2.0, 0.0, 3.0, 1.0, 1.0, 3.0, 3.0, 0.0, 1.0, 3.0, 3.0, 1.0, 2.0, 1.0, -1.0, 1.0, 0.0, 2.0, -1.0, -1.0, 1.0, 2.0, 1.0, 1.0, 2.0, -1.0, 2.0, 0.0, -1.0, 3.0, 2.0, 3.0, -1.0, 2.0, 0.0, -1.0, 0.0, 1.0, -1.0, 1.0, 2.0, 2.0, -1.0, 0.0, 95937.0, 563, 99466.0
-1.0, 1.0, 1.0, 1.0, 1.0, -1.0, 1.0, -1.0, 3.0, 1.0, 2.0, 1.0, -1.0, 0.0, 2.0, 2.0, 1.0, 3.0, -1.0, 0.0, 0.0, 2.0, -1.0, 2.0, 3.0, -1.0, 0.0, 0.0, 0.0, 1.0, 2.0, 0.0, -1.0, -1.0, 1.0, 0.0, -1.0, 2.0, -1.0, 2.0, -1.0, 2.0, 2.0, 3.0, 0.0, 2.0, 1.0, 0.0, 0.0, 1.0, 96090.0, 565, 99495.0
1.0, 0.0, 1.0, 1.0, -1.0, 1.0, 0.0, 0.0, 0.0, 1.0, -1.0, 0.0, -1.0, 0.0, 0.0, 2.0, 2.0, -1.0, 2.0, 1.0, 2.0, -1.0, -1.0, 3.0, -1.0, 1.0, 3.0, 3.0, 3.0, 0.0, 3.0, -1.0, 1.0, 1.0, -1.0, 2.0, -1.0, 2.0, -1.0, 0.0, 2.0, 1.0, -1.0, -1.0, 2.0, -1.0, 0.0, 1.0, 3.0, -1.0, 96527.0, 528, 99543.0
2.0, 2.0, 3.0, 1.0, 1.0, 2.0, -1.0, 1.0, 2.0, 3.0, 0.0, 3.0, -1.0, -1.0, 3.0, 1.0, 2.0, 1.0, 3.0, 0.0, 1.0, -1.0, 0.0, 1.0, 0.0, 3.0, 3.0, 0.0, 0.0, -1.0, 1.0, 2.0, 3.0, -1.0, -1.0, 1.0, 3.0, 2.0, 0.0, 1.0, 2.0, 2.0, -1.0, -1.0, 0.0, -1.0, 0.0, -1.0, 2.0, 2.0, 96280.0, 582, 99487.0
2.0, 0.0, 3.0, 2.0, 0.0, -1.0, 2.0, -1.0, 0.0, 0.0, 1.0, 1.0, 1.0, -1.0, 1.0, 1.0, 3.0, 3.0, 3.0, 3.0, 3.0, 2.0, -1.0, 1.0, -1.0, 2.0, 1.0, 1.0, 1.0, 0.0, 2.0, -1.0, 2.0, -1.0, 0.0, 1.0, 1.0, 3.0, -1.0, 0.0, -1.0, -1.0, 2.0, 3.0, 0.0, 0.0, -1.0, 0.0, 2.0, 0.0, 96194.0, 576, 99486.0
0.0, 1.0, -1.0, 3.0, 2.0, 0.0, 0.0, 1.0, 3.0, 0.0, -1.0, 2.0, 2.0, -1.0, -1.0, 3.0, 3.0, 0.0, 3.0, -1.0, 2.0, 2.0, 0.0, 3.0, 1.0, 1.0, 3.0, 3.0, -1.0, 1.0, 1.0, -1.0, 0.0, 2.0, 1.0, 1.0, 0.0, 2.0, -1.0, 2.0, 2.0, 2.0, 0.0, -1.0, 2.0, 0.0, 1.0, 1.0, 0.0, 1.0, 95926.0, 596, 99458.0
1.0, -1.0, -1.0, 0.0, 1.0, 0.0, -1.0, 2.0, -1.0, 1.0, -1.0, -1.0, 2.0, 0.0, 3.0, 0.0, 3.0, 1.0, -1.0, 0.0, 3.0, 1.0, 3.0, 3.0, 0.0, 1.0, 3.0, 2.0, 0.0, 0.0, 2.0, 0.0, 3.0, 2.0, 1.0, 2.0, -1.0, 3.0, 2.0, 1.0, 1.0, 2.0, -1.0, 3.0, 1.0, 0.0, 2.0, -1.0, 2.0, 1.0, 95905.0, 600, 99450.0
2.0, -1.0, 2.0, 3.0, 1.0, 0.0, 1.0, -1.0, 2.0, 3.0, -1.0, -1.0, -1.0, 1.0, 0.0, 3.0, 3.0, -1.0, 3.0, -1.0, 0.0, 0.0, 3.0, 0.0, 2.0, -1.0, -1.0, 1.0, 2.0, 1.0, -1.0, 2.0, -1.0, 2.0, 0.0, 0.0, 1.0, 3.0, -1.0, 2.0, 1.0, 2.0, 1.0, 1.0, 0.0, 3.0, -1.0, 0.0, 0.0, 0.0, 96321.0, 541, 99510.0
0.0, 1.0, -1.0, 2.0, 1.0, 0.0, -1.0, 0.0, 0.0, 2.0, 0.0, 0.0, -1.0, 1.0, 3.0, 3.0, 3.0, 1.0, -1.0, 1.0, 2.0, 3.0, -1.0, 0.0, -1.0, 3.0, 1.0, 3.0, -1.0, -1.0, 0.0, 2.0, 2.0, 1.0, 0.0, 2.0, 0.0, 1.0, -1.0, 2.0, 1.0, 1.0, 2.0, 2.0, 3.0, 3.0, 0.0, 1.0, 2.0, 3.0, 95982.0, 599, 99451.0
2.0, -1.0, 3.0, 2.0, -1.0, 3.0, 1.0, 1.0, 2.0, 3.0, -1.0, 2.0, 0.0, -1.0, 3.0, -1.0, 1.0, 2.0, 2.0, 1.0, 1.0, 3.0, 3.0, 3.0, 2.0, -1.0, 2.0, 3.0, 3.0, 1.0, 0.0, 1.0, -1.0, -1.0, -1.0, 1.0, 0.0, 1.0, 1.0, 0.0, 0.0, 0.0, 1.0, 0.0, 2.0, 0.0, 0.0, 3.0, 1.0, -1.0, 96288.0, 578, 99478.0
1.0, -1.0, 3.0, 0.0, 0.0, 1.0, 1.0, 0.0, 2.0, 1.0, -1.0, 1.0, 2.0, 1.0, 3.0, 2.0, 2.0, -1.0, -1.0, 0.0, -1.0, 0.0, 2.0, 1.0, 0.0, 0.0, 0.0, 1.0, -1.0, 2.0, 0.0, -1.0, 3.0, 0.0, -1.0, 3.0, 0.0, 3.0, 2.0, 3.0, 2.0, -1.0, 2.0, -1.0, 3.0, 1.0, 3.0, 3.0, -1.0, 2.0, 96071.0, 580, 99473.0
3.0, 1.0, -1.0, 3.0, 2.0, 3.0, 3.0, 0.0, 0.0, 3.0, 2.0, 0.0, 1.0, 1.0, 2.0, 3.0, 3.0, -1.0, 0.0, 1.0, 2.0, 2.0, 3.0, -1.0, 1.0, 2.0, 2.0, 2.0, 1.0, -1.0, 1.0, 1.0, 3.0, 0.0, -1.0, 2.0, 3.0, 3.0, -1.0, 0.0, -1.0, 2.0, -1.0, -1.0, 0.0, 0.0, -1.0, 0.0, 1.0, 0.0, 96388.0, 582, 99475.0
2.0, 0.0, 1.0, 0.0, -1.0, 3.0, -1.0, 2.0, 2.0, 0.0, 0.0, 1.0, 1.0, -1.0, 0.0, 0.0, 0.0, -1.0, -1.0, 1.0, -1.0, 3.0, 1.0, 3.0, 1.0, 2.0, 2.0, -1.0, 3.0, 0.0, 1.0, 3.0, 1.0, 2.0, -1.0, 0.0, 3.0, 2.0, -1.0, -1.0, 1.0, 1.0, -1.0, 2.0, 0.0, -1.0, 2.0, -1.0, 0.0, 1.0, 96041.0, 536, 99491.0
-1.0, -1.0, -1.0, 2.0, 1.0, -1.0, -1.0, 0.0, 0.0, 1.0, 1.0, 1.0, -1.0, 2.0, 0.0, 3.0, 3.0, -1.0, 3.0, 2.0, 0.0, 2.0, 1.0, 3.0, 0.0, 0.0, 2.0, 1.0, -1.0, 2.0, 3.0, 1.0, -1.0, 0.0, 0.0, -1.0, -1.0, 3.0, 0.0, 3.0, 1.0, 0.0, 1.0, 2.0, 2.0, -1.0, 2.0, 2.0, 1.0, 3.0, 96188.0, 550, 99496.0
-1.0, -1.0, 1.0, 2.0, -1.0, 0.0, 2.0, 3.0, 1.0, 2.0, 0.0, 3.0, 0.0, 0.0, 2.0, 3.0, 0.0, -1.0, 3.0, 3.0, 2.0, 1.0, 0.0, 3.0, -1.0, 1.0, 2.0, 2.0, 1.0, 0.0, 0.0, 2.0, 3.0, 3.0, -1.0, -1.0, 1.0, 0.0, -1.0, 1.0, 2.0, 1.0, -1.0, -1.0, -1.0, 1.0, 0.0, 0.0, 1.0, 2.0, 96053.0, 563, 99475.0
0.0, -1.0, 0.0, -1.0, -1.0, 1.0, -1.0, 1.0, -1.0, 1.0, -1.0, 3.0, 2.0, 0.0, 2.0, 2.0, 1.0, 3.0, 3.0, 0.0, 3.0, 2.0, 3.0, 1.0, -1.0, 3.0, 3.0, 1.0, 2.0, -1.0, 2.0, 2.0, 0.0, 2.0, 0.0, 1.0, 0.0, 2.0, 0.0, 0.0, 3.0, 3.0, 0.0, 3.0, 1.0, -1.0, 2.0, -1.0, 0.0, 1.0, 96151.0, 580, 99464.0
2.0, -1.0, 0.0, -1.0, 0.0, 3.0, 3.0, 0.0, 2.0, 2.0, 2.0, -1.0, 2.0, 0.0, 3.0, 1.0, -1.0, 0.0, -1.0, 1.0, 3.0, -1.0, 1.0, 0.0, 0.0, -1.0, 1.0, 2.0, 3.0, 1.0, 1.0, -1.0, -1.0, 1.0, -1.0, 2.0, -1.0, 1.0, 0.0, -1.0, 3.0, 1.0, -1.0, 1.0, 2.0, 0.0, -1.0, -1.0, 1.0, 1.0, 96393.0, 535, 99534.0
3.0, 0.0, 3.0, -1.0, 2.0, 1.0, -1.0, 0.0, 1.0, 3.0, 0.0, -1.0, 0.0, -1.0, 2.0, 1.0, 2.0, 1.0, 3.0, -1.0, -1.0, 0.0, 3.0, 1.0, 2.0, 0.0, 3.0, 1.0, 1.0, 2.0, 1.0, 0.0, -1.0, 2.0, -1.0, 0.0, 0.0, 3.0, 2.0, 3.0, 1.0, 2.0, 2.0, -1.0, 2.0, 0.0, 1.0, -1.0, 3.0, 3.0, 96087.0, 595, 99470.0
1.0, 1.0, 3.0, -1.0, 2.0, 3.0, -1.0, -1.0, 2.0, 0.0, 1.0, 2.0, -1.0, -1.0, 0.0, 3.0, 3.0, 0.0, -1.0, -1.0, 2.0, -1.0, 0.0, 3.0, 0.0, -1.0, 2.0, 3.0, 3.0, 0.0, 2.0, 1.0, 1.0, 0.0, -1.0, -1.0, 2.0, 3.0, 0.0, 1.0, -1.0, 3.0, 1.0, 2.0, 1.0, 0.0, -1.0, 0.0, 3.0, 3.0, 96327.0, 547, 99496.0
-1.0, 1.0, 0.0, 1.0, 2.0, 3.0, 0.0, 0.0, 3.0, 0.0, -1.0, 0.0, 2.0, -1.0, 1.0, 1.0, -1.0, 1.0, -1.0, 1.0, 1.0, 1.0, 0.0, -1.0, -1.0, 1.0, 2.0, 2.0, -1.0, 0.0, -1.0, -1.0, -1.0, -1.0, 2.0, 2.0, 0.0, 2.0, -1.0, 1.0, 2.0, 3.0, 0.0, 2.0, 0.0, 0.0, 3.0, -1.0, -1.0, 3.0, 96384.0, 520, 99539.0
2.0, 0.0, 1.0, 0.0, 2.0, 3.0, 0.0, -1.0, 1.0, 2.0, 2.0, 0.0, 2.0, 1.0, 3.0, 1.0, 1.0, 0.0, 1.0, 0.0, 1.0, 3.0, 2.0, 1.0, -1.0, 2.0, -1.0, 3.0, 0.0, 0.0, 0.0, -1.0, -1.0, -1.0, -1.0, 3.0, 0.0, 3.0, 1.0, -1.0, -1.0, 1.0, 2.0, 3.0, 0.0, 3.0, 2.0, 2.0, 1.0, 2.0, 95990.0, 615, 99444.0
1.0, -1.0, 2.0, -1.0, 2.0, 3.0, 0.0, 2.0, 2.0, -1.0, 1.0, 1.0, 0.0, 1.0, 3.0, 2.0, 2.0, 2.0, 0.0, 1.0, 3.0, 3.0, 2.0, 1.0, 0.0, 1.0, 1.0, 3.0, 1.0, 1.0, 0.0, -1.0, 2.0, -1.0, -1.0, 2.0, 0.0, 3.0, 0.0, -1.0, 1.0, 2.0, 1.0, 0.0, 3.0, 3.0, -1.0, 0.0, 2.0, 3.0, 95976.0, 619, 99431.0
1.0, -1.0, 3.0, -1.0, -1.0, 1.0, 0.0, 3.0, 1.0, 1.0, 2.0, 0.0, -1.0, -1.0, 1.0, 0.0, 3.0, -1.0, 0.0, 2.0, 0.0, 2.0, 2.0, 2.0, 2.0, 2.0, 3.0, 3.0, 0.0, -1.0, 2.0, 1.0, 3.0, 1.0, 0.0, -1.0, 1.0, 1.0, 3.0, 1.0, -1.0, -1.0, -1.0, 0.0, -1.0, 0.0, 0.0, 2.0, 2.0, 0.0, 96250.0, 557, 99493.0
2.0, -1.0, 0.0, 3.0, 2.0, -1.0, 1.0, 0.0, 1.0, 3.0, 2.0, 1.0, -1.0, 1.0, 2.0, 3.0, 3.0, 2.0, 0.0, 2.0, 3.0, 2.0, 3.0, 1.0, 3.0, 1.0, 2.0, 2.0, 0.0, -1.0, 1.0, 1.0, 0.0, 2.0, -1.0, 0.0, 2.0, -1.0, 0.0, 1.0, 3.0, 3.0, 1.0, 1.0, -1.0, -1.0, -1.0, 0.0, 3.0, 3.0, 96173.0, 592, 99448.0
-1.0, 1.0, 2.0, 3.0, -1.0, 2.0, 2.0, 1.0, -1.0, 1.0, 3.0, 1.0, -1.0, 0.0, 3.0, 3.0, 1.0, 2.0, 1.0, 0.0, 1.0, 3.0, 2.0, 0.0, 0.0, 1.0, 2.0, -1.0, 0.0, 3.0, 2.0, -1.0, 0.0, 1.0, 1.0, 0.0, 3.0, 3.0, 0.0, 2.0, 2.0, 3.0, 0.0, 2.0, 0.0, -1.0, 1.0, 2.0, -1.0, 0.0, 95791.0, 624, 99412.0
1.0, 0.0, 2.0, 2.0, -1.0, 2.0, 1.0, -1.0, 2.0, -1.0, 1.0, -1.0, 2.0, 0.0, 1.0, 2.0, 3.0, -1.0, 3.0, -1.0, 0.0, -1.0, -1.0, -1.0, 2.0, -1.0, 1.0, -1.0, 0.0, 1.0, 2.0, 1.0, 1.0, 3.0, 0.0, -1.0, 0.0, 2.0, 1.0, 2.0, 0.0, 0.0, -1.0, 3.0, 3.0, 1.0, 0.0, 0.0, 3.0, 0.0, 96277.0, 549, 99509.0
0.0, -1.0, 2.0, 0.0, -1.0, 3.0, 0.0, -1.0, 2.0, -1.0, 3.0, 2.0, 2.0, 0.0, 1.0, 2.0, 3.0, -1.0, 0.0, 1.0, 2.0, 3.0, 3.0, -1.0, 3.0, 1.0, 2.0, 2.0, 2.0, 0.0, 1.0, 0.0, 0.0, 1.0, 0.0, 3.0, 1.0, 3.0, -1.0, 3.0, 0.0, -1.0, -1.0, 2.0, -1.0, 1.0, 1.0, -1.0, 3.0, 1.0, 96257.0, 567, 99466.0
0.0, -1.0, 0.0, 1.0, 1.0, 2.0, 1.0, 0.0, 3.0, 0.0, -1.0, -1.0, -1.0, -1.0, 1.0, 2.0, 2.0, 0.0, 1.0, 1.0, 1.0, 2.0, 2.0, 3.0, 3.0, 1.0, 3.0, 3.0, -1.0, -1.0, 0.0, -1.0, 2.0, 1.0, 0.0, -1.0, -1.0, 0.0, -1.0, 1.0, 3.0, 0.0, 2.0, 2.0, -1.0, 2.0, 2.0, 0.0, 1.0, 2.0, 96332.0, 557, 99504.0
-1.0, 0.0, 0.0, 0.0, -1.0, 1.0, 1.0, -1.0, 2.0, 2.0, 3.0, 3.0, 1.0, 0.0, 1.0, 3.0, 1.0, -1.0, 2.0, 1.0, 2.0, 3.0, 1.0, -1.0, 1.0, 2.0, 3.0, 0.0, -1.0, 0.0, 2.0, 2.0, 2.0, 0.0, -1.0, -1.0, 3.0, 3.0, 1.0, 0.0, 1.0, 0.0, 2.0, -1.0, 0.0, 0.0, -1.0, 1.0, -1.0, 2.0, 96092.0, 562, 99478.0
2.0, -1.0, 3.0, 2.0, 1.0, 0.0, 2.0, 3.0, 1.0, -1.0, 1.0, 0.0, 3.0, 2.0, 3.0, 3.0, 3.0, 2.0, 0.0, -1.0, 1.0, 0.0, 1.0, -1.0, 1.0, 1.0, 2.0, -1.0, -1.0, 2.0, 0.0, 0.0, -1.0, -1.0, 1.0, 0.0, 0.0, 3.0, -1.0, 2.0, 0.0, 1.0, 0.0, 0.0, 2.0, -1.0, 2.0, 2.0, 1.0, 1.0, 95944.0, 576, 99461.0
1.0, 0.0, 1.0, 0.0, -1.0, 2.0, -1.0, -1.0, 3.0, 1.0, -1.0, 1.0, 2.0, 2.0, -1.0, 1.0, 3.0, 0.0, -1.0, 0.0, 3.0, 2.0, 1.0, 3.0, 1.0, 3.0, 2.0, 0.0, 0.0, 0.0, 2.0, -1.0, 0.0, -1.0, 1.0, 0.0, 3.0, 2.0, 0.0, -1.0, 2.0, -1.0, 1.0, 1.0, -1.0, 1.0, 2.0, 2.0, 3.0, 3.0, 95961.0, 577, 99459.0
0.0, -1.0, 1.0, 0.0, -1.0, 2.0, 2.0, -1.0, -1.0, 1.0, -1.0, 2.0, 2.0, 0.0, 1.0, 3.0, 2.0, 3.0, 3.0, -1.0, 3.0, 1.0, 3.0, -1.0, 2.0, 1.0, 3.0, 0.0, 0.0, 0.0, 1.0, -1.0, 2.0, 1.0, 0.0, -1.0, -1.0, 2.0, 1.0, 0.0, 2.0, 3.0, -1.0, -1.0, 2.0, 0.0, -1.0, 0.0, 3.0, 0.0, 96194.0, 546, 99489.0
-1.0, -1.0, 2.0, 1.0, -1.0, 3.0, 2.0, -1.0, 3.0, 0.0, 2.0, 0.0, 2.0, 1.0, 2.0, 3.0, 3.0, 0.0, -1.0, 0.0, 1.0, 2.0, 3.0, 2.0, 0.0, 0.0, 3.0, 1.0, -1.0, 0.0, -1.0, 2.0, 0.0, 1.0, -1.0, 0.0, -1.0, -1.0, 0.0, -1.0, 1.0, 1.0, 1.0, 2.0, 1.0, -1.0, -1.0, -1.0, 2.0, 2.0, 96138.0, 515, 99499.0
