3.0, 3.0, 2.0, 2.45612256107, 0.0, -1.0, 2.0, 2.78632023649, 1.0, 3.0, -0.262075901659, -1.0, 0.500959099476, 1.77792609472, 0.466551483697, 0.0, 0.0, 1.0, 2.53736567515, 2.76080378001, 0.0, 3.0, 0.894157197238, 0.0, -0.147680858509, 2.0, 1.0, 2.9629695964, 1.0, 2.95960682832, 0.0, 0.0, 0.870182319296, 1.0, 1.0, 1.0, -0.233121860563, 1.0, 2.0, 0.0, -0.29397873284, -1.0, -0.473565212557, 2.0, 0.0, 1.0, -1.0, 2.0, 3.0, 2.0, 95232.0, 655.0, 99401.0
3.0, -1.0, 2.0, 2.0, 1.0, 0.0, 1.0, -1.0, 1.0, -1.0, 2.0, -1.0, 2.0, -1.0, 1.32210886779, -1.0, 0.0, 3.0, -1.0, -0.0563460887145, 2.0, -1.0, -1.0, -1.0, -1.0, -1.0, 0.794653578913, 0.0, 0.0, 1.0, 2.92783201327, 0.0, 2.70108846067, 1.0, 1.0, 0.0, 3.0, 0.0, -1.0, -1.0, -1.0, 3.0, 3.0, 0.0, 0.0, 2.0, 2.0, 1.0, -1.0, 0.0, 96527.0, 470.0, 99558.0
0.0, 2.0, 1.41743010659, 0.0, 3.0, 1.0, 1.0, -1.0, -1.0, 1.0, -1.0, 3.0, 2.0, 0.364233657236, 1.14506645374, 1.0, 2.0, 2.0, 3.0, 0.0, 2.0, -1.0, -1.0, 0.0, -1.0, 1.0, -1.0, 0.0, 0.0, 1.0, 1.0, 3.0, 3.0, 0.0, -1.0, 1.0, 0.0, 2.63148385984, 0.0, 1.0, 1.0, 3.0, 3.0, 2.0, 3.0, -1.0, 0.0, -0.0465315312874, 3.0, 0.0, 95533.0, 571.0, 99454.0
0.0, 1.0, -0.606159997223, -1.0, 2.0, -1.0, 2.0, -0.170137577145, 1.0, -0.577068363045, -1.0, -1.0, 1.0, 2.0, 3.0, -1.0, -1.0, 3.0, 2.0, -1.0, 0.0, -1.0, -1.0, 1.0, -1.0, -1.0, 1.0, 0.807053829766, 3.0, -1.0, 3.0, 1.0, -0.0127689417779, -1.0, -0.397632246725, 3.0, 0.0, -1.0, 0.0, -0.690091277306, -1.0, 2.81866723494, 3.0, 0.0, -1.0, -0.180085983272, 2.0, 2.0, 3.0, 1.7068783479, 96963.0, 434.0, 99604.0
0.101018591706, -1.0, -1.0, 2.00221161695, 2.0, -0.660783379247, 2.0, 1.17493836606, 1.0, 1.0, 2.18026518477, 1.0, -1.0, 2.34020608991, 0.0, -1.0, 1.0, 2.0, -1.0, 0.145079288639, 3.0, -1.0, 3.0, 1.0, -1.0, 3.0, 0.0, 0.127103836097, -1.0, -0.454112921275, 0.0, 1.0, 0.0, 2.0, -1.0, 0.508311839014, 0.0, -1.0, -1.0, 2.0, 2.0, 0.195750634984, 3.0, 3.0, 3.0, 0.863215214209, 2.0, -1.0, 1.0, -1.0, 96241.0, 497.0, 99518.0
0.101018591706, -1.0, -1.0, 2.00221161695, 1.65894537333, 0.0, 2.0, 0.0, 1.0, 1.0, 1.0, 3.0, -1.0, -0.348649884331, 0.0, -1.0, 1.0, 2.0, -1.0, 0.145079288639, 3.0, -1.0, 3.0, 1.0, -1.0, 3.0, 0.0, 1.0, -1.0, -0.454112921275, 0.0, 1.0, 0.0, 2.0, -1.0, 0.508311839014, 0.0, -1.0, -1.0, 0.979099423406, 2.0, 2.0, 3.0, 3.0, 3.0, 0.863215214209, 2.0, -1.0, 1.0, -1.0, 96111.0, 513.0, 99508.0
-0.988229335888, 0.0, 3.0, 2.0, 2.52122379108, -1.0, 2.0, 2.4628868126, 1.0, 0.0, 2.54936674369, 0.0, -1.0, 1.0, 1.20439129567, 1.5217897339, 0.0, 3.0, 1.0, 0.0, 3.0, -1.0, 2.04317085281, 1.0, 3.0, -0.277585392759, 2.18927452458, -1.0, 3.0, 3.0, -1.0, 0.0, 1.0, 3.0, 0.0218543999457, 3.0, 1.0, 3.0, -0.99722718186, 2.0, 0.0, -1.0, 0.0, 2.0, 0.0, 1.0, 2.0, -1.0, -1.0, 3.0, 96020.0, 546.0, 99474.0
-1.0, -1.0, 1.0, 3.0, 0.0, 3.0, 0.0, -1.0, -1.0, -1.0, -1.0, 0.0, 0.0, 0.0367476006896, 2.30081613189, -1.0, 3.0, 0.0, 0.0, 3.0, -1.0, 2.0, 1.0, 0.0, 0.0, 2.0, 0.423226346, -1.0, 3.0, -1.0, 2.0, 3.0, 0.944870982572, 2.0, -1.0, -1.0, 1.0, 2.0, -0.317851790932, 2.50721380591, 1.0, 3.0, 2.0, 3.0, 0.270858643376, 1.0, 0.749753653741, 0.0, -1.0, 1.97699998446, 96191.0, 503.0, 99517.0
0.0, 1.0, 2.32657253354, -1.0, 1.45360156256, -1.0, 2.0, 1.0, 1.0, 1.82498513961, -1.0, -1.0, 1.0, 2.21111749099, 3.0, 1.08287724721, -1.0, 2.82909133337, 2.0, -1.0, 0.0, -1.0, -1.0, 1.0, -0.160725981713, -1.0, 1.0, 1.0, 3.0, -1.0, 3.0, 1.0, 0.0, -1.0, -1.0, 3.0, -0.926537751072, -1.0, 0.0, -1.0, -1.0, 1.53698696962, 3.0, 0.0, -0.257682456592, 0.0, 2.0, 2.0, 3.0, 2.0, 96527.0, 476.0, 99552.0
2.0, -1.0, 0.652051251606, 3.0, -1.0, 1.81191945955, 1.0, 1.0, 2.0, -1.0, -1.0, 0.0, -0.338222627063, 3.0, 0.402586260615, 0.0, 1.0, -0.214972969025, 1.0, 3.0, 0.0, -1.0, 0.0, 1.0, 2.0, 2.0, 3.0, 3.0, 2.0, 2.0, -1.0, -0.678098474126, 2.0, 2.96529986571, 2.0, 3.0, 0.673587928262, -1.0, 0.0, -1.0, -1.0, 3.0, 2.47609492103, 0.0, -0.624698361814, 0.0, 1.0, 1.0, 0.0, 3.0, 95959.0, 544.0, 99480.0
0.0, 0.0, 3.0, -1.0, 1.67620183726, 0.0975097492697, 0.331956449647, -0.0358836582892, 1.0, 1.0, 3.0, 2.0, 3.0, 0.460904674595, 1.0, 1.0, 0.0, 2.0, 2.0, 1.0, 1.10734880722, 3.0, 1.59866996468, 1.0, 3.0, 2.0, 2.0, 0.352603362104, 0.0, 3.0, 0.621606061564, -1.0, 1.13259277317, -1.0, -1.0, 0.0, -1.0, 3.0, 2.0, 0.0, 2.30895089317, -1.0, 1.11159126608, 3.0, 1.0, 1.0, 2.0, -1.0, 0.0, 1.0, 95380.0, 617.0, 99431.0
0.0, -1.0, 2.0, 2.23076077913, 0.0, 0.949147363877, 3.0, 2.0, -1.0, 2.0, 3.0, 2.0, 3.0, 2.0, 1.0, -1.0, 0.0, 0.926852853165, 1.0, 3.0, -1.0, 0.0, 2.0, -1.0, -1.0, 3.0, -1.0, -1.0, 1.51251387367, 0.0, -1.0, 1.0, -0.867677320606, 0.57249471142, 0.0, -1.0, 0.0, -1.0, 0.0, 1.0, -1.0, 1.0, 2.0, 0.0, 3.0, 2.0, 0.0, -1.0, -0.299488000434, 1.0, 96273.0, 492.0, 99535.0
-0.760232767265, 0.0, 3.0, 2.0, 1.0, -1.0, 1.0, 1.75605326871, 0.626549721761, 0.0, 1.71724874829, 0.0, -1.0, 1.0, -0.0577417789222, 0.0573434316972, 0.0, 3.0, 1.0, 0.0, 3.0, -1.0, 2.04317085281, 1.0, 3.0, 0.0353547657274, 2.0, 0.0, 3.0, 3.0, -1.0, 0.0, 1.0, 3.0, 1.0, 2.46918528477, 1.0, 3.0, 0.0, 2.0, -0.457916729908, -1.0, 0.0, 2.0, 0.0, -1.0, 2.0, -1.0, -1.0, 3.0, 95654.0, 562.0, 99456.0
1.0, 0.0, -1.0, 2.0, 3.0, -1.0, 1.0, 2.0, 2.0, -1.0, -1.0, -1.0, -1.0, 0.0, 0.0, 0.0, -1.0, 1.0, 2.0, 1.0, -1.0, 2.0, -1.0, 0.0, 0.0, 3.0, -1.0, 3.0, 2.0, -1.0, 3.0, 0.489281124841, 1.0, 2.0, 0.0, 0.0, 1.60441969426, 2.0, -1.0, -1.0, 0.0, 1.0, 2.29568406493, 2.0, 0.0, 1.0, 2.0, 1.0, -1.0, 3.0, 96267.0, 496.0, 99530.0
2.0, 2.90839227315, 3.0, 2.0, 1.0, -1.0, 2.0, 1.0, 1.14154121197, 2.32104187624, 1.0, 1.7756683694, -1.0, 1.0, -0.185655728772, -1.0, 0.0, 3.0, 1.0, 0.0, 3.0, -1.0, 2.0, 1.0, 3.0, 2.0, 2.0, 0.0, 3.0, 3.0, -1.0, 0.0, 1.0, 3.0, 3.0, 3.0, 1.0, 3.0, 0.0, 2.0, 0.0, -1.0, 0.0, 2.0, 0.0, 0.374757306579, 1.85002821587, 0.770991661474, 0.0148872537338, 3.0, 95586.0, 620.0, 99415.0
2.0, -1.0, 1.0, 1.0, 0.0, 1.0, -0.538519042327, 1.0, -1.0, 0.0, -1.0, 0.0, 0.0, 0.0, 3.0, 1.0, 3.0, 2.32630800691, -1.0, 2.0, 3.0, -1.0, 0.0, 3.0, -1.0, 1.0, 0.0, -1.0, 3.0, 3.0, -1.0, 3.0, 2.0, 1.0, 1.0, 2.0, -1.0, 1.30157245449, 0.438382838775, 2.25810974193, 1.0, 0.0, -1.0, 2.0, 2.0, -0.351401013194, 1.0, 2.26236221098, 0.0, -1.0, 95944.0, 525.0, 99491.0
2.0, 1.0, 2.0, 1.04995798547, 0.0, 0.0, 2.0, 2.0, 1.0, 1.65476397129, -1.0, 1.0, 2.0, -0.657745035555, -1.0, 0.0, 3.0, 2.0, -1.0, 0.0, -1.0, 1.0, 2.0, 1.0, 3.0, 0.0, -1.0, 1.0, 0.0, 1.87181358066, 2.0, 1.0, 2.0, 3.0, 0.0, 3.0, -1.0, 1.0, 0.0, 3.0, -1.0, -1.0, 2.0, 0.0, 3.0, -1.0, 1.0, 2.0, 0.0, 0.0, 95780.0, 557.0, 99461.0
0.00429928006845, 1.31468823991, 1.0, 2.0, -1.0, -0.613883961587, 0.0, 0.0, 0.964935391908, 1.76968416369, 1.0, 1.17042898067, 3.0, 1.0767951474, 2.0, 1.0, 0.0, 2.01206274029, 2.0, 3.0, 1.0, 1.04202914714, 2.78738244053, 1.0, 0.0, 1.0, -0.944900889919, 2.0, 2.0, 3.0, 2.58009365981, 0.0, 1.54688577663, 0.0, 3.0, 1.20475602077, 1.0, -1.0, 0.135678661662, 3.0, 0.477535806913, 3.0, 0.0, -0.478806394331, 2.77023546135, 0.0, 2.0, -1.0, -1.0, 0.0, 95412.0, 612.0, 99422.0
0.0, -1.0, 1.76587007574, 2.23076077913, 0.0, 0.949147363877, 3.0, 0.270998946539, -1.0, 2.0, 3.0, 2.0, 3.0, 2.0, 1.0, -1.0, 1.0, 0.0, 1.0, 3.0, -0.908901987903, 0.742409791934, 2.0, -1.0, -1.0, 3.0, -1.0, -1.0, 1.51251387367, -0.0821399213762, -1.0, 1.0, 0.188252032041, 0.57249471142, -0.527828645956, -1.0, 0.939000944989, -1.0, 0.0, -1.0, -1.0, 1.0, 2.0, 0.0, 3.0, 2.0, 0.0, -1.0, 1.14642784502, 1.0, 96396.0, 477.0, 99547.0
1.27021157868, 2.0, 1.41743010659, 0.0, 3.0, 1.0, 1.0, -1.0, -1.0, -0.0220812331382, -1.0, 3.0, 2.8975653862, 0.364233657236, 1.14506645374, 1.0, 2.0, 2.0, 0.061379135401, -0.58627381647, 0.496511894118, -1.0, -1.0, 0.0, -1.0, 1.0, -1.0, 0.0, 0.0, 1.0, 1.0, 3.0, 3.0, 0.0, -1.0, 1.0, 0.0, 1.75887180233, 0.0, 1.0, 1.0, 3.0, 3.0, 2.0, 3.0, -1.0, 0.0, -0.0465315312874, 3.0, 0.0, 95556.0, 558.0, 99467.0
-0.951341253124, 0.0, 3.0, 2.0, 2.52122379108, -1.0, 2.0, 2.4628868126, 1.0, 0.0, 2.54936674369, 0.0, -1.0, 1.0, 1.20439129567, 1.5217897339, 0.0, 3.0, 1.0, 0.0, 3.0, -1.0, 2.04317085281, 1.0, 3.0, -0.277585392759, 2.0, -1.0, 3.0, 3.0, -1.0, 0.0, 1.0, 3.0, 0.0218543999457, 3.0, 1.0, 3.0, 0.0, 2.0, 0.0, -1.0, 0.0, 2.0, 0.0, -1.0, 2.0, -1.0, -1.0, 3.0, 96014.0, 543.0, 99475.0
-0.760232767265, 0.0, 3.0, 2.0, 1.0, -1.0, -0.106734929699, 2.4628868126, 1.0, 3.0, 1.71724874829, 0.0, -1.0, 1.0, -0.270891182009, 0.0573434316972, 0.0, 3.0, 1.0, 0.0, 3.0, 0.0, 2.04317085281, 1.0, 3.0, -0.277585392759, 2.0, 1.14275097192, 3.0, 3.0, -1.0, 0.0, 1.0, 0.165840053998, 1.0, 3.0, 1.0, 3.0, 0.0, 2.0, 0.0, -1.0, 0.0, 2.0, 0.0, -1.0, 2.0, -1.0, -1.0, 3.0, 95658.0, 581.0, 99450.0
0.0, 2.0, 2.0, 0.0, 3.0, 1.0, 1.0, -1.0, -1.0, 1.0, -1.0, 3.0, 2.0, 1.0, 2.0, 1.0, 2.0, 2.0, 3.0, 0.0, 2.0, -1.0, -1.0, 0.0, -1.0, 1.0, -1.0, 0.0, 0.0, 1.0, 1.0, 3.0, 3.0, 0.0, -1.0, 1.0, 0.0, 2.0, 0.0, 1.0, 1.0, 3.0, 3.0, 2.0, 3.0, -1.0, 0.0, -1.0, 3.0, 0.0, 95777.0, 552.0, 99471.0
2.0, -1.0, -1.0, 3.0, 1.22401530713, 2.0, 1.0, 1.0, 2.0, -1.0, -1.0, 0.0, 0.0, 3.0, 3.0, 0.0, 1.68226026053, 1.0, 1.0, -0.216009229951, 0.0, -1.0, 0.0, 1.0, 2.0, -0.302394805865, 3.0, 3.0, 2.0, 2.98678500424, -1.0, -1.0, 2.0, 2.0, 2.0, 3.0, 1.0, -1.0, 0.0, -1.0, -1.0, 3.0, 1.0, 0.0, 0.0, 0.0, 1.0, 1.0, 0.0, 3.0, 95741.0, 554.0, 99470.0
0.00429928006845, 0.0, 2.75700507564, 2.0, -1.0, 1.0, 0.0, 0.44556947721, 1.0, 1.06743643285, 1.0, -0.707094686793, 3.0, 1.0767951474, 2.0, 1.0, 0.0, 0.670569722709, 2.0, 3.0, 1.0, 1.0, 2.46376053903, 1.0, 0.0, 1.0, 3.0, 0.0222153237629, 2.46059626203, 3.0, 2.58009365981, 0.0, 0.0, 0.0, 0.541914002009, 1.0, 1.0, -1.0, -1.0, 3.0, 2.0, 3.0, -0.389405534081, 2.45018279796, 2.77023546135, 0.0, 2.0, -1.0, -1.0, 0.0, 95383.0, 616.0, 99423.0
0.0, -1.0, 0.160630795483, 2.23076077913, 1.3741147313, 0.949147363877, -0.112818586205, 2.0, 1.0, 2.0, 3.0, 2.0, 3.0, 2.0, 1.0, -1.0, 1.0, -0.0978219370414, 1.0, 3.0, -0.908901987903, 0.742409791934, 2.0, -0.477469588114, -1.0, 3.0, -1.0, -1.0, 1.51251387367, -0.0821399213762, -1.0, 1.0, -0.867677320606, 0.57249471142, 0.0, -1.0, 0.0, -1.0, 0.0, 1.0, -1.0, 1.70887718474, 2.0, 0.0, 3.0, 2.0, 0.0, -1.0, 1.14642784502, 1.0, 95954.0, 521.0, 99506.0
-1.0, -1.0, 1.0, 3.0, 0.0, 3.0, 0.0, -1.0, 1.0, -1.0, -1.0, 0.0, 0.249158791566, 2.0, 2.0, -1.0, 3.0, 0.0, -0.146637031114, 3.0, -1.0, 2.0, 1.0, -0.457083724032, 0.0, 1.0, 2.0, -1.0, 3.0, -1.0, 2.0, 3.0, 0.0, 2.0, -1.0, -1.0, 1.0, 2.0, -1.0, 3.0, 1.0, 3.0, 2.0, 3.0, 0.0, 1.0, 0.0988555648706, 0.0, -1.0, 1.0, 96162.0, 507.0, 99513.0
-1.0, -1.0, -0.35840235989, -0.799579698356, -1.0, 1.0, 3.0, -0.3152428561, 2.0, 0.0, 2.69082673254, 1.0, 2.0, -1.0, 3.0, 3.0, 1.0, 2.1934690812, -1.0, -0.618988377453, 1.0, -1.0, 1.0, 2.0, -1.0, 1.0, 3.0, 0.0, 3.0, -1.0, 0.0, 1.0, -1.0, 1.0, 0.442482310455, 0.0, 3.0, 1.0, -0.18499879182, 1.85035519502, 3.0, 0.0, 2.0, 0.0, 2.3789220458, 2.0, 3.0, -1.0, -1.0, -1.0, 96330.0, 493.0, 99524.0
0.101018591706, -1.0, -1.0, 2.00221161695, 2.0, 0.0, 1.66764601239, 0.0, 1.0, 1.0, -0.109392079787, 3.0, -1.0, -0.348649884331, 0.0, 1.95017514686, 1.0, 2.0, -1.0, 0.145079288639, 3.0, -1.0, 3.0, 1.0, -1.0, 3.0, 0.0, 1.0, 0.459823738849, -0.454112921275, 0.0, 1.0, 0.0, 2.0, -1.0, 0.508311839014, 0.0, -1.0, -1.0, 2.0, 2.0, 2.0, 3.0, 3.0, 0.0235844251482, 0.863215214209, 2.0, -1.0, 2.81720292351, -1.0, 95812.0, 542.0, 99481.0
0.00429928006845, 0.0, 2.75700507564, 2.0, -1.0, 1.0, 0.0, 0.0, 1.0, 3.0, 1.0, -0.707094686793, 3.0, 1.0767951474, 2.0, 1.0, 0.0, 0.670569722709, 2.0, 3.0, 1.0, -1.0, 2.46376053903, 1.0, 0.0, 1.0, -0.944900889919, 0.556516661802, 2.0, 3.0, 2.58009365981, 0.0, 2.0, 0.0, 0.541914002009, 0.0, 1.0, -1.0, -1.0, 3.0, 2.0, 3.0, -0.389405534081, 0.0, 2.77023546135, 0.0, 2.0, -1.0, -1.0, 0.0, 95544.0, 582.0, 99439.0
-1.0, -1.0, -0.904399455033, 0.0, 1.0, 2.0, 0.0, -0.622013520323, 0.339899746398, 3.0, -1.0, 3.0, 1.0, 2.0, -1.0, -0.0369758399894, 1.10176034548, 2.0, 0.0, -0.13744084202, -0.209998222714, 1.42427820677, 2.15657453598, 2.0, 0.0, -0.360070506393, 1.58380009275, -1.0, 0.0, -1.0, -1.0, -1.0, 2.0, 2.0, 0.0, 1.0, 3.0, 0.0, 0.710876822618, 2.0, 2.0, -1.0, -1.0, 0.0, 1.0, 1.0, 1.0, 3.0, 1.0, 3.0, 95893.0, 535.0, 99507.0
-1.0, -1.0, -0.35840235989, 0.0, -1.0, 1.0, 3.0, -0.3152428561, 2.0, 0.0, 2.69082673254, 1.0, 2.0, -1.0, 3.0, 3.0, 1.0, 2.1934690812, -1.0, 0.0, 1.0, -1.0, 1.0, 2.0, -0.160725981713, 1.0, 3.0, 0.0, 3.0, -1.0, 0.0, 1.0, -1.0, 1.0, 0.442482310455, 0.0, 3.0, 1.0, 0.578943484365, 1.85035519502, 3.0, 0.0, 2.0, 0.0, 2.3789220458, 2.0, 3.0, -1.0, -1.0, -1.0, 95911.0, 532.0, 99486.0
2.0, -0.557547206501, 0.0, -1.0, 0.0, 1.98421846892, -1.0, 1.0, 2.0, 0.0, 3.0, 0.0, 3.0, 0.0, 2.0, 3.0, 2.81687820868, 0.0, 0.3357310762, 1.0, -1.0, -1.0, 1.08420779085, 1.0, 2.0, -1.0, -1.0, 2.0, 3.0, -1.0, -0.668123041054, 2.0, 1.0, 0.439208557114, 2.05489908626, 2.0, 1.19864535604, -1.0, -1.0, -0.508797287992, 1.0, -1.0, -1.0, 1.0, 2.0, -0.615451318213, 1.79429142798, -0.75531545646, -1.0, 2.0, 96557.0, 448.0, 99558.0
0.0, -0.862450139097, 0.0, -1.0, 2.0, -1.0, 2.0, -0.314047400245, 1.0, 1.0, -1.0, -1.0, 1.0, 2.0, 3.0, -1.0, -1.0, 3.0, 2.0, -1.0, 0.0, -1.0, -1.0, 1.0, -1.0, -1.0, 1.0, 1.0, 3.0, -1.0, 3.0, 1.0, 0.0, -1.0, 0.910943554304, 3.0, 0.0, -1.0, 0.0, -1.0, -1.0, -0.0392880151809, 3.0, 0.0, -1.0, 0.0, 2.0, 2.0, 3.0, 2.0, 96734.0, 444.0, 99580.0
-0.0430865318718, 0.0, 2.75700507564, 2.0, 0.935058371228, 1.0, 0.0, 0.0, 1.0, 3.0, 1.0, -0.0142116126766, 3.0, 1.0767951474, 2.0, 1.0, 0.0, 0.670569722709, -0.637516426248, 3.0, 1.0, -1.0, 2.46376053903, 1.0, 0.0, 1.0, -0.944900889919, 0.556516661802, 2.0, 3.0, 2.58009365981, 0.0, 2.0, 0.0, 0.541914002009, 0.0, 1.0, -0.455132493724, -1.0, 3.0, 2.0, 3.0, -0.389405534081, 0.0, 2.77023546135, 0.0, 2.0, -1.0, -1.0, -0.685266290644, 95401.0, 595.0, 99429.0
0.590216790924, 0.0, -0.965976854712, 2.0, -0.12683536606, 2.0, 1.0, -1.0, -1.0, 0.0, 1.0, 3.0, -1.0, 3.0, 0.0, -1.0, 0.0, 2.0, -1.0, 2.73418954856, -0.861740915875, -1.0, -1.0, -1.0, -0.512977715607, 0.0, -1.0, 0.509300994624, -1.0, -1.0, 0.854231989685, 2.0, -0.118528701326, 1.0, 1.0, 3.0, 0.0, 0.0, 2.0, 0.0, 3.0, 1.0, 0.647201019349, -1.0, 2.0, 3.0, 2.0, 2.0, 1.0, 1.0, 96344.0, 490.0, 99552.0
1.0, 0.0, -1.0, 2.0, 3.0, -1.0, 1.0, 2.0, 2.0, -1.0, -1.0, 0.531852367732, -0.575447856109, 0.0, 0.0, 0.0, -1.0, 1.0, 2.0, 1.0, -1.0, 2.0, -1.0, 2.83638228019, 2.12166999248, 3.0, -1.0, 3.0, 2.0, -1.0, 3.0, 0.0, 1.0, 2.0, 0.60424982499, 0.0, 3.0, -1.0, -1.0, -1.0, 0.0, 1.0, 2.3762950698, 2.0, -0.0888642826006, 1.0, 2.0, 1.0, -1.0, 2.93918339553, 96417.0, 492.0, 99531.0
2.51004484526, 3.0, -1.0, 1.0, 2.0, 2.97513923118, 0.0, 1.0, 0.0, 3.0, -1.0, 2.0, 1.0, 3.0, 2.40312789077, 1.0, 0.0, 1.0, 3.0, 2.0, -0.222527986524, 1.0, 2.0, 0.0, -0.98347385375, 3.0, 3.0, 1.0, 2.0, 1.0, -1.0, 2.0, -0.0830359447017, 2.0334616372, 3.0, 1.0, 0.0, 3.0, -0.358274818807, 1.8834088778, -1.0, 2.0, 2.0, 3.0, 1.0, 3.0, 1.90324150441, 0.0, 0.0, 2.68859417553, 95728.0, 636.0, 99414.0
3.0, 0.0, 1.0, 2.0, -1.0, 1.0, 0.0, 0.0, 0.818949650893, 0.940315633439, -0.301612734803, 0.0, 3.0, -1.0, 2.0, 1.0, 0.0, 2.0, 2.0, 3.0, 1.0, -1.0, 3.0, 1.0, 0.0, 1.0, 1.0, 2.0, 2.0, 3.0, 3.0, 1.0, 2.0, 0.0, 3.0, 0.0, 1.0, 2.0, -0.87017316936, 3.0, 2.0, 3.0, 0.0, 0.0, 2.0, 0.0, 2.0, -1.0, -1.0, 0.0, 95507.0, 612.0, 99418.0
3.0, 0.0, 1.0, 2.0, -1.0, 1.0, 0.0, 0.0, 0.818949650893, 0.940315633439, -0.301612734803, 0.0, 3.0, -1.0, 2.0, 1.0, 0.0, 2.0, 2.0, 3.0, 1.0, -1.0, 3.0, 1.0, 0.0, 1.0, 1.0, 2.0, 2.0, 3.0, 3.0, 1.0, 2.0, 0.0, 3.0, 0.0, 1.0, 2.0, -0.87017316936, 3.0, 2.0, 3.0, -0.408338722235, -0.47050559889, 2.0, 0.0, 2.0, -1.0, -1.0, 0.0, 95507.0, 612.0, 99418.0
0.0, 2.0, 1.41743010659, 0.0, 3.0, 1.0, 1.0, -1.0, -1.0, 1.0, -1.0, 3.0, 2.0, 0.364233657236, 1.14506645374, 1.0, 2.06218935062, 2.0, 3.0, 0.0, 2.0, -1.0, -1.0, 0.0, -1.0, 1.0, -1.0, 0.0, 0.0, 1.0, 1.0, 3.0, 3.0, -0.907645462394, -0.350574408021, 1.0, 0.0, 2.64368768314, 0.0, 1.0, 1.0, 3.0, 3.0, 0.98698292409, 3.0, -1.0, 0.0, -0.0465315312874, 3.0, 0.0, 95520.0, 574.0, 99456.0
0.00429928006845, 0.0, 1.0, 2.0, -1.0, -0.613883961587, 0.0, 0.0, 1.0, 1.76968416369, 1.0, -0.707094686793, 3.0, 1.0767951474, 2.0, 1.0, 0.0, 2.01206274029, 2.0, 3.0, 1.0, -1.0, 2.46376053903, 1.0, 0.0, 1.0, -0.944900889919, 2.0, 2.0, 3.0, 2.58009365981, 0.0, 1.54688577663, 0.0, 3.0, 1.20475602077, 1.0, -1.0, -1.0, 3.0, 2.0, 3.0, 0.0, -0.478806394331, 2.77023546135, 0.0, 2.0, -1.0, -1.0, 0.0, 95694.0, 566.0, 99449.0
-1.0, 0.0, -0.965976854712, 2.0, -0.281147846761, -1.0, 1.0, -1.0, -1.0, 2.32104187624, 1.0, 3.0, -1.0, 3.0, 0.0, -1.0, 0.0, 2.0, -1.0, 2.73418954856, -0.861740915875, -1.0, -1.0, -1.0, 2.12166999248, 0.0, -1.0, 0.509300994624, -1.0, -1.0, -1.0, 2.0, -0.118528701326, 1.0, 3.0, 3.0, 0.0, 0.0, 2.0, 0.0, 3.0, 1.0, 0.647201019349, -1.0, 2.0, 3.0, 2.0, -0.638851175829, 1.0, 1.0, 96854.0, 435.0, 99600.0
-1.0, -1.0, 2.3665600833, 3.0, 1.50290050553, 3.0, -0.209860329295, -0.687560826013, 1.0, -1.0, -0.921307801687, 0.0, 0.0, 2.26801053931, 2.0, -1.0, 3.0, 0.0, -0.0542819744776, 3.0, -1.0, 2.24706606922, 1.0, 0.0, 0.0, 2.39841720452, 2.0, -1.0, 3.0, -1.0, -0.998682655748, 3.0, 0.0, 2.0, -1.0, -1.0, 1.0, 2.39226106713, -1.0, 2.0, 1.0, 3.0, 2.2697454367, 3.0, -0.825116828004, 1.0, 1.36540494195, -1.0, -0.54109407786, -0.915837999741, 96806.0, 447.0, 99568.0
1.36209805285, -1.0, 1.0, 1.0, 0.0, -0.0308500208086, -0.538519042327, 1.9274054091, -1.0, 0.0, -1.0, 0.0, 0.0, 0.0, 3.0, 1.0, 3.0, 2.32630800691, -1.0, 2.0, 3.0, -1.0, 0.0, 3.0, -1.0, 1.0, 0.0, -1.0, 3.0, 3.0, -1.0, 3.0, 2.0, 1.0, 1.0, 2.0, -1.0, 1.30157245449, 0.438382838775, 2.73307256231, 1.0, 0.0, -1.0, 2.0, 1.12856086008, -0.351401013194, 1.0, 0.576912755086, 0.0, 1.80532211291, 95810.0, 537.0, 99482.0
0.0, -1.0, 0.160630795483, 2.23076077913, 0.0, 0.949147363877, 3.0, 2.0, -1.0, 2.0, 3.0, 2.0, 3.0, 2.0, 1.0, -1.0, 1.0, 0.0, 1.0, 3.0, -0.908901987903, 0.742409791934, 2.0, -0.477469588114, -1.0, 3.0, -1.0, -1.0, 1.51251387367, -0.0821399213762, -1.0, 1.0, -0.867677320606, 0.57249471142, 0.0, -1.0, 0.0, -1.0, 0.0, 1.0, -1.0, 1.70887718474, 2.0, 0.0, 3.0, 2.0, 0.0, -1.0, 1.14642784502, 1.0, 96089.0, 504.0, 99520.0
2.0, 1.1472912903, 2.0, 2.0, 0.50345815167, 0.0, 3.0, 2.27351406079, 1.0, 3.0, -1.0, 1.0, 2.0, 3.0, -1.0, 0.0, 3.0, -1.0, -1.0, 0.0, -1.0, 1.0, 2.0, 1.0, 3.0, 0.0, -1.0, 1.0, 0.0, 2.92201099402, 2.0, -0.907319580925, -0.256988682397, 3.0, 0.0, 3.0, -1.0, 1.0, 0.0, 3.0, -1.0, -1.0, 2.0, 0.0, 3.0, -1.0, 1.0, 2.0, -0.855920934964, -0.128031132097, 96090.0, 532.0, 99483.0
0.0, 1.53393815102, 0.93092677815, 3.0, 0.0, -1.0, 3.0, 3.0, 0.0, -1.0, 3.0, 1.0, -0.739634451474, 3.0, 0.0, 1.0, 0.0, 1.0, 1.0, -0.766249302671, 2.23639641986, -1.0, 3.0, 2.0, -1.0, -1.0, 3.0, 0.821301479964, 1.0, -1.0, 0.772477914219, -1.0, 2.0, 1.0, 2.0, 2.0, -1.0, -1.0, 2.0, 1.29415042386, 0.0, -1.0, 3.0, 0.0, 0.0, 3.0, 0.0, 3.0, -0.670069575622, 2.0, 96057.0, 520.0, 99493.0
0.0, -1.0, 2.0, -0.294321917202, 0.0, 1.0, 3.0, 2.66458099947, -1.0, 2.0, 3.0, 2.0, 3.0, 2.0, 1.0, -1.0, 0.0, 0.0, 2.92680496666, 3.0, -1.0, 0.0, 2.0, -1.0, -1.0, 3.0, -1.0, -1.0, 3.0, 1.03398884479, 3.0, 1.0, 0.236700239175, -0.304476874337, 0.0, -1.0, -0.352658723792, -1.0, 0.0, 3.0, -1.0, 1.0, 2.0, 0.0, 1.49148877658, 2.0, 0.0, -1.0, -0.567954634653, 1.0, 96215.0, 500.0, 99515.0
0.0, 2.0, 1.41743010659, 0.0, 3.0, 1.0, 1.0, -1.0, -1.0, 1.0, -1.0, 3.0, 2.0, 0.364233657236, 1.14506645374, 1.0, 2.0, 2.0, 3.0, 0.0, 2.0, -1.0, -1.0, 0.0, -1.0, 1.0, -1.0, 0.0, 0.0, 1.0, 1.0, 3.0, 3.0, 0.0, -0.350574408021, 1.0, 0.0, 2.63148385984, 0.0, 1.0, 1.0, 3.0, 3.0, 0.98698292409, 3.0, -1.0, 0.0, -0.0465315312874, 3.0, 0.0, 95382.0, 584.0, 99443.0
2.0, -0.557547206501, 0.0, -1.0, 0.0, 1.98421846892, -1.0, 1.0, 2.0, 3.0, 3.0, 0.0, 3.0, 0.0, 2.0, 3.0, 2.0, 0.0, 1.02981375635, 1.0, -1.0, 0.0, 0.0, 1.0, 2.0, -1.0, -1.0, 2.0, 3.0, -1.0, -0.668123041054, 2.0, 1.0, -1.0, 2.05489908626, 2.0, 1.19864535604, -1.0, -1.0, -0.508797287992, 1.0, -1.0, -1.0, 1.0, 2.0, 0.0, 1.79429142798, -0.75531545646, -1.0, 2.0, 96551.0, 473.0, 99554.0
-1.0, -1.0, -0.35840235989, -0.970557490333, -1.0, 1.0, 3.0, -0.3152428561, 2.0, 0.0, 2.69082673254, 1.0, 2.0, -1.0, 3.0, 3.0, 1.0, 2.1934690812, -1.0, -0.618988377453, 1.0, -1.0, 1.0, 2.0, -1.0, 1.0, 3.0, 0.0, 3.0, -1.0, 0.0, -0.510866138131, -1.0, 1.0, 0.442482310455, 0.0, 3.0, 1.0, -0.18499879182, 1.85035519502, 3.0, 0.0, 2.0, 0.0, 2.3789220458, 2.0, 3.0, -1.0, -1.0, 0.632721332911, 96313.0, 495.0, 99522.0
-1.0, -1.0, 0.0, 0.0, -1.0, 1.0, 3.0, 1.0, 2.0, 0.0, 2.0, 1.0, 2.0, -1.0, 1.82954435791, 3.0, 1.0, 3.0, -1.0, 0.353146420892, 0.095741142301, -1.0, 1.0, 2.0, 2.0, 1.0, 3.0, 0.0, 1.96818967748, -1.0, 0.0, 1.0, -1.0, 1.0, 1.0, 0.0, 3.0, 1.0, 1.57370378647, 2.0, 3.0, 0.0, 2.90191403943, 0.0, 2.0, 2.0, 3.0, -1.0, -0.0733973076251, -1.0, 95903.0, 551.0, 99477.0
0.0, 1.0, 0.0, -1.0, 2.0, -1.0, 2.0, 1.0, 1.0, 1.0, -1.0, -1.0, 0.436414129148, 2.0, 3.0, 0.458152804884, -0.112749377446, 3.0, 2.0, -1.0, 0.0, -1.0, -1.0, 1.0, -1.0, 0.70210181938, 1.0, 1.0, 3.0, -0.533405655273, 2.52863531555, 1.0, 0.0, -1.0, -1.0, 3.0, 0.0, -1.0, 0.0, -1.0, -1.0, 2.54383032177, 3.0, 2.0, -1.0, 0.952115106825, 2.0, 2.0, 2.54440069401, 2.0, 96397.0, 487.0, 99534.0
3.0, 1.0, 3.0, 3.0, 2.0, -1.0, 1.0, 0.639561096894, 0.0, 1.0, -0.85862831213, -0.909987812554, -1.0, 1.0, 1.34285310343, 1.0, 2.0, 0.513668927402, 0.0, 3.0, -1.0, 1.0, 2.0, 2.0, 1.7194404418, 3.0, 1.0, 2.0, 2.0, -1.0, 2.0, 2.0, 3.0, 1.02575959478, -1.0, -1.0, 3.0, 1.55379306598, 0.0, 3.0, 3.0, 2.0, 0.0, 0.0, 1.0, -0.896696394591, 1.0, -1.0, -1.0, 1.0, 96191.0, 538.0, 99475.0
-1.0, -1.0, 2.3665600833, 3.0, 1.50290050553, 3.0, -0.209860329295, -0.687560826013, 1.0, -1.0, -0.705493415063, 0.0, 0.0, 2.0, 2.0, -1.0, 3.0, 0.0, 0.0, 3.0, -1.0, 2.24706606922, 1.0, 0.0, 0.0, 2.39841720452, 2.0, -1.0, 3.0, -1.0, -0.984920503381, 3.0, 0.0, 2.0, -1.0, -1.0, 1.0, 2.0, -1.0, 2.0, 1.0, 3.0, 2.0, 3.0, -0.825116828004, 1.0, 2.0, 0.0, -1.0, -0.915837999741, 96667.0, 466.0, 99551.0
2.0, 1.1472912903, 2.1142119195, 2.0, 0.50345815167, 0.0, 3.0, 2.27351406079, 1.0, 3.0, -1.0, 1.0, 2.0, 3.0, -1.0, 0.0, 3.0, -1.0, -1.0, 0.0, -1.0, 1.0, 2.0, 1.0, 3.0, 0.0, -1.0, 1.0, 0.0, 2.92201099402, 2.0, 1.44273735934, -0.256988682397, 3.0, 0.0, 3.0, -1.0, 1.0, 0.0, 3.0, -1.0, -1.0, 2.0, 0.0, 3.0, -1.0, 1.0, 1.19779373375, -0.855920934964, -0.128031132097, 95988.0, 542.0, 99476.0
0.983508365712, -0.679123137997, 2.0, 2.0, 3.0, 2.0, -0.459655005291, -1.0, 3.0, 1.0, 1.0, 3.0, -0.478819813367, 3.0, 0.0, -1.0, -0.807730491157, 2.0, -1.0, 2.0, -1.0, -1.0, -1.0, -1.0, 0.0, 0.0, -1.0, 0.0, -1.0, -1.0, -1.0, 2.0, 0.0, 1.0, 3.0, 0.446084325733, 0.0, 0.594185657279, 2.46086352736, 0.0, 3.0, 1.0, 1.0, -1.0, -0.22870558244, 3.0, 2.0, -0.456537597238, 1.0, 1.0, 96256.0, 495.0, 99539.0
3.0, 0.0, 1.0, 2.0, 0.0677451393571, 2.04488237174, -0.983848029009, 0.0, 1.0, 3.0, 2.62940054695, 0.0, 3.0, -1.0, 1.22507610027, 1.0, 0.0, 2.0, 2.0, 3.0, 1.0, -1.0, 3.0, 1.0, 0.0, -0.0536500726829, 1.0, 2.0, 2.0, 3.0, 3.0, 1.0, 2.0, 0.0, 3.0, 0.0, 1.0, -1.0, -1.0, 3.0, 2.0, 3.0, 0.0, 0.0, 2.0, 0.0, 1.45967265543, -1.0, -1.0, 0.0, 95555.0, 592.0, 99425.0
-1.0, -1.0, 0.206203467326, 1.0, -1.0, -1.0, -1.0, 0.0, 1.09610596353, 3.0, 0.0, 1.0, -1.0, 2.0, -0.488331181999, 2.0, -1.0, 1.20709705359, 1.0, -1.0, -0.585844454882, 1.0, 1.0, 0.0, 0.0, 1.0, 0.0, 2.0, 2.0, 3.0, 0.0, 2.0, 3.0, 0.0, 1.0, 2.00471181576, -1.0, -1.0, 3.0, 0.303217654335, 2.0, 2.0, -0.29183784804, 0.0, 1.04855555069, -0.146530265231, 3.0, 3.0, 0.487873856266, 2.0, 95705.0, 549.0, 99482.0
2.0, 0.0, 3.0, 2.0, 1.0, -1.0, 2.0, 1.0, 1.0, 0.0, 1.0, 0.0, -1.0, 1.0, -0.226816336487, -1.0, 0.0, 3.0, 1.0, 0.0, 3.0, -1.0, 2.0, 1.0, 3.0, 2.0, 2.0, 0.0, 3.0, 3.0, -1.0, 0.0, 1.0, 3.0, 1.0, 3.0, 1.0, 3.0, 0.0, 2.0, 0.0, -1.0, 0.0, 2.0, 0.0, -1.0, 1.85002821587, 0.770991661474, 0.0148872537338, 3.0, 95488.0, 604.0, 99426.0
0.0, 1.0, -0.606159997223, -1.0, 2.0, -1.0, 2.0, 1.0, 1.0, 1.0, -1.0, -1.0, 1.0, 2.0, 3.0, -1.0, -1.0, 3.0, 2.0, -1.0, 0.0, -1.0, -1.0, 1.0, -1.0, -1.0, 1.0, 0.807053829766, 3.0, -1.0, 3.0, 1.0, 0.0, -1.0, -1.0, 3.0, 0.0, -1.0, 0.0, -0.690091277306, -1.0, 2.81866723494, 3.0, 0.0, -1.0, 0.0, 2.0, 2.0, 3.0, 2.0, 96976.0, 437.0, 99599.0
-1.0, -1.0, 0.0, 0.0, -1.0, 1.1891753912, 3.0, 1.0, -0.268361367245, 0.0, 0.0493863170422, 1.0, 2.0, -1.0, 3.0, 3.0, 1.0, 3.0, -1.0, 0.0, 1.0, -1.0, 1.36190953512, 2.0, 2.0, 1.0, 2.26746935822, 0.0, 2.82447306453, -1.0, 0.0, 1.0, -1.0, 1.0, 1.0, 0.0, 3.0, 1.0, -1.0, 1.35288526643, 3.0, 0.0, 2.0, 0.0, 2.0, 2.37219391878, 3.0, -1.0, -1.0, -1.0, 95971.0, 519.0, 99496.0
3.0, 0.0, 1.0, 2.0, -0.315939497299, 1.0, -0.490137503943, 0.0, 1.0, 3.0, 1.0, 0.0, 3.0, -1.0, 1.49092487091, 1.0, 0.0, 2.0, 2.0, 3.0, 1.0, -1.0, 3.0, 1.0, 0.0, 1.0, 1.0, 2.0, 2.0, 3.0, 3.0, 1.0, 2.0, 0.0, 3.0, 0.0, 1.0, -1.0, -1.0, 3.0, 2.0, 3.0, 0.0, 0.0, 2.0, 0.0, 2.0, -1.0, -1.0, 0.0, 95517.0, 604.0, 99418.0
1.0, 3.0, 1.0, 0.117311459698, 2.36436224761, 1.27450335814, -1.0, 1.91911138957, 0.0, 0.0, 1.86007374242, 2.0, -1.0, -0.207593114561, 0.0, 1.92002978179, 2.0, 0.0, 0.314709580516, 3.0, 0.0, 1.0, -1.0, 3.0, 0.0, 0.429576187114, 0.560948188423, -0.459083633621, -1.0, 0.0, 1.0, 2.0, 3.0, 2.0, 1.0, 1.0, 3.0, 2.0, 0.0, 0.0, 1.17106005353, -1.0, 2.0, 2.0, 2.0, 0.782460325684, 0.243043393408, 1.0, -0.0996569346955, 2.78554950661, 95000.0, 637.0, 99410.0
0.0, 1.53393815102, 0.93092677815, 3.0, 0.0, -1.0, 3.0, 3.0, 0.0, -1.0, 3.0, 1.0, -0.739634451474, 3.0, 0.0, 1.0, 0.0, 1.0, 1.0, -0.766249302671, 2.23639641986, -1.0, 3.0, 2.0, -1.0, -1.0, 3.0, 0.821301479964, 0.356146104965, -1.0, 0.772477914219, -1.0, 2.28153984357, 1.0, 2.0, 2.0, -1.0, -1.0, 2.0, 1.29415042386, 0.0, 1.9218674904, 3.0, 0.0, 0.0, 3.0, 0.0, 3.0, -0.670069575622, 2.0, 95961.0, 534.0, 99485.0
-1.0, -1.0, -0.35840235989, 0.0, -1.0, 1.0, 3.0, -0.3152428561, 2.0, 0.0, 2.69082673254, 1.0, 2.0, -1.0, 3.0, 3.0, 1.0, 2.1934690812, -1.0, 0.0, 1.0, -1.0, 1.0, 2.0, -0.160725981713, 1.0, 3.0, 0.0, 3.0, -1.0, 0.0, 1.0, -1.0, 1.0, 0.442482310455, 0.0, 3.0, 1.0, 0.578943484365, 1.85035519502, 3.0, -0.712498438492, 2.0, 0.0, 2.3789220458, 2.0, 3.0, -1.0, -1.0, -1.0, 96015.0, 518.0, 99494.0
3.0, 3.0, 2.0, 2.45612256107, 0.0, -1.0, 2.0, 2.0, 1.0, 3.0, -0.262075901659, -1.0, 0.500959099476, 1.77792609472, 3.0, 0.0, 0.0, 1.0, 2.53736567515, 2.76080378001, 0.0, 3.0, 0.894157197238, 0.0, -0.147680858509, 2.0, 1.0, 2.9629695964, 1.0, 2.95960682832, 0.0, 0.0, 2.0, 1.0, 1.0, 1.0, -0.233121860563, 1.0, 2.0, 0.0, 0.853359193464, -1.0, -0.473565212557, 2.0, 0.0, 1.0, -1.0, 2.0, 3.0, 2.0, 95329.0, 655.0, 99401.0
0.0, 0.538370586295, -0.606159997223, -1.0, 2.0, -1.0, 1.95370557675, -0.170137577145, 1.0, -0.577068363045, -1.0, -1.0, 1.0, 2.0, 3.0, -1.0, -1.0, 3.0, 2.0, -1.0, 0.0, -1.0, -1.0, 1.0, -1.0, -1.0, 2.12184581272, 0.807053829766, 3.0, -1.0, 3.0, 1.0, -0.0127689417779, -1.0, -0.397632246725, 3.0, 0.0, -1.0, 0.0, -0.690091277306, -1.0, 2.81866723494, 3.0, 0.0, -1.0, -0.180085983272, 2.0, 2.0, 3.0, 1.7068783479, 96984.0, 434.0, 99604.0
0.0, 1.0, -0.606159997223, -1.0, 2.0, -1.0, 2.0, 2.39238470031, 1.0, 1.0, -1.0, -1.0, 1.0, 2.0, 3.0, -1.0, -1.0, 3.0, 2.0, -1.0, 0.0, -1.0, -1.0, 1.0, -1.0, -1.0, 1.78891555435, 0.807053829766, 3.0, -1.0, 3.0, 1.0, -0.428575437014, -1.0, -1.0, 3.0, 0.0, -1.0, 0.0, -0.690091277306, -1.0, 0.807109336677, 3.0, 0.0, -1.0, 0.0, 2.0, 2.0, 3.0, 2.0, 96983.0, 437.0, 99599.0
0.0, 1.0, 0.0, -1.0, 2.0, -1.0, 2.0, 1.0, 1.0, 1.0, -1.0, -1.0, 1.0, 2.0, 3.0, -1.0, -1.0, 3.0, 2.0, -1.0, 0.0, -1.0, -1.0, 1.0, -1.0, -1.0, 1.0, 1.0, 3.0, -1.0, 3.0, 1.0, 0.0, -1.0, -1.0, 3.0, 0.0, -1.0, 0.0, -1.0, -1.0, 1.0, 3.0, 0.0, -1.0, 0.0, 2.0, 2.0, 3.0, 2.0, 96781.0, 450.0, 99582.0
1.0, 3.0, 1.0, 0.117311459698, 2.36436224761, 1.27450335814, -1.0, 1.91911138957, 0.0, 0.0, 1.86007374242, 2.0, -1.0, -1.0, 0.0, 1.92002978179, 2.0, 0.0, -1.0, 3.0, 0.0, 1.0, -1.0, 3.0, 0.0, 0.0, -0.411130249932, 0.773838820077, -1.0, 0.0, 1.0, 2.0, 3.0, 2.0, 1.0, 1.0, 3.0, 2.0, 0.0, 0.0, 1.0, -1.0, 2.0, 2.0, 2.0, 0.0, 0.243043393408, 1.0, -1.0, 2.78554950661, 95414.0, 584.0, 99447.0
2.51004484526, 0.0347304949063, -1.0, 1.0, 2.57762208076, 2.97513923118, -0.594203489228, 1.0, 0.0, 3.0, -1.0, 2.0, 1.0, 3.0, 2.40312789077, 1.0, 0.0, 1.0, 1.50830323127, 1.90721452259, 0.0, 1.0, 2.0, 0.0, -1.0, -0.146413529033, 3.0, 1.0, 2.13012882297, 1.0, -1.0, 2.0, -0.0830359447017, 2.0, 3.0, 1.0, 0.0, 3.0, 0.909472491024, 1.8834088778, -1.0, 2.0, 2.0, 3.0, 2.62846092697, 0.0184677231967, 2.58368414633, 0.0, 0.0, 2.0, 95620.0, 624.0, 99421.0
0.0, -1.0, -1.0, -0.869723696816, 1.0, 1.0, -0.943760061239, 3.0, 1.73321049069, 1.0, -1.0, 0.0, 3.0, 0.855613674311, 1.0, 1.0, -1.0, 0.0, -1.0, 0.0, 1.0, 2.0, 3.0, 3.0, 3.0, 1.0, 3.0, 3.0, 0.0, 3.0, 0.0, -1.0, 0.0, 0.0, 0.0, -1.0, 3.0, -1.0, 2.0, 0.0, 1.0, -1.0, 2.0, 2.0, 1.0, 2.0, 3.0, -0.731616068763, 0.0, 2.0, 95977.0, 531.0, 99494.0
3.0, 3.0, 2.0, 2.0, 3.0, -1.0, 2.0, 2.0, 1.0, 3.0, -0.262075901659, -1.0, 1.0, 3.0, 3.0, 0.0, 0.0, 1.0, 2.53736567515, 2.76080378001, 0.0, 3.0, 0.894157197238, 0.0, -1.0, 2.0, 1.0, 1.66433949814, 1.0, 2.95960682832, 0.0, 0.0, 2.0, 1.0, 1.0, 1.0, 0.0, 1.0, 2.0, 0.0, 0.853359193464, -1.0, 0.0, 2.0, 0.0, 1.0, -1.0, 2.0, 3.0, 2.0, 95510.0, 642.0, 99411.0
-1.0, 0.0, -0.965976854712, 2.0, 0.677542473554, -1.0, 1.0, -1.0, -1.0, 2.32104187624, 1.0, 3.0, -1.0, 3.0, 0.0, 0.636243854536, 0.0, 2.0, -1.0, 0.56035855143, -0.861740915875, -1.0, -1.0, -1.0, 2.12166999248, 0.0, -1.0, 0.509300994624, -1.0, -1.0, -1.0, 2.0, -0.118528701326, 1.0, 3.0, 3.0, 0.0, 0.0, 2.0, 0.0, 3.0, 1.0, 0.647201019349, -1.0, 2.0, 3.0, 2.0, -0.638851175829, 1.0, 1.0, 96688.0, 448.0, 99587.0
3.0, -1.0, 2.0, 2.0, 1.0, 0.0, 1.0, -1.0, 1.0, -1.0, 2.0, -1.0, 2.0, -1.0, 1.3896271789, -1.0, 0.0, 3.0, -1.0, -0.06451385731, 2.0, -1.0, -1.0, -1.0, -1.0, -1.0, 0.794653578913, 0.0, 0.0, 1.0, 2.92783201327, 0.0, 2.70108846067, 2.78826731668, 0.440855523901, 0.164361962636, 3.0, 0.0, -1.0, -1.0, -1.0, 3.0, 3.0, 0.0, 0.0, 2.0, 2.0, 1.0, 0.816263958634, 0.0, 96468.0, 489.0, 99549.0
1.0, 0.0, -1.0, 1.69836649297, 3.0, -1.0, 1.0, 2.0, 2.0, -1.0, -1.0, 0.531852367732, -0.575447856109, 0.0, 0.0, 0.0, -1.0, 1.0, 2.0, 1.0, -1.0, 2.0, -1.0, 2.83638228019, 2.12166999248, 3.0, -1.0, 3.0, 2.0, -1.0, 1.58789902549, 0.0, 1.0, 2.0, 0.60424982499, 0.0, 3.0, -1.0, -1.0, -1.0, 1.75045685655, 1.0, 2.3762950698, 2.0, -0.0888642826006, 1.0, 2.0, 1.0, -1.0, 2.93918339553, 96449.0, 492.0, 99531.0
1.290617378, 0.0, 3.0, -1.0, 1.67620183726, 0.0975097492697, 0.331956449647, -0.0358836582892, 1.0, 1.0, 3.0, 2.0, 2.72926729178, 0.460904674595, 1.0, 1.0, 1.0617397816, 2.0, 2.0, 1.0, 1.10734880722, 3.0, 1.59866996468, 1.0, 3.0, 2.0, 2.0, 0.352603362104, 0.0, 3.0, 0.621606061564, -1.0, 1.13259277317, -1.0, -1.0, 0.0, -1.0, 3.0, 2.0, 0.0, 2.30895089317, -1.0, 1.11159126608, 3.0, 1.0, 1.0, 2.0, -1.0, 0.0, 1.0, 95461.0, 617.0, 99431.0
0.101018591706, -1.0, -1.0, 2.00221161695, 2.0, 0.0, 2.0, 0.0, 1.0, 1.0, 2.18026518477, 3.0, -1.0, -0.348649884331, 0.0, -1.0, 1.0, 2.0, -1.0, 0.145079288639, 3.0, -1.0, 3.0, 1.0, -1.0, 3.0, 0.0, 1.0, -1.0, -0.454112921275, 0.0, 1.0, 0.0, 2.0, -1.0, 0.508311839014, 0.0, -1.0, -1.0, 2.0, 2.0, 0.737005427089, 3.0, 3.0, 3.0, 0.863215214209, 2.0, -1.0, 1.0, -1.0, 96147.0, 513.0, 99508.0
0.0, 1.0, 2.32657253354, 3.0, 1.45360156256, -1.0, 2.0, 1.0, 1.7898305978, 1.82498513961, -1.0, -1.0, -0.338222627063, 2.21111749099, 3.0, 1.08287724721, -1.0, 2.82909133337, 2.0, -1.0, 0.0, -1.0, -1.0, 1.0, -0.160725981713, -1.0, 1.89280555018, 1.0, 3.0, -1.0, 3.0, 1.0, 0.0, -1.0, -0.700693036281, 3.0, -0.926537751072, -1.0, 0.0, -1.0, -1.0, 1.53698696962, 3.0, 0.0, -0.257682456592, 0.0, 2.0, 2.0, 3.0, 2.0, 96489.0, 489.0, 99537.0
1.0, 0.0, -1.0, 2.0, 3.0, -1.0, 1.0, 2.0, 2.0, -1.0, -1.0, 0.531852367732, -1.0, 0.0, 0.0, -0.895362743267, -1.0, 1.0, 2.0, 1.0, -0.863524284608, 2.0, -1.0, 0.0, 0.0, 3.0, -1.0, 3.0, 2.0, -1.0, 3.0, 0.0, 1.81489767439, 2.0, 0.0, -0.290850740434, 3.0, 2.0, -1.0, -1.0, -0.843079125415, 1.0, 2.76534711606, 2.0, 0.0, -1.0, 2.0, 1.0, -1.0, 3.0, 96669.0, 466.0, 99556.0
-1.0, 0.0, -0.965976854712, 2.0, -0.281147846761, 2.0, 1.0, -1.0, -1.0, 2.32104187624, 1.0, 3.0, -1.0, 3.0, 0.0, -1.0, 0.0, 2.0, -1.0, 2.73418954856, -0.861740915875, -1.0, -1.0, -1.0, -0.512977715607, 0.0, -1.0, 0.509300994624, -1.0, -1.0, -1.0, 2.0, -0.118528701326, 1.0, 3.0, 3.0, 0.0, 0.0, 2.0, 0.0, 3.0, 1.0, 0.647201019349, -1.0, 2.0, 3.0, 2.0, 2.0, 1.0, 1.0, 96745.0, 457.0, 99583.0
0.0, 0.0, 3.0, -1.0, 1.67620183726, 2.0, -1.0, -0.0358836582892, 1.0, 1.0, 3.0, 2.0, 3.0, 0.460904674595, 1.0, 1.0, 0.0, 2.0, 2.0, 1.0, 1.10734880722, 3.0, 1.59866996468, 1.0, 3.0, 2.0, 2.0, 0.352603362104, 0.0, 3.0, 0.621606061564, -1.0, 1.13259277317, -1.0, -1.0, 0.0, -1.0, 3.0, 2.0, 0.0, 2.30895089317, -1.0, 1.11159126608, 3.0, 1.0, 1.0, 2.0, -1.0, 0.0, 1.0, 95489.0, 605.0, 99438.0
1.0, -0.419402161536, -1.0, 2.0, 3.0, -1.0, 1.0, 2.0, 2.0, -1.0, -1.0, -1.0, -1.0, 0.0, 0.0, 0.0, -1.0, 1.0, 2.0, 1.0, -1.0, 2.0, -1.0, 0.0, 0.0, 3.0, -1.0, 3.0, 2.0, -1.0, 3.0, 0.0, 1.0, 2.45840023284, 0.0, 0.0, 3.0, 2.0, -1.0, -1.0, 0.0, 1.0, 2.0, 2.0, 0.0, 1.0, 2.0, 1.0, -1.0, 3.0, 96282.0, 496.0, 99530.0
2.51004484526, 3.0, -1.0, 1.0, 2.0, 2.97513923118, 0.0, 1.0, 0.0, 3.0, -1.0, 2.0, 1.0, 3.0, 2.40312789077, 1.0, 0.0, 1.0, 3.0, 2.0, 0.0, 1.0, 2.0, 0.0, -1.0, 3.0, 3.0, 1.0, 2.0, 1.0, -1.0, 2.0, -0.0830359447017, 2.0, 3.0, 1.0, 0.0, 3.0, -0.358274818807, 1.8834088778, -1.0, 2.0, 2.0, 3.0, 1.0, 3.0, 2.58368414633, 0.0, 0.0, 2.0, 95750.0, 636.0, 99414.0
0.101018591706, -1.0, -1.0, 2.00221161695, 2.0, 0.0, 2.0, 0.633240887393, 1.0, 1.0, 2.18026518477, 3.0, -1.0, -0.348649884331, 0.0, -1.0, 1.0, 2.0, -1.0, 0.145079288639, 3.0, -1.0, 3.0, 1.0, -1.0, 3.0, 0.0, 1.0, -1.0, -0.454112921275, 0.0607182145323, 1.0, 0.591329668342, 2.0, -1.0, 0.282799072206, -0.842251382044, -1.0, -1.0, 1.35288526643, 2.0, 0.737005427089, 3.0, 3.0, 3.0, 0.863215214209, 2.0, -1.0, 1.0, -1.0, 96216.0, 500.0, 99516.0
2.0, -0.557547206501, 0.0, -1.0, 0.0, 1.98421846892, -1.0, 1.0, 1.15294452244, 3.0, 3.0, 0.0, 3.0, 0.0, 2.0, 3.0, 2.0, -1.0, 0.0, 1.0, -1.0, 0.0, 0.0, 1.0, 2.0, -1.0, -1.0, 2.0, 3.0, -1.0, -0.668123041054, 2.0, 1.0, -1.0, 2.0, 2.0, -1.0, -1.0, -1.0, -0.508797287992, 1.0, -1.0, -1.0, 1.0, 2.0, 0.0, 3.0, 0.0, -1.0, 2.0, 96602.0, 466.0, 99563.0
2.0, -0.490321912706, 2.0, 2.0, 0.0, 0.0, 3.0, 2.0, 0.379884281555, 3.0, -1.0, 1.0, 0.145207520483, 3.0, -1.0, 0.0, 3.0, -1.0, 0.882045619549, 0.0, -1.0, 1.0, 2.0, 1.0, 3.0, 0.580983968337, -1.0, 1.0, 0.0, 2.0, 2.47910832177, 1.0, 2.97274396527, 1.856568593, 0.0, 3.0, -1.0, 1.0, 0.0, 0.715754630894, -1.0, 0.828855170765, 2.0, 0.279905130227, 3.0, -1.0, 1.0, 2.0, 0.0, 0.0, 95563.0, 592.0, 99443.0
-1.0, -1.0, 1.0, 2.12359032631, 0.0, 3.0, 0.0, -1.0, 1.0, -1.0, -1.0, 0.0, 0.0, 2.0, 2.0, -1.0, 3.0, 0.0, 0.0, 3.0, -1.0, 2.0, 1.0, 0.0, 0.0, 2.0, 1.90778746692, -1.0, 3.0, -1.0, 2.0, 3.0, 0.944870982572, 2.0, -1.0, -1.0, 1.0, 2.0, -1.0, 2.0, 1.0, 3.0, 2.0, 3.0, 0.0, 1.0, 0.749753653741, 0.0, -1.0, 2.50198254631, 96241.0, 507.0, 99513.0
0.0, 1.0, 0.0, -1.0, 2.0, -1.0, 2.0, 1.0, 1.0, 1.0, -1.0, -1.0, 1.0, 2.0, 3.0, 0.458152804884, -1.0, 3.0, 2.0, -1.0, 0.0, -1.0, -1.0, 1.0, -1.0, -1.0, 1.0, 1.0, 3.0, -1.0, 2.52863531555, 1.0, 0.0, -1.0, -1.0, 3.0, 0.0, -1.0, 0.0, -1.0, -1.0, 1.0, 3.0, 2.0, -1.0, 0.0, 2.0, 2.00277167965, 2.54440069401, 2.0, 96693.0, 463.0, 99569.0
-1.0, 3.0, 0.0, 0.0, 2.0, 3.0, 1.0, 2.0, -1.0, 2.0, 0.0, 3.0, 1.0, 2.0, 2.0, -1.0, 0.0, 2.0, 1.0, 1.0, -1.0, -1.0, 0.0, 1.0, 1.0, 2.0, 0.0, 2.0, -1.0, -1.0, -1.0, 2.0, -1.0, 2.0, 1.0, 1.0, -1.0, 1.0, -1.0, 3.0, 0.0, 0.0, 2.0, 0.0, 3.0, 1.0, 0.0, -1.0, 2.0, 0.0, 96023.0, 521.0, 99505.0
0.00429928006845, 0.0, 2.75700507564, 2.0, -1.0, 1.0, 0.0, 0.44556947721, 1.0, 3.0, 1.0, -0.707094686793, 3.0, 1.0767951474, 2.0, 1.0, 0.0, 0.670569722709, 2.0, 3.0, 1.0, 1.0, 2.46376053903, 1.0, 0.0, 1.0, -0.944900889919, 0.556516661802, 2.0, 3.0, 2.58009365981, 0.0, 0.0, 0.0, 0.541914002009, 1.0, 1.0, -1.0, -1.0, 3.0, 2.0, 3.0, -0.389405534081, 2.0, 2.77023546135, 0.0, 2.0, -1.0, -1.0, 0.0, 95530.0, 601.0, 99433.0
1.0, 0.0, -1.0, 2.0, 3.0, -1.0, 1.0, 2.0, 2.0, -1.0, -1.0, 0.531852367732, -1.0, 0.0, 0.0, 0.0, -1.0, 1.0, 2.0, 1.0, -1.0, 2.0, -1.0, 0.0, 0.0, 3.0, -1.0, 3.0, 2.0, -1.0, 3.0, 0.0, 1.0, 2.0, 0.0, 0.0, 3.0, 2.0, -1.0, -1.0, 0.0, 1.0, 2.3762950698, 2.0, 0.0, 1.0, 2.0, 1.0, -1.0, 3.0, 96172.0, 510.0, 99519.0
0.0, 2.0, 2.0, 0.0, 3.0, 1.0, 1.0, -1.0, -1.0, 1.0, 1.53720240769, 3.0, 2.0, 1.0, 2.0, 1.0, 2.0, 2.0, 3.0, 0.0, 2.0, -1.0, 0.030481687151, 0.0, -0.623880362828, 1.0, -1.0, 0.0, -0.384535982473, 1.0, 1.0, 3.0, 3.0, 0.0, -1.0, 1.0, -0.69791318382, 2.0, 0.0, 1.0, 1.0, 3.0, 3.0, 2.0, 3.0, -1.0, 0.0, -1.0, 3.0, 0.0, 95627.0, 574.0, 99454.0
0.101018591706, -1.0, -1.0, 2.00221161695, 2.0, 0.0, 2.0, 0.0, 1.0, 1.0, -0.109392079787, 3.0, -1.0, -0.348649884331, 0.0, 1.95017514686, 1.0, 2.0, -1.0, 0.145079288639, 3.0, -1.0, 3.0, 1.0, -1.0, 3.0, 0.0, 1.0, 0.459823738849, -0.454112921275, 0.0, 1.0, 0.0, 2.0, -1.0, 0.508311839014, 0.0, -1.0, -1.0, 2.0, 2.0, 2.0, 3.0, 3.0, 1.40747411294, 0.863215214209, 2.0, -1.0, 2.81720292351, -1.0, 95847.0, 542.0, 99481.0
-0.587956050515, -1.0, 2.0, 2.72852367571, 0.0, 1.0, 3.0, 1.2354356294, -1.0, 2.0, 3.0, 2.0, 0.720848526127, 2.0, 1.0, -1.0, 0.0, -0.720467491371, 1.0, 3.0, -1.0, 0.0, 2.0, -1.0, -1.0, 3.0, -1.0, -1.0, 3.0, 0.0, 2.72640259088, 1.0, -1.0, 0.0, 0.0, -1.0, 0.0, -1.0, 0.0, 1.0, -1.0, 2.52989673868, 2.0, -0.148816835039, 3.0, 0.391280741818, -0.341710210777, -1.0, 2.0, 1.0, 96578.0, 478.0, 99556.0
0.0, 2.0, 2.0, 0.0, 3.0, 1.0, 1.0, -1.0, -1.0, -0.696014820384, -1.0, 3.0, 2.0, 1.0, 2.0, 1.0, 2.0, -0.0331492201869, 3.0, 1.78470232847, 2.0, -1.0, -1.0, 0.0, -1.0, 1.0, -1.0, 0.0, 0.0, 1.0, 1.0, 3.0, 3.0, 0.0, -1.0, 1.0, 0.0, 2.0, 0.0, 1.0, 2.0, 3.0, 3.0, 2.0, 3.0, -1.0, 0.0, -1.0, 3.0, 0.0, 95923.0, 536.0, 99487.0
0.0, 2.0, 2.0, 1.56120985687, 3.0, 1.0, 1.0, -1.0, -1.0, 1.0, -1.0, 3.0, -0.307753736701, 1.0, 2.0, 1.0, 2.0, 2.0, 3.0, 0.0, 2.0, -1.0, -1.0, 0.0, -1.0, 1.0, -1.0, 0.0, 0.71618582689, 1.0, 1.0, 3.0, 3.0, 0.0, -1.0, 1.0, 0.0, 2.0, 0.0, 2.40409090306, 1.0, 3.0, 3.0, 2.0, 3.0, -1.0, 0.0, -1.0, 3.0, 0.0, 95866.0, 552.0, 99471.0
0.0, 2.0, 2.0, 0.0, 3.0, 1.0, 1.0, -1.0, -1.0, 1.0, -1.0, 3.0, 2.0, 1.0, 2.0, 1.0, 2.0, 2.0, 1.22156408405, 1.78470232847, 2.0, -1.0, -1.0, 0.0, -1.0, 1.0, 2.45505084916, 0.0, -0.34040993677, 1.0, 1.0, 3.0, 3.0, 0.0, -1.0, 1.0, 0.0, 2.0, 0.0, 1.0, 2.0, 3.0, 2.92689929271, 2.0, 3.0, -1.0, 0.0, -1.0, -0.276852810977, 0.0, 95678.0, 567.0, 99461.0
