1.0, 2.0, 1.35323506207, 2.15452608743, 0.0, 0.0, -0.444933117931, -1.0, 2.0, -0.121495379982, 0.0, 1.0, 1.92285114617, 0.0632010675098, -1.0, -1.0, 1.0, 3.0, 3.0, 2.73198131504, 1.85956372293, 2.0, -0.417447208038, 1.0, 3.0, 0.376267871067, 0.538770812906, 0.292194311811, 0.0, 3.0, 1.0, -1.0, 0.190943018084, 0.0, 0.272685904808, 0.0, 3.0, 2.0, 1.0, 2.5793688579, 1.0, 2.0, -1.0, -0.209131552139, 0.0, -0.737168951199, -1.0, 2.35261523952, -0.742607600634, -0.637798321945, 96407.0, 581.0, 99494.0
-0.692699770025, -1.0, 1.0, -1.0, 0.0, 1.0, 0.325717631629, -1.0, -1.0, 0.0, -1.0, -0.909307894906, -1.0, -0.340033282939, -1.0, 2.0, 0.0, 1.0, 2.77511520312, -1.0, 1.0, -0.629313616691, 2.0, 3.0, -1.0, 2.0, 1.0, 0.0, 2.0, 1.7974169369, 1.0, 1.0, 3.0, 2.36796048534, 3.0, 1.0, 2.16898568641, -0.62415728532, 0.0, 3.0, 3.0, 3.0, 1.67795189405, -1.0, 2.0, 2.0, -0.722846418089, 2.0, 1.10660481021, 0.573990993606, 97167.0, 474.0, 99562.0
-1.0, 0.284988581436, 1.0, 0.943718615353, 0.175038368051, 0.0, 1.17579811954, -1.0, 2.71230725078, 2.95228148145, 0.0, 1.0, 0.0, 0.0, 0.162364070628, -1.0, 0.0, -1.0, -0.310227859706, 0.0, 2.45094145916, -1.0, 1.0, 1.0, -1.0, 2.0, 0.134124342916, -0.877426316492, 3.0, -0.794882049978, 1.74045581928, 2.0, 2.52904816317, -0.273860309085, -1.0, 0.606729939094, 2.0, 0.00179682121786, -1.0, 0.180184969328, -0.835963907669, -0.875767037955, 3.0, 0.835990762833, 2.2823386739, -0.97085763558, -1.0, -0.53334119283, 1.0, -1.0, 97089.0, 467.0, 99599.0
-1.0, 2.52043429195, 0.239134440808, 2.4116459234, -0.665145039249, -0.281371731021, 1.17579811954, 0.192438981754, 1.0, 0.0, 0.0, -0.489722095155, -0.252415520036, 1.0, -1.0, -0.720172439984, -0.761812378963, 2.0, 2.6847133355, 1.88871632253, 1.60101305901, -0.212299640797, 0.0, 0.127165548478, -1.0, 0.853302649866, 2.0, 0.790614244315, 2.4074805328, 1.0, 2.0, -1.0, -0.62976510233, 1.0, 2.0, -0.280695573973, 3.0, 0.00179682121786, 1.09567489828, 0.0, 3.0, 2.00875200031, 1.29514591297, 0.381559406145, 3.0, -0.92731844555, -1.0, 0.0, 1.0, 1.0, 96507.0, 558.0, 99506.0
-0.77965059471, -0.199392364004, 1.0, -1.0, 0.0, 1.0, -0.806149243575, -1.0, -1.0, 0.0, -0.652749756178, -0.909307894906, -1.0, -0.340033282939, -1.0, 2.0, 1.18450768757, 1.0, 2.77511520312, -1.0, 1.88738432982, -0.629313616691, -0.947219617824, 3.0, -1.0, 0.11195957201, 0.01357579225, 0.0, 0.504291154935, -0.606785109873, 0.233391149036, 1.0, 3.0, 2.36796048534, 3.0, -0.724257314052, 2.16898568641, -0.62415728532, 0.0, 3.0, 3.0, 3.0, 1.67795189405, -1.0, 1.0, 2.0, -0.722846418089, 2.0, 1.0, 0.573990993606, 97272.0, 438.0, 99600.0
1.0, 2.0, 1.0, 2.0, 0.0, 0.0, -0.166422225716, -1.0, -0.977335718543, 2.0, -0.887134635837, 1.0, 2.0, 0.0, 3.0, -1.0, -0.85056063176, -1.0, -1.0, 0.740086723154, 2.36938657745, -0.966900315665, 0.0334878215008, 2.71696390403, -1.0, 0.520656998821, 0.0, 0.0, 3.0, -1.0, 2.01289633443, 2.10808947715, -0.62976510233, 1.90031628805, -1.0, -0.74200414232, 2.04160127195, 1.03768664707, 1.23838635826, 1.0, 0.0, -1.0, 3.0, 1.57502798849, 1.39195800109, -0.558374957641, -1.0, 1.48764729404, 0.872458358409, -1.0, 97128.0, 454.0, 99596.0
-1.0, 1.0, -0.308023609761, -0.20328021662, 0.0, 1.0, 0.0, -0.888606862193, 1.0, 2.0, -1.0, -1.0, -0.983183443262, 0.0, 2.83637992609, -0.922720550914, 2.0, 2.33566763499, 2.0, 1.22308673384, -1.0, 0.519102137453, 0.0, 0.0, 3.0, -1.0, 1.94357361558, -0.24253210612, -0.253489292478, 0.0, -1.0, 1.0, 3.0, 0.0, -1.0, -1.0, 0.0, 1.36661798875, -1.0, 3.0, 0.0, -1.0, 1.0, -1.0, 2.0, -1.0, -1.0, -1.0, 1.0, -1.0, 97232.0, 427.0, 99632.0
-0.948217852535, 0.177800679499, -0.748125671997, -0.20328021662, 0.0, 1.0, 0.0, -0.888606862193, 1.0, 2.0, -1.0, -1.0, -0.983183443262, 0.0, 2.83637992609, -0.922720550914, 1.82233943301, -1.0, 2.0, 3.0, -1.0, 0.519102137453, -0.249771856615, 0.0, 3.0, -1.0, -0.853278426527, -0.322372598517, -0.253489292478, 0.0, -1.0, 0.92346657436, 3.0, 0.0, -1.0, -1.0, 0.0, 1.36661798875, 1.23967656303, 3.0, -0.494369879238, -1.0, 1.0, -1.0, 2.0, -1.0, -1.0, -1.0, 1.0, -1.0, 97362.0, 410.0, 99649.0
2.67445951886, -0.194524876715, -0.32501298652, -0.429508590188, 2.0, -0.207830251809, 1.0, -1.0, 1.0, 1.0, -1.0, 1.0, -0.863615262801, 3.0, -1.0, 3.0, 1.0, -0.336774923522, 2.8628856339, 1.26702922943, 0.108067688419, 1.0, -0.303897630702, -1.0, 2.0, 1.0, 2.17371941489, 3.0, 1.71500384274, 3.0, 0.926418859074, 0.0, 0.211334643428, 0.0, 1.89567867088, -1.0, 0.0, -0.862378103904, 2.26046427913, 0.424573458526, 2.38048429, 0.70438843742, -0.282014924213, 3.0, 1.24440653112, 1.50350305309, 0.877533095731, -0.21493358498, 1.0, 0.811569577627, 96414.0, 608.0, 99464.0
1.0, 2.0, 1.35323506207, 2.15452608743, 0.0, -0.564292712817, -0.444933117931, -1.0, 2.0, -0.121495379982, 0.0, 1.0, 1.92285114617, 0.434091419427, -1.0, 2.32556529801, 0.348279458407, 1.01300060412, 3.0, 2.73198131504, 1.85956372293, 2.0, -0.417447208038, 1.0, -0.486964490767, 0.376267871067, 0.538770812906, 0.292194311811, -1.0, 3.0, 1.0, -1.0, 0.190943018084, 0.0, -0.279856193315, 0.0, 3.0, 2.0, 0.0, 2.5793688579, 1.0, 0.34609459331, -1.0, -0.209131552139, 0.0, -1.0, -1.0, 0.770705781445, -0.742607600634, -0.637798321945, 96366.0, 570.0, 99504.0
-0.692601562731, 2.0, 3.0, -0.146736296322, 0.0, 0.0, 3.0, -1.0, 2.0, 0.0, -0.047459886204, 2.0, 3.0, 0.0, -1.0, 1.3704269652, 1.0, 3.0, 3.0, 3.0, 0.0, 2.22354842182, 0.334810838964, 1.0, 3.0, 0.11195957201, 1.0, 1.05979972907, 0.0, 3.0, 1.0, -1.0, 2.35760183156, 2.78649571482, 0.0, 0.0, 3.0, 2.0, 1.0, 1.0, 1.0, 2.0, -1.0, 2.0, -0.292223242542, 1.0, 2.77272884983, 3.0, 1.0, -1.0, 96430.0, 625.0, 99452.0
-0.947527120721, 1.20575666077, -1.0, 2.58315007405, 1.0, -1.0, -1.0, 0.817905095333, -1.0, 2.0, -0.00877829979652, 3.0, -1.0, 0.181871787974, -1.0, 2.0, -1.0, -0.364745489993, 3.0, 2.13384997561, 0.317467608124, -1.0, 1.15727998572, 1.0, 2.10795916871, 0.0, 0.0, 0.0424085168025, -1.0, 1.35385343306, 1.20851435612, -0.68112150532, -1.0, 0.0, -0.889531754042, -1.0, 0.279432783671, -0.210927983378, 0.0, 2.0, 1.0, -1.0, -0.945135389738, 0.0, 0.0, -1.0, 0.0, 1.0, -1.0, -1.0, 96994.0, 453.0, 99602.0
-0.77965059471, -0.199392364004, 1.0, -1.0, -1.0, 1.0, -0.806149243575, -1.0, -1.0, 0.0, -0.652749756178, -0.909307894906, -1.0, -0.340033282939, -1.0, 2.0, 1.18450768757, 1.0, 2.77511520312, -1.0, 1.88738432982, -0.629313616691, -0.947219617824, 3.0, -1.0, -0.161012082261, 0.01357579225, 0.0, 0.504291154935, -0.606785109873, 0.233391149036, 1.0, 3.0, 2.36796048534, 3.0, -0.724257314052, 2.16898568641, -0.62415728532, -0.507169695552, 3.0, 0.76665055186, 3.0, 1.67795189405, -1.0, 1.0, 1.0, -0.722846418089, 2.0, 1.0, 0.16233234204, 97500.0, 403.0, 99633.0
-1.0, 2.76272028637, 0.239134440808, 0.287394560939, 3.0, 0.708747210565, 0.167565303862, 0.0947298775931, 0.0920916557408, -0.484555133524, 0.0, -0.525551577371, 0.39544652022, 1.0, -0.993036681741, -0.500433167508, 2.17851773098, 2.15555794306, 1.10264051952, 1.88871632253, 1.60101305901, -0.212299640797, 0.0, 0.127165548478, -1.0, 1.00891349705, 2.0, 0.790614244315, 2.4074805328, 1.0, 0.275742520614, -1.0, -0.62976510233, -0.547089720158, 1.60702213305, -0.280695573973, 1.88207583585, 0.305783502945, -0.86089492303, 0.0, 3.0, 2.00875200031, 0.0, 3.0, 3.0, -1.0, -1.0, 0.0, 0.30564989566, 1.21383227371, 96559.0, 542.0, 99528.0
1.0, 0.284988581436, 0.0, -1.0, 2.58328423416, 0.0, 0.266635109995, 0.387139788944, 1.48069229082, 3.0, 0.0, 0.501938195684, -0.889646550199, 1.04530946905, -0.351182299607, -1.0, -1.0, -0.259294849787, 2.0, 2.90900626942, 0.755626857007, -1.0, 0.38802631037, 2.4300167323, -1.0, 2.0, -0.0987154286855, 3.0, 0.270407308824, 0.0, 0.0491981318758, 2.84061319346, 3.0, 2.0, 0.239706501073, 1.0, 0.0, -0.594023372944, 1.0, -0.190402285998, 0.0, 1.0, 1.68348340785, 0.205226414903, -0.472148584721, 2.0, -1.0, -0.447122060313, -0.71468247341, 0.029000428123, 96184.0, 588.0, 99495.0
-0.692699770025, -1.0, 1.0, -1.0, 0.0, -0.645354735208, 0.325717631629, -1.0, -1.0, 0.0, -0.199702010113, -0.909307894906, -1.0, -0.340033282939, -0.899630469255, 2.92293353597, 0.0, 1.0, 2.77511520312, -1.0, 1.0, -0.629313616691, 2.0, 3.0, -1.0, 2.13760671948, 1.0, 0.0, 2.0, 1.7974169369, 1.0, 1.0, 0.480145312197, 2.36796048534, -1.0, 1.0, 1.20894170499, -0.62415728532, 0.0, 3.0, 0.109257679264, 3.0, 1.67795189405, -1.0, 2.0, 2.0, -0.722846418089, 2.0, 1.10660481021, 1.69290341123, 97098.0, 470.0, 99574.0
-0.846515456505, 1.0, -0.0184265811184, 0.896478940282, -0.778761848256, 1.0, -0.417003741248, -0.888606862193, 1.0, -0.656558519196, -1.0, -1.0, -0.522398532025, 0.0, 2.9994573362, -0.922720550914, 1.82233943301, -1.0, 2.64480964325, 3.0, -1.0, -0.941005666861, -0.249771856615, -0.968099759037, 3.0, -1.0, 0.792278392502, -0.322372598517, -0.253489292478, 1.96262961, -1.0, 1.8967569957, 0.773804503794, 0.0, -1.0, 0.511300057043, 0.0, 1.36661798875, -1.0, 3.0, 2.12503391987, -1.0, 1.0, -1.0, 2.7449383864, -0.685804923801, -1.0, -1.0, 1.11364882238, -1.0, 97681.0, 373.0, 99678.0
0.0620118379048, -0.194524876715, -0.32501298652, -1.0, 2.4846126894, -0.207830251809, 1.0, -1.0, 0.501985097631, 0.612655615417, -1.0, 1.0, -0.863615262801, 3.0, -1.0, 3.0, 1.0, 2.31285236829, 2.8628856339, 2.92844385542, 0.0210469181341, 1.0, 0.0, -1.0, 2.0, 1.0, 2.65029066942, 1.86680490501, 1.71500384274, 3.0, 1.28434013318, 1.37034032828, 0.750165746606, 0.0, 1.17212417421, -1.0, 0.0, -1.0, 0.397636374099, 2.51394464917, 2.38048429, -1.0, 0.0, 1.82928219549, 2.0, 1.50350305309, 0.877533095731, -0.21493358498, 1.0, 0.0, 96575.0, 571.0, 99486.0
-0.692699770025, -1.0, -0.216534312351, -1.0, 0.0, 1.11801770019, 0.325717631629, -1.0, -1.0, 0.0, 0.98168576792, 2.0, -1.0, -0.340033282939, -1.0, 2.0, 0.0, 1.0, 2.77511520312, -1.0, 1.0, -0.629313616691, 2.0, 3.0, -1.0, 1.8021793734, 1.0, 0.0, 2.0, 1.7974169369, 0.687357717259, 1.0, 2.75308560165, 2.36796048534, 3.0, 1.0, 2.16898568641, -0.62415728532, 0.0, 3.0, 3.0, 3.0, 1.67795189405, -1.0, 2.0, 0.126510068079, -0.722846418089, 2.0, 1.10660481021, 0.573990993606, 96948.0, 506.0, 99540.0
-1.0, 0.206792168836, 2.0, -1.0, 0.161981042974, 0.0, -0.474896031964, 3.0, -1.0, 0.0164976282832, -1.0, -1.0, 1.50076902715, 0.0, 2.21213029389, 0.0, 2.0, -1.0, 2.0, 3.0, 0.573155075308, 1.0, 0.0, 0.0, 3.0, -1.0, -0.994067552151, 0.0, 0.0, -0.661565936492, -0.478978514487, 1.0, 3.0, 0.0, -0.339296313125, -1.0, 0.166961254704, 1.0, -1.0, 2.84673717267, 1.0217199151, -1.0, 1.0, -1.0, 2.0, 0.363787926774, -1.0, -0.848152027013, -0.930800542226, -0.770916512652, 97027.0, 448.0, 99621.0
1.0, 2.0, 1.35323506207, 2.15452608743, 0.0, 0.0, -0.444933117931, -1.0, 2.0, -0.121495379982, 0.0, 1.0, 1.36595770805, 0.0632010675098, -1.0, 2.32556529801, 0.348279458407, 1.01300060412, 3.0, 2.73198131504, 1.85956372293, 1.32261182525, -0.417447208038, 1.0, 3.0, 0.376267871067, 0.538770812906, 0.292194311811, 0.0, 3.0, 1.0, -1.0, 0.190943018084, 0.0, -0.279856193315, 0.0, 3.0, 2.0, 1.0, 2.5793688579, 1.0, 2.6366069779, -1.0, -0.209131552139, 0.0, -0.737168951199, 0.619204457555, 2.35261523952, -0.742607600634, -0.637798321945, 96222.0, 616.0, 99468.0
-1.0, 1.0419753311, 0.239134440808, 1.0, 3.0, -0.0324254232602, 1.17579811954, 0.192438981754, 0.735652656853, 0.0, 0.0, -0.909307894906, -0.252415520036, 1.0, -1.0, -0.60024012198, 2.0, 2.0, 1.46376752044, 1.88871632253, 1.60101305901, -0.634767982273, 0.132961614055, 0.127165548478, -1.0, 0.853302649866, -0.819103679348, 0.790614244315, 0.217291281983, 0.46281251939, 2.0, -1.0, -0.62976510233, -0.329317808774, 2.0, -0.626359943445, 3.0, 1.15675599745, -0.613338506501, 0.0, 3.0, 2.00875200031, -0.0946621242034, 3.0, 3.0, -1.0, -1.0, 0.0, -0.101408293747, 1.21383227371, 96744.0, 515.0, 99545.0
2.7239782257, -0.348270522396, -0.32501298652, -1.0, -0.63339535745, 1.98822331196, 1.0, -1.0, 1.0, 1.0, -1.0, 1.0, -0.863615262801, 0.0, -1.0, 2.71948403332, 1.58239453659, 2.71659322577, 2.8628856339, 1.26702922943, 0.0210469181341, 1.0, 0.0, -1.0, 2.0, 1.0, 2.17371941489, 0.914918571372, 1.71500384274, 1.28269316457, 1.0, 0.0, -0.530059057862, 0.0, -0.365738425529, -1.0, 0.0, -1.0, 2.26046427913, 0.498747909766, 1.94748602108, -0.490475873189, 0.0, 3.0, 2.0, 1.50350305309, 0.877533095731, -0.21493358498, 1.0, 0.0, 96485.0, 559.0, 99499.0
-1.0, -0.184052966355, 1.51369784612, -0.306908073152, 1.0, 0.0, 2.18471203216, -1.0, 2.0, 0.0, 1.35699020758, 3.0, -1.0, 2.0, 1.0, 0.0, -0.797120733501, -1.0, -1.0, -1.0, 0.0, -1.0, 0.0, 1.29405824306, -1.0, 2.0, 2.0, 2.0, 0.93263223157, -1.0, 0.454082831865, -1.0, -0.955602950468, 0.0, -0.291640197364, 1.0, 2.15578684847, 2.69679451467, 2.83703321083, 2.0, 0.0, 3.0, 2.04297786092, 0.0, 3.0, 3.0, -1.0, 1.0, 2.06512495124, -1.0, 96772.0, 512.0, 99535.0
-1.0, 2.52043429195, 0.239134440808, 2.4116459234, -0.665145039249, -0.281371731021, 0.68283196943, 0.192438981754, 1.0, 0.0, 0.0, -0.489722095155, -0.252415520036, 1.0, -1.0, -0.720172439984, -0.761812378963, 2.0, 0.922771698379, 1.88871632253, 1.60101305901, 0.257814391131, 0.0, 0.127165548478, -1.0, 0.853302649866, 2.0, 0.790614244315, 2.4074805328, 1.0, 2.0, -1.0, -0.62976510233, 1.0, 2.0, -0.558760526246, 3.0, 0.00179682121786, 1.09567489828, 0.0, 3.0, 2.00875200031, -0.82118944215, 0.381559406145, 3.0, -0.92731844555, -1.0, 0.0, 1.0, 1.0, 96632.0, 532.0, 99525.0
-1.0, 1.95960624155, -0.308023609761, -0.20328021662, 0.0, 1.0, 0.670840627801, -0.888606862193, 1.0, 0.897788837077, -1.0, -1.0, -0.983183443262, 0.0, 2.83637992609, -0.922720550914, 2.0, 2.33566763499, 2.0, 1.22308673384, -1.0, 0.519102137453, 0.0, 0.0, 3.0, -1.0, 1.94357361558, -0.24253210612, -0.253489292478, 0.0, -1.0, 1.0, 3.0, 0.0, -1.0, -1.0, 0.0, 1.36661798875, -1.0, 3.0, 0.192145108182, -1.0, 1.0, -0.443418498743, 2.0, -1.0, -1.0, -1.0, 1.0, -1.0, 97110.0, 445.0, 99615.0
-1.0, 2.52043429195, 0.239134440808, 1.0, -0.875747710989, 0.448762942183, -0.265658996579, 0.192438981754, 1.0, 0.0579219976878, 0.0, 1.0, -0.252415520036, -0.47973365422, -1.0, 0.23821330352, 2.0, 2.0, 1.0, 1.88871632253, 1.10257250334, -0.212299640797, 0.180276264723, 0.127165548478, -1.0, 1.36544882003, 2.0, 0.936474333126, 2.4074805328, -0.719480784045, 2.0, -1.0, -0.25768849604, 1.0, 2.0, -0.799503007968, 3.0, 0.00179682121786, 2.73525082421, 0.0, 3.0, 2.00875200031, 0.0, 3.0, 1.44819701379, -1.0, -1.0, 0.53665804325, 1.0, 1.21383227371, 96452.0, 571.0, 99496.0
2.67445951886, -0.194524876715, 2.05408008733, -1.0, 2.0, 0.883064513911, 1.0, 1.36971464682, 2.0, 1.0, -0.0451198259555, 1.0, -0.938773184637, 3.0, -1.0, 3.0, 1.0, 2.71659322577, 2.8628856339, 1.29270653997, 0.749836725214, 1.0, 0.0, -1.0, 0.497515161108, 0.0487148024812, 2.0, 3.0, 0.0, 3.0, 1.0, 0.0, -0.297376062726, 0.0, 1.01373058028, -1.0, 0.0, -1.0, 2.44010941595, 2.0, 2.38048429, -1.0, 0.0, 3.0, 2.0, 1.0, 2.73403419797, -1.0, 2.11052515238, 0.0, 96683.0, 589.0, 99482.0
-1.0, 1.0, -0.748125671997, -0.20328021662, -0.539519467455, -0.233444851404, 0.0, -0.888606862193, -0.403136270508, 2.0, -1.0, -1.0, -0.997374885662, 0.0, 2.83637992609, -0.922720550914, 1.82233943301, -1.0, 2.0, 3.0, -1.0, 0.519102137453, 1.2952555082, 2.12822294184, 3.0, -1.0, 0.792278392502, -0.322372598517, -0.652527705283, 0.687304148864, -1.0, 1.0, -0.0701060155053, 1.76363072234, -0.349029206372, -1.0, -0.481592138859, 1.36661798875, 0.7985142244, 3.0, -0.494369879238, -1.0, 1.0, -1.0, 2.0, -0.529401067803, -1.0, 0.322635808484, 1.0, -1.0, 97309.0, 416.0, 99634.0
1.0, 2.0, 1.35323506207, 1.54665492084, 0.0, 0.0, 2.84267479914, 0.92508966422, 0.0, -0.121495379982, 0.0, 1.0, 1.92285114617, 0.0632010675098, -1.0, -1.0, 1.0, 3.0, 3.0, 1.92189332082, 1.85956372293, 2.0, -0.417447208038, 1.0, 3.0, 0.376267871067, 1.14239402332, -0.206924644553, 0.0, 3.0, 1.0, -1.0, 0.190943018084, 0.0, 0.272685904808, 0.0, 3.0, 2.0, 1.0, 2.5793688579, 2.75774961851, 2.0, -1.0, 0.00426654334059, 0.0, 1.05590008031, -1.0, 2.35261523952, 0.213747285947, -0.637798321945, 96185.0, 628.0, 99458.0
-0.947527120721, 1.20575666077, -1.0, 2.58315007405, 1.0, -1.0, -1.0, 1.66676667219, -1.0, 2.0, 1.0, 3.0, 3.0, 0.181871787974, -1.0, 2.0, -1.0, -0.364745489993, 3.0, 2.13384997561, 0.317467608124, -1.0, 1.15727998572, 1.0, 1.8687185617, 0.0, -0.307753052111, 0.0424085168025, -1.0, 1.35385343306, 1.03876775104, 2.00316129665, -1.0, 0.0, 1.96052032179, -1.0, 0.279432783671, -0.210927983378, 0.0, 2.0, 1.0, -1.0, -0.945135389738, 0.0, 0.0, -1.0, 0.0, 1.0, 0.671614584083, 1.0, 96798.0, 510.0, 99560.0
-0.77965059471, -0.199392364004, 1.0, -1.0, 0.0, 0.0966251340809, -0.806149243575, -1.0, -1.0, 0.0, -0.652749756178, -0.909307894906, -1.0, -0.340033282939, -1.0, 2.0, 1.18450768757, 1.0, 2.77511520312, -1.0, 1.88738432982, -0.629313616691, -0.947219617824, 3.0, 1.94220130682, 0.11195957201, 0.01357579225, 0.0, 0.504291154935, -0.606785109873, 1.25605255604, 1.0, 2.97021033084, 2.36796048534, 3.0, -0.724257314052, 2.16898568641, -0.62415728532, 0.0, 3.0, 3.0, -0.808143002188, 1.67795189405, -1.0, 1.0, 2.0, -0.722846418089, 0.109797933792, 1.0, 0.573990993606, 97220.0, 433.0, 99602.0
2.67445951886, -0.194524876715, -0.32501298652, -1.0, 2.0, 0.0, 1.0, -1.0, 1.0, 1.0, -1.0, 1.0, -0.863615262801, 3.0, -1.0, 3.0, 1.0, 2.321282227, 2.8628856339, 2.17454818175, 0.0210469181341, 1.61964642448, 0.106274323039, -1.0, 2.0, 1.0, 2.17371941489, 3.0, 0.0, 3.0, 1.96516698068, -0.527176424117, -0.297376062726, 0.0, 2.0, -1.0, -0.492408311149, 1.42113846658, 2.26046427913, 2.51394464917, 2.38048429, -1.0, 0.0, 3.0, 2.0, 1.50350305309, 0.877533095731, -0.866395515349, 1.0, -1.0, 96906.0, 542.0, 99507.0
0.874675571225, 2.99310141174, -0.928993922089, -1.0, -1.0, 2.3792179922, 0.68283196943, -1.0, 1.09927124782, 2.0, 2.0, 2.51912682298, -1.0, -1.0, -1.0, -1.0, -1.0, 1.0, 1.0, -1.0, 0.174923753658, 0.257814391131, 0.0, 2.2751662836, -1.0, 0.0, 2.37044218517, -1.0, -0.410244800575, 0.0, 0.0, 1.40455740191, 2.0, 1.11899342516, 1.8916676056, 1.0, -0.0995832774042, 1.0, 1.51388302391, 0.0, 2.54195984927, -1.0, -0.974416259947, 0.157540775616, 1.3059333361, 1.0, -1.0, 1.0, 3.0, -0.756720813127, 97046.0, 477.0, 99570.0
-0.676193068264, 0.0, 2.25014564246, -1.0, -1.0, 0.266529298351, -0.166422225716, -1.0, 1.48774878112, 0.677660128973, -1.0, -1.0, -0.786850495481, -0.340033282939, -1.0, -1.0, 2.27543906501, 0.587846177486, -1.0, 1.54520685245, 3.0, 1.0, 2.0, -0.855814340089, 1.38181528795, 2.31315795151, 2.50860740257, 1.05979972907, 2.78628742176, 0.0, 0.0, -1.0, -0.62976510233, 1.0, 0.263886483904, 1.2815077425, 2.16898568641, 2.0, 1.09567489828, 2.0, 1.30198691186, -1.0, 2.0, 0.0506570319962, -0.505344113068, 3.0, 3.0, 2.03703492607, 3.0, 1.76131313826, 97073.0, 477.0, 99554.0
-1.0, 1.0, -0.748125671997, -0.730334663373, 0.0, 1.0, 0.0, -0.888606862193, 1.0, -0.656558519196, -1.0, -1.0, -0.522398532025, 0.0, 2.92730494821, -0.922720550914, 2.47761804515, -1.0, 2.4289805798, 3.0, -1.0, -0.941005666861, -0.249771856615, 0.0, 3.0, -1.0, 0.792278392502, -0.322372598517, -0.253489292478, 0.0, -1.0, 1.8967569957, 3.0, 0.399251394633, -1.0, 0.360896735602, 0.0, 1.36661798875, -1.0, 1.7886615243, -0.421856578715, -1.0, 0.220326591004, -1.0, 2.7449383864, -0.685804923801, -1.0, -1.0, 1.0, -1.0, 97531.0, 373.0, 99680.0
-1.0, 2.0146663809, 1.75093268189, 1.0, 3.0, 0.0, 1.17579811954, 0.192438981754, 0.135356179775, 0.0, 0.0, 1.0, 3.0, 1.0, -1.0, -0.0935697496346, 2.0, 2.0, 1.0, 1.88871632253, 1.02532804874, -0.212299640797, 0.0, 0.127165548478, -0.143525753651, 0.853302649866, 2.28784811933, 0.790614244315, 2.71606221916, 0.936881110988, 2.0, 0.427981252485, -0.25768849604, 1.0, 2.0, -0.85362932128, 3.0, 0.00179682121786, 0.219743581874, 0.245061331077, 3.0, 1.72719742057, 0.0, 3.0, 3.0, -1.0, 2.77272884983, 0.53665804325, 1.0, 1.37719005317, 96248.0, 646.0, 99444.0
-0.953094684807, 2.0, 3.0, -0.146736296322, 0.0, -0.0324254232602, 3.0, 1.71286673045, 2.0, -0.395342258301, -0.047459886204, 2.0, -0.140598145817, 0.0, -1.0, 1.3704269652, 1.0, 3.0, 3.0, 3.0, 1.10257250334, 2.44680244981, 0.359379806784, 1.0, 3.0, 0.11195957201, 1.0, 2.34662444167, 0.0, 3.0, 1.0, -1.0, -0.241947501414, 0.0, -0.294811863323, 0.680123487439, 1.70323662999, 2.0, 1.0, 1.0, 1.0, 2.0, -0.555118670269, 2.80265684932, -0.447639956566, 1.67939865886, -1.0, 3.0, 1.0, 1.59043801492, 96334.0, 640.0, 99445.0
1.0, 0.284988581436, 0.0, -1.0, 2.58328423416, 0.0, 0.266635109995, 0.387139788944, 1.48069229082, 3.0, 0.0, 1.19711370098, -0.889646550199, 0.0416693062136, -0.351182299607, 2.49169776133, -1.0, -0.259294849787, 2.0, 2.90900626942, 0.755626857007, -1.0, 0.38802631037, 2.4300167323, -1.0, 2.0, -0.0987154286855, 3.0, 0.270407308824, 0.0, 0.0491981318758, 2.84061319346, 3.0, 2.0, 0.239706501073, 0.365491381721, 0.0, -0.594023372944, 2.81462532107, -0.190402285998, 0.0, 1.0, 1.68348340785, 0.205226414903, -0.472148584721, 2.0, -1.0, -0.447122060313, -0.71468247341, 0.029000428123, 96104.0, 607.0, 99479.0
1.0, 0.284988581436, 0.510739243324, 0.0453409920595, 1.0, 0.0, -0.400202572607, -1.0, 0.540928574837, 2.0, 0.0, -0.680376712849, -0.331204123402, 0.0, 2.27775662893, -1.0, -0.470255076629, -1.0, -0.695530681151, 0.0, 2.45094145916, -1.0, 1.92873857476, 1.0, 2.03740471088, 2.0, -0.184499584777, -0.877426316492, 3.0, 2.23308327817, 0.972490683662, 2.0, 0.620399656079, 0.341386726585, 1.40336138023, 0.0, 2.0, -1.0, -1.0, 0.180184969328, 1.52038847852, -0.875767037955, 0.235252261708, 0.835990762833, 2.0, -0.261934614294, -1.0, -0.173115242611, 0.627182239886, -1.0, 96574.0, 528.0, 99546.0
-1.0, 2.26215852691, -0.993860403254, -0.20328021662, -0.115930847975, 1.0, 0.0, -0.79657408374, 1.0, -0.931925596378, -1.0, -1.0, -0.983183443262, 1.32870044318, 2.83637992609, -0.922720550914, 2.03017356807, 2.33566763499, 2.91848075705, 3.0, -1.0, 0.519102137453, 0.0, 0.0, 3.0, 0.412899121602, -0.914448504122, -0.39715638748, -0.253489292478, 2.46643858779, -1.0, 2.576673588, -0.856588608645, 0.0, 0.881169831979, -1.0, 1.07529625309, 1.36661798875, -1.0, 3.0, 0.0, -1.0, 1.0, -1.0, 0.0, -1.0, -1.0, -1.0, 1.0, -1.0, 97535.0, 397.0, 99657.0
0.0620118379048, -0.194524876715, -0.32501298652, -1.0, 2.4846126894, -0.207830251809, 1.0, -1.0, 0.501985097631, 0.612655615417, -1.0, 1.0, -0.863615262801, 3.0, -1.0, 3.0, 1.0, 2.31285236829, 2.9228541633, 2.92844385542, 0.0210469181341, 1.0, 0.0, -1.0, 2.0, 1.0, 2.65029066942, 1.86680490501, 1.71500384274, 3.0, 1.28434013318, 1.37034032828, 0.750165746606, 0.0, 1.17212417421, -1.0, -0.00307863330079, -1.0, 0.397636374099, 2.51394464917, 2.38048429, -1.0, 0.0, 1.82928219549, 2.0, 1.50350305309, 0.877533095731, -0.83533909189, 1.0, 0.0, 96741.0, 552.0, 99504.0
1.0, 2.0, 1.35323506207, 2.15452608743, 0.0, 0.397129985101, -0.444933117931, -1.0, 2.0, -0.121495379982, 0.0, 1.0, 1.92285114617, 0.0632010675098, -1.0, -1.0, 1.0, 3.0, 3.0, 2.73198131504, 1.85956372293, 2.0, -0.417447208038, -0.15528096442, 3.0, 0.376267871067, 0.538770812906, 0.292194311811, 0.0, 3.0, 1.0, -1.0, 0.190943018084, 0.0, 0.272685904808, 0.0, 3.0, 2.0, 1.0, 2.5793688579, 0.61893683009, 1.49556028946, 2.03770872031, -0.209131552139, 0.0, -0.737168951199, -0.871543653867, 2.35261523952, -0.742607600634, -0.637798321945, 96329.0, 592.0, 99485.0
1.0, 2.0, 1.35323506207, 2.15452608743, 0.0, 0.0, -0.444933117931, -1.0, 2.0, -0.121495379982, 0.0, 1.0, 1.11284819695, 0.0632010675098, -1.0, 2.45238575748, 0.348279458407, 1.01300060412, 3.0, 2.73198131504, 1.85956372293, 2.0, -0.417447208038, 1.0, 3.0, 0.376267871067, 0.538770812906, 0.292194311811, 0.0, 3.0, 1.0, -1.0, 0.190943018084, 0.0, -0.279856193315, 0.0, 3.0, 2.0, 1.0, 2.76904024056, 1.0, 2.0, -1.0, -0.209131552139, 0.0, -0.737168951199, -1.0, 2.35261523952, -0.742607600634, -0.637798321945, 96275.0, 600.0, 99478.0
-1.0, 2.0, -0.32501298652, 2.02169788471, 2.64881721396, -0.71333012947, 1.0, -1.0, 2.24220974954, 0.67509071653, 0.680946995702, -0.0500590052631, 2.0, 0.0269440186684, 3.0, -1.0, 0.554816935698, 1.44661462079, -1.0, -0.923458395109, 3.0, -1.0, 1.0, -0.259567064569, -0.598014925673, 0.716233191363, 0.0, -1.0, 3.0, -1.0, -0.20619596108, 2.78880187256, 0.0, 2.05665934612, 1.24711181067, 0.0, 0.76739807821, -1.0, 1.0, 1.0, 0.197849927468, -1.0, 3.0, 0.205226414903, 2.0, 0.0, -1.0, 0.0, 1.0, -1.0, 96839.0, 497.0, 99559.0
1.36043146287, 2.0, 3.0, -1.0, 0.0, 0.0, 3.0, -1.0, 1.92728228629, 3.0, 0.0, 2.0, 3.0, 0.0, -1.0, -1.0, 1.0, 2.05865762041, 3.0, 3.0, -0.329248733981, 1.69605723698, -0.168565073682, 1.0, 3.0, 1.0, 0.0657461632034, 1.29453405749, 2.0, 1.74630437066, 1.0, -1.0, 0.67057250982, 0.0, -0.419632494652, 0.0, 0.0, 2.0, 1.7200121053, 0.379621288834, 1.0, 2.0, -1.0, 1.27173372133, 1.74974196789, 1.0, 2.0, 3.0, -0.162931071879, -1.0, 96470.0, 607.0, 99469.0
-0.953094684807, 2.0, 3.0, -0.146736296322, 0.0, 0.0, -0.0415346349888, 2.81803446459, 2.0, 0.599710119355, -0.047459886204, 2.0, 3.0, 0.0, -1.0, 1.3704269652, 1.0, 3.0, 3.0, 3.0, 1.10257250334, 2.44680244981, 0.359379806784, 1.0, 3.0, 0.11195957201, 1.0, 1.15771686691, 0.0, 3.0, 1.0, -1.0, -0.241947501414, 0.0, -0.294811863323, 0.0, 3.0, 2.0, 1.0, 1.0, 1.0, -1.0, -1.0, 2.0, 0.0, 1.0, -1.0, 3.0, 1.0, -1.0, 96343.0, 609.0, 99463.0
-0.77965059471, -0.199392364004, 1.0, -1.0, -0.220321745337, 1.0, -0.806149243575, -1.0, -1.0, 0.0, -0.652749756178, -0.909307894906, -1.0, -0.340033282939, -1.0, 2.0, 1.18450768757, 1.0, 2.77511520312, -1.0, 1.88738432982, -0.629313616691, -0.947219617824, 3.0, -1.0, 0.11195957201, 0.01357579225, 0.0, 0.504291154935, -0.606785109873, 1.25605255604, 1.0, 2.48766400457, 2.36796048534, 3.0, -0.724257314052, 2.16898568641, -0.62415728532, 0.0, 3.0, 3.0, -0.729581804425, 1.67795189405, -1.0, 1.0, 2.0, -0.722846418089, 0.109797933792, 1.0, 0.573990993606, 97265.0, 419.0, 99611.0
2.67445951886, -0.194524876715, -0.32501298652, -1.0, 1.53343712583, 0.0, 1.0, -1.0, 1.0, 1.0, -1.0, 1.0, -0.863615262801, 3.0, -1.0, 3.0, 1.0, 2.71659322577, 2.8628856339, 2.17454818175, 0.0210469181341, 1.61964642448, 0.0, -1.0, 2.0, 1.0, 2.17371941489, 3.0, 0.0, 3.0, 1.96516698068, 0.0, -0.297376062726, 0.0, 2.0, -1.0, -0.492408311149, -1.0, 2.26046427913, 2.51394464917, 2.38048429, -1.0, 0.0, 3.0, 2.0, 1.50350305309, 0.877533095731, -1.0, 1.0, -1.0, 96943.0, 540.0, 99511.0
2.67445951886, -0.194524876715, -0.32501298652, -1.0, 2.11616841456, 1.5673570227, 1.0, -1.0, 1.0, 2.03325184055, -1.0, 1.0, 0.484829111628, 3.0, -1.0, 3.0, 1.79813994362, 1.16088477235, 2.8628856339, 1.26702922943, 0.0210469181341, 1.0, -0.303897630702, -1.0, -0.00541735432359, 1.0, 2.54506504512, 3.0, 1.71500384274, 2.65128382573, 1.0, 0.0, -0.297376062726, 0.0, 1.89567867088, -1.0, 0.0, -1.0, 0.203389297858, 0.424573458526, 2.38048429, 0.70438843742, 2.15374402102, 3.0, 1.24440653112, 1.50350305309, 0.877533095731, -0.21493358498, 2.07191049858, 0.811569577627, 96549.0, 603.0, 99470.0
1.0, 2.0, 1.35323506207, 2.25028938286, 0.0, 0.0, 3.0, 0.172245091225, 2.0, 0.0, -0.047459886204, -0.478126603709, 1.92285114617, -0.159789747005, -1.0, -1.0, 1.0, 3.0, 3.0, 3.0, 0.0, 2.18243775391, -0.417447208038, 1.0, 3.0, 1.77359999321, 1.0, 2.0, 0.0, 0.203784133876, -0.188031160843, -0.478468344777, 0.201343567064, 0.0, -0.19184327389, 0.0, 0.129877319404, 2.0, 1.0, 2.70652673463, 1.0, 2.0, -1.0, 2.48782588377, 0.0, 0.831686161583, 2.14959091833, 2.42854779208, 0.619903126625, -0.637798321945, 96049.0, 656.0, 99442.0
1.0, 2.0, 1.35323506207, -0.712537504936, 0.0, -0.564292712817, -0.444933117931, 1.88778702606, 2.0, -0.121495379982, 0.0, 1.0, 1.92285114617, 0.434091419427, -1.0, 2.32556529801, 1.68876375294, 1.01300060412, 0.432014704594, 2.73198131504, 1.85956372293, 2.0, -0.417447208038, 1.0, -0.486964490767, 0.376267871067, 0.538770812906, 0.292194311811, -1.0, 3.0, 1.0, -1.0, -0.106255847844, 0.0, -0.279856193315, 0.0, 3.0, 2.0, 0.0, 2.5793688579, 1.0, 0.34609459331, -1.0, -0.209131552139, 0.0, -1.0, -1.0, 0.770705781445, -0.742607600634, -0.637798321945, 96316.0, 571.0, 99505.0
-0.573712004389, 0.0, 2.25014564246, -1.0, -1.0, 0.266529298351, -0.166422225716, -1.0, 1.48774878112, 0.677660128973, -1.0, -1.0, -0.786850495481, -0.340033282939, -1.0, -1.0, 2.36680450176, 2.0, -1.0, 1.54520685245, 3.0, 1.0, 2.0, -0.855814340089, 1.38181528795, 2.31315795151, 2.50860740257, 0.872666614313, 2.78628742176, 0.0, 0.0, -1.0, -0.936267311431, 1.0, 0.263886483904, 1.69129909652, 2.16898568641, 2.0, 1.09567489828, 1.32424283139, 1.30198691186, -1.0, 2.0, 0.0506570319962, 0.0, 3.0, 3.0, 2.03703492607, 3.0, 1.76131313826, 96974.0, 488.0, 99545.0
-0.77965059471, -0.199392364004, 1.0, -1.0, -1.0, 1.0, -0.806149243575, -1.0, -1.0, 0.0, -0.652749756178, -0.909307894906, -1.0, -0.340033282939, -1.0, 2.0, 1.18450768757, 1.0, 2.77511520312, 0.0103958279864, 1.88738432982, -0.629313616691, 0.688927479757, 3.0, -1.0, -0.161012082261, 0.01357579225, 0.0, 0.504291154935, -0.606785109873, 0.233391149036, 1.37457947911, 3.0, 2.36796048534, 3.0, 0.886312662645, 0.0, -0.62415728532, -0.507169695552, 3.0, 0.76665055186, 3.0, 2.97758663679, -1.0, 1.0, 1.0, -0.722846418089, 2.0, 1.0, 1.84442342405, 97197.0, 443.0, 99601.0
-0.953094684807, 2.0, 3.0, -0.146736296322, 0.0, 0.0, 3.0, -0.0420102747742, 2.0, -0.395342258301, -0.047459886204, 2.0, 3.0, 0.0, -1.0, 1.3704269652, 1.0, 3.0, 3.0, 1.64728989866, 1.10257250334, 2.44680244981, 0.359379806784, 1.0, 3.0, 0.11195957201, 1.0, 2.34662444167, 0.0, 3.0, 1.0, -1.0, -0.241947501414, 0.0, -0.294811863323, 0.680123487439, 3.0, 2.0, 1.0, 1.0, 1.0, 2.0, 0.57854550385, 0.858686620659, -0.447639956566, 1.67939865886, -1.0, 3.0, 1.0, 1.59043801492, 96215.0, 651.0, 99436.0
1.0, 0.284988581436, 0.510739243324, 0.0453409920595, 1.0, 0.0, 0.0, -1.0, 2.0, 2.0, 0.0, 1.0, -0.331204123402, 0.0, 3.0, -1.0, 0.0, -1.0, -0.695530681151, 0.0, 2.45094145916, -1.0, 1.92873857476, 1.0, 2.03740471088, 0.799443258156, -0.184499584777, -0.877426316492, 3.0, 2.23308327817, 0.0901250551543, 2.0, 0.620399656079, 0.341386726585, 1.40336138023, 0.0, 2.0, -1.0, -1.0, 0.180184969328, -0.214036907845, -0.875767037955, 0.235252261708, 0.835990762833, 2.0, -0.261934614294, -1.0, -0.173115242611, 0.627182239886, -1.0, 96454.0, 542.0, 99536.0
-0.846515456505, 1.0, -0.0184265811184, 0.896478940282, -0.778761848256, 1.0, -0.417003741248, -0.888606862193, 1.0, 0.0, -1.0, -1.0, -0.522398532025, 0.0, -0.899630469255, -0.922720550914, 1.82233943301, -1.0, 2.64480964325, 3.0, -1.0, -0.941005666861, -0.249771856615, -0.968099759037, 3.0, -1.0, 0.792278392502, -0.432786655439, -0.253489292478, 1.96262961, -1.0, 1.8967569957, 0.773804503794, -0.594161888096, -1.0, 0.511300057043, 0.0, 1.36661798875, -1.0, 3.0, 2.12503391987, -1.0, 1.0, -1.0, 2.7449383864, -0.685804923801, -1.0, -1.0, 1.11364882238, -1.0, 97647.0, 360.0, 99679.0
0.0620118379048, -0.194524876715, -0.32501298652, -1.0, 2.4846126894, -0.207830251809, 1.0, -1.0, 0.501985097631, 2.66633565069, -1.0, 1.0, -0.863615262801, 3.0, -1.0, 3.0, 1.0, 2.31285236829, 2.94139070263, 2.92844385542, 2.37080251173, 1.0, -0.993183978168, -1.0, 2.0, 1.0, 2.65029066942, 1.86680490501, 1.73874001584, 3.0, 0.0, 1.37034032828, 0.750165746606, 0.0, 1.17212417421, -1.0, 0.0, -1.0, 0.397636374099, 2.51394464917, 2.38048429, -1.0, 0.0, 1.82928219549, 2.0, 1.50350305309, 0.877533095731, -0.21493358498, -0.535508540455, 0.0, 96865.0, 551.0, 99511.0
-0.692699770025, 0.765084171477, -0.216534312351, -1.0, 0.0, 1.11801770019, 0.325717631629, -1.0, -1.0, 0.0, 0.98168576792, 2.0, -1.0, -0.340033282939, -1.0, 2.0, 0.0, 1.0, 2.77511520312, -1.0, 1.0, -0.629313616691, 2.0, 3.0, -1.0, 1.93447125551, 2.8648913338, 0.0, 2.0, 1.7974169369, 0.687357717259, 1.0, 2.99749588137, 2.36796048534, 3.0, 1.0, 2.16898568641, -0.62415728532, 0.0, 3.0, 3.0, 3.0, 1.67795189405, -1.0, 2.0, 0.126510068079, -0.722846418089, 2.0, 1.10660481021, 0.573990993606, 96881.0, 522.0, 99525.0
-1.0, 2.52043429195, 0.239134440808, 2.4116459234, -0.665145039249, -0.281371731021, 1.3518337281, -0.804129711569, 1.0, 0.0, 0.0, -0.584101518497, -0.252415520036, 1.0, -1.0, -0.720172439984, -0.761812378963, 2.0, 0.922771698379, 1.88871632253, 1.60101305901, 0.257814391131, 0.0, 0.127165548478, -1.0, 0.853302649866, 2.0, 0.790614244315, 2.4074805328, 1.0, 2.0, -1.0, -0.62976510233, 1.0, 2.0, -0.558760526246, 3.0, 0.00179682121786, 1.09567489828, 0.0, 3.0, 2.00875200031, -0.82118944215, 0.381559406145, 3.0, -0.92731844555, -1.0, 0.0, 1.0, 1.0, 96817.0, 499.0, 99545.0
-1.0, 2.52043429195, 0.239134440808, -1.0, 3.0, -0.151719124777, 1.17579811954, -1.0, 1.0, 0.0, 0.0, 1.0, -0.252415520036, 1.0, -1.0, -0.59309765686, 0.940507410749, 2.0, 1.0, 1.88871632253, 1.10257250334, -0.606017613066, 0.0, 0.127165548478, 1.75154711928, 0.853302649866, 2.0, 0.790614244315, 2.4074805328, 1.0, 2.0, -1.0, -0.25768849604, 0.0, 2.0, -0.280695573973, 3.0, 0.00179682121786, 2.42893170906, -0.88395849867, 3.0, 2.00875200031, 0.0, 3.0, 3.0, -1.0, -1.0, 0.53665804325, 1.0, 1.21383227371, 96716.0, 555.0, 99506.0
-0.573712004389, 0.0, 2.0, -1.0, -1.0, 0.266529298351, 0.358229351383, -0.0476254130596, 1.48774878112, 0.677660128973, -1.0, 1.18110182371, -0.786850495481, 0.819400745813, -1.0, 0.0, 0.342535739723, 2.77471208332, 1.14409881519, 0.937405263654, 3.0, 1.0, 2.0, 1.65337485188, -0.047125175759, 2.12037720345, -0.345237648781, 2.83267019452, 2.78628742176, 0.0, 1.61194010506, -1.0, -0.76798869987, 1.0, 3.0, 1.2815077425, 2.44300539716, 2.0, 1.09567489828, 2.0, 0.421655381613, -1.0, 0.585653727641, 0.0506570319962, 0.441012607846, 3.0, 3.0, 2.03703492607, 3.0, 1.0, 96597.0, 568.0, 99489.0
-1.0, 3.0, -0.731214148261, -1.0, -0.0476925772505, 2.46704534004, 0.752137774408, -1.0, 0.404707925591, 2.9802424513, 2.0, 1.0, -1.0, 2.22293693018, -1.0, 1.0, 1.32397358634, 1.94465813593, 2.0, 1.0, -1.0, 0.0, 0.0, 1.0, 3.0, 0.586497540379, 2.0, 1.60128939837, 0.144381550826, 1.0, 0.0, 1.0, 2.75308560165, 2.72719748657, -0.327886542077, 0.620316964961, 2.0, -1.0, 1.44330154901, 1.0, 0.24891106136, -0.233641731597, 2.05972231904, 1.0, 1.0, 2.20443085332, -1.0, -1.0, -0.498642380295, 1.0, 96688.0, 555.0, 99510.0
-1.0, 2.0146663809, 1.75093268189, 1.0, 3.0, 0.0, 1.17579811954, 0.192438981754, 0.135356179775, 0.0, 0.0, 1.0, 3.0, 1.0, -1.0, -0.0935697496346, 2.0, 2.0, 1.0, 1.88871632253, 1.02532804874, -0.212299640797, 0.0, 0.127165548478, -0.944069120463, 0.419631444171, 2.28784811933, 0.790614244315, 2.71606221916, 2.47795614557, 2.0, 0.427981252485, -0.25768849604, 0.298411292679, 2.0, -0.294665810689, 3.0, 0.00179682121786, 0.219743581874, 0.245061331077, 3.0, 1.72719742057, 1.35343727726, 3.0, 3.0, -1.0, 2.77272884983, 0.53665804325, 1.20172271008, 1.37719005317, 96189.0, 647.0, 99443.0
3.0, 2.0, 3.0, 1.0, 0.135158470807, 0.0, -0.0387785820898, -1.0, 1.0, 0.0, 0.0, 1.0, 0.0, -0.47973365422, -1.0, -0.358543688116, 2.0, 2.30900406599, 1.89106894773, 1.40242074493, 1.0, 0.742216474946, 0.0, 2.0, -1.0, 0.0, 0.445609679377, 2.44525097723, -0.858603672956, 3.0, 2.0, -1.0, 0.0, 1.0, 0.0980124895078, -1.0, 2.0, -1.0, -1.0, 0.0, 3.0, 1.90220030573, 0.0, 3.0, -0.924569658356, -1.0, -0.834285517805, 2.0, 0.213747285947, -1.0, 96662.0, 531.0, 99528.0
-0.692699770025, -0.199392364004, 1.0, -1.0, 0.0, 1.0, 0.325717631629, -1.0, -1.0, 0.651469795172, -0.767942557351, -0.909307894906, -1.0, -0.340033282939, -1.0, 2.0, 0.0, 1.0, 2.77511520312, -1.0, 1.88738432982, -0.629313616691, -0.947219617824, 3.0, -1.0, 2.0, -0.819103679348, 0.0, 2.0, 1.7974169369, 1.0, 1.0, 3.0, 2.36796048534, 3.0, -0.724257314052, 0.0, -0.62415728532, 0.0, 3.0, 3.0, 3.0, 1.67795189405, -1.0, 1.0, -0.685804923801, -0.722846418089, 2.0, 1.10660481021, 0.573990993606, 97315.0, 435.0, 99597.0
-0.77965059471, -0.199392364004, 1.0, -1.0, 0.0, 1.0, -0.806149243575, -1.0, -1.0, 0.0, -0.652749756178, -0.909307894906, -1.0, -0.340033282939, -1.0, 2.0, 1.18450768757, 1.0, 2.77511520312, -1.0, 1.88738432982, -0.629313616691, -0.947219617824, 3.0, -1.0, 0.11195957201, 0.149554605418, 0.0, 0.504291154935, -0.606785109873, 0.233391149036, 1.0, 3.0, 2.36796048534, 3.0, -0.724257314052, 2.16898568641, -0.62415728532, 0.0, 3.0, 3.0, 3.0, 2.31271332764, 1.96274661588, 1.0, 2.0, -0.722846418089, 2.0, 1.0, 0.573990993606, 97182.0, 456.0, 99583.0
1.0, 2.0, 1.0, 2.0, 0.0, 0.0, -0.166422225716, -1.0, -0.977335718543, 2.0, 0.738042338608, 1.0, 1.87497070709, 0.0, 0.281223446243, -0.956282985714, 2.0, -1.0, -1.0, 0.740086723154, 2.36938657745, -0.966900315665, 0.0334878215008, 2.71696390403, -1.0, 0.520656998821, 0.0, -0.24253210612, 3.0, -1.0, 2.01289633443, 2.10808947715, -0.62976510233, 1.90031628805, -1.0, -0.74200414232, 2.04160127195, 1.03768664707, 1.23838635826, 1.0, 0.0, -1.0, 3.0, 1.57502798849, 1.39195800109, -0.558374957641, -1.0, 1.48764729404, 0.0941602719083, -1.0, 96954.0, 483.0, 99577.0
-1.0, 1.0, -0.308023609761, -0.939230174652, 0.0, 1.0, 0.0, -0.888606862193, 1.0, 2.0, -1.0, -1.0, -0.983183443262, 0.0, 2.83637992609, -1.0, -0.85056063176, 1.84281355056, 2.0, 1.22308673384, -1.0, 0.519102137453, 0.0, -0.231449175733, 3.0, -1.0, 1.94357361558, 0.0, -0.253489292478, 0.0, -1.0, 0.455151067658, 1.32123755578, 0.0, -1.0, -0.642658588117, 0.0, 1.36661798875, -1.0, 3.0, 0.0, -1.0, 1.0, -1.0, 2.0, -1.0, -1.0, -1.0, 1.0, -1.0, 97312.0, 398.0, 99650.0
-0.953094684807, 2.0, 1.65183779862, -0.146736296322, 0.0, 0.0, 3.0, 1.71286673045, 2.0, -0.395342258301, -0.047459886204, 2.0, 3.0, 0.0, -1.0, 1.3704269652, 1.0, 3.0, 3.0, 3.0, 1.10257250334, 2.44680244981, 0.359379806784, 1.0, 3.0, 0.11195957201, 1.0, 2.34662444167, 0.0, 3.0, 1.0, -1.0, -0.241947501414, 0.0, -0.294811863323, 0.0, 3.0, 2.0, 1.0, 1.0, 1.0, -0.183592755052, -1.0, 2.0, 0.0, 1.0, -1.0, 3.0, 0.668420892382, -1.0, 96286.0, 628.0, 99452.0
1.82881324341, 2.0, 1.35323506207, 2.15452608743, 0.0, 0.0, 2.84267479914, -1.0, 0.0, -0.121495379982, 0.0, 1.0, 1.92285114617, 0.0632010675098, -1.0, -1.0, 1.0, 3.0, 3.0, 2.73198131504, 0.108067688419, 2.0, -0.417447208038, 1.0, 3.0, 0.376267871067, 1.14239402332, -0.206924644553, 1.03595980221, 3.0, 1.0, -1.0, 0.190943018084, 0.0, 0.272685904808, 0.0, 3.0, 2.0, 1.0, 1.5478326146, 2.75774961851, 2.0, -1.0, -0.209131552139, 0.0, 1.05590008031, -1.0, 2.35261523952, -0.742607600634, -0.637798321945, 96365.0, 599.0, 99480.0
-0.947527120721, 1.20575666077, -1.0, 2.58315007405, 1.0, -1.0, -1.0, 1.66676667219, -1.0, 2.0, 1.0, 3.0, 3.0, 0.181871787974, 0.437154914834, 2.0, -1.0, -0.364745489993, 0.771309583577, 2.13384997561, 0.317467608124, -1.0, 1.15727998572, -0.956447081243, 1.8687185617, 0.730942785283, -0.307753052111, 0.0424085168025, -1.0, 1.35385343306, 1.03876775104, -0.68112150532, -1.0, 0.0, -0.889531754042, -1.0, 0.279432783671, -0.210927983378, -0.478930805723, 2.0, 1.0, -1.0, -0.945135389738, 0.0, 0.0, -1.0, 0.0, 1.0, 0.671614584083, 1.0, 96876.0, 494.0, 99582.0
-0.692601562731, 2.0, 3.0, -1.0, 0.0, 0.123370227576, 3.0, 1.71286673045, 2.0, -0.395342258301, -0.047459886204, 2.0, -0.633168930591, 0.0, -1.0, 1.3704269652, 1.0, 3.0, 2.40387586307, 3.0, 0.0, 2.0, 1.0, 2.79679333756, 2.1934943726, 0.11195957201, 1.0, 2.0, 0.849154060078, 3.0, -0.145363761998, -1.0, 0.898712907629, 0.0, 0.0, 0.0, 0.189183164099, 2.0, 1.0, 1.0, 1.0, 2.0, -1.0, 2.0, 0.0, 1.0, 2.0, 3.0, 1.0, -1.0, 96304.0, 613.0, 99458.0
1.0, 2.0, 1.35323506207, 2.15452608743, 0.0, -0.443718952448, 3.0, 0.172245091225, 0.0, 0.0, 0.0, -0.478126603709, 0.475581359579, -0.159789747005, -1.0, 1.3704269652, 1.0, 3.0, 1.90780878038, 3.0, -0.818231376314, 2.7185343865, -0.799520303282, 1.0, 3.0, 0.376267871067, 1.0, 2.0, -0.295755499977, 0.203784133876, 1.0, -0.478468344777, -0.985315142375, 0.0, -0.19184327389, 0.0, 0.129877319404, 2.0, 1.23378191707, 0.761628615556, 1.0, 1.43165325575, -1.0, 2.26990043583, 0.0, 1.0, 2.14959091833, 2.35261523952, -0.742607600634, -0.00456505162622, 96080.0, 638.0, 99468.0
-0.947527120721, 1.20575666077, -1.0, 0.118828538282, 1.0, -1.0, -1.0, 0.817905095333, -1.0, 2.0, -0.00877829979652, 3.0, -1.0, 0.181871787974, -0.874497925911, 2.0, -1.0, 2.50626908961, 3.0, 2.13384997561, 0.317467608124, -1.0, 1.71754637881, 3.0, 2.10795916871, 0.0, 0.0, 0.0424085168025, -1.0, 1.35385343306, 1.20851435612, -0.68112150532, -1.0, 0.0, -0.889531754042, -1.0, 0.279432783671, -0.210927983378, 0.0, 2.0, 1.0, 0.658057165789, -0.945135389738, 0.0, 1.97308811065, 1.0, 0.0, 1.0, -1.0, -1.0, 96904.0, 490.0, 99577.0
-0.77965059471, -0.199392364004, 1.0, -1.0, -1.0, 1.0, -0.806149243575, -1.0, -1.0, 0.0, -0.652749756178, -0.909307894906, -1.0, -0.340033282939, -1.0, 2.0, 1.18450768757, 1.0, 2.77511520312, -1.0, 2.66419417048, -0.629313616691, -0.947219617824, 1.0, -1.0, -0.161012082261, 0.01357579225, 0.0, 0.504291154935, -0.606785109873, 0.233391149036, 1.0, 3.0, 2.36796048534, 3.0, -0.724257314052, 2.16898568641, -0.62415728532, -0.507169695552, 3.0, 0.76665055186, 3.0, 1.67795189405, -1.0, 1.0, -1.0, -0.722846418089, 2.0, 1.0, 0.16233234204, 97588.0, 385.0, 99647.0
1.0, 0.284988581436, 0.0, -1.0, 2.58328423416, 0.0, 0.266635109995, 0.387139788944, -1.0, 3.0, 0.0, 0.501938195684, -0.889646550199, 1.04530946905, -0.832556258641, -1.0, -1.0, 1.0, 2.0, 2.90900626942, 2.3788133635, -1.0, 0.38802631037, 2.61840496101, -1.0, 2.0, -0.0987154286855, 3.0, 0.270407308824, 1.36085701794, 0.0491981318758, 2.84061319346, 3.0, 2.0, 0.239706501073, 0.531028108861, 0.0, -0.594023372944, 1.0, -0.190402285998, 0.0, 1.0, 1.68348340785, 0.205226414903, -0.472148584721, 2.0, -1.0, -0.447122060313, -0.71468247341, 0.029000428123, 96410.0, 553.0, 99514.0
-0.692699770025, -1.0, 0.455792619613, -1.0, 0.0, -0.645354735208, 0.325717631629, -1.0, 1.48069229082, 0.0, -0.199702010113, -0.909307894906, -1.0, -0.340033282939, -0.715278336392, 2.92293353597, 0.0, -0.259294849787, 2.77511520312, -0.331542963153, 1.0, -0.629313616691, 2.0, 3.0, -1.0, 2.13760671948, 1.0, 0.0, 2.0, 1.7974169369, 1.0, 1.0, 0.480145312197, 2.44676764547, -1.0, 1.0, 1.20894170499, -0.62415728532, 0.0, 3.0, -0.906561287405, 3.0, 1.67795189405, -1.0, 2.0, 2.0, -0.722846418089, 2.0, 1.10660481021, 1.69290341123, 96939.0, 493.0, 99559.0
0.0620118379048, -0.194524876715, -0.768625638915, -1.0, -0.423894115009, 2.16021775059, 1.0, -1.0, 0.501985097631, 0.612655615417, -1.0, 1.0, -0.863615262801, 3.0, -1.0, 3.0, 1.0, 2.31285236829, 2.8628856339, 2.92844385542, 0.201148867192, 1.0, 0.0, -1.0, 2.56041764623, 1.0, 2.65029066942, 1.86680490501, -0.253489292478, 3.0, 2.85406972621, 1.37034032828, 0.750165746606, 0.0, 1.17212417421, -1.0, 0.0, -1.0, 0.397636374099, 2.51394464917, 2.38048429, -1.0, 0.0, 1.82928219549, 2.0, 1.50350305309, 0.877533095731, 2.20073103591, 1.0, 0.0, 96783.0, 561.0, 99498.0
-1.0, 2.0, -1.0, 3.0, -1.0, 0.0, 1.0, 2.17930459493, 2.0, 2.0, 2.7245000295, 2.0, -1.0, 0.781321359662, -1.0, -0.041155531776, -1.0, 1.892443643, 0.931059989717, -0.896248823271, -1.0, -1.0, 0.0, -1.0, -1.0, 0.0, 1.7989494379, -0.57005533633, -1.0, -0.564348113461, -0.188497301937, 1.0, 2.0, 1.0, 0.0, 3.0, 3.0, -0.892025420189, -0.174708384554, 2.73666791438, 1.96699080646, 0.56653863071, 0.684128904019, 0.0, -0.80338564333, 1.0, -1.0, 2.05719134705, 3.0, -1.0, 97284.0, 460.0, 99582.0
-1.0, -0.184052966355, 0.239134440808, -0.306908073152, 1.0, 0.0, 2.18471203216, -1.0, 2.0, 0.0, 1.35699020758, 3.0, -1.0, 2.0, 2.9343634345, 0.0, -0.797120733501, -1.0, -1.0, 0.316327892959, 0.0, -1.0, 0.0, 0.794684444939, -1.0, 2.0, 2.0, 2.0, 0.93263223157, -1.0, 0.454082831865, -1.0, -0.955602950468, 0.0, -0.291640197364, 1.0, 0.284390198109, 1.81464837644, 2.83703321083, 2.0, 0.0, 3.0, -0.82118944215, 0.0, 3.0, 3.0, -1.0, 1.0, 2.06512495124, -1.0, 96605.0, 516.0, 99535.0
2.67445951886, -0.194524876715, -0.785540089601, -1.0, 2.0, 0.0, 1.0, -1.0, 1.0, 1.0, -1.0, 1.0, -0.863615262801, 3.0, -1.0, 3.0, 1.0, -0.64889108613, 2.8628856339, 2.17454818175, 0.0210469181341, 1.61964642448, 0.106274323039, -1.0, 2.0, 1.0, 2.17371941489, 3.0, 0.0, 3.0, 1.96516698068, -0.527176424117, -0.297376062726, 0.0, 2.0, -1.0, -0.492408311149, 1.2805735749, 2.26046427913, 2.51394464917, 2.38048429, -1.0, 0.0, 3.0, 2.0, 1.96866203526, 0.877533095731, -0.866395515349, 1.0, -1.0, 97070.0, 519.0, 99530.0
1.0, 2.0, -0.283639078961, 2.15452608743, 0.0, -0.564292712817, -0.444933117931, -1.0, 2.0, -0.121495379982, 0.0, 1.0, 1.92285114617, 0.434091419427, -1.0, 2.32556529801, -0.816901742108, 1.01300060412, 3.0, 2.73198131504, 0.46590487538, 2.0, -0.417447208038, 1.30371765458, -0.486964490767, 0.376267871067, 0.538770812906, 0.292194311811, -1.0, 3.0, 0.0, -1.0, 0.190943018084, 0.0, -0.279856193315, 0.0, 3.0, -0.741841349598, 0.0, 2.5793688579, 1.0, 0.34609459331, -1.0, -0.209131552139, 0.492042570239, -1.0, -1.0, 0.770705781445, -0.742607600634, -0.637798321945, 96369.0, 545.0, 99521.0
0.874675571225, 2.99310141174, -0.995463616941, -1.0, -1.0, 2.3792179922, 0.68283196943, -1.0, 1.09927124782, 2.0, 2.0, 2.51912682298, -1.0, -1.0, -1.0, -1.0, -1.0, 1.0, 1.0, -1.0, 0.174923753658, 0.257814391131, 0.0, 2.2751662836, -1.0, 0.0, 2.37044218517, -1.0, -0.904562549732, 0.0, 1.0, 1.40455740191, 2.0, 1.11899342516, 1.8916676056, 1.0, -0.0995832774042, 0.603813904996, 1.51388302391, 0.0, 2.54195984927, -1.0, -0.974416259947, -0.228255073746, 1.3059333361, 1.0, -1.0, 1.0, 1.45503291253, -0.756720813127, 97153.0, 459.0, 99584.0
-0.676193068264, 0.0, 2.25014564246, -1.0, -1.0, 0.266529298351, -0.26611173879, -1.0, 1.48774878112, 0.677660128973, -1.0, 0.860448293191, -0.786850495481, -0.340033282939, -1.0, -1.0, 2.27543906501, 0.587846177486, -1.0, 1.54520685245, 3.0, 1.0, 2.0, -0.855814340089, 1.38181528795, 2.31315795151, 2.50860740257, 0.580112007985, 2.78628742176, 0.0, 0.931501589596, -1.0, -0.779902568664, 1.0, 0.263886483904, 1.2815077425, 2.16898568641, 2.0, 1.09567489828, 2.0, 1.30198691186, -1.0, 2.0, 0.0506570319962, -0.505344113068, 3.0, 3.0, 2.03703492607, 3.0, 1.76131313826, 97036.0, 491.0, 99544.0
-1.0, 1.0, -0.748125671997, -0.730334663373, 0.0, 0.849945229468, -0.166422225716, -0.888606862193, 1.0, -0.656558519196, -1.0, -1.0, -0.522398532025, 0.0, 2.92730494821, -0.922720550914, 2.47761804515, -1.0, 2.4289805798, 3.0, -1.0, -0.946959293129, -0.249771856615, 0.0, 3.0, -0.322584471791, 0.792278392502, -0.322372598517, -0.253489292478, 0.0, -1.0, 1.8967569957, 3.0, 0.399251394633, -1.0, 0.360896735602, 0.0, 1.36661798875, -1.0, 1.7886615243, -0.421856578715, -1.0, 0.220326591004, -1.0, 2.7449383864, -0.685804923801, -1.0, -1.0, 1.0, -0.549020013819, 97425.0, 385.0, 99666.0
-1.0, 2.0146663809, 1.75093268189, 1.0, 3.0, 0.0, 1.17579811954, 0.192438981754, 0.135356179775, 0.0, 0.0, 1.0, 3.0, 1.0, -1.0, -0.0935697496346, 2.0, 2.0, 1.0, 1.88871632253, 1.02532804874, -0.212299640797, 0.0, 0.127165548478, -0.143525753651, 0.853302649866, 2.28784811933, 0.790614244315, 2.71606221916, 0.936881110988, 1.64616825476, 0.427981252485, -0.25768849604, 1.0, 2.0, -0.85362932128, 3.0, 0.00179682121786, 0.219743581874, 0.245061331077, 3.0, 1.72719742057, 0.0, 3.0, 3.0, 1.67939865886, 1.05138776688, 0.53665804325, 1.0, 1.37719005317, 96148.0, 664.0, 99430.0
1.0, 0.284988581436, 0.0, -1.0, 2.58328423416, 1.83085648351, 0.266635109995, 0.387139788944, 1.48069229082, 2.0, 0.0, 1.19711370098, -0.889646550199, 0.0416693062136, -0.351182299607, 2.49169776133, -1.0, -0.259294849787, 2.0, 2.90900626942, 0.755626857007, -1.0, 0.38802631037, 2.79034712609, -1.0, 2.0, -0.0987154286855, 0.776725837553, -0.90138846479, 0.0, 0.0491981318758, 2.84061319346, 2.94652941994, 2.0, 0.239706501073, 0.365491381721, 0.0, -0.594023372944, 2.81462532107, -0.190402285998, 0.554034169065, 1.0, 1.68348340785, 0.205226414903, -0.472148584721, 2.0, -1.0, -0.447122060313, -0.71468247341, 0.029000428123, 96208.0, 589.0, 99493.0
1.0, 2.0, 1.35323506207, 2.15452608743, 0.0, 0.397129985101, -0.444933117931, -1.0, 2.0, -0.121495379982, -0.503274101226, 1.0, 1.92285114617, 0.0632010675098, -1.0, -1.0, 1.0, 3.0, 3.0, 2.13424433006, 1.85956372293, 2.0, -0.417447208038, -0.15528096442, 3.0, 0.376267871067, 0.538770812906, 0.292194311811, 0.0, 3.0, 1.0, -1.0, 0.190943018084, 0.0, 0.272685904808, 0.0, 3.0, 2.0, 1.0, 2.5793688579, 0.61893683009, 1.26282682617, 2.03770872031, -0.209131552139, 0.0, -0.737168951199, -0.871543653867, 2.35261523952, -0.754961790781, -0.637798321945, 96428.0, 574.0, 99497.0
1.0, 2.0, 2.48367340772, 2.15452608743, 0.0, 0.0, -0.444933117931, -1.0, 2.0, 0.185859472094, 0.0, 1.0, 1.11284819695, 0.0632010675098, -1.0, 2.45238575748, 0.348279458407, 1.01300060412, 3.0, 2.73198131504, 1.85956372293, 2.0, 0.8831398811, 1.0, 3.0, 0.376267871067, 0.538770812906, 0.292194311811, 0.0, 3.0, 1.0, -1.0, 0.190943018084, 0.0, -0.279856193315, -0.867061887285, 3.0, 2.0, 1.0, 2.76904024056, 1.0, 2.0, -1.0, -0.209131552139, 0.0, -0.737168951199, -1.0, 2.70364203375, -0.742607600634, -0.637798321945, 96468.0, 585.0, 99488.0
2.08540151662, -0.199392364004, 1.0, -1.0, 0.0, 1.0, 0.325717631629, -0.693382740539, -1.0, 0.0, -0.767942557351, -0.909307894906, -1.0, -0.340033282939, -1.0, 0.907329154659, 0.0, 1.0, 2.49063870102, -0.534720400067, 2.95230224633, -0.629313616691, -0.947219617824, 3.0, -1.0, 2.0, -0.819103679348, 0.0, 2.0, 1.7974169369, 1.0, 0.650857994801, 3.0, 2.36796048534, 3.0, -0.724257314052, 2.16898568641, -0.62415728532, 0.0, 3.0, 3.0, 3.0, 1.67795189405, -1.0, 1.0, 2.21441906544, -0.734019141876, 2.0, 1.10660481021, 0.573990993606, 97199.0, 472.0, 99573.0
1.36043146287, 2.0, 3.0, -1.0, 0.0, 0.0, 3.0, -1.0, 1.92728228629, 3.0, 0.0, 2.0, 3.0, 0.0, -1.0, -1.0, 1.0, 2.05865762041, -1.0, 3.0, -0.329248733981, 1.69605723698, -0.168565073682, 1.0, 3.0, 0.716233191363, 0.0657461632034, 0.748025493093, 2.0, -1.0, 1.0, -1.0, 0.67057250982, 0.0, -0.419632494652, 0.0, 0.0, 2.0, 1.7200121053, 0.379621288834, 0.151266018083, 2.11734919442, -1.0, 1.27173372133, 1.74974196789, 1.0, 2.0, 3.0, -0.162931071879, -1.0, 96543.0, 574.0, 99495.0
-0.947527120721, 0.274488354454, -1.0, 2.49468469067, 1.0, -1.0, -1.0, -1.0, -1.0, 2.0, 1.0, 3.0, 3.0, 0.181871787974, -1.0, 2.0, -1.0, -0.364745489993, 0.0921818795828, 1.25517046318, 0.317467608124, -1.0, 1.15727998572, 1.0, 1.8687185617, 0.0, -0.307753052111, 0.0424085168025, -1.0, 1.35385343306, 1.03876775104, -0.873551035399, -1.0, 0.0, -0.889531754042, -1.0, 0.279432783671, -0.210927983378, 0.0, 2.0, 2.41150779887, -1.0, -0.945135389738, 0.0, 0.0, -1.0, 0.0, 2.64871542711, 0.671614584083, 0.706081927836, 96903.0, 469.0, 99588.0
-0.77965059471, -0.199392364004, 1.0, -1.0, -0.220321745337, 1.0, -0.806149243575, -1.0, -1.0, 0.0, -0.652749756178, -0.909307894906, 1.69268046278, -0.340033282939, -1.0, 2.0, 1.18450768757, 1.0, 2.77511520312, -1.0, 1.88738432982, -0.629313616691, -0.947219617824, 3.0, 2.0, 0.11195957201, 0.01357579225, -0.427875218662, 0.504291154935, -0.606785109873, 2.25336844875, 0.844821457082, 2.48766400457, 2.36796048534, 3.0, -0.724257314052, 2.16898568641, -0.62415728532, 0.0, 3.0, 3.0, -0.729581804425, 1.67795189405, -1.0, 1.0, 2.0, -0.722846418089, 0.109797933792, 1.0, 0.573990993606, 97239.0, 446.0, 99597.0
-1.0, 2.58336486183, 1.46865380224, 0.0, 1.0, 0.0, 2.18471203216, -1.0, 2.0, 0.0, 1.35699020758, 3.0, -1.0, 0.0, 2.61603291599, 0.0, -0.797120733501, 2.0, -1.0, -1.0, 0.0, -1.0, 0.0, 2.11667669344, -1.0, 1.58101023916, 1.27309340362, 1.91671813374, 1.0, -1.0, 1.0, -1.0, -0.922988718679, 0.0, 0.730148721228, 1.0, 2.15578684847, 2.0, 2.75358179738, 2.0, 0.0, 3.0, -1.0, 0.0, 3.0, 3.0, -1.0, 1.0, 0.850213446085, -1.0, 96796.0, 514.0, 99533.0
0.627143641479, 0.0, 2.25014564246, -1.0, 0.0199213676783, 0.266529298351, -0.166422225716, -1.0, 1.48774878112, 0.543052646908, -1.0, -1.0, -0.786850495481, -0.340033282939, -1.0, -1.0, 2.36680450176, 2.0, -1.0, 1.54520685245, 3.0, 1.0, 2.0, -0.855814340089, 1.38181528795, 2.31315795151, 2.50860740257, 0.872666614313, 2.78628742176, 0.0, 0.0, -1.0, -0.936267311431, 1.0, 0.263886483904, 0.963319522033, 2.16898568641, 2.0, 1.09567489828, 1.32424283139, 1.30198691186, -1.0, 2.0, 0.0506570319962, 0.0, 3.0, 3.0, 2.03703492607, 3.0, 1.76131313826, 96732.0, 524.0, 99521.0
1.0, 0.284988581436, 0.510739243324, 0.0453409920595, 1.0, 0.0, 0.0, -1.0, 2.0, 2.0, 0.0, 1.0, -0.331204123402, 0.0, 3.0, -1.0, 1.05921726089, -1.0, -0.695530681151, 0.0, -1.0, -1.0, 1.10388990843, 1.0, 2.03740471088, -0.0507985425483, -0.184499584777, -0.877426316492, 3.0, 2.23308327817, 0.0901250551543, 2.0, 0.620399656079, 0.341386726585, 1.40336138023, 0.0, 2.0, -1.0, -1.0, 0.180184969328, -0.214036907845, 0.672480214378, 0.235252261708, -0.699914078517, 2.0, -0.261934614294, -1.0, -0.173115242611, 0.627182239886, -1.0, 96519.0, 528.0, 99556.0
-1.0, -0.0370837750092, 1.82987393405, -1.0, 0.161981042974, 0.0, -0.474896031964, -1.0, -1.0, 0.0164976282832, -1.0, -1.0, 1.50076902715, 0.0, 2.21213029389, 2.08752435401, 2.0, -1.0, 0.387563804763, 3.0, 0.573155075308, 1.0, 0.0, 0.0, 3.0, -1.0, -0.994067552151, 0.0, 0.0, -0.661565936492, -0.478978514487, 1.97458459726, 3.0, 1.31880668425, -0.339296313125, -1.0, 0.166961254704, 1.0, -1.0, 0.668260097499, 1.0217199151, -1.0, 1.0, -1.0, 2.0, 0.363787926774, -1.0, -0.848152027013, -0.930800542226, -0.770916512652, 97071.0, 429.0, 99631.0
-1.0, 2.52043429195, 0.239134440808, 2.4116459234, -0.665145039249, -0.281371731021, 1.3518337281, -0.804129711569, 1.0, 0.0, 0.0, -0.584101518497, -0.252415520036, 1.0, -1.0, -0.720172439984, 0.124181915198, 2.0, 1.99312210474, 1.88871632253, 1.60101305901, 0.257814391131, 0.195663069528, 0.127165548478, -1.0, 0.853302649866, 2.0, 0.790614244315, 2.4074805328, 1.0, 2.0, -1.0, -0.62976510233, 0.00785099034785, 2.0, 0.761128347912, 3.0, 2.0, 1.09567489828, 0.0, 3.0, 2.00875200031, -0.82118944215, 0.381559406145, 3.0, -0.92731844555, -1.0, 0.0, 1.0, 1.0, 96711.0, 525.0, 99528.0
-0.573712004389, 0.0, -0.36421737266, -1.0, -1.0, 0.266529298351, 0.358229351383, -0.126338730391, -0.628025501897, 0.677660128973, -1.0, 1.18110182371, -0.786850495481, 0.819400745813, -1.0, 0.0, 0.342535739723, 2.77471208332, 1.14409881519, 0.278747877805, 3.0, 1.0, 2.0, 1.65337485188, -0.047125175759, 2.12037720345, 1.7501211762, 2.83267019452, 2.80908383827, 0.0, 1.61194010506, -1.0, 0.265579457711, 1.0, 3.0, 1.2815077425, 2.44300539716, 2.0, 1.09567489828, 2.0, 0.421655381613, -1.0, 0.585653727641, 0.0506570319962, 0.441012607846, 3.0, 3.0, 2.03703492607, 3.0, 2.25489540911, 96653.0, 564.0, 99495.0
