0.0, 3.0, 3.0, 2.0, 0.0, -1.0, 1.0, 0.0, -1.0, 0.0, 1.0, 2.0, 1.0, 1.0, 1.0, 2.0, 0.0, 2.0, 2.0, -1.0, 0.0, 1.0, 3.0, -1.0, 1.0, -1.0, 3.0, 1.0, -1.0, 2.0, 2.0, 1.0, 2.0, 0.0, 2.0, 2.0, 2.0, 2.0, 2.0, 0.0, -1.0, -1.0, -1.0, 1.0, 3.0, 1.0, -1.0, 3.0, 1.0, 1.0, 1e+32
-1.0, -1.0, 2.0, 1.0, 0.0, 3.0, 1.0, 0.0, 3.0, 1.0, 1.0, 0.0, 2.0, 1.0, 0.0, 3.0, 0.0, 1.0, 0.0, 3.0, 2.0, 0.0, -1.0, -1.0, 2.0, -1.0, 1.0, 1.0, 0.0, 0.0, 1.0, 3.0, -1.0, 1.0, 1.0, 3.0, 0.0, -1.0, 3.0, 1.0, 3.0, 2.0, 2.0, 2.0, 2.0, 2.0, 0.0, 0.0, 1.0, 1.0, 1e+32
2.0, 0.0, 1.0, 1.0, 2.0, 0.0, 3.0, 2.0, 0.0, 0.0, 2.0, -1.0, 1.0, -1.0, 0.0, -1.0, -1.0, -1.0, 0.0, 1.0, 1.0, 2.0, 1.0, 2.0, 0.0, 0.0, 2.0, 1.0, 1.0, 1.0, 2.0, 1.0, 0.0, 3.0, -1.0, 0.0, 3.0, -1.0, -1.0, 2.0, -1.0, -1.0, 1.0, 2.0, 1.0, 0.0, 2.0, 1.0, 1.0, -1.0, 1e+32
2.0, -1.0, 1.0, 0.0, 1.0, 0.0, 2.0, 3.0, -1.0, 2.0, 0.0, 3.0, 0.0, 1.0, -1.0, 1.0, 0.0, 2.0, 2.0, 3.0, 0.0, 1.0, 3.0, 2.0, 0.0, 3.0, 1.0, 2.0, 0.0, 0.0, -1.0, 2.0, 0.0, 2.0, -1.0, 1.0, 2.0, 1.0, 2.0, 3.0, 3.0, 3.0, 1.0, 1.0, 3.0, 2.0, 1.0, 3.0, 2.0, 3.0, 1e+32
-1.0, 2.0, 0.0, 0.0, 2.0, 1.0, 0.0, 0.0, -1.0, 1.0, 2.0, 2.0, 0.0, 2.0, 2.0, 3.0, 3.0, 2.0, 1.0, 0.0, 0.0, 0.0, 2.0, 2.0, 1.0, 1.0, 0.0, 0.0, 3.0, 0.0, 1.0, 2.0, 0.0, 1.0, 2.0, 2.0, -1.0, -1.0, 2.0, -1.0, 3.0, 0.0, 3.0, 1.0, 3.0, 2.0, 1.0, 1.0, -1.0, -1.0, 1e+32
0.0, 3.0, 1.0, 2.0, 1.0, -1.0, 3.0, 3.0, 1.0, 3.0, 0.0, 1.0, 2.0, 1.0, 0.0, 2.0, -1.0, 1.0, 0.0, 2.0, 2.0, 2.0, 1.0, 0.0, 0.0, -1.0, 3.0, 2.0, 1.0, 0.0, 1.0, 1.0, 2.0, 1.0, 2.0, 0.0, 1.0, 2.0, 3.0, 3.0, -1.0, -1.0, 0.0, 2.0, -1.0, 2.0, 2.0, 3.0, 2.0, 1.0, 1e+32
-1.0, -1.0, 0.0, 2.0, 0.0, 1.0, 1.0, 2.0, 2.0, 2.0, 0.0, 0.0, 0.0, 3.0, 1.0, 0.0, 1.0, 1.0, -1.0, 3.0, 1.0, 2.0, 2.0, 1.0, 0.0, 3.0, 0.0, 1.0, 0.0, 1.0, 0.0, 1.0, 1.0, 1.0, 0.0, -1.0, 2.0, 0.0, 3.0, 2.0, 3.0, -1.0, 2.0, 2.0, 1.0, 1.0, 1.0, -1.0, 0.0, -1.0, 1e+32
3.0, 2.0, 2.0, -1.0, 3.0, 3.0, -1.0, -1.0, -1.0, 1.0, 1.0, 1.0, 2.0, 2.0, 2.0, 0.0, 0.0, -1.0, 0.0, 2.0, 1.0, 1.0, 2.0, 3.0, 0.0, 2.0, 1.0, 0.0, 2.0, -1.0, 2.0, 0.0, 3.0, -1.0, -1.0, 3.0, 1.0, 3.0, 0.0, -1.0, 2.0, 0.0, 2.0, 0.0, 0.0, 2.0, -1.0, 3.0, 2.0, -1.0, 1e+32
3.0, 3.0, 0.0, 3.0, 0.0, 3.0, -1.0, 2.0, 2.0, 1.0, 1.0, -1.0, 3.0, 1.0, 2.0, 1.0, 2.0, 3.0, 3.0, 1.0, 0.0, 2.0, 2.0, 1.0, 0.0, 2.0, 2.0, 1.0, 1.0, 2.0, 3.0, -1.0, 1.0, 0.0, -1.0, 1.0, 0.0, 1.0, 1.0, 0.0, 3.0, 3.0, 0.0, 0.0, 2.0, 0.0, 1.0, -1.0, 0.0, 1.0, 1e+32
3.0, 0.0, 2.0, 3.0, -1.0, -1.0, -1.0, 1.0, -1.0, 0.0, -1.0, 2.0, 0.0, 1.0, 0.0, 0.0, 0.0, 2.0, 1.0, 0.0, 2.0, 2.0, 1.0, 2.0, -1.0, -1.0, 1.0, 2.0, 2.0, 2.0, 1.0, 3.0, 3.0, 1.0, 0.0, 2.0, -1.0, -1.0, 1.0, -1.0, 0.0, 3.0, 3.0, 0.0, 2.0, 1.0, 2.0, -1.0, 1.0, 2.0, 1e+32
-1.0, 0.0, 2.0, 2.0, 2.0, 1.0, 1.0, 2.0, 0.0, 1.0, 3.0, 1.0, -1.0, 1.0, 1.0, 1.0, -1.0, 2.0, -1.0, 0.0, 3.0, 1.0, 2.0, -1.0, 1.0, 3.0, 0.0, 2.0, 1.0, 3.0, -1.0, 0.0, 3.0, 2.0, 2.0, 2.0, 1.0, 0.0, 0.0, 1.0, -1.0, 3.0, -1.0, 3.0, 1.0, 1.0, 2.0, 0.0, 2.0, 2.0, 1e+32
2.0, 1.0, 3.0, -1.0, 1.0, 1.0, 2.0, 0.0, -1.0, 0.0, 3.0, 1.0, -1.0, 2.0, 0.0, 2.0, 1.0, 1.0, -1.0, 1.0, 0.0, 0.0, 2.0, 0.0, 1.0, 0.0, 1.0, -1.0, 3.0, 2.0, -1.0, 1.0, 0.0, -1.0, 2.0, 2.0, 3.0, 2.0, -1.0, 3.0, 0.0, 2.0, 2.0, 1.0, 0.0, 2.0, 1.0, 1.0, 3.0, 2.0, 1e+32
-1.0, 0.0, 3.0, 3.0, 0.0, 0.0, 0.0, 3.0, 2.0, 1.0, 2.0, 1.0, 1.0, 0.0, 1.0, 3.0, -1.0, 3.0, 2.0, 3.0, 0.0, 0.0, 1.0, 0.0, 0.0, 2.0, 2.0, 0.0, 2.0, 3.0, -1.0, 0.0, 1.0, 2.0, 1.0, 0.0, 2.0, 1.0, 2.0, 0.0, 1.0, 1.0, 2.0, 1.0, 1.0, 2.0, 3.0, 3.0, 2.0, 3.0, 1e+32
3.0, 0.0, 0.0, 1.0, -1.0, 2.0, 1.0, 1.0, 2.0, 2.0, -1.0, 0.0, 2.0, 2.0, 2.0, 1.0, -1.0, 2.0, 1.0, 2.0, 1.0, 3.0, -1.0, 3.0, 3.0, 1.0, 0.0, 3.0, -1.0, -1.0, 2.0, -1.0, 2.0, 2.0, 1.0, 2.0, 0.0, 3.0, 1.0, 2.0, 2.0, 0.0, 0.0, 1.0, -1.0, 0.0, 0.0, 1.0, 1.0, 0.0, 1e+32
3.0, -1.0, 0.0, 1.0, -1.0, 2.0, 2.0, 0.0, 0.0, 2.0, 0.0, 2.0, -1.0, 0.0, 3.0, 3.0, 1.0, -1.0, 1.0, 0.0, 3.0, 0.0, 2.0, -1.0, 0.0, 0.0, 1.0, 2.0, 1.0, -1.0, 1.0, 1.0, 3.0, 2.0, 3.0, 0.0, 1.0, 0.0, 2.0, 0.0, 1.0, 3.0, 2.0, 1.0, 2.0, 3.0, 2.0, 2.0, 1.0, 2.0, 1e+32
1.0, 1.0, 3.0, 1.0, 2.0, 0.0, 1.0, -1.0, 0.0, 3.0, -1.0, 1.0, 2.0, 1.0, 3.0, -1.0, 0.0, 1.0, 0.0, -1.0, 2.0, 3.0, 1.0, 2.0, -1.0, 0.0, 0.0, 2.0, 0.0, -1.0, 1.0, 2.0, 0.0, 2.0, 1.0, 2.0, 1.0, 0.0, 0.0, 2.0, 2.0, 2.0, 1.0, 2.0, 2.0, 0.0, 0.0, 0.0, 3.0, 1.0, 1e+32
-1.0, 0.0, 2.0, 2.0, 3.0, 2.0, 0.0, 3.0, 2.0, -1.0, 1.0, 1.0, 1.0, 1.0, 0.0, 2.0, 1.0, 0.0, 1.0, 1.0, 3.0, 0.0, 2.0, 2.0, 1.0, 0.0, 0.0, 3.0, 3.0, 2.0, 2.0, 1.0, 0.0, 2.0, 1.0, 1.0, 1.0, 0.0, -1.0, 2.0, -1.0, 0.0, 3.0, 1.0, 3.0, 0.0, 2.0, 0.0, 0.0, 2.0, 1e+32
-1.0, 1.0, -1.0, 1.0, 0.0, 0.0, 1.0, 2.0, 1.0, 3.0, 3.0, 3.0, 2.0, 0.0, -1.0, 0.0, 2.0, 0.0, 1.0, -1.0, 3.0, 1.0, 0.0, 0.0, 0.0, 0.0, -1.0, 0.0, 3.0, 0.0, 2.0, 2.0, -1.0, 0.0, -1.0, 2.0, 2.0, 0.0, 2.0, 1.0, 2.0, 3.0, -1.0, 2.0, 3.0, 2.0, 3.0, 1.0, 1.0, 0.0, 1e+32
3.0, 1.0, 0.0, 1.0, 1.0, 2.0, 3.0, 2.0, 0.0, 2.0, 1.0, 0.0, 0.0, 0.0, 2.0, 3.0, 3.0, -1.0, 3.0, 2.0, 1.0, 1.0, 0.0, 1.0, 0.0, 2.0, 0.0, 1.0, 2.0, 0.0, 1.0, 0.0, 0.0, -1.0, 3.0, 0.0, 2.0, 1.0, 0.0, 0.0, 1.0, 2.0, 2.0, 3.0, 2.0, 1.0, 2.0, -1.0, -1.0, 2.0, 1e+32
2.0, -1.0, 0.0, 2.0, 3.0, 0.0, 3.0, 0.0, 2.0, 3.0, -1.0, 0.0, -1.0, 1.0, -1.0, 1.0, -1.0, 2.0, 2.0, 2.0, -1.0, -1.0, 2.0, 2.0, 0.0, 3.0, 3.0, 0.0, 2.0, -1.0, 3.0, 2.0, 1.0, 2.0, 1.0, 1.0, 0.0, 1.0, 2.0, 0.0, -1.0, -1.0, 0.0, 1.0, 1.0, 2.0, 2.0, 1.0, 1.0, -1.0, 1e+32
1.0, 0.0, 0.0, 0.0, 0.0, 1.0, 1.0, -1.0, -1.0, 1.0, 3.0, 3.0, 1.0, 2.0, 1.0, 2.0, -1.0, 2.0, 2.0, 2.0, 2.0, 3.0, 0.0, 1.0, -1.0, 3.0, 0.0, 1.0, 0.0, 3.0, 1.0, 1.0, 3.0, 2.0, 1.0, 1.0, 3.0, 3.0, 3.0, 0.0, 2.0, 0.0, 0.0, 0.0, 2.0, 2.0, 2.0, 1.0, 0.0, 1.0, 1e+32
2.0, 3.0, 3.0, 1.0, 2.0, 1.0, 3.0, 1.0, 1.0, -1.0, 2.0, 1.0, -1.0, 1.0, 2.0, 2.0, -1.0, -1.0, 1.0, 0.0, 1.0, 0.0, -1.0, 3.0, 3.0, 2.0, -1.0, 1.0, 0.0, 2.0, 0.0, -1.0, 3.0, -1.0, 2.0, 2.0, 2.0, 3.0, 1.0, 0.0, 0.0, 2.0, 1.0, 2.0, 3.0, 0.0, 0.0, 1.0, 0.0, 1.0, 1e+32
2.0, -1.0, -1.0, 1.0, -1.0, 1.0, 3.0, 3.0, -1.0, 1.0, 0.0, 3.0, 1.0, 1.0, 3.0, 3.0, -1.0, 3.0, 0.0, 0.0, 0.0, 1.0, 1.0, 2.0, 0.0, 2.0, -1.0, 0.0, 0.0, 0.0, -1.0, 1.0, 1.0, 0.0, 1.0, 2.0, 1.0, 2.0, -1.0, 1.0, 0.0, 2.0, 3.0, -1.0, 3.0, 3.0, 0.0, 1.0, 0.0, 1.0, 1e+32
1.0, 1.0, 1.0, 0.0, 1.0, 0.0, -1.0, 2.0, 0.0, -1.0, 1.0, 2.0, 1.0, 1.0, 2.0, 3.0, 2.0, 1.0, 0.0, -1.0, 3.0, 1.0, 0.0, -1.0, 2.0, 2.0, 3.0, 3.0, 0.0, 0.0, 2.0, -1.0, 1.0, 2.0, 3.0, 2.0, 0.0, 2.0, 1.0, 2.0, 2.0, 3.0, 0.0, -1.0, 3.0, 2.0, 0.0, 1.0, 1.0, 1.0, 1e+32
-1.0, -1.0, 0.0, 2.0, 2.0, 1.0, 2.0, 1.0, 0.0, 3.0, 2.0, 2.0, 2.0, 2.0, -1.0, -1.0, 1.0, -1.0, -1.0, -1.0, 1.0, 1.0, 0.0, -1.0, 3.0, 1.0, 2.0, 2.0, 3.0, 3.0, 1.0, 0.0, 0.0, -1.0, -1.0, 2.0, 0.0, 2.0, -1.0, 3.0, -1.0, 0.0, -1.0, 1.0, 2.0, 1.0, 1.0, 1.0, 1.0, 2.0, 1e+32
1.0, -1.0, 1.0, 0.0, 0.0, 1.0, 2.0, 1.0, 2.0, 3.0, 1.0, 0.0, -1.0, 2.0, 1.0, 1.0, 0.0, 3.0, -1.0, 3.0, 0.0, 0.0, 2.0, 2.0, 2.0, -1.0, -1.0, 0.0, 2.0, 1.0, 1.0, 0.0, 2.0, -1.0, 1.0, 2.0, 0.0, 1.0, 1.0, 3.0, 2.0, 3.0, 0.0, 2.0, 2.0, 2.0, 3.0, -1.0, 2.0, 0.0, 1e+32
1.0, 2.0, 1.0, 0.0, 1.0, 0.0, 0.0, 0.0, 1.0, -1.0, 1.0, 1.0, 2.0, 3.0, 3.0, 0.0, 0.0, 1.0, 1.0, -1.0, 3.0, 0.0, 0.0, -1.0, 1.0, 2.0, 2.0, 3.0, 2.0, -1.0, 3.0, -1.0, 2.0, 0.0, 3.0, 2.0, 1.0, 3.0, 2.0, -1.0, 0.0, 1.0, 2.0, 2.0, 2.0, 2.0, 0.0, 2.0, 2.0, -1.0, 1e+32
-1.0, 2.0, 2.0, 0.0, 1.0, 3.0, 2.0, 1.0, 0.0, 0.0, 0.0, 1.0, 2.0, 1.0, 0.0, -1.0, 3.0, -1.0, 2.0, 0.0, 0.0, 0.0, 1.0, -1.0, 1.0, 0.0, 3.0, 0.0, 1.0, 2.0, 0.0, 2.0, 3.0, 2.0, 2.0, 1.0, 3.0, 1.0, 2.0, 3.0, 1.0, -1.0, 2.0, -1.0, -1.0, 2.0, 0.0, 1.0, 2.0, 1.0, 1e+32
-0.322986854079, 3.0, 3.0, 2.0, 0.0, -1.0, 1.0, 0.0, -1.0, 0.0, 1.0, 2.0, 1.80979566147, 1.0, 1.0, 2.0, 1.84024290288, 2.0, 2.0, -0.659251671074, 0.0, 1.0, 2.66223174926, -1.0, 1.0, -1.0, 3.0, 1.0, -1.0, 2.0, 2.0, 1.0, 2.0, 0.0, 2.0, 0.0, 2.0, 2.0, 2.0, -0.753450236519, -1.0, -1.0, -1.0, 1.0, 3.0, 1.0, -1.0, 0.0239410374653, 1.0, 1.0, 1e+32
2.0, 0.0, 1.0, 1.0, 2.0, 1.16616115197, 3.0, 2.0, 0.0, 0.0, 2.0, -1.0, 0.739279617003, -1.0, 0.0, -1.0, -1.0, -1.0, 0.0, 1.0, 1.0, 2.0, 0.471062526093, 2.0, 0.816715814978, 0.0, 2.0, 1.0, 1.0, 1.0, 2.0, 1.0, 0.0, 3.0, -1.0, 0.0, 3.0, -1.0, -1.0, 2.0, -1.0, -1.0, 2.0, 2.98496761523, 1.0, 0.0, 2.0, 1.0, 1.0, 1.0, 1e+32
3.0, 1.0, 1.0, 1.0, 3.0, -0.672384953535, 1.0, 2.0, 2.0, -1.0, 0.0, 2.0, 2.0, 1.0, 0.0, 3.0, 1.92759573481, 1.0, 1.0, 1.0, 1.95203592221, 0.0, 1.0, 0.0, -1.0, 3.0, 3.0, 1.0, 1.0, 2.0, 3.0, -1.0, 2.0, 2.0, 0.0, 2.0, 2.0, 2.0, 0.0, 3.0, 0.437367287635, -1.0, 1.0, -1.0, 0.318680311269, 3.0, 3.0, 0.0, 3.0, 3.0, 1e+32
-1.0, 2.0, 0.0, 0.0, 2.0, 1.0, 1.32058005804, 0.0, -1.0, 1.0, 2.0, 2.0, 0.0, 2.0, 2.0, 3.0, 3.0, 2.0, 1.0, 0.0, 0.0, 0.0, 2.0, 2.0, 1.0, 1.0, 0.0, 0.0, 3.0, 0.0, 1.0, 2.0, 0.0, 1.0, 2.0, 2.0, -1.0, -1.0, 2.0, -1.0, 3.0, 0.0, 3.0, 1.0, 3.0, 2.50376372663, 1.0, 1.0, -1.0, -1.0, 1e+32
2.0, 2.0, 3.0, 2.0, -1.0, 1.0, 0.0532893127147, 1.0, 2.0, 3.0, 3.0, 0.0, 2.0, 0.0, 0.0, -1.0, 0.0, -1.0, -1.0, 2.0, 3.0, 3.0, 0.0, 1.0, 0.0, 3.0, 3.0, 1.07775798067, 3.0, 0.0, 0.0, -1.0, 1.0, 2.0, 1.0, -1.0, 1.0, 0.0, 3.0, 2.0, 1.0, 0.0, -1.0, 1.0, 0.0, 0.0, -1.0, 0.0, 0.0, 1.0, 1e+32
-1.0, -1.0, 0.0, 2.0, 0.0, 1.0, 1.0, 2.0, 2.0, 2.0, 0.0, 0.0, 0.0, 3.0, 1.0, 0.0, 1.0, 1.0, -1.0, 3.0, 1.0, 2.0, 2.0, 1.0, 0.0, 3.0, -0.0747529659257, 1.97858501849, 0.825782563939, 1.0, 0.0, 1.0, 1.0, 1.0, 0.0, -1.0, 2.0, 0.0, 3.0, 2.0, 3.0, -1.0, 2.0, 2.0, 1.0, 2.69271545731, 1.0, -1.0, 0.0, -1.0, 1e+32
3.0, 2.0, 2.0, -0.288949441045, 3.0, 3.0, -1.0, -1.0, 2.0, 1.0, 1.0, 1.0, 2.0, 2.0, 2.0, 0.0, 0.0, -1.0, 0.0, 2.0, 1.0, 1.0, 2.0, 3.0, 0.0, 2.0, 1.0, 0.0, 2.0, -1.0, 2.0, 0.0, 3.0, -1.0, -1.0, 3.0, 1.0, 3.0, 0.0, -1.0, 2.0, 0.0, 2.0, 0.0, 0.0, 2.0, -1.0, 3.0, 2.0, -1.0, 1e+32
1.03237142332, 1.0, -1.0, 0.574462345513, 1.0, 3.0, 1.0, 1.0, 0.0, 3.0, 0.0, 0.0, 0.0, 1.0, 2.0, 2.0, 2.0, 3.0, 2.0, 2.0, 0.0, 0.0, 1.0, 0.486833795206, 0.649033019099, 1.0, -1.0, 3.0, 0.0, 1.0, 2.0, 0.0, 1.0, 1.0, 1.78978906113, 0.0, 2.0, 2.0, 0.260554049268, 0.0, 0.0, 3.0, 3.0, 0.0, 3.0, 3.0, 2.0, 1.0, 2.0, 1.0, 1e+32
-1.0, 0.0, 3.0, 1.0, 0.0, -1.0, 0.0, 1.0, 3.0, 3.0, 3.0, 2.0, 1.0, 0.0, 3.0, 1.0, 0.0, 0.0, 2.0, 2.0, 0.0, 2.0, 1.0, 2.23575463934, 1.0, 2.0, 3.0, 1.0, 2.0, 0.0, 1.0, 3.0, 2.0, 2.0, -1.0, 1.0, 2.0, -1.0, 1.0, 2.0, -0.382566710674, 1.0, 2.0, 3.0, 3.0, 2.48126177622, 1.0, 1.0, -1.0, 2.0, 1e+32
3.0, 3.0, 1.09436927663, 3.0, 0.0, 3.0, -1.0, 2.0, 2.0, 1.0, 1.0, -1.0, 3.0, 1.0, 0.90557894529, 1.0, 2.0, 3.0, 3.0, -0.119624421134, 0.0, 2.75364638561, 2.0, 1.0, 0.0, 2.0, 2.0, 1.0, 1.0, 2.0, 3.0, -1.0, 1.0, 0.0, -1.0, 1.0, 0.0, 1.0, 1.0, 0.0, 3.0, 3.0, 0.0, 0.0, 2.0, 0.0, 1.0, -1.0, 0.0, 1.0, 1e+32
3.0, 0.0, 2.0, 3.0, -1.0, -1.0, -1.0, 1.0, -1.0, 0.0, -1.0, 2.0, 1.73100382861, 1.0, -0.889703190327, 0.0, 0.0, 1.61755652206, 2.28879191348, 0.0, 2.0, 2.0, 1.0, 2.0, -1.0, -1.0, 1.0, 2.0, 2.50897297665, 2.0, 1.0, 3.0, 3.0, 1.0, 0.0, 2.0, -1.0, -1.0, 1.0, -1.0, 0.0, 3.0, 3.0, 0.0, 2.0, 1.0, 2.0, -1.0, 1.0, 2.0, 1e+32
0.0, 0.0, -1.0, 2.42112269204, 1.0, 0.0, 0.0, 1.0, 1.0, 0.0, 2.20095212927, -0.430658856725, 2.0, 1.0, 2.0, 1.19589128447, 2.0, 1.0, 1.0, 0.42151336033, 0.0, 2.0, 2.0, -1.0, 2.0, 1.0, -1.0, 0.804595128665, 1.58569338102, 0.0, 2.0, 0.0, 0.921387195592, -1.0, 0.0, 3.0, 1.0, 0.0, 2.0, -1.0, 2.0, 1.0, 0.0, -0.145471427883, 3.0, -1.0, 2.0, 1.0, 1.0, 2.0, 1e+32
-0.596493798814, -0.962198737462, 2.0, 2.0, 2.0, 1.0, 1.0, 2.0, 1.07964895098, 1.0, 3.0, 1.0, -1.0, 1.0, 1.0, 1.0, -1.0, 2.0, -1.0, 0.0, 3.0, 1.0, 2.0, -1.0, 1.0, 3.0, 0.0, 2.0, 1.0, 3.0, -1.0, 0.0, 3.0, 2.0, 2.0, 2.0, 1.0, -0.950444144266, 0.0, 1.0, -1.0, 3.0, -1.0, 1.82724531512, 1.0, 1.0, 2.0, 0.0, 2.0, 2.0, 1e+32
1.0, 3.0, 1.63929662139, 3.0, 1.0, 1.0, 2.0, 2.51844445582, 1.89572549873, 0.0, 2.0, 3.0, 2.0, 2.0, -1.0, 0.0, -1.0, 3.0, 2.0, -1.0, 0.0, 2.47153522056, 3.0, 1.0, 3.0, 2.37731303057, 0.0, 1.0, -1.0, 3.0, 0.0, 2.0, 1.97935363061, 2.0, 1.0, 3.0, 2.0, 1.0, -1.0, 3.0, 0.0, 0.0, 3.0, 2.0, 1.50527501543, 0.0, 1.0, 2.0, 2.0, -1.0, 1e+32
2.0, 1.0, 1.0, 0.0, 1.0, 2.0, 2.0, 0.0, 2.0, -1.0, 2.0, 2.29715978928, 2.0, -1.0, 3.0, 1.0, 1.0, 0.0, 1.0, -1.0, 2.0, 0.0, 1.0, 3.0, -1.0, 0.0, 1.0, 1.0, 0.0, 3.0, -1.0, 1.0, 2.0, -1.0, 2.0, 3.0, 3.0, -1.0, 0.0, 0.0, 0.0, 0.0, 2.0, -1.0, 2.17046671095, 0.0, 3.0, 0.0, 2.10828317019, 2.0, 1e+32
0.0, -1.0, 2.0, 1.0, 3.0, -1.0, 2.0, 0.0, -1.0, -1.0, 3.0, 3.0, -1.0, 1.0, 1.79400506035, 1.0, 3.0, 0.0, 2.0, 1.0, 0.0, 2.0, 1.0, 2.0, 2.00940657285, 1.0, -1.0, 3.0, 2.0, 3.0, 0.0, 2.0, 2.0, 1.0, 0.0, 1.0, 1.0, 2.0, 3.0, 2.0, 1.0, 0.0, 0.0, 2.0, 0.0, 1.0, 3.0, 2.0, 2.67674380392, -1.0, 1e+32
1.33843523318, 0.0, 3.0, 3.0, 0.0, 1.74085073412, 0.0, 3.0, 2.0, 1.0, 2.0, 1.0, 2.00264064689, 0.0, 1.0, 3.0, -1.0, 3.0, 2.0, 3.0, 0.0, 0.0, 1.0, 0.0, 0.0, 3.0, 0.738930900741, 0.0, 2.0, 3.0, -1.0, 0.0, 1.0, 2.0, 1.49807351134, 0.0, 2.0, 1.0, 2.0, 0.0, -0.273918970708, -0.629071668285, 2.0, 1.0, 1.0, 2.0, 3.0, 2.36425388267, 2.0, 3.0, 1e+32
-1.0, 0.0, 1.0, 2.0, 0.0, 1.0, 0.0, 3.0, 0.0, 1.0, 2.0, -1.0, 0.0, 2.0, -1.0, 0.0, -0.215059402942, 1.0, 2.0, 3.0, 0.0, 2.0, -1.0, 1.0, -0.439839976758, 2.0, 2.0, 2.0, 1.0, 2.0, 0.0, 2.0, 2.00166864724, 1.0, 0.0, 1.0, 0.0, -1.0, -1.0, 0.0, 1.0, -1.0, 1.0, 0.0, -1.0, 3.0, 0.100537072559, 1.14608094962, 2.0, 3.0, 1e+32
3.0, 0.0, 1.89865001274, 1.0, -1.0, 2.0, 1.0, 1.0, 2.0, 2.0, -1.0, 0.0, 2.0, 2.24829059818, 2.0, 1.0, -1.0, 2.0, 1.0, 2.0, 1.0, 3.0, -1.0, 3.0, 3.0, 1.40688041638, 0.0, 3.0, 1.59328951377, -1.0, 2.0, -1.0, 2.0, 2.0, 1.0, 2.0, 0.0, 3.0, 1.0, 2.0, 2.0, 0.0, 0.0, 1.0, -1.0, 0.0, 0.0, 1.0, 1.0, 0.0, 1e+32
3.0, -1.0, 0.0, 1.0, -1.0, 2.0, 2.0, 0.0, 0.0, 2.0, 0.0, 2.16709621643, -1.0, 0.0, 3.0, 3.0, 1.0, -1.0, 1.0, 2.21609067004, 3.0, 0.0, 2.0, -0.707687109969, 0.0, 0.0, 1.0, 2.0, 2.29926363867, -1.0, 1.0, 1.0, 3.0, 2.0, 3.0, 0.0, 1.0, 0.0, 2.0, 0.0, 1.0, 3.0, 2.0, 1.0, 2.0, 3.0, 2.0, 2.0, 1.0, 2.0, 1e+32
1.0, 1.0, 3.0, 1.0, 2.0, 2.73744605678, 1.0, -1.0, 0.0, 3.0, -1.0, 1.0, 2.0, 0.0481852037905, 3.0, -1.0, 0.0, 1.0, 0.0, -1.0, 2.0, 3.0, 1.0, 2.0, -1.0, 0.0, 0.0, 2.0, 0.0, -1.0, 1.0, 2.0, 0.0, 2.38568360683, 1.0, 2.0, 1.0, 0.0, 0.0, 2.0, 2.0, 0.302842702511, 0.742537248687, 2.0, 2.0, 0.0, 0.0, 0.0, 0.302949467194, 1.0, 1e+32
-1.0, 2.0, -1.0, 1.0, 2.0, 1.0, 0.0, -1.0, -1.0, 3.0, 1.0, 2.05815833866, 3.0, 2.0, 1.0, 2.0, 2.0, 2.0, 2.0, 2.0, -1.0, -1.0, 0.0, 0.0, 3.0, 0.105119964895, 0.0, 3.0, -1.0, 2.0, 3.0, 3.0, -0.377527480995, -1.0, 3.0, 1.0, 0.0, 1.0, 2.0, -0.192046008098, 1.0, 3.0, 1.0, 0.0, 2.0, 0.0, 2.0, 1.0, 2.0, 1.0, 1e+32
0.0, 1.0, 2.0, 1.0, 1.0, 1.0, 3.0, -1.0, 1.0, 0.0, 1.0, 1.78228648741, 1.0, 2.0, -1.0, 0.0, 1.0, 3.0, 0.0, 2.0, -1.0, 2.0, 0.0, 0.0, 0.0, 3.0, 1.0, -1.0, 2.0, 0.0, -1.0, 2.0, 1.0, 0.0, 0.0, 3.0, 1.16947714374, -1.0, 3.0, 2.0, 1.0, 2.0, 2.0, 3.0, 1.0, 0.0, -0.377208521434, -1.0, -1.0, 1.0, 1e+32
-1.0, -1.0, 2.0, -1.0, 2.0, 0.0, 2.0, 0.0, 0.0, 0.0, 2.0, 2.0, 1.0, 1.0, 3.0, 2.0, 0.0, -1.0, 3.0, 3.0, 0.0854927783011, 0.0, 3.0, -1.0, 1.0, 2.0, 3.0, 1.0, 2.0, 0.0, -0.124523803183, 3.0, 0.0, 2.0, -1.0, -0.0772274953058, 0.0, 2.0, 3.0, 1.0, 0.0, -1.0, 1.0, 0.0, 2.13582198556, 0.0, 2.0, 0.0, 3.0, 1.0, 1e+32
1.0, -1.0, -1.0, 2.0, -1.0, -1.0, 2.47968449766, 3.0, 2.0, 0.0, 2.0, 0.0, 0.0, 0.0, -1.0, -1.0, 2.0, 0.0, 2.0, -1.0, 2.0, 1.0, 0.0, -1.0, -1.0, 0.0, 3.0, 0.301378624623, 1.0, 1.0, 0.0, 1.0, -1.0, 1.5370676613, 0.0, 3.0, 2.0, 0.0, 3.0, 0.221629845588, 3.0, 1.0, 2.0, 0.560199072517, -1.0, 0.0, 2.0, -1.0, 2.0, -1.0, 1e+32
-1.0, 1.0, -1.0, 1.0, 0.0, 0.0, 1.0, 2.0, 1.0, 3.0, 3.0, 3.0, 2.0, 0.0, -1.0, 0.0, 2.0, 0.0, 1.0, -1.0, 3.0, 1.0, 0.0, 0.0, 0.0, 0.0, -1.0, 0.0, 3.0, 0.0, 2.0, 2.0, -1.0, 0.0, -1.0, 2.0, 2.0, 0.0, 2.0, 1.0, 2.0, 3.0, -1.0, 2.0, 3.0, 2.0, 3.0, -0.170050258762, 1.0, 0.108152341581, 1e+32
3.0, 1.0, 0.0, 1.0, 2.24086211947, 2.0, 3.0, 2.0, 0.0, 2.0, 1.0, 0.0, 0.0, 0.0, 2.0, 3.0, 3.0, 1.74088618669, 3.0, 2.0, 1.0, 1.0, 0.0, 1.0, 0.0, 2.0, 0.0, 1.0, 2.0, 0.0, 1.95370671844, 0.0, 0.0, -1.0, 3.0, 0.0, 2.44983250365, 1.0, 0.0, 0.0, 1.26039106223, 2.0, 1.40420902748, 3.0, 2.25721592841, 1.0, 2.0, -1.0, -1.0, 2.0, 1e+32
2.0, -1.0, 0.0, 2.0, 3.0, 0.0, 3.0, 0.461711537808, 2.0, 3.0, -1.0, 0.0, -1.0, 1.0, -1.0, 1.0, -1.0, 2.0, 0.591929311806, 2.0, -1.0, -1.0, 2.0, 2.0, 0.0, 3.0, 3.0, 0.0, 2.0, -1.0, 3.0, 2.0, 1.0, 2.0, 1.0, 1.0, 0.0, 1.0, 2.0, 0.0, -1.0, -1.0, 0.0, 1.0, 1.0, 2.0, 2.0, 1.0, 1.0, -1.0, 1e+32
2.0, 3.0, 3.0, 1.0, 2.0, 1.0, 3.0, 1.0, 1.0, -1.0, 2.0, 1.0, -1.0, 1.0, 2.0, 2.0, -1.0, -1.0, 1.0, 0.0, 2.22669963991, -0.292057397694, -1.0, 3.0, 3.0, 2.0, -0.765093665937, 1.0, 0.0, 2.0, 0.0, -1.0, 3.0, -0.288910894293, 2.0, 2.0, 2.0, 3.0, 1.0, -0.810186536039, 1.00662367289, 2.21891766482, 1.0, 2.0, 3.0, 0.0, 0.0, 1.0, 0.0, 1.0, 1e+32
1.0, 1.0, 1.0, 2.55545493934, 1.0, 0.0, -1.0, 2.0, 0.0, -1.0, 1.0, 2.0, 1.0, 1.0, 2.0, 3.0, 2.0, 2.281623105, 0.0, -1.0, 3.0, 1.0, 0.0, -1.0, 2.0, 2.0, 3.0, 3.0, -0.498259522978, 0.0, 2.0, -1.0, 1.0, 2.0, 3.0, 2.0, 0.0, 2.0, 1.0, 2.0, 2.0, 3.0, 0.0, -1.0, 3.0, 2.0, 0.0, -0.37736369648, 1.0, 1.0, 1e+32
2.0, 1.0, 1.0, 2.0, 2.0, -1.0, -1.0, 0.0, 1.0, 1.0, 2.90520046866, 1.17341466591, 3.0, 0.205325793429, 1.0, 1.0, 3.0, 2.0, 0.0, 3.0, 2.0, 0.0, 1.0, 1.0, 3.0, 2.0, 0.0, -0.221918866855, 1.0, 2.0, 0.0, 1.0, 2.0, 3.0, 1.0, 2.0, 0.0, 2.0, 0.0, 1.0, 1.0, 0.0, 3.0, 3.0, 3.0, 3.0, -1.0, 1.0, 2.0, 2.0, 1e+32
-1.0, -1.0, 0.872569283666, 2.0, 2.0, 2.65189771438, 2.0, 1.0, 0.0, 3.0, 2.0, 2.0, 2.0, 2.0, -1.0, -1.0, 1.0, -1.0, -1.0, -1.0, 1.0, 1.0, 0.836756972167, -1.0, 3.0, 1.0, 2.0, 2.0, 3.0, 3.0, 1.0, 0.0, 0.0, -1.0, -1.0, 2.0, 0.0, 2.0, -1.0, 3.0, -1.0, 0.0, -1.0, 1.0, 2.15338058039, 1.0, 1.0, 1.0, 2.51187811949, 2.09259905524, 1e+32
1.0, -1.0, 1.0, 0.0, 0.0, 1.0, 2.0, 1.0, 2.0, 3.0, 1.0, 0.0, -1.0, 2.0, 1.0, 1.0, 0.0, 3.0, -1.0, 3.0, -0.880814462404, 0.0, 2.0, 2.0, 2.0, -1.0, -1.0, 0.0, 2.0, 1.0, 1.0, 0.0, 2.0, -1.0, 1.0, 2.0, 0.0, 1.0, 1.0, 3.0, 2.0, 3.0, 0.0, 2.0, 2.0, 2.0, 3.0, -1.0, 2.0, 0.0, 1e+32
1.0, 2.0, 1.0, 0.0, 1.0, 0.0, 0.0, 0.0, 1.0, -1.0, 1.0, 1.0, 2.0, 3.0, 3.0, 0.0, 0.0, 1.0, 1.0, -1.0, 3.0, 0.0, 0.0, -1.0, 1.0, 2.0, 2.0, 3.0, 2.0, -1.0, 3.0, -1.0, 2.0, 0.0, 3.0, 2.0, 1.0, 3.0, 2.0, -1.0, 0.0, 1.67420321557, 2.0, 2.0, 2.0, 2.0, 0.0, 2.0, 0.416683535807, -1.0, 1e+32
0.0, -1.0, 2.0, 2.0, 0.0, -1.0, 1.0, 1.09802244252, 3.0, 3.0, 1.0, 3.0, 1.0, 3.0, 2.0, 0.0, 3.0, 1.0, 1.0, 0.0, 1.0, -0.177057378585, 1.0, 0.520335489239, 2.0, 0.0, 1.0, 2.0, 0.0, 0.0, -1.0, -1.0, 2.0, 2.0, 3.0, 1.0, 0.0, -1.0, 2.0, 3.0, 1.0, 3.0, 2.0, 1.0, 2.0, 0.0, -1.0, 1.0, 3.0, 2.0, 1e+32
2.0, -1.0, 1.0, 2.0, 2.0, 0.0, 3.0, 2.0, 1.0, -1.0, -1.0, 1.0, 2.0, -1.0, 1.0, 1.0, 1.0, 2.0, 2.0, 0.0, 3.0, 2.0, -1.0, 0.0, 1.0, 3.0, 3.0, 0.0, 3.0, -1.0, 2.0, 1.0, 0.0, -1.0, -1.0, -1.0, 1.0, 0.0, 3.0, -1.0, 0.0, 0.0, 1.0, 0.0, -1.0, 2.0, 1.0, 3.0, 0.0, 3.0, 4102.0
0.0, -1.0, 0.0, -1.0, 1.0, 2.0, 3.0, 2.0, 2.0, -1.0, -1.0, 3.0, 3.0, 0.0, -1.0, 1.0, 1.0, 2.0, 3.0, -1.0, 1.0, 1.0, -1.0, 0.0, 2.0, 1.0, 0.0, 1.0, 1.0, 0.0, 0.0, 2.0, 2.0, 1.0, -1.0, 2.0, 0.0, 2.0, 0.0, 0.0, 1.0, 2.0, 2.0, 2.0, 3.0, 0.0, 3.0, 1.0, 3.0, -1.0, 4421.0
0.0, 0.0, 0.0, 2.0, 1.0, -1.0, -1.0, 2.0, -1.0, 0.0, 3.0, 0.0, 3.0, 0.0, 2.0, 1.0, 2.0, 1.0, 1.0, 3.0, 1.0, -1.0, 2.0, -1.0, 0.0, 2.0, 2.0, 3.0, 3.0, 3.0, 2.0, 0.0, 1.0, 2.0, 0.0, 2.0, 1.0, 0.0, -1.0, 1.0, 1.0, 2.0, 2.0, -1.0, 2.0, 3.0, 3.0, 1.0, 3.0, 0.0, 4484.0
2.0, 2.0, 1.0, 0.0, 3.0, -1.0, 3.0, 1.0, -1.0, 2.0, 2.0, 1.0, 1.0, 3.0, 1.0, -1.0, 1.0, -1.0, 3.0, 3.0, 0.0, 3.0, 2.0, 3.0, 0.0, 2.0, 0.0, 0.0, 2.0, 0.0, 0.0, -1.0, 1.0, 3.0, 1.0, 1.0, 2.0, 2.0, 2.0, 0.0, 2.0, 3.0, 3.0, 1.0, 3.0, 0.0, 0.0, 0.0, 3.0, 0.0, 4484.0
1.0, 3.0, 1.0, 1.0, -0.163105423884, 1.0, 0.0, -1.0, 1.14602353251, 3.0, 2.30729034535, 0.0, 0.0, 1.0, -1.0, 3.0, 0.0, 2.0, 2.0, 3.0, 3.0, 3.0, 1.21518681497, 1.0, 0.21672339336, 0.0, -1.0, 2.0, -1.0, -1.0, 2.0, 2.0, 0.0, 0.0, 2.0, -1.0, 2.0, 3.0, 3.0, 1.0, 3.0, 0.0, 2.0, 0.0, 2.0, 3.0, 2.0, 2.0, 2.0, 0.0, 4446.0
2.0, -1.0, 3.0, 1.0, 1.0, 2.0, 1.0, 2.0, 3.0, 0.0, -1.0, 1.0, 0.0, -1.0, 3.0, 2.0, 2.0, 2.0, 3.0, 3.0, -1.0, 2.0, 1.0, 2.0, 0.0, 0.0, 0.0, 3.0, 3.0, 1.0, 3.0, -1.0, 0.0, -1.0, 1.0, -1.0, 3.0, 1.0, 2.0, 3.0, 2.0, 2.0, -1.0, -1.0, 1.0, 2.0, 3.0, -1.0, -1.0, 1.0, 3728.0
1.0, 0.0, 0.0, 1.0, 2.0, 1.0, 0.0, 1.0, 0.0, 2.0, -1.0, 1.66162089915, -1.0, 0.0, 1.0, 2.0, 3.0, 1.0, -1.0, 1.0, 0.0, 1.0, 3.0, -1.0, 0.0, -1.0, 1.98257786616, 3.0, 2.0, -1.0, 3.0, 3.0, 3.0, 2.0, -1.0, 0.0, -1.0, 1.0, 1.53571579613, 2.0, 2.0, -1.0, -1.0, 2.0, 0.0, 2.0, 2.0, 1.0, 2.0, 3.0, 3958.0
0.0, 0.0, 0.0, 3.0, -1.0, -1.0, 0.0, 1.95433751292, 2.0, 3.0, 1.0, 3.0, 0.481814234847, 0.0, 2.0, 2.83609741014, 0.0, 3.0, 1.0, 2.0, -1.0, 2.0, 1.0, 3.0, 1.0, 0.0, 0.0, 2.0, -1.0, 1.0, 1.0, 2.7762594767, -1.0, 3.0, 2.0, 3.0, 1.0, 0.0, 1.0, 0.0, -1.0, 3.0, 1.0, -1.0, 2.0, 1.0, 3.0, 1.0, 2.0, 2.0, 4429.0
-1.0, 1.0, 3.0, 1.24164429245, 0.0, 3.0, 1.0, -1.0, 3.0, 2.0, 1.0, 3.0, 2.0, 2.0, 0.0, 1.0, 0.0, 1.0, -0.0627421543273, 3.0, 3.0, 1.0, 2.0, 2.0, -1.0, 2.0, 0.0, 0.0, 2.0, 2.0, 0.0, 3.0, 0.0, 0.861790942055, 2.0, 3.0, 1.0, 3.0, 0.0, 0.983550683957, -1.0, 0.0, 2.0, -1.0, 2.0, 1.0, 2.0, 3.0, -1.0, 1.0, 4387.0
3.0, 2.0, 0.0, 0.0, 3.0, 2.0, 2.0, 1.0, 2.0, 0.0, 1.0, 1.0, 0.0, 0.0, 2.0, 0.0, -1.0, 3.0, 1.0, 1.0, -1.0, 1.0, -1.0, 2.0, -1.0, 2.0, 0.0, 1.0, 0.0, 0.0, 1.0, 1.0, 0.0, 2.0, -1.0, 1.0, -1.0, 0.0, 2.0, 0.0, 0.0, 3.0, 3.0, 3.0, -1.0, 1.0, 2.0, 1.0, 1.0, 2.0, 4706.0
0.0, 1.0, 2.0, 2.0, 3.0, 3.0, -1.0, 1.0, 0.0, 0.0, 2.0, 3.0, 3.0, 3.0, -1.0, 1.0, 2.0, 0.0, 0.0, -1.0, -1.0, 2.0, -1.0, 1.0, 2.0, 0.0, -1.0, 1.0, 2.0, -1.0, 2.0, 2.0, 0.0, 1.0, 1.0, 3.0, -1.0, -1.0, 1.0, 3.0, -1.0, 1.0, 2.0, 1.0, 0.0, 0.0, 1.0, -1.0, 2.0, 2.0, 4055.0
1.0, 0.0, 0.0, 1.0, 2.0, 1.0, 0.0, 1.0, 0.0, 2.0, -1.0, -1.0, -1.0, 0.0, 1.0, 2.0, 3.0, 1.0, -1.0, 1.0, 0.0, 1.0, 3.0, -1.0, 0.0, -1.0, 1.0, 3.0, 2.0, -1.0, 3.0, 3.0, 3.0, 2.0, -1.0, 0.0, -1.0, 1.0, 0.0, 2.0, 2.0, -1.0, -1.0, 2.0, 0.0, 2.0, 2.0, 1.0, 2.0, 3.0, 3925.0
3.0, 0.0, 1.0, 2.0, 2.0, 0.0, 0.0, 0.0, -1.0, -1.0, -1.0, 1.0, 3.0, 0.0, 1.0, 0.0, 1.0, 2.0, 0.0, 0.0, 0.0, -1.0, 1.0, 0.0, -1.0, 0.0, 2.0, -1.0, -1.0, 3.0, 1.0, 0.0, -1.0, 3.0, 2.0, 2.0, 2.0, 2.0, 1.0, 1.0, 1.0, 2.0, 2.0, 1.0, 3.0, 2.0, -1.0, 3.0, 3.0, 3.0, 4282.0
1.0, 0.0, 2.0, 3.0, 2.0, 1.0, -1.0, 3.0, 1.79356018132, 2.0, 3.0, 2.0, 0.0, 2.0, 0.0, 1.0, 0.0, 2.0, -1.0, 1.0, 2.51751930753, -0.387629662388, 1.0, 2.0, 1.0, 2.0, 3.0, 1.0, -1.0, 1.0, 3.0, 2.0, 0.0, 3.0, 2.0, 0.0, 1.0, 0.0, 0.0, 0.0, 0.0, 2.20642130501, 2.0, 1.0, 1.03964134362, -1.0, -1.0, -1.0, 0.0, -1.0, 4500.0
-1.0, 0.0, 1.0, 2.0, 0.0, 1.0, 0.0, 3.0, 0.0, 1.0, 2.0, -1.0, 0.0, 2.0, -1.0, 0.0, 2.0, 1.0, 2.0, 3.0, 0.0, 2.0, -1.0, 1.0, 0.0, 3.0, 2.0, 2.0, 1.0, 2.0, 0.0, 2.0, 2.0, 1.0, 0.0, 1.0, 0.0, -1.0, -1.0, 0.0, 1.0, -1.0, 1.0, 0.0, -1.0, 3.0, 1.0, -1.0, 2.0, 3.0, 4601.0
-1.0, 2.0, -1.0, 1.0, -1.0, -1.0, 1.0, 0.0, 3.0, 3.0, 0.0, 1.0, 3.0, 0.0, 2.0, 1.0, -1.0, 0.0, 0.0, 0.0, 1.0, 2.0, 1.0, -1.0, 1.0, 0.0, -1.0, 0.0, 1.0, 1.0, 2.0, -1.0, 2.0, 0.0, -1.0, 2.0, 2.0, 0.0, 2.0, 3.0, 1.0, 1.0, 2.0, 3.0, -1.0, 2.0, 3.0, 1.0, 3.0, 0.0, 4177.0
3.0, 1.0, 2.0, 3.0, -1.0, -1.0, 3.0, 2.0, 1.0, 1.0, 0.0, 3.0, 2.0, 1.0, 3.0, 2.0, 3.0, 0.0, 2.0, 1.0, -1.0, -1.0, -1.0, 3.0, 3.0, 2.0, 1.0, 2.0, -1.0, -1.0, 1.0, -1.0, 1.0, 0.0, 1.0, 2.0, 3.0, 2.0, 3.0, -1.0, 3.0, 1.0, -1.0, 1.0, 3.0, 1.0, 3.0, -1.0, 0.0, 0.0, 3526.0
1.0, 3.0, 1.0, 1.0, 2.0, 1.0, 0.0, -1.0, 1.0, 3.0, 3.0, 0.0, 0.0, 1.0, -1.0, 3.0, 0.0, 2.0, 2.0, 3.0, 3.0, 3.0, 0.0, 1.0, 0.0, 3.0, -1.0, 2.0, 1.0, -1.0, 2.0, 2.0, 0.0, 0.0, 2.0, -1.0, 2.0, 3.0, 3.0, 1.0, 3.0, 0.0, 2.0, 0.0, 2.0, 3.0, 2.0, 2.0, 2.0, 0.0, 4470.0
2.0, -1.0, -1.0, 1.0, -1.0, 1.0, 3.0, 3.0, -1.0, 1.0, 0.0, 3.0, 2.69079884996, 1.0, 3.0, 3.0, -1.0, 3.0, 0.0, 0.0, 0.0, 1.0, 1.0, 2.0, 0.0, 2.0, -1.0, 0.0, 0.0, 0.0, -1.0, 1.0, 1.0, 0.0, 1.0, 2.0, 1.0, 2.0, -1.0, 1.0, 0.0, 2.0, 3.0, -1.0, 3.0, 2.40056517372, 0.0, 1.0, 0.0, 1.0, 4315.0
-1.0, 1.0, 1.07154289927, 0.0, 1.0, 0.0, 3.0, 1.0, 3.0, 2.26382010679, 1.0, 2.0, 0.0, -1.0, 2.0, 2.0, -1.0, 3.0, 3.0, 0.0, 1.0, 1.0, 0.0, 2.0, 1.0, 3.0, 0.0, 1.0, 0.0, 2.0, 1.0, -1.0, -1.0, 1.0, 1.0, 0.0, -1.0, 1.0, 2.36311800811, 1.88078166921, -1.0, 1.0, 0.0, -1.0, 3.0, 0.303929546633, 3.0, 0.0, 3.0, -1.0, 4378.0
1.0, 0.0, 1.0, 0.0, 2.0, 3.0, -1.0, 3.0, -1.0, 1.0, -1.0, 2.0, 1.0, 1.0, -1.0, 2.0, 1.0, 1.0, -1.0, 1.0, 0.0, 1.0, 3.0, 3.0, 0.0, 3.0, 2.0, 0.0, 0.0, 1.0, -1.0, 0.0, -1.0, 0.0, 2.0, 1.0, 0.0, 2.0, -1.0, -1.0, 2.0, 0.0, 1.0, 1.0, -1.0, 0.0, 0.0, 2.0, 0.0, 2.0, 4621.0
2.0, 3.0, 3.0, 1.0, 0.0, 0.0, -1.0, -1.0, 0.0, 0.0, 2.0, 0.0, 1.0, 1.0, 2.0, 2.07967300247, 3.0, 2.0, 0.0, 3.0, 3.0, 2.0, 2.0, 1.0, 3.0, 1.0, 0.0, 0.0, 2.91288151926, 3.0, -0.61702932865, 1.0, 1.0, 0.0, 1.0, -1.0, 2.0, -1.0, 3.0, 1.0, 1.0, 2.0, 0.0, 2.0, 1.0, 2.0, 0.0, -1.0, 2.0, 3.0, 4428.0
0.0, 1.0, 1.0, -1.0, -1.0, 2.0, 1.0, 1.0, -1.0, 0.0, 1.0, 1.0, 2.0, 1.0, -1.0, 2.0, 0.0, -1.0, 0.0, 3.0, 2.0, 3.0, -1.0, -1.0, 2.0, 0.0, 0.0, -0.187463256976, -1.0, 0.0, 3.0, 1.0, 2.0, 2.0, 2.0, -0.247400559351, 2.87876528972, 1.0, -1.0, 2.0, -0.749948409742, -1.0, 2.0, -1.0, -1.0, -0.790853882987, 1.0, -0.445392935873, 1.0, 0.0, 4096.0
0.0, 0.0, -1.0, -1.0, 2.0, 1.0, 1.0, 2.0, 3.0, -1.0, 1.0, 2.0, -1.0, 2.0, 2.0, 0.0, 1.0, -1.0, 1.0, 1.0, 1.0, -1.0, 3.0, 0.0, 1.0, 0.0, 2.0, 0.0, 2.0, -1.0, 2.0, 3.0, 2.0, 1.0, 3.0, 0.0, 3.0, 2.0, -1.0, 0.0, 0.0, -1.0, 3.0, 0.0, 0.0, 3.0, 2.0, 2.0, 2.0, 2.0, 4159.0
0.492237333918, 0.0, 1.0, 0.0, 2.0, 3.0, -1.0, 3.0, -1.0, 1.0, -1.0, 2.0, 1.0, 1.0, -1.0, 2.0, 1.0, 1.0, -1.0, 1.0, 0.0, 1.0, 3.0, 3.0, 0.0, 3.0, 2.0, 0.0, 0.0, 1.0, -1.0, 0.0, -1.0, -0.713546718378, 2.47266134919, 2.11092849898, -0.939432453241, 2.0, -1.0, -1.0, 2.0, 0.0, 1.0, 1.0, -1.0, -0.485168657481, 0.0, 2.0, -0.903455663919, 2.0, 4159.0
1.0, 3.0, 2.0, 2.0, 0.0, 3.0, 1.0, 2.0, -1.0, 0.0, 1.0, 1.0, 1.0, -1.0, 0.0, 1.0, 3.0, 3.0, 3.0, 3.0, 0.0, 0.0, 2.0, -1.0, 3.0, 1.0, 0.0, 3.0, 2.0, 1.0, 0.0, 2.0, -1.0, 0.0, 3.0, -1.0, 1.0, 2.0, 3.0, 2.0, 1.0, 0.0, 1.0, 3.0, 2.0, 2.0, 3.0, 0.0, -1.0, -1.0, 4478.0
1.0, 1.0, 2.0, 1.0, 2.0, 1.0, 0.0, 3.0, 3.0, 3.0, 0.0, -1.0, 1.0, 0.0, 1.0, -1.0, 1.0, 1.0, -1.0, 2.0, 2.0, 1.0, 2.0, 0.0, -1.0, 2.0, 2.0, 2.0, -1.0, 0.0, 0.0, 0.0, 0.0, -1.0, 0.0, 1.0, 1.0, 0.0, 2.0, 1.0, -1.0, 0.0, 2.0, 3.0, 3.0, -1.0, 0.0, 2.0, 0.0, -1.0, 4386.0
2.0, -1.0, 1.0, 1.0, 0.0, 3.0, 1.0, 1.96744282372, 0.0, 0.0, -1.0, 3.0, -1.0, -1.0, 1.0, 2.0, 1.07833371634, 2.0, 0.0, 2.0, -1.0, 1.0, 1.0, 2.0, -1.0, 3.0, 2.0, -1.0, 0.0, 3.0, -1.0, 3.0, 1.0, 3.0, 2.0, 2.0, 2.0, 1.0, 1.0, 0.0, 0.0, 0.0, 1.0, 1.0, 0.0, 2.0, 2.0, 2.0, 0.0, 3.0, 4498.0
0.0, 0.0, -1.0, -1.0, 2.0, 1.0, 0.912081395312, 2.0, 3.0, -1.0, 1.0, 2.20064894246, -1.0, 2.0, 2.0, 0.0, 1.02180226909, -1.0, 1.0, 1.0, 1.0, -1.0, 3.0, 0.0, 1.0, 0.0, 2.0, 0.0, 1.49070718742, -1.0, 2.0, 3.0, 2.0, -0.204082042516, 3.0, 0.0, 3.0, 2.0, -1.0, 0.0, 0.0, -1.0, 3.0, 0.0, 0.0, 3.0, -0.512313461499, 2.0, 2.0, 0.698305637295, 4193.0
1.0, 2.0, 0.355424920975, 0.0, 0.0, 1.41472593401, 1.0, -1.0, -1.0, 1.0, 3.0, 3.0, 1.0, 2.0, 1.0, 2.0, -1.0, 2.0, 2.0, 2.0, 2.0, 3.0, 0.0, 1.0, -1.0, 3.0, 0.0, 1.0, 0.0, 3.0, 1.0, 1.0, 3.0, 2.0, 1.0, -0.113430229691, 3.0, 3.0, 3.0, 0.0, 2.0, 0.0, 0.0, 0.0, 2.0, 2.0, 2.0, -0.81797659358, 0.0, 1.0, 4679.0
1.0, 0.0, 2.0, 1.0, 0.0, -1.0, 2.0, 0.0, 3.0, 2.0, 0.0, -1.0, 1.0, 0.0, 1.0, 0.0, -1.0, 0.0, 2.0, 3.0, 2.0, 2.0, 1.0, 2.0, 2.0, 0.0, 1.0, 1.0, 1.0, 2.0, 1.0, 1.0, 3.0, 0.0, 3.0, -1.0, -1.0, 0.0, 1.0, 0.0, 0.0, 2.0, -1.0, 3.0, 2.0, 3.0, 2.0, -1.0, -1.0, -1.0, 4394.0
1.0, 0.0, 2.0, 1.0, 0.0, -1.0, 2.0, 0.0, 3.0, 2.0, 0.0, -1.0, 1.0, 0.0, 1.33136390494, 0.0, -1.0, 0.0, 2.0, 3.0, 2.0, 2.0, 1.0, 2.0, 2.0, 0.0, 1.0, 1.0, 1.0, 2.0, 1.0, 1.0, 3.0, 0.0, 3.0, -1.0, -1.0, 0.0, 1.0, 0.0, 0.0, 2.0, -1.0, 3.0, 2.0, 3.0, 2.0, -1.0, -1.0, -1.0, 4394.0
1.22329854335, 1.0, 2.0, 2.0, 1.0, 1.0, 1.0, 1.0, 2.0, 3.0, 2.0, 1.0, 2.0, 2.0, 0.0, 0.0, 0.0593072629295, 3.0, 3.0, 0.0, -1.0, 1.0, -1.0, -1.0, -1.0, 3.0, 2.49889599288, 2.0, 2.69558046284, 0.0, 2.0, 0.0, 3.0, 0.0, 1.0, 3.0, 1.0, 0.0, 1.0, 2.0, 2.0, -1.0, 1.0, 0.0, 0.0, 1.0, 3.0, 2.0, 0.0, 3.0, 4612.0
-1.0, 0.0, 0.0, 1.0, 1.0, 3.0, -1.0, -1.0, 1.0, 2.0, -1.0, 3.0, 1.0, 1.0, 2.0, 3.0, 2.0, 0.0, 2.0, 2.0, -1.0, 1.0, 2.0, 1.0, 2.0, 1.0, -1.0, 0.0, 1.0, 0.0, 2.0, 0.0, 0.0, 0.0, 0.0, 3.0, 0.0, 0.0, 3.0, 1.85463600643, 3.0, 1.0, 3.0, 3.0, 1.62166146557, 2.0, 3.0, 3.0, 2.0, 3.0, 4419.0
0.0, -1.0, 3.0, 1.0, 3.0, -0.33308048679, 1.0, -1.0, 0.0, -1.0, -1.0, 1.0, -1.0, 3.0, 1.54685386579, 2.0, 3.0, -1.0, 0.0, 1.0, -1.0, 0.0, 1.0, 2.22256050424, 2.0, 0.0, 2.0, 2.0, -1.0, 0.0, 1.0, 2.45759060258, 2.0, 0.0, 1.0, 3.0, 0.0, 1.0, -1.0, 2.0, 2.0, 1.0, -0.36788309296, 1.0, 3.0, -1.0, 2.55568717149, 2.0, 2.0, 0.440047607037, 4125.0
3.0, 1.0, 1.0, 1.0, 3.0, 0.0, 1.0, 2.0, 2.0, -1.0, 0.0, 2.0, 2.0, 1.0, 0.0, 3.0, 0.0, 1.0, 1.0, 1.0, 0.0, 0.0, 1.0, 0.0, -1.0, 0.0, 3.0, 1.0, -1.0, 2.0, 3.0, -1.0, 2.0, 2.0, 0.0, 2.0, 2.0, 2.0, 0.0, 3.0, 1.0, -1.0, 1.0, -1.0, 0.0, 3.0, 3.0, 0.0, 3.0, 3.0, 4444.0
1.0, -1.0, 3.0, 2.0, -1.0, 1.0, 0.0, 0.0, 1.0, 2.0, 2.0, 3.0, 3.0, -1.0, 0.0, 0.0, 0.0, -1.0, 2.0, 0.0, 1.0, -1.0, 0.0, 0.0, 1.0, 2.0, 3.0, 2.0, 1.0, 2.0, 1.0, 3.0, 1.0, -1.0, 2.0, -1.0, 2.0, 2.0, 3.0, 1.0, 1.0, 0.0, -1.0, 0.0, 3.0, 2.0, 3.0, 1.0, 2.0, 3.0, 4368.0
