-1.0, 2.0, 2.0, 3.0, 1.0, 3.0, -0.910605471293, 0.0, 0.0, 1.0, -1.0, 3.0, 1.50112861157, 2.0, 2.0, 0.848200268001, 2.0, 1.0, 3.0, -1.0, -1.0, -1.0, 2.0, 2.0, -1.0, -1.0, 0.0, 1.0, 3.0, -1.0, 1.0, 1.0, 0.0, 1.0, -0.774888007318, -1.0, 0.0, 1.86529758613, 1.0, -1.0, -1.0, 2.0, 0.0, 0.0, -1.0, -1.0, 3.0, 0.0, -1.0, 3.0, 97088.0, 444.0, 99566.0
1.0, 2.0, 2.91896557226, 2.0, -1.0, 0.0, -1.0, -0.505481323252, 0.49422049043, -1.0, 0.0, 2.0, 0.328599567177, -1.0, 0.0, 0.0, 0.0, 2.0, -1.0, -1.0, 0.0, -1.0, 3.0, 3.0, 1.0, 0.0, 1.0, -0.933438584589, -0.923752194473, 2.10450214233, 1.0, -1.0, 2.87493233737, 2.78597355588, 2.0, -0.850062511816, 2.0, 2.53099870188, 2.0, 0.0, -1.0, 2.0, 0.0, -1.0, 0.183948649651, -1.0, 2.0, -1.0, 1.0, 1.0, 96782.0, 454.0, 99566.0
1.32746526426, 1.0, 1.0, 2.85700148439, 1.0, 2.0, 1.64874386393, 1.0, 0.0, 2.0, 0.0, 1.0, 2.0, 0.0, -0.031495111535, 0.16608823415, 1.00287431841, 3.0, 2.65525500534, 0.0, 0.0, 2.0, 0.0, 1.0, -0.37182702073, 2.0, -0.227245749638, 0.0, 1.0, 1.0, 0.0, 2.0, 3.0, 1.02544863958, 1.0, 2.05700497173, 3.0, 3.0, 2.0, 0.0, 2.0, 2.0, 1.68429844331, 0.0, 2.0, 0.174159655378, -1.0, 0.0, 2.422154031, 1.0, 95514.0, 666.0, 99367.0
1.32746526426, -0.114182324071, 1.0, 2.0, 1.0, -1.0, 1.64874386393, 1.0, 0.0, 1.47353435399, 0.0, 1.0, -0.31084713259, 0.0, -0.031495111535, 0.16608823415, 1.0, 3.0, 2.65525500534, 0.0, 0.0, 2.0, 0.0, 1.0, 1.63931816975, 1.6895385187, -0.227245749638, 0.0, 1.0, 1.0, 0.0, 2.0, 2.42724871822, 1.02544863958, 0.420011701216, 2.05700497173, 3.0, 2.61401274572, 2.0, 0.0, -1.0, -0.176745651065, 1.68429844331, 0.0, 2.0, 0.174159655378, -1.0, 0.0, 2.14733318228, 1.0, 95386.0, 633.0, 99391.0
1.32746526426, -0.114182324071, 1.0, 2.0, 1.0, -1.0, 1.64874386393, 1.0, 0.0, 2.0, 0.0, 1.0, 2.0, 0.0, -0.031495111535, 0.16608823415, 1.0, 3.0, 2.65525500534, 0.0, 0.0, 2.0, 0.0, 1.0, 1.63931816975, 2.0, -0.227245749638, 0.0, 1.0, 1.0, 0.0, 2.0, 2.42724871822, 1.02544863958, 1.0, 2.05700497173, 3.0, 2.61401274572, 2.0, 0.0, 2.0, -0.176745651065, 1.68429844331, 0.0, 2.0, 0.174159655378, -1.0, 0.0, 2.14733318228, 1.0, 95449.0, 647.0, 99374.0
0.0, -1.0, 0.792653270783, 2.43500866297, -1.0, -1.0, -0.554167784472, 2.0, 0.0, 3.0, 3.0, 3.0, 2.95014213566, -1.0, 3.0, 2.84722397379, 0.0, -0.163179211094, 0.0, -1.0, -1.0, -0.887690407605, -1.0, 3.0, 1.0, 2.0, -0.782623092864, 1.0, -1.0, 3.0, 3.0, -1.0, 0.0, 3.0, 2.0, 2.0, 1.0, 0.0291862324518, -1.0, 2.0, 0.0, 1.76123902811, 2.0, -1.0, -0.941660892971, 1.0, 0.0, 2.0, -1.0, 3.0, 97067.0, 449.0, 99552.0
-1.0, 1.07616574159, 1.53354196336, 3.0, 0.310496968896, 2.97498941949, 2.0, 0.0, 0.0, 1.0, -1.0, 3.0, 0.0, 2.0, 1.0, 1.0, 2.0, 1.0, 0.929846392167, -1.0, -1.0, -1.0, -0.492074773161, 0.145152918793, -1.0, -1.0, 0.0, 1.0, 3.0, -1.0, 1.0, 1.0, 0.744460297934, 1.0, 0.0, 0.31072756831, 0.949439876626, 0.870455217546, 1.0, -1.0, -1.0, 2.0, 0.0, 0.0, 1.07046785441, 1.0, 3.0, 1.29668229843, -1.0, 3.0, 96320.0, 506.0, 99496.0
1.0, -0.349865859139, 2.0, -1.0, 1.0, 0.0, 2.0, 2.0, 2.0, -1.0, 3.0, 2.0, 1.24046799365, 2.0, 3.0, 0.347370705507, 1.0, -1.0, 0.0, 1.28682236596, 3.0, -1.0, 1.0, -0.785139664235, 1.0, 1.73398866006, 1.0, 3.0, 0.894951206252, 1.0, 0.0, 2.0, 1.0, 3.0, 0.0591215795225, -1.0, -1.0, 1.0, 3.0, 0.0, -1.0, 0.0, 1.53003869042, -1.0, 2.0, 2.0, 0.0, -1.0, -1.0, 0.0, 96355.0, 503.0, 99487.0
-1.0, 1.07616574159, 2.0, 3.0, 1.0, 2.97498941949, 2.0, 0.0, 0.0, 1.0, -1.0, 3.0, 0.0, 2.0, 1.0, 1.0, 2.0, 1.0, 1.0, -1.0, -1.0, -1.0, -0.492074773161, 0.145152918793, -1.0, -1.0, 0.0, 1.0, 3.0, -1.0, 1.0, 1.0, 0.744460297934, 1.0, 0.0, 0.31072756831, 0.949439876626, 0.870455217546, 1.0, -1.0, -1.0, 2.0, 0.0, 0.0, -1.0, 2.0, 3.0, 1.29668229843, -1.0, 3.0, 96498.0, 493.0, 99511.0
0.261175659423, 2.0, 2.0, 3.0, 1.0, 3.0, 2.0, 0.815903225665, 0.371123368693, 1.0, -1.0, 3.0, 0.0609312929997, 2.0, 2.0, 1.0, 2.0, 1.0, 3.0, -1.0, -1.0, -1.0, 0.0114457101676, 2.0, -1.0, -1.0, -0.965903696702, 1.0, 3.0, -1.0, 1.0, 1.0, 0.0, 2.91549595536, 0.0, -1.0, 0.0, 2.0, 1.0, -1.0, 2.49126045325, 2.0, 0.0, 2.0, -1.0, -1.0, 3.0, 0.0, -1.0, 3.0, 96592.0, 485.0, 99515.0
-1.0, 3.0, 2.0, 1.0, 3.0, -0.158201192755, 0.0, 0.0, 1.0, 2.0, 3.0, 3.0, 0.854448074806, 1.0, -0.659803361512, 0.0, 0.0, -0.411900174025, 3.0, 0.0, 2.0, 1.0, 1.0, 0.0, 0.0, 3.0, 3.0, 1.0, 2.0, 2.0, 1.68571816647, 2.0, 3.0, 0.0, 2.0, 2.0, 1.0, 2.0, 2.0, 3.0, 2.0, 1.0, 2.0, 2.0, 0.0, 1.0, 1.0, 2.0, 0.0, 1.50953132727, 95674.0, 656.0, 99371.0
0.261175659423, 2.0, 2.0, 3.0, 1.0, 3.0, 2.0, 0.815903225665, 0.0, 1.0, -1.0, 3.0, 0.0609312929997, 2.0, 2.0, 1.0, 2.0, 1.0, 3.0, -1.0, -1.0, -1.0, 2.0, 2.0, -1.0, -1.0, 0.0, 1.0, 3.0, -1.0, 1.0, 1.0, 0.0, 2.91549595536, 0.0, -1.0, 0.0, 2.0, 1.0, -1.0, 2.49126045325, 2.0, 0.0, 2.0, -1.0, -1.0, 3.0, 0.0, -1.0, 3.0, 96634.0, 498.0, 99506.0
-1.0, 2.24153765564, 2.0, -0.652862990828, 3.0, -0.158201192755, 0.0, 0.0, 1.0, 2.0, 3.0, 3.0, 0.854448074806, 1.0, -0.659803361512, -0.468555585625, 0.0, -0.411900174025, 3.0, 0.0, 2.76105409565, 1.0, 1.0, 0.0, 0.0, 3.0, 3.0, 1.0, 2.0, 2.0, 1.68571816647, 2.0, 3.0, 0.0, 2.0, 2.0, 1.0, 2.0, 2.0, 1.0046706024, 2.0, 1.0, 2.0, 2.0, 0.0, 1.0, 1.0, 2.0, 0.0, 1.50953132727, 95723.0, 639.0, 99379.0
-1.0, 1.07616574159, 2.0, 3.0, 1.0, 3.0, -0.0758214529177, 0.0, 0.0, 1.0, -1.0, 3.0, 1.0, 2.0, 1.0, 1.0, 2.0, 1.0, 3.0, -1.0, -1.0, -1.0, -0.808924380619, 2.0, -1.0, -1.0, 0.0, 1.0, 3.0, -1.0, 1.0, 1.0, -0.923216995667, 1.0, 0.0, -1.0, 0.0, 2.0, 0.165251943861, -1.0, -1.0, 2.98953518607, 0.0, 2.0, -1.0, -1.0, 3.0, 0.0, -1.0, 3.0, 96952.0, 446.0, 99561.0
-1.0, 2.33534950628, 2.0, -1.0, -1.0, 1.55444983554, 3.0, 3.0, 1.95767075226, 1.80689538376, -1.0, -1.0, 0.976469604269, 1.0, -1.0, 1.0, -0.70042983117, 0.0, -0.606389400542, -0.989612707094, -1.0, 0.0, 2.0, 1.0, -0.0583560185921, 2.0, 2.0, 0.0, 0.0, 2.0, -1.0, 1.06352258488, 3.0, 1.0, 1.60653117225, 3.0, 3.0, 3.0, -1.0, 1.52035807391, -0.800168109127, 1.0, 0.0, 0.0, 1.50219552357, 1.0, 1.0, 1.76177240309, 0.337599641787, -0.496443629668, 96446.0, 499.0, 99512.0
-1.0, 1.07616574159, 2.0, 3.0, 1.0, 3.0, 2.0, 0.0, 0.0, 1.0, -1.0, 3.0, 1.0, 2.0, 1.0, 1.0, 2.0, 1.0, 3.0, -1.0, -1.0, -1.0, -0.808924380619, 2.0, -1.0, -1.0, 0.0, 1.0, 3.0, -1.0, 1.0, 1.0, 0.0, 1.0, 0.0, -1.0, 0.0, 2.0, 1.0, -1.0, -1.0, 2.0, 0.0, 2.0, -1.0, -1.0, 3.0, 0.0, -1.0, 3.0, 96905.0, 457.0, 99548.0
-1.0, 2.86097260763, 2.0, 3.0, 1.0, 3.0, 2.0, -0.201956899952, 0.0, 2.60077036424, -1.0, 1.75721130281, 1.53402188973, 2.0, 1.88864889108, 1.0, 2.33806347008, -0.668889991545, 1.0, -1.0, -1.0, -1.0, -0.808924380619, 2.0, -1.0, -1.0, -0.48620278451, 1.0, 0.0, -1.0, 1.0, 1.0, 0.0, -0.50850446853, -0.0855634313819, 0.31072756831, 0.949439876626, 0.870455217546, 0.981581653976, -1.0, -1.0, 2.0, 1.0, 2.0, -1.0, 2.0, 2.04285088181, 0.685343417864, -1.0, 3.0, 96994.0, 456.0, 99540.0
-1.0, 2.0, 2.0, 3.0, 1.0, 3.0, 2.0, 0.0, 0.0, 1.0, -1.0, 3.0, 1.0, 2.0, 2.0, 1.0, 2.0, 1.0, 3.0, -1.0, -1.0, -1.0, 2.0, 2.0, -1.0, -1.0, 0.0, 1.0, 3.0, -1.0, 1.0, 1.0, 0.0, 1.0, 0.0, -1.0, 0.0, 2.0, 1.0, -1.0, -1.0, 2.0, 0.0, 2.0, -1.0, -1.0, 3.0, 0.0, -1.0, 3.0, 96857.0, 470.0, 99534.0
-1.0, 0.0, 0.548624487121, 1.0, 1.0, -1.0, 0.0, 1.0, 2.0, -1.0, 0.0, 2.0, 0.274662701215, -1.0, 2.0, 2.0, -1.0, -0.802875368053, 2.0, 0.0, 2.0, 1.0, 1.0, 1.0, 0.0, 3.0, 2.0, -1.0, 0.0, 2.0, 0.0, 2.0, 1.0, 3.0, 0.0, 2.44577979599, 0.0, -1.0, 0.0, -1.0, 1.0, 1.0, 2.0, -1.0, 2.0, 3.0, 2.0, 1.0, 1.0, 3.0, 96274.0, 524.0, 99465.0
1.0, 2.0, 2.0, 2.0, -1.0, 0.0, -1.0, 0.222478498321, 3.0, -1.0, 0.0, 2.0, 0.328599567177, -1.0, 0.0, 0.0, 0.0, 1.0, -1.0, -1.0, 0.0, -1.0, 3.0, 3.0, 1.0, 0.0, 1.0, -1.0, -0.923752194473, 2.77209871538, 1.0, -1.0, 2.82013723112, 3.0, 2.0, 0.0, 2.0, 2.0, 2.0, 0.0, -1.0, 2.0, 0.0, -1.0, 0.0, -1.0, 2.0, -1.0, 1.0, 1.0, 96649.0, 477.0, 99540.0
-1.0, 0.0, 0.273044653463, 1.0, 2.73587417685, -1.0, 0.0, 1.0, 2.0, 0.805001885523, -0.00962475523766, 2.0, 0.607325647729, -1.0, 1.19110289945, 2.0, -1.0, -0.802875368053, 1.73482319745, -0.610398526908, 2.0, 1.0, 1.0, -0.522358037058, 0.0, 3.0, 2.0, -1.0, 0.0, 1.18406576191, 0.0, 2.0, 1.0, 3.0, 1.32411871693, 2.44577979599, 0.0, -1.0, -0.979882540154, -1.0, 1.0, 1.0, 2.0, 0.740111747182, 2.0, 3.0, 2.44151847107, 1.0, 1.0, 3.0, 96341.0, 517.0, 99479.0
0.186259349652, 2.0, 2.0, 3.0, 1.0, 3.0, 2.0, 0.815903225665, 0.371123368693, 1.0, -1.0, 3.0, 0.0609312929997, 1.04284932885, 2.17336132942, 1.0, 2.0, 1.0, 3.0, -1.0, -1.0, -1.0, 0.0114457101676, 1.89395378796, -1.0, -1.0, -0.965903696702, 1.0, 3.0, -1.0, 1.0, 1.0, -0.72117988459, 2.91549595536, 0.703723545807, -1.0, 0.0, 2.0, 1.0, -1.0, 2.49126045325, 2.0, 0.0, 2.0, -1.0, -1.0, 3.0, 0.0, -1.0, 3.0, 96697.0, 474.0, 99528.0
0.0, 0.0, 1.0, 3.0, 2.0, 1.0, 0.0, 2.0, 0.0, 0.0515296383593, 1.0, 1.0, 0.0, 2.0, 0.236018390896, 0.0, 3.0, 2.0, 0.61748125758, 0.217522151001, -1.0, 0.0, 0.0, 1.06894711105, 2.0, 0.0, 0.0, 3.0, 0.979661455579, 0.0, 1.0, 2.0, 2.0, -1.0, 1.0, 1.01461853802, 0.300794592328, 2.0, -0.669032722208, -1.0, -1.0, 0.0, 0.0, 1.64447807493, -0.410973054396, 1.0, 1.0, 3.0, 1.0, 3.0, 95454.0, 611.0, 99411.0
1.2374085686, 1.0, 0.0, -0.419410117221, 0.645644979407, 1.0, 2.0, 2.0, 1.28289901711, 1.0, -1.0, 1.0, 0.0, -1.0, -1.0, -0.392591636222, 1.0, 2.0, -0.800318344493, 0.0, 1.0, -1.0, 1.0, -0.766038612832, -1.0, 0.0, 2.0, 2.0, -1.0, 2.75887079141, 1.31974881796, 1.0, -1.0, 2.29155114668, 3.0, 1.0, -1.0, 1.0, -1.0, 3.0, 1.0, 1.50963482883, 2.0, 0.0, 1.0, 2.0, 0.0, 0.0, 3.0, 0.654724197806, 96205.0, 521.0, 99478.0
-1.0, -1.0, 0.0, -1.0, -1.0, 0.0414628214901, 3.0, 3.0, -1.0, 1.80689538376, 2.0, -1.0, 1.755465355, 1.0, -1.0, 1.0, -0.458363672384, 0.0, -0.606389400542, -1.0, -1.0, 0.0, 2.0, 0.232723263235, 1.0, 2.0, 2.0, 0.0, 0.0, 2.0, -1.0, 1.0, 3.0, 1.0, 2.0, 0.0, 3.0, 0.0, -1.0, 1.0, -1.0, 1.0, 0.0, 0.0, 1.50219552357, 1.0, 1.0, 2.0, 2.0, 2.0, 96319.0, 511.0, 99514.0
-1.0, 1.07616574159, 2.0, 3.0, 1.0, 3.0, 2.0, -0.983045135614, -0.11734970951, 1.0, -1.0, 3.0, -0.31084713259, 2.0, 1.0, 1.0, 1.34714854696, 1.0, 1.57428145867, -1.0, -1.0, -1.0, -0.882231541849, 2.0, -1.0, 2.0, 0.0, 1.0, 3.0, -1.0, 1.0, 0.0564721032308, 0.0, 1.0, 0.0, -1.0, 0.0, 2.0, 1.58957905852, -1.0, -1.0, 2.2675000176, 0.0, 2.0, -1.0, -1.0, 0.790201685278, 0.0, -1.0, 3.0, 96831.0, 461.0, 99548.0
0.261175659423, 2.0, 2.0, 3.0, 1.0, 3.0, 2.0, 0.815903225665, 0.625589600372, 1.0, -1.0, 3.0, 0.0609312929997, 2.0, 2.0, 1.0, 2.0, 1.0, 3.0, -1.0, -1.0, -1.0, 2.0, 2.0, -1.0, -1.0, -0.109394771782, 1.0, 3.0, -1.0, 1.0, 1.0, 0.0, 2.91549595536, 0.0, -1.0, 0.0, 2.0, 1.0, -1.0, 2.14078844399, 2.0, 0.0, 2.0, -1.0, -1.0, -1.0, 0.0, -1.0, 3.0, 96741.0, 484.0, 99521.0
0.0, 0.0, 2.14140970996, 3.0, 2.0, 1.0, 0.0, 2.76699562675, 0.0, 1.0, 1.0, 1.0, 0.207058824096, 2.28528198957, 2.0, 0.0, 3.0, 2.0, 0.0, 0.0, -1.0, 0.0, 0.0, 0.861558599568, 2.0, 0.0, 0.0, 3.0, 1.0, 0.0, 1.0, 2.0, 2.0, -0.622349182668, 1.0, 0.0, 2.0, 2.84099264415, 2.37631097759, -1.0, -1.0, -0.457748767731, 0.0, 2.44182272609, 2.63473026091, 1.0, 1.0, 1.64554433838, 1.0, 3.0, 95632.0, 622.0, 99397.0
2.0, 1.0, 0.0, 0.0, 0.0, -0.16142174082, 1.41861126167, 2.0, 3.0, 1.0, 2.32294763535, 1.0, 0.0, -1.0, -1.0, 0.0, -1.0, 2.0, 2.0, 0.0, 1.0, -1.0, 1.0, -0.791018240322, -1.0, 0.0, 1.63331217465, 2.0, -1.0, 0.245469911268, 2.11751436659, 1.0, 0.0, 3.0, 2.74846908612, -0.940835811415, -1.0, 1.0, -1.0, 3.0, 1.0, 2.0, 2.0, 1.00468009895, 1.0, 2.13043909182, 0.0, -0.458328598199, 1.0158832455, 0.0, 96120.0, 531.0, 99469.0
-1.0, 1.85234177317, 2.0, 3.0, 1.0, 2.97498941949, 2.0, 0.0, 0.0, 1.0, -1.0, 1.23145911682, 2.42507090224, 2.0, 1.0, 1.0, 2.0, 1.0, 0.459972697078, -1.0, -1.0, -1.0, -0.808924380619, 0.145152918793, -1.0, -1.0, 0.0, 1.0, 3.0, -1.0, 1.0, 1.0, 0.744460297934, 1.0, 0.0, 0.31072756831, 0.949439876626, 0.870455217546, 1.0, -1.0, -1.0, 2.0, 0.0, 2.0, -1.0, 1.38572397726, 3.0, 1.29668229843, -1.0, 3.0, 96768.0, 480.0, 99525.0
2.83404989381, 1.88566479308, 1.0, 0.10216331339, 0.0, 0.0, 2.0, 0.790382205571, 1.0, 3.0, 0.0, 2.0, 1.0, 2.40256157732, 1.0, 1.0, 0.0, 3.0, 2.0, 1.0, 0.0, 3.0, 0.0, 2.0, 0.971557435455, 1.84977589479, 2.0, 2.0, 3.0, 0.0, 0.827430063237, 1.63308440184, 0.0, 3.0, 3.0, 3.0, 1.0, -0.358910603199, 1.0, 0.0, 1.04545077351, 0.0, 2.0, 0.0, 2.0, 1.0, 2.31529935774, -1.0, 3.0, 1.0, 95682.0, 665.0, 99368.0
-1.0, 0.0, 0.548624487121, 1.0, 1.0, -1.0, 0.0, 1.0, 2.0, -1.0, 0.0, 0.451862823604, 0.274662701215, -1.0, 2.0, 2.0, -1.0, -0.802875368053, 2.0, 1.68095470288, 2.0, 1.0, 1.0, 1.0, 0.0, 3.0, 0.763658700894, -1.0, 0.0, 2.34106457238, 0.0, 2.0, 1.0, 3.0, 0.0, 2.44577979599, -0.640745657955, -1.0, 1.3577374369, -1.0, 1.0, 1.0, 2.93690943606, -1.0, 2.0, 3.0, 2.0, 1.0, 1.0, 3.0, 96378.0, 505.0, 99470.0
0.0, 0.0, 1.0, 3.0, 2.0, 1.0, 0.0, 2.0, 0.0, 1.0, 1.0, 1.0, 1.0, 2.28528198957, 2.0, 0.0, 3.0, 2.0, 0.0, 0.0, -1.0, 0.0, 0.0, 1.0, 2.0, 0.0, 0.0, 3.0, 1.0, 0.0, 1.0, 2.0, 2.0, 0.0, 1.0, 3.0, 2.0, 2.84099264415, 2.37631097759, -1.0, -1.0, 0.0, 0.0, 2.0, 2.63473026091, 1.0, 1.0, 3.0, 1.0, 3.0, 95570.0, 632.0, 99389.0
1.06112626147, 2.52103275564, 2.0, 3.0, 1.0, 3.0, 2.0, 0.0, 0.0, 1.0, -1.0, 3.0, 1.0, 2.0, 2.0, 1.0, 2.0, 1.0, 3.0, -1.0, -1.0, -1.0, 2.0, 2.0, -1.0, -1.0, 0.0, 1.0, 3.0, -1.0, 1.0, 1.0, 0.0, 0.960902600401, 0.0, -1.0, 0.0, 2.0, 1.0, -1.0, -1.0, 2.0, 0.0, 2.0, -1.0, -1.0, 1.21879550892, 0.0, -1.0, 3.0, 96689.0, 484.0, 99523.0
-0.31387963412, 1.0, 2.0, 1.0, 2.0, -1.0, 1.0, 3.0, 0.0, 1.0, 3.0, 1.0, 2.0, -1.0, 2.0680657089, 1.0, 0.0, 3.0, 1.0, 3.0, 2.0, 3.0, 0.0, 1.0, 0.0, 2.4120667529, 2.0, -0.0844498375394, 0.0, 2.0, 0.0, 2.0, -1.0, 1.0, 1.0, 0.0, -1.0, 3.0, 2.0, 2.36485287833, 2.41813064779, 0.0, 2.0, 1.0, 1.45178646228, 0.0, 2.0, 0.0, 3.0, 0.0, 95662.0, 619.0, 99385.0
-1.0, 1.0, -1.0, 3.0, 3.0, -1.0, 2.0, 1.0, 0.779257784705, -0.0145743867444, 0.0, 1.0, 0.0, 0.0, 0.0, 0.975867525569, 1.0, 2.0, 2.22581262687, 0.0, 1.0, 2.20745771931, 2.0, -0.299117589639, -0.541242190659, -1.0, 2.0, -1.0, 0.0, 2.0, 1.0, -1.0, 2.0, 0.0, 0.0, -1.0, -1.0, 0.0, -1.0, 0.386389082223, 3.0, 2.0, 2.0, 0.0, 0.175331454816, 3.0, 1.0, 2.0, 2.0, 1.0, 96027.0, 535.0, 99471.0
0.0, 2.0, 2.0, 1.0, 0.0, 3.0, -1.0, 0.0, 1.0, 0.0, -1.0, 0.483393654132, 1.0, 3.0, 1.0, 0.0, 1.0, 3.0, 3.0, -0.978452388314, -0.345299212797, -1.0, 2.46250272816, 0.0, 0.0524009424423, 2.0, 0.0, 3.0, -1.0, 1.0, 1.0, 0.0, -1.0, 3.0, 1.0, -0.735287524408, -1.0, 2.0, -0.274100534554, -1.0, 2.08715344628, 2.0, -0.199147571108, 2.0, 0.0, 1.54583626107, 0.0208053565259, 0.0, 0.0, 3.0, 95953.0, 537.0, 99459.0
1.0, 2.0, 3.0, -1.0, -0.293653668121, -0.57939765665, 1.0, 3.0, 3.0, 0.142288664758, 3.0, 1.0, 0.0, 2.0, 3.0, 0.0, 2.48904653864, 2.0, 0.0, 2.0, -1.0, 0.0, -0.632477429725, 1.0, 2.0, 0.0, 1.44690046362, 0.0, 3.0, 0.0, 2.9725830303, 0.0, 1.0, 0.678861107145, 2.0, -1.0, -1.0, 2.34278398688, 1.0, 1.0, 3.0, 2.0, 0.694894995856, 1.0, 0.0, -1.0, -1.0, 1.17853651267, 0.349618310619, 1.0, 96119.0, 560.0, 99434.0
1.0, 0.0, 1.0, 0.0, 1.0, 0.2218568248, 1.0, 2.0, 0.0, -0.0885524673979, -1.0, 2.0, 0.0, 3.0, 1.0, 2.0, 2.0, 1.0, 2.0, -1.0, -0.0156092805496, 2.0, 2.0, 3.0, 2.0, -1.0, 1.24785165104, 3.0, -0.426540989476, 0.0, -1.0, 3.0, -0.286926657247, -0.711031658014, 1.36323687308, -1.0, 0.0, 1.34781385305, 0.0, 0.0, 0.0, 2.0, 1.16878724608, 0.0, 0.50332730409, 0.96474709614, 1.0, -0.183960322214, 1.18156896962, 2.17930748732, 95527.0, 599.0, 99422.0
1.2374085686, 1.0, 0.0, -0.637396241587, 0.0, 1.94363008911, 2.0, 2.0, 3.0, 1.0, -1.0, 1.0, 0.0, -1.0, -1.0, -0.392591636222, 1.0, 2.0, 1.0, 0.0, 1.0, -1.0, 1.0, 0.0, -1.0, 0.0, 2.98010937145, 2.0, -1.0, -0.0313776271883, 1.95995990472, 1.0, 0.0, 3.0, 3.0, 1.0, -1.0, 1.0, -1.0, 3.0, 1.0, 2.0, 2.0, 0.0, 1.0, 2.0, 0.0, 0.0, 3.0, 0.654724197806, 96079.0, 543.0, 99446.0
3.0, 0.77407647728, 1.0, -1.0, 2.0, 1.0, 1.95196924161, 0.0, 2.58328862, 2.0, -1.0, 1.0, 2.0, -0.396264786393, 2.0, 0.85893374566, 1.00287431841, -0.310200464311, 2.0, -1.0, 2.0, -0.145454929478, 0.0, 2.93988845314, 2.93980987132, 2.0, -1.0, 2.0, 0.260336974322, 1.72901187018, 1.63619968667, 0.970565723721, 0.0, 3.0, 3.0, 2.90308956844, 3.0, 2.0, 2.0, 2.0, 2.0, 0.0, 3.0, 0.0, 3.0, 0.0, 3.0, 1.0, -0.2975189785, 1.0, 95988.0, 618.0, 99394.0
0.0, 1.40675039033, 1.0, -1.0, 1.0, 2.0, 1.0, 2.0, 0.0, -1.0, 1.0, 0.0, 2.0, -0.82193129367, 2.0, 1.0, 1.0, 3.0, 3.0, 0.0, 0.0, 3.0, 0.0, 0.0, 1.0, 2.0, -1.0, 1.0, 3.0, 0.0, 3.0, 1.0, -1.0, 3.0, 2.0, 1.0, 3.0, 0.0, 0.0, -1.0, 3.0, 0.0, 0.0, 3.0, 2.0, 3.0, 1.24237638875, 0.0, 1.0, 0.0, 95843.0, 591.0, 99414.0
-1.0, 1.07616574159, 2.0, 3.0, 1.0, 3.0, 2.0, -0.983045135614, -0.297937783662, 1.0, -1.0, 3.0, -0.31084713259, 2.0, 1.32046464818, 1.0, 1.34714854696, 1.0, 1.57428145867, -1.0, -1.0, -1.0, -0.88894055601, 2.69854241245, -1.0, 2.0, 0.0, -0.875988574965, 3.0, -1.0, 0.29813966045, 0.0564721032308, 0.0, 2.74137289833, 0.0, -1.0, 0.0, 2.25980417233, 1.58957905852, -1.0, -1.0, 2.2675000176, 0.0, 2.0, -1.0, -1.0, 0.790201685278, 0.0, -1.0, 3.0, 96963.0, 445.0, 99564.0
2.0, -1.0, -1.0, 0.638910311448, 0.85664453808, 2.0, 3.0, 0.454229084069, 0.0, 1.0, -0.282000359964, 1.0, 0.0, 1.0, 1.0, 1.0, 2.0, 1.0, 1.0, -1.0, 0.636943669933, 1.0, 0.0, 0.0, 1.35379486627, -0.498396041233, 0.0849626634489, -1.0, 1.0, -1.0, 3.0, 2.0, 2.0, 2.0, 1.12607547448, -1.0, -1.0, -1.0, 1.0, 2.47162181929, 0.498025541358, 1.0, 0.969961472429, 0.0, 0.0, 0.0, 1.35079183191, 1.55767314381, 1.0, 3.0, 95774.0, 571.0, 99451.0
1.2374085686, 2.0, 0.0, 0.0, -0.130511829321, 1.0, 2.0, 2.0, 3.0, 1.0, -1.0, 1.0, 0.566658540203, -1.0, -1.0, -0.392591636222, 1.0, 2.0, 1.0, 0.0, -0.239648198497, -1.0, -0.12707363787, 0.0, 1.83117700289, 0.0, 2.0, 2.0, 2.0, 2.75887079141, 2.0, 1.0, 0.0, 3.0, 3.0, 1.0, -1.0, 1.0, -1.0, 3.0, 1.0, 2.0, 2.0, 0.0, 1.0, 2.0, 0.0, 0.0, -1.0, 0.654724197806, 95892.0, 575.0, 99429.0
-1.0, 1.07616574159, 2.02816300646, 3.0, 1.0, 3.0, 2.0, 0.0, 0.0, 0.486560393784, -1.0, 3.0, 1.53402188973, 2.0, 1.0, 1.0, -0.114872334309, 1.0, 1.0, -1.0, -1.0, -1.0, -0.854405044269, 2.0, -1.0, -1.0, 0.0, 1.0, 3.0, -1.0, 1.0, 1.0, 0.0, 1.0, 0.0, 0.31072756831, 0.949439876626, 0.870455217546, 1.0, -1.0, -0.17372300052, 2.0, 0.0, 2.0, -1.0, 2.0, 3.0, 0.267893727106, -1.0, 3.0, 96555.0, 494.0, 99508.0
0.219629862229, 0.0, 1.0, 0.0, 1.0, 2.0, 1.0, 2.0, 1.0, 0.392966201007, 2.03793437222, 1.70287089329, 0.0, 2.09636973222, 1.0, 2.0, 2.0, 2.09201713227, 2.0, -1.0, -0.968466977891, 2.0, 2.0, 3.0, 2.0, 2.0, 1.08591668921, 3.0, 0.0, 0.0, -1.0, 3.0, -1.0, 0.0, 2.0, 1.0, 1.2640243862, 1.34781385305, 0.0, 0.0, 0.0, 2.0, 1.16878724608, 0.0, 0.124950429898, 1.0, 1.0, 1.0, 2.0, 2.27220490485, 95563.0, 626.0, 99400.0
-1.0, 1.07616574159, 2.0, 3.0, 1.0, 3.0, 2.0, 0.0, 0.0, 2.60077036424, -1.0, 1.75721130281, 1.53402188973, 2.0, 1.88864889108, 1.0, 2.33806347008, -0.668889991545, 1.0, -1.0, -1.0, -1.0, -0.808924380619, 2.0, -1.0, -1.0, -0.48620278451, 1.0, 0.0, -1.0, 1.0, 1.0, 0.0, 1.0, 0.0, 0.31072756831, 0.949439876626, 0.870455217546, 0.981581653976, -1.0, -1.0, 2.0, 1.0, 2.0, -1.0, 2.0, 3.0, 0.0, -1.0, 3.0, 96876.0, 466.0, 99532.0
1.0, 1.0, -0.162451571146, 0.329381148666, 1.0, -1.0, 0.270436338885, 0.0, 3.0, 2.0, 2.0, 1.0, 2.30377937947, 0.0, 2.0, 0.0, 3.0, 0.0, -0.812801541055, 1.0, 2.0, 2.683955549, 0.0, 2.0, 2.14907531126, -0.327784552665, 2.91051206891, 0.0, 0.323921146552, 2.65263363182, 0.0, -0.911306367353, 1.60721718864, -1.0, 0.0, -1.0, 0.0, 1.0, 1.0, 2.28288397087, 0.0, 0.762318796212, 0.570127808609, -0.0921489531886, 0.0, 1.0, 3.0, -1.0, 0.0, 2.0, 95562.0, 598.0, 99418.0
-1.0, 1.07616574159, 2.02816300646, 3.0, 1.0, 3.0, 2.0, 0.0, 0.0, 0.486560393784, -1.0, 3.0, 1.53402188973, 2.0, 1.0, 1.0, -0.114872334309, 1.0, 1.0, -1.0, -1.0, -1.0, -0.808924380619, 2.0, -1.0, -1.0, 0.0, 1.0, 3.0, -1.0, 1.0, 1.0, 0.0, 1.0, 0.0, 0.31072756831, 0.949439876626, 0.870455217546, 1.0, -1.0, -0.17372300052, 2.0, 0.0, 2.0, -1.0, 2.0, 3.0, 0.267893727106, -1.0, 3.0, 96555.0, 494.0, 99508.0
2.0, 1.0, -0.322534379674, -0.405173953925, 0.0, -0.16142174082, 1.41861126167, 1.13396179902, 3.0, 1.0, 2.32294763535, 1.0, 0.0, -1.0, -0.732041118389, 0.0, -1.0, 2.0, 2.0, -0.137051168534, 1.0, -1.0, 1.0, -0.791018240322, -1.0, 0.0, 1.63331217465, 2.0, -0.267392722579, 0.245469911268, 2.11751436659, 1.0, 0.0, 3.0, 2.74846908612, -0.940835811415, -1.0, 1.0, -1.0, 2.68401428365, -0.0237665942964, 2.0, 2.0, 1.00468009895, 1.0, 2.13043909182, 0.0, -0.458328598199, 0.722091567605, 0.0, 95902.0, 547.0, 99456.0
-1.0, 1.07616574159, 2.0, 3.0, 1.0, 3.0, 2.0, 0.0, 0.0, 2.60077036424, -1.0, 1.75721130281, 1.53402188973, 2.0, 1.88864889108, 1.0, 2.33806347008, -0.668889991545, 1.0, -1.0, -1.0, -1.0, -0.808924380619, 2.0, -1.0, -1.0, -0.48620278451, 1.0, 0.0, -1.0, 1.0, 1.0, 0.0, 1.0, 0.0, 0.31072756831, 0.949439876626, 0.870455217546, 0.981581653976, -1.0, -1.0, 2.0, 1.0, 2.0, -1.0, 2.0, 3.0, 0.0, -1.0, 3.0, 96876.0, 466.0, 99532.0
1.01474376076, 0.0, 1.0, 3.0, 2.46210464692, 1.0, 0.832557642566, 2.0, 0.0, 1.0, 1.0, 1.0, 1.0, 2.0, 2.0, 0.0, 1.92502370301, 2.0, 0.0, -0.0918658837764, -1.0, 0.0, 0.0, 1.0, 2.0, -0.628230650977, 0.0, 3.0, 1.0, 0.0, 1.0, 2.0, 2.0, -1.0, 1.0, 3.0, 2.0, 2.0, 1.0, -1.0, -1.0, 0.0, 0.0, 2.0, -1.0, 1.0, 1.0, -1.0, 0.708139316479, 3.0, 95825.0, 580.0, 99443.0
1.79848124077, 2.0, 0.0, -0.584477834846, -0.52113368689, 3.0, 0.270436338885, 2.0, 0.0, 0.0, 3.0, 0.0, 0.0, 1.0, 1.06713992112, 1.0, 3.0, -1.0, 1.0, 2.0, 3.0, -0.65443359447, 1.0, 1.0, 2.0, 1.0, 1.0, 2.0, 3.0, 3.0, 0.558345099784, 2.0, 2.0, -1.0, 0.84390457373, 2.0, -1.0, -0.951476481109, 1.0, -0.745273706169, -1.0, -1.0, 0.0, 0.121818632417, 1.0, 2.10440698309, 0.570007342742, 1.0, 2.0, 1.0, 96230.0, 535.0, 99458.0
-1.0, 0.0, 0.548624487121, 1.0, 2.73587417685, -1.0, -0.695731533272, 1.0, 2.0, 0.142468926538, -0.117819170124, 2.0, 0.607325647729, -0.16095926053, -1.0, 2.0, 0.630518354861, -0.802875368053, 2.50686515987, 2.52533448349, 2.0, 1.0, 1.0, 1.0, 0.0381592623854, 3.0, 2.0, -1.0, 0.0, 2.0, 0.299394318288, 2.0, 1.0, 3.0, 2.36860551763, 2.44577979599, 0.0, 0.973960335478, 0.0, -1.0, 1.0, 0.745557934152, -0.472077167567, -1.0, 2.0, 3.0, 2.44151847107, 1.0, 0.71895924297, 3.0, 96048.0, 557.0, 99440.0
-1.0, 0.0, 2.0, 1.0, 1.0, -1.0, 0.0, 1.46040831704, 2.31822917462, -1.0, 0.0, 2.0, 1.0, -1.0, 2.0, 2.0, -1.0, 2.0, 0.0, 1.52097692448, 2.0, 1.0, 1.0, 1.0, 0.0, 0.0, 0.655086493813, -1.0, 1.34492796152, 2.0, 1.58658776683, 2.0, 1.0, 3.0, 0.749970507723, 0.497758335614, 0.0, -1.0, 1.7859977869, -1.0, -0.472426830365, 1.0, 1.0, 1.98630103324, 2.0, 3.0, 0.0229307335047, 2.23462303323, 1.53306732796, 3.0, 96186.0, 555.0, 99445.0
0.0, 2.0, 1.0, 1.0, -1.0, 3.0, 1.0, 1.0, 0.0, 1.0, 0.0, 2.0, 1.0, 0.0, 3.0, 0.0, 0.757010429316, 1.0, 2.0, -0.119455351018, 2.0, -1.0, 0.753409311368, -1.0, 2.0, 2.0, 3.0, 2.0, 0.0, 1.96026282612, 2.0, -1.0, 1.0, 3.0, 0.0, 0.0, 3.0, 1.0, 1.0, 1.16699244068, 0.0, 2.0, 1.0, 0.948097748465, 1.0, 0.314684211826, 1.0, -0.188525767871, -0.916413707934, 2.0, 95588.0, 606.0, 99417.0
-1.0, 0.0, 0.548624487121, 1.0, 2.73587417685, -1.0, 0.0, 1.0, 2.0, 0.805001885523, 0.0, 2.0, 0.607325647729, -1.0, 2.0, 2.0, -1.0, -0.802875368053, 1.73482319745, 0.0, 2.0, 1.0, 1.0, 1.0, 0.0, 3.0, 2.0, -1.0, 0.0, 2.0, 0.0, 2.0, 1.0, 3.0, 0.0, 2.44577979599, 0.0, -1.0, 0.0, -1.0, 1.0, 1.0, 2.0, -1.0, 2.0, 3.0, 2.44151847107, 1.0, 1.0, 3.0, 96223.0, 541.0, 99451.0
1.0, 3.0, -0.0257867555176, 1.0, 0.0, -1.0, 0.0, 2.0, 1.74760866277, 0.0, 3.0, 2.0, 0.0, 3.0, 0.0, 0.0, 2.0, -0.308124801289, 0.0, 3.0, 2.0, 3.0, 1.0, 1.0, 2.0, 1.81164521153, 1.0, 0.0472558469667, 2.0, 2.0, 2.0, 0.0, 3.0, 2.65063866367, 2.0, 1.0, 2.0, -1.0, 3.0, 1.0, 1.0, 2.0, 0.0, 1.0, 3.0, 1.0, -1.0, 2.0, 3.0, 0.0, 95882.0, 637.0, 99383.0
1.2374085686, 1.0, 0.0, 0.0, 0.0, 1.0, 2.0, 2.0, 3.0, 1.0, -1.0, 1.0, 0.0, -1.0, -1.0, -0.392591636222, 1.0, 2.0, 1.0, 0.0, 1.0, -1.0, 1.0, 0.0, -1.0, 0.0, 2.0, 2.0, -1.0, 2.75887079141, 2.0, 1.0, 0.0, 3.0, 3.0, 1.0, -1.0, 1.0, -1.0, 3.0, 1.0, 2.0, 2.0, 0.0, 1.0, 2.0, 0.0, 0.0, 3.0, 0.654724197806, 95982.0, 560.0, 99438.0
0.0, 0.0, 1.0, 3.0, 2.0, 1.0, 0.0, 2.0, 0.0, 0.0515296383593, 1.0, 1.0, 0.251660269051, 2.31567080176, 2.0, 0.0, 3.0, 2.5565327401, -0.259439380338, 0.217522151001, -1.0, 0.0, -0.544111728775, 1.0, 2.0, 0.902363247476, 0.0, 3.0, 1.0, 0.0, 1.83113031509, 2.0, 2.0, -1.0, 1.60212108315, 1.01461853802, -0.60204355592, 2.0, -0.669032722208, -1.0, -1.0, 0.0, 0.0, 1.64447807493, -1.0, 1.0, 1.0, 3.0, 1.0, 1.0, 95854.0, 566.0, 99445.0
-1.0, 0.0, 0.548624487121, 1.0, 2.73587417685, -1.0, -0.695731533272, 1.0, 2.0, 0.805001885523, -0.117819170124, 2.0, 0.607325647729, -0.16095926053, 2.0, 2.0, -1.0, -0.802875368053, 2.50686515987, -1.0, 2.0, 1.0, 1.0, 1.0, 0.0381592623854, 3.0, 2.0, -1.0, 0.0, 2.0, 0.299394318288, 2.0, 1.0, 3.0, 2.36860551763, 2.44577979599, 0.0, 0.973960335478, 0.0, -1.0, 1.0, 0.745557934152, 2.0, -1.0, 2.0, 3.0, 2.44151847107, 1.0, 0.71895924297, 3.0, 96340.0, 533.0, 99464.0
0.0, 0.0, 1.0, 3.0, 0.69848086295, -0.309486833564, 0.0, 1.2338015272, 0.0, 0.0515296383593, 1.0, 1.0, 0.251660269051, 2.0, 2.0680657089, 0.0, 3.0, 2.0, 0.0, 0.217522151001, -1.0, -0.219016602181, 0.0, 1.0, 2.0, -0.0655228233753, 0.517192984835, 3.0, 1.0, 0.0, 1.0, 2.0, 2.0, -1.0, 1.0, 3.0, 2.0, 0.392732874293, 2.0, -1.0, -1.0, 0.0, 0.0, 1.27895387003, -1.0, 2.2435949836, 1.0, 3.0, 1.0, 3.0, 95526.0, 609.0, 99412.0
2.0, 1.0, 2.60014375958, 1.0, 2.0, -1.0, 2.0, 3.0, 0.0, 1.0, 3.0, 0.0499077426894, 0.0, -1.0, 0.0, 1.0, 0.0, 3.0, 1.0, 3.0, 2.0, 3.0, -0.305887135597, 2.24964990352, 0.0, 0.864226740315, 2.0, 1.0, -1.0, 2.0, 0.0, 2.0, -1.0, 1.0, 3.0, 0.0, -1.0, 3.0, 2.0, 2.29604694843, 2.0, 0.463778238593, 2.0, 3.0, -1.0, 0.0, 2.0, 0.0, -1.0, 0.0, 96162.0, 572.0, 99430.0
-1.0, 1.0, -1.0, 3.0, 1.77499721082, 0.195097998241, 1.99940429382, 0.25871665377, -0.165141698191, 0.0, -0.475863429076, -0.327367641302, 0.0, -0.604449714312, 0.0, 1.0, 1.0, 2.46683806745, 2.0, 0.573740729492, 1.0, 3.0, 2.0, 0.0, -0.276770179055, -1.0, 2.0, -1.0, 0.0, 2.0, 1.0, -1.0, 2.0, 0.0, 0.0, 1.0, -1.0, 0.0, -1.0, 1.0, 3.0, 0.349465778852, 0.54398997491, 0.049910012598, 1.0, 3.0, 1.0, 2.0, 2.0, -0.345646952364, 95804.0, 572.0, 99448.0
3.0, 3.0, -0.0898787543716, -1.0, 2.0, 1.0, 1.95196924161, 0.0, 1.0, 2.0, -1.0, 1.0, 2.0, -0.221283696869, -1.0, 0.85893374566, 1.00287431841, -1.0, 2.0, -0.572556431844, 2.0, -0.145454929478, 0.0, 2.93988845314, 1.0, 2.0, -1.0, 2.0, 2.0, 1.72901187018, 1.63619968667, 0.970565723721, 0.0, 3.0, 3.0, 2.64404322092, 3.0, 2.0, 2.0, 2.0, 2.0, 2.0, 3.0, 0.0, 3.0, 0.0, 3.0, 1.0, -0.2975189785, 1.0, 96151.0, 594.0, 99409.0
0.107030329002, 2.0, 0.0, 3.0, 3.0, 3.0, 0.434634056569, 0.0, 2.0, 0.0, 1.0, 3.0, 2.83266392945, 2.0, 2.0, 0.0, 1.0, 2.0, 0.0, 2.0, 1.0, 1.0, 0.0, 2.0, 2.0, 1.0, 2.0, 1.0, -0.77985825793, 0.0, 0.0, 0.0, 2.0, 0.0, 0.0, -1.0, -1.0, 2.0, 3.0, -1.0, -1.0, 1.0, 1.0, 0.0, 2.0, 1.0, 2.0, 1.0, 3.0, 0.794026118071, 95705.0, 599.0, 99408.0
1.0, 0.0, 1.0, 0.0, 1.0, 2.0, 1.0, 2.0, 1.0, 0.392966201007, -1.0, 2.0, 0.0, 2.09636973222, 0.442934944046, 2.0, 2.0, 2.09201713227, 2.0, -1.0, 1.0, 2.0, 2.0, 3.0, 2.0, 2.0, 1.08591668921, 3.0, 0.0, 0.0, -1.0, 3.0, -1.0, 0.0, 2.0, 1.0, 0.0, 1.34781385305, 0.0, 0.0, 0.0, 2.0, 1.16878724608, -0.199816977548, 0.124950429898, 1.0, 1.0, 1.0, 2.0, 2.27220490485, 95597.0, 625.0, 99401.0
1.2374085686, 1.0, 0.0, -0.419410117221, 0.645644979407, 1.0, 2.0, 2.0, 3.0, 1.0, -1.0, 1.0, 0.0, -1.0, -1.0, -0.392591636222, 1.0, 2.0, -0.800318344493, 0.0, 1.0, -1.0, 1.0, 0.0, -1.0, 0.0, 2.0, 2.0, -1.0, 2.75887079141, 2.0, 1.0, -1.0, 3.0, 3.0, 1.0, -1.0, 1.0, -1.0, 3.0, 1.0, 2.0, 2.0, 0.0, 1.0, 2.0, 0.0, 0.0, 3.0, 0.654724197806, 96151.0, 535.0, 99465.0
-1.0, 0.0, 0.548624487121, 1.0, 2.73587417685, -1.0, 0.0, -0.595341936468, 2.0, 0.805001885523, -0.00938153427501, 2.0, 0.876783399346, -1.0, 2.0, 1.46084643097, 0.103293391214, -0.988634304874, 1.93740283885, 0.0, 0.669513116449, 1.0, 1.0, 1.0, 0.0, 3.0, 2.0, -1.0, 0.0, 2.0, 0.0, 2.0, 1.0, 3.0, 0.0, 2.44577979599, 0.0, -1.0, 0.0, -1.0, 1.0, 1.0, 2.0, -1.0, -0.664752934823, 3.0, 2.44151847107, 1.0, 1.0, 0.0, 96068.0, 536.0, 99463.0
2.0, 1.0, 2.0, 1.0, 2.0, -1.0, 1.0, 3.0, 0.0, 1.20349265129, 3.0, 1.0, 2.0, -1.0, 0.0, 1.0, 0.0, 3.0, 1.0, 3.0, 2.0, 3.0, 0.0, 1.0, 0.0, 2.30212173209, 1.0925404823, 2.06180182514, 0.0, 2.0, 0.0, 2.0, 0.0, 1.0, 3.0, 0.0, -1.0, 3.0, -0.0525580491074, 3.0, 2.0, 0.0, 2.0, 0.64501668484, -1.0, 0.0, 2.0, 0.0, -1.0, 0.0, 95869.0, 599.0, 99404.0
1.0, 2.0, 3.0, -1.0, 0.0, 0.0, -0.404318120621, 3.0, 3.0, -1.0, 0.676432662859, 1.0, 0.0, 2.0, 3.0, 0.0, 2.72524867343, 2.0, 0.0, 2.0, -1.0, 0.0, 0.0, 1.27906881484, 2.0, 0.0, -0.995275282242, 0.0, 3.0, 0.887581602804, 2.9725830303, 0.0, 1.0, 0.678861107145, 2.0, -1.0, -1.0, 2.0, 1.0, 1.0, 3.0, 2.41257587661, 1.0, 1.0, 0.0, -1.0, -0.30310966374, 1.17853651267, 2.0, 1.11548970031, 95894.0, 576.0, 99421.0
2.46887815711, 1.0, 2.38371119185, 1.0, 2.0, -1.0, 1.0, 3.0, 0.0, 1.0, 3.0, 1.0, 0.0, -1.0, 0.0, 3.0, 0.0, 3.0, 1.0, 3.0, 2.0, 3.0, -0.305887135597, 1.0, 0.0, 0.864226740315, 2.0, 1.0, -0.714786558875, 2.0, 0.0, 2.0, -1.0, 1.0, 3.0, 0.0, -1.0, 1.91526974534, 2.0, 2.51424235654, -0.900941102841, 0.0, 2.0, 3.0, -0.388130188896, 0.0, 2.0, 0.0, -1.0, 0.0, 96063.0, 571.0, 99432.0
1.0, 1.0, 2.0, 0.329381148666, 1.0, -1.0, 2.0, 0.0, 3.0, 2.0, 2.0, 1.0, 2.30377937947, 0.0, 2.0, 0.0, 3.0, 0.0, 1.23927761075, 1.0, 2.0, 2.683955549, 0.0, 2.0, 2.14907531126, -0.327784552665, 3.0, 0.0, 0.323921146552, 1.82977951695, 0.0, -0.911306367353, 2.0, -1.0, 0.0, -1.0, 0.0, 1.0, 1.0, 2.28288397087, 0.0, 1.0, 0.570127808609, -1.0, 0.0, 1.0, 3.0, -1.0, 0.0, 2.0, 95756.0, 595.0, 99417.0
-1.0, 1.0, -1.0, 3.0, 1.77499721082, -1.0, 1.99940429382, 1.0, -0.165141698191, 0.0, 0.0, 1.0, 0.0, -0.604449714312, 0.0, 1.0, 1.0, 2.0, 2.0, 0.573740729492, 1.0, 3.0, 2.0, 0.0, -0.276770179055, -1.0, 2.0, -1.0, 0.0, 2.0, 1.0, -1.0, 2.0, 0.0, 0.0, 1.0, -1.0, 0.0, -1.0, 1.0, 3.0, 2.0, 1.0, 0.049910012598, 1.0, 3.0, 1.0, 2.0, 2.0, -0.345646952364, 95975.0, 553.0, 99455.0
-1.0, -0.0688521617373, 2.0, 3.0, 1.0, 3.0, 2.0, 0.0, 0.0, 1.0, -1.0, 3.0, 1.0, 2.0, 0.832788367146, 3.0, 2.0, 2.32568908824, 3.0, -1.0, -1.0, -1.0, -0.808924380619, 2.0, -1.0, -1.0, 0.0, -0.936590027882, 3.0, -1.0, 0.0, 1.92840232942, 0.0, 1.0, 0.0, -1.0, 0.0, 2.0, 1.0, -1.0, -1.0, 2.0, 0.0, 2.0, 1.97828816982, -1.0, 3.0, 0.0, -1.0, 3.0, 96957.0, 454.0, 99549.0
0.0, 2.40070153064, 2.0, 1.0, 0.0, 3.0, -1.0, 0.0, 1.0, 0.0, -1.0, 0.483393654132, 1.0, 3.0, 1.0, 0.0, 1.0, 3.0, 3.0, 0.37011937595, 0.0, -1.0, 1.0, 0.0, 0.0524009424423, 2.0, 2.11083508174, 3.0, -1.0, 1.0, 1.0, 0.0, -1.0, 3.0, 1.0, 0.29739944002, -1.0, 2.0, 2.59160463017, -1.0, 2.0, 2.0, 0.561337003653, 2.0, 0.0, 1.54583626107, 2.0, 0.0, 0.0, 3.0, 96036.0, 566.0, 99434.0
-0.00819806114859, -1.0, -0.459718554664, 0.638910311448, 0.85664453808, 2.0, 3.0, 0.454229084069, 0.0, 1.0, -0.282000359964, 1.0, 0.0, 1.0, 1.0, 1.0, 2.0, 1.0, 1.0, -0.515065097154, 0.636943669933, 1.0, 0.0, 0.0, 1.35379486627, -0.498396041233, 0.0849626634489, -1.0, 1.0, -1.0, 3.0, 1.91285190016, 2.0, 2.0, 1.12607547448, -1.0, -1.0, -1.0, 1.0, 2.47162181929, 0.498025541358, 1.0, 2.01311859366, 0.0, 0.0, 0.636490272431, 1.35079183191, 1.55767314381, 1.0, 3.0, 95590.0, 582.0, 99434.0
1.0, 2.0, 3.0, -1.0, 0.0, -0.57939765665, 1.0, 3.0, 3.0, 0.166705488453, 3.0, 1.0, 0.0, 2.0, 3.0, 0.0, 2.48904653864, 2.0, 0.0, 2.0, -1.0, 0.0, 0.0, 1.0, 2.0, 0.0, 0.0, 0.0, 3.0, 0.0, 2.9725830303, 0.0, 1.0, 0.678861107145, 2.0, -1.0, -1.0, 2.0, 1.0, 1.0, 3.0, 2.0, 0.694894995856, 1.0, 0.0, -1.0, -1.0, 1.17853651267, 2.0, 1.0, 95999.0, 573.0, 99420.0
1.0, 2.0, 3.0, -1.0, 0.0, 0.0, -0.404318120621, 3.0, 2.27289226276, 0.192751250388, 0.676432662859, 1.0, 0.0, 2.0, 3.0, 0.0, 2.72524867343, 2.0, 0.0, 2.0, -1.0, 0.0, 0.0, 1.27906881484, 2.0, 0.0, -0.995275282242, 0.0, 3.0, 0.887581602804, 2.9725830303, 0.0, 2.59769593994, 0.678861107145, 2.0, -1.0, -1.0, 2.0, 1.0, 1.0, 3.0, 2.41257587661, 1.0, 1.0, 0.0, 1.59707793171, -0.30310966374, 1.17853651267, 2.0, 1.11548970031, 95679.0, 603.0, 99395.0
0.0, 0.0, 1.0, -1.0, 1.0, 2.0, 1.0, 2.0, 0.0, -1.0, 1.0, 0.0, 2.0, 1.0, 2.0, 1.0, 1.0, 3.0, 3.0, 0.0, 0.0, 3.0, 0.0, 0.0, 1.0, 0.895863549051, -1.0, 1.0, 3.0, 0.0282020033206, 3.0, 1.0, -1.0, 3.0, 2.0, 1.0, 3.0, 0.0, 0.0, -1.0, 3.0, 0.0, 0.0, 3.0, 2.0, 3.0, 0.427491638316, 0.0, 1.0, 0.0, 95662.0, 603.0, 99406.0
3.0, 2.0, 0.0, 3.0, 3.0, 3.0, 2.0, 0.0, 1.91278492094, 0.0, 1.0, 3.0, 1.0, 1.0, 2.0, 0.0, 1.0, 2.0, 0.0, 2.0, 1.0, 2.74325281694, 0.0, 2.0, 2.0, 0.692730975279, 2.0, 1.0, -1.0, 0.0, -0.656165482572, 0.0, 2.0, 0.0, 0.0, -1.0, -0.9393083457, 2.0, 3.0, -1.0, -1.0, -0.306915189794, 1.0, 0.0, 2.0, 1.0, 2.0, 1.0, 1.70518336501, 1.0, 95816.0, 587.0, 99419.0
0.42455238703, 1.0, -1.0, 3.0, 0.351398079593, -1.0, 2.0, 0.869077708822, 0.464803189369, 0.0, -0.586809845062, 2.55136064212, 0.0, 0.0, 0.0, 1.25088804505, 1.0, 2.0, 2.0, 0.0, 1.0, 3.0, 2.0, 0.0, 0.0, -1.0, 2.0, -1.0, 0.0, 2.0, 1.0, -1.0, 2.0, 0.0, 0.0, -1.0, -1.0, 1.08834011245, -1.0, 1.0, 0.946541705313, 2.0, 1.0, 0.0, 1.0, 3.0, 1.0, 2.0, 2.0, 1.0, 95829.0, 550.0, 99458.0
-1.0, 1.0, -1.0, 3.0, 3.0, -1.0, 2.0, 1.0, 0.779257784705, -0.0145743867444, 0.0, 1.0, 0.251660269051, 0.0, 0.0, 0.975867525569, 1.0, 2.0, 2.24631558836, -0.497216621694, 2.80187312632, 2.20745771931, 2.0, -0.299117589639, -0.541242190659, -1.0, 2.0, 0.503079798756, 0.0, 2.0, 1.0, -1.0, 2.4052143127, 1.59175191772, 0.0, -1.0, -1.0, 0.0, -1.0, 0.386389082223, 3.0, 2.0, 2.0, 0.0, 0.175331454816, 3.0, 1.0, 2.0227124332, 2.0, 1.0, 95993.0, 551.0, 99455.0
2.0, 1.0, 0.0221122501168, 0.0, 0.0, -0.16142174082, 2.0, 2.0, 3.0, 1.0, -1.0, -0.248706766241, 0.0, -1.0, -1.0, 0.0, -1.0, 2.0, 2.0, 0.0, 1.0, -1.0, 1.0, 0.0, -1.0, 0.0, 2.17013205124, 2.0, -1.0, 1.0, 2.0, 1.0, 0.0, 3.0, 1.23454154131, 1.0, -1.0, 1.0, -1.0, 3.0, 1.0, 2.0, 1.10172628889, -0.149620789464, 1.0, 2.0, 0.0, 0.0, 3.0, 0.0, 96009.0, 542.0, 99456.0
2.0, 1.0, 0.0, 0.0, 0.0, 0.820358134932, 2.0, 2.0, 2.0, 1.0, 0.875452716937, 1.0, 0.0, -1.0, -1.0, 0.0, -1.0, 2.0, 1.0, 0.0, 1.0, -1.0, 1.0, 0.0, -1.0, 0.0, 2.87001411464, 2.75866303165, -1.0, 1.0, 2.0, 1.0, 0.0, 3.0, 3.0, -0.779519625472, -1.0, 1.0, -1.0, 3.0, 1.0, 2.0, 2.0, 0.0, 1.0, 0.301486899298, 0.0, 0.0, 2.25236996901, 0.0, 95946.0, 545.0, 99456.0
0.0, 0.0, 1.0, 3.0, 0.69848086295, -0.309486833564, 0.0, 2.0, 1.80740856669, 0.0515296383593, 1.0, 1.0, 0.251660269051, 2.0, 0.0, 0.0, 3.0, 2.0, 0.0, 0.217522151001, -0.101226710223, -0.219016602181, 0.0, 1.0, 2.0, -0.0655228233753, 0.517192984835, 3.0, 1.0, 0.0, 1.0, 2.0, 2.0, -1.0, 3.0, 3.0, 2.0, 2.0, 2.0, -1.0, -1.0, 0.0, 0.0, 1.64447807493, -1.0, 1.0, 1.0, 3.0, 1.0, 0.665063586413, 95566.0, 624.0, 99402.0
2.0, 1.0, 2.0, 1.0, 2.0, -1.0, 1.0, 3.0, 0.0, 1.0, 3.0, 1.0, 2.0, -1.0, 0.0, 1.0, 0.0, 3.0, 1.0, 3.0, 2.0, 3.0, 0.0, 1.0, 0.0, 2.0, 2.0, 1.0, 0.0, 2.0, 0.0, 2.0, -1.0, 1.0, 3.0, 0.0, -1.0, 3.0, 2.0, 3.0, 2.0, 0.0, 2.0, 1.0, -1.0, 0.0, 2.0, 0.0, -1.0, 0.0, 95988.0, 588.0, 99417.0
2.0, -0.162357154672, 0.0, 0.0, 0.0, -0.16142174082, 2.0, 2.0, 3.0, 1.0, -1.0, 1.0, 0.0, -1.0, -1.0, 0.0, -1.0, 2.0, 2.0, 0.0, 0.820480070018, -1.0, 1.0, -0.309473191379, -1.0, -0.448074402853, 2.17013205124, 2.0, 1.3156840384, 1.50075979631, 2.00992830626, 1.0, 0.0, 3.0, 1.23454154131, 0.0290012088827, -1.0, 1.0, -1.0, 3.0, 1.0, 2.0, 2.0, 0.0, 1.0, 2.0, 0.0, 0.0, 3.0, 0.0, 95923.0, 558.0, 99443.0
2.0, 1.0, 2.0, 1.0, 2.0, -1.0, 1.0, 3.0, 0.0, 1.0, 3.0, 1.0, 2.0, -1.0, 2.0680657089, 1.0, 0.0, 3.0, 1.0, 3.0, 2.0, 3.0, 0.0, 1.0, 0.0, 2.0, 2.0, 1.9360919979, 0.0, 2.0, 0.0, 2.0, -1.0, 1.0, 1.0, 0.0, -1.0, 3.0, 2.0, 3.0, 2.41813064779, 0.0, 2.0, 1.0, 1.45178646228, 0.0, 2.0, 0.0, -1.0, 0.0, 95838.0, 601.0, 99402.0
3.0, 2.0, 0.0, 3.0, 3.0, 3.0, 2.0, 0.0, 1.91278492094, 0.0, 2.71623228962, 3.0, 1.0, 1.0, 2.0, -0.41935392311, 1.0, 2.0, -0.751359690596, 2.0, 1.0, 2.74325281694, 0.0, 2.0, 2.0, 0.692730975279, 2.19452628946, 1.08465643092, -1.0, -0.0313776271883, 1.0, 0.0, 2.0, 0.0, 0.0, -1.0, -0.9393083457, 2.0, 3.0, -1.0, -1.0, -0.306915189794, 1.0, 0.0, 2.07733935351, 1.23495838585, 2.0, 0.234912920088, 2.03370915127, 1.0, 95875.0, 585.0, 99422.0
1.0, 2.0, 3.0, -1.0, 0.0, 0.0, 1.0, 3.0, 3.0, -1.0, 3.0, 1.0, 0.0, 2.0, 3.0, 0.0, 2.72524867343, 2.0, 0.0, 2.0, -1.0, 0.0, 0.0, 1.27906881484, 2.0, 0.0, 0.0, 0.0, 3.0, -0.0744153044879, 2.9725830303, 0.0, 1.0, 0.678861107145, 2.0, -1.0, -1.0, 2.0, 1.0, 1.0, 3.0, 2.41257587661, 1.0, 1.0, 0.0, -1.0, -0.30310966374, 1.17853651267, 2.0, 1.11548970031, 95930.0, 589.0, 99412.0
1.79848124077, 2.0, 0.0, 1.0, -0.52113368689, 3.0, 0.270436338885, 2.0, 0.0, 0.0, 3.0, 0.0, 0.0, 1.0, 1.06713992112, 1.0, 3.0, -1.0, 1.0, 2.0, 3.0, -1.0, 1.0, 1.0, 2.0, 1.0, 1.0, 2.0, 0.0, 3.0, 1.0, 2.0, 2.0, -1.0, 0.84390457373, 2.0, -1.0, -0.951476481109, 1.0, -0.745273706169, -1.0, -1.0, 1.0, 0.0, 1.0, 2.10440698309, 0.570007342742, 1.0, 2.0, 1.0, 96069.0, 552.0, 99450.0
1.0, 3.0, -0.0257867555176, 1.0, 0.0, -1.0, 0.0, 2.0, 1.74760866277, 0.0, 3.0, 2.0, 0.0, 3.0, 0.0, 0.0, 2.0, -0.308124801289, 0.0, 3.0, 2.0, 3.0, 1.0, 1.0, 2.0, 1.81164521153, 1.0, 0.0472558469667, 2.0, 2.0, 2.0, 0.0, 3.0, 2.65063866367, 2.0, 1.0, 2.0, -1.0, 3.0, 1.0, 1.0, 2.0, 0.0, 1.0, 3.0, 1.0, -1.0, 2.0, 3.0, 0.0, 95882.0, 637.0, 99383.0
2.51407557767, 0.0, 1.0, 0.0, 1.0, 0.2218568248, 1.0, 2.0, 1.0, -0.0885524673979, -1.0, 2.0, 0.0, 3.0, 1.0, 2.63624154417, 2.0, 1.0, 2.0, -1.0, 1.0, 2.0, 2.0, 3.0, 2.0, -1.0, 1.08591668921, 3.0, -0.426540989476, 0.0, -1.0, 3.0, -1.0, -0.711031658014, 2.0, -1.0, -0.9393083457, -0.764134259758, 0.0, 0.0, 0.0, 2.0, 1.16878724608, 0.0, 0.278599325845, 0.96474709614, 1.0, -0.183960322214, 1.18156896962, 2.17930748732, 95899.0, 559.0, 99449.0
2.0, 1.27822558296, 2.0, 1.18291331088, 2.25452865987, -1.0, 1.0, 3.0, 0.0, 1.20349265129, 3.0, 1.0, 2.0, -0.781012868764, 0.0, 1.0, 0.0, 3.0, 1.64058919833, 3.0, 2.0, 3.0, 0.0, 1.0, 0.0, -1.0, 1.0925404823, 2.06180182514, 0.0, 2.0, 0.0, 2.0, 0.0, 1.0, 3.0, 0.0, -1.0, 3.0, -0.0525580491074, 3.0, 2.0, 0.0, 2.0, 0.64501668484, -1.0, 0.0, 2.0, 0.0, -1.0, 0.0, 95935.0, 585.0, 99419.0
2.0, 0.0964097723586, -1.0, 3.0, -0.35612690452, 2.0, 3.0, 1.0, 0.0, 0.00283023632789, -0.282000359964, 1.0, 0.0, 1.0, 2.77713751976, 1.0, 2.47436433732, 1.0, 1.0, -1.0, 0.636943669933, 1.0, -0.313450499491, 0.0, 0.0, -0.498396041233, 0.0, 3.0, 1.0, -1.0, 3.0, 2.0, 2.21336916018, 2.17731673787, -1.0, -1.0, -1.0, -1.0, 1.0, 2.07442858935, 0.0, 1.0, 0.969961472429, 0.0, 0.0, 0.0, 0.0, -1.0, 1.0, 3.0, 95743.0, 572.0, 99452.0
1.0, 0.0, 1.0, 1.4537885406, 1.0, 0.2218568248, 1.48289589813, 2.01082994132, 1.0, -0.0885524673979, 3.0, 2.0, 1.33202042987, 3.0, 1.0, 2.0, 2.0, -0.54795539417, 2.33819786562, -1.0, 0.201776648535, 0.301100224908, 2.0, 3.0, 2.0, -1.0, 1.08591668921, 3.0, -0.426540989476, 0.0, -1.0, 3.0, -1.0, -0.711031658014, 2.48182259195, -1.0, 0.0, 1.34781385305, 0.0, -0.856834316311, 0.0, 2.82334241835, 1.16878724608, 2.0, 0.278599325845, 2.5390977921, 0.491778515966, -0.183960322214, 1.18156896962, 2.17930748732, 95862.0, 571.0, 99441.0
1.0, 0.0, 1.0, 0.0, 1.0, 2.0, 1.0, 2.0, 1.0, 0.47951760705, -1.0, 2.0, 0.0, 3.0, 1.0, 2.0, 2.0, 1.0, -0.276290422557, -1.0, 1.0, 2.0, 0.818677894128, 3.0, 2.0, -1.0, 1.08591668921, 3.0, 0.0, 0.0, -1.0, 3.0, -1.0, -0.836138675137, 2.84697317634, 1.0, -0.8290222299, 1.34781385305, 0.0, 0.0, 0.0, 2.0, 1.16878724608, 0.0, 0.278599325845, 0.96474709614, 0.0630703026004, 1.0, 1.18156896962, 2.27220490485, 95675.0, 582.0, 99429.0
1.0, 0.0, 1.0, 1.4537885406, 1.0, 0.2218568248, 1.48289589813, 2.0, 1.0, -0.0885524673979, -1.0, 2.0, 1.33202042987, 3.0, 1.0, 2.0, 2.0, -0.54795539417, 2.33819786562, -1.0, 1.0, 2.0, 2.0, 3.0, 2.0, -1.0, 1.08591668921, 3.0, -0.426540989476, 0.0, -1.0, 3.0, -1.0, -0.711031658014, 2.48182259195, -1.0, 0.0, 1.34781385305, 0.0, -0.856834316311, 0.0, 2.82334241835, 1.16878724608, 2.0, 0.278599325845, 2.5390977921, 0.491778515966, -0.183960322214, 1.18156896962, 2.17930748732, 95986.0, 555.0, 99452.0
