0.195210239561, 0.860462582645, 2.95245299469, 0.871418434953, 95.0029084133, 7.492482002, 0.709760066199, 1.88923606333, 18.2264806597, 107.923193306, 0.0135371056095, 0.0
0.102157060666, 1.25127567546, 2.03408862141, 0.915170346799, 98.2203400395, 3.43598842557, 0.969413309083, 4.10071629199, 10.1871245568, 249.170436245, 0.0, 0.0
0.152303891257, 0.827946185707, 2.13016353821, 0.696893895898, 82.0900753292, 1.76347670345, 0.984476734133, 0.77736885556, 11.322140944, 87.3983520417, 0.0231036210987, 0.0
0.102157060666, 0.926178287141, 2.8317789377, 0.90648349803, 88.9142570653, 3.21716968451, 0.969413309083, 4.16486942408, 10.4506487562, 65.284444283, 0.00498804430443, 0.142857142857
0.131127757574, 0.926178287141, 2.8317789377, 0.630790147108, 86.6750099896, 1.39401785622, 0.335385747135, 3.51384325117, 17.9082075249, 106.380416202, 0.0180407473136, 0.0
0.173119839794, 0.937864829526, 2.47242889416, 0.759143233376, 85.1398080092, 8.78867438955, 0.576864065959, 3.74154058185, 17.3522694628, 64.7439345425, 0.171719872286, 0.0
0.100309954173, 1.08210796893, 2.3521739584, 0.941972338794, 95.0029084133, 1.53934387119, 0.393246709352, 1.37280829851, 17.3522694628, 72.938283252, 0.0368404459109, 0.0
0.102038097954, 0.827946185707, 2.13016353821, 0.736097162568, 92.6653422288, 1.82438635293, 0.969413309083, 4.62979914877, 15.2298763339, 71.531957867, 0.00559712661331, 0.125
0.152303891257, 0.858161732815, 2.4960284564, 0.726692520034, 82.0900753292, 1.76347670345, 0.393246709352, 0.863945082365, 11.322140944, 115.007159471, 0.00161097701513, 0.0
0.100309954173, 0.858161732815, 2.4960284564, 0.726692520034, 88.7215430651, 1.76347670345, 0.984476734133, 0.77736885556, 11.322140944, 101.597545541, 0.0196058912402, 0.1
0.155315507223, 1.08210796893, 2.67784039909, 0.837473301359, 92.4280966621, 1.6982690068, 0.969413309083, 2.34851872005, 10.1871245568, 41.6235283211, 0.0256396865594, 0.5
0.131127757574, 0.827946185707, 2.67784039909, 0.839052237981, 86.6750099896, 1.39401785622, 0.335385747135, 2.70751474838, 10.7534340406, 55.1789759245, 0.0190572752422, 0.142857142857
0.100709991149, 0.926178287141, 2.34963958778, 0.915170346799, 92.8693521098, 1.19749906581, 0.485531284323, 0.77736885556, 10.3259377581, 110.109965661, 0.00212471411145, 0.0
0.152303891257, 0.827946185707, 2.4960284564, 0.888357131379, 82.0900753292, 1.76347670345, 0.984476734133, 0.77736885556, 11.322140944, 59.6190786148, 0.026221223156, 0.4
0.148100852128, 0.827946185707, 2.13016353821, 0.746808044789, 92.6653422288, 2.61983394454, 0.421291095232, 4.62979914877, 19.2278237274, 97.9828979384, 0.0317829275176, 0.0344827586207
0.152303891257, 0.858161732815, 2.10798041051, 0.726692520034, 82.0900753292, 1.76347670345, 0.984476734133, 0.77736885556, 17.1262793385, 56.2151812599, 0.0373072789567, 0.6
0.152303891257, 0.878766791706, 2.4960284564, 0.887380391229, 82.0900753292, 1.76347670345, 0.984476734133, 0.407178237985, 11.0780737945, 86.2303230113, 0.0283227748423, 0.125
0.172501576042, 0.866674668091, 2.22665871736, 0.948920167968, 95.067934246, 9.79312402261, 0.762675433446, 1.00039258308, 13.1895982894, 105.310105752, 0.053226368715, 0.0
0.172501576042, 0.866674668091, 2.22665871736, 0.948920167968, 95.067934246, 9.79312402261, 0.762675433446, 1.00039258308, 13.1895982894, 94.8001151579, 0.0731530664313, 0.0
0.175998920609, 0.915448323884, 2.04387616046, 0.82395331229, 96.3134700386, 2.54169468089, 0.580578439902, 4.85057843763, 18.6060109173, 93.3881942865, 0.0373505233616, 0.0588235294118
0.137854086128, 0.858161732815, 2.4960284564, 0.647828373396, 92.4280966621, 1.6982690068, 0.229055214248, 1.87988500128, 10.1871245568, 99.6379594388, 0.0250254924439, 0.136363636364
0.102157060666, 0.926178287141, 2.8317789377, 0.915170346799, 92.8693521098, 1.82438635293, 0.969413309083, 4.16486942408, 15.2298763339, 108.763407463, 0.00761715412866, 0.333333333333
0.152303891257, 0.846531992284, 2.4960284564, 0.740203084642, 81.8468570227, 1.04685272655, 0.984476734133, 1.08656955752, 16.6168034, 92.8181791869, 0.017320211126, 0.363636363636
0.102157060666, 0.858161732815, 2.29732335648, 0.907737672962, 83.4601595472, 3.16202901961, 0.772806939613, 3.0435191861, 10.4576564932, 96.8874242261, 0.0164663780491, 0.272727272727
0.152303891257, 0.829365702223, 2.4960284564, 0.740203084642, 80.2109370969, 1.04685272655, 0.984476734133, 3.51384325117, 17.9027105822, 87.5891967462, 0.0201427522153, 0.428571428571
0.152303891257, 0.821661609309, 2.4960284564, 0.888357131379, 81.6706945482, 1.76347670345, 0.984476734133, 0.77736885556, 11.322140944, 81.1411616411, 0.0268621903839, 0.227272727273
0.101145408486, 1.11665350668, 2.18686647862, 0.600860080989, 93.3981729848, 9.78987661432, 0.580578439902, 2.20866793734, 18.4627358578, 106.177105043, 0.0919909889033, 0.0909090909091
0.195210239561, 1.25127567546, 2.03408862141, 0.915170346799, 98.2203400395, 3.43598842557, 0.969413309083, 4.10071629199, 10.1871245568, 108.926966664, 0.0306359516844, 0.0
0.152303891257, 0.829365702223, 2.4960284564, 0.740203084642, 81.8468570227, 1.04685272655, 0.984476734133, 3.51384325117, 17.9027105822, 108.597675671, 0.0137634562004, 0.461538461538
0.152303891257, 0.858161732815, 2.77058022591, 0.602961833114, 85.4608528586, 1.02466315746, 0.46512422654, 1.87988500128, 10.7098343382, 137.342668398, 0.00369190447641, 0.0
0.118069901505, 1.07657532746, 2.67784039909, 0.759143233376, 94.6738480742, 1.64061923646, 0.229055214248, 0.863945082365, 10.7534340406, 175.685142045, 0.00334912049062, 0.0
0.100309954173, 0.923675613752, 2.4960284564, 0.726692520034, 88.7215430651, 1.76347670345, 0.984476734133, 0.77736885556, 13.9425941707, 124.414877756, 0.00665220549759, 0.0
0.152303891257, 0.846531992284, 2.4960284564, 0.740203084642, 80.3474993744, 1.04685272655, 0.984476734133, 1.08656955752, 16.6168034, 118.560378268, 0.0107102295141, 0.0
0.140691126868, 0.960454205788, 7.19242146703, 0.617280772476, 92.4280966621, 1.35225009072, 0.229055214248, 1.61667495569, 16.0517847974, 483.670707431, 0.00231425823247, 0.0
0.102038097954, 0.827946185707, 2.13016353821, 0.746808044789, 92.6653422288, 1.19749906581, 0.485531284323, 4.62979914877, 19.2278237274, 95.7709094398, 0.0213505987028, 0.5
0.152303891257, 0.878766791706, 2.4960284564, 0.696893895898, 82.0900753292, 1.76347670345, 0.984476734133, 0.77736885556, 11.322140944, 92.4845369287, 0.0263456807345, 0.173913043478
0.153420621839, 1.24908562499, 6.6247678451, 0.784346136385, 97.4058089482, 5.40062697765, 0.290140186484, 0.842787005308, 19.1866441472, 653.650534758, 0.00340130885079, 0.0
0.114610681971, 0.926178287141, 2.8317789377, 0.715801126126, 86.6750099896, 6.69931011003, 0.0711446399235, 3.40430980666, 17.9082075249, 93.4514530386, 0.0251850413398, 0.416666666667
0.152303891257, 0.858161732815, 2.4960284564, 0.726692520034, 82.0900753292, 1.76347670345, 0.984476734133, 0.77736885556, 11.322140944, 82.8993806624, 0.0406857775155, 0.421052631579
0.118069901505, 0.915448323884, 2.67784039909, 0.732751244585, 97.9010425025, 2.07335162114, 0.315859361565, 4.16486942408, 10.7534340406, 119.618751618, 0.0126961209992, 0.0
0.172501576042, 1.0254780197, 2.29732335648, 0.896906785412, 83.4601595472, 3.16202901961, 0.772806939613, 3.0435191861, 10.4576564932, 85.3274602663, 0.0495614497924, 0.466666666667
0.152303891257, 0.825912773546, 2.4960284564, 0.908981870316, 81.8468570227, 1.76347670345, 0.984476734133, 1.87988500128, 16.6168034, 102.446768552, 0.0200003168066, 0.5
0.166016323385, 0.926178287141, 2.8317789377, 0.715801126126, 86.6750099896, 6.69931011003, 0.364011610917, 2.01277146979, 18.1654372073, 155.990564596, 0.00461610549988, 0.0
0.152303891257, 0.858161732815, 2.77058022591, 0.618957214318, 85.4608528586, 1.31962102912, 0.246524301304, 1.87988500128, 16.6168034, 139.278564269, 0.00560514494388, 0.0
0.152303891257, 0.858161732815, 2.4960284564, 0.740203084642, 81.8468570227, 1.76347670345, 0.984476734133, 1.87988500128, 16.6168034, 117.216719005, 0.0169805368515, 0.0
0.152303891257, 0.858161732815, 2.4960284564, 0.726692520034, 81.4225015537, 1.39554240808, 0.984476734133, 3.42562600483, 11.322140944, 141.077026553, 0.00471183718036, 0.0
0.131127757574, 0.827946185707, 2.67784039909, 0.839052237981, 86.6750099896, 1.39401785622, 0.335385747135, 2.70751474838, 17.9082075249, 125.912793595, 0.00790260919295, 0.0
0.152303891257, 0.827946185707, 2.13016353821, 0.746808044789, 94.8014717979, 1.02466315746, 0.421291095232, 4.62979914877, 19.2278237274, 136.487882914, 0.0075812647791, 0.0
0.175998920609, 0.915448323884, 2.04387616046, 0.82395331229, 96.3134700386, 2.54169468089, 0.580578439902, 4.85057843763, 18.6060109173, 92.2642128796, 0.0295852566301, 0.307692307692
0.102157060666, 0.926178287141, 2.8317789377, 0.698443449252, 97.9010425025, 3.21716968451, 0.969413309083, 1.80740441963, 11.0780737945, 103.759065406, 0.0262654468133, 0.181818181818
0.183827525673, 0.878766791706, 2.8317789377, 0.715801126126, 86.6750099896, 6.69931011003, 0.364011610917, 1.31448924739, 17.9082075249, 199.49315737, 0.0042515594033, 0.0
0.145862775783, 1.15352430084, 2.47242889416, 0.90648349803, 85.3538300088, 2.84589687954, 0.291004015513, 1.0182391299, 10.4506487562, 176.557622061, 0.0042272993995, 0.142857142857
0.137854086128, 0.960454205788, 4.81292397666, 0.678380768547, 92.4280966621, 1.6982690068, 0.229055214248, 2.34851872005, 16.0517847974, 253.851264068, 0.00400529783615, 0.0
0.131127757574, 1.14480212404, 4.09650170466, 0.731292506806, 90.565939158, 1.20531191579, 0.393246709352, 2.64420233582, 18.6060109173, 385.047142816, 0.00388754584252, 0.0
0.123366955927, 1.15352430084, 2.47242889416, 0.90648349803, 85.3538300088, 2.84589687954, 0.291004015513, 1.0182391299, 10.4506487562, 90.2540684201, 0.0272305870465, 0.65
0.129363541401, 1.20252826447, 3.50453692119, 0.834494602792, 93.7406643862, 9.67990389907, 0.683511086007, 1.26777642258, 14.6713919633, 111.272469806, 0.0353922417656, 0.0
0.123366955927, 1.15352430084, 2.47242889416, 0.90648349803, 84.7883737952, 1.64061923646, 0.291004015513, 1.0182391299, 10.4506487562, 222.292427775, 0.00455605824683, 0.0
0.102038097954, 0.827946185707, 2.13016353821, 0.736097162568, 82.0900753292, 1.82438635293, 0.969413309083, 4.63239637751, 15.2298763339, 115.01834635, 0.020008424612, 0.0
0.152303891257, 0.827946185707, 2.4960284564, 0.696893895898, 82.0900753292, 1.76347670345, 0.984476734133, 0.77736885556, 11.322140944, 91.2010770162, 0.0384862265517, 0.318181818182
0.101812672837, 1.20981277117, 3.45672674498, 0.915170346799, 85.1398080092, 1.53934387119, 0.314166818481, 1.37280829851, 17.3522694628, 264.039122411, 0.0044782231785, 0.0
0.141837424559, 0.881445001419, 2.11027713664, 0.620922847372, 92.6653422288, 1.76347670345, 0.393246709352, 0.863945082365, 11.322140944, 142.68800171, 0.00661710807026, 0.0
0.152303891257, 0.827946185707, 2.4960284564, 0.696893895898, 82.0900753292, 1.76347670345, 0.984476734133, 0.77736885556, 14.0455532664, 123.314375962, 0.0140759389824, 0.0
0.118069901505, 1.08210796893, 2.67784039909, 0.759143233376, 96.2165644805, 1.64061923646, 0.393246709352, 0.863945082365, 10.1871245568, 92.6773872773, 0.0305690403232, 0.538461538462
0.152303891257, 0.858161732815, 2.4960284564, 0.726692520034, 82.0900753292, 1.76347670345, 0.984476734133, 0.77736885556, 11.322140944, 89.8049732906, 0.0696523755967, 0.5
0.152303891257, 0.858161732815, 2.4960284564, 0.726692520034, 81.8468570227, 1.76347670345, 0.984476734133, 1.87988500128, 16.6168034, 130.41764343, 0.0113831803815, 0.0769230769231
0.172501576042, 1.15352430084, 2.02124080144, 0.948920167968, 95.067934246, 9.79312402261, 0.984476734133, 1.00039258308, 13.1895982894, 100.066082315, 0.125565677682, 0.1875
0.100750094609, 1.08210796893, 3.45672674498, 0.759143233376, 85.1398080092, 1.53934387119, 0.393246709352, 1.37280829851, 14.7962128385, 160.572970816, 0.00587430919531, 0.0
0.100309954173, 1.08210796893, 2.95245299469, 0.941972338794, 95.0029084133, 1.53934387119, 0.393246709352, 1.37280829851, 17.3522694628, 223.198377123, 0.00500930123541, 0.0
0.152303891257, 0.858161732815, 2.32378480748, 0.618957214318, 85.4608528586, 1.76347670345, 0.246524301304, 0.79371913357, 16.6168034, 117.930157286, 0.0176768998859, 0.2
0.131127757574, 1.14480212404, 4.09650170466, 0.731292506806, 90.565939158, 1.70506921258, 0.393246709352, 3.42562600483, 12.1741308338, 364.811108252, 0.0049316072603, 0.0
0.172501576042, 0.858161732815, 2.29732335648, 0.896906785412, 83.4601595472, 3.16202901961, 0.772806939613, 3.0435191861, 10.4576564932, 116.188469289, 0.0311430238769, 0.0
0.101812672837, 0.937864829526, 3.45672674498, 0.696893895898, 85.1398080092, 1.53934387119, 0.314166818481, 0.249029387797, 17.3522694628, 188.871027099, 0.0058695232256, 0.0
0.152303891257, 0.827946185707, 2.4960284564, 0.888357131379, 82.0900753292, 3.54295226258, 0.984476734133, 0.77736885556, 18.6060109173, 93.2275608576, 0.0960713940488, 0.461538461538
0.166016323385, 0.926178287141, 2.8317789377, 0.715801126126, 86.6750099896, 6.69931011003, 0.364011610917, 2.01277146979, 18.1654372073, 112.695224218, 0.132349439676, 0.0909090909091
0.136205833879, 1.11159764472, 5.89419552213, 0.776576898538, 87.810940932, 2.769027222, 1.18139570027, 2.16105898057, 16.3927699942, 783.310890705, 0.00556281779437, 0.0
0.118069901505, 1.08210796893, 2.67784039909, 0.759143233376, 96.2165644805, 1.64061923646, 0.393246709352, 0.863945082365, 10.7534340406, 169.375839531, 0.0062262666824, 0.0
0.172501576042, 1.0254780197, 2.29732335648, 0.896906785412, 83.4601595472, 3.16202901961, 0.772806939613, 3.0435191861, 10.4576564932, 103.599244897, 0.043739122271, 0.235294117647
0.100309954173, 1.08210796893, 2.95245299469, 0.941972338794, 95.0029084133, 1.53934387119, 0.393246709352, 1.37280829851, 17.3522694628, 127.769966506, 0.00792484338179, 0.555555555556
0.100750094609, 1.08210796893, 3.45672674498, 0.759143233376, 85.1398080092, 1.53934387119, 0.393246709352, 1.37280829851, 14.7962128385, 222.152208988, 0.00517531271809, 0.3
0.118069901505, 1.08210796893, 2.67784039909, 0.732751244585, 96.2165644805, 2.07335162114, 0.393246709352, 0.954244689979, 10.7534340406, 145.802378113, 0.00714553940567, 0.0
0.152303891257, 0.858161732815, 2.4960284564, 0.726692520034, 82.0900753292, 1.76347670345, 0.393246709352, 0.863945082365, 11.322140944, 150.739836591, 0.0070887535185, 0.0
0.118069901505, 0.960454205788, 3.22583899822, 0.757541997032, 96.2165644805, 2.33048487307, 0.393246709352, 0.863945082365, 15.2298763339, 120.675952705, 0.0160583293836, 0.181818181818
0.152303891257, 0.827946185707, 2.4960284564, 0.696893895898, 82.0900753292, 1.76347670345, 0.984476734133, 0.77736885556, 10.8757795154, 132.919145007, 0.0139088262799, 0.0
0.137854086128, 1.07657532746, 2.67784039909, 0.837473301359, 94.6738480742, 1.6982690068, 0.229055214248, 2.34851872005, 15.2298763339, 182.204992347, 0.00653149036143, 0.0
0.118069901505, 1.08210796893, 2.67784039909, 0.759143233376, 96.2165644805, 1.64061923646, 0.393246709352, 0.863945082365, 10.7534340406, 156.200143859, 0.00672747722435, 0.0
0.102157060666, 0.926178287141, 2.8317789377, 0.915170346799, 92.8693521098, 1.19749906581, 0.485531284323, 4.16486942408, 10.3259377581, 194.126489356, 0.006336422737, 0.0909090909091
0.180237400362, 0.96308035254, 3.53593442498, 0.888357131379, 85.4608528586, 3.54295226258, 0.246524301304, 4.28556098298, 18.6060109173, 205.410372563, 0.00652716872512, 0.0
0.102157060666, 0.926178287141, 2.8317789377, 0.90648349803, 85.3538300088, 3.21716968451, 0.969413309083, 4.16486942408, 10.4506487562, 105.605126842, 0.0579767928063, 0.3
0.172501576042, 0.827946185707, 2.22665871736, 0.948920167968, 95.067934246, 9.79312402261, 0.984476734133, 1.00039258308, 13.1895982894, 131.565522638, 0.0161279954697, 0.0
0.152303891257, 0.963368564013, 2.4960284564, 0.740203084642, 81.8468570227, 1.04685272655, 0.984476734133, 3.51384325117, 17.9027105822, 133.281127043, 0.0126671397659, 0.375
0.166016323385, 0.892459069921, 2.8317789377, 0.715801126126, 87.5288158896, 6.69931011003, 0.364011610917, 4.844046836, 10.4506487562, 116.823955552, 0.0661055056532, 0.04
0.152303891257, 0.990071652742, 2.4960284564, 0.696893895898, 96.2165644805, 1.76347670345, 0.984476734133, 0.77736885556, 15.2298763339, 122.523343542, 0.0237896954954, 0.0
0.152303891257, 0.858161732815, 2.4960284564, 0.740203084642, 81.8468570227, 1.76347670345, 0.984476734133, 1.87988500128, 16.6168034, 107.771140299, 0.0293925122556, 0.5
0.152303891257, 0.827946185707, 2.4960284564, 0.696893895898, 82.0900753292, 1.64061923646, 0.0842116990487, 0.77736885556, 10.8757795154, 117.828365894, 0.022163533652, 0.169811320755
0.172501576042, 0.866674668091, 2.22665871736, 0.948920167968, 95.067934246, 9.79312402261, 0.762675433446, 1.00039258308, 13.1895982894, 104.511346467, 0.156153512025, 0.411764705882
0.152303891257, 0.858161732815, 2.4960284564, 0.726692520034, 96.2165644805, 1.76347670345, 0.984476734133, 0.77736885556, 11.322140944, 104.910508982, 0.0402166370853, 0.470588235294
0.173119839794, 0.937864829526, 2.47242889416, 0.759143233376, 85.1398080092, 8.78867438955, 0.576864065959, 3.74154058185, 17.3522694628, 103.751149764, 0.249428173156, 0.461538461538
0.152303891257, 0.858161732815, 2.4960284564, 0.726692520034, 82.0900753292, 1.76347670345, 0.984476734133, 0.77736885556, 11.322140944, 132.684185834, 0.017714438105, 0.0
0.152303891257, 0.827946185707, 2.4960284564, 0.696893895898, 82.0900753292, 1.76347670345, 0.984476734133, 0.77736885556, 11.322140944, 126.408559928, 0.0181368661517, 0.0909090909091
0.152303891257, 0.827946185707, 2.4960284564, 0.696893895898, 82.0900753292, 1.76347670345, 0.984476734133, 0.77736885556, 11.322140944, 137.941053513, 0.0121134863173, 0.222222222222
