4.75341550016, 1.3992854057, 1.69625303013, 1.0000007422, 5.94047697744, 1.18993336034, 1.55924127417, 1.26000013577, 1.00000052251, 6.13967953294, 6.3963714497, 1.03809871562, 2.60546437917, 1.01023785387, 1.07125209582, 1.53137293675, 1.07905243992, 0.924635225885, 7.02157128217, 1.0000009887, 1.00000041886, 124.481012761, 1.01712341153, 4.91231004981, 1.06127061693, 3.66596158931, 0.870000053114, 157.054295064, 17.7048962768, 915.096353476, 1.60857908847
5.65087171441, 1.26609242793, 1.4804582112, 1.0000001036, 6.48894483848, 1.14233199101, 4.30801543278, 1.26000035076, 1.00000024017, 5.97111512548, 6.9052249517, 1.01810054908, 3.83875409083, 1.07652467998, 1.0147505795, 1.3906874838, 1.05916216963, 0.973415825332, 5.5842820467, 1.0000007256, 1.00000023171, 92.5213198502, 1.0620902493, 5.55863860693, 1.00749305757, 3.75851183887, 0.87000092621, 164.956098103, 17.5637162472, 384.018124246, 2.14477211796
1.42870349246, 1.33921193882, 1.68968097859, 1.00000037302, 6.94396767347, 1.10558398676, 5.69485663587, 1.2600009696, 1.00000007431, 5.79649591737, 7.49161205822, 1.08794676409, 3.13508753676, 1.04981669347, 1.01249553028, 1.17370091526, 1.13848421746, 1.07823203643, 7.228953205, 1.00000058416, 1.00000008429, 102.372477354, 0.960753413506, 3.60309077301, 1.04660595796, 3.73802151642, 0.870000868622, 170.118406739, 17.3597845168, 600.961543035, 2.14477211796
2.40889718115, 1.05264438656, 1.6451750531, 1.00000002899, 4.44388831914, 1.11263445831, 2.49579352078, 1.26000041771, 1.0000009848, 5.74226279037, 3.89058980792, 1.02671604792, 2.15611585185, 1.10569187939, 1.08009002338, 1.62996246089, 1.12240819507, 1.08992314691, 6.62511777202, 1.00000023856, 1.00000044896, 92.2007334146, 1.08892098839, 1.84701453811, 0.986357503515, 4.20597711338, 0.87000090149, 23.2515953364, 9.81937978338, 250.154479944, 4.02144772118
4.85813282209, 1.05490026097, 1.43500601428, 1.00000019742, 6.3258365557, 1.16004511921, 3.40188560636, 1.26000034071, 1.00000007568, 5.2446530271, 3.42681473865, 1.09841259026, 2.58972458869, 1.08228515922, 1.0893997936, 1.1514268969, 1.09001658939, 0.939882515236, 8.56441846161, 1.00000097926, 1.00000063505, 107.242564793, 1.08208431967, 1.68001518912, 0.97244046229, 3.60241045335, 0.87000066798, 72.3825061238, 18.3947715361, 495.712721011, 2.41286863271
3.51741568818, 1.22345662913, 1.42160078046, 1.00000064009, 4.82970419144, 1.14632946714, 2.00589057949, 1.26000034535, 1.00000036522, 6.0031239763, 5.25613260485, 1.07093456785, 3.02703200541, 1.08791479197, 1.04785318618, 1.48675377463, 1.10932458091, 0.949371866925, 4.21793106554, 1.00000014757, 1.00000099274, 96.0703593207, 0.965920628325, 2.15462273431, 0.968047818641, 3.7416396258, 0.870000705028, 76.3645328861, 19.8670625507, 349.781740334, 0.0
5.40509448117, 1.16510321967, 1.44726873879, 1.0000000479, 4.47260813153, 1.14546840994, 5.90805995178, 1.26000059617, 1.00000078099, 4.96484169486, 5.91950004636, 1.04088839209, 2.94958413347, 1.01216980688, 1.06599651484, 1.41071625875, 1.04960191825, 0.935593906867, 8.56270326128, 1.00000047534, 1.00000039101, 110.260994881, 1.06973316744, 3.73983181687, 0.980418361399, 3.62794654502, 0.870000682482, 262.987073559, 16.3196012336, 562.877818529, 2.41286863271
5.37770740751, 1.10730107729, 1.43168356884, 1.00000076517, 4.29118985778, 1.18565606322, 1.88554477833, 1.26000020881, 1.00000013934, 5.88369548852, 6.7609074129, 1.01457647151, 2.56616676851, 1.08915771196, 1.00018158257, 1.20269489696, 1.07006062245, 0.951828347052, 5.25775358318, 1.00000091681, 1.00000068407, 116.03276394, 1.03281196508, 4.93821429524, 1.02624766587, 3.67756336725, 0.870000688919, 348.575503268, 15.2817070136, 1365.09447858, 10.9919571046
2.68910620933, 1.05774454619, 1.40601062051, 1.00000078675, 6.20241019776, 1.03238255286, 4.30562244511, 1.2600002132, 1.00000008608, 5.68561647563, 3.6765306865, 1.04697888387, 2.44402252742, 1.06510236813, 1.0217239425, 1.58556525133, 1.04859538475, 1.05541192063, 5.35548932192, 1.00000090594, 1.00000092119, 113.619062579, 0.971886065705, 5.20602658157, 1.06464539938, 3.39428552455, 0.870000824856, 363.483536788, 15.4045475055, 1808.07876974, 7.23860589812
2.66837661025, 1.12081005779, 1.48225660742, 1.00000056239, 4.95886258448, 1.01833300376, 1.8492643127, 1.26000055577, 1.00000001486, 5.04015730331, 6.64809691618, 1.00572312922, 1.76123436259, 1.11070218326, 1.05928655022, 1.03068030781, 1.07293445101, 0.920959628465, 5.67724036191, 1.00000008522, 1.00000072398, 111.431377016, 0.932705517902, 3.15499920938, 0.980410168205, 4.30686166293, 0.870000019121, 400.158898275, 16.1851883474, 2945.5397981, 4.02144772118
2.73063755235, 1.18015241459, 1.40068321957, 1.0000007314, 6.13163046974, 1.17921659617, 1.92873568036, 1.26000033745, 1.00000085321, 5.6973427256, 5.79119917283, 1.08038744227, 2.53604535832, 1.07195572573, 1.01261902313, 1.540889568, 1.14398258104, 0.922858414292, 6.14644690432, 1.00000030112, 1.00000048311, 111.419965927, 0.988860904058, 4.11386297348, 0.950215649176, 4.20879569311, 0.870000609033, 480.190540142, 17.1155305456, 2793.50423144, 6.70241286863
4.67970116526, 1.03454126749, 1.63077204513, 1.00000040574, 4.51825126483, 1.16538663097, 3.88698439597, 1.26000067245, 1.00000078145, 6.10514049096, 5.63833045549, 1.01486017354, 2.0319711174, 1.07581305644, 1.07228251043, 1.41977101221, 1.0165490636, 0.946088392306, 3.49804703357, 1.00000089995, 1.0000006007, 115.747860175, 1.04445641926, 4.08820351716, 1.00213215294, 4.29953973468, 0.870000909379, 462.980918483, 19.9320851017, 1671.17528806, 0.536193029491
1.48700816781, 1.38736225334, 1.39628969544, 1.00000001228, 6.68031599938, 1.03586693886, 2.20585296453, 1.26000087255, 1.00000081539, 5.84063116869, 3.40296028404, 1.07882454867, 3.02946717131, 1.1057971554, 1.05109813499, 1.47861771298, 1.14656812921, 0.984238667462, 3.4923368382, 1.00000079379, 1.00000082789, 75.6355839765, 1.02600655467, 2.08087932352, 1.05575885538, 4.00748640087, 0.870000172869, 283.087158889, 27.5034445094, 379.156579987, 0.268096514745
5.64033260823, 1.39282749997, 1.46370969072, 1.0000002062, 6.81211829136, 1.01604100246, 5.42848379198, 1.26000093154, 1.00000049228, 5.61336643901, 6.40248164174, 1.0801715801, 1.88317937366, 1.044820857, 1.08570212797, 1.51840079781, 1.06841284222, 0.996188841404, 4.48970635764, 1.00000023145, 1.00000071122, 120.111658481, 1.08947779879, 1.68599550177, 1.06371820873, 3.89142516063, 0.870000550624, 495.184158543, 20.0023096486, 759.347535763, 0.536193029491
1.89135533648, 1.20621479041, 1.53427610442, 1.00000092507, 6.31963761974, 1.02927361304, 1.95658658536, 1.26000091527, 1.00000047325, 5.35621620128, 5.35265545557, 1.00607922609, 2.82194737644, 1.07367281212, 1.02466782601, 1.47865204028, 1.05056146674, 1.0996476876, 9.75706406834, 1.00000013731, 1.0000001862, 79.2794342663, 1.01475640871, 3.20629504036, 1.00090402392, 3.80394872128, 0.870000619942, 480.833284341, 23.1194965627, 1431.37201573, 0.0
4.57581878394, 1.19000722842, 1.39847946342, 1.00000067363, 5.15847083435, 1.14479511099, 3.00580695625, 1.26000011511, 1.00000044997, 5.96907491572, 3.91584434158, 1.07542351844, 1.77510465825, 1.09749926085, 1.0799813296, 1.1494651928, 1.15396825763, 1.06280583664, 9.77687655435, 1.00000012504, 1.00000036145, 114.654119797, 1.03625221389, 1.48515424153, 1.01941451442, 3.98643766207, 0.870000282275, 466.892785503, 24.1529203735, 6340.98884584, 0.0
4.94700771238, 1.14363524434, 1.4735159613, 1.00000080759, 4.98370787103, 1.08178710259, 3.13074746525, 1.26000020982, 1.00000015921, 5.48242077437, 5.81448432231, 1.09841033005, 2.62986262268, 1.08776664402, 1.06512553852, 1.42102805567, 1.04199999443, 0.953703178873, 8.8685023162, 1.00000079756, 1.00000058075, 121.424113249, 0.915490498538, 1.2072060006, 1.04422653333, 3.68182137001, 0.870000139049, 383.888963538, 31.7645661011, 531.329611884, 0.0
3.84839528995, 1.30152468283, 1.3804609728, 1.00000095246, 4.77923511296, 1.01674236884, 4.59247776387, 1.26000091465, 1.00000061931, 5.6954212501, 3.44131847619, 1.01366010916, 3.3457025103, 1.09563541975, 1.00703761035, 1.2717622258, 1.03690753471, 1.10746966585, 3.34044433715, 1.00000019363, 1.00000060561, 123.941695781, 1.04713566786, 5.62872737019, 0.978118293916, 3.2944529989, 0.870000317428, 223.873361934, 27.3781069634, 1036.94585958, 0.0
1.73586037573, 1.06777854182, 1.63702557298, 1.00000049284, 6.91776326092, 1.14997957566, 3.18107998068, 1.26000086641, 1.00000043892, 6.0334645955, 3.27109937508, 1.09297847047, 2.73475477322, 1.1195616228, 1.0566826636, 1.51854050808, 1.1654372024, 1.02002638123, 7.92297845546, 1.00000082867, 1.00000000395, 113.617009987, 1.02198561136, 2.878255648, 1.00115463738, 4.02704275661, 0.870000811982, 260.04526538, 27.190856912, 399.969458013, 0.268096514745
1.88716249371, 1.10866746799, 1.66671312027, 1.00000019435, 7.00400669665, 1.17961777116, 5.86738330441, 1.26000060435, 1.00000039014, 5.4665936406, 7.23855893992, 1.0699256521, 3.87209130055, 1.07007146812, 1.00045920868, 1.12254403142, 1.16820819528, 0.914615483137, 6.44305588196, 1.00000002086, 1.00000052179, 116.549773468, 1.032590224, 4.27564792546, 0.953776862613, 3.56602037773, 0.870000307721, 121.776591507, 20.7527412879, 1430.50516359, 1.87667560322
5.53384012005, 1.02957894475, 1.4208277423, 1.00000035818, 4.3221136534, 1.18111471058, 1.43159692153, 1.26000030171, 1.00000041983, 5.8366962425, 3.78631109224, 1.0039565586, 3.24831232224, 1.05140305308, 1.06319549213, 1.07906327356, 1.01467392815, 1.02483159195, 8.42148281642, 1.00000094123, 1.00000012742, 114.6938258, 1.06106728844, 2.41021086779, 1.01903793235, 3.7411488395, 0.870000649137, 608.2240159, 26.2895893885, 1337.6537819, 0.536193029491
3.49079239158, 1.04628243016, 1.47543836807, 1.0000000216, 6.93597566687, 1.07067292785, 4.79247578903, 1.26000050459, 1.00000034845, 6.08946324674, 3.94390277924, 1.01652588703, 2.26759341439, 1.03033564697, 1.04610730875, 1.6166583274, 1.06897887743, 0.945651970742, 3.54659706645, 1.00000009579, 1.00000053298, 124.494588705, 0.976124532612, 4.446657285, 1.01556699054, 3.74489346771, 0.870000839202, 166.238418165, 26.0971350279, 586.64101792, 2.9490616622
5.01646431891, 1.36807247354, 1.66376522336, 1.0000000929, 6.46156056499, 1.17185023422, 5.50098407654, 1.2600000337, 1.0000004945, 5.46643807183, 3.29661423182, 1.01350576969, 2.27354799467, 1.02088430509, 1.07186066263, 1.12254293688, 1.03690753471, 1.09825096443, 4.46443891208, 1.00000042759, 1.00000043958, 89.8645532725, 0.965303198207, 1.90666888452, 1.05381127772, 3.90881421067, 0.870000763039, 1097.48989483, 29.7694345533, 3974.7441935, 0.0
2.48509308248, 1.21578231191, 1.54022894705, 1.00000007026, 4.59193715755, 1.1377316798, 5.47763039274, 1.26000015211, 1.00000034636, 5.45632564195, 6.98456450202, 1.09212327279, 1.058561874, 1.00881656242, 1.01678450086, 1.56723286372, 1.0231590268, 0.923560612552, 5.73108583975, 1.00000089206, 1.00000063392, 94.8024946639, 1.06683687714, 3.02961075068, 0.976808513913, 3.48950701631, 0.870000491847, 639.770662431, 18.1557398285, 1573.4643261, 4.02144772118
4.69029637396, 1.27915350716, 1.47714815454, 1.00000061066, 6.42688029409, 1.08088561977, 2.22322647301, 1.26000016172, 1.00000005435, 5.23379645407, 4.40056929652, 1.08310676478, 3.13508753676, 1.10772051279, 1.02351742045, 1.4866092913, 1.08023542925, 0.917672548468, 4.02016772637, 1.00000046268, 1.00000049199, 100.73084683, 1.07087748429, 2.06589267634, 1.01878036096, 4.03011376618, 0.870000306062, 635.511237288, 18.8650320007, 3777.52430807, 3.48525469169
5.7669045341, 1.17563225457, 1.53520700049, 1.00000020254, 4.33503665775, 1.08232523938, 3.69018629642, 1.26000093164, 1.00000070192, 5.9604076281, 3.79483290997, 1.04342287293, 3.01576260119, 1.06561565594, 1.061553139, 1.03481330523, 1.11559179935, 0.913852233324, 8.27879150673, 1.0000009302, 1.00000024932, 107.965182198, 1.06450985045, 4.74762685298, 0.996946124834, 3.58806764961, 0.870000124149, 1486.33746363, 33.9344272417, 3690.60139475, 0.0
4.75341550016, 1.34280298146, 1.48965419815, 1.00000067647, 4.25690442602, 1.05789082655, 3.63323874374, 1.26000009328, 1.00000035761, 5.60681228839, 5.40324606304, 1.07314136843, 1.36503939266, 1.03686651073, 1.07832638377, 1.12509329607, 1.09661985411, 0.968525435651, 4.02840600286, 1.00000060439, 1.0000007824, 107.389676422, 1.0795352957, 5.00481580256, 0.986478337203, 3.49146819811, 0.870000165095, 1220.25790776, 42.8427248275, 2411.33555821, 0.0
3.94787736957, 1.08290382091, 1.70158668427, 1.00000049785, 4.51554945088, 1.0676408717, 4.48834878796, 1.26000038888, 1.00000073485, 5.18017421245, 3.50420737219, 1.04457251831, 3.68333418321, 1.08168421734, 1.05039645722, 1.00616947018, 1.10158378462, 1.05318598627, 9.39022680281, 1.00000095716, 1.0000002098, 121.003149361, 1.08627478383, 3.25135326203, 1.02674885874, 3.96690125, 0.87000068743, 563.76089444, 20.5251130233, 4105.3876012, 1.87667560322
4.83887861244, 1.19363126901, 1.41961558777, 1.00000058568, 6.09554441283, 1.05813012476, 5.52077912191, 1.26000060324, 1.00000028072, 6.11838427811, 5.97872923284, 1.01449402522, 1.65825445203, 1.00305648814, 1.01896021501, 1.37811446325, 1.13091746448, 0.945048420577, 6.45292777672, 1.00000018572, 1.00000016026, 77.0462743593, 1.02373048673, 3.76749459953, 0.999563873447, 3.75071644708, 0.870000236065, 796.553479853, 19.1982296663, 8520.43617519, 4.55764075067
4.34831417682, 1.25065469205, 1.48965419815, 1.00000067647, 4.25690442602, 1.05789082655, 3.63323874374, 1.26000009328, 1.00000035761, 5.60681228839, 5.40324606304, 1.09806879663, 1.36503939266, 1.03686651073, 1.07832638377, 1.12509329607, 1.09661985411, 0.968525435651, 4.02840600286, 1.00000060439, 1.0000007824, 107.389676422, 1.0795352957, 5.00481580256, 0.986478337203, 3.49146819811, 0.870000165095, 664.393493651, 26.6937024698, 3218.96699894, 1.07238605898
2.38631795163, 1.04382582284, 1.42227611726, 1.00000000726, 5.51966471509, 1.1592629855, 3.77833101706, 1.26000069389, 1.00000007373, 6.19539179969, 4.98296846147, 1.08316388526, 2.84646628465, 1.01158084156, 1.0399338309, 1.57285883374, 1.13069113983, 0.911317551712, 6.63671550568, 1.00000090553, 1.00000056031, 76.5759425073, 1.08117707168, 4.86902519058, 0.954321668469, 3.48546841605, 0.870000623328, 1134.03836536, 24.6080926179, 9175.09227004, 0.536193029491
1.32101718927, 1.30152468283, 1.3804609728, 1.00000092474, 4.77923511296, 1.01674236884, 4.59247776387, 1.26000091465, 1.00000061931, 5.6954212501, 5.55836775763, 1.01366010916, 3.3457025103, 1.09563541975, 1.00703761035, 1.2717622258, 1.02803630221, 1.08783955234, 3.34044433715, 1.00000019363, 1.00000050288, 116.159164079, 1.04498721521, 5.62872737019, 0.978118293916, 3.2944529989, 0.870000317428, 669.484243543, 34.3684341147, 4291.79846622, 0.268096514745
5.97933006658, 1.0383248325, 1.34342082547, 1.00000059277, 4.82623752139, 1.11204277018, 2.11700132701, 1.26000035755, 1.0000002413, 5.82693707725, 3.71545904783, 1.03966762629, 3.64936334185, 1.0672544439, 1.00706498678, 1.57521686323, 1.00762145423, 0.951801534082, 6.01803983392, 1.00000042328, 1.0000004731, 95.2013380702, 1.07968077064, 5.7220902914, 1.04910763414, 3.54587785359, 0.870000418144, 1127.64408046, 25.1579184154, 20467.1082461, 1.60857908847
2.34885240993, 1.25955004526, 1.65404362771, 1.00000066207, 5.86699690101, 1.06489194129, 5.10577577835, 1.26000082693, 1.00000007341, 5.74825594779, 7.15987195195, 1.00810012558, 2.3115864421, 1.08221890217, 1.08606019214, 1.36005024537, 1.06326281314, 0.910425167357, 9.46238761226, 1.00000046555, 1.00000008185, 121.070309303, 0.96521616628, 2.68953856866, 1.00115734925, 3.86539032481, 0.870000116673, 2745.94472938, 40.6675448495, 12470.9949675, 0.0
4.07262485398, 1.25294656291, 1.5599373419, 1.00000053127, 4.47863256883, 1.12605352252, 5.88065245631, 1.26000006236, 1.00000040838, 6.00458431599, 6.13002972101, 1.02445552922, 2.94840381252, 1.02594049106, 1.05103880614, 1.19889210094, 1.00879080569, 0.962824127431, 8.70505119318, 1.00000019209, 1.00000050046, 110.505285581, 1.08100622116, 4.65199956693, 0.963510231852, 4.00093061808, 0.870000657611, 679.103801395, 19.8682867807, 8864.77609069, 6.16621983914
3.13333095592, 1.31775645975, 1.57723076889, 1.00000018185, 4.8068868026, 1.03798442351, 3.76766317131, 1.26000080285, 1.00000057505, 5.0365827193, 3.31376347801, 1.06734424212, 3.12878360274, 1.02563007568, 1.04180114583, 1.19229835278, 1.14069845008, 1.05546179901, 8.50401350098, 1.00000094872, 1.00000052519, 92.4132089017, 1.02642525728, 2.55736967653, 0.973112094539, 4.14440337377, 0.870000366233, 672.621046502, 26.2414047692, 1408.86915216, 3.21715817694
2.68910620933, 1.06564853171, 1.40601062051, 1.00000078675, 6.20241019776, 1.03238255286, 4.30562244511, 1.2600002132, 1.00000008608, 5.68561647563, 3.6765306865, 1.04697888387, 2.44402252742, 1.06510236813, 1.0217239425, 1.58556525133, 1.04859538475, 1.05541192063, 5.35548932192, 1.00000090594, 1.00000092119, 113.619062579, 0.971886065705, 5.20602658157, 1.06464539938, 3.39428552455, 0.870000824856, 2976.83807773, 55.3813039139, 7595.83487074, 0.0
5.81299911422, 1.23827939845, 1.5076492035, 1.00000070994, 5.06842411859, 1.0792807573, 4.63965409843, 1.26000060545, 1.00000010477, 5.86664954267, 6.77172610068, 1.04686652024, 3.98862622839, 1.02235615192, 1.05537523242, 1.61210886861, 1.10695693539, 0.96968824565, 4.67300331705, 1.00000042766, 1.00000030561, 124.099462568, 1.05238360275, 5.70560187576, 0.989862366629, 4.06184349426, 0.870000998573, 1927.6909168, 48.9009281566, 7830.90597289, 0.0
3.27488407887, 1.31387144684, 1.58246717805, 1.00000094887, 5.78262169699, 1.15867227828, 3.70979497316, 1.26000014438, 1.00000087696, 6.17375406829, 3.34126655231, 1.07615381362, 2.91415244478, 1.09926600334, 1.05453382592, 1.27575746871, 1.13092610871, 1.01361087816, 9.33638560152, 1.00000019262, 1.00000060235, 121.298151175, 0.961367703291, 2.75161272373, 0.950264335246, 3.4804557158, 0.870000105285, 1569.69677294, 50.3222925858, 10573.5917016, 0.0
2.73063755235, 1.18015241459, 1.40068321957, 1.0000007314, 6.13163046974, 1.17921659617, 1.92873568036, 1.26000033745, 1.00000032066, 5.6973427256, 5.79119917283, 1.08038744227, 2.53604535832, 1.01489007831, 1.04662311577, 1.540889568, 1.14398258104, 0.922858414292, 6.14644690432, 1.00000030112, 1.00000048311, 111.419965927, 0.988860904058, 4.67649029282, 0.950215649176, 4.17335296049, 0.870000609033, 3039.81302759, 43.4164623882, 40890.7977781, 0.0
4.83887861244, 1.32210862767, 1.48454544807, 1.00000028993, 4.62657572515, 1.1101513652, 5.87216761429, 1.26000015407, 1.00000051739, 6.14753430591, 6.42454997006, 1.0434252934, 1.40167664519, 1.05756979496, 1.01863765282, 1.52569579059, 1.04399847513, 0.998380651811, 8.39884019011, 1.00000038063, 1.00000047602, 119.643415978, 1.00717746615, 5.72195804729, 0.994671163854, 3.30601701247, 0.870000609757, 2306.7511576, 51.6620670848, 19033.7463881, 0.0
5.7669045341, 1.17563225457, 1.53520700049, 1.0000006162, 4.33503665775, 1.08232523938, 3.69018629642, 1.26000093164, 1.00000089857, 5.9604076281, 3.79483290997, 1.06281536458, 3.01576260119, 1.06561565594, 1.061553139, 1.03481330523, 1.11559179935, 0.913852233324, 8.27879150673, 1.0000009302, 1.00000024932, 107.965182198, 1.06450985045, 4.74762685298, 0.996946124834, 3.58806764961, 0.870000124149, 508.605333763, 20.4537868778, 7186.11640085, 2.9490616622
4.58610772663, 1.12081005779, 1.48225660742, 1.00000056239, 4.95886258448, 1.01833300376, 2.16078806755, 1.26000055577, 1.00000006858, 5.04015730331, 6.64809691618, 1.00572312922, 1.76123436259, 1.11070218326, 1.05928655022, 1.03068030781, 1.07293445101, 0.920959628465, 5.67724036191, 1.00000008522, 1.00000072398, 102.054940997, 0.932705517902, 3.15499920938, 0.980410168205, 4.30686166293, 0.870000019121, 4557.23159521, 52.4860676137, 36609.4201893, 0.0
4.44519920082, 1.23604575757, 1.72592213081, 1.00000054207, 7.05034693499, 1.15859588206, 5.96408950775, 1.26000078719, 1.00000055226, 5.20711937268, 6.07709640179, 1.08101290769, 2.45074120784, 1.10397398521, 1.04809227722, 1.43873474986, 1.02455627707, 0.934236436949, 5.29603891314, 1.00000046396, 1.00000012333, 106.643541969, 1.07622010561, 1.31213679213, 1.05960419369, 3.47589605449, 0.870000522369, 1401.93669205, 33.0399139725, 11773.9788434, 0.268096514745
5.49547193228, 1.0383248325, 1.43559203926, 1.00000059277, 4.82623752139, 1.11204277018, 2.11700132701, 1.26000035755, 1.0000002413, 5.82693707725, 3.71545904783, 1.03966762629, 3.64936334185, 1.0672544439, 1.00706498678, 1.57521686323, 1.06487113207, 0.951801534082, 6.01803983392, 1.00000042328, 1.0000004731, 95.2013380702, 1.07968077064, 5.7220902914, 1.04910763414, 3.54587785359, 0.870000051467, 1304.18636463, 27.2818701633, 7782.47405071, 1.34048257373
3.07079729665, 1.34151694005, 1.71188009871, 1.00000005631, 6.50736337735, 1.02205997268, 2.5534100443, 1.26000051163, 1.00000093471, 5.78173440768, 6.85277436121, 1.0339768526, 1.9237701347, 1.07818815094, 1.0087157395, 1.46195262752, 1.05890360331, 0.939815098407, 8.2882952116, 1.00000001329, 1.00000014156, 89.1762860568, 1.08092971653, 5.0079688437, 1.0016612063, 3.74763733754, 0.87000002546, 1447.04688896, 23.4046687196, 6943.62871235, 2.14477211796
5.53996852918, 1.14053923846, 1.36698571013, 1.00000053856, 5.42218480261, 1.11904177459, 5.26794229222, 1.26000070844, 1.00000054416, 5.29492368785, 5.119304676, 1.0276068647, 1.05844278527, 1.08009018953, 1.07680450599, 1.40618301139, 1.07216468648, 0.917051324649, 7.34969935986, 1.00000033594, 1.00000061456, 103.678739953, 1.02254170009, 5.13098234196, 0.975794713693, 3.73196014303, 0.870000294182, 1237.35811033, 44.3234008868, 8002.5590479, 0.268096514745
5.0880204992, 1.10126131574, 1.66142738425, 1.00000008726, 6.36856376048, 1.13518665988, 2.57450045672, 1.26000011378, 1.00000004643, 5.45472013505, 4.41948952562, 1.05864519139, 2.00549915462, 1.04166104288, 1.01796762332, 1.57963156005, 1.03203097138, 1.05887890441, 6.31602057247, 1.00000016412, 1.00000003198, 88.4045092619, 0.942958678426, 5.08819916616, 0.969568121533, 3.63158512396, 0.870000503572, 931.65836391, 21.4047695138, 5264.40788923, 2.9490616622
1.10936815896, 1.00075275142, 1.58848663971, 1.00000020069, 5.35668279776, 1.01494496947, 3.44616862725, 1.26000047905, 1.00000004104, 5.0923238537, 3.95163975252, 1.00020684822, 3.680265537, 1.01538968097, 1.04474811323, 1.24881621888, 1.04058652145, 1.08410959366, 7.45856294371, 1.00000019828, 1.00000097977, 92.7949344688, 1.05520697509, 5.52400110373, 0.957020736674, 4.19387556683, 0.870000776008, 676.270061405, 22.4518798898, 8751.83182087, 2.68096514745
2.2842902771, 1.29394360097, 1.34536963527, 1.00000047319, 4.73348759347, 1.16957766994, 5.55306848012, 1.26000021558, 1.00000009408, 5.45522348513, 3.43543611212, 1.06452562413, 2.51581455777, 1.10327157877, 1.00972507188, 1.18975387263, 1.00106470331, 0.928451452134, 8.54853002509, 1.00000001093, 1.00000025395, 76.9990462138, 1.06497104596, 5.76711167398, 0.999225936194, 3.53524355481, 0.870000486295, 969.209490018, 20.1605776407, 8575.06663309, 5.36193029491
4.19615380267, 1.21051755143, 1.48012871647, 1.00000078158, 5.64375763986, 1.07333904933, 1.10238536399, 1.26000098062, 1.00000075919, 5.59461259785, 4.69641427635, 1.09967919775, 1.85780152978, 1.00084487785, 1.06748725786, 1.57001757993, 1.08119508084, 1.04299869882, 8.4171157546, 1.00000039017, 1.00000094431, 78.6286933309, 0.988474605703, 3.22217532317, 1.0505430414, 3.78871903731, 0.870000901373, 699.195714189, 36.6922454052, 1811.96479647, 1.07238605898
2.19947179105, 1.1097715376, 1.5925546513, 1.00000029612, 6.62120496607, 1.07701392043, 1.00001230427, 1.26000043724, 1.00000084682, 5.79477223044, 4.37417588425, 1.09828801583, 1.46100335428, 1.0409378663, 1.00057736149, 1.04052277923, 1.0271617342, 1.05973587632, 3.21745572606, 1.00000039134, 1.00000070632, 83.1948910063, 1.08169543737, 1.32484145216, 1.01174749071, 4.03060566258, 0.870000266889, 894.920504876, 40.6917596594, 4080.65281818, 0.536193029491
2.79952997332, 1.14705433174, 1.50493761291, 1.00000027922, 5.69951392593, 1.17098782381, 4.30765795722, 1.26000061484, 1.00000000057, 4.99191478815, 5.2890288079, 1.0502261231, 2.60881948638, 1.071007736, 1.05368604235, 1.55369667537, 1.09828432615, 0.952619587957, 5.40853965016, 1.00000041073, 1.00000051399, 122.652746155, 0.950683323612, 5.25603359928, 1.01713059032, 3.61458182036, 0.870000284302, 2307.1987007, 39.2732122779, 2678.74566774, 0.536193029491
4.66179390058, 1.07857089242, 1.59193192944, 1.00000015123, 5.49087611611, 1.15057923347, 2.6977274034, 1.26000071927, 1.00000008057, 5.48523576302, 6.24381451997, 1.01375041804, 3.93169564398, 1.00465568498, 1.00367030128, 1.50837108996, 1.07704218363, 1.10026499404, 8.21046793569, 1.00000016641, 1.00000004381, 78.6744570796, 0.941721144003, 1.60429510259, 1.05237033258, 4.22056201894, 0.870000003425, 1472.45547669, 22.6351990353, 3561.62220085, 5.09383378016
1.83571989069, 1.17827111832, 1.47799736229, 1.00000063314, 5.40000295948, 1.14392131141, 1.07340881512, 1.2600000939, 1.00000042996, 6.13408953801, 4.38843244518, 1.02690152599, 3.35626953053, 1.03867263813, 1.0783774896, 1.06943522595, 1.02216559023, 0.910002624089, 7.36059501778, 1.00000013939, 1.00000059383, 106.953868036, 1.08422660195, 1.14182602303, 1.05810304729, 4.06689108451, 0.870000219857, 1026.71384418, 31.0729959693, 9410.06957602, 0.536193029491
5.65087171441, 1.26609242793, 1.3502392822, 1.0000001036, 6.48894483848, 1.14233199101, 4.30801543278, 1.26000039367, 1.00000024017, 5.97111512548, 6.9052249517, 1.01810054908, 3.83875409083, 1.07652467998, 1.0147505795, 1.3906874838, 1.05916216963, 0.973415825332, 5.5842820467, 1.0000007256, 1.00000023171, 92.5213198502, 1.0620902493, 5.55863860693, 1.00749305757, 3.75851183887, 0.870000844708, 979.579166446, 29.9253430188, 13635.9088164, 0.536193029491
4.55063399073, 1.40724737408, 1.65486726193, 1.00000057202, 5.07546956265, 1.10984121641, 3.68920238582, 1.26000056597, 1.00000099762, 5.44016530873, 7.45562207083, 1.073397085, 1.82907962087, 1.07776750829, 1.05493751936, 1.15692589015, 1.1292708015, 0.96709202633, 6.32492578831, 1.00000079563, 1.0000006183, 110.902294709, 0.935105513149, 4.67091320639, 0.950215671202, 3.82394101152, 0.870000004068, 1044.8263305, 25.5421964119, 8658.89520902, 2.14477211796
4.57581878394, 1.19000722842, 1.39847946342, 1.00000067363, 5.15847083435, 1.14479511099, 2.2272557116, 1.26000011511, 1.00000044997, 5.52428207611, 3.91584434158, 1.07542351844, 1.77510465825, 1.09749926085, 1.0799813296, 1.1494651928, 1.15396825763, 1.04910268303, 9.77687655435, 1.00000012504, 1.00000036145, 114.654119797, 1.03625221389, 1.48515424153, 1.01941451442, 3.98643766207, 0.870000282275, 926.857766668, 20.7259852754, 12992.2600642, 4.02144772118
2.38631795163, 1.04382582284, 1.42227611726, 1.00000021569, 5.51966471509, 1.1592629855, 3.77833101706, 1.26000069389, 1.00000007373, 6.19539179969, 4.98296846147, 1.08316388526, 2.84646628465, 1.01158084156, 1.0399338309, 1.57285883374, 1.13069113983, 0.911317551712, 6.63671550568, 1.00000071866, 1.00000056031, 76.5759425073, 1.08117707168, 4.86902519058, 0.954321668469, 3.51494863056, 0.870000623328, 1058.00359019, 41.4800698135, 4762.44702688, 0.804289544236
1.07635882081, 1.07218549383, 1.41949722298, 1.00000063447, 4.92654430859, 1.10180892327, 3.44474109316, 1.26000081594, 1.00000055276, 4.99632902667, 4.1289408601, 1.06050130775, 2.78394981485, 1.1139127773, 1.0897786858, 1.60895986468, 1.10444314007, 1.02185674144, 8.31060111241, 1.00000085386, 1.00000020253, 81.1461253418, 0.947537618757, 3.03580955392, 1.04945002806, 4.00634437191, 0.870000679251, 867.221413897, 24.6991303978, 4933.94924959, 3.21715817694
5.2482563837, 1.1001102449, 1.71990471015, 1.00000079638, 6.34913108134, 1.14196859683, 1.44476503321, 1.26000033348, 1.00000023778, 5.82128906357, 4.92340095495, 1.0376062806, 2.42486497537, 1.02656448599, 1.06572731203, 1.27532359734, 1.16870651824, 1.10815452952, 7.20509726649, 1.00000017877, 1.00000085639, 121.838451355, 1.07051004386, 5.95484272315, 1.03833038385, 3.51900517956, 0.870000043598, 602.420308838, 26.4142490344, 3989.61126547, 4.02144772118
2.65996536342, 1.01806701645, 1.56377547002, 1.00000070461, 4.85430680985, 1.10300242121, 1.80761388842, 1.26000053139, 1.00000035913, 6.0606959554, 6.22739373967, 1.09885110479, 4.0055845547, 1.08940179688, 1.05289936259, 1.56687217808, 1.16527997183, 0.996630423615, 3.62477717761, 1.00000002284, 1.0000003216, 96.9899913152, 1.00126521228, 1.55071088881, 0.964179028328, 4.02527992211, 0.870000304062, 4849.11354194, 51.8159613525, 16515.3399798, 0.268096514745
1.57817969062, 1.33876420237, 1.61837425627, 1.00000006752, 6.89913741835, 1.07889900821, 2.8677075911, 1.26000042061, 1.00000067485, 5.42022864422, 7.1487826656, 1.09043071219, 2.04213580146, 1.03174613753, 1.05315222092, 1.4815094148, 1.05370429727, 1.0478098303, 6.52658325988, 1.00000057808, 1.00000069128, 79.064279418, 0.953495409143, 5.77732089937, 1.04126874782, 3.74262120429, 0.870000138283, 741.774975974, 36.1186563846, 6357.02362451, 0.536193029491
4.67970116526, 1.03454126749, 1.63077204513, 1.00000040574, 4.35773352304, 1.16538663097, 4.15303681808, 1.26000055082, 1.00000078145, 6.10514049096, 5.63833045549, 1.01486017354, 2.0319711174, 1.10676566635, 1.07228251043, 1.41977101221, 1.0165490636, 0.946088392306, 3.49804703357, 1.00000089995, 1.0000006007, 118.683745588, 1.04445641926, 4.08820351716, 1.00213215294, 4.29953973468, 0.870000909379, 4930.26977089, 65.8611087557, 43494.0886256, 0.268096514745
5.29343310319, 1.0111184188, 1.73045066352, 1.00000050844, 6.15310585828, 1.01620697086, 5.1302827247, 1.26000061896, 1.00000001152, 5.97199114872, 3.68223279817, 1.04804873595, 2.07384154342, 1.00793030459, 1.00249621554, 1.39213421676, 1.04397578172, 0.932725966078, 8.04142697605, 1.00000089872, 1.00000023201, 121.533140703, 0.996328174184, 5.20643301686, 1.01923688566, 3.74600636635, 0.870000223056, 1178.26571666, 22.5586467966, 14506.5504763, 3.75335120643
4.44519920082, 1.23604575757, 1.72592213081, 1.00000054207, 7.05034693499, 1.15859588206, 5.85622509678, 1.26000078719, 1.00000055226, 5.41463805139, 6.07709640179, 1.08101290769, 2.45074120784, 1.10397398521, 1.06589122153, 1.43873474986, 1.01456809397, 0.934236436949, 8.20377957646, 1.00000046396, 1.00000012333, 106.643541969, 1.07622010561, 1.31213679213, 1.05960419369, 3.89142516063, 0.870000522369, 1935.34632846, 29.9121703442, 9370.26328676, 0.536193029491
5.95195681778, 1.2561562516, 1.4676298807, 1.00000064199, 6.97600921798, 1.16634149668, 4.60211699918, 1.26000039616, 1.00000025057, 5.70553463197, 5.54956258706, 1.09632912149, 3.0549673167, 1.07359131716, 1.01944049106, 1.62116149903, 1.05517087458, 1.08022325034, 7.22823544512, 1.00000032429, 1.00000004024, 109.252176906, 0.949638446303, 2.38575256574, 1.0114425064, 3.91689511121, 0.870000193582, 3821.97369644, 31.5746333633, 7007.61668412, 1.07238605898
4.99036748183, 1.18454683761, 1.62927551798, 1.00000069646, 5.67480821109, 1.02772760677, 2.01934305334, 1.26000055949, 1.00000032333, 6.06117348747, 7.41198451365, 1.0361995409, 3.60987079307, 1.00924972066, 1.04385413256, 1.20466090903, 1.1409726082, 0.94466686308, 6.75179564325, 1.00000083605, 1.00000039756, 113.671940744, 1.04855015082, 4.90880431364, 1.05559569436, 3.72997344873, 0.870000701157, 1035.27804894, 21.2587930068, 44371.7150322, 4.28954423592
2.04851155009, 1.27381706699, 1.72890967896, 1.0000000094, 5.73356242003, 1.07620856887, 2.37839423256, 1.2600006455, 1.00000006943, 5.69544164025, 6.45595782232, 1.01808876337, 3.48800621954, 1.00333581029, 1.04351751496, 1.21571059112, 1.13933880009, 0.987397171798, 7.0144228462, 1.00000061318, 1.0000003036, 122.2739199, 1.04712561875, 4.62397200402, 1.05495581815, 4.00481255684, 0.870000052804, 938.434317749, 39.8917816298, 6970.95873674, 0.804289544236
4.19615380267, 1.21051755143, 1.48012871647, 1.00000078158, 5.64375763986, 1.07333904933, 1.10238536399, 1.26000098062, 1.00000097505, 5.59461259785, 4.69641427635, 1.09967919775, 1.85780152978, 1.00084487785, 1.06748725786, 1.57001757993, 1.08119508084, 1.04299869882, 6.15988460428, 1.00000039017, 1.00000094431, 80.3653077879, 0.988474605703, 4.46957939311, 1.0505430414, 3.78871903731, 0.870000901373, 1564.9096252, 25.7147939344, 5678.29687378, 3.75335120643
4.43368170485, 1.2465701964, 1.50925953286, 1.0000008039, 4.32829144333, 1.06134204753, 1.63261639446, 1.26000062646, 1.00000093241, 5.99667214418, 6.9964678118, 1.02158876636, 1.05733753603, 1.05450237656, 1.03725091337, 1.0391068128, 1.16280003816, 1.02989639469, 3.15159902028, 1.00000058923, 1.00000056536, 93.0013689205, 0.926081995573, 2.62500878851, 0.964385994135, 3.43533083685, 0.870000295448, 1653.11072473, 35.0788555532, 5033.39343416, 1.07238605898
4.98464531556, 1.02176228209, 1.54369226882, 1.00000018373, 6.02430478586, 1.17168054583, 2.20585296453, 1.26000066262, 1.0000009305, 6.17914996305, 6.30319779656, 1.02288085728, 1.54245822166, 1.11493157917, 1.05192997122, 1.26177092231, 1.0176804921, 0.952774452191, 3.34445048724, 1.00000042402, 1.00000002862, 113.081163528, 1.04155757373, 3.64182942436, 0.999850142123, 3.91612830381, 0.870000878816, 1125.47262884, 21.9011019618, 16267.7422109, 5.63002680965
1.24781912229, 1.03254528539, 1.64460072801, 1.00000084401, 6.13159974306, 1.08025172991, 4.70482779991, 1.26000035862, 1.00000000504, 5.25320836159, 4.5106062416, 1.04069990345, 3.70466308389, 1.10584615379, 1.06883860494, 1.44357614747, 1.16881343981, 0.943185317949, 5.2629805765, 1.0000007118, 1.00000012691, 103.82507244, 1.03301537845, 3.32834045594, 1.0066998384, 4.25452477243, 0.870000390668, 1004.00948443, 41.3966369119, 4643.12141435, 1.60857908847
4.71834189572, 1.21317125374, 1.37684855618, 1.00000065718, 4.72955879464, 1.13898620454, 3.00580695625, 1.26000054211, 1.00000047825, 5.93566056659, 3.52198332797, 1.06708258353, 1.16829831669, 1.10861657605, 1.04877758746, 1.02290894982, 1.09777455917, 1.08412094227, 4.4045581643, 1.00000041069, 1.00000004466, 105.866307344, 1.08580521449, 3.17990033649, 0.952259630357, 3.41686501573, 0.870000076905, 1432.30058679, 28.2301688931, 19048.0353738, 1.60857908847
1.73586037573, 1.06777854182, 1.59624022012, 1.00000049284, 6.91776326092, 1.14997957566, 3.18107998068, 1.26000086641, 1.00000082658, 6.0334645955, 3.27109937508, 1.09297847047, 2.73475477322, 1.1195616228, 1.07529647505, 1.51854050808, 1.1654372024, 1.02002638123, 7.92297845546, 1.0000009595, 1.00000000395, 113.617009987, 1.02198561136, 2.878255648, 1.00115463738, 4.02704275661, 0.870000811982, 1861.66120284, 23.9970759765, 20005.7064624, 3.48525469169
2.2842902771, 1.28858637912, 1.34536963527, 1.00000047319, 4.73348759347, 1.16957766994, 5.55306848012, 1.26000021558, 1.00000009408, 6.11006792206, 3.43543611212, 1.01375041804, 2.51581455777, 1.10327157877, 1.00972507188, 1.18975387263, 1.00106470331, 1.0063698941, 8.54853002509, 1.00000001093, 1.00000025395, 77.0688062202, 1.06497104596, 5.09265013015, 0.999225936194, 3.53524355481, 0.870000486295, 2189.40267303, 37.0374678479, 8756.06922279, 0.536193029491
5.64033260823, 1.39282749997, 1.46370969072, 1.0000002062, 6.81211829136, 1.01604100246, 5.42848379198, 1.26000093154, 1.00000049228, 5.61336643901, 6.40248164174, 1.0801715801, 1.88317937366, 1.044820857, 1.08570212797, 1.51840079781, 1.06841284222, 0.996188841404, 4.77086424515, 1.00000023145, 1.00000071122, 83.5402620398, 1.08947779879, 1.68599550177, 1.06371820873, 3.47589605449, 0.870000585518, 2226.53983144, 30.5005104302, 11521.4333134, 1.34048257373
5.53996852918, 1.14053923846, 1.36698571013, 1.00000053856, 5.42218480261, 1.11904177459, 5.26794229222, 1.26000070844, 1.00000054416, 5.29492368785, 5.119304676, 1.0276068647, 2.23871978036, 1.08009018953, 1.07680450599, 1.40618301139, 1.07216468648, 0.917051324649, 7.34969935986, 1.00000033594, 1.00000061456, 103.678739953, 1.02254170009, 5.13098234196, 0.964582196347, 3.73196014303, 0.870000294182, 1066.08484527, 25.1430255081, 27837.6321361, 3.21715817694
1.31097313658, 1.28128766751, 1.60934741741, 1.00000092556, 5.35266937688, 1.07321861225, 1.42621986762, 1.2600006237, 1.00000048542, 5.91999766594, 4.04859962181, 1.06803458829, 2.23850295923, 1.04424368804, 1.07844737037, 1.62941232365, 1.12695843969, 1.00811727591, 4.37856113861, 1.0000006225, 1.00000064521, 86.8882577253, 0.999494738169, 5.82982923262, 1.06971197977, 3.67678481068, 0.870000323844, 2024.91857345, 50.3831113198, 7139.78038397, 0.536193029491
3.51741568818, 1.22345662913, 1.42160078046, 1.00000064009, 4.82970419144, 1.14632946714, 2.00589057949, 1.26000034535, 1.00000036522, 6.0031239763, 7.07520124467, 1.07093456785, 3.02703200541, 1.08791479197, 1.02689284892, 1.48675377463, 1.10932458091, 0.949371866925, 4.21793106554, 1.00000014757, 1.00000099274, 96.0703593207, 0.965920628325, 2.63868371713, 0.968047818641, 3.7416396258, 0.870000705028, 2075.9251536, 29.6789595505, 4249.30871335, 2.14477211796
5.2482563837, 1.1001102449, 1.71990471015, 1.00000079638, 6.34913108134, 1.14196859683, 1.44476503321, 1.26000033348, 1.00000023778, 5.82128906357, 4.92340095495, 1.0376062806, 2.42486497537, 1.02656448599, 1.06572731203, 1.27532359734, 1.16870651824, 1.10815452952, 7.20509726649, 1.00000017877, 1.00000085639, 121.838451355, 1.07051004386, 5.95484272315, 1.00102436868, 3.51900517956, 0.870000043598, 1588.23104295, 28.0862476516, 6050.65571808, 2.14477211796
1.0453421324, 1.3066632278, 1.5477665082, 1.00000052492, 6.14876705516, 1.04241200222, 1.75931701413, 1.26000025481, 1.00000051135, 6.17332356846, 5.79459762178, 1.02568145268, 1.9956064214, 1.01796776082, 1.08536348358, 1.2095731902, 1.03735080086, 0.962824127431, 4.71002605828, 1.00000074761, 1.00000000558, 81.3597792187, 1.06093024007, 5.44998484515, 0.957066097612, 4.02119974996, 0.870000627675, 2440.16268969, 50.3323330359, 4724.90414703, 1.07238605898
2.65996536342, 1.01806701645, 1.38439861277, 1.00000070461, 4.96781577069, 1.10300242121, 1.80761388842, 1.26000053139, 1.00000052075, 6.0606959554, 6.22739373967, 1.09885110479, 4.0055845547, 1.08940179688, 1.05289936259, 1.56687217808, 1.16527997183, 0.996630423615, 3.30210837092, 1.00000004809, 1.0000003216, 96.9899913152, 1.08630353183, 1.55071088881, 0.964179028328, 4.02527992211, 0.870000304062, 1856.86277831, 48.2450298405, 5929.09285419, 1.07238605898
5.90878480454, 1.23899348611, 1.46102882151, 1.0000000747, 4.71713702107, 1.15788919735, 2.4698757814, 1.26000076616, 1.00000060875, 5.91228628862, 6.55995776764, 1.03827971623, 1.80715612174, 1.08273060941, 1.06995592809, 1.60218997662, 1.00333867983, 0.924822241807, 4.06270667742, 1.00000086365, 1.00000096175, 107.886027655, 1.00605116029, 3.76330077895, 0.987772458549, 3.40920650365, 0.870000129808, 1215.53039792, 27.3211481061, 6876.22114658, 2.68096514745
4.87210821293, 1.37556778233, 1.38069643919, 1.00000007786, 5.40008136581, 1.1189902095, 1.29826058508, 1.26000004331, 1.00000074766, 5.66122222517, 3.8049961302, 1.09437399818, 1.67491428845, 1.10838537155, 1.08637655222, 1.58153852186, 1.0106306103, 0.952979810348, 6.97183854994, 1.00000075276, 1.00000016446, 124.285134917, 0.918369461151, 5.05272917199, 0.965964090239, 3.74522945259, 0.870000435779, 1927.62737658, 36.848682886, 10511.7605981, 0.804289544236
2.88669453462, 1.31775645975, 1.57723076889, 1.00000018185, 5.84112097023, 1.03798442351, 3.76766317131, 1.26000080285, 1.00000057505, 5.0365827193, 4.23161474327, 1.06734424212, 3.12878360274, 1.02563007568, 1.04180114583, 1.19229835278, 1.14069845008, 1.05546179901, 8.50401350098, 1.00000094872, 1.00000052519, 92.4132089017, 1.02642525728, 2.55736967653, 0.973112094539, 4.14440337377, 0.870000366233, 994.912497904, 32.1593764783, 4344.37608129, 2.14477211796
1.89135533648, 1.20621479041, 1.53427610442, 1.00000092507, 6.31963761974, 1.02927361304, 1.95658658536, 1.26000091527, 1.00000047197, 5.35621620128, 5.35265545557, 1.00607922609, 2.82194737644, 1.07367281212, 1.02466782601, 1.47865204028, 1.05056146674, 1.0996476876, 9.75706406834, 1.00000013731, 1.0000001862, 79.2794342663, 1.01475640871, 3.20629504036, 1.00090402392, 3.80394872128, 0.870000619942, 1840.58766093, 30.01397487, 5912.93970249, 2.14477211796
3.82042973972, 1.35791631382, 1.49448568778, 1.0000001436, 5.07546956265, 1.07218297315, 1.71606850264, 1.26000037961, 1.00000076454, 5.68695313307, 7.59328605646, 1.07145843269, 2.89929569139, 1.07468271807, 1.07600912654, 1.28169155301, 1.1301553065, 0.96709202633, 7.17101647721, 1.00000089087, 1.0000004515, 79.5334334508, 1.00084483363, 2.4607778317, 1.03325874929, 3.9501037524, 0.870000138076, 1482.31797439, 25.3954730212, 7601.6333709, 5.36193029491
3.50490965469, 1.14045848549, 1.55791612107, 1.00000058517, 5.26056145377, 1.1551716175, 2.2641237943, 1.26000045448, 1.00000005374, 5.69782695596, 4.55084307766, 1.04125087966, 1.69068002493, 1.1145790436, 1.03063569708, 1.22276970813, 1.12380421821, 0.922193366063, 3.62477717761, 1.0000008669, 1.00000071846, 91.2938879571, 1.00126521228, 3.32391572893, 1.01115516519, 3.47960926088, 0.870000278042, 1594.48657715, 25.1454489832, 11235.1812247, 3.48525469169
2.65552334184, 1.34433322124, 1.71837087407, 1.00000059352, 5.65688862593, 1.17206990214, 1.5623083425, 1.26000033093, 1.00000045865, 5.47550110386, 3.70773711697, 1.09055909338, 1.73355670649, 1.01564301899, 1.01361333506, 1.62100949106, 1.15444214974, 0.940372939068, 4.95041783189, 1.00000039408, 1.00000022374, 103.670452985, 0.983231958194, 3.1650081489, 0.978557692084, 3.84224707441, 0.870000376774, 734.846215923, 28.3889401462, 2402.58839353, 5.36193029491
3.55219615874, 1.31387144684, 1.58246717805, 1.00000094887, 5.78262169699, 1.15867227828, 3.70979497316, 1.26000014438, 1.00000087696, 6.17375406829, 3.34126655231, 1.07615381362, 2.91415244478, 1.09926600334, 1.05453382592, 1.27575746871, 1.13092610871, 1.01361087816, 9.33638560152, 1.00000019262, 1.00000060235, 121.298151175, 0.977977311303, 2.75161272373, 0.951821553238, 3.4804557158, 0.870000105285, 2601.55931107, 34.20328208, 9706.79009442, 1.34048257373
2.36503486055, 1.32210862767, 1.48454544807, 1.00000028993, 4.62657572515, 1.18997458854, 5.87216761429, 1.26000015407, 1.00000051739, 5.59968446211, 6.42454997006, 1.0822659599, 1.40167664519, 1.0250192973, 1.01863765282, 1.52569579059, 1.06322896331, 0.998380651811, 8.39884019011, 1.00000038063, 1.00000047602, 119.643415978, 1.00717746615, 5.72195804729, 0.994671163854, 3.30601701247, 0.870000609757, 1640.81886657, 28.1966825071, 5634.11119341, 2.41286863271
4.34831417682, 1.3992854057, 1.69625303013, 1.0000007422, 5.94047697744, 1.18993336034, 1.55924127417, 1.26000013363, 1.00000052251, 6.13967953294, 6.3963714497, 1.03809871562, 2.60546437917, 1.01023785387, 1.07125209582, 1.53137293675, 1.07905243992, 0.924635225885, 7.02157128217, 1.0000009887, 1.00000041886, 124.481012761, 1.01712341153, 5.76684976212, 1.06127061693, 3.66596158931, 0.870000053114, 1352.38404343, 33.7422899633, 4184.75665668, 2.14477211796
1.37377371745, 1.01815817349, 1.42056795849, 1.00000046151, 4.42571541521, 1.18160086863, 1.52182909081, 1.26000061388, 1.00000046013, 5.31509123331, 5.0319024366, 1.05956255202, 2.80362137057, 1.06260130385, 1.05082401514, 1.52996673795, 1.14690483118, 1.08109416142, 3.65892374347, 1.00000098642, 1.00000036735, 85.9553245718, 1.01767829601, 1.67952844669, 0.992652219033, 3.55900743108, 0.870000555226, 1741.69832335, 24.6052935037, 10845.8575747, 5.09383378016
2.24908525851, 1.38889595804, 1.63702557298, 1.00000092997, 5.01791527097, 1.00690587816, 1.16349281154, 1.26000001564, 1.00000031402, 5.0656142983, 4.38284945965, 1.0420225709, 3.1877689993, 1.04361356672, 1.05594662496, 1.62007350459, 1.04737928995, 1.05868291901, 8.17803491222, 1.00000014553, 1.00000088531, 85.569225021, 1.07722952277, 3.61409520858, 1.01478385813, 3.50546335661, 0.870000458059, 1740.78597787, 52.1796686502, 7606.92051564, 1.07238605898
3.94787736957, 1.08290382091, 1.70158668427, 1.00000049785, 4.51554945088, 1.10718657011, 4.48834878796, 1.26000026791, 1.00000073485, 5.18017421245, 3.50420737219, 1.04457251831, 3.68333418321, 1.08168421734, 1.05039645722, 1.00020734864, 1.10158378462, 1.05318598627, 9.39022680281, 1.00000095716, 1.0000002098, 121.003149361, 1.08627478383, 3.25135326203, 1.02674885874, 4.15589301067, 0.87000068743, 3151.10223639, 34.6830921307, 16768.4911366, 1.07238605898
3.49079239158, 1.04628243016, 1.47543836807, 1.0000000216, 6.93597566687, 1.07067292785, 4.79247578903, 1.2600005879, 1.00000034845, 6.08946324674, 3.94390277924, 1.01652588703, 2.26759341439, 1.03033564697, 1.04610730875, 1.6166583274, 1.06897887743, 0.945651970742, 3.54659706645, 1.00000009579, 1.00000053298, 124.494588705, 0.976124532612, 3.64782431646, 1.01556699054, 3.74489346771, 0.870000839202, 1555.46529525, 48.3869222237, 7467.19024121, 1.60857908847
4.59879937293, 1.18494264314, 1.45619785654, 1.00000036852, 6.62248189897, 1.05799077142, 5.38169359738, 1.26000021618, 1.00000000989, 5.16169577998, 5.07368421024, 1.08662219345, 3.89903352355, 1.05883622142, 1.01238436762, 1.29145954689, 1.08474429398, 0.953205356352, 3.05512078796, 1.00000005867, 1.00000056976, 124.124609077, 0.939929692557, 1.34148724785, 1.03293723668, 4.2211156948, 0.870000717315, 1404.89911129, 27.5942335742, 9516.01195584, 2.14477211796
3.79565290287, 1.27564694067, 1.61665034409, 1.0000008233, 6.11768156354, 1.02164167848, 1.42800516833, 1.26000050114, 1.000000028, 5.89027671529, 6.78914004001, 1.09500238038, 1.11675094216, 1.01236490529, 1.06257220241, 1.47409976817, 1.12889980802, 0.933035019888, 4.68240042502, 1.00000008256, 1.00000071017, 119.95260412, 0.966914783471, 4.8508047003, 1.00608861, 3.29829834184, 0.870000388276, 817.202877407, 29.7147919232, 8869.41757325, 2.68096514745
5.52933335363, 1.22288190962, 1.66176257391, 1.00000047772, 5.88729846313, 1.13415454064, 4.25187400128, 1.26000057099, 1.00000027546, 5.37485953683, 6.00402422659, 1.0972080457, 3.03077424921, 1.04037898893, 1.08200580662, 1.24718339468, 1.13445415526, 0.925875308853, 9.13381466757, 1.00000010425, 1.0000007239, 88.4967675583, 0.924408401652, 5.38478234039, 0.966786575588, 3.46243176979, 0.870000107007, 2827.12675719, 41.9173563267, 5409.40535433, 1.87667560322
