-0.628705601377, -0.439427267106, 3.0, 0.0, 2.0, 0.0, 1.0, 1.0, 1.0, 1.0, -0.506692921542, 1.13398793918, -1.0, 3.0, 0.0, -1.0, 2.8747627986, 0.0, 0.0, 0.0, 1.0185395126, 3.0, 0.128643446982, 0.114650808376, 0.741634716412, 2.0, 0.0, 0.297059317606, 2.57349232286, 1.95057571691, 1.0, 1.17141953898, 0.468945539071, -1.0, 0.071390191741, 1.59470173389, 3.0, 0.0, 0.0, 1.04524011516, 0.0, 1.0, -1.0, 2.0, 0.0, 0.0, 0.418091172693, 0.505125795319, 1.0, -0.385153806222, 92892.0, 631.0, 99421.0
-1.0, 1.0, -0.574990087358, 0.0, 1.0, 3.0, 1.87032476076, 0.0, 1.0, 1.0, -1.0, 1.0, 0.0, 2.0, 0.0, 0.0, 0.0, 3.0, 1.0, -0.444634911064, 3.0, 1.0, 3.0, -0.666164363699, -0.883963837759, 3.0, 2.0, 1.0, 0.0, 0.0, 2.0, -0.277098710471, 1.16372684333, 1.0, 0.135130318489, -0.00890202769245, 1.76407062291, 0.0, 1.0, 2.0, 0.0, -1.0, -1.0, 1.0, 2.39372720869, 2.0, 2.45256064297, 2.0, 0.0, 0.0, 93267.0, 608.0, 99433.0
-1.0, -1.0, 3.0, -1.0, 0.0, 0.0, 2.0, 0.0, -0.000145750542123, 0.0, -1.0, 2.0, 0.0, 2.0, 1.0, 0.455597160806, 1.0, 0.0, 3.0, 2.0, -1.0, -1.0, 1.0, -1.0, 2.02138207055, 0.0, -0.464767549311, 0.396282276266, 1.0, 0.0, -1.0, 0.0, -1.0, 3.0, 0.0, 1.0, 0.289396101795, 2.38587632036, 3.0, 3.0, 0.0, -1.0, 2.0, -0.854993418543, 1.0, 2.99082288625, -1.0, 0.0, 1.0, -1.0, 93940.0, 518.0, 99495.0
-0.963740295511, 0.607764750322, 2.98883187709, 0.0, -0.453762839751, -1.0, -1.0, 2.0, 0.0274065211425, -0.360042398217, -0.35456588146, 2.71280640082, -0.825095509534, 1.0, 2.0, -0.428124748547, 1.84020688114, 3.0, -1.0, 2.0771191557, -1.0, 3.0, 3.0, -0.197928325621, 1.03764938984, 0.0668670545759, 2.0, -1.0, 0.0, 2.26911251352, 2.0, -0.327132261129, 2.36890095073, 0.365549286008, 0.0362207786553, -0.240272697502, 0.0, 1.0, 3.0, 2.04062294305, -0.995671957958, 2.0, 0.0, -1.0, 2.18387965429, 1.0, 1.0, 1.92761067922, 1.0, 0.0, 93542.0, 591.0, 99448.0
-1.0, 1.0, 2.0, 0.0, 0.0455370635477, 0.310109008902, 1.87032476076, 0.0, 1.0, 1.0, -1.0, 1.0, 0.0, 2.0, 0.823278271198, 0.0, 0.0, 3.0, 0.876484253953, -0.444634911064, 3.0, 1.0, -0.05666808081, -0.666164363699, 0.856818386793, 3.0, 2.0, 1.0, 1.0, 0.0, 2.0, -0.277098710471, 2.41161724748, 1.0, 0.775639893657, 2.0, 2.0, 0.0, 1.0, 2.0, 0.0, -1.0, -1.0, 1.0, 1.79724472687, 2.32325918679, 2.0, 2.0, 0.0, 0.0, 92986.0, 638.0, 99411.0
-1.0, -1.0, 0.0, -1.0, 0.0, -0.103469747567, 2.0, 0.0, 1.0, 0.0, -1.0, 2.0, 0.0, 2.0, 1.0, 2.0, 1.0, -0.0154786247156, -1.0, 2.0, -1.0, -1.0, 1.0, -1.0, 0.388165050621, 0.0, -0.839743012096, 1.0, 1.0, -0.871668132854, -1.0, 0.0, -1.0, 3.0, 3.0, 1.0, 0.0, 2.0, 3.0, 0.0746694758157, 0.0, -1.0, 2.0, -1.0, 1.0, 2.0, 0.0, 0.0, -0.274171397632, -0.425395165487, 93989.0, 504.0, 99503.0
2.0, 0.0, -0.108812084204, 3.0, 0.0, 2.0, -1.0, 0.0, 0.0, 1.0, -0.96769349243, 1.0, -1.0, 3.0, -1.0, 2.42345828742, 2.0, 0.0, -1.0, 2.0, 2.0, -1.0, 3.0, 0.0, 3.0, 2.28040583251, 0.443766091025, -0.805492097599, 1.0, -0.871668132854, 3.0, 1.0, 0.0, 2.0, 2.0, 2.0, 0.0, 0.0, 0.0, 2.39994023621, -1.0, 2.0, -1.0, 0.0, 0.0, 0.0, 1.0, 3.0, 2.81831034032, 2.0, 93945.0, 564.0, 99459.0
-1.0, -0.624327014952, 2.0, 2.0, 2.0, -1.0, 2.05721569362, 1.0, 0.662275140426, -1.0, 1.0, 0.0, -1.0, 2.0, -1.0, 0.0, -1.0, -1.0, -1.0, 0.316472727034, -0.688956646937, 0.919652002057, 0.0, 1.0, 2.0, 0.0, 3.0, 0.0, 0.0, 0.0, 1.0, 3.0, -1.0, 3.0, 3.0, 0.669600620832, 0.0, 0.400298281307, 1.0, 3.0, 2.0, 1.0, -1.0, 2.43022270639, -1.0, 1.0, -0.514231140898, -1.0, -1.0, -0.148727016873, 94705.0, 472.0, 99540.0
0.0, 0.0, -0.372149702265, 0.0, 1.76249728948, 0.0, -1.0, 2.0, 1.0, 1.0, 0.796067530886, 2.0, 0.945549649508, 1.0, 2.0, 0.0, 0.0, 1.62968601534, -1.0, 2.0, -1.0, -1.0, 2.0, 1.0, 2.95350751414, 1.73532240772, 2.0, -0.00671695257348, 0.0, 2.0, 2.29544657331, 0.0, 2.05852810648, 2.10901790047, 2.0, 0.0, 0.0, 1.0, 3.0, -1.0, 0.0, 0.20333256929, 0.0, -1.0, 2.0, 1.0, 1.0, 2.0, 1.0, 0.0, 93145.0, 631.0, 99413.0
1.86952071728, 0.0, -0.108812084204, 3.0, 0.0, 2.0, -1.0, 0.0, 0.0, 1.88622878832, -0.96769349243, 1.0, -1.0, 3.0, -1.0, 2.42345828742, 2.0, 0.0, -1.0, 2.0, 2.0, -1.0, 3.0, 0.0, 3.0, 2.28040583251, 0.443766091025, -0.298284888078, 1.0, -0.871668132854, 3.0, 1.0, 0.0, 2.0, 2.0, 2.0, 0.0, 0.76930602435, 0.0, 2.39994023621, -1.0, 2.80089913505, -1.0, 0.0, 0.77288244101, 0.0, 1.0, 3.0, 2.81831034032, -0.425395165487, 93787.0, 574.0, 99443.0
-0.609103899353, 1.0, 2.0, 3.0, 1.49834550222, 0.0, 0.68824497963, -1.0, 1.0, 3.0, -0.81087051402, 2.0, 0.0, 1.0, 0.0, 1.0, 0.0, 0.0, 3.0, 2.0, -1.0, 1.0, 0.0, 3.0, -1.0, 0.0, -0.796187012612, 3.0, 2.00658910102, 0.465353714787, 1.0, 2.0, 0.0, 2.0, 2.76510395958, 0.0, 1.0, 0.0, 2.0, 2.0, 2.63395234299, 2.0, 2.0, 0.0, 0.0, 0.880114434142, 3.0, 1.22200808991, -0.937658844893, 0.0, 93525.0, 613.0, 99424.0
-1.0, -1.0, 3.0, 1.0, 0.0, -0.103469747567, 0.998859507313, 0.0, 1.0, 0.0, -1.0, 2.0, 0.0, 2.0, 1.0, 2.0, 1.0, -0.0154786247156, -1.0, 2.0, -1.0, -1.0, 1.0, -1.0, 0.388165050621, 0.0, -0.839743012096, 1.0, 1.0, -0.266696086752, -1.0, 0.0, -1.0, 3.0, 3.0, 2.37925839012, 0.341073912429, 2.80900363481, 3.0, 3.0, 1.0, -1.0, 2.0, -1.0, 1.0, -0.662444542288, 0.0, 0.0, 0.921885134647, -1.0, 94241.0, 512.0, 99497.0
2.0, 1.0, 0.0, 3.0, 1.0, -0.329528347519, -1.0, -0.054115599075, 0.0274065211425, 3.0, -1.0, 2.0, 0.0, 1.0, 0.0, 1.0, -0.467431812618, 0.0, 3.0, 2.0, -0.794740453744, 1.0, 1.60589999081, 3.0, -0.34696630696, 0.0, 1.0, 3.0, 2.0, 0.0, -0.41930636546, 2.59872385203, 1.90333843212, 0.504525340563, 0.621868437646, 0.0, 1.0, 0.0, 2.31012484737, 2.0, 3.0, 2.0, -1.0, 0.0, 0.0, 3.0, 3.0, -0.648320752192, -0.336404317249, 1.0, 93349.0, 637.0, 99412.0
-1.0, -1.0, 3.0, -0.368992026897, 0.0, 0.0, 2.0, 0.0, 1.0, 2.63730893538, -1.0, -0.382638396982, 0.0, 2.0, 0.295283185701, 2.84182363252, 1.0, -0.0695617435241, 3.0, 2.0, -1.0, -1.0, 1.0, -1.0, 0.388165050621, 0.0, 0.0, 1.0, 1.0, 0.0, -1.0, 0.0, -1.0, 3.0, 3.0, 2.26638631165, 1.32523269501, 2.0, 0.0, 3.0, 0.0, -1.0, 1.85745380076, -1.0, 1.0, 2.0, 0.0, 0.0, 1.0, -1.0, 93845.0, 550.0, 99472.0
2.0, 1.0, 0.0, 3.0, 1.0, -0.329528347519, -1.0, -1.0, 0.0274065211425, 3.0, -1.0, 2.0, 0.0, 1.0, 0.0, 1.0, -0.467431812618, 0.0, 3.0, 2.0, -0.794740453744, 1.0, -0.159469911556, 3.0, -0.34696630696, 2.99237174879, 1.0, 3.0, 2.0, 0.0, -0.41930636546, 2.0, 1.90333843212, 0.504525340563, 0.621868437646, 0.0, 1.0, 0.0, 2.31012484737, 2.0, 3.0, 2.0, -1.0, 0.0, 0.0, 3.0, 3.0, 1.0, -0.336404317249, 1.0, 93334.0, 643.0, 99408.0
-1.0, -1.0, 3.0, -0.368992026897, 0.0, 0.0, 2.0, 0.0, 1.0, 2.63730893538, -1.0, -0.382638396982, 0.0, 2.0, 0.295283185701, 2.84182363252, 1.0, -0.0695617435241, 3.0, 2.0, -1.0, -1.0, 1.0, -1.0, 0.388165050621, 0.0, 0.0, 1.0, 1.0, 0.0, -1.0, 0.0, -1.0, 3.0, 3.0, 2.26638631165, 1.32523269501, 2.0, 0.0, 3.0, 0.0, -1.0, 1.85745380076, -0.303193090919, 0.259668694738, 2.09356255469, 0.0, 0.0, 1.0, -1.0, 93706.0, 565.0, 99466.0
-1.0, -1.0, 3.0, -1.0, 0.0, -0.846183758495, 2.0, 0.0, 2.6055425619, 0.0, -1.0, 2.0, 0.0, 2.0, 1.0, 2.0, 1.0, -0.0154786247156, -1.0, 2.0, -1.0, -1.0, 1.0, -1.0, 0.388165050621, 0.0, -0.839743012096, 1.0, 1.0, -0.871668132854, -1.0, 2.81940606175, -1.0, 3.0, 3.0, 1.0, 0.0, 2.0, 3.0, 3.0, 0.0, -1.0, 2.0, -1.0, 2.68524033563, 2.0, -0.679054935668, -0.741049925272, 0.921885134647, -1.0, 95378.0, 441.0, 99557.0
2.0, 0.476222181447, 2.0, 3.0, 1.0, 0.0, -1.0, -1.0, 1.0, 3.0, -1.0, 2.0, 0.0, 1.0, 0.0, 1.0, 0.0, 0.0, 3.0, 2.0, -1.0, 1.0, 0.0, 3.0, -1.0, 0.0, -0.796187012612, 3.0, 2.00658910102, 0.465353714787, 1.0, 2.0, 0.0, 2.0, 2.15981950426, 0.0, 1.0, 0.0, 2.79447455868, 2.0, 0.0, 2.0, 0.412501003449, 0.0, 0.0, 0.880114434142, 3.0, 1.0, -0.937658844893, 0.0, 93351.0, 614.0, 99424.0
-0.933344890719, 0.607764750322, -1.0, 0.0, -0.453762839751, -1.0, -1.0, 2.0, -0.22575985152, -0.360042398217, 1.63413526779, 2.71280640082, -1.0, 1.0, 2.0, -0.0813740783748, 1.84020688114, 3.0, -1.0, 2.0, -1.0, 3.0, 3.0, -0.21899714211, 1.03764938984, 0.0668670545759, 2.0, -1.0, 0.0, 2.26911251352, 2.0, -0.327132261129, 2.36890095073, 0.365549286008, 0.0362207786553, 0.0101944115053, 0.0, 1.0, 3.0, 2.04062294305, -0.995671957958, -1.0, 0.0, -1.0, 2.0, 1.0, 1.0, 2.69744078375, 1.0, 0.0, 93731.0, 565.0, 99465.0
-1.0, -1.0, 3.0, 0.917169121005, 0.0, 0.0, 2.0, 0.0, 1.0, 0.0, -1.0, 2.0, -1.0, 0.0, 1.0, 2.0, 1.38780914073, 1.6170246987, 3.0, 2.0, -1.0, 0.805503011434, 1.0, -1.0, 2.94833915844, 0.0, 0.0, 1.59813132077, 1.0, 0.0, -1.0, 0.228058020027, -1.0, 2.68626932568, 3.0, 0.169120087821, 0.0, 2.0, 3.0, 3.0, -0.769163303625, 1.0, 2.0, 2.0, 1.0, 2.0, 0.0, -0.176299318928, 1.02597058452, -0.60611363078, 94077.0, 558.0, 99471.0
2.0, 0.0, 1.0, 3.0, 0.0, 1.02368320252, -1.0, 0.963156404626, 0.0, 2.3828664894, 2.06485213421, 1.0, 2.0, 0.148297671217, 0.0, 2.0, 1.14871914255, 0.0, -1.0, 2.99588426431, 2.0, -1.0, 3.0, 3.0, 3.0, 3.0, 1.0, 0.0, 1.0, 0.0, 3.0, 1.0, -0.0891769213263, 1.16788319179, 2.0, 2.0, 3.0, 0.463918638919, 0.0, 3.0, -1.0, 2.0, 1.0, 0.0, 0.0, 0.0, 1.0, 3.0, 2.0, 2.7795614794, 93459.0, 661.0, 99399.0
-1.0, 1.0, 2.62779912578, 0.608423994362, 0.548355716405, -1.0, 3.0, 1.99249921405, 1.0, -0.279327102172, -1.0, 1.0, -1.0, 1.0, 0.0, -0.428124748547, 0.0, 3.0, 1.0, -0.717779331952, 3.0, 1.0, 2.10802435837, -1.0, -1.0, 1.53280386409, 1.71060815977, 1.0, 0.332831194119, 0.328612214025, 2.0, -0.277098710471, 1.70235038102, 2.0, 1.42028734058, 2.24577424793, 1.0, 1.58271959227, -0.0564281423212, 2.0, 2.81800142339, -1.0, -1.0, 1.0, 2.0, 2.0, 2.0, 2.27872357496, -0.917880423035, 1.46969651719, 94100.0, 557.0, 99462.0
-1.0, -1.0, 3.0, 1.0, 0.0, -0.103469747567, 0.998859507313, 0.0, 1.68310932763, 0.0, -1.0, 2.0, 0.0, 2.0, 1.0, 2.0, 1.0, -0.0154786247156, -1.0, 2.0, -1.0, -1.0, 1.0, -1.0, 0.388165050621, 0.0, -0.839743012096, 1.0, 1.0, -0.98145816489, -1.0, 0.0, -1.0, 3.0, 3.0, -0.0572391903238, 0.341073912429, 2.80900363481, 3.0, 3.0, 1.0, -1.0, 2.0, -1.0, 1.0, 2.00538585043, 0.0, 0.0, 0.921885134647, -1.0, 94335.0, 507.0, 99502.0
-1.0, 0.0, 1.0, 3.0, 0.0, 1.36928298166, -1.0, 0.0, 0.0, 1.0, -0.758908838362, 1.0, 2.0, 3.0, 0.424790845165, 2.0, 2.0, 0.0, -1.0, 2.0, 1.0, 1.0, 3.0, -0.385600402847, 3.0, 3.0, 1.0, 2.67310144501, 1.0, 2.35836719628, 3.0, -0.497067393291, 0.0, 2.0, 2.0, 2.0, 3.0, 0.375344600827, 0.0, 3.0, -0.37350525235, 2.0, -0.166838465267, 0.0, 0.0, -0.396875796855, 2.25389037066, 3.0, -0.395259910615, 2.0, 93341.0, 664.0, 99396.0
2.0, 2.0, 0.0, 2.0, 1.0, 0.368226728266, -1.0, -1.0, 1.0, -1.0, -1.0, 0.598247895366, 1.78517761053, -0.0792257567463, 0.0, 3.0, 3.0, 1.48686991559, 2.00803642772, -1.0, 2.04626454996, -1.0, 1.164142678, 2.0741682444, 2.95293789273, 3.0, 2.0, 0.0, 1.0, -1.0, -0.599939169817, 3.0, 2.0, 2.0, 2.0, 0.0, 0.0, 0.402964407849, 1.0, 3.0, 0.0, 1.0, 1.0, 1.0, 1.0, 1.15927050067, -0.980531883768, 0.0, -1.0, -0.0180621140011, 94031.0, 560.0, 99471.0
-1.0, 1.0, 2.96137307862, 0.0, 1.0, 3.0, 3.0, -0.237202672206, 1.0, -1.0, -1.0, 1.0, -0.305670096509, 2.0, 0.0, -0.428124748547, 0.0, 3.0, 1.0, 2.93823094277, 1.25224836993, 1.0, 2.10802435837, -1.0, -1.0, 1.53280386409, 2.0, 1.0, 0.0, 0.0, 2.0, -0.277098710471, 1.70235038102, 1.75414244875, 2.0, 0.45737697206, 2.0, 0.0, -0.0564281423212, 2.0, 0.0, -1.0, -1.0, 1.0, 2.0, 2.0, 2.0, 2.27872357496, -0.868964884962, 0.0, 93686.0, 586.0, 99443.0
-0.628705601377, -1.0, 3.0, 0.0, 2.0, 0.0, 1.0, 1.0, 1.0, 1.0, -0.506692921542, 1.13398793918, -1.0, 3.0, 0.0, -1.0, 2.8747627986, 0.0, 0.0, 0.0, 1.0185395126, 3.0, 0.128643446982, 0.114650808376, 0.741634716412, 2.0, 0.0, 1.68882583308, 1.0, 1.95057571691, 1.0, 0.0, 0.468945539071, -1.0, 0.071390191741, 1.59470173389, 3.0, 0.0, 0.0, 1.04524011516, 0.0, 1.0, -1.0, 2.0, 2.0, 0.0, 0.418091172693, 2.0, 1.0, 0.503031860714, 93198.0, 615.0, 99430.0
-1.0, -1.0, 3.0, -1.0, 0.0, -0.103469747567, 2.0, 0.0, 1.0, 0.0, -1.0, 2.0, 0.0, 2.26524747855, 1.0, 2.0, 1.0, -0.0154786247156, -1.0, 2.0, -1.0, -1.0, 1.0, -1.0, 0.388165050621, 0.0, -0.839743012096, 1.0, 1.0, -0.871668132854, -1.0, 1.98430612168, -1.0, 3.0, 3.0, 1.0, 0.0, 2.0, 3.0, 3.0, 0.0, -1.0, 2.0, -1.0, 2.68524033563, -0.146737996743, 0.0, -0.741049925272, 0.921885134647, -1.0, 94911.0, 471.0, 99534.0
-0.933344890719, 0.607764750322, -1.0, 0.0, -0.453762839751, -1.0, -1.0, 2.0, -0.22575985152, 0.091737018789, 1.63413526779, 2.0, -1.0, 1.0, -0.831430396323, -0.0813740783748, 1.84020688114, 3.0, -1.0, 2.0, -1.0, 3.0, 3.0, -0.21899714211, 1.03764938984, 0.0668670545759, 2.0, -1.0, 0.0, 2.0, 2.0, -0.327132261129, 2.36890095073, 0.365549286008, 0.0362207786553, 0.0101944115053, 0.0, 1.0, 3.0, 2.04062294305, -0.867791143832, -1.0, 0.0, -1.0, 2.0, 1.0, 1.0, 1.88455991994, 1.0, 0.0, 93700.0, 548.0, 99474.0
-1.0, -1.0, 3.0, -1.0, 0.0, 0.0, 2.0, 0.0, 1.0, 0.0, -1.0, 2.0, 0.0, 2.0, 1.0, 0.49216408441, 1.0, 0.0, 3.0, 2.0, -1.0, -1.0, 1.0, -1.0, 2.0, 0.0, 0.0, 1.0, 1.0, 0.0, -1.0, 0.0, -1.0, 3.0, 3.0, 1.0, 0.289396101795, 2.38587632036, 3.0, 3.0, 0.0, -1.0, 2.0, -1.0, 1.0, 2.83940506213, 0.0, 0.0, 1.0, -1.0, 94130.0, 532.0, 99487.0
-1.0, -1.0, 3.0, 1.0, 0.0, -0.103469747567, 0.998859507313, 0.0, 1.68310932763, 0.0, -1.0, 2.0, 0.0, 2.0, 2.42591096816, 2.0, 1.0, 1.8988881244, -1.0, 2.0, -1.0, -1.0, 1.0, -1.0, 0.388165050621, 0.245439704151, -0.839743012096, 1.0, 1.53340649587, -0.98145816489, 0.352056482577, 0.0, -1.0, 3.0, 3.0, -0.358084784411, 0.341073912429, 2.80900363481, 3.0, 3.0, 1.0, -1.0, 2.0, -1.0, 1.0, 2.00538585043, 0.0, 0.0, 0.921885134647, 1.74646422157, 94149.0, 540.0, 99473.0
2.0, 1.32847144337, 0.0, 2.37775774191, 2.44695958312, 0.0, -1.0, 2.6060325846, 1.0, 3.0, -1.0, 2.06958205254, 0.0, 1.0, -1.0, 1.0, 0.0, 0.0, 3.0, 2.0, 1.0, 1.0, 0.0, 0.40657329183, 0.372938897984, 0.0, 0.443073606646, 3.0, 0.555604160741, 0.0, 1.0, 1.373645085, 0.0, 2.05957454171, 0.905406343866, 0.0, 1.0, 0.0, 2.0, 2.57228599858, 3.0, 2.0, 0.394012743403, -0.0378520995508, 0.0, 3.0, 3.0, 1.0, 1.0, 0.0, 92719.0, 671.0, 99389.0
-1.0, 1.0, 2.62779912578, 0.608423994362, 1.0, 3.0, 3.0, -0.237202672206, 1.0, -0.279327102172, -1.0, 1.0, -1.0, 2.0, 0.0, -0.428124748547, 0.0, 3.0, 1.0, 2.93823094277, 3.0, 1.0, 2.10802435837, -1.0, -1.0, 1.53280386409, 1.71060815977, 1.0, 1.52838721507, 0.0, 2.0, -0.277098710471, 1.70235038102, 2.0, 1.42028734058, 2.24577424793, 2.0, 0.0, -0.0564281423212, 2.0, 0.0, -1.0, -1.0, 1.0, 2.0, 2.0, 2.0, 2.27872357496, -0.868964884962, 1.46969651719, 93812.0, 589.0, 99434.0
2.0, 1.0, 0.0, 2.37775774191, 1.0, 0.0, -1.0, 2.6060325846, 1.0, 3.0, -1.0, 2.06958205254, 0.0, 1.0, 0.0, 1.0, 0.0, 0.0, 3.0, 2.0, 1.0, 1.0, 0.0, 3.0, 0.372938897984, 0.0, 1.0, 3.0, 0.555604160741, 0.0, 1.0, 2.0, 0.0, 2.0, 0.905406343866, 0.0, 1.0, 0.0, 2.0, 2.35239393234, 3.0, 2.0, 2.0, -0.0378520995508, 0.0, 3.0, 3.0, 1.0, 1.0, 0.0, 92832.0, 688.0, 99380.0
-0.863971825901, 0.128004515505, -1.0, 0.0, 0.0, -1.0, -1.0, 2.0, 1.0, 1.0, -0.976312624414, 2.0, -1.0, 1.0, 2.0, 0.0, 0.0, -0.0108381882483, 0.722729250764, 2.0, -1.0, 3.0, 2.0, 1.0, 1.7482518852, 1.0, 2.0, 1.0, 1.0, 2.0, 2.0, 0.0669342837495, 0.990861567525, 0.974917293805, 2.0, 1.38437371338, 0.0, 1.0, 3.0, -1.0, -0.275848901849, -1.0, 0.0, -1.0, 2.0, 1.0, 1.0, 1.9012139965, 1.13700295333, 0.0, 93476.0, 568.0, 99450.0
2.0, 1.0, 0.0, 3.0, 1.0, 0.0, 1.59101747037, -1.0, 1.0, 3.0, -1.0, 2.40152199, -1.0, 1.0, 0.0, 1.2582833287, 0.0, 0.0429726152637, 3.0, 2.0, 1.0, 1.01444705588, 0.0, 0.929162168515, -1.0, 0.0, 1.0, 3.0, 2.0, -0.302865955067, 1.40067871726, 2.0, 0.0, 2.0, 2.0, 0.0, 1.0, 0.0, 2.37607778552, 2.0, 3.0, -0.448615127165, 2.0, 0.0, 0.0, 3.0, 3.0, 1.44865841683, 1.0, 1.0, 93150.0, 655.0, 99400.0
2.47421178021, 0.607764750322, -1.0, -0.66840882072, -0.453762839751, 0.841760745445, -1.0, 2.0, -0.480373056137, 0.091737018789, 1.63413526779, 2.52258326668, -1.0, 1.0, 0.712384941391, 0.460518858246, 1.84020688114, 3.0, -1.0, 2.0, 0.00628444047189, 3.0, 3.0, -0.21899714211, 1.03764938984, -0.332717020274, 0.777098442447, -1.0, 0.0, 2.0, 0.896664222571, -0.327132261129, 2.36890095073, -0.0895171945296, 0.274639413067, 0.0101944115053, 0.0, 1.0, 3.0, 2.04062294305, -0.438817669243, -1.0, 0.0218778313063, -0.0848783089917, 0.0, 1.0, 0.235013718774, 1.88455991994, 1.0, 0.0, 93162.0, 625.0, 99435.0
-1.0, -0.624327014952, 2.0, 2.0, 2.0, 1.23842450627, 2.05721569362, 1.0, -0.430890972427, -1.0, 1.0, 0.0, -1.0, 2.0, -1.0, 0.0, -1.0, -1.0, -1.0, 0.316472727034, -0.688956646937, 0.919652002057, 0.0, 1.0, 2.0, -0.198092242633, 3.0, -0.246232505033, 0.0, 0.0, 1.0, 3.0, -1.0, 3.0, 3.0, 0.669600620832, -0.186679288566, 0.400298281307, 1.0, 0.560408761101, 0.0, 1.0, -1.0, 2.43022270639, -1.0, 1.0, -0.514231140898, -1.0, -1.0, -0.148727016873, 94361.0, 488.0, 99525.0
0.0, 0.0, 1.44085536396, 0.0, 0.0, -1.0, 1.04348542247, 2.0, 1.0, -0.0694406628936, 0.652880329004, 2.0, -1.0, 1.0, 2.0, 0.0, 0.0, 3.0, -0.602776182275, 2.0, -1.0, 3.0, 2.0, 1.0, 3.0, 1.0, 1.55686220703, -1.0, 0.0, -0.522249475956, 2.0, 0.0, 0.224330589398, 2.96504451576, 2.0, 0.0, 0.0, 1.0, 3.0, -1.0, 0.0, -0.0177712648841, 0.0, -1.0, 0.832268641227, 1.0, -1.0, -0.1743068618, 1.0, 0.58882572148, 93432.0, 584.0, 99457.0
0.337345451402, -1.0, 2.0, 0.493724651966, 2.0, -0.341153585056, 1.0, 1.42021500829, 2.0, -1.0, 1.0, 1.42532269674, -1.0, 2.0, -1.0, 0.0, -1.0, 0.264804603222, -1.0, 0.0, -1.0, 2.0, 0.0, 0.0, 2.0, 0.0, 3.0, 2.64899389961, 0.0, 1.01334196207, 1.0, 0.846498173143, -1.0, 0.463957770866, 3.0, 1.0, 0.0, 0.0, 2.24617927478, 0.0746694758157, 2.72573951499, -0.307833220252, -1.0, 2.81875978073, -1.0, 0.915875654352, 0.0, 0.113763519151, -1.0, 3.0, 93757.0, 545.0, 99478.0
-0.933344890719, -0.218407188679, -1.0, 0.0, -0.453762839751, -1.0, -0.50705104825, 2.0, 0.0, 0.091737018789, 1.63413526779, -0.359963471573, -1.0, 1.0, -0.831430396323, -0.0813740783748, 1.84020688114, 3.0, -1.0, 2.0, -1.0, 3.0, 3.0, -0.21899714211, 1.03764938984, 0.0668670545759, 2.0, -1.0, 0.0, 2.0, 2.0, -0.327132261129, 2.36890095073, 0.365549286008, 0.0362207786553, 0.0101944115053, 0.0, 1.0, 3.0, 2.04062294305, -0.867791143832, -0.225538485953, 0.0, -1.0, 2.0, 1.0, 1.0, 1.88455991994, 1.0, 0.0, 93509.0, 561.0, 99469.0
-0.410411987447, 1.0, 2.42561536562, 0.0, 1.0, 3.0, 1.87032476076, 0.0, 1.0, 1.0, -1.0, 1.0, -1.0, 2.0, 0.0, 0.0, 0.0, 3.0, -0.289295009635, -0.444634911064, 3.0, 1.0, 3.0, -0.666164363699, -0.883963837759, 3.0, 2.60124378254, 1.0, 0.0, 0.216915320855, 2.0, -0.277098710471, 1.16372684333, 1.0, 0.775639893657, -0.00890202769245, 2.81947288602, 0.209636338785, 1.0, 2.0, 0.0, -1.0, -1.0, 1.0, 2.0, 2.0, 2.0, 2.0, 0.0, 0.0, 93265.0, 618.0, 99418.0
0.0, 2.0, 2.0, 3.0, 2.0, 1.0, -0.774956151766, 1.9749021757, 1.0, 0.0, 3.0, 3.0, -0.111367677464, 1.0, 1.0, 3.0, 1.0, 2.56309565156, 0.0, 0.0, 2.0, 2.06596957526, 2.10932301881, 2.0, 2.87039844195, 0.251127749337, 0.0, 0.0, 0.431874274147, 2.0, 0.908230166289, 0.579132357052, -0.279163298913, 1.0, 0.50536279575, 1.0, 3.0, 2.0, -0.364799969488, -0.980168608171, -1.0, 1.0, 0.655778199145, 0.0, 3.0, 1.0, -0.826900929512, 3.0, 3.0, 2.0, 93669.0, 654.0, 99407.0
-1.0, -1.0, -0.342048828206, -1.0, 0.0, -0.103469747567, 2.0, 0.0, 1.0, 0.0, 1.0, 2.0, -0.328261169546, 2.0, 1.0, 2.0, 1.0, -0.0154786247156, -1.0, 2.0, -1.0, -1.0, 1.0, -0.819844119907, 0.388165050621, 0.0, -0.839743012096, 1.0, 0.32035117886, 0.0, -1.0, 0.0, -1.0, 3.0, 3.0, 0.0, 2.33321268999, 2.0, 3.0, 0.0746694758157, 0.0, -1.0, 2.0, -1.0, 1.0, 2.0, 0.0, 0.0, -0.274171397632, -0.425395165487, 93726.0, 540.0, 99483.0
0.68825087195, 0.869073757741, -1.0, 0.0, 0.0, 1.0, -1.0, 0.229935492341, -0.432672149933, 0.0, 2.0, 0.0, -0.598702227979, 0.0, 2.0, 1.0, -1.0, -1.0, -0.11078809561, 2.0, 0.333247092824, 2.0, 3.0, -0.888180845596, 1.0, 1.0, 0.0, -1.0, 2.0, 0.0, 2.0, -0.158092769297, 3.0, 2.0, 1.0, 0.0, 0.589449071446, 0.0, 1.0, 1.0, 0.0, -0.834267256284, 1.0, 3.0, 0.0, 2.0, 2.0, 1.0, 0.523450127624, -0.0914691940577, 93207.0, 608.0, 99457.0
-1.0, -1.0, 3.0, 1.0, 0.0, -0.103469747567, 0.998859507313, 0.0, 1.0, 0.0, -1.0, 2.0, 0.0, 2.0, 1.0, 2.0, 1.0, -0.0154786247156, -1.0, 2.0, -1.0, -1.0, 1.0, -1.0, 0.388165050621, 0.0, -0.839743012096, 1.0, 1.0, -0.266696086752, -1.0, 0.0, -1.0, 3.0, 3.0, 1.0, 0.341073912429, 2.80900363481, 3.0, 3.0, 1.0, -1.0, 2.0, -1.0, 1.0, 2.0, 0.0, 0.0, 0.921885134647, -1.0, 94131.0, 525.0, 99488.0
-1.0, 0.0, 2.0, 2.0, 2.97125818231, -1.0, 1.0, 1.0, 2.0, -0.858742253427, -1.0, 1.21885553625, -1.0, 2.0, -1.0, 0.0, -0.722745684568, -1.0, -1.0, 2.20875110611, -1.0, 2.0, 0.0, -0.931536652126, 2.0, 0.579284877962, 3.0, 0.0, -0.0986679915409, 0.0, 1.66531784908, 3.0, 2.36890095073, 3.0, 3.0, -0.107831378845, 0.0, -0.0647757167296, 1.0, -0.863738271499, 0.970821903851, 1.0, -1.0, 3.0, -1.0, 1.0, 1.18087451189, -0.190465518511, -1.0, 0.0, 94716.0, 477.0, 99526.0
-1.0, 1.0, 2.0, 0.0, 1.0, 3.0, 3.0, 0.0, 1.0, 1.0, -1.0, 1.0, 0.0, 2.0, 0.0, 0.0, 0.0, 3.0, 1.0, 0.0, 3.0, 1.0, 3.0, -0.666164363699, -1.0, 3.0, 2.0, 1.0, 0.0, 0.0, 2.0, -0.277098710471, 1.16372684333, 0.435166108978, 2.0, 2.24577424793, 2.0, 0.457939436967, 1.0, 2.0, 0.0, -1.0, -1.0, 1.0, 2.0, 2.0, 2.89785104173, 2.0, -1.0, 0.0, 93530.0, 605.0, 99429.0
0.053557140091, -1.0, 0.614384468339, -1.0, 0.0, -0.103469747567, 2.0, 0.0, 1.0, 0.0, -1.0, 2.0, 0.0, 2.65273057639, 1.0, 2.0, 1.00163110787, -0.0154786247156, -1.0, 2.0, -1.0, -1.0, 1.0, -1.0, 2.0, 0.0, -0.839743012096, 1.0, 1.0, -0.871668132854, -1.0, 0.0, -1.0, 3.0, 3.0, 1.0, 1.87734343124, 2.11236842392, 3.0, 3.0, 0.0, -1.0, -0.592330220838, -1.0, 1.0, 2.0, 0.0, 0.0, -0.274171397632, -0.425395165487, 94363.0, 499.0, 99505.0
-1.0, 1.0, 2.0, 0.0, 1.0, 3.0, 1.87032476076, 0.0, 1.0, 1.0, -1.0, 1.0, 0.375446645766, 2.0, 0.0, 0.0, 0.0, 3.0, -0.289295009635, -0.444634911064, 3.0, 1.0, 3.0, -0.666164363699, -0.883963837759, 3.0, 2.60124378254, 1.0, 0.0, 0.216915320855, 2.0, -0.277098710471, 1.16372684333, 1.0, 0.775639893657, -0.00890202769245, 2.0, 0.0, 1.0, 2.0, 0.0, -1.0, -1.0, 1.0, 2.0, 2.0, 2.0, 2.0, 0.0, 0.0, 93237.0, 621.0, 99421.0
2.0, 1.0, 0.0, 3.0, 1.0, 0.0, -1.0, -1.0, 1.0, 3.0, -1.0, 2.0, 0.0, 1.0, 0.0, 1.0, 0.0, 0.0, 3.0, 2.0, 1.0, 1.0, 0.0, 3.0, -1.0, 0.0, 1.0, 3.0, 1.2873994508, 0.0, 1.0, 2.0, 0.0, 2.0, 1.38625071594, 0.0, 1.0, 0.0, 2.0, 2.0, 3.0, 2.0, 2.0, 0.0, 0.0, 3.0, 3.0, 1.0, 1.0, 0.0, 93120.0, 659.0, 99403.0
0.0, 0.607764750322, -1.0, 0.0, -0.453762839751, -1.0, -1.0, 2.0, -0.22575985152, 0.987408698655, 1.63413526779, 2.0, -1.0, 1.0, 2.0, -0.0813740783748, 1.84020688114, 3.0, -1.0, 1.06383488811, -1.0, 3.0, 2.3729218358, -0.466577162992, 1.03764938984, 1.3495068567, 2.0, -1.0, 0.0, 2.0, 2.0, -0.327132261129, 2.0, 2.0, 0.0362207786553, 0.0101944115053, -0.00921067688719, 1.0, 3.0, -0.238791712104, 0.0, -1.0, 0.0, -1.0, 2.0, 1.0, 1.0, 1.88455991994, 1.0, 0.0, 93344.0, 597.0, 99446.0
2.0, 0.476222181447, 2.0, 3.0, 1.0, 0.0, -1.0, -1.0, 1.0, 3.0, -1.0, 2.0, 0.0, 1.0, -0.665895823089, 1.0, 0.0, 0.0, 3.0, 2.0, -1.0, 1.0, 0.0, 3.0, -1.0, -0.296774184245, -0.859934783332, 3.0, 2.00658910102, 0.465353714787, 1.0, 2.0, 0.0, 2.07256311947, 2.15981950426, 0.0, 1.0, 0.0, 2.79447455868, 0.632222014556, 0.0, 2.0, 0.412501003449, 0.0, 0.0, 0.880114434142, 3.0, 1.0, -0.937658844893, 0.0, 93431.0, 597.0, 99433.0
0.0, 0.00991916455179, 2.1783483078, -1.0, 2.92058921155, 0.0, -1.0, -0.133892021385, 0.0, 0.0, 2.65510035989, 2.0, 3.0, -0.23548763053, 0.10535259427, 0.0, 1.19948212011, 0.0, -0.350345173406, 1.46463364395, -0.416470368618, -1.0, 2.0, 0.0, 1.95122707083, 2.0, 1.0, 2.43745172926, 0.859688576146, 1.07895233954, -0.700008234302, 0.186029240637, 0.351638288689, 2.70771899309, -0.551323210415, 0.797612387866, 1.0, 0.0, -0.800935435388, -0.875886071891, -1.0, 1.0, 1.0, 1.7881134943, 0.0, 2.03464158413, 0.198956861316, 0.337101190556, 0.877616007542, 0.337466858713, 93332.0, 592.0, 99473.0
2.0, 0.0, 0.0, 3.0, 1.0, 0.0, -1.0, -1.0, 1.0, -0.32552354277, -1.0, -0.069316788542, 0.0, 1.0, 0.0, 1.0, 0.0, 0.0, 3.0, 2.0, -1.0, 1.0, 0.0, 3.0, -1.0, 0.0, -0.796187012612, 3.0, 2.00658910102, 0.465353714787, 1.0, 2.0, 0.0, 2.0, 1.58032927696, 0.0, 1.0, 0.0, 3.0, 2.0, 2.63395234299, 2.0, 2.0, 0.0, 0.0, 3.0, 3.0, 1.0, 1.0, 0.0, 93166.0, 630.0, 99416.0
-1.0, -1.0, 3.0, -1.0, 0.0, -0.103469747567, 2.0, 0.0, 1.0, 0.0, -1.0, 2.0, 0.0, 2.0, 1.0, 2.0, 1.0, -0.0154786247156, -1.0, 2.0, -1.0, -1.0, 1.0, -1.0, 0.388165050621, 0.0, -0.839743012096, 1.0, 1.0, -0.871668132854, -1.0, 0.0, 0.0, 3.0, 3.0, 1.10829818206, 0.0, 2.0, 3.0, 3.0, -0.555986359441, -1.0, 2.0, -1.0, 1.0, 2.0, 0.0, 0.0, 0.921885134647, -1.0, 94364.0, 482.0, 99512.0
2.21775696463, 0.607764750322, -1.0, 0.0, -0.453762839751, -1.0, -1.0, 2.0, -0.22575985152, 0.091737018789, 1.63413526779, 2.0, -1.0, 1.0, 0.712384941391, 0.975734577177, 1.84020688114, 3.0, -1.0, 2.0, 0.00628444047189, 3.0, 3.0, -0.21899714211, 1.03764938984, -0.332717020274, 0.777098442447, -1.0, 0.0, 2.0, 0.896664222571, -0.327132261129, 2.36890095073, 0.365549286008, 0.274639413067, 0.0101944115053, 0.0, 1.0, 3.0, 2.04062294305, 0.0, -1.0, 0.0, -1.0, 2.0, 1.0, 0.235013718774, 1.88455991994, 1.0, 0.0, 93256.0, 612.0, 99441.0
2.0, 0.0, 2.0, 3.0, 1.80533516139, 2.0, -1.0, 0.0, 0.0, 1.0, 1.0, 1.0, 2.0, 3.0, -1.0, 1.47001771885, 2.0, 0.0, -1.0, 2.0, -0.557175437094, -1.0, 3.0, 0.0, -0.177039650061, 3.0, 1.0, 1.45708782765, 1.0, 2.55788945987, 3.0, 0.834582753979, 0.0, 2.0, 2.23752050361, 2.58548988535, 3.0, 0.0, 0.0, 3.0, -1.0, 2.0, -0.729348488817, -0.270284822845, 0.943727038089, 0.0, 2.25389037066, 3.0, 2.79000361098, 2.42323640772, 94006.0, 611.0, 99423.0
0.0, -1.0, 3.0, 0.0, 2.0, 0.0, 1.0, 1.0, 1.0, 1.0, 0.299218042553, 1.0, -1.0, 3.0, 0.0, -1.0, 2.8747627986, 0.0, 0.0, -1.0, 1.0185395126, 3.0, 0.128643446982, 0.0, -1.0, 2.0, 0.0, 2.17844869475, 0.431874274147, 1.0, 1.0, 0.0, 0.468945539071, -1.0, 1.13293512054, 0.0, 3.0, 0.0, 0.0, 1.04524011516, 0.0, 1.0, -1.0, 2.0, 2.0, 0.0, 1.0, 2.0, 1.0, 0.503031860714, 93210.0, 613.0, 99439.0
-1.0, -0.624327014952, 2.0, 2.0, 2.0, -1.0, 2.80135460087, 1.0, -0.589080996896, -1.0, 3.0, 0.0, -1.0, 2.0, -1.0, 0.0, -1.0, -1.0, -1.0, 0.316472727034, -0.688956646937, 2.0, 0.0, 1.0, 2.0, 0.0, 3.0, 0.0, 0.0, 0.0, 1.0, 3.0, -1.0, 3.0, 3.0, 1.0, 0.0, 0.400298281307, 1.0, 3.0, 2.0, 1.0, -1.0, 3.0, -1.0, 1.0, -0.514231140898, -1.0, -1.0, -0.148727016873, 94947.0, 461.0, 99552.0
2.0, 0.0, 0.0, 3.0, 0.0, 0.748390508346, -1.0, 0.0, 0.0, 1.0, 1.0, 1.0, 2.0, 3.0, -1.0, 2.0, 2.0, 0.0, -1.0, 2.0, 2.0, -1.0, 3.0, 0.0, 0.0, 3.0, 1.0, 0.0, 0.521270677661, 0.0, 3.0, 1.0, 0.0, 2.0, 2.0, 1.54892931694, 3.0, 0.0, 0.664141170464, 3.0, -1.0, 2.25799228482, -1.0, -0.703324766606, 0.0, 0.0, 1.0, 3.0, 1.62624348507, 2.0, 93632.0, 611.0, 99424.0
0.337345451402, -1.0, 3.0, 0.493724651966, 2.0, -0.341153585056, 1.0, 1.42021500829, 2.0, -1.0, 1.0, 1.42532269674, -1.0, 2.0, -1.0, 0.0, -1.0, 0.264804603222, -1.0, 0.0, -1.0, 2.0, 0.0, 0.0, 2.0, 0.0, 3.0, 2.64899389961, 0.0, 1.01334196207, 1.0, 0.846498173143, -1.0, 0.463957770866, 3.0, 0.677362726486, 0.0, 0.0, 2.24617927478, 0.0746694758157, 2.72573951499, -1.0, -1.0, 2.86610353778, -1.0, 0.915875654352, 0.0, 1.41742876093, -1.0, -1.0, 93992.0, 517.0, 99497.0
2.0, 1.32847144337, 0.0, 2.37775774191, 2.44695958312, 0.0, -1.0, 2.6060325846, 1.0, 3.0, -1.0, 2.06958205254, 0.0, 1.0, -1.0, 1.0, 0.0, 0.0, 3.0, 2.0, 1.0, 1.0, 0.0, 0.55750169471, 0.372938897984, 0.0, 0.443073606646, 3.0, 0.555604160741, 0.0, 1.0, 2.0, 0.0, 2.05957454171, 0.905406343866, 0.0, 1.0, 0.0, 2.0, 2.57228599858, 3.0, 2.0, 1.9991251519, -0.0378520995508, 0.0, 3.0, 3.0, 1.0, 1.0, 0.0, 92913.0, 671.0, 99389.0
-1.0, 2.06994780741, 3.0, -1.0, -0.781721551721, 0.0, -1.0, 2.62655375378, 2.0, -1.0, 3.0, 0.483270271817, 1.0, -0.0834622852818, -1.0, 2.48967399184, -1.0, 2.0, 3.0, 0.0, 3.0, -1.0, 3.0, -1.0, -0.0811334775754, 0.0, -0.917268778147, 1.0, 0.0, 2.0, -1.0, -1.0, -1.0, 3.0, 2.0, 1.0, 0.260635184597, 0.0, -0.571672286825, 1.0, 2.0, 0.407090027933, 0.0, 2.0, 0.0, 1.0, 1.0, -1.0, 1.59366116709, -0.926545457436, 95242.0, 466.0, 99583.0
-1.0, -1.0, 3.0, -1.0, 0.0, -0.103469747567, 2.0, 0.0, 1.0, 0.0, -1.0, 2.0, 0.0, 2.0, 1.0, 2.0, 1.0, -0.0154786247156, -1.0, 2.0, -1.0, -1.0, 1.0, -1.0, 0.388165050621, 0.0, -0.839743012096, 1.0, 1.0, -0.871668132854, -1.0, 1.98430612168, -1.0, 3.0, 3.0, 1.0, 0.0, 2.0, 3.0, 3.0, 0.0, -1.0, 2.0, -1.0, 2.68524033563, 2.0, 0.0, -0.741049925272, 0.921885134647, -1.0, 94957.0, 471.0, 99534.0
2.32117589778, -1.0, 0.614384468339, -1.0, 0.0, -0.103469747567, 2.0, 0.0, 1.0, 0.0, -1.0, 2.0, 0.0, 2.65273057639, 1.0, 2.0, 1.27450917668, -0.0154786247156, -1.0, 2.0, -1.0, -1.0, 2.2313245403, -1.0, 2.0, 0.0, -0.839743012096, 1.0, 1.0, -0.871668132854, -1.0, 0.0, -0.692608774561, 3.0, 3.0, 1.0, 1.87734343124, 2.11236842392, 3.0, 3.0, 0.0, -1.0, -0.726086187031, -1.0, 1.0, 2.0, 0.0, 0.0, -0.274171397632, -0.425395165487, 94464.0, 499.0, 99505.0
-1.0, 2.06994780741, 3.0, -1.0, -0.781721551721, 0.0, -1.0, 1.0, 2.0, -1.0, 3.0, 0.483270271817, 1.0, -0.0834622852818, -1.0, 2.0, -1.0, 2.0, 3.0, 0.0, 3.0, -1.0, 3.0, -1.0, -1.0, 0.0, -0.917268778147, 1.0, 0.0, 2.0, -1.0, -1.0, 0.0, 3.0, 2.0, 1.0, 0.260635184597, 0.0, 0.0, 1.0, 2.0, 0.407090027933, 0.0, 2.0, 0.0, 1.0, 1.0, -1.0, 1.59366116709, -0.926545457436, 94763.0, 476.0, 99560.0
-1.0, 0.0, 2.0, 2.0, 2.97125818231, -1.0, 1.0, 1.0, 2.0, -0.858742253427, -1.0, 1.21885553625, -1.0, 2.0, -1.0, 0.0, -1.0, -1.0, -1.0, 2.20875110611, -1.0, 2.0, 0.0, -0.931536652126, 2.0, 0.579284877962, 3.0, 0.0, -0.0986679915409, 0.0, 1.0, 3.0, -1.0, 3.0, 3.0, 1.0, 0.0, -0.0647757167296, 1.0, 0.236869989545, 0.970821903851, 1.0, -1.0, 3.0, -1.0, 1.0, 0.0, -0.190465518511, -1.0, 3.0, 94804.0, 484.0, 99528.0
-1.0, 1.0, 2.0, 0.0, 0.0455370635477, 3.0, 1.87032476076, 0.0, 1.0, 1.0, -1.0, 1.0, 0.0, 2.0, 0.823278271198, 0.0, 0.0, 3.0, 0.876484253953, -0.444634911064, 3.0, 1.0, -0.05666808081, -0.666164363699, 0.856818386793, 3.0, 2.0, 1.0, 0.0, 0.0, 2.0, -0.277098710471, 2.41161724748, 1.0, 0.775639893657, -0.361997797651, 2.0, 0.0, 1.0, 2.0, 0.0, -1.0, -1.0, 1.0, 1.79724472687, 2.0, 2.0, 2.0, 0.0, 0.0, 92996.0, 638.0, 99411.0
-1.0, -0.624327014952, 2.0, 2.0, 2.0, -1.0, 2.80135460087, 1.0, 0.662275140426, -1.0, 1.0, 0.0, -1.0, 2.0, -1.0, 0.0, -1.0, -1.0, -1.0, 0.316472727034, -0.688956646937, 2.0, 0.0, 1.0, 2.0, 0.0, 3.0, 0.0, 0.0, 0.0, 1.0, 3.0, -1.0, 3.0, 3.0, 1.0, 0.0, 0.400298281307, 1.0, 3.0, 2.0, 1.0, -1.0, 3.0, -1.0, 1.0, -0.514231140898, -1.0, -1.0, -0.148727016873, 94770.0, 472.0, 99540.0
-1.0, -1.0, 3.0, -1.0, 0.0, -0.103469747567, 2.0, 0.0, 1.60210369557, 0.0, -1.0, 2.0, 0.0, 2.0, 1.0, 2.0, 1.0, -0.0154786247156, -1.0, -0.117588093683, -1.0, -1.0, 1.0, -1.0, 0.388165050621, 0.0, -0.839743012096, 1.0, 1.0, -0.871668132854, -1.0, 0.0, -1.0, 3.0, 3.0, 1.0, 0.0, 2.30650571196, 3.0, 3.0, 0.0, -1.0, 2.0, -1.0, 1.0, 2.0, 0.0, 0.0, 1.46412332581, -1.0, 94424.0, 489.0, 99517.0
2.0, 1.0, 0.0, 3.0, 1.0, 0.0, -1.0, -1.0, 1.0, 3.0, -1.0, 2.0, 0.0, 1.0, 0.0, 1.0, 0.0, 0.0, 3.0, 2.0, 1.0, 1.0, 0.0, 3.0, -1.0, 0.0, 1.0, 3.0, 2.0, 0.0, 1.0, 2.0, 0.0, 2.0, 1.38625071594, 0.0, 1.0, 0.0, 2.0, 2.0, 3.0, 2.0, 2.0, 0.0, 0.0, 3.0, 3.0, 1.0, 1.0, 0.0, 93155.0, 659.0, 99403.0
-1.0, 2.06994780741, 3.0, -1.0, -0.781721551721, 0.0, -1.0, 1.0, 2.0575866614, -1.0, 3.0, 0.330715583094, 1.0, -0.0834622852818, -1.0, 2.0, -1.0, 2.0, 3.0, 0.0, 3.0, -1.0, 3.0, -1.0, -1.0, 0.0, -0.917268778147, 1.0, 0.0, 2.0, -1.0, -1.0, 0.0, 3.0, 2.0, 1.0, 0.260635184597, 0.0, 0.0, 1.0, 2.0, 0.407090027933, 0.0, 2.0, 0.0, 1.0, 1.0, -1.0, 1.59366116709, -0.6268776827, 94763.0, 476.0, 99560.0
-1.0, -1.0, 3.0, -1.0, 0.0, 0.0, 2.0, 0.0, 1.0, 2.63730893538, -1.0, -0.382638396982, 0.0, 2.0, 1.0, 2.84182363252, 1.0, 0.0, 3.0, 2.0, -1.0, -1.0, 1.0, -1.0, 2.0, 0.0, 0.0, 1.0, 1.0, 0.0, -1.0, 0.0, -1.0, 3.0, 3.0, 1.0, 1.32523269501, 2.0, 0.0, 3.0, 0.0, -1.0, 1.85745380076, -1.0, 1.0, 2.0, 0.0, 0.0, 1.0, -1.0, 94142.0, 532.0, 99487.0
-1.0, -1.0, 3.0, -1.0, 0.0, 0.0, 2.0, 0.0, 1.0, 0.0, -1.0, 2.0, 0.0, 2.0, 1.0, 0.49216408441, 1.0, 0.0, 3.0, 2.0, -1.0, -1.0, 1.0, -1.0, 2.02138207055, 0.0, 0.0, 1.0, 1.0, 0.0, -1.0, 0.0, -1.0, 3.0, 3.0, 1.0, 0.289396101795, 2.38587632036, 3.0, 3.0, 0.0, -1.0, 2.0, -0.854993418543, 1.0, 2.83940506213, -0.931816175647, 0.0, 1.0, -1.0, 94207.0, 518.0, 99495.0
-1.0, 0.0, 1.0, 3.0, 0.0, 1.36928298166, -1.0, 0.0, 0.0, 1.0, -0.483599710699, 1.0, 2.0, 2.01224838693, 1.73616184874, 2.0, 0.907861685018, 0.0, -1.0, 2.0, 1.0, 1.0, 3.0, 2.0741682444, 3.0, 3.0, 1.0, 2.67310144501, 1.0, 2.35836719628, 3.0, -0.497067393291, 0.0, 2.0, 2.0, 2.0, 3.0, 0.375344600827, 0.0, 3.0, -0.37350525235, 2.0, -0.166838465267, 0.0, 0.0, -0.396875796855, 2.25389037066, 3.0, -0.807803209632, 2.0, 93428.0, 666.0, 99398.0
2.0, 0.0, 1.0, 3.0, 0.0, 1.11504795159, -1.0, 0.963156404626, 0.0, 1.0, 2.06485213421, 1.0, 2.0, 3.0, -1.0, 2.0, 1.14871914255, 0.0, -1.0, 2.99588426431, 2.0, -1.0, 3.0, 0.55750169471, 3.0, 3.0, 1.0, 0.0, 1.0, 0.0, 3.0, 1.0, 0.0, 1.16788319179, 2.0, 2.0, 3.0, 0.0, 0.0, 3.0, -1.0, 2.0, 1.0, 0.0, 0.0, 0.0, 1.0, 3.0, 2.0, 2.7795614794, 93599.0, 644.0, 99408.0
2.0, 0.0, 2.0, 3.0, 0.0, 2.0, -1.0, 1.27444225289, 0.0, 1.0, 1.0, 1.0, 2.0, 3.0, -1.0, 1.47001771885, 2.0, -0.0875848351826, -1.0, 2.0, -0.557175437094, -0.522635951825, 3.0, 1.40024360429, -0.177039650061, 3.0, 1.0, 1.45708782765, 1.0, 2.55788945987, 3.0, 0.834582753979, 0.0, 2.03549194158, 2.23752050361, 2.58548988535, 3.0, 0.0, 0.0, 3.0, -1.0, 2.0, -0.729348488817, -0.270284822845, 0.943727038089, 0.0, 2.25389037066, 3.0, 2.79000361098, 2.42323640772, 94007.0, 611.0, 99423.0
-1.0, -1.0, 2.05020361612, 0.301805426588, 0.0, -0.103469747567, 0.998859507313, 2.58658755393, 1.0, 0.0, -1.0, 2.0, 0.0, 2.0, 1.0, 2.0, 1.0, -0.0154786247156, -1.0, 2.0, -1.0, -1.0, 1.0, -1.0, 0.388165050621, 0.0, -0.839743012096, 1.0, 1.0, -0.266696086752, -1.0, 0.0, -1.0, 3.0, 3.0, 2.37925839012, 0.341073912429, 2.80900363481, 3.0, 3.0, 1.0, -1.0, 2.0, -1.0, 1.0, -0.662444542288, 0.0, 2.39302574957, 0.921885134647, -1.0, 94397.0, 512.0, 99497.0
-0.483229802027, -1.0, 0.0, 1.31733818089, -1.0, 3.0, -1.0, 1.0, 2.0, 1.0, 1.0, 2.0, 1.0, 0.0, 2.0, -1.0, -1.0, 2.0, -1.0, 0.0, -1.0, -1.0, 3.0, 2.34093498735, -1.0, 1.9354654934, 2.0, 2.0, -1.0, 0.751418879852, 0.0, 1.0, 0.0, 3.0, 1.0, 2.95069485295, 1.0, 0.0, 1.0, 2.75533335508, 3.0, -1.0, 0.0, -1.0, 2.0, 2.0, 0.0, 3.0, 0.0131166432877, 1.0, 94292.0, 548.0, 99480.0
0.0, 2.0, 2.0, 3.0, 2.0, 1.0, -0.774956151766, 1.9749021757, 1.0, 0.0, 3.0, 3.0, 1.0, 1.0, 1.0, 3.0, 1.0, 2.56309565156, 0.0, 0.0, 2.0, 2.06596957526, 2.0, 2.0, 2.91131023419, 0.251127749337, 0.0, 0.0, 0.431874274147, 2.0, 0.908230166289, 0.579132357052, -0.279163298913, 1.0, 0.50536279575, 1.0, 3.0, 2.0, -0.364799969488, -0.980168608171, -1.0, 1.0, 3.0, 0.0, 3.0, 1.0, -0.826900929512, 3.0, 3.0, 2.0, 93760.0, 654.0, 99407.0
-1.0, -1.0, -0.342048828206, -1.0, 0.0, -0.103469747567, 2.0, 0.0, 1.0, 0.0, 1.0, 2.0, 0.0, 2.0, 1.0, 2.0, 1.0, -0.0154786247156, -1.0, 2.0, -1.0, -1.0, 1.0, -1.0, 0.388165050621, 0.0, -0.839743012096, 1.0, 0.32035117886, 0.0, -1.0, 0.0, -1.0, 3.0, 3.0, 1.92819826552, 2.33321268999, 2.0, 3.0, 0.0746694758157, 0.0, -1.0, 2.0, -1.0, 1.0, 2.0, 0.0, 0.0, -0.274171397632, -0.425395165487, 93810.0, 540.0, 99483.0
-1.0, -1.0, 3.0, 0.917169121005, 0.936429536014, 0.088610927462, 2.0, 0.0, 1.0, 0.0, -1.0, 2.0, -0.819071544246, 0.0, 1.0, 2.0, 1.38780914073, 1.6170246987, 3.0, 2.0, -1.0, 1.11778080481, 1.0, -1.0, 2.94833915844, 0.0, 0.0, 1.59813132077, 1.0, 0.0, -1.0, 0.228058020027, -1.0, 2.68626932568, 3.0, 0.169120087821, 0.0, 2.03863159338, 3.0, 3.0, -0.769163303625, 1.0, 2.0, 2.0, 1.0, -0.259462653383, 0.0, 0.262294847563, 1.02597058452, -0.60611363078, 94081.0, 558.0, 99471.0
-1.0, -0.208461028426, 3.0, -1.0, 1.76249728948, 0.0642860762583, 2.0, 0.0, 0.939461556065, -0.45429036486, -1.0, 2.0, -0.347379860842, 2.08950387178, 2.93123994694, 2.0, 1.09772992605, 1.0, -1.0, 2.0, 1.32292993734, -0.787212553229, 1.0, -1.0, 0.388165050621, 1.63010749185, 2.0, 1.0, 0.670222511791, 2.47622908488, 0.758629014536, 0.0, -1.0, 3.0, 0.206014888577, 1.0, 0.0, -0.198718111551, 3.0, 3.0, 2.23826252277, -1.0, 2.0, -0.533637072089, 1.0, 2.0, 0.0, 0.0, -0.994204556131, 1.77653849614, 93904.0, 569.0, 99460.0
-1.0, -1.0, 3.0, -1.0, 0.0, 0.0642860762583, 2.0, 0.0, 0.939461556065, -0.45429036486, -1.0, 2.0, -0.347379860842, 2.08950387178, 1.0, 2.0, 1.09772992605, 1.0, -1.0, 2.0, 1.32292993734, 0.777288255708, 1.0, -1.0, 0.388165050621, 1.63010749185, -0.839743012096, 1.0, 0.670222511791, 1.61500381419, -1.0, 0.0, -1.0, 3.0, 0.206014888577, 1.0, 0.0, -0.198718111551, 3.0, 3.0, 2.23826252277, -1.0, 2.0, -0.533637072089, 1.0, 2.0, 0.0, 0.0, -0.994204556131, -1.0, 94195.0, 521.0, 99500.0
0.68825087195, 0.869073757741, -1.0, 0.0, 0.0, 1.0, -1.0, 0.229935492341, 1.0, 0.0, 2.0, 0.0, -0.598702227979, 0.0, 2.0, 1.0, -1.0, -1.0, 0.0, 2.0, 3.0, 2.0, 3.0, -0.888180845596, 1.0, 1.0, 0.0, -1.0, 2.0, 0.0, 2.0, -0.158092769297, 3.0, 2.0, 1.0, 0.0, 0.589449071446, 0.0, 1.0, 1.0, 0.0, -0.545321489434, 1.0, 3.0, 0.0, 2.0, 2.0, 1.0, 0.523450127624, -0.0914691940577, 93297.0, 608.0, 99457.0
2.0, 0.0, 1.0, 3.0, -0.00324024149037, 2.0, -1.0, 0.0, 0.0, 1.0, 2.19454191815, 2.36391187049, 2.0, 3.0, -1.0, 2.0, 2.0, 0.0, -1.0, 2.0, 2.57830503777, -1.0, 1.45215997284, 0.0, 3.0, 2.62493469552, 1.0, 0.0, 1.0, 0.0, -0.296440628913, 0.222721817929, -0.422607064503, 2.6750820934, 2.0, 2.0, 2.44412336673, 0.0, 0.0, 3.0, -1.0, 2.0, -1.0, 0.0, 0.0, -0.396441512362, -0.25992043545, 1.64023670827, 2.20748554069, 2.92432252235, 93415.0, 626.0, 99418.0
-1.0, 1.0, 2.62779912578, 0.608423994362, 1.0, 3.0, 3.0, -0.237202672206, 1.0, -0.279327102172, -1.0, 1.0, -1.0, 2.0, 1.47148979722, -0.428124748547, 0.0, 3.0, 1.0, 2.93823094277, 3.0, 1.0, 2.10802435837, -1.0, -1.0, 1.53280386409, 1.71060815977, 1.0, 1.52838721507, 0.0, 2.0, -0.277098710471, 1.70235038102, 2.0, 1.42028734058, 2.24577424793, 2.0, 0.0, -0.0564281423212, 2.37897495449, 0.0, -1.0, -1.0, 1.92904880052, 2.0, 2.0, 2.0, 2.27872357496, -0.868964884962, 1.46969651719, 93856.0, 589.0, 99434.0
2.0, 1.0, 0.0, 3.0, 1.0, 0.0, 1.59101747037, -1.0, 1.0, 3.0, -1.0, 1.19202946022, -1.0, 1.96460404789, 0.0, 0.772651333667, 0.0, 0.0, 3.0, 2.0, 1.0, 1.0, 0.0, 3.0, -1.0, 0.0, 1.0, 3.0, 2.0, 0.0, 1.0, 2.0, 0.0, 2.0, 2.0, 0.0, 1.0, 0.0, 2.0, 2.0, 3.0, -0.448615127165, 2.0, 0.0, 0.0, 3.0, 0.0, 1.44865841683, 1.0, 1.0, 93220.0, 655.0, 99400.0
-1.0, 1.56049233044, 2.04494905242, 0.0, 1.0, 0.0, 3.0, 0.0, 1.0, 1.0, -1.0, 1.0, 0.0, 2.0, 0.0, 0.0, -0.80397449985, 1.34865877582, 1.0, 0.0, 3.0, 1.0, 2.0, 0.0, -1.0, 3.0, 1.3652622126, 0.169904392512, 0.0, -0.839986939236, 2.0, -1.0, 2.0, -0.153038622376, 1.01569997386, 1.0, 1.6317711056, 0.0, 2.40303170836, 1.15971523244, 0.0, -1.0, -1.0, 0.957747023815, 1.22030837715, 2.0, 2.96778417716, 2.0, -1.0, 0.0, 93609.0, 574.0, 99464.0
-1.0, 1.0, 2.0, 0.0, 1.0, 3.0, 1.87032476076, 0.0, 1.0, 1.0, -1.0, 1.0, 0.0, 2.0, 0.0, 0.0, 0.0, 3.0, 1.0, -0.444634911064, 3.0, 1.0, 3.0, -0.666164363699, -0.883963837759, 3.0, 2.0, 1.0, 0.0, 0.0, 2.0, -0.277098710471, 1.16372684333, 1.0, 0.775639893657, -0.00890202769245, 2.0, 0.0, 1.0, 2.0, 0.0, -1.0, -1.0, 1.0, 2.0, 2.0, 2.0, 2.0, 0.0, 0.0, 93241.0, 621.0, 99421.0
0.0, 0.0, 1.07014664692, 0.0, -0.128858239402, -1.0, -1.0, 2.0, 1.0, 2.13647755349, 1.0, 2.0, -1.0, 1.0, 2.87414473107, 0.0, 0.0, 3.0, -1.0, 2.0, -1.0, 3.0, 2.0, 1.0, 3.0, -0.849912576977, 2.0, 0.645884912384, 0.0, 2.0, 2.0, 0.0, 2.0, 2.0, 2.2450701506, -0.0676859040053, 0.0, 1.00939489366, 3.0, -1.0, 0.0, -1.0, 0.594807623522, -1.0, 2.0, 1.0, 1.83126195945, 2.0, 1.0, 0.0, 93725.0, 591.0, 99448.0
-1.0, -1.0, 3.0, -1.0, 0.0, -0.103469747567, 2.0, 0.0, 0.939461556065, -0.45429036486, -1.0, 2.0, -0.347379860842, 2.08950387178, 1.0, 2.0, 1.09772992605, 1.0, -1.0, 2.0, 1.22677299964, 0.777288255708, 1.0, -1.0, 0.388165050621, 1.63010749185, -0.839743012096, 1.0, 0.670222511791, -0.871668132854, -1.0, 0.0, -1.0, 3.0, 0.206014888577, 1.0, 0.0, 2.0, 3.0, 3.0, 2.23826252277, -1.0, 2.0, -0.533637072089, 1.0, 2.0, 0.0, 0.0, -0.994204556131, -1.0, 94450.0, 503.0, 99514.0
1.0, 0.158108654642, -1.0, -0.867676344825, 0.0, -0.45613044524, 0.0, 3.0, 2.0, -1.0, -0.893871599832, 0.680403228506, 2.0, 1.0, 3.0, -1.0, 3.0, 0.0, 0.82588369973, 2.34256106521, 1.0, -0.964680829811, 0.174611366212, 1.0, 0.0, 0.0, 0.0, 0.0, -0.135357723261, 0.297104126612, 0.0, 3.0, 2.0, 2.26159787516, -0.464661795338, -1.0, 2.0, 1.0, 2.0, 0.948333115978, -0.977292525261, 2.0, 0.0, 2.39301206915, 3.0, -1.0, -1.0, 1.0, 1.0, 0.0, 93690.0, 566.0, 99475.0
0.0, 0.607764750322, -1.0, 0.0, -0.453762839751, -1.0, -1.0, 2.0, -0.22575985152, 0.091737018789, 1.63413526779, 2.0, -1.0, 1.0, 2.0, -0.0813740783748, 1.84020688114, 3.0, -1.0, 2.0, -1.0, 3.0, 3.0, -0.21899714211, 1.03764938984, 1.3495068567, 2.0, -1.0, 0.0, 2.0, 2.0, -0.327132261129, 2.0, 2.0, 0.0362207786553, 0.0101944115053, 0.0, 1.0, 3.0, -0.238791712104, 0.0, -1.0, 0.0, -1.0, 2.0, 1.0, 1.0, 1.88455991994, 1.0, 0.0, 93398.0, 597.0, 99446.0
0.0, 0.0, -0.372149702265, 0.0, 0.0, 0.0, -1.0, 2.0, 1.0, 2.26584882478, 0.796067530886, -0.313990016728, 0.945549649508, 1.0, 2.0, 0.0, 0.0, 2.14246567428, -1.0, 2.0, -1.0, -1.0, 2.0, 1.0, 2.95350751414, 2.2763750603, 2.44316363813, -0.00671695257348, 0.0, 2.0, -1.0, -0.731323763444, 2.05852810648, -0.159872229599, 2.0, 0.0, -0.469863986307, 1.0, 3.0, -1.0, 0.0, 0.20333256929, 0.0, -1.0, 2.0, 1.0, 1.0, 2.0, 1.0, 0.0, 93351.0, 598.0, 99450.0
2.0, 0.0, -0.108812084204, 3.0, 0.0, 2.0, -1.0, 0.0, 0.0, 1.0, 1.0, 1.0, -1.0, 3.0, -1.0, 2.0, 2.0, 0.0, -1.0, 2.0, 2.0, -1.0, 3.0, 0.0, 3.0, 2.28040583251, 0.115528994476, -0.805492097599, 1.0, 0.0, 3.0, 1.0, 0.0, 2.0, 2.0, 2.0, 0.0, 0.0, 0.0, 2.39994023621, -1.0, 2.0, -1.0, 0.0, 0.0, 0.0, 1.0, 3.0, 2.81831034032, 2.0, 93641.0, 600.0, 99439.0
0.0, 0.0, -0.372149702265, 2.44758137167, 1.76249728948, 0.0, -1.0, 2.0, 1.0, 1.0, 0.132166448008, 2.0, 0.945549649508, 1.0, 2.93467938627, 0.0, 0.0, 1.62968601534, -1.0, 2.0, -1.0, -1.0, 2.0, 1.0, 2.95350751414, 1.73532240772, 1.50206093075, -0.00671695257348, 0.0, 2.0, 2.29544657331, 0.0, 2.05852810648, 2.10901790047, 2.0, 0.0, 0.0, 0.313361062847, 3.0, -1.0, 2.0, 0.20333256929, 0.0, -1.0, 2.0, 1.0, 1.0, 2.0, 1.0, 0.0, 93245.0, 631.0, 99413.0
0.337345451402, -0.496152147258, 2.0, 0.493724651966, 2.0, -1.0, 1.0, 1.42021500829, 2.0, -1.0, 1.0, 1.42532269674, -1.0, 2.0, -1.0, 0.0, -1.0, 0.264804603222, -1.0, 0.0, -1.0, 2.0, 0.0, 0.0, 2.0, 0.0, 3.0, 1.61101526877, 0.0, 0.0, 1.0, 3.0, -1.0, 0.463957770866, 3.0, 1.0, 0.0, 0.0, 2.24617927478, 0.0746694758157, 2.72573951499, -0.307833220252, -1.0, 2.81875978073, -1.0, 0.915875654352, 0.0, -1.0, -1.0, 3.0, 94110.0, 527.0, 99501.0
-0.933344890719, 0.607764750322, -1.0, 0.0, -0.453762839751, -1.0, -1.0, 2.0, -0.22575985152, 0.091737018789, 1.63413526779, 2.0, -1.0, 1.0, 2.0, -0.0813740783748, 1.84020688114, 3.0, -1.0, 2.0, -1.0, 3.0, 3.0, -0.21899714211, 1.03764938984, 0.0668670545759, 2.0, -1.0, 0.0, 2.0, 2.0, -0.327132261129, 2.36890095073, 0.365549286008, 0.0362207786553, 0.0101944115053, 0.0, 1.0, 3.0, 2.04062294305, 0.0, -1.0, 0.0, -1.0, 2.0, 1.0, 1.0, 1.88455991994, 1.0, 0.0, 93480.0, 584.0, 99454.0
