1.0, -1.0, 2.0, 1.0, 2.0, 0.0, -1.0, 0.0, 1.0, 2.0, 2.0, 3.0, 1.0, 0.0, -1.0, -1.0, -1.0, 0.0, 1.0, 0.0, 0.0, 1.0, -1.0, -1.0, 2.0, 1.0, -1.0, 0.0, -1.0, 0.0, 3.0, 3.0, 0.0, 0.0, 3.0, -1.0, 2.0, 1.0, 0.0, -1.0, 2.0, 2.0, 1.0, -1.0, 1.0, -1.0, 0.0, 2.0, 0.0, -1.0, 98012.0, 537.0, 99545.0
3.0, 2.0, -1.0, 1.0, 2.0, -1.0, 2.0, 0.0, 3.0, 1.0, -1.0, 0.0, -1.0, 2.0, 2.0, 3.0, 3.0, 1.0, -1.0, 1.0, 0.0, 0.0, 0.0, 1.0, 2.0, 1.0, -1.0, 1.0, -1.0, 1.0, 1.0, 0.0, -1.0, -1.0, 1.0, -1.0, 1.0, 0.0, 1.0, 1.0, 0.0, 0.0, 0.0, 3.0, 0.0, 0.0, 0.0, 3.0, 2.0, 0.0, 97554.0, 602.0, 99491.0
2.0, -1.0, 0.0, 3.0, 0.0, 2.0, 2.0, 3.0, 3.0, 3.0, 2.0, 3.0, 1.0, 0.0, 1.0, 1.0, 0.0, 0.0, 0.0, 1.0, 3.0, 1.0, 0.0, 1.0, 0.0, 3.0, 1.0, 3.0, 1.0, 1.0, 1.0, 2.0, 0.0, 2.0, 1.0, -1.0, 2.0, 0.0, 3.0, 0.0, -1.0, 2.0, 0.0, 2.0, 0.0, 3.0, 2.0, 0.0, 2.0, 1.0, 97505.0, 711.0, 99423.0
2.0, 2.0, 1.0, 2.0, 0.0, -1.0, 1.0, 0.0, -1.0, 3.0, 2.0, 0.519513726031, -1.0, -1.0, 0.0, -1.0, -1.0, 3.0, 2.0, -1.0, 0.0, -1.0, 0.0, 0.0, 0.717086440615, 0.0, 1.74206338861, 2.09226148406, 1.0, -1.0, 2.0, 1.0, 1.0, -0.713220822425, 1.0, 0.0, 0.0, 2.0, 0.0, -1.0, 0.0, 0.0, 1.0, -1.0, -1.0, 3.0, 0.0, 1.0, 2.0, 2.0, 97868.0, 566.0, 99542.0
1.0, -1.0, 2.0, 1.0, 2.0, 0.0, -1.0, 0.0, 1.0, 2.0, 2.0, 3.0, 1.0, 0.0, -1.0, -1.0, -1.0, 0.0, 1.0, 0.0, -1.0, 1.0, -1.0, -1.0, 2.0, 1.0, -1.0, 0.0, -1.0, 0.0, 3.0, 3.0, 0.0, 0.0, 3.0, -1.0, 2.0, 1.0, -0.165848882573, -1.0, 2.0, -1.0, 1.21478197607, -1.0, 1.0, -1.0, 0.0, 2.0, 0.294390702126, -1.0, 98125.0, 511.0, 99569.0
0.0, 3.0, 1.0, 3.0, 3.0, 2.0, -1.0, 3.0, 3.0, 0.0, 3.0, 3.0, 1.0, -0.783647382324, -1.0, 1.0, 2.0, 3.0, -1.0, 0.0, 3.0, 1.0, 3.0, 2.0, -1.0, -1.0, 3.0, 2.0, -1.0, -1.0, -1.0, 1.0, 0.0, 2.0, 3.0, -1.0, -1.0, 0.394409581084, 0.0, -0.346339079689, 2.17245515741, 1.75046846523, 2.0, 1.0, 0.0, 2.0, 3.0, 0.0, 0.0, -0.887586962924, 98171.0, 565.0, 99521.0
1.0, 0.0, 1.28023879809, -0.369109793501, 2.0, 2.0, -1.0, 2.0, 1.0, 3.0, -1.0, 0.0, 2.0, 3.0, -1.0, 3.0, 0.0, 1.0, 0.0, 2.0, 1.0, 0.0, 2.0, 0.0, 1.0, 2.0, -1.0, 3.0, 1.0, 1.19748710703, 1.0, 2.84586264369, 3.0, 0.0, 1.0, 2.0, 1.0, 2.98208891607, 3.0, -1.0, 3.0, 3.0, 1.0, 1.0, 3.0, 0.0, 3.0, 0.0, -1.0, 2.0, 97845.0, 654.0, 99452.0
1.0, 2.0, 2.0, -1.0, 2.0, 0.0, -1.0, 0.0, -1.0, 0.0, 0.0, 1.0, 3.0, 2.0, 2.0, -1.0, 2.49170376342, 1.0, 2.0, -1.0, -1.0, 0.0, 2.40763974751, 2.22751533174, -0.896704331005, 0.0, 3.0, 1.0, 3.0, 1.0, 0.0, 2.0, 1.0, 0.0, 2.0, 0.0, 1.0, 1.0, -1.0, 1.0, -1.0, 1.0, -1.0, 1.53965720517, -1.0, 1.0, 1.0, -1.0, -1.0, 2.0, 97972.0, 561.0, 99536.0
3.0, 2.0, -1.0, 1.0, 2.0, -1.0, 2.0, 0.0, 3.0, -0.939694030373, -1.0, -0.606795862528, -1.0, 2.0, 2.0, 3.0, 3.0, 1.0, -1.0, 1.0, 0.0, 0.0, 0.0, 1.0, 2.0, 2.40140968352, -1.0, 1.0, -1.0, 2.0, 1.0, 0.0, -1.0, -1.0, 0.598759479306, -1.0, 1.0, 0.0, 2.46354456533, 2.53373800082, 0.0, -0.383065915428, 0.0, 3.0, 2.0, 0.0, 0.0, 3.0, 2.0, 0.0, 97868.0, 568.0, 99525.0
1.0, -1.0, 2.0, 1.0, 2.0, 0.0, -1.0, 0.198067662843, 1.0, 2.0, 2.0, 3.0, 1.0, -0.519930223361, -1.0, -1.0, -1.0, 0.0, 1.0, 0.0, 0.0, 1.0, -1.0, -1.0, 2.79226810395, 1.0, -1.0, 0.0, -1.0, -0.346210271143, 3.0, 3.0, 0.0, 0.0, 3.0, -1.0, 2.0, 1.0, 0.0, -1.0, 2.0, 2.0, 1.0, -1.0, 1.0, -1.0, 0.0, 2.0, 0.0, -1.0, 98136.0, 520.0, 99560.0
1.0, 2.0, 1.0, 0.0, 1.0, -1.0, 1.0, 3.0, 2.0, 2.0, 2.0, -1.0, 0.0, 0.0, -1.0, 0.0, -0.519721111313, -1.0, 1.0, 2.0, 2.0, 0.0, 0.0, 1.0, 2.0, 0.0, 1.72458849126, 3.0, -1.0, 1.0, 1.0, 0.0, 0.0, 2.0, 3.0, 0.0, 3.0, 1.0, 3.0, -1.0, 1.0, 2.0, 0.0, 2.0, 2.0, 1.0, 0.0, 2.0, -1.0, 3.0, 97687.0, 627.0, 99466.0
0.0, 1.0, 0.0, 2.0, 2.0, 1.0, 3.0, 1.0, 0.0, 0.0, 3.0, 0.834141605671, 0.0, 2.0, 2.0, -1.0, 1.0, 0.0, 0.0, 3.0, 0.0, 3.0, 2.0, 3.0, 3.0, 0.0, 3.0, 0.0, 1.0, 1.0, 3.0, 1.0, 2.0, 2.0, 2.0, -1.0, 2.0, -1.0, 1.0, -0.296868355394, 2.0, 2.0, 0.0, 0.0, 0.895340670582, 2.0, 1.52266818534, 3.0, -0.0283919546719, 1.0, 97474.0, 716.0, 99413.0
3.0, 3.0, 2.0, 2.0, 1.0, 3.0, 2.0, 1.0, 3.0, 3.0, 2.0, 0.0, 1.0, 3.0, 0.0, 2.0, 2.0, 1.0, 1.0, 2.17475119861, 3.0, 1.0, 2.0, 2.0, 2.0, -1.0, 3.0, -0.265172279216, 2.0, 0.0, 0.0, 3.0, 0.0, 0.0, 0.0, 3.0, 0.0, 1.27103601581, 1.0, 3.0, 1.0, 0.672434087878, 3.0, 1.68601189598, 2.0, 2.0, 2.0, -1.0, 2.0, 1.0, 97736.0, 728.0, 99405.0
1.0, 0.0, 1.0, 1.24676265908, 1.02814450358, -1.0, 1.0, 0.0, -1.0, 2.0, 1.0, 3.0, 1.0, 0.0, 2.0, -1.0, 1.0, -0.478235487978, 1.0, 2.90351551138, 0.0, 0.740599288178, 2.0, 0.622859402082, -1.0, -1.0, 2.0, 3.0, 3.0, -1.0, 2.0, 0.0, 1.0, 3.0, -1.0, 1.45019529621, 0.0, 1.0, 0.0, 2.0, 0.0, 2.0, 0.0, 0.0, 2.0, 2.0, 3.0, 1.0, 2.25682472496, 2.0, 97603.0, 644.0, 99461.0
3.0, 2.0, 0.129238072308, 1.0, 2.0, -1.0, 2.0, 0.0, 3.0, 1.0, -1.0, 0.0, -1.0, 2.0, 0.0, 3.0, 3.0, 1.0, -1.0, 1.0, 0.0, 0.0, 0.0, 1.0, 2.0, 1.0, -1.0, 1.0, -1.0, 1.0, 1.0, 0.0, -1.0, -1.0, 1.0, -1.0, 1.0, 0.0, 1.0, 1.0, 0.0, 0.0, 0.0, 3.0, 0.0, 0.0, 0.0, 3.0, 2.0, 0.0, 97497.0, 612.0, 99484.0
1.0, -1.0, 2.0, 1.0, 2.0, 0.0, 1.0, 0.0, 0.218198845747, 2.0, 2.0, 3.0, 1.0, 0.0, -1.0, -1.0, -1.0, 0.0, 1.0, 0.0, -1.0, 1.0, -1.0, -1.0, 2.0, 1.0, -1.0, 0.0, -1.0, 0.0, 3.0, 3.0, 0.0, 0.0, 3.0, -1.0, 2.0, 1.4034646237, -0.165848882573, -1.0, 2.0, -1.0, 1.21478197607, -1.0, 1.0, -1.0, 0.0, 1.0, 0.294390702126, -1.0, 98051.0, 529.0, 99559.0
-1.0, 1.0, -0.298139521811, -1.0, 0.762475842429, 2.0, 0.0, 0.0, 3.0, 0.0, 3.0, 0.0, 0.0, -1.0, -1.0, -1.0, 1.0, -1.0, 2.0, 3.0, 2.0, 1.0, -1.0, 3.0, -1.0, 1.02019175755, 2.0, 0.0, -0.685520828062, -1.0, 0.0, 1.0, 2.0, 2.0, 0.0, 2.26332172637, 3.0, -1.0, 2.0, 2.0, 2.0, 2.0, 2.0, 0.384663036059, 1.04229343748, 1.0, 1.0, 3.0, 0.0, -1.0, 97996.0, 564.0, 99526.0
-1.0, -1.0, 0.0, 2.0, 1.0, 1.0, -1.0, 0.0, 1.0, 0.0, 1.0, 0.0, 0.0, 3.0, 1.0, 2.82974137102, 3.0, 2.0, 2.0, 2.0, 0.0, -0.410624013845, 1.0, 1.0, 3.0, 3.0, 0.0, 3.0, 0.658379549333, 0.29343874943, 0.0, 2.0, 2.47818395401, 2.0, 1.0, 3.0, 0.0, 0.0, 3.0, 1.7058157478, 1.0, 1.0, 1.0, 0.0, 2.0, 2.0, -1.0, -0.0329249313615, 3.0, 2.37366418766, 97535.0, 689.0, 99435.0
2.0, 2.0, 1.0, 2.0, 0.0, -1.0, 1.0, 0.0, -1.0, 2.0, 2.0, -1.0, -1.0, -1.0, 0.0, -1.0, -1.0, 3.0, 2.0, -1.0, 0.0, -1.0, 0.0, 0.0, 2.0, -0.931478667119, 3.0, 0.0, 1.0, 3.0, 2.0, 1.0, 1.0, 2.0, 1.867319489, 0.0, 0.0, 2.0, 0.0, -1.0, 0.0, 0.0, -1.0, -1.0, -0.00253670306944, 3.0, 0.0, 1.0, 2.0, 2.0, 97947.0, 565.0, 99544.0
0.0, 0.0, 2.0, 3.0, 2.0, 1.0, 3.0, 2.0, 1.0, 3.0, -0.692418175947, -1.0, 1.0, 1.0, -1.0, 1.0, -1.0, 3.0, 2.0, 0.0, 1.0, -0.199544404491, -0.0484969370981, 1.0, -1.0, 0.0, 1.0, 0.600951453441, 0.0, -1.0, 3.0, 1.0, 2.0, -1.0, 3.0, -1.0, 2.0, 0.0, 1.0, 2.0, 0.0, -1.0, -1.0, 3.0, -1.0, 1.0, 0.0, 1.0, -1.0, 3.0, 97951.0, 573.0, 99520.0
3.0, 3.0, -1.0, 1.23610505196, 1.0, 2.0, 1.64760807037, -0.300481080079, 1.0, 0.0, 1.0, 2.0, 0.0, 2.0, 0.0, 0.0, 0.0551794098387, 2.0, 2.0, 1.0, 2.0, -0.071926897773, 0.0, 1.0, 0.353473091263, 2.36756604027, 1.0, -1.0, 0.0, -0.596848439671, 2.0, 1.0, 2.28672049476, 3.0, 1.0, 0.0, 0.0, 2.0, -1.0, 0.0, 0.0, -1.0, -1.0, 3.0, 3.0, 1.05276457548, 0.0, -1.0, 3.0, -0.081759283967, 97556.0, 663.0, 99453.0
1.0, 2.0, 1.0, 0.0, 1.0, -1.0, 1.0, 3.0, 2.0, 2.0, 2.0, -1.0, 0.0, 0.0, -1.0, 0.0, 0.0, -1.0, 1.0, 2.0, 2.0, -0.311237274492, 0.0, 1.0, 0.149418520657, 0.0, 1.0, 0.0, -1.0, 1.0, 1.0, 0.0, 0.0, 2.0, 3.0, -0.258424482007, 3.0, 1.0, 3.0, 2.0, 1.0, 2.0, 0.0, 2.0, 2.0, 1.0, 0.0, 2.0, -1.0, 3.0, 97572.0, 655.0, 99445.0
1.0, 1.0, 0.0, 2.0, 2.0, -1.0, 1.0, 1.0, 3.0, 2.0, 0.0, 0.535519294176, 0.0, -0.650445393479, 0.0, 2.87350245901, 2.0, 1.0, 0.0, 1.0, 2.0, 2.0, 2.0, 3.0, -1.0, 1.0, 1.0, 3.0, 1.0, -1.0, 0.0, -1.0, 0.677035326938, -1.0, -1.0, 0.976740349505, 3.0, 3.0, 1.0, 0.155276679407, 0.0, 0.0, -1.0, 3.0, 1.0, 2.0, 2.0, 1.0, 1.0, 2.0, 97822.0, 622.0, 99478.0
3.0, 2.0, -1.0, 1.0, 2.0, -1.0, 2.0, 0.0, 3.0, -0.261911002772, -1.0, 0.0, -1.0, 2.0, 2.0, 3.0, 3.0, 1.0, -1.0, 1.0, 0.0, 0.0, -0.350284862143, 1.0, 2.0, 0.979112211157, -1.0, -0.460853522897, -1.0, 1.0, 1.14772295121, 0.0, 2.14451929845, -1.0, 1.0, -1.0, 1.0, 0.0, 1.0, 1.0, -0.47365156732, 0.0, 0.0, 3.0, 0.0, -0.973727067713, 0.0, 3.0, 2.0, 0.0, 97560.0, 596.0, 99491.0
-1.0, 2.0, 3.0, 0.0, 0.0, 2.0, 1.0, 1.0, 2.0, 1.0, 0.0, 3.0, 2.57475266884, 2.09542596306, 0.0, 2.0, 0.0, 3.0, -1.0, 1.0, 1.0, 2.0, 0.0, 3.0, 2.0, 2.0, 2.0, -0.707219095935, 1.0, 2.0, 0.0, -0.0874399426532, 2.0, 3.0, 3.0, 1.0, 1.0, 1.0, 0.0, -0.606712249378, 0.0, 2.22740975601, 0.0, 1.0, 0.0, 3.0, 2.0, -0.377254803712, 1.0, 3.0, 97626.0, 692.0, 99432.0
2.0, 2.0, 1.0, 2.0, 0.0, -1.0, 1.0, 0.0, -1.0, 3.0, 2.0, 0.519513726031, -1.0, -1.0, 0.0, -1.0, -1.0, 3.0, 2.0, -1.0, -0.0653113581886, -1.0, 0.0, 0.0, 0.717086440615, 0.0, 1.74206338861, 2.09226148406, 1.0, -1.0, 2.0, 1.0, 1.0, -0.713220822425, 1.0, 0.0, 0.0, 2.06288389507, 0.0, -1.0, 0.0, -0.961218537217, 1.0, -1.0, -1.0, 3.0, 0.0, 1.0, 2.0, 2.0, 97935.0, 554.0, 99554.0
1.0, -1.0, 1.62607096975, 1.0, 2.0, 0.0, -1.0, 0.0, 1.0, 2.0, 2.0, 3.0, 1.0, 0.0, -1.0, -1.0, -1.0, 0.0, 1.0, 0.0, -0.864740506013, 1.0, -1.0, -1.0, 2.0, 1.0, -1.0, 0.0, -1.0, 0.0, 3.0, 3.0, 0.0, 0.0, 3.0, -1.0, 2.0, 1.0, -0.165848882573, -1.0, -1.0, -1.0, 1.21478197607, -1.0, 1.0, -1.0, 0.0, 2.0, 0.294390702126, -1.0, 98181.0, 494.0, 99588.0
0.0, 3.0, 1.0, 3.0, 3.0, 2.0, -1.0, 0.868579568094, 3.0, 0.0, 3.0, 3.0, 1.0, 0.491621740937, -1.0, 1.0, 2.0, 3.0, -1.0, 0.0, 3.0, 1.0, 3.0, 2.0, -1.0, -1.0, 3.0, 2.0, -1.0, -1.0, -1.0, 1.0, 0.0, 2.0, 3.0, -1.0, -1.0, 0.394409581084, 0.0, -0.141501680507, 2.17245515741, 1.75046846523, 2.0, 1.0, 0.0, 2.0, 3.0, 0.0, 0.0, -0.887586962924, 98018.0, 582.0, 99506.0
3.0, 2.0, -1.0, 1.0, 2.0, -1.0, 2.0, 0.0, 3.0, -0.939694030373, -1.0, -0.606795862528, -1.0, 2.0, 2.0, 3.0, 3.0, 1.54394646177, -1.0, 1.0, 0.0, 0.0, 0.0, 1.0, 2.0, 2.40140968352, -1.0, 1.0, -1.0, 2.0, 1.0, 0.0, 2.09276296524, -1.0, 0.598759479306, -1.0, 1.0, 0.0, 2.46354456533, 1.0, 0.0, -0.383065915428, 0.0, 3.0, 2.0, 0.0, 0.0, 3.0, 0.53256146114, 0.0, 97800.0, 578.0, 99512.0
1.0, -1.0, 2.0, 1.0, 2.0, 0.0, -1.0, 0.198067662843, 1.0, 2.0, 0.23611981631, 3.0, 1.0, -0.519930223361, -1.0, -1.0, -1.0, 0.0, 1.0, -1.0, 0.0, 1.0, -1.0, -1.0, 2.79226810395, 1.0, -1.0, 0.0, -1.0, -0.346210271143, 3.0, 3.0, -0.424669254452, 0.0, 3.0, -1.0, 2.0, 1.0, 0.0, -1.0, 2.0, 2.0, 1.0, -1.0, 1.0, -1.0, 0.0, 2.0, 0.0, -1.0, 98155.0, 507.0, 99571.0
1.0, 0.0, 2.0, -1.0, 2.0, 2.0, -1.0, 2.0, 2.51608314538, 3.0, -1.0, 0.0, 2.0, 3.0, -1.0, 3.0, 0.0, 0.156352268804, 1.83746237834, 2.0, 1.0, 0.0, 2.0, 0.0, 0.177781279628, 2.0, -1.0, 3.0, 1.0, -1.0, 1.0, 2.0, 0.0, -0.820948156606, 1.0, 2.0, 1.0, 2.41079071068, 3.0, 2.0, 3.0, 0.257310429127, 1.0, 1.0, 3.0, 0.0, 3.0, -0.536913046552, -1.0, 2.15628075568, 97905.0, 608.0, 99483.0
1.0, 0.937383781044, 1.0, 0.0, 1.0, 2.53001086807, 1.0, 3.0, 2.0, 2.0, 2.3422757477, -1.0, 0.0, 0.0, -1.0, 0.0, -0.519721111313, -1.0, 1.0, 2.0, 2.0, 0.0, 0.0, 1.0, 2.0, 0.0, 1.72458849126, 3.0, -1.0, 1.0, 1.0, 0.0, -0.436004066609, 1.79115637169, 3.0, 0.0, 2.51514537694, 1.0, 3.0, -1.0, 1.0, 2.0, 0.0, 2.0, 2.0, 1.0, 0.0, 2.0, -1.0, 3.0, 97671.0, 646.0, 99459.0
1.0, 0.0, 0.511947547113, 1.24676265908, 1.02814450358, -1.0, 1.0, 0.0, -1.0, 2.0, 1.0, 3.0, 1.0, 0.0, 2.0, -1.0, 0.702741886459, -0.478235487978, 1.0, 2.90351551138, 0.0, 0.740599288178, 2.0, 0.622859402082, -1.0, -0.0807894886671, 2.0, 3.0, 2.15080369386, -1.0, 2.0, 0.0, 1.0, 3.0, -1.0, 1.45019529621, 0.0, 1.0, 0.0, 2.0, 0.0, 2.0, 0.0, 0.0, -0.766316004031, 2.0, 0.095118649963, 1.0, 2.25682472496, 1.0, 97493.0, 647.0, 99463.0
3.0, 2.98689531138, -0.596364516597, 1.0, 2.0, -1.0, 2.0, 0.0, 3.0, 1.0, -1.0, 0.0, -1.0, 2.0, 0.0, 3.0, 3.0, 1.0, -1.0, 1.0, 0.0, 0.0, 0.0, 1.0, 2.0, -0.928842543726, -1.0, 1.0, -1.0, 1.0, 1.0, 0.0, -1.0, -1.0, 1.0, -1.0, 1.0, 0.0, 1.0, 1.0, 0.834671436276, 0.0, 0.0, 2.99637797037, 0.0, 0.0, 0.0, 3.0, 2.0, 0.0, 97614.0, 588.0, 99503.0
1.0, -1.0, 2.0, 1.0, 2.0, 0.0, 0.570208731922, 0.0, 0.218198845747, 2.0, 2.0, 3.0, 1.0, 0.0, -1.0, -1.0, -1.0, 0.0, 1.0, -0.224095258527, -1.0, 1.0, 1.67037849761, -1.0, 2.0, 1.0, -1.0, 0.706146013505, -1.0, 0.0, 3.0, 3.0, 0.0, 0.0, 3.0, -1.0, 2.0, 1.4034646237, -0.165848882573, -1.0, 2.0, -1.0, 1.21478197607, -1.0, 1.0, -1.0, 0.2937921113, 2.92797292767, 0.294390702126, -1.0, 98000.0, 546.0, 99541.0
0.0, 0.0, 2.0, 3.0, 2.0, 1.0, 3.0, 2.0, 1.0, 3.0, -0.692418175947, -1.0, -0.980897062206, 1.0, -1.0, 1.0, -1.0, 3.0, 2.0, 0.0, 1.0, -0.199544404491, -0.0484969370981, 1.0, -1.0, 0.0, 1.0, 0.600951453441, 0.0, -1.0, 3.0, 1.0, 2.93055101323, -1.0, 3.0, -1.0, 2.0, 0.625565202716, 1.0, 2.0, 0.0, -1.0, -1.0, 3.0, -1.0, -0.653611890168, 0.0, 1.0, -1.0, 3.0, 98083.0, 545.0, 99544.0
2.0, 0.0, 1.0, 2.38238836031, 2.0, 3.0, 0.0, 1.0, 2.0, 1.0, 0.0, 1.0, 2.0, -1.0, -1.0, -1.0, 0.0, 3.0, 0.0, 2.0, 2.0, 3.0, 0.0, 2.0, -0.294835044486, 1.0, 2.0, -1.0, 1.0, -1.0, 0.0, 2.0, 1.0, 0.0, 2.16231215828, 0.0, 0.0, 0.0, -1.0, 0.0, 3.0, 2.0, 2.0, 1.0, 1.53246260416, 1.0, 2.0, 1.0, 1.0, -1.0, 97675.0, 654.0, 99457.0
-1.0, 2.0, 3.0, 0.0, 0.0, 2.0, -0.685745532973, 1.0, 2.0, 1.0, 0.666726691831, 3.0, 3.0, 1.0, 0.0, 2.0, 0.0, 3.0, -1.0, 1.0, 1.0, 1.54667549117, 0.0, 3.0, 1.72197872427, 1.94783245503, 2.0, 0.0, 1.0, 2.0, 0.0, 3.0, 2.0, 3.0, 3.0, 1.0, 1.0, 1.0, 0.0, 2.0, 0.0, 1.0, 0.0, 1.0, 0.0, 3.0, 2.0, -1.0, 1.0, 3.0, 97701.0, 687.0, 99433.0
2.0, -1.0, 0.0, 3.0, 0.0, 2.65127988373, 2.0, 3.0, 3.0, 3.0, 2.0, 3.0, 1.0, 0.0, 1.0, 1.0, -0.934537527156, 0.0, 0.0, 1.0, 3.0, 1.0, 0.0, 0.870225639194, -0.172718185297, 3.0, 1.0, 3.0, 1.0, 1.0, 1.0, 2.0, 0.112943905262, 2.88995419181, 1.0, -1.0, 2.0, 0.0, 3.0, 0.0, -1.0, 2.02965654171, 0.0, 2.0, 0.0, 3.0, 2.0, 0.0, 2.0, 1.24450746821, 97553.0, 700.0, 99430.0
2.0, 2.0, 1.24127645271, 2.0, 0.0, -1.0, -1.0, -0.159079567938, 2.0, 3.0, 2.0, 0.519513726031, -1.0, -1.0, 0.0, -1.0, -0.132597373323, 3.0, 2.0, -1.0, 0.0, -1.0, -0.373746387388, -0.760820739436, -0.197508663704, 2.46723753951, 1.74206338861, 2.09226148406, 1.0, -1.0, 2.0, 1.0, 1.0, -0.713220822425, 1.0, 0.0, 0.0, 1.97810463461, 0.0, -1.0, 1.25579255169, 0.0, 0.345223802791, -1.0, -1.0, 3.0, 0.0, 2.0, 1.70424266572, 1.69205775228, 97992.0, 554.0, 99547.0
-1.0, -1.0, 0.0, 2.0, 1.0, 1.78584798235, -1.0, 0.0, 1.0, 0.982356737038, 1.0, 0.0, 0.0, 3.0, 1.0, 3.0, 3.0, 2.0, 2.0, 2.57851507224, 0.0, -0.410624013845, 1.0, 1.0, 3.0, 3.0, -0.732936260964, 3.0, 0.0, 1.0, 0.0, 2.0, 2.47818395401, 2.0, 0.497391519651, 3.0, 0.0, 1.44380784131, 3.0, 1.7058157478, 1.0, 1.0, 0.763071223592, 0.0, 2.0, 2.0, -1.0, -0.0329249313615, 3.0, 2.37366418766, 97626.0, 673.0, 99443.0
-0.225751747184, 2.0, 1.0, 0.0, 1.0, -1.0, 1.0, 1.0746938585, 2.0, 2.0, 2.0, -1.0, 0.0, -0.409727928986, -1.0, 0.0, 0.0, -1.0, 2.15953863027, 2.0, 2.0, 0.0, 0.0, 1.0, 2.0, 0.0, 1.0, 3.0, -1.0, -1.0, 1.0, 0.749059228529, 0.19089235715, 2.84490791963, 3.0, 0.0, 3.0, 1.0, 3.0, 2.0, 1.0, 2.12668133624, 0.0, 2.0, 2.27209711769, 1.0, 2.15256597092, 2.0, -1.0, 3.0, 97680.0, 638.0, 99459.0
1.0, 1.0, 1.0, 2.90174179153, 3.0, -1.0, 3.0, 2.69982649581, 0.0, 2.0, 0.0, 1.0, 2.0, 2.0, 0.0, 1.0, 2.0, 1.0, 1.0, 1.0, 2.0, 0.0, 0.0, 0.0, 1.0, 1.0, 1.0, 1.0, 1.0, 0.25770952004, 3.0, 3.0, 2.0, 0.0, 3.0, -1.0, 0.0, 3.0, 2.0, 0.0, 2.0, -1.0, 0.0, 2.0, 2.0, 2.0, 1.0, 0.0, -1.0, -0.0797284202098, 97557.0, 693.0, 99423.0
0.537847086247, 2.17393507083, 2.0, 2.0, -0.277020656304, 3.0, 2.0, 1.0, 3.0, 3.0, 2.0, 0.0, 0.550193444508, 3.0, 0.0, 2.94535299022, 0.542148576722, 1.0, 1.0, -1.0, 3.0, 1.0, 2.0, 2.0, 0.0345118752166, -0.539758383977, 2.69554916256, 1.0, 2.0, 0.0, 0.0, 3.0, 0.0, 0.0, 0.253092740907, 3.0, 1.25003777553, 0.0, 1.0, 3.0, 0.112669599829, 0.0, 3.0, 1.0, 2.0, 2.0, 2.0, -1.0, 2.0, 1.0, 97611.0, 715.0, 99416.0
3.0, 2.0, -1.0, 1.0, 2.52594198554, -1.0, 2.0, 0.0, 3.0, 1.0, -1.0, 0.0, -1.0, 2.0, 2.0, 3.0, 3.0, 1.0, -1.0, 1.0, -0.459447054482, 0.702390049597, 0.0, 1.0, 2.0, 1.0, -1.0, 1.0, -0.661938964796, 1.0, 1.0, 0.0, -1.0, -1.0, 1.0, -1.0, 1.0, 0.0, 1.0, -0.832867911676, 0.0, 0.0, 0.0, 3.0, 0.0, 0.0, 0.0, 3.0, 2.0, 0.0, 97656.0, 585.0, 99505.0
0.0, 3.0, 1.0, 3.0, 3.0, 2.0, -1.0, 3.0, 3.0, 0.0, 3.0, 1.13237287858, 1.0, -0.783647382324, -1.0, 1.0, 2.0, 3.0, -1.0, -0.895098634623, 3.0, 1.0, 3.0, 2.0, -1.0, -1.0, 3.0, 2.0, -1.0, -1.0, -1.0, 1.0, 0.0, 2.0, 3.0, -1.0, -1.0, 0.394409581084, 2.15563906286, -0.476082164649, 2.17245515741, 1.75046846523, 2.0, 1.0, 0.0, 2.0, 3.0, 0.0, 0.0, -0.887586962924, 98196.0, 552.0, 99532.0
1.0, 0.0, 1.28023879809, -0.432836679408, 2.0, 2.0, -1.0, 2.0, 1.0, 3.0, -1.0, 0.0, 2.0, 3.0, 0.302504693563, 3.0, 0.0, 1.0, 0.0, 2.0, -1.0, 0.0, 2.0, 0.0, 1.0, 2.0, -1.0, 3.0, 1.0, 1.19748710703, 1.0, 2.84586264369, 3.0, 0.0, 1.0, 2.0, 1.0, 2.98208891607, 3.0, -1.0, 3.0, 3.0, 1.0, 1.0, 3.0, 0.0, 1.26549895013, 0.0, -1.0, 2.0, 97813.0, 653.0, 99457.0
1.0, 1.84518081412, 0.184830558433, 1.0, 2.0, 0.0, -1.0, 0.198067662843, 1.0, 1.06767811584, 2.0, 1.61399650968, 1.0, -0.519930223361, -1.0, -0.0568633426893, -1.0, 0.0, 1.0, 0.237796864698, 0.0, 1.0, -1.0, -1.0, 2.79226810395, 1.0, -1.0, 0.0, -1.0, -0.346210271143, 3.0, 3.0, 0.0, 0.0, 3.0, -1.0, 2.0, 1.0, 0.0, -1.0, 2.0, 2.50413546535, 1.0, -1.0, 1.0, -1.0, 0.0, 2.0, 0.431559736997, 0.90558862736, 97941.0, 567.0, 99525.0
0.0, 2.0, 0.0, 2.0, 2.0, 1.0, 3.0, 1.0, -0.671767848276, 0.0, 3.0, 0.834141605671, 0.0, 2.0, 2.0, -1.0, 1.0, -0.99689255855, 0.0, 3.0, 0.0, 3.0, 2.0, 3.0, 3.0, 0.0, 3.0, 0.0, 1.0, 1.0, 3.0, 1.0, 2.0, 2.0, 2.58943651558, -1.0, 2.0, -1.0, 1.0, -0.296868355394, 2.0, 2.0, 0.0, 0.0, 0.895340670582, 2.0, 1.52266818534, 3.0, -0.0283919546719, 1.0, 97653.0, 686.0, 99440.0
1.0, 0.0, 2.05011372031, 1.24676265908, 1.02814450358, -1.0, 1.0, 0.0, -1.0, 2.0, 1.0, 3.0, 1.0, 0.0, 2.0, -1.0, 0.850765300455, -0.478235487978, 1.0, 2.92794752019, 0.0, 0.740599288178, 2.0, 0.622859402082, 2.0, -1.0, 2.0, -0.265172279216, 3.0, -1.0, 2.0, 0.0, 1.0, 3.0, -1.0, 1.45019529621, 0.0, 1.27103601581, 0.0, 2.0, 0.0, 2.0, 0.0, 0.0, 2.0, 2.0, 3.0, 1.0, 2.25682472496, 1.0, 97561.0, 661.0, 99456.0
3.0, 2.0, 0.129238072308, 1.14201392577, 2.0, -1.0, 2.0, 0.0, 3.0, 1.0, -1.0, 0.0, 0.51241251272, 2.0, 0.0, 3.0, 3.0, 1.0, -1.0, 1.0, 0.0, 0.0, 0.0, 1.0, -0.439803278973, 1.0, -1.0, 1.0, -1.0, 1.0, 1.0, 0.0, -1.0, -1.0, 1.0, 0.650396228765, 0.772078750355, -0.886452259419, 1.0, 1.0, 0.0, 0.0, 0.0, 3.0, 0.0, 0.0, 0.0, 3.0, 2.0, 0.0, 97495.0, 624.0, 99475.0
1.99639231107, 1.0, 1.28023879809, -0.369109793501, 2.0, 0.0, -1.0, 2.0, 1.0, 3.0, -1.0, 0.0, 2.17483774228, 3.0, -1.0, 3.0, 0.0, 1.0, 0.0, 2.0, 0.0945746717948, 0.0, 2.0, 0.0, 1.0, 2.0, -1.0, 3.0, -0.949484151478, 1.04703031565, 1.0, 2.41955647215, 3.0, -0.787968233097, 1.0, 1.58558254817, 1.0, 2.98208891607, 3.0, -1.0, 1.0, 1.0, 1.0, 2.45594164066, 3.0, 0.0, 3.0, -0.211155818979, -1.0, 2.0, 97850.0, 618.0, 99472.0
2.0, 0.0, 2.24186590792, 2.0, 0.794798965408, -1.0, 2.04640517827, 1.0, 3.0, 3.0, 0.0, -0.960789339135, 0.0, 0.0, 1.76384326216, 2.0, 2.0, 1.0, 0.690325255055, 1.0, 2.0, 2.0, 2.0, 0.625373430042, -1.0, 1.0, 1.0, 3.0, -0.680224675784, -1.0, -0.237557766598, -1.0, -1.0, -1.0, -1.0, 3.0, 3.0, 3.0, 2.42946763731, 0.0, 1.25642012671, 0.0, -1.0, 3.0, 1.0, 2.0, 2.0, -0.563297795896, 1.0, 2.05186612515, 97971.0, 581.0, 99507.0
2.0, 0.0, 1.0, 2.38238836031, 2.0, 3.0, 0.0, 1.0, 2.0, 1.0, 0.0, 0.941397059472, 2.07661892555, -1.0, -0.947331173702, -1.0, 0.0, 3.0, 0.0, -0.144370746546, 2.0, 3.0, -1.0, 2.0, -0.639927208638, 1.0, 2.0, -1.0, 1.0, -1.0, 0.0, 2.0, 1.0, 0.0, 3.0, 0.0, 0.0, 0.0, -1.0, 0.0, 0.0, 2.0, 2.0, 1.0, 1.53246260416, 1.0, 2.0, 1.0, 1.0, -1.0, 97770.0, 620.0, 99480.0
2.0, 2.0, 1.0, 2.1068299718, 1.0, 0.0, 1.0, 1.0, 2.0, 0.0, 2.24454245339, -1.0, -1.0, 0.0, 2.0, -0.300959009651, 1.03257547137, 0.0, 2.0, 3.0, 0.0, -1.0, 3.0, 0.0, 2.0, 0.735525253995, 2.0, 1.0, 1.0, 0.0, 2.0, 1.0, 1.0, 0.0, -1.0, 0.0, 1.0, 0.0, 0.318136919883, 1.0, 3.0, 3.0, -0.0872465312956, -1.0, 1.0, 3.0, 0.0, -0.0523994048324, 1.0, 1.0, 97537.0, 684.0, 99451.0
1.0, 2.0, 1.0, 0.0, 1.0, -1.0, 0.48916529073, 3.0, 2.0, 2.0, 1.56927129783, -1.0, 0.0, 0.0, -1.0, -0.583646922638, -0.642147044687, -1.0, 1.0, 2.0, 2.38704381518, -0.311237274492, 0.0, 1.0, 0.149418520657, 0.0, 1.0, 0.0, -1.0, 1.0, 1.0, 0.0, 0.0, 2.0, 3.0, -0.258424482007, 3.0, 1.0, 3.0, 2.0, 2.68807387489, 2.0, 0.0, 2.0, 2.0, 1.0, 0.0, 2.0, -1.0, 3.0, 97675.0, 630.0, 99462.0
3.0, 2.0, -1.0, 2.0, 2.0, -1.0, 2.0, 0.0, 3.0, -0.261911002772, 0.0, 0.0, -1.0, 2.0, 2.0, 3.0, 3.0, 1.0, -1.0, 1.0, -0.1587855555, 0.0, -0.350284862143, 1.0, 2.24552884438, 0.979112211157, -1.0, -0.460853522897, -1.0, 1.0, 1.14772295121, -0.775435813973, 2.14451929845, -1.0, 1.0, -1.0, 1.0, 0.0, 1.94291106011, 1.0, -0.47365156732, 1.40534877967, 0.0, 3.0, 0.0, -0.973727067713, 0.0, 3.0, 2.0, 0.0, 97633.0, 603.0, 99487.0
0.220816756581, 0.989772194106, 3.0, 1.94647097241, 0.0, 2.0, 2.6707046686, 1.0, 2.0, 1.0, 0.0, 3.0, 2.57475266884, 2.09542596306, 0.0, 2.0, 0.0, 3.0, -1.0, 1.0, 1.0, 2.0, -0.483227470242, 3.0, 2.0, 2.0, 2.0, -0.707219095935, 1.0, 2.0, 0.0, -0.0874399426532, 2.0, 3.0, 3.0, 1.0, 1.0, 1.0, 0.0, -0.606712249378, 0.0, 2.22740975601, 0.0, 1.0, 0.0, 3.0, 2.0, -0.377254803712, 1.0, 3.0, 97539.0, 710.0, 99417.0
1.0, -1.0, 1.62607096975, 1.0, 0.358479820062, 0.0, -1.0, 0.0, 1.0, 2.0, 2.0, 3.0, 1.0, 0.0, -1.0, -1.0, -1.0, 0.0, 1.0, 0.0, -0.864740506013, 1.0, -0.469237704342, -1.0, 2.0, 1.0, -1.0, 0.0, -1.0, 0.0, 3.0, 3.0, 0.0, 0.0, 3.0, 0.405989103748, 0.832659847346, 1.0, 1.59950938188, -1.0, -1.0, -1.0, 1.21478197607, -1.0, -0.165108390001, -1.0, 0.0, 2.0, 0.294390702126, -1.0, 97966.0, 524.0, 99562.0
1.0, 0.0, 2.0, -1.0, 2.0, 2.0, -1.0, 2.0, 2.51608314538, 3.0, 1.36401411135, 0.73068621151, 2.0, 1.35946690727, -1.0, 3.0, 0.0, -0.986289398098, 1.83746237834, 2.0, 0.0, 0.0, 0.7980944377, 0.0, 0.177781279628, 2.0, -1.0, 3.0, 1.0, -1.0, 1.0, 2.0, 0.0, -0.820948156606, 1.0, 2.0, 1.0, 2.41079071068, 2.29751917363, 2.0, 3.0, 0.257310429127, 1.0, 1.0, 2.30888964452, 0.0, 3.0, -0.536913046552, -1.0, 2.15628075568, 97829.0, 611.0, 99478.0
1.0, 0.937383781044, 1.0, 0.0, 1.0, 2.53001086807, 1.0, 3.0, 2.0, 2.0, 2.3422757477, -1.0, 0.0, 0.0, 2.0, 0.0, -0.519721111313, -1.0, 1.0, 2.0, 2.0, 0.0, 0.0, 1.0, 2.0, 0.0, 1.72458849126, 3.0, -1.0, 1.0, -0.141736103731, -0.307260930602, -0.436004066609, 1.79115637169, -1.0, 0.0, 2.51514537694, 1.30401603487, 3.0, -1.0, 1.0, 2.0, 0.0, 2.0, 2.0, 2.0, 0.0, 2.0, -1.0, 3.0, 97664.0, 642.0, 99465.0
1.0, 0.0, 0.050966472301, 1.24676265908, 1.02814450358, -1.0, 1.0, 0.0, -1.0, 2.0, 1.0, 3.0, 1.0, 0.0, -1.0, -1.0, 0.702741886459, -0.478235487978, 2.41591564344, 2.97220672704, 0.0, 0.740599288178, 2.0, 0.00306278667778, -1.0, -0.62718069042, 1.76470954438, 3.0, 2.15080369386, -1.0, 2.0, 0.0, 1.0, 3.0, 3.0, 1.45019529621, 0.0, 1.0, -0.423125600317, 2.0, 0.0, 2.0, 0.0, -0.46458514192, -0.766316004031, 1.0, 0.095118649963, 1.0, 2.63440784209, 1.0, 97552.0, 637.0, 99469.0
3.0, 2.98689531138, -0.596364516597, 1.0, 2.0, -1.0, 2.0, 0.0, 3.0, 1.0, -1.0, 0.0, -1.0, 2.62716930135, 0.0, 3.0, 3.0, 1.0, -1.0, 1.0, 0.0, 0.0, 1.96256803152, 1.0, 2.0, -0.928842543726, -1.0, 1.0, -1.0, 1.0, 1.0, 0.0, -1.0, -1.0, 1.0, -1.0, 1.0, -0.946832818772, 1.0, 1.0, 0.834671436276, 0.0, 0.0, 2.99637797037, 0.0, 0.0, 0.0, 3.0, 2.0, 0.0, 97771.0, 575.0, 99513.0
1.0, -1.0, 2.0, 1.0, 2.0, 0.0, 0.570208731922, 0.0, 0.069458516021, 2.0, 2.0, 3.0, 1.0, 0.0, -1.0, -1.0, -1.0, 0.0, 1.0, -0.224095258527, -1.0, 0.586893153231, 1.67037849761, -1.0, 2.0, 1.0, -1.0, 0.706146013505, -1.0, 0.0, 3.0, 3.0, 0.0, 0.0, 3.0, -1.0, 2.0, 1.4034646237, -0.165848882573, -1.0, 2.0, -1.0, 1.21478197607, -1.0, 1.0, -1.0, 0.2937921113, 2.92797292767, 0.294390702126, -1.0, 98000.0, 546.0, 99541.0
-0.225751747184, 2.0, 1.0, 0.0, 1.0, -1.0, 1.0, 1.0746938585, 2.0, 2.0, 2.0, -0.969667937121, 0.0, -0.409727928986, -1.0, 0.0, 0.0, -1.0, 2.15953863027, 2.0, 2.0, -0.578230041112, 0.0, 1.34624928745, 2.0, 0.0, 1.0, 3.0, -1.0, -1.0, 1.0, 0.749059228529, 0.19089235715, 2.84490791963, 3.0, 0.0772338286022, 3.0, 1.0, 3.0, 2.24731637963, 2.51148143451, 2.12668133624, 0.640171751946, 2.0, 2.27209711769, 1.0, 2.15256597092, 2.0, -1.0, 3.0, 97804.0, 625.0, 99473.0
1.99639231107, 1.0, 1.28023879809, -0.369109793501, 2.0, -0.984262244118, -1.0, 2.0, 1.0, 3.0, 1.10691374302, 0.108705149334, 2.0, 3.0, -1.0, 3.0, 0.0, 1.0, 0.0, 3.0, 0.0945746717948, 0.0, 2.0, 0.0, 1.0, 2.01758579946, -1.0, 3.0, 1.0, 1.04703031565, 1.0, 1.97861566545, 3.0, -0.350075287651, 1.62426906714, 1.58558254817, 1.0, 2.99921787887, 3.0, -1.0, 3.0, 3.0, 1.0, 2.45594164066, 3.0, 2.33309547248, 3.0, 0.0, -1.0, 2.0, 97876.0, 654.0, 99442.0
2.0, -0.253565267837, 0.0, 3.0, 0.0, 2.0, 2.0, 3.0, 3.0, 3.0, 2.0, 3.0, 1.0, 0.0, 1.0, 1.0, 0.0, 0.0, 0.0, 1.0, 3.0, 1.0, 0.0, 1.0, -0.172718185297, 3.0, 1.0, 3.0, 1.0, 1.0, 1.0, 2.0, 0.112943905262, 3.0, 1.0, -1.0, 2.0, 0.0, 3.0, 0.0, -1.0, 2.02965654171, 0.0, 1.22257775349, 0.0, 3.0, 2.0, 0.0, 2.0, 1.24450746821, 97451.0, 726.0, 99412.0
0.0, 1.0, 0.0, 2.0, 2.0, 1.0, 3.0, 1.0, 1.74953256538, 0.0, 3.0, 0.834141605671, -0.358202021731, 2.0, 2.0, 3.0, 1.0, -0.270531566491, 0.0, 3.0, -0.19422361561, 3.0, 2.0, 3.0, 3.0, 0.0, 3.0, 0.0, 1.0, 1.0, 3.0, 1.0, 2.37019982114, 2.0, 1.0332310254, -1.0, 2.0, -0.574614178516, 1.0, 1.13228949233, 2.0, 2.36809448252, 0.0, 0.0, 0.895340670582, 2.0, 1.52266818534, 2.45865512736, -0.0283919546719, 1.0, 97484.0, 730.0, 99403.0
2.0, 0.0, 2.0, 1.68225702611, 2.60422538215, -1.0, 2.04640517827, 1.0, 3.0, 2.0, 0.0, 0.0, 0.0, 0.0, 1.76384326216, 2.0, 2.0, 1.0, 0.0, 1.0, 2.0, 2.0, 2.0, -0.827219433086, -1.0, 1.0, 2.24196392511, 3.0, -0.801779498065, -1.0, 0.0, -1.0, -1.0, -1.0, -1.0, 3.0, 3.0, 3.0, 2.42946763731, 0.0, 1.25642012671, 0.0, -1.0, 3.0, 1.0, 1.85675878831, 2.0, 1.71199799712, 1.0, 2.0, 97960.0, 592.0, 99502.0
2.0, 2.0, 0.0, 2.0, 0.933463666925, -0.209585236652, 1.0, 2.19676668632, 3.0, 0.0, 0.0, 1.0, 0.0, 1.0, 0.0, 1.0, 0.41119750999, 1.0, 1.0, 0.0, 2.0, 0.0, 1.0, 0.0, 3.0, 2.0, 2.0, -0.0411416742972, 2.0, -1.0, -1.0, 2.0, 2.0, 1.0, 2.0, 1.0, 0.0, -1.0, -1.0, 3.0, 3.0, -1.0, 2.0, 1.0, 3.0, 2.0, 0.0, 0.0, 0.0, 2.0, 97585.0, 685.0, 99443.0
0.0, 3.0, 1.0, 3.0, 0.847244329594, 2.0, -1.0, 3.0, 3.0, 0.0, 2.08550906271, 3.0, 1.0, 1.95074456958, -1.0, 1.0, 2.15714207622, 3.0, -1.0, 0.0, 3.0, 1.0, 3.0, 2.0, -1.0, -1.0, 3.0, 2.95359360374, -1.0, -1.0, -1.0, 1.0, 3.0, 2.66263343036, 3.0, -1.0, -0.518771579852, 2.50908039461, 0.0, -0.523155948812, 2.0, 0.49366306377, 2.0, 1.0, 0.0, -1.0, 3.0, 0.256016495025, 0.934462894695, -0.478131029973, 98138.0, 567.0, 99519.0
-1.0, -1.0, 3.0, 2.0, 1.0, 0.394115121961, -1.0, 0.0, 1.0, 0.0, 1.0, 0.0, 0.0, 1.0, 1.0, 3.0, 3.0, 2.88780165134, 2.0, 2.0, 1.40440081369, 0.0, 1.0, 1.0, 3.0, 3.0, 0.0, 3.0, 1.54123687038, 1.0, 0.0, 2.0, 2.0, 2.0, 0.717741674146, 3.0, 0.0, 0.0, 3.0, 3.0, 1.0, 1.0, 1.0, 0.0, 2.0, 2.0, -1.0, -1.0, 1.57677512829, 2.0, 97603.0, 675.0, 99443.0
3.0, 3.0, -1.0, 2.73381453846, 0.637765729316, 2.0, 3.0, -0.036815280988, 1.0, -0.284563767384, 1.0, 1.0283194999, 0.0, 2.0, 0.0, 0.0, 0.0, 2.0, 2.0, 1.0, 2.0, 0.0, 0.0, 1.0, 1.0, 0.0, 1.0, -1.0, 0.0, -0.969604968536, 2.0, 1.0, 1.0, 3.0, 0.632091728557, 0.0, -1.0, 0.0535914091016, -1.0, 0.0, 0.0, -1.0, -1.0, 1.86893452994, 3.0, 1.0, 0.0, 0.0, 3.0, 1.0, 97506.0, 666.0, 99459.0
0.0, 1.0, 0.858664609097, 2.0, 2.0, 1.0, 3.0, 1.0, 0.0, 0.0, 3.0, 1.0, 0.0, 2.0, 2.0, -1.0, 1.0, 0.0, 0.0, 3.0, 0.0, 3.0, 2.0, 3.0, 2.0, 0.0, 3.0, 0.0, 1.28261203173, 1.0, 3.0, 1.0, 2.0, 2.0, 2.0, -1.0, 2.0, -1.0, 1.0, 3.0, 2.0, 2.0, 0.0, 0.0, 1.0, 2.0, -1.0, 3.0, -0.877570620843, 1.0, 97677.0, 681.0, 99438.0
3.0, 1.17151592361, 1.0, 2.0, 0.0, 1.0, 1.0, 1.0, 0.0, 3.0, 2.0, 3.0, 1.0, 1.0, 0.0, 2.0, 2.0, 0.0, 1.0, 0.0, 0.0, 1.0, 0.0, 1.0, 2.0, -0.432778910558, 2.0, 3.0, 0.0, 1.0, 1.44080960988, 2.0, 0.0, 3.0, 2.0, 2.0, 0.0, -1.0, 1.0, 3.0, 3.0, 0.0, -1.0, 3.0, 3.0, 2.11590910897, 2.0, 0.0, 2.0, 2.0, 97572.0, 726.0, 99410.0
3.0, 1.17151592361, 1.79309719429, 2.0, 0.0, 1.0, 1.0, 1.0, 0.0, 3.0, 1.4191898364, 3.0, 1.0, 1.0, -0.68997219767, 2.0, 2.0, 1.0, 1.0, 0.0, 0.0, 1.0, 0.0, 1.0, 2.0, 1.0, 2.0, 3.0, 0.0, 1.0, 1.44080960988, 2.0, 0.0, 3.0, 2.0, -1.0, 0.0, -1.0, 1.0, 3.0, 0.835704782945, 0.0, -1.0, 3.0, 3.0, -1.0, 2.0, 0.0, 2.0, 2.0, 97657.0, 684.0, 99438.0
1.0, 1.0, 0.154649266386, 0.0, 0.0, 1.0, 3.0, 3.0, 1.0, 1.0, 3.0, 0.0, 1.0, 0.0, -1.0, -0.858170072492, 3.0, 0.0, 1.0, 2.12279820765, 0.0, 2.0, 3.0, 2.69596194108, -1.0, 0.0, 3.0, 0.0, 1.0, 3.0, 0.707224670221, -0.12574468373, 2.0, 0.0, 1.019501642, 3.0, 0.0, -1.0, 1.0, 0.0, 1.0, -1.0, -1.0, 0.0, 1.0, 2.0, -1.0, 0.0, 0.0, 1.0, 97586.0, 654.0, 99458.0
2.0, 2.0, 1.0, 1.48472394874, 1.0, 0.0, 0.48916529073, 1.0, 2.0, 0.0, 2.0, -1.0, -1.0, 0.0, 2.0, 0.0, 2.0, 0.0, 2.0, 3.0, 0.0, -1.0, 3.0, 0.0, 2.0, 1.0, 2.0, 1.0, 1.0, 0.0, 2.0, 1.0, 1.0, 0.0, -1.0, 0.0, 1.0, 0.0, 1.0, 1.0, 3.0, 3.0, -0.0872465312956, -1.0, 1.0, 3.0, 0.0, 1.0, 1.0, 1.0, 97545.0, 684.0, 99451.0
-1.0, 1.0, -0.298139521811, -1.0, 0.762475842429, 2.0, 0.0, 0.0, 3.0, 0.0, 3.0, 0.0, 0.0, -1.0, -1.0, -1.0, 1.0, -1.0, 2.0, 2.0, 2.0, 1.0, -1.0, 3.0, -1.0, 1.02019175755, 2.93394232515, 0.0, -0.685520828062, -1.0, 0.0, 1.0, 2.55546564434, 2.0, 0.0, 1.48783471634, 3.0, -0.538663036292, 2.0, 2.0, 2.0, 2.0, 2.0, 0.384663036059, 1.04229343748, 1.0, 1.0, 3.0, 0.0, -1.0, 98000.0, 564.0, 99526.0
1.0, -1.0, 2.0, 1.0, 2.0, 0.0, 0.0, 0.0, 0.218198845747, 2.0, 2.0, 3.0, 1.0, 0.0, -1.0, -1.0, -1.0, 0.0, 1.0, 0.0, -1.0, 1.0, -1.0, -1.0, 2.14437029691, 1.0, -1.0, 0.0, -1.0, 0.0, 3.0, 3.0, 0.0, 0.0, 0.587919665433, -1.0, 2.0, 1.4034646237, -0.234100470504, -1.0, 2.4467486129, -1.0, -0.512613304015, -1.0, 1.0, -0.789857335511, -0.615011626684, 1.0, 0.294390702126, -1.0, 98186.0, 496.0, 99588.0
1.0, -1.0, 2.0, 1.0, 2.0, 0.0, -1.0, 0.198067662843, 1.0, 2.0, 0.23611981631, 3.0, 1.0, -0.519930223361, -1.0, -1.0, -1.0, 0.0, 1.0, -1.0, 1.0, 1.0, -1.0, -1.0, 2.79226810395, 1.0, -1.0, 0.0, -1.0, -0.346210271143, 3.0, 3.0, -0.581222838971, 0.0, 3.0, 0.966386420047, 2.0, 1.0, 0.0, -1.0, 2.0, 2.0, 1.0, -1.0, 1.0, -1.0, 0.0, 2.07838829941, -0.222738803327, -1.0, 98204.0, 510.0, 99576.0
3.0, 3.0, 1.0, 0.71016979588, 0.0, 1.0, 1.0, 1.0, 0.0, 2.71944493154, 1.96890142707, 3.0, 1.0, 1.0, -0.0174851484529, 2.0, 2.0, 0.0, 1.0, 1.0, 2.0, 1.0, 0.0, 1.0, 2.0, 1.0, 2.0, 3.0, 0.0, 1.0, 0.0, 2.0, -0.205729193879, 3.0, 2.0, 2.0, 0.0, 1.26183903916, 1.0, 3.0, 3.0, 0.0, 0.457081505891, 3.0, -1.0, -1.0, 1.98089669035, 0.0, 2.0, 2.0, 97538.0, 729.0, 99412.0
3.0, 3.0, 1.0, 0.71016979588, 0.0, 1.0, 1.0, 1.0, 0.0, 2.71944493154, 1.96890142707, 3.0, 1.0, 1.0, -0.0174851484529, 2.0, 2.0, 0.0, 1.0, 1.0, 2.0, 1.0, 0.0, 1.0, 2.0, 1.0, 2.0, 3.0, 0.0, 1.0, 0.0, 2.0, -0.205729193879, 3.0, 2.0, 2.0, 0.0, 1.26183903916, 1.0, 3.0, 3.0, 0.0, 0.457081505891, 3.0, -1.0, -1.0, 1.98089669035, 0.0, 2.0, 2.0, 97538.0, 729.0, 99412.0
1.0, 0.0, 1.28023879809, -0.369109793501, 2.0, 2.0, -1.0, 2.983200409, 1.0, 3.0, -1.0, 1.74620208356, 2.0, 3.0, -1.0, 3.0, 0.0, 1.0, 0.0, 2.7455187948, 1.0, 0.0, 2.0, 0.0, 2.0, 2.0, -1.0, 3.0, 1.0, 1.19748710703, 2.20021387188, 2.84586264369, 3.0, 0.0, 1.0, 2.0, 1.0, 2.98208891607, 3.0, -1.0, 3.0, 3.0, 1.0, 1.0, 3.0, 0.0, 3.0, 0.0, -1.0, 2.0, 97940.0, 654.0, 99452.0
2.0, -1.0, 0.0, 3.0, 0.0, 2.0, 2.0, 3.0, 3.0, 3.0, 2.0, 3.0, 1.0, 0.0, 1.0, 1.0, 0.0, 0.0, 0.0, 1.0, 3.0, 1.0, 0.0, 1.0, -0.172718185297, 3.0, 1.0, 3.0, 1.0, 1.0, 1.0, 2.0, 0.112943905262, 2.88995419181, 1.0, -1.0, 2.0, 0.0, 3.0, 0.0, -1.0, 2.02965654171, 0.0, 2.0, 0.0, 3.0, 2.0, 0.0, 2.0, 1.24450746821, 97511.0, 711.0, 99423.0
1.0, 0.0, 2.0, -1.0, 2.0, 2.0, -1.0, -0.485040440957, 1.0, 3.0, -1.0, 0.0, 2.0, 3.0, -1.0, 3.0, 0.0, 1.0, 0.0, 2.0, 1.0, 0.0, 2.0, 0.0, 1.0, 2.0, -1.0, 2.17752541679, 1.0, -1.0, 1.0, 2.0, 0.0, 0.0, 1.0, 2.0, 1.0, 2.0, 3.0, -1.0, 3.0, 3.0, 1.0, 1.0, 3.0, 0.0, 3.0, 0.0, -1.0, 2.0, 97826.0, 623.0, 99478.0
1.0, 0.0, 2.0, -1.0, 2.0, 2.0, -1.0, 2.0, 2.51608314538, 3.0, -1.0, 0.0, 2.0, 3.0, -1.0, 3.0, 0.0, 1.0, 1.83746237834, 2.0, 1.0, 0.0, 2.0, 0.0, 1.0, 2.0, -1.0, 3.0, 1.0, -1.0, 1.0, 2.0, 3.0, 0.0, 1.0, 2.0, 1.0, 2.41079071068, 3.0, 2.0, 3.0, 0.257310429127, 1.0, 1.0, 3.0, 0.0, 3.0, -0.536913046552, -1.0, 2.15628075568, 97931.0, 626.0, 99472.0
0.0, 3.0, 1.0, 3.0, 3.0, 2.0, -1.0, 3.0, 3.0, 0.0, 3.0, 3.0, 1.0, 1.0, -1.0, 1.0, 2.0, 3.0, -1.0, 0.0, 3.0, 1.0, 3.0, 2.0, -1.0, -1.0, 3.0, 2.95359360374, -1.0, -1.0, -1.0, 1.0, 0.0, 2.66263343036, 3.0, -1.0, -1.0, 2.0, 0.0, -0.523155948812, 2.0, -0.102959743402, 2.0, 1.0, 0.0, 2.0, 3.0, 0.0, -0.227617848776, 0.0, 98068.0, 583.0, 99506.0
2.0, -1.0, 0.0, 3.0, 0.0, 2.0, 2.0, 3.0, 3.0, 3.0, 2.0, 3.0, 1.0, 0.0, 1.0, 1.0, 0.0, 0.0, 0.0, 1.0, 3.0, 1.0, 0.0, 1.0, 0.0, 3.0, 1.0, 3.0, 1.0, 1.0, 1.0, 2.0, 0.0, 2.0714902157, 1.0, -1.0, 2.0, 0.0, 3.0, 2.0, -1.0, 2.0, 0.0, 2.0, 0.0, 3.0, 2.0, 0.0, 2.0, 1.0, 97537.0, 711.0, 99423.0
1.0, -1.0, 2.0, 1.0, 2.0, 0.0, -1.0, 0.0, 1.0, 2.0, 2.0, 3.0, 1.0, 0.0, -1.0, -1.0, -1.0, 0.0, 0.260241314005, 0.0, -1.0, 1.0, -1.0, -1.0, 2.0, 1.0, -1.0, 2.01220989133, -1.0, 1.81046980817, 3.0, 3.0, 0.0, 0.0, 3.0, -1.0, 2.0, 1.0, -0.165848882573, -1.0, 2.0, -1.0, 1.21478197607, -1.0, 1.0, -1.0, 0.0, 2.0, 0.294390702126, -1.0, 98138.0, 511.0, 99569.0
2.0, -0.318318218906, 1.0, 2.0, 0.664207463346, -1.0, 1.0, 0.0, -1.0, 3.0, 2.0, -0.899880788009, -1.0, -1.0, -0.987413146405, -1.0, -1.0, 3.0, 2.0, -1.0, -0.0653113581886, -1.0, 0.0, 0.0, 0.717086440615, 0.0, 1.74206338861, 1.2234045702, 1.0, -1.0, 2.0, 1.0, 1.0, -0.713220822425, 1.0, 0.0, 0.0, 2.06288389507, 0.0, -1.0, 0.0, -0.961218537217, 1.0, -1.0, -1.0, 3.0, 0.0, 1.0, 2.0, 2.0, 98066.0, 525.0, 99575.0
1.0, 0.0, 3.0, 0.0, 1.0, 1.0, 1.0, 3.0, 1.0, -1.0, 1.06541452183, 1.66400001547, 0.0, 1.0, 0.0, 0.884165342408, -1.0, -1.0, -0.496549220696, 2.13340891072, 0.0, 2.0, -1.0, 0.0, 0.0, -0.359779253401, -1.0, 0.193995791608, 3.0, 0.0, 0.343901043716, 3.0, 0.0, 3.0, 0.0, 2.0, 1.0, 0.0, -1.0, 0.0, 2.0, 2.0, 3.0, 1.61657390685, 1.0, 2.28652160061, 0.0, -1.0, 0.0, 0.0, 97546.0, 651.0, 99467.0
2.0, 1.0, 2.0, 2.0, 2.69317901137, -1.0, 2.04640517827, 1.0, 3.0, 2.0, 0.0, 0.0, 0.0, 0.0, 1.76384326216, 2.0, 2.0, 1.0, 0.0, 1.0, 2.0, 2.0, 2.0, 0.625373430042, -1.0, 1.0, 1.0, 3.0, -0.680224675784, -1.0, 0.0, -1.0, -1.0, -1.0, -1.0, 3.0, 3.0, 3.0, 2.42946763731, 0.0, 1.25642012671, 0.0, -1.0, 3.0, 1.0, 2.0, 2.0, 1.0, 1.0, 2.0, 97846.0, 611.0, 99485.0
0.0, 3.0, 1.0, 3.0, 3.0, 2.0, -1.0, 3.0, 3.0, 0.0, 3.0, 3.0, 1.0, 1.95074456958, -1.0, 1.0, 2.15714207622, 3.0, -1.0, 0.0, 3.0, 1.0, 3.0, 2.0, -1.0, -1.0, 3.0, 2.95359360374, -1.0, -1.0, -1.0, 1.0, 3.0, 2.66263343036, 3.0, -1.0, -1.0, 2.0, 0.0, -0.523155948812, 2.0, 0.49366306377, 2.0, 1.0, 0.0, 2.0, 3.0, 0.256016495025, 0.934462894695, -0.478131029973, 98144.0, 583.0, 99506.0
0.0, -0.147147659588, 2.0, 3.0, 2.0, 1.0, 3.0, 2.0, 1.0, 2.0, 0.0, -1.0, 1.0, 1.0, -1.0, 2.0, -1.0, -0.0172467245551, 2.0, 0.0, 1.0, 1.0, 0.0, 1.0, -1.0, 0.0, 1.0, 0.0, 0.0, -1.0, 3.0, 1.0, 1.55293412114, -1.0, 3.0, -1.0, 2.31258292903, 0.0, 1.0, 2.0, 0.0, -1.0, -1.0, 3.0, -1.0, 1.0, 0.0, -0.473230658741, -1.0, 3.0, 97821.0, 592.0, 99503.0
-1.0, 2.0, 3.0, -0.558951498324, 0.0, 2.71052767967, 1.0, 1.0, 2.0, 0.0172822845978, 0.596446943548, 3.0, 3.0, -0.959812866434, 0.0, 2.0, 0.0, 3.0, -1.0, 1.0, 1.0, 2.42402824641, 0.0, 1.8126402888, 2.0, 2.0, 2.0, 0.0, 1.0, 2.81740601284, 0.0, 3.0, 2.0, 3.0, 1.77595875143, 1.0, 1.37953019747, 1.0, 0.0, 2.0, 0.0, 1.0, 0.0, 1.0, 0.0, 3.0, 2.0, 1.3940035876, 1.0, 2.59911087262, 97694.0, 688.0, 99442.0
2.0, 1.0, 2.0, 2.0, 2.69317901137, -1.0, 2.04640517827, 1.0, 3.0, 2.0, 0.0, 0.0, 0.0, 0.0, 1.76384326216, 2.0, 2.0, 1.0, 0.0, 1.0, 2.0, 2.0, 2.0, 0.625373430042, -1.0, 1.0, 2.24196392511, 3.0, -0.680224675784, -1.0, 0.0, -1.0, -1.0, -1.0, -1.0, 3.0, 3.0, 3.0, 2.42946763731, 0.0, 1.25642012671, 0.0, -1.0, 3.0, 1.0, 2.0, 2.0, 1.0, 1.0, 2.0, 97855.0, 611.0, 99485.0
-1.0, -1.0, 0.0, 2.0, 1.0, 1.0, -1.0, 0.0, 1.0, 0.0, 1.0, 0.0, 0.0, 3.0, 1.0, 3.0, 3.0, 2.0, 2.0, 2.0, 0.0, -0.410624013845, 1.0, 1.0, 3.0, 3.0, 0.0, 3.0, 0.0, 1.0, 0.0, 2.0, 2.47818395401, 2.0, 1.0, 3.0, 0.0, 0.0, 3.0, 1.7058157478, 1.0, 1.0, 1.0, 0.0, 2.0, 2.0, -1.0, -0.0329249313615, 3.0, 2.37366418766, 97538.0, 689.0, 99435.0
-1.0, -1.0, 3.0, 2.0, 1.0, 0.394115121961, -1.0, 0.0, 1.0, 0.0, 1.0, 0.0, 0.0, 1.0, 1.0, 3.0, 3.0, 2.0, 2.0, 2.0, 0.0, 0.0, 1.0, 1.0, 3.0, 3.0, 0.0, 3.0, 3.0, 1.0, 0.0, 2.0, 2.0, 2.0, 0.717741674146, 3.0, 0.0, 0.0, 3.0, 3.0, 1.0, 1.0, 1.0, 0.0, 2.0, 2.0, -1.0, 0.0, 1.57677512829, 2.0, 97538.0, 689.0, 99435.0
3.0, 2.0, -1.0, 1.0, 2.0, -1.0, 2.0, 0.0, 3.0, -0.939694030373, -1.0, -0.606795862528, -1.0, 2.0, 2.0, 3.0, 3.0, 1.0, -1.0, 1.0, 1.11001347647, 0.0, 0.0, 1.0, 2.0, 2.40140968352, -1.0, 0.843500309563, -1.0, 2.0, 1.0, 0.0, -1.0, -1.0, 0.598759479306, -1.0, 1.0, -0.0299609087913, 2.46354456533, 2.53373800082, 0.0, -0.383065915428, 0.0, 3.0, 2.0, 1.49261703403, 0.37035153431, 3.0, 2.0, 0.0, 97897.0, 568.0, 99525.0
