0.54513483483, 0.874375450488, 2.03658909833, 0.693681803676, 33.9933776197, 25.1258159571, 0.182554436288, 2.09274298157, 13.430851009, 74.5426428847, 0.383348178875, 0.0
0.106101098318, 0.917164183341, 7.38113416959, 0.676974686693, 87.0245536096, 2.42200986159, 3.6338434273, 4.58245568495, 43.8538567796, 1146.63543234, 0.0279637641635, 0.204437400951
0.275601338492, 0.842862147826, 2.58839055799, 0.457871313085, 55.3315611174, 13.6628103348, 0.694919079573, 2.75276756688, 21.178938325, 99.1537720951, 0.136372141283, 0.285714285714
0.598087191231, 1.07300520274, 2.15862353226, 0.52274364068, 97.0575388502, 1.62117169745, 2.99207469361, 2.383317991, 11.320666956, 285.071780665, 0.0652454060006, 0.141732283465
0.106101098318, 1.03359480847, 2.45498679884, 0.625232886212, 98.1256880604, 19.8716637918, 0.44822764787, 4.76185555577, 9.59347588753, 131.794763332, 0.076484035157, 0.0
0.5522761646, 0.890462138028, 6.21557758538, 0.413523851758, 52.315760236, 10.5667049254, 0.509909427458, 1.15160924476, 1.90685220216, 119.657670427, 0.287178118993, 0.416666666667
0.206840365508, 1.09756640239, 5.57384350594, 0.563009774856, 29.7965554513, 3.57954344456, 3.69869869213, 4.1613322365, 38.3638699735, 1016.92328435, 0.072216962584, 0.170767004342
0.142667050509, 0.844620980311, 2.94252678793, 0.469832169863, 33.2749085022, 4.69636382246, 3.15439580816, 3.83475230067, 24.756294188, 394.101339553, 0.0757136047482, 0.366834170854
0.765114558393, 1.00418305823, 3.13595652708, 0.525114225525, 49.8366807883, 10.8137964217, 0.554400538796, 1.09542472379, 21.2434750842, 183.843963814, 0.310185483748, 0.0
0.530447878305, 1.02065502052, 2.15862353226, 0.52274364068, 97.0575388502, 2.76920543805, 2.99207469361, 4.46842762789, 11.320666956, 235.617444799, 0.123879902906, 0.277777777778
0.740409057914, 0.884353895096, 2.45498679884, 0.625232886212, 98.1256880604, 19.8716637918, 0.44822764787, 4.76185555577, 9.59347588753, 153.313487963, 0.37848279825, 0.111111111111
0.120775507552, 0.959946941298, 3.7726170007, 0.681882484544, 57.2534044352, 18.3352574553, 0.206346947216, 1.57619920781, 43.6185738857, 294.592375315, 0.0818551683636, 0.0
0.120775507552, 0.959946941298, 3.7726170007, 0.681882484544, 57.2534044352, 18.3352574553, 0.206346947216, 3.08036947125, 43.6185738857, 263.657468256, 0.165074330627, 0.0588235294118
0.814138506179, 0.867304489819, 3.38941338413, 0.553200229999, 30.5552043442, 6.40936989372, 1.3726493736, 4.0261798227, 21.522208605, 256.902982854, 0.234980149887, 0.139534883721
0.253590767481, 1.02172775314, 4.51537750058, 0.693041406629, 22.512059726, 46.7703585709, 0.625086930664, 4.53679254587, 14.1760882639, 142.344564331, 0.349753005043, 0.416666666667
0.275601338492, 1.0676997794, 2.58839055799, 0.457871313085, 55.3315611174, 13.6628103348, 0.694919079573, 2.75276756688, 21.178938325, 139.20162284, 0.364394562056, 0.44
0.765114558393, 1.0676997794, 2.43319308381, 0.525114225525, 49.8366807883, 10.8137964217, 0.554400538796, 1.09542472379, 23.2133072782, 125.286031927, 0.363321383043, 0.575757575758
0.117116370521, 0.958158443227, 4.49753960018, 0.576665759682, 10.9371495561, 44.5105848334, 0.899944310395, 3.762242637, 28.6453086256, 232.998073377, 0.323521557583, 0.0
0.814138506179, 0.867304489819, 3.38941338413, 0.553200229999, 50.9751285217, 10.6268199584, 1.3726493736, 1.07012515089, 21.522208605, 226.640403568, 0.344573958763, 0.503759398496
0.376370057247, 0.960833916627, 5.2910905263, 0.655217565232, 34.6132653357, 10.0948205415, 0.604039551706, 4.73752832254, 40.4291889819, 251.23744099, 0.259207159321, 0.478260869565
0.54513483483, 0.874375450488, 3.2018383341, 0.693681803676, 33.9933776197, 25.1258159571, 0.182554436288, 2.09274298157, 13.430851009, 161.270103637, 0.54399878562, 0.25
0.789387877811, 0.860472681782, 2.65263836375, 0.45324557061, 72.8207919963, 27.2077742599, 1.55840523343, 4.93987479501, 37.6070349225, 228.886029678, 0.550929070632, 0.15
0.206840365508, 0.948414660888, 5.57384350594, 0.563009774856, 29.7965554513, 3.57954344456, 0.310656659493, 4.1613322365, 38.3638699735, 316.197442913, 0.0866530323599, 0.277777777778
0.120534384806, 1.1860386284, 5.5692140578, 0.650327693359, 74.2973501138, 13.3251458902, 3.2196050182, 0.449667893064, 42.9094400853, 1612.10442124, 0.0845249621484, 0.0199501246883
0.127056451776, 1.1706941322, 6.082900558, 0.603903127551, 76.0656833715, 26.9399778597, 0.389062351397, 3.35708734739, 18.0746082299, 415.705637596, 0.173820394038, 0.0
0.603568751022, 0.930621961837, 5.28584542055, 0.595418830344, 8.08778455937, 3.45209193841, 1.2400896528, 3.92345566444, 37.3240322406, 539.487417971, 0.0915378818774, 0.0
0.153209407997, 0.835415042692, 9.52433782845, 0.424601308795, 33.434617944, 41.5353367968, 0.246974472077, 0.81770696844, 15.5570573198, 327.93181072, 0.29365036925, 0.0
0.117116370521, 0.958158443227, 3.79997307909, 0.576665759682, 10.9371495561, 44.5105848334, 0.899944310395, 1.36543610952, 28.5862118353, 309.834710841, 0.264530623522, 0.333333333333
0.604670422422, 0.872883916286, 3.91181753991, 0.647016340571, 42.2425970648, 7.90019653598, 2.73736611486, 0.358423804495, 9.54640642786, 394.223719746, 0.241891322782, 0.206451612903
0.303446685238, 0.878674579625, 3.48762982804, 0.682230743939, 13.7200250158, 17.7795969203, 1.43713655834, 0.765151227466, 21.6330136112, 302.930781589, 0.325590737718, 0.315789473684
0.709017998483, 0.930389154088, 2.94918517179, 0.60416169721, 61.6298757358, 44.6185099872, 1.02812615364, 2.26016242569, 26.7792078175, 250.890406229, 0.464328827579, 0.153846153846
0.380540293371, 0.93516952478, 2.65263836375, 0.528244713056, 13.7200250158, 27.2077742599, 1.55840523343, 4.93987479501, 37.6070349225, 239.316845051, 0.48429397058, 0.2
0.153209407997, 0.835415042692, 9.52433782845, 0.424601308795, 33.434617944, 41.5353367968, 0.246974472077, 0.81770696844, 15.5570573198, 325.524631986, 0.357545520783, 0.0666666666667
0.452425646098, 1.14750853274, 2.84111278601, 0.545144826528, 21.1137896815, 21.597192083, 1.36405295285, 1.65931734165, 18.6884146765, 306.865617087, 0.386534187088, 0.0
0.581509264988, 1.05869803864, 2.72174136852, 0.637952742142, 76.9283168349, 43.2805968107, 2.15502095604, 0.863698347994, 12.7429649367, 287.565482358, 0.624987827977, 0.0
0.434522857302, 0.84931118658, 5.17604797702, 0.450915081925, 36.3470281313, 31.3946218018, 0.448596936612, 1.79107492838, 33.5571615906, 241.600925413, 0.370490945274, 0.222222222222
0.414556869012, 0.876096660857, 3.72893736916, 0.509319622242, 94.484685342, 31.4133265425, 1.10066585382, 3.13525447458, 25.1773241968, 300.907366991, 0.489344662329, 0.046511627907
0.709017998483, 0.971931455326, 3.31860911475, 0.60416169721, 61.6298757358, 44.6185099872, 1.02812615364, 2.26016242569, 26.7792078175, 267.994036165, 0.546922226793, 0.118421052632
0.786236424501, 0.876096660857, 3.72893736916, 0.509319622242, 94.484685342, 31.4133265425, 1.10066585382, 3.13525447458, 25.1773241968, 297.707179834, 0.48350636083, 0.136363636364
0.722986916963, 1.01436504911, 4.38858897176, 0.551509700917, 77.3938501787, 46.9555071066, 0.800899725241, 2.27002839792, 5.5429784781, 228.791707458, 0.708420065858, 0.266666666667
0.142667050509, 0.844620980311, 2.94252678793, 0.469832169863, 33.2749085022, 4.69636382246, 3.35686610198, 3.83475230067, 24.756294188, 414.971082453, 0.0885021559412, 0.505084745763
0.242412755239, 0.87520187187, 3.96873425323, 0.669542434435, 48.2365783161, 5.98672697309, 1.24112051855, 4.42208989902, 40.7636026172, 450.588409837, 0.12253140065, 0.298245614035
0.242412755239, 0.87520187187, 3.96873425323, 0.610719546344, 48.2365783161, 5.98672697309, 1.24112051855, 4.42208989902, 40.7636026172, 377.039394095, 0.149610615124, 0.31914893617
0.16971867086, 1.02030438244, 4.03529880412, 0.563241860949, 98.3945693266, 23.7961541707, 2.35971329548, 3.37403271347, 20.9670535757, 471.547822332, 0.217272442931, 0.0480769230769
0.109224430924, 1.08839307141, 8.44676345226, 0.494229338653, 75.4122519322, 45.9274770674, 0.415200692902, 3.59424153715, 5.94889993444, 538.4671946, 0.237007560803, 0.0
0.252015384486, 1.13300528701, 2.22268266237, 0.638395523981, 41.9687345141, 15.2463608181, 3.44280631491, 0.561519483197, 40.6463355295, 494.24355027, 0.20561875386, 0.045584045584
0.127056451776, 1.1706941322, 6.082900558, 0.603903127551, 76.0656833715, 26.9399778597, 0.389062351397, 3.35708734739, 18.0746082299, 446.833354421, 0.198902821548, 0.25
0.167789817243, 0.983153416772, 9.3255431956, 0.569252053098, 48.1921339787, 10.2612767247, 0.414268153451, 0.75767100546, 39.8201598122, 614.851509057, 0.120314044734, 0.0
0.640985903315, 1.1015551423, 9.95725126425, 0.667848592201, 29.1399081923, 8.1246018901, 0.89004948586, 2.08590410987, 42.3612088314, 587.043259484, 0.147854267255, 0.0
0.309508985158, 0.940041623628, 3.94518636949, 0.468990959386, 55.561823059, 3.45209193841, 2.25299966769, 2.87432196192, 37.3240322406, 548.400922007, 0.0983535001107, 0.306010928962
0.407348025311, 0.903630721467, 7.89847522666, 0.413320979288, 96.5322041983, 5.33682889278, 3.86349405374, 3.86914413569, 41.6706112613, 1165.29600847, 0.10843789622, 0.0135135135135
0.271571190416, 0.944351917426, 4.50730580468, 0.55612599305, 86.6530163347, 42.6053417076, 1.87576875562, 3.36788528409, 27.5617569593, 425.880932946, 0.317887348169, 0.0
0.5522761646, 0.908023666657, 6.21557758538, 0.413523851758, 52.315760236, 10.5667049254, 0.509909427458, 1.15160924476, 1.90685220216, 357.784633864, 0.277505126612, 0.52380952381
0.376370057247, 0.960833916627, 5.2910905263, 0.625123590624, 34.6132653357, 10.0948205415, 0.604039551706, 4.73752832254, 40.4291889819, 374.660882875, 0.299060189081, 0.333333333333
0.303446685238, 0.878674579625, 3.48762982804, 0.682230743939, 72.8207919963, 17.7795969203, 1.43713655834, 0.765151227466, 21.6330136112, 311.763647362, 0.306594735349, 0.407407407407
0.689117117529, 1.14137861723, 5.93961699746, 0.690372929896, 89.81968373, 46.9790633258, 0.026325408488, 4.64871914625, 17.0635104393, 384.351311893, 0.525968204316, 0.0
0.253590767481, 1.02172775314, 4.51537750058, 0.693041406629, 22.512059726, 46.7703585709, 0.625086930664, 4.53679254587, 14.1760882639, 316.891669444, 0.631663060453, 0.0
0.452425646098, 1.10781719923, 2.84111278601, 0.545144826528, 21.1137896815, 21.597192083, 1.36405295285, 2.04884834025, 18.6884146765, 245.909429554, 0.404342431355, 0.225
0.10242033341, 0.958745474256, 8.80700498962, 0.654931897552, 62.1748739451, 30.747381729, 0.0584809505946, 2.59053439314, 9.93955898877, 386.728025148, 0.396345611382, 0.25
0.799124675379, 0.858584696893, 4.30004285247, 0.654976842494, 30.5622248952, 31.9685795461, 1.92648540596, 4.9864237685, 23.0797147673, 356.400093479, 0.505142406415, 0.08
0.175373819636, 0.879350798683, 8.04348344884, 0.509796411366, 90.897160639, 13.28051794, 0.026325408488, 3.52809536422, 27.6728778205, 434.030807353, 0.250024205851, 0.4
0.361958452704, 1.02065502052, 5.53622239612, 0.563290730314, 59.7893060769, 6.67978542229, 1.62762935392, 4.46842762789, 3.91212175704, 491.033639754, 0.191353299845, 0.5
0.604670422422, 0.872883916286, 3.91181753991, 0.647016340571, 42.2425970648, 7.90019653598, 2.73736611486, 0.358423804495, 9.54640642786, 380.115665018, 0.310748689641, 0.320754716981
0.163060342144, 0.884626737879, 6.9167316435, 0.579335732773, 49.7026984419, 41.7790186602, 1.86868641166, 3.3141181982, 6.9433305371, 464.492395813, 0.308897241212, 0.294117647059
0.603658439781, 0.948833165358, 5.42056902831, 0.443756979553, 69.9538883499, 11.6251382782, 1.71586335655, 0.480774385786, 25.4303634551, 546.387058403, 0.306387552206, 0.255813953488
0.57134348298, 1.15957343877, 5.91624553625, 0.526759580643, 92.8764072788, 4.90185056874, 1.75039461373, 0.490988202341, 29.8248914698, 908.503498339, 0.123996272627, 0.0
0.271996200373, 0.839041422253, 6.05846658982, 0.517448235459, 49.1309411582, 5.72389370955, 3.15415953998, 4.93424251511, 26.1838934121, 701.485067929, 0.120928490339, 0.198170731707
0.163060342144, 0.955216233533, 6.9167316435, 0.579335732773, 49.7026984419, 36.5049635256, 1.86868641166, 3.3141181982, 6.9433305371, 611.811434666, 0.28646591362, 0.0555555555556
0.238290665541, 1.06149133588, 5.61598552795, 0.662304222589, 39.3363805133, 22.0806374063, 1.0863714692, 2.01790264596, 8.476706631, 599.278961464, 0.232462472634, 0.0909090909091
0.20649267403, 0.828292886979, 9.77286089124, 0.544463307078, 54.7739928364, 22.931646572, 1.41497955522, 4.06123057186, 42.0571982437, 785.257565749, 0.210548499083, 0.0
0.109224430924, 0.881819510206, 8.44676345226, 0.494229338653, 31.5150291911, 45.9274770674, 3.04977274421, 3.59424153715, 5.94889993444, 852.988986411, 0.207443805518, 0.0324909747292
0.238290665541, 1.06149133588, 5.61598552795, 0.662304222589, 39.3363805133, 22.0806374063, 1.0863714692, 2.01790264596, 8.476706631, 576.501648381, 0.287126647585, 0.363636363636
0.812723771229, 1.07294882068, 6.34933007789, 0.684584373496, 27.9382092489, 35.4124467079, 0.803890915804, 3.08036947125, 15.8922318283, 428.428840343, 0.525121302897, 0.0
0.361958452704, 1.07300520274, 5.53622239612, 0.563290730314, 59.7893060769, 16.4919759344, 1.62762935392, 2.383317991, 3.91212175704, 465.710465439, 0.319823105537, 0.280487804878
0.434522857302, 0.899753952101, 6.80029105049, 0.695028561127, 36.3470281313, 27.222975768, 1.81580532444, 0.230516805906, 19.8509670179, 632.868764979, 0.338156386945, 0.0
0.496365952527, 0.84931118658, 5.17604797702, 0.450915081925, 64.1814469084, 31.3946218018, 1.04710514995, 1.79107492838, 33.5571615906, 485.261174639, 0.360560224697, 0.0
0.603658439781, 0.948833165358, 5.42056902831, 0.443756979553, 69.9538883499, 11.6251382782, 1.71586335655, 4.69552931907, 25.4303634551, 455.551726562, 0.371393010788, 0.305555555556
0.531895728593, 1.18736438411, 4.2648731185, 0.549823837905, 69.7143727219, 14.7473081212, 1.34996033678, 4.05974702761, 7.81923331973, 456.589665804, 0.421860907487, 0.2
0.235382095048, 1.05869803864, 2.72174136852, 0.637952742142, 76.9283168349, 43.2805968107, 2.15502095604, 2.70594755964, 12.7429649367, 321.430656539, 0.453812294452, 0.337777777778
0.600328811704, 0.948414660888, 9.46977844775, 0.600432857101, 84.459161557, 6.25224494247, 1.14908562644, 1.68769125469, 42.6757344497, 975.639038451, 0.19326601619, 0.0
0.740409057914, 0.917164183341, 7.38113416959, 0.676974686693, 87.0245536096, 2.42200986159, 3.6338434273, 4.58245568495, 43.8538567796, 1330.76662184, 0.136705254467, 0.196261682243
0.57134348298, 1.15957343877, 5.91624553625, 0.526759580643, 92.8764072788, 4.90185056874, 1.75039461373, 0.490988202341, 29.8248914698, 800.055822977, 0.240368676424, 0.41935483871
0.588564240741, 1.04295141322, 6.56169677931, 0.633298530034, 75.4122519322, 40.7492557039, 0.415200692902, 2.65033604098, 13.8555260854, 500.639003075, 0.609626248504, 0.0
0.520218064352, 0.99615385264, 2.71856543786, 0.486119110401, 43.2815764164, 21.911123751, 3.97824986571, 3.93523906549, 14.1868324634, 434.529108986, 0.427705051499, 0.241379310345
0.62177509968, 1.11424440936, 3.81355618513, 0.535724348943, 43.4705519644, 44.4201726755, 2.29574066625, 3.20364019514, 8.88812630769, 563.38662252, 0.499320324721, 0.0612244897959
0.158192282662, 1.11884328899, 4.03529880412, 0.563241860949, 99.8464479318, 23.7961541707, 2.35971329548, 3.37403271347, 20.9670535757, 644.230865883, 0.274421268578, 0.395744680851
0.271996200373, 0.839041422253, 6.05846658982, 0.517448235459, 49.1309411582, 5.72389370955, 3.15415953998, 4.93424251511, 40.3305764105, 840.142636383, 0.136980684081, 0.204116638079
0.531895728593, 1.18736438411, 4.2648731185, 0.497569717482, 69.7143727219, 14.7473081212, 1.34996033678, 4.05974702761, 7.81923331973, 383.551096778, 0.404844975208, 0.350877192982
0.62177509968, 1.11424440936, 3.81355618513, 0.535724348943, 43.4705519644, 44.4201726755, 2.29574066625, 3.20364019514, 4.65809135786, 442.932440392, 0.538587175668, 0.0123456790123
0.353044977565, 1.05832862128, 3.63011557308, 0.556221617319, 19.9002981733, 16.7889855364, 3.47301038718, 0.255396916217, 16.004844093, 683.843440927, 0.313421110165, 0.193406593407
0.882695607668, 0.944351917426, 4.50730580468, 0.55612599305, 86.6530163347, 42.6053417076, 1.87576875562, 3.36788528409, 27.5617569593, 434.920625585, 0.591567298735, 0.0487804878049
0.496365952527, 0.899753952101, 6.80029105049, 0.542666628911, 64.1814469084, 14.760550654, 1.81580532444, 0.230516805906, 19.8509670179, 529.795886656, 0.38132928734, 0.117647058824
0.603568751022, 0.930621961837, 5.28584542055, 0.595418830344, 8.08778455937, 34.024948969, 1.2400896528, 3.92345566444, 41.0945060167, 502.881117212, 0.476759120002, 0.169811320755
0.464333358863, 1.14236608044, 3.85220136468, 0.625173151909, 19.2612862463, 40.0030399331, 2.21119418819, 4.39291415375, 1.02310005505, 518.763642627, 0.374109323097, 0.153846153846
0.64220462631, 1.09970914667, 9.75409421991, 0.550146298544, 58.517079696, 46.8525501249, 0.556031544086, 1.33887735453, 12.7928303121, 887.402038483, 0.257965235141, 0.0
0.127488092869, 0.985358495475, 4.28064688639, 0.490170211801, 95.9740112178, 49.0218334234, 3.01041349584, 0.544045519306, 28.6754516499, 752.088885581, 0.329025003519, 0.0995670995671
0.292768736951, 0.971931455326, 3.79985946895, 0.446391637269, 97.1288381679, 39.9963918903, 3.83557248213, 2.07360601674, 1.70620146076, 450.746785738, 0.354742612345, 0.381205673759
0.127488092869, 0.985358495475, 4.28064688639, 0.490170211801, 95.9740112178, 49.0218334234, 3.01041349584, 0.544045519306, 28.6754516499, 722.682184537, 0.332106896005, 0.112068965517
0.496291799125, 0.821914783613, 8.38475004983, 0.691971926725, 85.9195771887, 18.3842067036, 2.56819127718, 4.93424082197, 32.4075141912, 827.861283764, 0.274201232347, 0.0288461538462
0.158838581683, 1.16896643633, 4.5283667252, 0.433694514905, 2.12614892535, 48.7442333778, 1.08644170602, 4.29640171974, 1.49029585485, 397.514384684, 0.316158457975, 0.381578947368
