0.0, 0.0, 1.0, 0.0, 2.0, -1.0, 2.04936637878, 3.0, 2.0, 3.0, -1.0, 1.0, 1.0, 0.0, 1.0, 2.69898386869, -0.36975401963, 1.0, -1.0, 3.0, 3.0, -1.0, -0.135253354965, 0.0, 2.0, -0.255374763986, 2.24024105734, 0.0, 0.985314558624, 1.0, 0.0, 0.76820097033, -0.726135707986, 2.0, 1.0, -1.0, 0.0, 3.0, 3.0, -1.0, 2.0, 1.22301746706, 1.0, 3.0, 0.0, -1.0, -1.0, 1.0, 1.0, 0.0, 98437.0, 583.0, 99485.0
0.0, 0.0, 1.0, 0.0, 2.0, -1.0, 3.0, 3.0, 2.0, 3.0, -1.0, 1.0, 1.0, 0.0, 1.0, 2.0, -0.36975401963, 1.0, -1.0, 3.0, 3.0, -1.0, 0.0, 0.0, 2.0, -1.0, 1.57170920025, 0.0, 1.0, 1.0, 0.0, 2.0, 0.0, 2.0, 1.0, -1.0, 0.0, 3.0, 3.0, -1.0, 2.0, 2.0, 1.0, 3.0, 0.0, -1.0, -1.0, 1.0, 1.0, 3.0, 98507.0, 578.0, 99477.0
-1.0, 1.0, -0.445489858092, 1.0, 2.89697962801, 1.0, 1.0, 2.0, 1.0, 3.0, 0.0, 0.196908929027, 0.0, 0.0, 3.0, 1.86370543694, 2.0, -1.0, -1.0, 0.0, 2.40646021602, 0.0, 0.0, -1.0, 1.0, 2.0, 0.0, -1.0, 1.0, 3.0, 1.0, 1.43875438713, 2.0, -1.0, 3.0, -0.346726784495, 2.0, 0.0, 1.0, -1.0, 2.0, 0.420986314756, -1.0, 0.0, 2.68969079234, 3.0, 2.0, 2.0, 1.0, 2.0, 98513.0, 581.0, 99469.0
3.0, 0.0, 3.0, 2.0, 1.0, -1.0, 1.1290113342, 1.0, -1.0, 2.0, 1.0, -1.0, 2.0, 0.0, 3.0, 0.0, 2.0, 2.0, 3.0, 2.0, 2.0, 1.36368038662, 0.0, 1.0, -1.0, -1.0, 2.0, -1.0, 0.0, 1.0, 2.0, -1.0, 0.0, -1.0, 3.0, 1.0, 0.0, 1.0, 0.0, 3.0, 3.0, 3.0, 0.0, -0.561837267818, 0.0, 3.0, 2.0, 1.0, 3.0, 0.0, 98630.0, 553.0, 99472.0
-1.0, 1.0, -1.0, 1.0, 2.0, 1.0, 1.0, 2.0, 1.0, 3.0, 0.0, 1.0, 0.0, 0.0, 3.0, 2.0, 2.0, -1.0, -1.0, 0.0, 2.0, 2.0, 0.0, -1.0, 1.0, 2.0, 0.0, -1.0, 1.0, 3.0, 1.0, 1.0, -1.0, -1.0, 3.0, 0.0, 3.0, 0.0, 1.0, -1.0, 2.0, 0.0, -1.0, 0.0, 0.0, 3.0, 2.0, 2.0, 1.0, 2.0, 98554.0, 555.0, 99493.0
-1.0, 3.0, -1.0, 2.0, 3.0, 2.0, 0.0, 0.0, 1.0, -0.0179277512757, 1.0, -1.0, -1.0, 1.0, 0.0916825975328, 1.0, 1.0, 2.0, 2.0, -1.0, 3.0, 0.0, -1.0, 1.0, -1.0, 1.3743935464, 2.0, 1.96684780527, 0.0, 3.0, 0.0, -1.0, 1.0, 0.0, 3.0, 0.0, 2.0, 0.0, 0.0, 1.45601076191, 0.543927813137, 2.0, 1.0, 1.0, -1.0, 2.0, 3.0, 0.0, 3.0, 1.0, 98669.0, 558.0, 99471.0
-1.0, 0.0, 2.0, 0.0, 1.0, 3.0, 3.0, 0.0, 2.0, 2.35524656083, 2.0, 1.0, 2.29688135542, 0.330602100728, 2.0, -0.368530257823, -1.0, -1.0, 3.0, 0.0, 3.0, 1.0, 1.0, -1.0, 2.20748811939, 0.358468266116, 0.0, 2.0, 1.0, 0.0, 3.0, 0.667968711737, 2.0, -1.0, 3.0, 0.0, 1.0, 1.0, 0.632289383539, -0.370629708802, 3.0, 3.0, 0.0, 2.0, 2.02691436238, 2.0, 2.0, 1.0, 3.0, 1.0, 98571.0, 626.0, 99432.0
-1.0, -1.0, 1.0, 0.678134957802, 1.0, -1.0, 1.0, 1.0, -1.0, 1.0, 2.0, 0.0, 1.0, 3.0, -0.0509072074562, 1.36267645981, -1.0, -1.0, 1.0, -1.0, 0.0, 2.0, 1.0, 1.0, -1.0, 0.0, 0.0, -1.0, 0.0, -0.416789127341, 2.0, 3.0, 0.0, -1.0, 3.0, -1.0, 2.0, 2.0, 2.0, 0.0, -1.0, 1.0, 2.0, 3.0, -1.0, 2.0, 3.0, 3.0, 0.0, -1.0, 98782.0, 488.0, 99535.0
-1.0, 1.0, -1.0, 1.0, 2.0, 1.0, 1.0, 2.0, 1.0, 3.0, 0.0, 1.0, 0.0, 0.0, 3.0, 2.0, 2.0, -1.0, -1.0, 0.0, 2.0, 2.0, 1.80517631208, -1.0, -0.77818455176, 2.0, 0.0, -1.0, 1.0, 2.17703492137, 2.86818412581, 1.0, -1.0, -1.0, 3.0, 0.0, 3.0, 0.0, 1.0, -1.0, 1.87024473427, 0.0, -1.0, 0.0, 0.0, 3.0, 0.6868560581, 0.739047110548, 1.0, 2.0, 98596.0, 538.0, 99502.0
-1.0, 2.0, -1.0, -1.0, 1.0, 3.0, 1.0, 1.0, 0.0, 3.0, 0.0, 0.712054956891, 3.0, 2.0, 0.0, 3.0, 3.0, 1.0, 1.0, -1.0, 0.0, 2.0, 1.0, 3.0, 0.0532968111689, -1.0, 0.621673707732, 0.0, 2.0, 0.0, 2.0, 1.0, 1.73673333347, 0.0, 2.0, 1.0, 1.0, 3.0, 1.0, 3.0, -1.0, 1.0, 0.371479438281, 2.0, -1.0, 2.0, 3.0, 0.0, 2.0, 2.0, 98520.0, 594.0, 99437.0
3.0, 0.0, -1.0, 2.46293170679, -0.0890622594483, 1.0, 1.26137305775, 0.0, 3.0, 3.0, -1.0, 3.0, 2.11276602964, 2.0, -0.156827121359, -0.187622299816, 0.0, -0.917386811586, 0.0, -1.0, 0.0, 2.0, 0.473708655127, 1.0, 2.0, -1.0, 2.0, -1.0, 0.0, 1.08163442142, 2.0, 0.0, 0.0, -0.771469071718, -1.0, 0.0, -1.0, 1.0, 2.0, 0.0, -1.0, 3.0, 1.40012709955, 1.0, -1.0, 2.30726562098, 3.0, -1.0, 0.0, -1.0, 98609.0, 515.0, 99517.0
0.0, 0.0, -0.2760945744, 2.0, 1.0, 3.0, 2.0, -1.0, -1.0, -1.0, 2.0, 0.0, 0.0, 1.0, 3.0, 0.401782213622, 0.0, 1.0, 3.0, 2.00326949928, 2.0, -1.0, -0.137297240451, -1.0, -1.0, 1.0, 0.302120399634, -1.0, -0.116707235303, -1.0, -1.0, 0.0, 0.0, 2.0, -0.0360050950221, -1.0, 3.0, 3.0, 0.0, 1.80279967851, 3.0, 0.0, -1.0, 2.0, 2.34417252216, 2.4167222915, 1.0, 0.742212994123, 2.0, 2.0, 98600.0, 532.0, 99505.0
3.0, 0.0, -1.0, 2.46293170679, -0.0890622594483, 1.0, 1.26137305775, 0.0, 3.0, 3.0, -1.0, 3.0, 2.11276602964, 2.0, -0.156827121359, -0.187622299816, 0.0, -0.917386811586, 0.0, -1.0, 0.0, 2.0, 0.473708655127, 1.0, 2.0, -1.0, 2.0, -1.0, 0.0, 1.08163442142, 2.0, 0.0, 0.0, -0.970366712128, -1.0, 0.0, -1.0, 1.0, 2.17427417035, -0.738362973576, -1.0, 0.753728306418, 1.40012709955, 1.0, -1.0, 2.30726562098, 3.0, -1.0, 0.0, -1.0, 98597.0, 504.0, 99534.0
2.0, -1.0, -1.0, 2.0, 2.0, -1.0, -1.0, 2.0, 0.0, -1.0, -1.0, -1.0, 1.54041086173, 2.0, 3.0, 0.0, 0.0373093865987, -1.0, 0.0, 1.0, -1.0, 0.0, 2.0, -0.910587479641, -1.0, 3.0, 3.0, -1.0, 0.0, 1.0, 1.0, 1.0, 3.0, -1.0, 0.0, 1.0, 0.0, -1.0, 1.0, 3.0, 2.0, 1.0, -1.0, 2.8316835349, -1.0, 2.0, -1.0, 0.742212994123, 0.0, 0.0, 98847.0, 439.0, 99570.0
-1.0, 2.14188941331, 3.0, 2.0, 3.0, 2.0, 0.0, 0.0, 0.0, -1.0, -1.0, -1.0, -1.0, 1.0, -1.0, 1.0, 2.0, 2.0, 0.891422551509, -1.0, 2.56935940799, 0.0, -0.936860915362, 1.0, -0.928073802075, 2.0, 1.57644969901, 0.0, 0.0, 3.0, 0.0, -1.0, -0.28791662546, 0.0, 3.0, -0.701653989446, 2.31109364038, 2.0, 0.0, 1.0, -0.562514578791, 2.09819651878, 1.0, 1.0, -1.0, 2.0, 3.0, 2.28780783513, 3.0, 1.0, 98903.0, 499.0, 99525.0
-1.0, 2.0, -1.0, -1.0, 1.0, 3.0, 1.0, 1.0, 0.0, 3.0, 0.0, 3.0, 0.901271642826, 2.0, 0.0, 3.0, 3.0, 1.0, 1.0, -1.0, 0.0, 2.0, 1.0, 3.0, 0.0, -1.0, 2.0, 0.0, 2.0, 0.0, -1.0, 1.0, 0.0, 0.0, 2.0, 1.0, -0.268496414078, 3.0, -1.0, 3.0, -1.0, 1.0, 1.0, 2.0, -1.0, 2.0, 3.0, 0.0, 2.0, 2.95619675184, 98554.0, 565.0, 99456.0
-1.0, 1.99898317864, -1.0, -1.0, 1.0, 3.0, 1.0, -1.0, 0.0, 3.0, 0.0, 3.0, 3.0, 1.19130825534, 0.0, 3.0, 3.0, 1.0, 1.0, -1.0, 0.0, 2.0, 1.0, 3.0, 0.0532968111689, -1.0, 0.0, 0.0, 2.0, 0.0, 2.0, 1.0, 2.83074523329, 0.400830545885, 2.0, 1.0, 1.0, 3.0, -1.0, 3.0, -1.0, 1.0, 1.0, 2.0, -1.0, 2.0, 3.0, 0.0, 2.0, 2.43070520828, 98542.0, 569.0, 99463.0
0.0, 0.0, -1.0, 1.97545905905, 0.89932700519, 1.71364657345, 3.0, -0.366891130651, 0.24784807144, 3.0, 2.25722291833, -1.0, 3.0, 0.649908690505, 0.0, 0.0, -0.401467932383, 3.0, -0.653584191426, -1.0, 0.0, 3.0, 2.0, -0.20910831361, 1.0, -1.0, 1.0, 2.51027711478, 3.0, 1.0, 1.0, 1.96067849861, 3.0, 0.0, 3.0, 1.0, 0.0, -1.0, 1.0, 3.0, 3.0, 2.0, 0.0, -0.773314893528, 2.0, 3.0, -1.0, 1.0, 2.0, 2.0, 98501.0, 584.0, 99453.0
-1.0, 2.0, 1.0, -1.0, 3.0, -1.0, 1.0, 0.0, -1.0, -1.0, 0.0, -1.0, -1.0, 2.0, 3.0, 1.0, 1.0, 2.0, 0.0, 0.0, 1.0, -1.0, 1.0, 0.0, 1.0, 2.0, -1.0, 0.0, -1.0, 3.0, 3.0, 0.0, 2.0, -1.0, 3.0, -1.0, 0.0, -1.0, -1.0, 1.0, 2.0, 0.0, 2.0, 2.0, 1.0, 2.0, 3.0, -1.0, 0.0, 1.0, 98884.0, 483.0, 99535.0
-1.0, -1.0, 1.0, 0.678134957802, 1.0, -1.0, 1.0, 1.0, -1.0, 1.0, 2.0, 0.0, 1.0, 3.0, -0.0509072074562, 1.36267645981, -1.0, -1.0, 1.0, -1.0, 0.0, 2.0, -0.518062562599, 1.0, -1.0, 0.0, 0.0, -1.0, 2.99264792691, -0.416789127341, 2.0, -0.418323865722, 0.0, -1.0, 1.48025961449, -1.0, 2.0, 2.0, 2.0, -0.159134583338, -1.0, 1.0, 2.0, 3.0, -1.0, 2.0, 3.0, 3.0, 0.0, -1.0, 98818.0, 470.0, 99549.0
3.0, 3.0, -1.0, 2.0, 1.0, 1.0536140446, 3.0, -1.0, -1.0, 0.0, 2.0, 2.0, 0.0, 2.0, 1.0, -1.0, 1.0, 1.0, -1.0, 2.0, 1.0, 0.0, -1.0, 1.0, 1.0, 0.0, 2.0, 2.0, 0.0, 3.0, 0.0, 3.0, 3.0, 2.04924393083, 2.0, 1.0, 0.0, 0.0, 2.0, 1.0, 0.0617350980836, 2.0, 0.0, -1.0, 2.0, 3.0, -0.196320430746, 1.0, 0.0, 0.0, 98475.0, 595.0, 99455.0
0.0, 2.0, 1.0, -1.0, 2.0, 3.0, 1.0, 0.0, 3.0, 1.0, 3.0, -0.277371348762, 1.0, 0.0, -1.0, -1.0, 2.0, 1.0, -1.0, 1.0, -1.0, -1.0, 3.0, 2.0, 0.0, 0.0, -0.000453337433561, 3.0, 0.0, 0.0, 3.0, 3.0, 0.0, 1.0, 1.98838650178, 0.0, -1.0, 2.0, -1.0, 2.0, 2.0, 0.0, -1.0, -1.0, 2.98483597187, 3.0, 2.0, 0.0, 2.0435740311, -0.0504531286876, 98509.0, 569.0, 99503.0
-1.0, 1.0, -1.0, 1.0, 2.0, 1.0, 1.0, 2.0, 1.0, 3.0, 0.0, 0.196908929027, 0.0, 0.0, 3.0, 2.0, 2.0, -1.0, -1.0, 0.0, 2.0, 0.0, 0.0, -1.0, 1.0, 2.0, 0.0, -1.0, 1.0, 3.0, 1.0, -0.935009815324, 2.0, -1.0, 3.0, 0.0, 2.0, 0.0, 1.0, -1.0, 2.0, 0.420986314756, -1.0, 0.0, 2.68969079234, 3.0, 2.0, 2.0, 1.0, 2.0, 98578.0, 547.0, 99492.0
0.0, 3.0, 3.0, 3.0, -1.0, 2.0, 3.0, -1.0, 2.0, 2.0, 0.0, 1.31087117548, 2.0, 2.0, 3.0, 0.280027293354, 0.0, 2.0, -1.0, 3.0, 3.0, 0.0, 1.0, 1.0, -1.0, 1.0, 0.0, -1.0, -1.0, -1.0, -1.0, -1.0, 2.58686511538, -0.0769484666348, 3.0, 2.0, 1.0, 1.0, 1.0, 2.0, -1.0, 1.0, 0.0, 3.0, -1.0, 0.0, -1.0, 0.0, 1.0, 0.0, 98687.0, 517.0, 99513.0
-1.0, 1.0, -1.0, 3.0, 2.0, 3.0, 0.0, 3.0, 1.0, -1.0, 1.0, 3.0, 0.0, -1.0, 2.0, 0.0, -1.0, 3.0, 1.0, 0.0, -1.0, 0.0, 0.0, 2.0, 3.0, 1.0, 0.0, 2.0, 0.0, 0.0, -1.0, 0.0, 2.0, 2.0, 1.0, -1.0, 2.0, 1.0, 2.0, 1.0, -1.0, 2.0, 0.708133485706, -0.178417998565, 0.0, 2.0, -1.0, -1.0, 2.0, 0.718937402064, 98699.0, 540.0, 99499.0
3.0, 1.52652085162, -1.0, -1.0, 1.0, 2.0, 0.19201264244, 2.0, 0.0, 1.0, 1.0, 2.84268866591, 2.0, 0.0, 3.0, 0.0, 0.865486662785, 3.0, 0.850358988893, -1.0, -0.789569166434, 0.0, 1.0, -0.5867522252, -1.0, -1.0, -0.36956684328, -1.0, 1.0, 0.964737193129, 2.07021839463, 0.0, 1.0, 2.0, 1.64628948261, 2.0, 0.0, 0.104632420602, 2.4153675033, -1.0, 3.0, -1.0, 2.0, 3.0, 0.0, -0.833338882413, -1.0, 0.293991075493, 3.0, -0.129828248111, 98610.0, 529.0, 99515.0
-1.0, 2.05711370643, -1.0, -1.0, 1.0, 3.0, 1.0, 1.0, 0.0, 3.0, 0.0, 0.712054956891, 3.0, 2.0, 1.0, 3.0, 3.0, 1.0, 2.20702080644, -1.0, 0.0, 2.0, 1.0, 3.0, 0.0532968111689, -1.0, 0.621673707732, -0.631428981656, 2.0, 0.0, -0.74859900156, 1.0, 1.73673333347, 0.0, 2.0, 2.30007561136, 1.0, 3.0, 1.0, 3.0, -1.0, 1.0, 0.371479438281, 2.0, -1.0, 2.0, 3.0, 0.0, 2.0, 2.0, 98592.0, 560.0, 99459.0
2.0, -1.0, -1.0, 2.0, 2.71251499664, -1.0, -1.0, 2.0, 0.0, -1.0, -1.0, -1.0, 1.54041086173, 2.0, 3.0, 0.0, 0.0373093865987, -1.0, 0.0, 1.0, -1.0, 2.01910194065, 0.311502441128, -0.540858442372, -0.751906425499, 3.0, 3.0, -1.0, 0.0, 1.0, -0.34280380155, 1.0, 3.0, -1.0, 0.0, -0.0516596874738, 0.0, 1.0, 2.9178926602, 3.0, -0.867089120754, 1.0, -1.0, 2.8316835349, -1.0, 2.0, -1.0, 1.57755278526, 0.0, 0.0, 98841.0, 443.0, 99570.0
3.0, 3.0, -1.0, 2.0, 1.0, -1.0, 3.0, -1.0, -1.0, 0.0, 2.0, 2.0, 0.0, 2.0, 0.0, -1.0, 1.08710332526, 1.0, -1.0, 2.78841908293, 1.0, 0.0, -1.0, 1.0, 1.0, 0.0, 0.475200884766, 2.0, 0.0, 3.0, 0.0, 2.23306799915, 3.0, 3.0, 2.0, 1.0, 0.0911455982645, 0.0, 2.0, 1.0, -1.0, 2.0, -0.41986039611, -1.0, 1.42346130581, 3.0, 0.0, 1.0, -0.178736613044, -1.0, 98555.0, 553.0, 99489.0
1.4404140506, 1.0, 2.0, 1.0, -1.0, -1.0, 0.0, -0.671363028314, 1.0, 3.0, 0.291160789165, 2.0, 0.0, 1.0, 2.0, 0.0, 3.0, -1.0, -1.0, -1.0, 2.0, 0.0, -0.662220743743, -0.0669091772453, 0.0, 3.0, 1.0, 1.0, 3.0, 0.0, -1.0, 2.0, 0.00047068120133, -1.0, 2.0, 2.0, 2.0, 2.0, 3.0, 2.0, 3.0, 1.0, 0.0, 1.0, -1.0, 2.0, 1.0, 2.0, -1.0, 0.393899380227, 98579.0, 543.0, 99489.0
0.0, 3.0, 3.0, 3.0, -1.0, 2.0, 3.0, -1.0, 2.0, 2.0, 0.0, 2.0, 2.0, 2.0, 3.0, 1.0, 0.0, 2.0, -1.0, 3.0, 3.0, 0.0, 1.0, 1.0, -1.0, 1.0, 0.0, -1.0, -1.0, -1.0, -1.0, -1.0, 2.0, -1.0, -0.756145705933, 2.0, 1.0, 1.0, 1.0, 2.0, -1.0, 1.0, 0.0, 3.0, -1.0, 0.0, -1.0, 0.0, 1.0, 0.0, 98777.0, 492.0, 99541.0
-1.0, 3.0, 0.0, -1.0, -1.0, -1.0, 2.0, -1.0, 0.0, -1.0, 1.0, 2.0, -0.341280464556, 1.81222726671, 3.0, 0.0, 1.0, 0.0, 3.0, 1.0, -1.0, -1.0, 2.0, 0.0, -1.0, 1.0, 1.56919107267, -1.0, 0.0, 2.30702218219, 1.0, 1.0, 2.0, 2.86950695232, -1.0, 0.0, 2.0, 3.0, 1.0, -0.702966252633, 2.0, 0.0, 2.0, 1.0, 1.0, -0.813774560481, 2.0, 0.0, 1.0, 0.0, 98602.0, 510.0, 99524.0
3.0, -1.0, -0.816987856659, 3.0, 3.0, 1.0, 2.1452614402, 1.55750948295, 2.0, 0.0, 0.0488336267796, 2.41856502112, 0.0, 2.0, 3.0, -1.0, 0.0969227571771, -1.0, 0.0, 1.34906985297, 1.0, -1.0, 0.264151891915, 1.0, 0.0, 1.0, 1.0, 2.0, 1.63031525948, 2.0, 0.0, 1.0, -0.324842948147, 2.0, 3.0, -0.185399198427, -1.0, -0.702954509932, 1.0, -1.0, -1.0, 0.0, 1.0, -1.0, 2.71855930718, -1.0, 0.450684714651, 0.0, -1.0, 1.15077993609, 98536.0, 537.0, 99510.0
0.0, 0.0, -1.0, 3.0, 2.0, 1.0, 3.0, 0.0, 2.0, 3.0, 2.0, -1.0, 3.0, 1.0, 1.04244506491, 0.0, 1.0, 3.0, 0.311697248187, -1.0, 0.0, 3.0, 2.0, 0.0, 1.0, -1.0, 1.0, 2.0, 0.222493164265, 1.0, 1.0, -1.0, 3.0, 0.0, 3.0, 1.0, 0.0, -1.0, 1.0, 3.0, 3.0, 2.0, 0.0, 0.0, 2.0, 3.0, -1.0, 1.0, 2.0, 2.0, 98524.0, 591.0, 99443.0
-1.0, 2.0, 1.0, 1.0, 2.0, 1.0, 0.0, 2.0, 2.0, 3.0, 2.0, -1.0, 0.0, 1.0, 0.532418263384, 2.0, 2.0, 3.0, 0.0, -1.0, 1.0, -0.27757257548, 2.0, 1.12669179937, 3.0, 0.0, 0.0, -1.0, 2.0, 0.0, 2.0, 1.0, 0.0, 2.0, 0.0, 1.0, -1.0, -0.975497379939, 2.0, 0.0, 1.46995319831, 0.0, 3.0, -1.0, 3.0, 1.0, 3.0, 0.0, 0.24175219381, 3.0, 98488.0, 592.0, 99453.0
-1.0, 1.0, -1.0, 3.0, 2.0, 2.70478316384, 0.0, 3.0, 1.0, -1.0, 2.79393077318, 1.04361704787, 0.0, -1.0, 2.0, 0.0, -1.0, -0.615172593824, 1.0, 0.0, -1.0, -0.935743449571, 0.0, 2.0, 3.0, 1.0, 0.0, 2.0, 0.0, 0.0, -1.0, 0.0, 2.0, 2.0, 1.0, -1.0, 2.0, -1.0, 0.853177977006, 1.0, -0.783684796525, 2.0, 1.0, -1.0, 1.81117077403, 2.0, -0.0159817479666, -1.0, 2.0, -0.355780182666, 98758.0, 493.0, 99528.0
3.0, 2.0, -1.0, -1.0, 1.0, 2.0, 1.0, 2.0, 0.0, 1.0, 1.0, 2.0, 2.0, 0.0, 0.550559188557, -0.563520831392, 0.0, 3.0, 2.0, -1.0, 0.0, 0.0, 1.0, 1.0, -0.765356357005, -1.0, 3.0, -1.0, 1.0, -1.0, 2.0, 0.0, -0.574466576313, 2.0, 1.0, 2.0, 1.12704547568, 1.0, 3.0, -1.0, 3.0, 0.537954684122, 2.0, 3.0, 0.0, 0.0, -1.0, 2.0, 3.0, 0.0, 98570.0, 541.0, 99502.0
-1.0, -1.0, -1.0, 0.0, -1.0, 3.0, 3.0, 2.0, 3.0, 0.0, 2.0, 1.0, 0.570825227126, 2.58995044148, 0.664652102929, 2.0, 0.0, 3.0, 2.89656731725, 1.0, 2.0, -1.0, -1.0, 2.0, -1.0, 1.0, 0.0708197835343, -1.0, 3.0, 3.0, 0.0, 0.0, 1.9221661476, 1.0, 3.0, 2.9775691322, 3.0, 2.0, 2.0, -1.0, 2.0, 1.0, 3.0, -0.0789401253939, 1.0, 1.0, 0.0, -1.0, 1.0, 0.0, 98765.0, 548.0, 99475.0
-1.0, 2.0, 1.0, -1.0, 3.0, -1.0, -0.966808452189, 0.0, -1.0, -1.0, 0.0, -1.0, -1.0, 2.16925337456, 3.0, 1.0, 1.0, 2.0, 0.0, 0.0, 1.0, -1.0, 2.64700470927, 0.0, 1.0, 2.0, -1.0, -0.888298414517, 1.81731274617, 3.0, 3.0, 0.0, 0.694218442708, -1.0, 3.0, -1.0, 0.0, -1.0, -1.0, 1.0, 2.45440457432, 0.0, 2.0, 2.0, 1.0, 2.0, 3.0, -1.0, 0.0, 0.703620783097, 98906.0, 464.0, 99550.0
2.0, -1.0, -1.0, 2.0, 2.0, -1.0, -1.0, 2.0, 0.0, -1.0, -1.0, -1.0, 1.54041086173, 2.0, 3.0, 0.0, 0.0373093865987, -1.0, 0.0, 1.0, -1.0, 0.0, 2.0, -0.910587479641, -1.0, 3.0, 3.0, -1.0, 0.0, 1.0, -0.828265996474, 1.0, 3.0, -1.0, 0.0, -0.129509817062, 0.0, -1.0, 1.0, 3.0, 2.0, 1.0, -1.0, 2.8316835349, -1.0, 2.0, -1.0, 0.742212994123, 0.0, 0.0, 98854.0, 424.0, 99578.0
2.0, 0.0, 0.0, 1.0, 3.0, 3.0, 3.0, 1.0, -0.923668797222, -1.0, 2.0, 2.0, -1.0, 3.0, 1.0, 0.0, 0.0, -1.0, 0.0, 2.0, -1.0, 2.0, 3.0, 2.0, 3.0, 0.0, 0.0, -0.172617511976, 0.461274820567, 3.0, -1.0, -1.0, 0.0, -1.0, 0.0, 1.0, 2.0, 1.0, 2.0, 0.0, 2.0, -1.0, 3.0, 1.0, 3.0, 1.0, 3.0, -1.0, 1.0, -1.0, 98879.0, 538.0, 99495.0
-1.0, 2.0, 1.0, -1.0, 3.0, -1.0, 1.0, 0.0, 0.834261988233, -1.0, 0.0, -1.0, -1.0, 0.897628186081, 3.0, 1.0, 1.0, 2.0, -0.601670893781, 0.0, -0.00504496091156, -0.461251402024, 1.0, 0.0, 1.0, 2.0, -1.0, 1.00286925069, -1.0, 3.0, 3.0, 0.0, 2.0, -1.0, 0.51983835341, -1.0, 0.0, -1.0, -1.0, 1.0, 2.0, 0.245206744816, 2.0, 2.0, 1.0, 2.0, 3.0, -1.0, 0.0, 1.0, 98778.0, 500.0, 99527.0
-1.0, 3.0, 0.0, -1.0, -1.0, -1.0, 2.0, -1.0, 0.0, -1.0, 1.0, 2.0, 1.0, 2.0, 3.0, 0.0, 1.0, 0.0, 3.0, 1.0, -1.0, -1.0, 2.0, 0.0, -1.0, 1.0, 2.0, -1.0, 0.0, 2.0, 1.0, 1.0, 2.0, 3.0, -1.0, 0.0, 2.0, 3.0, 1.0, 0.0, 2.0, 0.0, 2.0, 1.0, 1.0, 0.0, 2.0, -1.0, 1.0, 0.0, 98679.0, 521.0, 99500.0
0.342038225319, -1.0, -1.0, 2.0, 2.0, -1.0, -1.0, 2.0, 0.0, -1.0, -1.0, -1.0, 2.0, 2.0, 3.0, 0.0, -1.0, -1.0, 0.0, 1.0, -1.0, 0.0, 2.0, 0.0, -1.0, 3.0, 2.0, -1.0, 0.0, 1.0, 1.0, 1.0, 3.0, -1.0, 0.0, 1.0, 0.0, -1.0, 1.0, 3.0, 2.0, 1.0, -1.0, 2.0, -1.0, 2.0, -1.0, 0.0, 0.0, 0.382931489127, 98804.0, 444.0, 99580.0
2.05273241616, 1.0, -0.0384703885297, 3.0, 1.0, 0.0, -1.0, -1.0, 2.0, 1.0, -1.0, 0.0, -1.0, 0.150777108704, 1.0, 2.0, 1.0, 1.55828349893, -1.0, -1.0, -0.0860864641315, 2.0, 0.0, 0.116946411708, 2.0, -1.0, 0.0, 2.0857156071, 3.0, -1.0, -1.0, 3.0, 1.0, 2.0, 1.0, 2.0, 3.0, -0.698389576014, -1.0, -1.0, 2.0, 3.0, 1.0, 0.0, -1.0, -1.0, 2.0, -0.684754854128, 0.0, 1.21520918316, 98684.0, 494.0, 99554.0
3.0, 2.0, -1.0, -1.0, 1.0, 2.0, 1.0, 2.0, 0.0, 1.0, 1.0, 2.0, 2.0, 0.0, 3.0, 0.0, 0.0, 3.0, 2.0, -1.0, 0.0, 0.0, 1.0, 1.0, -1.0, -1.0, 3.0, -1.0, 1.0, -1.0, 2.0, 0.0, 1.0, 2.0, 1.0, 2.0, 2.0, 1.0, 3.0, -1.0, 3.0, -1.0, 2.0, 3.0, 0.0, 0.0, -1.0, 2.0, 3.0, 0.0, 98580.0, 558.0, 99486.0
3.0, 2.0, -1.0, -1.0, 1.0, 2.0, 1.0, 2.0, 0.0, 1.0, 1.0, 2.0, 2.0, 0.0, 3.0, 0.0, 0.0, 3.0, 2.09106760561, -1.0, 0.0, 0.0, 1.0, 1.0, -1.0, -1.0, 3.0, -1.0, 1.0, -1.0, 2.0, 0.0, 1.0, 2.0, 1.0, 2.0, 2.0, 1.0, 3.0, -1.0, 3.0, -1.0, 2.0, 3.0, 0.0, 0.0, -1.0, 2.0, 3.0, 0.0, 98580.0, 558.0, 99486.0
-1.0, 1.0, -1.0, 1.0, 2.0, 1.0, 1.0, 2.0, 1.0, 3.0, -0.489312924011, 1.0, 0.0, 0.0, 3.0, 2.0, 2.0, -1.0, -1.0, 0.0, 2.0, 2.0, 0.0, -1.0, 1.0, 0.249179573683, 0.364034773879, -1.0, 1.0, 3.0, 1.0, 2.309197984, -1.0, -1.0, 3.0, 0.0, 2.76455311012, 0.0, 1.23878861901, -0.192649976019, 2.0, 0.0, -1.0, 0.0, 0.0, 3.0, 2.0, 2.0, 1.0, 2.0, 98541.0, 566.0, 99476.0
0.059688862145, 2.0, 1.0, -1.0, 3.0, -1.0, -0.966808452189, 0.0, -1.0, -1.0, 0.0, -1.0, -1.0, 2.30661490675, 3.0, 1.0, 1.0, 2.0, 0.0, 0.0, 1.0, -1.0, 2.64700470927, 0.0, 1.0, 2.0, -1.0, -0.888298414517, 1.81731274617, 3.0, 3.0, 0.315140067546, 2.0, -1.0, 3.0, -1.0, 0.0, -1.0, -1.0, 1.0, 2.85217654861, 0.0, 2.0, 2.0, 1.0, 1.55293502746, 3.0, -1.0, 0.0, 0.703620783097, 98873.0, 483.0, 99541.0
1.2948895735, 3.0, -0.68803737575, -1.0, -1.0, -1.0, 2.0, -1.0, 0.0, -1.0, 1.0, 2.16578268427, -0.341280464556, 1.81222726671, 3.0, 0.0, 1.0, 0.0, 3.0, 1.0, -1.0, -1.0, 1.57964559529, 0.0, -1.0, 1.0, 1.56919107267, -1.0, 0.0, 2.30702218219, 1.0, 1.0, 2.0, 2.86950695232, -1.0, 0.0, 2.0, 3.0, 1.282693131, -0.702966252633, 2.0, 0.0, 2.0, 1.0, 1.0, -0.813774560481, 2.0, 0.0, 1.0, 0.0, 98581.0, 514.0, 99523.0
0.0, 3.0, 3.0, 3.0, -1.0, 2.0, 3.0, -1.0, 2.0, 2.0, 0.0, 2.0, 2.0, 2.0, 3.0, 1.0, 0.0, 2.0, -1.0, 3.0, 3.0, 0.0, 1.0, 1.0, -1.0, 1.0, 0.0, -1.0, -1.0, -1.0, -1.0, -1.0, 2.0, -1.0, 0.0, 2.0, 1.0, 1.0, 1.0, 2.0, -1.0, 1.0, 0.0, 3.0, -1.0, 0.0, -1.0, 0.0, 1.0, 0.0, 98754.0, 503.0, 99526.0
-1.0, 1.0, -1.0, 1.0, 2.0, 1.0, 1.0, 2.0, 1.0, 3.0, 0.375341653306, 1.0, -0.470223350327, 0.0, 3.0, 2.0, 2.0, -0.495070480219, -1.0, 0.0, 1.4345672121, 2.0, 1.80517631208, -1.0, 1.0, 2.47367414145, 0.0, -1.0, 1.0, 2.17703492137, 2.88643677543, 1.0, -1.0, -1.0, 3.0, 0.0, 3.0, 0.0, -1.0, -1.0, 2.0, 0.0, -1.0, 0.0, 0.0, 3.0, 0.6868560581, 2.67314049186, 1.0, 2.0, 98552.0, 557.0, 99499.0
-1.0, 1.0, -1.0, 1.0, 2.0, 1.0, 1.0, 2.0, 1.0, 3.0, 0.375341653306, 1.0, -0.470223350327, 0.0, 3.0, 2.0, 2.38162518139, -0.495070480219, -1.0, 0.0, 1.4345672121, 2.0, 1.80517631208, -1.0, 1.0, 2.47367414145, 0.0, -1.0, 1.0, 1.68013249634, 2.88643677543, 1.0, -1.0, -1.0, 3.0, 0.0, 3.0, 0.0, -1.0, -1.0, 2.0, 0.0, -1.0, 0.0, 0.0, 3.0, 0.6868560581, 2.67314049186, 1.0, 2.0, 98552.0, 557.0, 99499.0
0.0, 0.0, 1.0, 0.0, 2.0, -1.0, 2.04936637878, 3.0, 2.0, 3.0, -1.0, 1.0, 1.0, 0.0, 1.0, 2.69898386869, -0.36975401963, 1.0, -1.0, 3.0, 3.0, -1.0, -0.135253354965, 0.0, 2.0, -0.428470548763, 1.57170920025, 0.0, 1.0, 1.0, 0.0, 2.0, -0.726135707986, 2.0, 1.0, -1.0, 0.0, 3.0, 3.0, -1.0, 2.0, 2.0, 1.0, 3.0, 0.0, -1.0, -1.0, 1.0, -0.845240864346, 0.0, 98516.0, 573.0, 99500.0
1.0, -1.0, 3.0, 0.0, 2.0, 1.0, 3.0, -1.0, -1.0, 0.0, -1.0, 1.0, 1.0, 2.0, 0.0, -1.0, 3.0, 1.0, 2.0, -1.0, 1.0, 0.0, 3.0, 3.0, -1.0, 2.0, 0.0, -1.0, 3.0, 1.0, 2.0, 0.0, 1.0, -1.0, 0.0, -1.0, 2.0, -1.0, 0.0, 3.0, 1.0, 2.0, 2.0, 0.0, -1.0, -1.0, 2.0, 0.0, 1.0, 0.0, 98746.0, 500.0, 99532.0
2.0, -1.0, -1.0, 2.0, 2.0, -1.0, -1.0, 2.0, 0.0, 1.74194624232, -1.0, -1.0, 1.27041632023, -0.317665429233, 3.0, 0.0, -1.0, -1.0, 0.0, 1.0, -1.0, 0.0, 2.0, 0.0, -1.0, 3.0, 2.0, -1.0, 0.0, 1.0, 1.0, 1.0, 3.0, -1.0, 0.0, 1.0, 0.0, -1.0, 1.0, 0.632727107534, 2.0, 1.0, -1.0, 2.0, -1.0, 2.0, -1.0, 0.0, 0.0, 0.0, 98744.0, 461.0, 99572.0
3.0, 2.0, -1.0, -1.0, 1.0, 2.0, 1.0, 2.0, 0.0, 1.0, 1.0, 2.84268866591, 2.0, 0.0, 3.0, 0.0, 0.0, 3.0, 2.0, -1.0, -0.789569166434, 0.0, 1.0, -0.489158466182, -1.0, -1.0, 3.0, -1.0, 1.0, 0.964737193129, 2.0, 0.0, 1.0, 2.0, 1.0, 2.0, 0.0, 1.0, 3.0, -1.0, 3.0, -1.0, 2.0, 3.0, 0.0, 0.0, -1.0, 0.293991075493, 3.0, 0.0, 98563.0, 557.0, 99488.0
-1.0, -1.0, -0.966410746627, 1.0, 1.0, -1.0, 1.0, 1.0, -1.0, 1.0, 2.0, 0.0, 1.36048979248, 3.0, 2.0, 3.0, -0.390387497585, -1.0, 1.0, 2.0, 0.0, 2.0, 1.0, 1.0, -1.0, 0.0, 0.0528703088571, 0.0947630082123, 0.0, -1.0, 2.0, 3.0, 0.0, -1.0, 0.881868619124, -1.0, 2.60738178436, 2.0, 2.0, 0.0, -1.0, 2.0, -0.158565014226, 3.0, -1.0, 2.0, 3.0, 3.0, 2.54654087531, -0.012394968689, 98721.0, 510.0, 99496.0
-1.0, 2.0, 1.0, -1.0, 3.0, -1.0, 1.0, 0.0, 0.834261988233, -1.0, 0.0, -1.0, -1.0, 2.0, 3.0, 1.0, 1.0, 2.0, 0.0, 0.0, 1.0, -1.0, 1.0, 0.0, 1.0, 2.0, -1.0, 0.0, -1.0, 3.0, 3.0, 0.0, 2.0, -1.0, 3.0, -1.0, 0.0, -1.0, -1.0, 1.0, 2.0, 0.0, 2.0, 2.0, 1.0, 2.0, 3.0, -1.0, 0.0, 1.0, 98844.0, 501.0, 99525.0
-1.0, 3.0, 0.349633856384, -1.0, 3.0, -1.0, 2.0, -1.0, 0.0, -1.0, 1.0, 1.79987937353, 1.0, 2.0, 3.0, 0.0, 1.0, 0.0, 3.0, 1.0, -1.0, -0.387670314265, 0.605678988617, 0.0, -1.0, 1.0, 2.0, -1.0, 0.0, 2.0, 1.0, 1.0, 2.0, 3.0, -1.0, 0.0, 2.0, 3.0, 1.0, 0.0, 2.0, 0.0, 2.0, 1.0, 1.0, 0.440445272333, 2.0, -1.0, 1.0, 0.0, 98601.0, 549.0, 99483.0
1.0, 3.0, -1.0, -1.0, -1.0, 2.0, -1.0, 2.0, 1.0, -1.0, 0.0, 2.0, 0.627601042097, 1.0, 1.52121049559, 1.0, 0.0, 0.0, 1.0, 1.45694692814, -1.0, -1.0, 0.15494155601, 0.0, 2.0, 0.0, 2.0, 2.0, 2.0, 0.0, 1.0, 3.0, -1.0, 0.0, 0.0, 3.0, 1.0, -1.0, -1.0, 3.0, 0.0, 2.0, 1.0, 2.0, 3.0, 3.0, 0.0, -1.0, 2.0, 1.0, 98651.0, 542.0, 99492.0
-1.0, 2.0, -1.0, -1.0, 1.0, 3.0, 1.0, 1.0, 0.0, 3.0, 0.0, 3.0, 3.0, 2.0, 0.0, 3.0, 3.0, 1.0, 1.0, -1.0, 0.0, 2.0, 1.0, 3.0, 0.0532968111689, -1.0, 0.621673707732, 0.0, 2.0, 0.0, 2.0, 1.0, 1.73673333347, 0.0, 2.0, 1.0, 1.0, 3.0, -1.0, 3.0, -1.0, 1.0, 1.0, 2.0, -1.0, 2.0, 3.0, 0.0, 2.0, 2.0, 98560.0, 580.0, 99448.0
0.0, 0.0, 1.0, 0.0, 2.0, -1.0, 3.0, 3.0, 2.0, 3.0, -1.0, 1.0, 1.0, 1.0161616632, 1.0, 2.0, -0.36975401963, 2.94891877966, -1.0, 3.0, 3.0, -1.0, 0.429477475163, 0.0, 2.0, -1.0, 1.57170920025, 0.0, -0.117598831702, 1.0, 0.0, 2.0, 0.0, 2.0, 1.0, -1.0, 0.0, 3.0, 3.0, -1.0, 2.0, 2.0, 1.0, 3.0, 0.0, -1.0, -1.0, 1.0, 1.0, 3.0, 98512.0, 578.0, 99477.0
-1.0, 0.0, 2.0, 0.0, 1.0, 3.0, 3.0, 0.0, 2.0, 2.35524656083, 2.0, 1.0, 2.29688135542, 1.0, 2.0, -0.368530257823, -1.0, -1.0, 3.0, 0.0, 3.0, 1.0, 1.0, -1.0, 2.20748811939, 3.0, 0.0, 2.0, 1.0, 0.0, 3.0, -0.0567637713681, 2.0, -1.0, 3.0, 0.0, 1.0, 1.0, 0.632289383539, -0.370629708802, 3.0, 3.0, 0.0, 2.0, 2.02691436238, 2.0, 2.0, 1.0, 3.0, 1.0, 98586.0, 626.0, 99432.0
-1.0, 2.0, 1.0, -1.0, 3.0, -1.0, -0.966808452189, 0.0, -1.0, -1.0, 0.0, -1.0, -1.0, 2.16925337456, 3.0, 1.0, 1.0, 2.0, 0.0, 0.0, 1.0, -1.0, 2.64700470927, 0.0, 1.0, 2.0, -1.0, -0.888298414517, 1.81731274617, 3.0, 3.0, 0.0, 2.0, -1.0, 3.0, -1.0, 0.0, -1.0, -1.0, 1.0, 2.0, 0.0, 2.0, 2.0, 1.0, 2.0, 3.0, -1.0, 0.0, 0.703620783097, 98913.0, 464.0, 99550.0
2.0, -1.0, -1.0, 2.0, 2.71251499664, -1.0, -1.0, 2.0, 0.0, -1.0, -1.0, -1.0, 1.54041086173, 2.0, 3.0, 0.0, 0.0373093865987, -1.0, 0.0, 1.0, -1.0, 0.0, 0.311502441128, -0.910587479641, -1.0, 3.0, 3.0, -1.0, 0.0, 1.0, 1.33053732277, 1.0, 3.0, -1.0, 0.0, -0.0516596874738, 0.0, -1.0, 2.9178926602, 3.0, -0.867089120754, 1.0, -1.0, 2.8316835349, -1.0, 2.0, -1.0, 1.57755278526, 0.0, 0.0, 98857.0, 424.0, 99580.0
2.0, -1.0, -1.0, 2.0, 2.0, -1.0, -1.0, 2.0, 0.0, -1.0, -1.0, -1.0, 2.0, 2.0, 3.0, 0.0, -1.0, -1.0, 0.0, 1.0, -1.0, 0.0, 2.0, 0.0, -1.0, 3.0, 2.0, -1.0, 0.0, 1.0, 1.0, 1.0, 3.0, -1.0, 0.0, 1.0, 0.0, -1.0, 1.0, 3.0, 2.0, 1.0, -1.0, 2.0, -1.0, 2.0, -1.0, 0.0, 0.0, 0.0, 98824.0, 444.0, 99580.0
2.0, -1.0, -1.0, 2.0, 2.0, -1.0, -1.0, 2.0, 0.0, 1.74194624232, -1.0, -1.0, 2.0, 2.0, 3.0, 0.0, -1.0, -1.0, 0.0, 1.0, -1.0, 0.0, 2.0, 0.0, -1.0, 3.0, 2.0, -1.0, 0.0, 1.0, 1.0, 1.0, 3.0, -1.0, 0.0, 1.0, 0.0, -1.0, 1.0, 3.0, 2.0, 1.0, -1.0, 2.0, -1.0, 2.0, -1.0, 0.0, 0.0, 0.0, 98800.0, 461.0, 99572.0
3.0, 1.0, 2.68224770605, 2.0, 2.0, 2.0, 1.0, 0.438143906844, -1.0, 3.0, 0.215693184275, 1.0, -1.0, 1.0, 0.130410907538, 3.0, 3.0, -0.258603810787, 2.0, 2.78945091344, 3.0, 0.0, -1.0, 0.0, -0.0444633929542, 0.0, 1.65563283477, 1.0, 0.0, 1.0, -0.0315963622752, 2.0, 2.0, 1.0, 2.51432419127, 2.0, 1.0, 0.0, -0.0170159848883, 1.19012656671, 0.0, -1.0, 2.0, -0.237498727717, -1.0, 3.0, -1.0, 2.0, 3.0, 0.0, 98599.0, 613.0, 99439.0
0.0, 0.0, -1.0, 3.0, 2.0, 1.0, 3.0, 0.0, 2.0, 3.0, 2.0, -1.0, 3.0, 1.0, 0.0, 0.0, 1.0, 3.0, 1.0, -1.0, 0.0, 3.0, 2.0, 0.0, 1.0, -1.0, 1.0, 2.0, 3.0, 1.0, 1.0, -1.0, 3.0, 0.0, 3.0, 1.0, 0.0, -1.0, 1.0, 3.0, 3.0, 2.0, 0.0, 0.0, 2.0, 3.0, -1.0, 1.0, 2.0, 2.0, 98567.0, 591.0, 99443.0
-1.0, -1.0, 1.0, 1.0, 1.0, -1.0, 1.0, 1.0, -1.0, 1.0, 2.0, 0.0, 1.0, 3.0, 1.0, 3.0, -1.0, -1.0, 1.0, -1.0, 0.0, 2.0, 1.0, 1.0, -1.0, 0.0, 0.0, -1.0, 0.0, -1.0, 2.0, 3.0, 0.0, -1.0, 0.0, -1.0, 2.0, 2.0, 2.0, -0.320831635906, -1.0, 2.0, 2.0, 3.0, -1.0, 2.84103707131, 3.0, 3.0, 0.0, -1.0, 98890.0, 472.0, 99552.0
-1.0, 2.0, -1.0, -1.0, 1.0, 3.0, 1.0, 1.0, 0.0, 3.0, 0.0, 3.0, 0.901271642826, 2.0, 0.0, 3.0, 3.0, 1.0, 2.1028358342, -1.0, 0.0, 2.0, 1.0, 3.0, 0.0, -1.0, 2.0, 0.0, 2.0, 0.0, -1.0, 1.0, 0.0, 0.0, 2.0, 1.0, -0.268496414078, 3.0, -1.0, 3.0, -1.0, 1.0, 0.916328088963, 2.0, -1.0, 1.45773107077, 3.0, 0.0, 2.0, 2.95619675184, 98557.0, 565.0, 99456.0
0.0, 0.0, -1.0, 1.58566185629, 0.89932700519, 1.71364657345, 3.0, 0.0, 0.24784807144, 3.0, 2.0, -1.0, 3.0, 1.0, 0.0, 0.0, 1.0, 3.0, -1.0, -1.0, 0.0, 3.0, 2.0, -0.20910831361, 1.0, -1.0, 1.0, 2.51027711478, 3.0, 1.0, 1.0, 1.96067849861, 3.0, 0.0, 3.0, 1.0, 0.0, -1.0, 1.0, 3.0, 3.0, 2.0, 0.0, -0.773314893528, 2.0, 3.0, -1.0, 1.0, 2.0, 2.0, 98521.0, 584.0, 99453.0
3.0, -1.0, 0.0, 3.0, 2.0, 1.0, 2.0, -1.0, 2.0, 0.0, 1.0, -1.0, 0.0, 0.559539128963, 3.0, -1.0, 2.0, -1.0, 0.0, 0.0, 1.0, -1.0, -1.0, -0.572849966208, 2.0, 1.0, 1.0, 2.0, -1.0, 2.0, 0.0, 1.0, 0.0, 2.0, 3.0, 3.0, -1.0, 0.0, 1.0, -1.0, -1.0, 0.0, 0.0126650177803, -1.0, 1.0, -1.0, 0.0, 0.309595178701, -1.0, 0.0, 98748.0, 500.0, 99563.0
-1.0, -1.0, 1.0, -0.835014654503, 1.0, -1.0, 1.0, 1.0, -1.0, 1.0, 2.0, 0.0, 1.0, 3.0, 2.0, 3.0, -1.0, -1.0, 1.0, 2.0, -0.430902388828, 2.0, 1.0, 1.0, -1.0, 0.0, 0.0, 0.0947630082123, 0.0, -1.0, 2.0, 3.0, 0.0, -1.0, 0.881868619124, -1.0, 2.0, 2.0, 2.0, 0.0, -1.0, 2.0, 0.354485364453, 3.0, -1.0, 2.0, 2.34045770374, 3.0, 0.0, -0.758969514766, 98854.0, 491.0, 99537.0
-1.0, 1.0, -1.0, 3.0, 2.0, 2.70478316384, 0.0, 3.0, 1.0, -1.0, 2.79393077318, 3.0, 0.0, -1.0, 2.0, 0.0, -1.0, -0.615172593824, 1.0, 0.0, -1.0, -0.935743449571, 0.0, 2.0, 3.0, 1.0, 0.0, 2.0, 0.0, 0.0, -1.0, 0.0, 2.0, 2.0, 1.0, -1.0, 2.0, 1.0, 0.853177977006, 1.0, -0.783684796525, 2.0, 1.0, -1.0, 1.81117077403, 2.0, -0.0159817479666, -1.0, 2.0, -0.355780182666, 98760.0, 512.0, 99518.0
-1.0, 2.0, 1.0, -1.0, 3.0, -1.0, 1.0, 0.0, -1.0, -1.0, 0.0, -1.0, -1.0, 2.0, 3.0, 1.0, 1.0, 2.0, 0.0, 0.0, 1.51443500785, -1.0, 1.0, 0.0, 1.0, 2.0, -1.0, 0.0, -1.0, 3.0, 3.0, 0.0, 1.87477035922, -1.0, 3.0, -1.0, 0.0, -1.0, -1.0, 1.0, 2.0, 0.0, 2.0, 2.0, 1.0, 3.0, -0.124799237678, -1.0, 0.0, 1.0, 98891.0, 483.0, 99535.0
3.0, -1.0, 0.0, 3.0, 2.0, 1.0, 2.0, -1.0, 2.0, 0.0, 1.0, 1.11224241916, 0.0, 0.559539128963, 3.0, -1.0, 2.0, -1.0, 0.0, 0.0, 1.0, -1.0, -1.0, -0.572849966208, 2.0, 1.0, 1.0, 2.0, -1.0, 2.0, 0.0, 1.0, 0.0, 2.0, 2.84097018587, 3.0, -1.0, 0.0, 1.0, -1.0, -1.0, 0.0, 0.0126650177803, -1.0, 1.0, -1.0, -0.816764124472, 0.309595178701, -1.0, 0.0, 98703.0, 502.0, 99559.0
-1.0, 1.0, -1.0, 3.0, 2.0, 2.70478316384, 0.0, 3.0, 1.0, -1.0, 1.0, 3.0, 0.0, -1.0, 2.0, 0.0, -1.0, -0.615172593824, 1.0, 0.0, -1.0, 0.0, 0.0, 2.0, 3.0, 1.0, 0.0, 2.0, 0.0, 0.0, -1.0, 0.0, 2.0, 2.0, 1.0, -1.0, 2.0, 1.0, 2.0, 1.0, -0.783684796525, 2.0, 1.0, -1.0, 0.0, 2.0, -0.0159817479666, -1.0, 2.0, 1.0, 98696.0, 523.0, 99508.0
3.0, 3.0, -1.0, 2.0, 1.0, -1.0, 3.0, -1.0, -1.0, 0.0, 2.0, 2.0, 0.0, 2.0, 1.0, -1.0, 0.595734501588, 1.36717476268, -0.733878307638, 2.0, 1.0, 0.0, -1.0, 1.0, 1.0, 0.0, 2.0, 1.28528039406, 0.0, 3.0, 0.434304805735, 2.59011400184, 3.0, -1.0, 0.166446066728, 1.0, -0.76112697327, 0.0, 2.0, 0.0, -1.0, 2.07222306674, 0.0, -1.0, 2.0, 3.0, 0.0, 1.0, 0.0, -1.0, 98639.0, 529.0, 99516.0
1.0, -1.0, 3.0, -0.448094961598, 2.0, 1.0, 3.0, -1.0, -1.0, 0.0, -1.0, 1.0, 1.0, 2.0, 0.0, -1.0, 3.0, 1.0, 2.0, -1.0, 1.0, -0.110694479539, 3.0, 3.0, -1.0, 2.0, 0.0, -1.0, 3.0, 1.0, 1.94675687222, 0.812921591165, 1.0, -1.0, 0.0, -1.0, 2.0, -1.0, 0.0, 3.0, 1.0, 2.0, 2.0, 0.0, -1.0, -1.0, 2.0, 0.0, -0.845240864346, 0.0, 98810.0, 490.0, 99547.0
-1.0, 1.0, -1.0, 3.0, 2.0, 3.0, 0.0, 3.0, 1.0, -1.0, 1.0, 3.0, 0.0, -1.0, 2.0, -0.0353865153422, 1.87998914732, 3.0, 1.0, 0.0, -1.0, 0.0, 0.0, 2.0, 3.0, 1.0, 0.0, 2.0, 0.0, 1.98259840132, -1.0, 0.0, 2.0, 2.0, 1.0, -1.0, 2.0, 1.0, 2.0, 1.0, -1.0, 2.0, 0.708133485706, -0.178417998565, 0.0, 2.0, 1.42470538, -1.0, 2.0, 0.718937402064, 98659.0, 563.0, 99467.0
0.0, 3.0, 3.0, 3.0, -1.0, 2.0, 3.0, -1.0, 2.0, 2.0, 0.0, 2.0, 2.0, 2.0, 3.0, 0.280027293354, 0.0, 2.0, -1.0, 3.0, 3.0, 0.0, 1.0, 1.0, -1.0, 1.0, 0.0, -1.0, -1.0, -1.0, -1.0, -1.0, 2.58686511538, -0.0769484666348, 0.0, 2.0, 1.0, 1.0, 1.0, 2.0, -1.0, 1.0, 0.0, 3.0, -1.0, 0.0, -1.0, 0.0, 1.0, 0.0, 98688.0, 517.0, 99513.0
1.0, 3.0, -1.0, -1.0, -1.0, 2.0, -1.0, 2.0, 1.0, -1.0, 0.0, 2.0, -1.0, 1.0, 1.0, 1.0, 0.0, 0.0, 1.0, 2.0, -1.0, -1.0, 1.0, 0.0, 2.0, 0.0, 2.0, 2.0, 2.0, 0.0, 1.0, 3.0, -1.0, 0.0, 0.0, 3.0, 1.0, -1.0, -1.0, 3.0, 0.0, 2.0, 1.0, 2.0, 3.0, 3.0, 0.0, -1.0, 2.0, 1.0, 98726.0, 532.0, 99503.0
-1.0, 2.0, -1.0, -1.0, 1.0, 3.0, 1.0, 1.0, 0.0, 3.0, 0.0, 3.0, 3.0, 2.0, 0.0, 3.0, 3.0, 1.0, 1.0, -1.0, 0.0, 2.0, 1.0, 3.0, 0.0, -1.0, 2.0, 0.0, 2.0, 0.0, 2.0, 1.0, 0.0, 0.0, 2.0, 1.0, 1.0, 3.0, -1.0, 3.0, -1.0, 1.0, 1.0, 2.0, -1.0, 2.0, 3.0, 0.0, 2.0, 2.0, 98562.0, 580.0, 99448.0
-1.0, 2.0, 1.0, -1.0, 3.0, -1.0, -0.966808452189, 0.0, 2.20796795913, -1.0, 0.0, -1.0, -1.0, 2.16925337456, 3.0, 1.0, 1.0, 2.0, 0.0, 0.681678514529, 1.0, -1.0, 2.64700470927, 0.0, 1.0, 2.0, -1.0, -0.888298414517, 1.81731274617, 3.0, 3.0, 0.0, 0.283282858977, -1.0, 3.0, -1.0, 0.0, -1.0, -1.0, 1.0, 2.45440457432, 0.0, 2.0, 2.0, 1.0, 2.0, 3.0, 0.630469385467, 0.0, 0.703620783097, 98812.0, 495.0, 99533.0
-1.0, 3.0, 0.0, -1.0, -1.0, -1.0, 2.0, -1.0, 0.0, -1.0, 1.0, 2.0, 1.0, 2.0, 3.0, 0.0, 1.0, 0.0, 3.0, 1.0, -1.0, -1.0, 2.0, 0.0, -1.0, 1.0, 1.56919107267, -1.0, 0.0, 2.0, 1.0, 1.0, 2.0, 3.0, -1.0, 0.0, 2.0, 3.0, 1.0, -0.702966252633, 2.0, 0.0, 2.0, 1.0, 1.0, -0.813774560481, 2.0, 0.0, 1.0, 0.0, 98620.0, 510.0, 99524.0
3.0, 2.0, -1.0, -1.0, 1.61372885503, 2.0, 1.0, 2.0, 0.0, 1.0, 1.0, 2.18468893091, 2.0, 0.0, 0.550559188557, -0.596110036891, 0.0, 3.0, 2.0, -1.0, 0.0, 0.160153841115, 1.0, 1.0, -0.765356357005, -1.0, 3.0, -1.0, 0.098879603611, -1.0, 2.0, 0.0, -0.574466576313, 2.0, 1.0, 2.0, 1.12704547568, 1.0, 3.0, -1.0, 3.0, 0.537954684122, 2.0, 3.0, 0.0, 0.0, -1.0, 2.95272647897, 3.0, 0.0, 98580.0, 541.0, 99502.0
-1.0, -1.0, -1.0, 0.0, -1.0, 3.0, 3.0, 2.0, 3.0, 0.0, 2.0, 1.0, 0.570825227126, 2.58995044148, 1.0, 2.0, 0.0, 3.0, 2.0, 1.0, 2.0, -1.0, -1.0, 2.0, -1.0, 1.0, 1.0, -1.0, 3.0, 3.0, 0.0, 0.0, 1.9221661476, 1.0, 3.0, 2.9775691322, 3.0, 2.0, 2.0, -1.0, 2.0, 1.0, 3.0, 0.975815578127, 1.0, 1.0, 0.0, 1.0, 1.0, 0.0, 98716.0, 561.0, 99468.0
0.0, 2.0, 1.0, -1.0, 2.0, 3.0, 1.0, 0.0, 3.0, 1.0, 3.0, -0.277371348762, 1.0, 0.0, -1.0, -1.0, 2.0, 1.0, -1.0, 1.0, -1.0, -1.0, 3.0, 2.0, 0.0, 0.0, -0.000453337433561, 3.0, 0.0, 0.0, 3.0, 3.0, 0.0, 1.0, 2.04981056241, 0.0, -1.0, 2.0, -1.0, 2.0, 2.0, 0.0, -1.0, -1.0, 2.0, 3.0, 2.0, 0.0, 2.0435740311, 1.0, 98518.0, 569.0, 99503.0
0.0, 0.0, 1.0, 2.0, 1.0, 3.0, 2.0, -1.0, -1.0, -1.0, 2.0, 0.0, 0.0, 1.0, 3.0, 0.401782213622, 0.0, 1.0, 3.0, 2.00326949928, 2.0, -1.0, 0.0, -1.0, -1.0, 1.0, 1.0, -1.0, -0.116707235303, -1.0, -1.0, 0.0, 0.0, 2.0, -0.0360050950221, -1.0, 3.0, 3.0, 0.0, 1.0, 3.0, 0.0, -1.0, 2.0, 2.34417252216, 2.4167222915, 1.0, 1.45081633729, 2.0, 2.0, 98616.0, 532.0, 99505.0
0.0, 3.0, 3.0, 3.0, -1.0, 2.0, 3.0, -1.0, 2.0, 2.0, 2.0, -0.798371174258, 2.62581080911, 2.0, 3.0, 1.0, 0.0, 2.0, -1.0, 3.0, 3.0, 0.0, 1.0, 0.0, -1.0, 1.0, 0.904671745706, -1.0, -1.0, -1.0, -1.0, -1.0, 2.0, -1.0, 0.0, 1.04514578641, 0.0400317924101, 1.0, 2.35498952687, 2.99773013204, -1.0, 1.0, 0.0, 3.0, -1.0, 0.0, 0.16381193042, 0.0, 1.0, 0.0, 98802.0, 501.0, 99530.0
0.0, 3.0, 3.0, 3.0, -1.0, 2.0, 3.0, -1.0, 2.0, 2.0, 0.0, 2.0, 2.62581080911, 2.0, 3.0, 1.0, 0.0, 2.0, -1.0, 3.0, 3.0, 0.0, 1.0, 1.0, -1.0, 1.0, 0.0, -1.0, -1.0, -1.0, -1.0, -1.0, 2.0, -1.0, 0.0, 1.04514578641, 0.0400317924101, 1.0, 3.0, 2.98828482358, -1.0, 1.0, 0.0, 3.0, -1.0, 0.0, -1.0, 0.0, 1.0, 0.0, 98758.0, 503.0, 99526.0
3.0, 1.0, -1.0, 1.0, 3.0, 2.0, 0.0, 1.0, -1.0, -1.0, -1.0, 1.0, 0.0, 3.0, 3.0, 0.0, 0.0, 2.0, 1.0, -0.188172655507, 0.0, 1.0, 3.0, 0.0, 1.80370113362, 3.0, 3.0, 2.0, 2.0, 2.99642221075, 1.15519787497, -1.0, -1.0, 0.0, 3.0, 0.0, 1.25720590643, 2.0, 3.0, 2.0, 2.0, -1.0, 1.0, 2.0, -0.685850073503, 2.0, 0.0, -1.0, 0.0, 1.0, 98655.0, 564.0, 99474.0
0.0, 0.0, 1.0, 2.0, 1.0, 3.0, 2.0, -1.0, -1.0, -1.0, 2.0, 0.0, 0.0, 1.0, 3.0, -1.0, 0.0, 1.0, 3.0, 1.0, 2.0, -1.0, 0.0, -1.0, -1.0, 1.0, 1.0, -1.0, 1.0, -1.0, -1.0, 0.0, 0.0, 2.0, -1.0, -1.0, 3.0, 3.0, 0.0, 1.0, 3.0, 0.0, -1.0, 2.0, 2.0, 3.0, 1.0, 0.0, 2.0, 2.0, 98681.0, 504.0, 99534.0
1.0, -1.0, 0.509187134156, 0.0, 2.0, 1.0, 3.0, -1.0, -1.0, 0.0, -0.370580278982, 2.24283222636, 1.0, 0.0408974315164, 0.0, -1.0, 3.0, 1.0, 2.0, -1.0, 2.1015762757, 0.0, 3.0, 3.0, -1.0, 2.0, 0.428679485857, -1.0, 3.0, 1.0, 2.0, 0.0, 1.0, -0.99143013004, 0.0, -0.297781100414, 2.0, -1.0, 0.0, 3.0, 2.0, 2.0, 2.0, 0.0, -0.0306158708201, -1.0, 2.0, 0.0, 1.0, 0.0, 98595.0, 548.0, 99490.0
2.0, 1.0, -0.900919677921, 3.0, 1.0, 0.0, 1.0, -1.0, 2.0, 1.0, -1.0, 2.78531725467, 1.99514996751, 1.0, 1.0, 2.0, 1.0, 1.56834874978, -1.0, -1.0, 2.0, 2.0, 0.0, 3.0, 2.0, -1.0, 0.0, 1.0, 3.0, -1.0, -1.0, 3.0, 1.0, 2.0, 1.0, 2.0, 3.0, 0.0, -1.0, -0.129852138366, 2.0, 3.0, 1.0, 0.0, -1.0, -1.0, 2.0, 0.0, 0.0, 0.0, 98621.0, 544.0, 99500.0
-1.0, 2.0, -1.0, 2.0, 3.0, 3.0, 2.0, 2.7843080549, 0.0, 1.0, -1.0, -1.0, 1.0, 0.0, 3.0, 1.47845569975, 0.0, 0.0, 1.0, 2.0, 1.0, -1.0, 2.45968430369, -0.312794623703, -1.0, -1.0, -1.0, 1.72260013967, 1.0, 0.0, 0.0, 3.0, -1.0, 0.0, 0.191634810692, 3.0, 2.0, 3.0, 3.0, 1.0, 2.0, 0.0, 0.0, -0.677131823583, 1.0, 2.0, 3.0, 0.0, 2.0, -1.0, 98654.0, 543.0, 99501.0
0.0, 3.0, 3.0, 3.0, -1.0, 2.0, 3.0, -1.0, 2.0, 2.0, 0.0, 2.0, 2.62581080911, 2.0, 3.0, 1.0, 0.0, 2.0, -1.0, 3.0, 3.0, 0.0, 1.0, 0.0, -1.0, 1.0, 0.0, -1.0, -1.0, -1.0, -1.0, -1.0, 2.0, -1.0, 0.0, 1.04514578641, 0.0400317924101, 1.0, 2.35498952687, 2.99773013204, -1.0, 1.0, 0.0, 3.0, -1.0, 0.0, 0.16381193042, 0.0, 1.0, 0.0, 98722.0, 516.0, 99517.0
3.0, 0.0, 3.0, 2.0, 1.0, -1.0, -1.0, 1.0, -1.0, 2.0, 1.0, -1.0, 1.5350640693, 0.0, 3.0, 0.0, 2.0, 2.0, 3.0, 2.0, 2.0, 3.0, 0.0, 1.0, -1.0, -1.0, 2.0, -1.0, 0.0, 1.0, 2.0, -1.0, 0.0, -1.0, 3.0, 1.0, 0.0, 1.0, 0.0, 3.0, 3.0, 3.0, 0.0, 2.0, 0.0, 3.0, 2.0, 1.0, 3.0, 0.0, 98669.0, 555.0, 99476.0
