0.111038225593, 0.893755195629, 2.10474255442, 0.920357590749, 95.0350579934, 1.81008099841, 0.0148999278016, 2.84562885938, 13.2065750081, 62.3111088719, 0.0100862466564, 0.0
0.179887614852, 0.976824929891, 2.29433656528, 0.684422984164, 96.4983196536, 7.11175551497, 0.0454922886784, 2.58724329329, 10.0986264806, 117.642393881, 0.00232924364371, 0.0
0.139096584173, 0.856464235187, 2.2875400288, 0.714096643734, 80.5861323912, 7.52280516716, 0.15156033761, 0.952907666018, 18.1374877771, 57.9363592892, 0.0726219860279, 0.454545454545
0.103673541367, 1.09105783045, 2.33255978222, 0.814916916382, 92.72784058, 9.89490891466, 0.205067118468, 2.23392831088, 17.3926339123, 148.75398134, 0.0, 0.0
0.151788296672, 1.03665126689, 2.29433656528, 0.9418800654, 91.2581238844, 7.11175551497, 0.168698294498, 1.94043504408, 10.0986264806, 0.0, 1.0, 0.0
0.139096584173, 1.07337270769, 3.155562936, 0.947172355163, 81.7834932499, 5.25415668239, 0.196794857901, 1.45675991037, 18.9967849956, 0.0, 1.0, 0.0
0.153674006799, 0.899842249842, 2.42571824112, 0.636474104665, 99.1680233616, 1.81008099841, 0.0454922886784, 2.84562885938, 13.2065750081, 110.296472247, 0.00767233464348, 0.4
0.153674006799, 0.899842249842, 2.42571824112, 0.636474104665, 85.1382233514, 1.78325202697, 0.0454922886784, 4.32748725297, 18.2862641007, 112.230921508, 0.00707537449829, 0.0
0.165584254499, 1.14693798517, 2.14409655777, 0.878161967746, 98.8781342118, 1.6318039398, 0.494981937434, 4.08281231058, 12.1449821787, 70.8221633006, 0.0130948669701, 0.142857142857
0.111038225593, 0.899842249842, 2.10474255442, 0.920357590749, 95.0350579934, 1.81008099841, 0.0148999278016, 0.761710711638, 13.2065750081, 62.5940150024, 0.0138047120107, 0.214285714286
0.111874757482, 1.17286651298, 2.30006930199, 0.924838829181, 89.9773333992, 1.80952907248, 0.190287856827, 0.409378731556, 10.0984082132, 109.676718972, 0.0104877258358, 0.0
0.157000849913, 0.860414102444, 2.23725093788, 0.684166831157, 97.6081421453, 1.18074586565, 0.521755964617, 4.65539781153, 10.6841084129, 68.8553684476, 0.0166946527015, 0.0
0.114250563004, 0.858323575541, 2.27442575181, 0.721652037807, 83.7188780678, 9.30716458723, 0.330180198251, 2.39005020463, 10.8218451097, 68.4765804054, 0.0532339819547, 0.0
0.124730994847, 1.07060249018, 2.29433656528, 0.9418800654, 91.2581238844, 1.18074586565, 0.168698294498, 1.94043504408, 10.0986264806, 127.559112743, 0.00487674464813, 0.0
0.103673541367, 1.09105783045, 2.33255978222, 0.814916916382, 82.707618322, 1.18074586565, 0.205067118468, 2.23392831088, 17.3926339123, 129.238152884, 0.00401517598338, 0.0
0.179887614852, 0.976824929891, 2.29433656528, 0.684422984164, 96.4983196536, 7.11175551497, 0.133235570656, 1.94043504408, 10.0986264806, 62.2389423286, 0.103650961071, 0.461538461538
0.141541625346, 1.14359260907, 6.44413640298, 0.650204987594, 94.5804754013, 8.08780420845, 0.755635080618, 3.75585416618, 12.7700846852, 519.900483479, 0.0, 0.0
0.114250563004, 1.21835158669, 2.27442575181, 0.721652037807, 83.7188780678, 1.53402899049, 0.330180198251, 1.6031134674, 10.8218451097, 202.072645125, 0.00391117705384, 0.0
0.148611743643, 0.928753020907, 6.05932993661, 0.929797852972, 99.5550779166, 1.21810285603, 0.585083698943, 3.37620954026, 10.903902716, 252.586446602, 0.00361467548471, 0.2
0.164890961487, 0.860414102444, 2.93869018704, 0.673841243233, 97.6081421453, 1.18074586565, 0.240093557589, 2.25135771402, 13.0087245881, 124.95397934, 0.00763673795056, 0.3
0.128336481547, 1.02798339074, 2.29424152673, 0.636474104665, 89.9773333992, 1.18074586565, 0.420067430374, 0.409378731556, 11.4284145635, 117.956078688, 0.00987593699017, 0.3125
0.11281068466, 0.840123045083, 2.20365561793, 0.733452989482, 99.5233340719, 1.18074586565, 0.0772798624013, 4.65539781153, 15.2461696307, 114.318947084, 0.00993064864186, 0.473684210526
0.164890961487, 0.860414102444, 2.93869018704, 0.644796716848, 92.4526297037, 1.18074586565, 0.240093557589, 1.54150579825, 11.0770601165, 104.478129853, 0.016244767792, 0.181818181818
0.165584254499, 1.14693798517, 2.14409655777, 0.878161967746, 85.0873063914, 1.6318039398, 0.494981937434, 4.08281231058, 12.1449821787, 111.373563255, 0.0117362323408, 0.0
0.176589205291, 0.858113806613, 2.29424152673, 0.848364210893, 89.9773333992, 1.28744579913, 0.420067430374, 4.33142882682, 11.4284145635, 111.061533995, 0.0109934417767, 0.222222222222
0.164890961487, 0.827506812432, 2.49182414227, 0.924621147873, 92.9624720547, 1.86449467648, 0.240093557589, 4.27466240003, 11.0770601165, 121.356592557, 0.0113483242248, 0.0
0.199451415493, 0.899842249842, 2.42571824112, 0.924838829181, 95.0350579934, 1.81008099841, 0.0148999278016, 2.84562885938, 13.2065750081, 73.6531259854, 0.0483943083075, 0.533333333333
0.153674006799, 0.899842249842, 2.42571824112, 0.636474104665, 95.0350579934, 1.52378405103, 0.0197093026807, 2.84562885938, 13.2065750081, 100.502705155, 0.0167029396787, 0.0
0.164890961487, 0.860414102444, 2.93869018704, 0.673841243233, 97.6081421453, 1.18074586565, 0.240093557589, 2.25135771402, 13.0087245881, 83.2065344475, 0.0175325342329, 0.0714285714286
0.199451415493, 0.899842249842, 2.07537035418, 0.927887928685, 95.0350579934, 1.81008099841, 0.0148999278016, 2.84562885938, 13.2065750081, 77.7007782575, 0.0284823341223, 0.416666666667
0.153674006799, 0.899842249842, 2.42571824112, 0.636474104665, 85.1382233514, 1.78325202697, 0.133235570656, 4.32748725297, 18.2862641007, 86.3314780831, 0.0378319378443, 0.0
0.107057356203, 0.840123045083, 2.20365561793, 0.684166831157, 99.5233340719, 3.51992842015, 0.0899414491321, 4.65539781153, 14.9275595497, 95.609714765, 0.0282573272747, 0.0625
0.107161775951, 0.897653447142, 2.89820687178, 0.684166831157, 95.0350579934, 6.25771325019, 0.454354299136, 4.45518179793, 15.5509743888, 86.1082434507, 0.0701773052951, 0.0
0.191095726614, 0.99922905399, 2.29433656528, 0.684422984164, 96.4983196536, 4.00363891281, 0.105396289565, 0.575268057241, 10.0986264806, 83.3830369189, 0.0810130395175, 0.0
0.164890961487, 0.860414102444, 2.93869018704, 0.842721656789, 97.6081421453, 1.18074586565, 0.084859278555, 1.54150579825, 13.0087245881, 130.229814023, 0.00603326388584, 0.142857142857
0.108988574269, 0.839455810669, 2.27442575181, 0.828101640741, 84.6441792307, 1.52378405103, 1.5687364752, 1.90435343239, 16.8491083863, 131.839804093, 0.00797548323103, 0.0
0.112021365567, 0.860414102444, 3.45155040142, 0.924621147873, 91.8753388098, 1.18074586565, 0.240093557589, 4.97888632542, 11.0770601165, 171.501208339, 0.00442203186771, 0.0
0.111038225593, 0.899842249842, 2.42571824112, 0.924838829181, 95.0350579934, 1.81008099841, 0.0148999278016, 2.84562885938, 13.2065750081, 134.114647317, 0.00532791440404, 0.0
0.171232579909, 1.13734062814, 7.104644028, 0.943914152474, 85.1382233514, 2.22962735239, 0.955983247421, 2.30077271627, 17.687730723, 622.178724038, 0.00376994852786, 0.0
0.128336481547, 1.02798339074, 2.29424152673, 0.636474104665, 99.9309281614, 1.86449467648, 0.420067430374, 0.409378731556, 11.4284145635, 119.183274031, 0.0122132702723, 0.0
0.124730994847, 1.06056501646, 2.29433656528, 0.9418800654, 91.2581238844, 1.15409422699, 0.168698294498, 3.35966114993, 10.0986264806, 114.287324505, 0.0162679206108, 0.647058823529
0.164890961487, 0.827506812432, 2.49182414227, 0.924621147873, 90.5481014531, 1.86449467648, 0.240093557589, 4.27466240003, 11.0770601165, 130.86801577, 0.0118431361439, 0.0
0.151788296672, 1.03665126689, 2.29433656528, 0.9418800654, 91.2581238844, 7.11175551497, 0.168698294498, 1.94043504408, 10.0986264806, 116.980427677, 0.0171626713188, 0.0
0.100545456364, 1.04177601387, 2.29433656528, 0.850186971727, 98.3413209568, 7.11175551497, 0.161356600089, 4.65539781153, 15.3060411216, 112.845471587, 0.0302101281863, 0.0
0.111038225593, 0.899842249842, 2.10474255442, 0.920357590749, 95.0350579934, 1.81008099841, 0.0148999278016, 0.761710711638, 13.2065750081, 113.28490584, 0.0187742256557, 0.153846153846
0.176589205291, 0.858113806613, 2.29424152673, 0.848364210893, 89.9773333992, 1.18074586565, 0.420067430374, 4.33142882682, 13.0087245881, 112.491785795, 0.0186601483535, 0.5
0.164890961487, 0.827506812432, 2.49182414227, 0.924621147873, 90.5481014531, 1.86449467648, 0.240093557589, 4.27466240003, 11.0770601165, 84.8839828447, 0.0255966967224, 0.0833333333333
0.199601814741, 0.899842249842, 2.16064826739, 0.924838829181, 89.9854434213, 1.81008099841, 0.0148999278016, 2.84562885938, 13.2065750081, 104.342078755, 0.0183633405296, 0.5625
0.164890961487, 0.827506812432, 2.49182414227, 0.924621147873, 99.1680233616, 1.86449467648, 0.411478302226, 4.27466240003, 11.0770601165, 116.916018467, 0.0224598808031, 0.142857142857
0.128336481547, 1.02798339074, 2.29424152673, 0.636474104665, 99.9309281614, 2.26897433768, 0.420067430374, 0.409378731556, 11.4284145635, 103.463870526, 0.0216314345408, 0.6
0.133743556686, 1.20417720438, 7.03301129321, 0.917990702182, 93.9422674869, 5.90833581641, 0.680158812067, 4.30755649174, 13.6595454531, 109.433203893, 0.0483425545642, 0.0
0.190486006839, 1.06352230213, 3.48033608319, 0.946117954275, 96.8577996455, 6.46617079616, 0.33418800866, 4.97888632542, 10.3766243479, 98.2954935903, 0.0509213026885, 0.0
0.157000849913, 0.860414102444, 2.23725093788, 0.930667544938, 97.6081421453, 7.11175551497, 0.521755964617, 4.65539781153, 10.6841084129, 94.5437174454, 0.0548525309075, 0.0
0.114250563004, 0.858323575541, 2.27442575181, 0.721652037807, 97.6081421453, 9.30716458723, 0.521755964617, 4.65539781153, 10.8218451097, 88.5630439909, 0.0795944425914, 0.0
0.164890961487, 0.860414102444, 2.32260964678, 0.924838829181, 97.6081421453, 1.18074586565, 0.240093557589, 1.54150579825, 13.2065750081, 133.340888898, 0.0112670781975, 0.227272727273
0.199451415493, 0.899842249842, 2.16064826739, 0.924838829181, 95.0350579934, 1.81008099841, 0.0148999278016, 2.84562885938, 13.2065750081, 133.086548819, 0.011463605097, 0.0
0.108988574269, 0.857814520122, 6.60188343986, 0.828101640741, 84.6441792307, 1.52378405103, 0.316141129689, 1.90435343239, 10.903902716, 308.083172151, 0.0050396849948, 0.0
0.148611743643, 0.987199891156, 6.05932993661, 0.929797852972, 99.5550779166, 1.21810285603, 0.585083698943, 3.37620954026, 10.903902716, 371.315076569, 0.00450321537175, 0.125
0.136489978065, 1.13734062814, 4.03168440051, 0.929797852972, 99.5550779166, 1.21810285603, 0.955983247421, 1.60367375883, 10.903902716, 313.707111451, 0.00467500282019, 0.0
0.148611743643, 0.987199891156, 6.05932993661, 0.929797852972, 99.5550779166, 1.21810285603, 0.094343514741, 1.60367375883, 10.903902716, 343.633489884, 0.00459323316346, 0.222222222222
0.148611743643, 0.987199891156, 6.05932993661, 0.929797852972, 92.9552491613, 1.15116483506, 0.345280974381, 4.33142882682, 16.8491083863, 291.742964233, 0.00480824579455, 0.1
0.128336481547, 1.02798339074, 2.29424152673, 0.636474104665, 89.9773333992, 1.18074586565, 0.420067430374, 0.409378731556, 11.4284145635, 169.183410603, 0.00591570674433, 0.0
0.112021365567, 0.880430790297, 2.49182414227, 0.924621147873, 99.8543412949, 1.86449467648, 1.9338448376, 4.27466240003, 18.8341466739, 153.438312177, 0.00599347772183, 0.0
0.148611743643, 0.987199891156, 6.05932993661, 0.929797852972, 99.5550779166, 1.21810285603, 0.585083698943, 3.37620954026, 10.903902716, 290.656660193, 0.00556388287007, 0.0
0.171232579909, 1.13734062814, 2.29424152673, 0.943914152474, 90.5481014531, 1.334521092, 0.940908695661, 2.30077271627, 17.687730723, 134.385534138, 0.00622590873432, 0.0
0.152034683384, 0.888753257084, 2.2011115855, 0.687286906098, 95.0350579934, 3.51992842015, 0.242337121649, 4.80505859563, 10.6841084129, 121.156316263, 0.0159632270214, 0.111111111111
0.112021365567, 0.827506812432, 2.49182414227, 0.937371372957, 90.5860521646, 1.86449467648, 0.872973775532, 4.27466240003, 18.8341466739, 121.505020131, 0.0140396204921, 0.222222222222
0.164890961487, 0.899842249842, 2.93869018704, 0.673841243233, 97.6081421453, 1.18074586565, 0.240093557589, 2.25135771402, 13.2065750081, 132.41187932, 0.0125219286443, 0.0588235294118
0.164890961487, 0.827506812432, 2.49182414227, 0.924621147873, 90.5481014531, 1.86449467648, 0.240093557589, 4.27466240003, 11.0770601165, 117.016289495, 0.0186302403289, 0.0
0.157000849913, 1.04177601387, 2.23725093788, 0.684166831157, 99.5233340719, 3.51992842015, 0.521755964617, 4.65539781153, 10.6841084129, 87.7017843772, 0.0691507111959, 0.307692307692
0.164890961487, 0.827506812432, 2.49182414227, 0.924621147873, 85.1382233514, 1.86449467648, 0.240093557589, 4.27466240003, 11.0770601165, 97.7411126809, 0.0338089099816, 0.380952380952
0.199451415493, 0.899842249842, 2.42571824112, 0.924838829181, 95.0350579934, 1.81008099841, 0.0148999278016, 2.84562885938, 13.2065750081, 114.693673798, 0.0328410312311, 0.125
0.166508346558, 0.889349916665, 2.29433656528, 0.684422984164, 98.9036728984, 6.68140663514, 0.168698294498, 1.94043504408, 15.6852055969, 93.8713144806, 0.0571590993783, 0.3
0.164890961487, 0.860414102444, 2.93869018704, 0.673841243233, 97.6081421453, 1.18074586565, 0.240093557589, 1.54150579825, 13.0087245881, 89.4115141053, 0.0506339497919, 0.571428571429
0.11281068466, 1.04177601387, 2.20365561793, 0.684166831157, 99.8984382308, 3.51992842015, 0.0899414491321, 1.54150579825, 13.8558543427, 115.983232458, 0.0258755187147, 0.4
0.112021365567, 0.827506812432, 2.49182414227, 0.937371372957, 90.5860521646, 1.86449467648, 0.580341654573, 4.27466240003, 18.8341466739, 113.578087116, 0.039962097083, 0.25
0.11281068466, 1.04177601387, 2.20365561793, 0.684166831157, 99.5233340719, 3.51992842015, 0.0899414491321, 1.54150579825, 15.3634784263, 99.0747810418, 0.0309147539253, 0.6
0.199451415493, 0.860414102444, 2.07537035418, 0.927887928685, 95.0350579934, 1.81008099841, 0.0148999278016, 2.84562885938, 13.0087245881, 96.9970972858, 0.0533564974421, 0.238095238095
0.128336481547, 1.02798339074, 2.63411987932, 0.604001416402, 98.5975979111, 4.79141350736, 0.616299716963, 4.71783084362, 16.0494475481, 110.491022943, 0.044779860626, 0.333333333333
0.179887614852, 0.976824929891, 2.29433656528, 0.684422984164, 96.4983196536, 4.00363891281, 0.105396289565, 0.575268057241, 10.0986264806, 113.325241812, 0.0341985415526, 0.3
0.164890961487, 0.860414102444, 2.93869018704, 0.644796716848, 97.6081421453, 1.18074586565, 0.240093557589, 1.54150579825, 13.0087245881, 107.876935497, 0.0225215555959, 0.647058823529
0.199451415493, 1.03665126689, 2.29433656528, 0.9418800654, 81.7834932499, 7.11175551497, 0.196794857901, 2.23392831088, 18.9967849956, 111.646598886, 0.0907006679079, 0.0
0.107057356203, 0.840123045083, 2.20365561793, 0.684166831157, 99.5233340719, 3.51992842015, 0.0899414491321, 4.69502362381, 11.7781356292, 139.331891199, 0.0124810777007, 0.0
0.164890961487, 0.860414102444, 2.93869018704, 0.636761716273, 91.8753388098, 1.18074586565, 0.240093557589, 4.97888632542, 11.0770601165, 142.545959082, 0.00651024617561, 0.0
0.112021365567, 0.827506812432, 2.49182414227, 0.924621147873, 99.8543412949, 1.86449467648, 1.9338448376, 4.27466240003, 18.8341466739, 186.002285513, 0.00644275872962, 0.0
0.124730994847, 1.03665126689, 2.29433656528, 0.9418800654, 91.2581238844, 1.18074586565, 0.168698294498, 1.94043504408, 10.0986264806, 140.40637247, 0.0110694545694, 0.541176470588
0.171232579909, 1.13734062814, 2.29424152673, 0.943914152474, 85.1382233514, 1.334521092, 0.955983247421, 2.30077271627, 17.687730723, 140.710864812, 0.0117716980787, 0.0
0.129029124094, 0.948110894399, 7.70712488092, 0.695545722261, 89.685252053, 1.95471936239, 0.303652737893, 4.74989570836, 11.2699626893, 342.894366578, 0.0062433754211, 0.142857142857
0.139096584173, 0.856464235187, 2.2875400288, 0.714096643734, 80.5861323912, 7.52280516716, 0.15156033761, 0.952907666018, 18.1374877771, 89.6780880487, 0.162077452538, 0.333333333333
0.152034683384, 0.888753257084, 2.2011115855, 0.841646733338, 95.0350579934, 3.51992842015, 0.242337121649, 4.80505859563, 10.6841084129, 108.955563103, 0.0475295309694, 0.538461538462
0.118000521383, 0.880430790297, 2.49182414227, 0.924621147873, 99.8543412949, 1.18074586565, 0.205702386824, 4.27466240003, 19.2890951015, 152.899191718, 0.00667710529829, 0.0
0.199451415493, 0.856464235187, 2.2875400288, 0.714096643734, 80.5861323912, 7.52280516716, 0.15156033761, 0.952907666018, 18.1374877771, 115.256374331, 0.113291926532, 0.0
0.100545456364, 0.888753257084, 2.29433656528, 0.850186971727, 98.3413209568, 7.11175551497, 0.161356600089, 4.80505859563, 15.3060411216, 98.7619132563, 0.0743440336341, 0.24
0.118000521383, 0.880430790297, 2.49182414227, 0.924621147873, 99.8543412949, 1.86449467648, 0.205702386824, 4.27466240003, 19.2890951015, 135.084738097, 0.0187311608061, 0.161290322581
0.128336481547, 1.17286651298, 2.29424152673, 0.636474104665, 89.9773333992, 2.26897433768, 0.367522957139, 0.409378731556, 11.4284145635, 112.041016892, 0.0389021130599, 0.5
0.111941099784, 0.860414102444, 2.93869018704, 0.644796716848, 97.6081421453, 1.18074586565, 0.240093557589, 1.54150579825, 10.6841084129, 137.401633397, 0.0132284165781, 0.405405405405
0.11281068466, 0.888753257084, 2.29433656528, 0.850186971727, 99.5233340719, 7.11175551497, 0.161356600089, 4.80505859563, 10.8218451097, 105.797685092, 0.06012071269, 0.3
0.179887614852, 0.976824929891, 2.29433656528, 0.684422984164, 98.9036728984, 6.68140663514, 0.168698294498, 1.94043504408, 10.0986264806, 115.339912778, 0.0696964988536, 0.166666666667
0.199451415493, 1.14693798517, 2.14409655777, 0.878161967746, 85.0873063914, 1.6318039398, 0.494981937434, 3.95677078858, 12.1449821787, 125.286691465, 0.0189706939335, 0.0
0.164890961487, 0.899842249842, 2.78511423509, 0.924838829181, 91.6637194693, 1.90285063431, 0.0148999278016, 1.54150579825, 13.0087245881, 145.516753677, 0.0092005029803, 0.0
