-1.0, -1.0, 2.1216121863, 0.0, 1.0, -1.0, -1.0, 0.979584647162, -0.525548758824, 1.96745221891, 1.0, 0.0, 0.0357272775625, 2.01352084709, 2.31130282029, -1.0, -1.0, 3.0, -0.601619016074, 0.0, 1.83796198596, -1.0, -0.00598617698228, 2.0, -1.0, 1.28410718873, -0.995823356717, 1.0, -1.0, 1.00304026396, -1.0, 0.607516307982, 2.0, -1.0, -1.0, 1.29645883747, -0.452452999997, -0.544652333655, 1.0, 2.61876142817, 1.0, 0.998230274507, 0.357113653019, 2.52692356127, 0.0, 1.0, -1.0, 1.0, 2.0, -0.29461659766, 98096.0, 484.0, 99572.0
-1.0, -1.0, 2.1216121863, 0.0, 1.0, -1.0, -1.0, 0.979584647162, -0.525548758824, 1.96745221891, 1.0, 0.0, 0.0357272775625, 2.01352084709, 2.31130282029, -1.0, -1.0, 3.0, -0.601619016074, 0.0, 1.83796198596, -1.0, -0.00598617698228, 2.0, -1.0, 1.28410718873, -0.995823356717, 1.0, -1.0, 1.00304026396, -1.0, 0.607516307982, 2.0, -1.0, -1.0, 1.29645883747, -0.452452999997, -0.544652333655, 1.0, 2.61876142817, 1.0, 0.998230274507, 0.357113653019, 2.52692356127, 0.0, 1.0, -1.0, 1.0, 2.0, -0.29461659766, 98096.0, 484.0, 99572.0
-0.261813893198, 0.0, 2.87331194846, -1.0, 1.0, -0.275560390132, -1.0, 0.0, 0.0, 1.0, 2.86967348208, 2.0, -0.20411733379, 0.0, -1.0, -1.0, 1.0, 0.0, -1.0, 1.47598089616, -0.779005665074, 0.375253394448, -1.0, 2.0, -1.0, -1.0, -1.0, 2.0, -1.0, -1.0, -1.0, -1.0, -1.0, -1.0, 0.482613483898, -1.0, 2.0, 0.0, -1.0, 1.0, -0.0190232204676, 0.0, 1.0, -0.124709787979, 0.4349218933, 1.0, 1.0, 0.239625339835, 1.0, 1.0, 97863.0, 483.0, 99584.0
1.62678990524, 2.0, 0.184166830163, 2.21822336656, 0.0, 0.0, 1.0, 0.976029215901, 0.0432222541655, 3.0, 0.27521180897, 1.0, 3.0, 3.0, 0.823490478954, 3.0, 0.0, 2.76476463054, 2.87443869487, -0.427932642761, 3.0, 1.30010013699, 3.0, 1.0, 0.0, 1.1100024281, 1.00934710218, 0.0, 2.41352510559, 2.92093601644, -0.388514488018, 1.18156615071, 1.51286832659, 1.34427167065, -1.0, 3.0, 2.0, 0.0, 1.0, 0.0404608617024, 1.0, 2.0, -0.0140643494281, -0.070194052993, 0.0, 0.726880730346, -0.450982987028, 0.797965509465, -0.247531971854, -0.478423240804, 97353.0, 739.0, 99398.0
0.206404686242, 2.88507599147, 3.0, 1.92127446856, 1.0, -1.0, 0.0, 0.0, -0.690281904732, 0.698697515948, 0.0, 0.438483963034, 0.0, 1.59733656435, 2.71198100551, 1.26109437993, 3.0, 0.0752237943758, 2.0, 2.58804277348, -0.119279922613, 2.0, 3.0, 0.0, 1.88628120394, 0.0, -1.0, 2.0, -1.0, 1.0, -0.22308017854, 0.788366107927, 0.0, -1.0, 0.352359765438, -1.0, 1.0, 3.0, -0.128304641772, -0.346724210557, 2.0, 1.2279569214, 1.89939080613, 2.0, 0.0, 2.74162217698, -0.375782933372, -0.425518654284, -0.0927356271127, 2.11950823649, 97389.0, 658.0, 99443.0
1.0, 2.0, 2.0, 1.43135006181, 0.446611218479, -1.0, 2.70890791671, 3.0, 2.0, 0.718895748099, 1.61252519808, -0.498521193895, 0.366982120777, 0.833496241475, -1.0, 2.0, 1.0, 0.407278512677, 0.0, 3.0, 1.33915494386, 0.49397311907, 1.0, 1.0, 3.0, -0.399091615661, 1.0970223216, 2.0, 1.0, 0.0, 1.21843330379, 0.97997020219, 0.505925610218, 2.0, 0.466451097625, -0.664571534641, 0.0, 0.0, 3.0, 2.0, -0.0298992758174, 0.77421434662, -0.156581670195, 0.0, 1.0, -1.0, 0.34525227726, 1.26168855613, 0.501635102411, 0.480643520849, 97183.0, 695.0, 99420.0
2.0, -0.967342688302, 1.96055842624, -1.0, 1.0, -0.275560390132, -1.0, 0.0, 0.848424615355, 1.0, 2.86967348208, 2.0, 0.0988443219795, 0.0, -1.0, -1.0, 1.0, 0.0, 2.0, 1.08387054671, 0.103331873709, 0.375253394448, 1.46211135076, 1.18987787598, -1.0, -1.0, -1.0, 2.0, -1.0, -1.0, 1.48350409005, -1.0, -1.0, -1.0, 0.482613483898, 0.935266058271, 2.0, 0.0, -1.0, 1.0, -0.0190232204676, 0.0, 1.0, -0.124709787979, 0.4349218933, 1.0, 2.09517803522, 1.48504036471, 1.0, 1.0, 97631.0, 547.0, 99529.0
-1.0, 2.88507599147, 3.0, 1.0, -0.319750512892, -1.0, -1.0, 0.0, 0.427464379174, 0.698697515948, 0.0, 0.438483963034, 0.0, 2.01352084709, -0.411608122179, 1.26109437993, -0.852860250615, 1.0, 2.0, 3.0, 0.873575246635, 2.49877097528, 3.0, 1.12344072814, 2.67252220884, 0.0, -1.0, 1.0, -1.0, 1.0, 1.48631700567, 0.991575306037, 0.0, -1.0, -1.0, -1.0, 1.0, 3.0, -0.128304641772, -0.346724210557, 2.0, 1.2279569214, 1.89939080613, 2.0, 0.0, 2.74162217698, 1.35853898001, 1.58406085107, 2.0, -0.299643283702, 97621.0, 608.0, 99473.0
3.0, 2.0, 2.0, 0.0, 0.446611218479, -1.0, 2.70890791671, 3.0, 2.0, 0.718895748099, 0.226199606715, -0.498521193895, 0.0, 0.0471748641208, 0.208783915292, 2.0, 1.0, 0.470336911263, 0.0, 3.0, 1.33915494386, 2.0, 1.0, 1.0, 3.0, 0.317302811184, 1.0970223216, 2.0, 2.18421458892, 0.0, 1.73813724012, 0.97997020219, 1.95436872672, -1.0, 0.466451097625, -1.0, 0.0, 3.0, 3.0, 1.34359292785, -0.0298992758174, 2.0, 0.0, 0.0, 1.0, -1.0, 0.34525227726, 1.26168855613, 0.501635102411, 0.480643520849, 97261.0, 690.0, 99424.0
0.739528269935, 2.88507599147, 3.0, 1.0, 1.0, -1.0, 0.994198628753, 0.0, -0.179576467652, 0.698697515948, 0.0, 0.0952452131597, 0.0, 2.01352084709, 2.0, 1.26109437993, -0.852860250615, -0.542329580018, -0.735337267962, 3.0, 0.873575246635, 2.0, 3.0, 0.0, 1.88628120394, 1.81113387671, -1.0, 1.0, -1.0, 1.0, 1.23781058244, 2.0, -0.450629571491, -1.0, -1.0, -1.0, 1.0, 3.0, -0.199600450016, 2.22337507868, 2.0, 1.2279569214, 2.1707854806, 1.48451862879, 0.0, 1.39914472999, 0.0, 1.0, 2.0, -0.57053564906, 97718.0, 591.0, 99489.0
0.206404686242, 2.88507599147, 3.0, 1.0, 1.0, -1.0, 0.994198628753, 0.0, 0.427464379174, 0.698697515948, 0.0, 0.0952452131597, 0.0, 2.01352084709, 2.0, 1.26109437993, -0.852860250615, -0.542329580018, 0.0, 3.0, 0.873575246635, 2.0, 3.0, 0.0, 1.88628120394, 0.0, -1.0, 1.0, -1.0, 1.0, 1.23781058244, 2.0, -0.137988529092, -1.0, -1.0, -1.0, 1.0, 3.0, -0.199600450016, -0.346724210557, 2.0, 1.2279569214, 1.89939080613, 2.0, 0.0, 2.74162217698, 0.0, 1.0, 2.0, -0.57053564906, 97579.0, 610.0, 99474.0
2.0, 2.0, 3.0, 1.66882794409, 1.0, -1.0, -0.0432202332767, 0.0, 0.0245636895772, 1.0, 0.0, 1.0, 0.0, 2.0, 2.0, 0.0, 0.966435604016, 1.0, 2.0, 3.0, 1.0, 2.0, 3.0, 0.0, -1.0, 0.0, -1.0, 1.0, -1.0, 1.0, 1.52031228395, 0.0, 0.0, -1.0, -0.730880561428, -1.0, 1.78763743061, 3.0, 3.0, 0.0, 1.03211975431, 3.0, 1.0, 0.16383862417, 0.0, -0.533611921739, 0.0, 1.13983424768, 1.55901988382, 0.0, 97488.0, 622.0, 99459.0
-1.0, -1.0, -0.747876185968, 0.565346876841, 1.55861366956, 1.39573841902, -1.0, 1.0, 2.0, 2.0, 1.0, 0.0, 1.0, 0.0350155696256, 1.26600680657, 1.0, -1.0, 3.0, -1.0, -0.502452477995, 2.32653519797, -1.0, 2.0, 2.0, -1.0, -0.700989958072, -0.756754651952, 2.86851833775, -1.0, -1.0, -1.0, 0.0, 2.0, -1.0, -1.0, 3.0, 1.05881746841, 2.0, 1.0, 2.0, 1.0, -0.392931943445, -0.712617857105, 1.06371556173, 0.0, 1.0, -1.0, 1.0, 2.0, -0.941827433635, 98289.0, 455.0, 99603.0
-1.0, -1.0, 2.743622879, -0.00645661890637, 1.95939323817, 1.39573841902, -1.0, 1.34628793346, 2.07313921831, 1.0, 1.0, 0.0, 1.0, 0.0350155696256, 2.506994146, -1.0, -1.0, 3.0, -1.0, 0.0, 1.0, 0.253250455477, -0.00598617698228, 2.52269401768, -1.0, 0.0, -0.756754651952, 2.0, 1.42559410104, 1.00304026396, -1.0, 0.0, 2.15858954435, -1.0, 0.352359765438, 1.0, -0.452452999997, 2.0, 1.0, 2.61862811989, 2.91056844848, 0.0, 0.357113653019, 2.63553807267, 0.0, 0.180007194114, -0.790454351369, 0.0, 0.510326640032, -0.175933891482, 97744.0, 578.0, 99504.0
2.18883664785, 0.0, 2.0, -1.0, 1.0, -0.948556853499, -1.0, 0.0, 0.0, 0.470201015023, 2.96123398713, 2.0, -0.592518385636, -0.36352254114, -1.0, -1.0, 1.25867340797, 0.0, -1.0, 1.56908676716, -0.113926991474, 0.0, -1.0, 1.8779169791, -1.0, -1.0, 0.92672538551, 2.0, -1.0, -0.579587221094, 0.569287668062, 0.242572743523, -1.0, 2.0, 0.0, -1.0, 1.0, 0.393256729913, -0.956280424162, -0.718630003822, 2.0, 0.604017330509, 1.0, 1.0, 0.0, 3.0, 1.0, 1.48504036471, 0.607930839137, 1.0, 97826.0, 511.0, 99559.0
1.90381838628, -0.185784423082, -1.0, 3.0, 0.0, 3.0, 2.61523000973, 0.181210848742, 3.0, 1.2342490911, -0.854497487879, 3.0, 1.09965063858, 2.830976492, 1.2875860074, 0.0, 1.0, 2.0, 2.0, 2.0, 3.0, 0.0, -0.315865823982, 1.0, 3.0, -0.332944907954, 2.0, 2.0, 0.0680050771633, -0.309238500045, 2.78635786637, 0.936022847427, 1.0, 0.728472932649, 3.0, 0.111783148866, 2.0, 2.35452879396, -1.0, 1.46164050303, 2.0, 0.0, 0.0, 3.0, 1.0, 2.0, 1.0, 0.0, 1.0, 0.60971870323, 97544.0, 714.0, 99418.0
-1.0, -1.0, -0.747876185968, 0.565346876841, 1.0, 1.39573841902, -1.0, 1.0, 2.0, 2.50111919091, 1.0, 0.298587741811, 0.0469301870215, 0.0, 1.26600680657, -0.320845783976, -1.0, 3.0, -1.0, -0.515582764649, 1.0, -1.0, 2.0, 2.0, -1.0, -0.885616041314, -0.756754651952, 2.86851833775, -1.0, -1.0, -1.0, 0.0, 2.0, -1.0, -1.0, 3.0, 1.05881746841, 2.0, -0.233215601466, 0.215736363224, 1.0, -0.392931943445, 0.357113653019, 1.06371556173, 0.0, 1.0, -1.0, 1.0, 1.91827090467, 1.0, 98043.0, 490.0, 99574.0
-1.0, -0.755540018961, 2.9817070295, 0.0, 1.0, -1.0, -1.0, 1.54165272691, 2.0, 1.96745221891, 1.0, 0.0, 1.0, 0.0350155696256, 2.31130282029, -1.0, 1.0, 3.0, -1.0, 0.0, 1.83796198596, -0.910146624913, -0.00598617698228, 1.60973036744, 0.0968591863968, 0.0, -0.995823356717, 1.0, -1.0, 1.00304026396, -1.0, 0.0, 2.0, -1.0, -1.0, 3.0, -0.452452999997, -0.544652333655, 1.0, 2.61862811989, 1.0, 0.0, 0.599610039774, 2.0, 0.0, 0.987016497903, -1.0, 0.586341108189, 2.0, -0.29461659766, 97935.0, 526.0, 99545.0
2.0, 1.58470846888, 3.0, 1.0, 0.108616496295, -1.0, 0.798142149138, 0.0, 2.0, 1.0, 0.0, 2.92204219256, 0.0, 2.33362266055, 1.96248325546, 0.0, -0.316563609464, -0.724825842899, 2.0, 3.0, 1.46480235397, 2.0, 3.0, -0.588658951161, -1.0, 0.0, -0.500581496177, 1.0, -1.0, -0.0284357769631, -1.0, 1.1493123725, -0.114137533995, -1.0, -1.0, -1.0, 0.880622205534, 3.0, 0.361430654652, -0.362815603935, 2.0, 3.0, 1.0, 2.0, -0.882497203602, 0.0, 1.0, 1.0, 0.600162140111, 1.11502066315, 97857.0, 576.0, 99502.0
2.0, 1.11306168611, 0.478385524998, 2.0, 1.19269549831, -1.0, -1.0, 1.0, 0.893816255024, 0.0, 0.467150970684, 1.0, 1.0, 2.0, 2.0, -1.0, 0.0, 0.0, 1.0, 0.0, 1.6309209569, -1.0, 2.53077520386, 0.26419359261, 3.0, -1.0, -1.0, 0.0, 0.751369632497, -1.0, -1.0, 0.0, 2.0, -1.0, 2.0, -1.0, 0.0, 3.0, 0.0, 2.60950384065, 2.0, 1.0, 0.467561679983, 2.0, 0.97948190307, 0.0403140998573, -0.209590597729, -0.950373614822, -1.0, 0.146352270455, 97707.0, 565.0, 99511.0
2.0, 2.0, 2.19658781316, 0.0, 1.0, -0.932923600214, 0.0, 0.0, 2.0, 0.398320183109, 0.0, 1.0, 0.72064606982, 2.0, 2.0, 0.0, -1.0, 1.0, 2.0, 2.99670799775, 1.0, 2.0, 3.0, -0.80894496343, -1.0, 0.0, -1.0, 1.0, -1.0, 1.0, 2.69614268043, 2.0, 0.0, -1.0, -1.0, -1.0, 1.0, 3.0, 1.0, 0.0, 2.0, 3.0, 1.0, -0.587819734122, 0.0, -0.753449271845, 0.0, 1.0, 2.0, 2.0, 97839.0, 578.0, 99497.0
3.0, -0.255890819036, 2.82815692195, 1.0, 0.0, 3.0, 2.57811004027, 1.41949457668, 3.0, -0.353441020441, 0.738986421181, -0.281783925143, 0.826938561491, 2.0, 1.0, 1.12842660681, 1.11923093799, 2.0, -0.135685076885, 2.12225935758, 3.0, 0.0, 3.0, -0.395666599481, 1.54804484386, 1.23100649333, 2.0, 2.0, 1.5449674295, -0.199755094356, 3.0, 2.0, 2.0, 2.49075885481, 3.0, 1.0, 2.0, 3.0, -0.417971321419, 0.977418532013, 2.0, 0.0, 0.0, 3.0, 1.0, 2.0, 0.25507321701, 0.0, 0.0, -0.299643283702, 97398.0, 756.0, 99385.0
0.206404686242, 2.0, 3.0, -0.227201422912, 0.541631419703, -1.0, 0.442230904354, 0.0, 0.427464379174, 1.0, 0.0, 1.0, -0.943660975218, 2.87256116048, -0.952782387586, 0.0, -0.715162017357, 1.0, 2.0, 3.0, 2.57068368897, 2.0, 2.99146625418, 0.0, 1.88628120394, 2.0792680249, -1.0, 0.425509534844, -1.0, 1.07041328182, 1.98994538791, 2.0, 0.0, -1.0, -1.0, -1.0, 1.0, 3.0, -0.816553963191, -0.907139849902, 2.0, 0.326526799206, 1.89939080613, 2.0, 0.0, 0.0, 0.0, 1.0, 2.47172671158, 2.0, 97741.0, 589.0, 99489.0
-1.0, -1.0, 0.1172126189, 0.565346876841, 1.0, 1.39573841902, 0.181974689172, 1.0, 0.427464379174, 2.0, 0.430451714527, -0.895977814583, 0.0469301870215, 0.0350155696256, 1.26600680657, -0.320845783976, -1.0, 3.0, -1.0, -0.502452477995, 1.0, -1.0, 0.302272969084, 2.0, -1.0, -0.885616041314, -0.867767304774, 2.86851833775, -1.0, -0.971795516232, -1.0, -0.402056543244, 0.798861230778, -1.0, -1.0, 1.31369774149, 1.05881746841, 2.06337738067, -0.755786922168, 2.48179273398, 1.0, -0.392931943445, 0.357113653019, 1.06371556173, 0.0, 1.0, -1.0, 0.192305542519, 1.91827090467, 1.0, 97960.0, 489.0, 99580.0
0.206404686242, 2.88507599147, 3.0, 1.92127446856, 1.0, -1.0, 0.0, 0.0, 0.427464379174, 0.698697515948, 0.0, 0.332775103842, 0.0, 2.01352084709, 2.71198100551, 0.223711329369, -0.908555458439, 0.0752237943758, 2.0, 3.0, 0.234026180719, 2.0, 0.390558907424, 0.0, -0.408410043971, 0.0, -1.0, 2.0, -1.0, 1.0, 1.23781058244, 0.788366107927, 0.0, -1.0, 0.352359765438, -1.0, 2.39436422083, 2.79414890037, 0.0162162483686, -0.346724210557, 2.0, 0.989247389639, 1.89939080613, 2.0, 0.0, 2.74162217698, -0.375782933372, 1.0, 2.7068165982, 2.11950823649, 97317.0, 661.0, 99435.0
2.0, -0.763515476947, 3.0, -1.0, 1.0, -0.275560390132, -1.0, 0.0, -0.253987702912, 1.0, 2.86967348208, 2.0, 0.0988443219795, 0.0, -1.0, -1.0, 1.0, 0.0, -1.0, 1.08387054671, 0.103331873709, 0.375253394448, -1.0, 1.18987787598, -1.0, -1.0, -1.0, 2.0, -1.0, -1.0, -1.0, -1.0, -1.0, -1.0, 0.482613483898, -1.0, 2.0, 0.0, -1.0, 1.0, -0.0190232204676, 0.0, 1.0, -0.124709787979, 0.4349218933, 1.0, 2.09517803522, 1.48504036471, 1.0, 1.0, 97882.0, 482.0, 99583.0
1.0, 0.0366464508219, 1.05198314136, 1.0, 0.0, 3.0, 1.32904420386, 1.41949457668, 2.9461903344, 0.0, 0.0, 3.0, 0.0, 0.372147803203, 1.0, 0.0, 1.05423722848, 0.461759258068, 2.0, 2.0, 3.0, 0.0, 3.0, 1.0, 3.0, -0.408597489553, 2.0, 2.85168681392, 1.5449674295, 1.08951516511, 2.67793553591, 2.0, 1.0, 1.0, 3.0, 1.0, 2.0, 3.0, -1.0, 2.0, -0.279446284313, 0.0, 0.0, 3.0, 2.72984864805, 2.17060886398, -0.0924493790357, 0.0, 0.0, -1.0, 97480.0, 725.0, 99408.0
1.44509792987, 2.0, 3.0, 1.16645682029, 0.235019165424, -1.0, 0.0, 0.0, 2.0, 1.0, 2.50133092049, 0.461374872998, 1.8546007465, 2.0, 2.0, 0.0, -1.0, 1.0, 1.44725029674, 0.761248745677, 0.966513536329, 2.0, 3.0, 0.0, -1.0, 0.0, -0.676545476912, 1.0, -1.0, -0.575916547619, 1.0, 2.0, 0.0, -1.0, -1.0, -1.0, 1.0, 3.0, 1.0, -0.0944311199249, 1.11606783977, 3.0, 2.2486548834, 2.0, 0.0, 3.0, 0.0, -0.950373614822, 1.0, 2.0, 97639.0, 596.0, 99475.0
0.206404686242, 2.88507599147, 3.0, 1.92127446856, 1.0, -1.0, 0.0, 0.0, 0.427464379174, 0.698697515948, -0.27238817849, -0.0717167804109, 0.0, 1.32236088496, 2.71198100551, 0.223711329369, -0.908555458439, 0.0752237943758, 2.0, 3.0, 0.234026180719, 2.0, 0.390558907424, -0.979908718451, -0.408410043971, 0.0, -1.0, 2.0, -1.0, 1.0, 1.23781058244, 0.788366107927, 0.0, -1.0, 0.352359765438, -1.0, 2.39436422083, 2.79414890037, 1.57282972937, -0.346724210557, 2.0, 0.989247389639, 1.89939080613, 2.0, 0.0, 2.74162217698, -0.375782933372, 1.0, 2.7068165982, 2.11950823649, 97440.0, 642.0, 99452.0
2.0, -1.0, 0.478385524998, 2.0, 1.19269549831, 2.0, -1.0, 1.0, 0.418049994764, 0.0, 0.467150970684, 1.0, 1.0, 2.0, 2.0, -1.0, 0.0, 0.0, 1.0, 0.0, 2.0, -1.0, 2.53077520386, 0.26419359261, 3.0, -1.0, -1.0, 0.0, 0.751369632497, -1.0, -1.0, 0.0, 2.0, -1.0, 2.0, -1.0, 0.0, 3.0, 0.0, 2.60950384065, 2.0, 1.0, 0.467561679983, 2.0, 0.206922620495, 0.0403140998573, -0.209590597729, 0.0, -1.0, 0.146352270455, 97642.0, 583.0, 99507.0
0.117145200973, -1.0, 1.6635337092, -0.249439139944, 0.108616496295, 1.39573841902, -1.0, 1.0, 2.0, 1.96745221891, 1.0, 0.0, 1.0, 0.0350155696256, 0.834638951779, -1.0, -1.0, -0.242694798007, -1.0, 1.28652467603, 1.0, -1.0, -0.00598617698228, 2.0, -1.0, -0.185844891627, -0.756754651952, 2.0, -1.0, 1.00304026396, -1.0, 0.0, 2.0, -1.0, 0.352359765438, 2.23572874387, -0.452452999997, 2.0, 1.0, 2.61862811989, 1.0, 1.75430643571, 0.103177357526, 2.04506065229, 0.0, 1.0, -1.0, 1.0, 2.0, -0.175933891482, 97638.0, 565.0, 99512.0
1.0, -0.662009840492, -1.0, 3.0, 0.0, 3.0, 2.0, 0.791194896891, 2.30296623853, 0.0, 0.0, 0.493567119514, 0.0, 2.0, 0.823490478954, 0.0, 1.0, 2.0, 0.15929184451, 1.64136486112, 0.108892435503, 0.0, 2.80257916135, -0.114818521833, 3.0, 3.0, 2.0, 2.0, 0.0680050771633, 0.0, 3.0, 0.936022847427, 1.0, 0.728472932649, 3.0, 1.0, 2.0, 3.0, -1.0, 1.0, 2.0, 0.0, 0.0, 3.0, 1.29077653357, 2.0, 1.0, 0.0, 1.73113304539, 0.0, 97385.0, 718.0, 99412.0
2.0, -1.0, 1.19546620338, 2.0, -0.015748877691, 2.0, -1.0, 1.0, 0.418049994764, 0.0, 0.467150970684, 1.0, 1.0, 2.0, 2.0, -1.0, 0.0, 0.0, 1.0, 0.0, 2.0, -1.0, 2.53077520386, 0.26419359261, 3.0, -0.549025699963, -1.0, 0.0, 0.751369632497, -1.0, -1.0, 0.0, 2.0, -1.0, 2.0, 3.0, 0.0, 3.0, 0.0, 2.60950384065, 2.0, 1.0, 0.467561679983, 2.0, 0.206922620495, 0.0403140998573, -0.209590597729, 0.990682987724, -1.0, -0.175933891482, 97627.0, 596.0, 99499.0
0.206404686242, 2.0, 3.0, 0.39146259291, 0.541631419703, -1.0, 0.0, 0.0, 0.427464379174, 1.0, 0.0, 1.0, 0.0, 2.01352084709, -0.952782387586, 0.0, -0.715162017357, 1.0, 2.0, 3.0, 2.57068368897, 2.0, 2.99146625418, 0.0, 1.88628120394, 0.0, -1.0, 1.0, -1.0, 1.07041328182, 1.98994538791, 2.0, 0.0, -1.0, -1.0, -1.0, 1.0, 3.0, -0.816553963191, -0.907139849902, 2.0, 0.326526799206, 1.89939080613, 2.0, 0.0, 0.0, 0.0, 1.0, 2.47172671158, 2.0, 97630.0, 601.0, 99478.0
-0.878373677135, -1.0, 2.0038447903, 0.0, 0.748734148001, 1.39573841902, -1.0, 1.0, 2.65020849485, 2.2920704302, 1.0, 0.0, 1.0, -0.539008673822, 1.37658471119, 1.0, -1.0, 1.0, -1.0, -0.502452477995, 0.110225494268, -1.0, 2.0, 2.0, -1.0, 0.48160294558, -0.822058661419, 2.0, -1.0, -0.856915892383, -1.0, 0.0, 2.0, -1.0, -1.0, 3.0, 0.883651440325, 2.0, 1.98361762308, 2.0, 0.487037085418, 0.0, 0.357113653019, 2.0, 0.0, 0.176029207299, -1.0, 2.38571084112, 2.0, 1.0, 98075.0, 497.0, 99570.0
-1.0, -1.0, -0.113719239679, -0.615040773641, 1.0, 1.39573841902, -1.0, 1.0, 2.0, 0.405250650888, 1.0, 0.0, 1.0, 0.0350155696256, 2.31130282029, -1.0, -0.345403627607, -0.637146689994, -1.0, 0.0, 1.0, 2.0, -0.00598617698228, -0.0929890831102, -1.0, 2.43311035064, 0.809845586339, 1.0, -1.0, -0.238264312765, 1.05417262163, -0.077123420196, 2.0, -1.0, 0.0, 3.0, 1.4628476521, -0.544652333655, 1.0, -0.176993486286, 1.0335343152, 3.0, 0.0, 2.0, 0.0, 1.0, -0.862007928161, 1.0, 2.0, -0.175933891482, 97618.0, 560.0, 99519.0
2.0, 1.58470846888, 3.0, 1.0, 0.108616496295, -1.0, 0.0, 0.0, 2.0, 1.0, 0.0, 2.92204219256, 0.0, 2.33362266055, 2.0, 0.0, -1.0, -0.724825842899, 2.0, 3.0, 1.46480235397, 2.0, 3.0, -0.301751842163, -1.0, 0.0, -1.0, 1.0, -1.0, -0.0284357769631, 1.0, 1.1493123725, -0.114137533995, -1.0, -1.0, -1.0, 0.880622205534, 3.0, 0.361430654652, 0.0, 2.0, 3.0, 1.0, 2.0, 0.0, 0.0, 0.0, 1.0, 0.600162140111, 2.06719598887, 97581.0, 611.0, 99465.0
-1.0, -1.0, 2.97135249045, 0.0, 1.0, 1.39573841902, -1.0, 1.0, 2.0, 1.96745221891, 1.0, 0.0, 1.0, 0.0350155696256, 2.31130282029, -1.0, -1.0, -0.637146689994, -1.0, -0.291943000352, 1.0, -1.0, -0.00598617698228, -0.0929890831102, -1.0, 0.0, -1.0, 1.0, -1.0, -0.919341605347, -1.0, -0.077123420196, 2.0, -1.0, 0.0, 3.0, 1.4628476521, -0.544652333655, 1.0, -0.176993486286, 1.0, 0.0, 0.357113653019, 2.0, 0.615470995469, 0.245282827559, -1.0, 1.0, 2.33375967696, 1.69371951049, 97894.0, 501.0, 99563.0
2.0, 1.58470846888, 3.0, 1.0, 0.108616496295, -1.0, 0.0, 0.0, 2.0, 1.0, 0.0, 2.92204219256, 0.0, 2.33362266055, 1.96248325546, 0.0, -1.0, -0.724825842899, 2.0, 3.0, 1.46480235397, 2.0, 3.0, -0.301751842163, -1.0, 0.0, -0.500581496177, 1.0, -1.0, -0.0284357769631, -1.0, 1.1493123725, -0.114137533995, -1.0, -1.0, -1.0, 0.880622205534, 3.0, 0.361430654652, -0.362815603935, 2.0, 3.0, 1.0, 2.0, -0.882497203602, 0.0, 0.0, 1.0, 0.600162140111, 2.06719598887, 97751.0, 584.0, 99492.0
-0.3042198614, 0.0, 2.0, -1.0, 0.560310502659, -0.944753615258, -1.0, 0.0, 0.0, 1.0, 2.86967348208, 1.31416564038, -0.20411733379, -0.341122951684, -1.0, -1.0, 1.25867340797, 3.0, -1.0, 1.47598089616, 0.0, 0.0, -1.0, 2.0, 3.0, 0.0, -1.0, 0.048142195489, -1.0, 0.560619401983, -1.0, -1.0, -1.0, 2.0, 0.0, -1.0, 1.0, -0.416977393535, -1.0, 1.0, 2.0, 0.989247389639, 1.0, 1.0, -0.0892637911159, 3.0, 1.54016793374, 1.48504036471, 0.347007055263, 1.85957768669, 97803.0, 544.0, 99537.0
-1.0, -1.0, -0.747876185968, 0.565346876841, 1.0, 1.39573841902, -1.0, 1.0, 2.0, 2.0, 0.430451714527, 0.0, 0.0469301870215, 0.0350155696256, 1.26600680657, -0.320845783976, -1.0, 3.0, -1.0, -0.502452477995, 1.0, -1.0, 0.302272969084, 2.0, -1.0, -0.885616041314, -0.756754651952, 2.86851833775, -1.0, -0.971795516232, -1.0, -0.402056543244, 1.56040766325, -1.0, -1.0, 3.0, 1.05881746841, 2.06337738067, -0.755786922168, 2.48179273398, 1.0, -0.392931943445, 0.357113653019, 1.06371556173, 0.0, 1.0, -1.0, 0.192305542519, 1.91827090467, 1.0, 98015.0, 477.0, 99583.0
2.0, 2.0, 3.0, 1.0, -0.396486246894, -1.0, 0.0, 0.0, 2.0, 1.0, 0.0, -0.346959529891, 0.0, 2.0, 2.0, 0.0, -1.0, 1.0, 2.0, 0.761248745677, 1.0, 2.0, 3.0, 0.0, -1.0, 0.0, 0.840433714042, 1.0, -1.0, 1.0, 1.0, 2.0, 0.0, -1.0, -1.0, -1.0, 1.0, 3.0, 1.0, 0.0, 2.0, 3.0, 2.2486548834, 2.0, 0.0, 0.0, 0.0, 0.197274495308, 1.0, 2.0, 97463.0, 643.0, 99445.0
1.0, 1.0, 2.0, 1.0, 0.0, 2.0, 0.0, 0.0, 0.0, 2.0, 1.0, 1.0, 0.0, 2.0, 0.0, 0.0, 3.0, 3.0, 3.0, -1.0, 0.0, 1.0, 1.0, 2.0, -1.0, 0.363541818575, 0.0, 0.0, -1.0, 2.0, 0.389407490073, 0.0, 0.0, -1.0, 0.0, 3.0, 2.0, -0.00993977054107, 2.0, 2.0, 2.0, -1.0, 1.0, 2.3496385475, 3.0, 2.0, 3.0, -0.425518654284, 0.302959817424, 0.0, 97422.0, 678.0, 99433.0
1.86373787583, -0.255890819036, -1.0, 3.0, 0.0, 3.0, 2.63527658561, 1.41949457668, 3.0, 1.0, -0.108486756958, 3.0, 0.826938561491, 1.23409906122, 1.0, 0.0, 1.0, 2.0, -0.135685076885, 0.0719331702576, 3.0, 0.0, 3.0, -0.0465324417339, 1.54804484386, 2.36285925695, 2.0, 2.0, 1.56541795493, 1.80887258285, 3.0, 2.0, 1.0, -0.163376031163, 1.50545466413, 1.23192536138, 0.419722308937, 1.0, -1.0, 0.977418532013, 2.0, -0.261280626851, 0.0, 3.0, 1.0, 0.0403140998573, 0.25507321701, 0.0, 0.0, -0.299643283702, 97385.0, 733.0, 99401.0
1.0, 0.0, 2.0, -1.0, 1.0, -0.948556853499, -1.0, 0.0, 0.0, 1.0, 2.86967348208, 2.0, 0.0, -0.454430295165, -1.0, -1.0, 1.25867340797, 0.0, -1.0, 1.56908676716, 0.0, 0.0, -1.0, 2.0, 3.0, -1.0, -1.0, 2.0, -1.0, -0.579587221094, -1.0, 1.38107753242, -1.0, 2.0, 0.0, -1.0, 1.0, 0.0, -1.0, -0.718630003822, 2.0, 0.989247389639, 1.0, 1.0, 0.0, 3.0, 1.0, 1.48504036471, 0.607930839137, 1.0, 97888.0, 508.0, 99564.0
2.0, 2.0, 3.0, 2.01290794278, 0.517837381442, -1.0, 0.0, 0.0, 2.0, 1.0, 0.0, 1.0, 2.65697053654, 0.185052543772, 2.0, 0.0, -1.0, 1.0, 2.0, 3.0, 1.0, 2.0, 3.0, -0.301751842163, -1.0, 0.0773526910234, -1.0, 1.0, -1.0, 2.10033579196, 1.0, 0.447521634328, 0.0, -1.0, -1.0, -0.29301588619, 1.0, 3.0, 1.0, 0.0, 2.0, 3.0, 1.0, 2.77117266392, -0.43746718505, 0.0, 0.0, 1.0, 0.600162140111, 2.06719598887, 97516.0, 640.0, 99445.0
-1.0, 2.88507599147, 3.0, 1.0, -0.319750512892, -1.0, -1.0, 0.0, 0.427464379174, 0.698697515948, 0.0, 0.438483963034, 0.0, 2.01352084709, 2.0, 1.26109437993, -0.852860250615, 1.0, 2.0, 3.0, 0.873575246635, 2.0, 3.0, 1.12344072814, 2.67252220884, 0.0, -1.0, 1.0, -1.0, 1.0, 1.23781058244, 0.991575306037, 0.0, -1.0, -1.0, -1.0, 1.0, 3.0, -0.128304641772, -0.346724210557, 2.0, 1.2279569214, 1.89939080613, 2.0, 0.0, 2.74162217698, 0.0, 1.58406085107, 2.0, -0.57053564906, 97723.0, 590.0, 99487.0
-1.0, -1.0, 2.97135249045, 0.0, 1.0, 1.39573841902, -1.0, 1.0, 2.0, 1.96745221891, 1.0, 0.0, 1.0, 0.0350155696256, 2.31130282029, -1.0, -1.0, -0.637146689994, -1.0, 0.0, 1.0, -1.0, -0.00598617698228, -0.0929890831102, -1.0, 0.0, -1.0, 1.0, -1.0, -0.238264312765, -1.0, -0.077123420196, 2.0, -1.0, 0.0, 3.0, 1.4628476521, -0.544652333655, 1.0, -0.176993486286, 1.0, 0.0, 0.357113653019, 2.0, 0.0, 1.0, -1.0, 1.0, 2.0, -0.175933891482, 97781.0, 518.0, 99549.0
-1.0, -1.0, 2.84037382441, 0.0, 1.19269549831, 1.22354017972, -1.0, 0.0, 2.66974005262, 1.03674547768, 1.0, -0.173391735558, 1.0, 0.0350155696256, 1.37658471119, -1.0, 0.792896853126, 2.14576156886, 1.26271693121, 0.0, 1.81158674611, -1.0, -0.00598617698228, 2.0, -1.0, -0.0456498696065, -0.756754651952, 2.0, -1.0, 1.00304026396, -1.0, 0.0, 2.36456891777, 2.45008752004, 0.352359765438, -1.0, -0.452452999997, 0.904083819204, 0.509474570359, 2.61862811989, 2.0, 0.0, 0.357113653019, 2.63553807267, 0.0, 1.0, -0.89943968403, 1.0, 2.0, 0.146352270455, 97676.0, 582.0, 99502.0
1.0, 0.0, 1.71246577988, -0.288810869226, 0.0, 3.0, 2.57811004027, 1.51127027959, 3.0, 0.0, -0.288590035827, 3.0, -0.646069468538, -0.251853060599, 1.0, 0.0, 1.0, 2.0, 2.0, 2.0, 3.0, 0.0, 3.0, -0.0292057394954, 3.0, 2.19631946341, 2.0, 1.76379428533, 1.14316031299, 0.0, 3.0, 2.18939978331, 1.0, 1.0, 3.0, 1.0, 2.0, 3.0, -1.0, 2.0, 2.0, -0.206893247207, 0.0, 3.0, 1.0, 2.0, 0.154351753448, 0.0, 0.0, -1.0, 97591.0, 713.0, 99419.0
0.000515595296845, 0.0, 3.0, -0.264082430039, 1.0, -0.275560390132, -1.0, 0.0, 0.0, 1.0, 2.76047108219, 2.0, -0.20411733379, 0.543773881104, -1.0, -1.0, 1.47772469658, 0.0, -1.0, 1.45227378647, 0.0, 0.0, 0.35052093243, 1.36548701463, 1.14411475254, -1.0, -1.0, 2.92653643033, -1.0, -1.0, -1.0, -1.0, 1.60262959161, -0.108052722317, -0.841467454146, -1.0, 1.0, 1.0, -0.0155957912837, 1.0, -0.057999848209, 0.0, 1.0, 0.477537603508, -0.683101884196, 3.0, -0.657579972626, -0.226306044925, 1.0, 1.0, 97780.0, 542.0, 99545.0
-1.0, -1.0, 2.1216121863, 0.0, 1.0, -1.0, -1.0, 0.979584647162, -0.525548758824, 1.96745221891, 1.0, 0.0, 0.0357272775625, 2.22422102711, 2.31130282029, -1.0, -1.0, 3.0, -0.601619016074, 0.0, 1.83796198596, -1.0, -0.00598617698228, 2.0, -1.0, 1.28410718873, -0.995823356717, 1.0, -1.0, 1.00304026396, -1.0, 0.607516307982, 2.0, -1.0, -0.765417345855, 1.29645883747, 0.890903673075, -0.544652333655, 1.0, 2.61876142817, 1.0, 0.998230274507, 0.357113653019, 2.52692356127, -0.942073912389, 1.0, -1.0, 1.0, 2.0, -0.29461659766, 98200.0, 473.0, 99586.0
2.0, 2.0, 3.0, 2.01290794278, 0.108616496295, -1.0, 0.0, 0.0, 2.0, 1.0, 0.0, 1.0, 2.65697053654, 2.0, 0.920047732882, 0.0, -1.0, 1.0, -1.0, 3.0, 2.46435142079, 2.0, 3.0, -0.301751842163, -1.0, 0.0, -1.0, 1.87154956465, -1.0, 2.10033579196, 1.0, 2.0, 0.0, -1.0, -1.0, -0.29301588619, 1.0, 3.0, 1.0, 0.0, 2.0, 3.0, 1.21158301097, 2.0, 0.0, 0.0, 0.0, 2.81929838765, 0.600162140111, 2.06719598887, 97652.0, 621.0, 99460.0
-1.0, -1.0, 2.84037382441, 0.0, 1.19269549831, 1.39573841902, -1.0, 0.0, 2.07313921831, 1.03674547768, 1.0, 0.0, 1.0, 0.0350155696256, 1.37658471119, -1.0, 0.792896853126, 2.14576156886, -1.0, 0.0, 1.0, -1.0, -0.00598617698228, 2.0, -1.0, -0.0456498696065, -0.756754651952, 2.0, -1.0, 1.00304026396, -1.0, 0.0, 2.36456891777, 2.45008752004, 0.352359765438, -1.0, -0.452452999997, 0.904083819204, 1.0, 2.61862811989, 2.0, 0.0, 0.357113653019, 2.63553807267, 0.0, 1.0, -0.89943968403, 1.0, 2.0, 0.146352270455, 97727.0, 563.0, 99517.0
2.0, 1.58470846888, 3.0, 1.0, 0.108616496295, -1.0, 0.0, 0.0, 2.0, 1.0, 0.0, 1.0, 0.0, 2.0, 2.0, 0.0, -1.0, 1.0, 2.0, 3.0, 1.0, 2.0, 3.0, -0.301751842163, -1.0, 0.0, -1.0, 1.0, -1.0, 1.0, 1.0, 0.0, 0.0, -1.0, -1.0, -1.0, 0.880622205534, 3.0, 1.0, 0.0, 2.0, 3.0, 1.0, 2.0, 0.0, 0.0, 0.0, 1.0, 0.600162140111, 2.06719598887, 97484.0, 627.0, 99453.0
2.0, 1.0, 0.478385524998, 2.0, 1.90500236621, -0.554092228738, -1.0, 1.0, 1.07857378356, 0.0, 0.0, 1.0, 1.0, 2.0, 2.74211059565, 1.43784896829, 0.0, 0.0, 1.0, 0.0, 0.362244022851, 0.39623226241, 2.8487581008, 2.0, 3.0, -1.0, -1.0, 0.0, 1.78064009593, -1.0, -1.0, 1.85381127227, 0.230548769694, -1.0, 2.0, -1.0, -0.140366553856, 3.0, 0.0, 3.0, 2.0, 1.0, -1.0, -1.0, 0.0, 3.0, -0.207903541057, 0.0, -1.0, 1.0, 97846.0, 575.0, 99508.0
2.48794433456, 1.0, 0.478385524998, 2.0, 1.90500236621, -0.554092228738, -1.0, 1.0, 1.07857378356, 0.0, 0.0, 1.0, 1.0, 2.0, 2.74211059565, 1.43784896829, 0.0, 0.0, 1.0, 0.0, 0.362244022851, 0.39623226241, 2.8487581008, 2.0, 3.0, -1.0, -1.0, 0.0, 1.78064009593, -1.0, -1.0, 1.85381127227, 0.230548769694, -1.0, 2.0, -1.0, -0.140366553856, 3.0, 0.0, 2.76126991895, 2.0, 1.0, -1.0, -1.0, 0.0, 3.0, -0.207903541057, 0.0, -1.0, 1.0, 97846.0, 575.0, 99508.0
-1.0, -1.0, -1.0, 0.0, 1.0, 1.39573841902, -1.0, 1.0, 0.73736598289, 1.96745221891, 1.0, 0.0, 1.0, 0.0350155696256, 2.31130282029, -1.0, -0.345403627607, -0.637146689994, -1.0, 0.0, 1.0, -1.0, -0.00598617698228, -0.0929890831102, -1.0, 0.0, -1.0, 1.0, -1.0, -0.238264312765, -0.594296046518, -0.077123420196, 2.0, -1.0, 0.0, 3.0, 1.4628476521, -0.544652333655, 1.0, -0.176993486286, 1.0335343152, 0.0, 0.0, 2.0, 0.0, 1.0, -0.862007928161, 1.0, 2.0, -0.175933891482, 97741.0, 519.0, 99549.0
-1.0, -1.0, 2.1216121863, 0.0, 1.0, -1.0, 1.05092059032, 1.0, 2.0, 1.96745221891, 1.0, 0.0, 1.0, -0.395087290751, 2.31130282029, 0.51761873586, -1.0, 0.0, -1.0, -0.308551069907, 1.01335677761, 2.0, -0.00598617698228, 2.0, -1.0, -1.0, -0.995823356717, 1.0, -1.0, 1.00304026396, -1.0, 0.0, 2.0, -1.0, -1.0, 3.0, 0.17879577487, -0.544652333655, 0.351593966867, 2.61862811989, 1.0, 0.0, 0.357113653019, 2.1845436386, 0.0, 1.0, -1.0, 1.0, 2.0, -0.29461659766, 97834.0, 529.0, 99535.0
2.0, -0.967342688302, 3.0, -1.0, 1.0, -0.275560390132, -1.0, 0.0, -0.253987702912, 1.0, 2.86967348208, 2.0, 0.0988443219795, 0.0, -1.0, -1.0, 1.0, 0.0, 2.0, 1.08387054671, 0.103331873709, 0.375253394448, -1.0, 1.18987787598, -1.0, -1.0, -1.0, 2.0, -1.0, -1.0, 1.48350409005, -1.0, -1.0, -1.0, 0.482613483898, 0.935266058271, 2.0, 0.0, -1.0, 1.0, -0.0190232204676, 0.0, 1.0, -0.124709787979, 0.4349218933, 1.0, 2.09517803522, 1.48504036471, 1.0, 1.0, 97722.0, 530.0, 99547.0
2.0, -0.763515476947, 3.0, -1.0, 1.0, -0.275560390132, -1.0, 0.0, -0.253987702912, 1.7231978864, 2.86967348208, 2.0, 0.0988443219795, 1.36660685238, -1.0, 1.83532424979, 1.0, 0.0, -1.0, 1.08387054671, 0.103331873709, 0.375253394448, -1.0, 1.18987787598, -1.0, -1.0, -1.0, 2.0, -1.0, -1.0, -0.487842352284, -1.0, -1.0, -1.0, 0.482613483898, -1.0, 1.76200024662, 0.0, -1.0, 1.0, -0.0190232204676, 0.0, 1.0, -0.124709787979, 0.4349218933, 1.0, 2.49993529966, 1.48504036471, 0.732704310433, 1.0, 97813.0, 512.0, 99560.0
1.0, 0.0, 2.0, -1.0, 1.0, -0.948556853499, -1.0, 0.0, 0.0, 1.0, 2.86967348208, 2.0, 0.0, -0.36352254114, -1.0, -1.0, 1.25867340797, 0.0, -1.0, 1.56908676716, 0.0, 0.0, -1.0, 2.0, 3.0, -1.0, -1.0, 2.0, -1.0, -0.579587221094, -1.0, -1.0, -1.0, 2.0, 0.0, -1.0, 1.0, 0.0, -1.0, -0.718630003822, 2.0, 0.989247389639, 1.0, 1.0, 0.0, 3.0, 1.0, 1.48504036471, 0.607930839137, 1.0, 97975.0, 496.0, 99577.0
-1.0, -1.0, 2.1216121863, 0.0, 1.0, -1.0, 1.05092059032, 0.593930801255, 2.0, 1.96745221891, 1.0, 0.0, 1.0, -0.395087290751, 2.31130282029, 0.51761873586, -1.0, 0.0, -1.0, -0.308551069907, 0.259759895084, 2.99726321667, -0.00598617698228, 2.0, -1.0, 0.520675190813, 2.0491406398, 1.0, -1.0, 1.00304026396, -1.0, 0.0, 2.0, -1.0, -1.0, 3.0, 0.17879577487, -0.544652333655, 2.15177707074, 2.61862811989, 1.0, 0.0, 0.357113653019, 2.1845436386, -0.203001868141, 0.477046695071, -1.0, 1.0, 2.0, -0.29461659766, 97761.0, 559.0, 99515.0
1.0, -0.255890819036, 2.0, 1.0, -0.150878461094, 1.79941566849, 2.57811004027, 1.41949457668, 3.0, -0.353441020441, 0.738986421181, -0.281783925143, 0.826938561491, 2.0, 0.834638951779, 1.16537625607, 1.11923093799, 2.0, -0.135685076885, 2.0, 3.0, 0.0, 3.0, -0.395666599481, 1.54804484386, 0.298566974745, 2.0, 2.0, 1.5449674295, -0.199755094356, 3.0, 2.0, 2.0, 2.49075885481, 3.0, 1.0, 2.0, 3.0, -1.0, 0.800868431394, 2.0, 0.0, 0.0, 3.0, 1.0, 2.0, 0.381335223045, 0.0, 0.0, -0.299643283702, 97366.0, 743.0, 99394.0
2.0, 0.0, 3.0, -1.0, 1.0, -0.275560390132, -1.0, 0.0, 0.0, 1.0, 2.86967348208, 2.0, -0.20411733379, 0.0, -1.0, -1.0, 1.0, 0.0, -1.0, 1.47598089616, 0.0, 0.375253394448, -1.0, 2.0, -1.0, -1.0, -1.0, 2.0, -1.0, -1.0, -1.0, -1.0, -1.0, -1.0, 0.482613483898, -1.0, 2.0, 0.0, -1.0, 1.0, -0.0190232204676, 0.0, 1.0, -0.124709787979, 0.4349218933, 1.0, 1.0, 1.48504036471, 1.0, 1.0, 97847.0, 497.0, 99572.0
2.0, 1.58470846888, -0.00368696676579, 1.04515146646, 0.108616496295, -1.0, 0.0, 0.0, 2.64085644668, 1.0, 0.0, 1.0, 0.0, 2.0, 2.0, 0.0, -1.0, 1.0, 2.0, 3.0, 1.0, 2.0, 3.0, -0.301751842163, -1.0, -0.305867281082, -1.0, 1.0, -1.0, 1.0, 1.0, 0.0, 0.0, -1.0, 1.0975918049, -1.0, 0.880622205534, 3.0, 1.0, 0.0, 0.409432745491, 3.0, 1.76262664426, 2.0, -0.385488868575, 0.0, 0.0, 1.0, 0.600162140111, 2.06719598887, 97399.0, 644.0, 99440.0
-1.0, -1.0, 2.0038447903, 0.0, 1.0, 1.39573841902, -1.0, 1.0, 2.00890681814, 1.96745221891, 1.0, 0.0, 1.0, 0.0350155696256, 1.37658471119, -1.0, -1.0, 0.461759258068, -1.0, 0.0, 0.818295079992, -1.0, -0.00598617698228, -0.724307060911, -1.0, 0.0, -0.756754651952, 2.0, -1.0, 0.884034482316, -1.0, -0.282648252102, 2.0, -1.0, 0.352359765438, 3.0, -0.452452999997, 2.0, 1.0, 2.61862811989, 1.0, 0.0, 0.357113653019, 2.0, 0.0, 1.0, -1.0, 0.690846366894, 2.0, -0.175933891482, 97825.0, 528.0, 99544.0
-1.0, -1.0, 2.0038447903, 0.0, 1.0, 1.39573841902, -1.0, 0.0, 2.07313921831, 1.0, 1.0, 0.0, 1.0, 0.0350155696256, 1.37658471119, -1.0, -1.0, 3.0, -1.0, 0.0, 1.0, -1.0, -0.00598617698228, 2.0, -1.0, 0.0, -0.756754651952, 2.0, -1.0, 1.00304026396, -1.0, 0.0, 2.36456891777, -1.0, 0.352359765438, 3.0, -0.452452999997, 2.0, 1.0, 2.61862811989, 2.0, 0.0, 0.357113653019, 2.63553807267, 0.0, 1.0, -0.790454351369, 1.0, 2.0, -0.175933891482, 97788.0, 547.0, 99527.0
-0.0448044599651, -1.0, 1.43544808378, 0.219565165243, 0.0, -1.0, 3.0, 0.0, 1.0, -1.0, 3.0, 0.438483963034, 1.24774987231, 1.23885939665, 0.0, 1.59757910523, -0.442149365388, -1.0, 2.0, 0.939858217986, 2.0, 2.0, 1.0, -1.0, -1.0, 0.0, -1.0, 1.0, -1.0, 2.0, -0.217460769596, 0.0, 0.0, 1.73768564209, 2.0, -0.634137884147, 2.0, 0.0, 3.0, 1.0, 0.0, 0.37915408528, -1.0, -0.139821989463, 0.0, -1.0, 1.0, 2.1767167775, 2.0, 2.0, 97663.0, 572.0, 99510.0
1.44509792987, 2.0, 3.0, 1.16645682029, 0.235019165424, -1.0, 0.0, 0.0, 2.42720545642, 1.0, 2.50133092049, 0.461374872998, 1.8546007465, -0.674896071065, 2.0, 0.0, -1.0, 1.0, 1.44725029674, 0.761248745677, 0.966513536329, 2.0, 3.0, 0.0, -1.0, 0.0, -0.676545476912, 1.0, -1.0, -0.575916547619, 1.0, 2.0, 0.0, -1.0, -1.0, -0.29301588619, 1.0, 3.0, 1.0, -0.0944311199249, 1.11606783977, 3.0, 2.2486548834, 2.0, 0.0, 3.0, 0.0, -0.950373614822, 1.0, 2.0, 97682.0, 592.0, 99482.0
0.206404686242, 2.88507599147, 3.0, 0.227376940286, 1.0, -1.0, 0.0, 0.0, 0.427464379174, 1.0, 0.0, 0.142561827923, 0.0, 0.0350155696256, 2.0, 0.0, -0.852860250615, 1.0, 2.0, 3.0, 2.0, 2.0, 3.0, 0.0, 1.88628120394, 0.0, -1.0, 1.0, -1.0, 1.0, 1.23781058244, 2.0, 0.0, -1.0, -1.0, -1.0, 1.0, 3.0, -0.608702349005, 0.0, 2.0, 0.326526799206, 1.89939080613, 2.0, 0.0, 0.0, 0.0, 1.0, 2.0, 2.0, 97429.0, 631.0, 99457.0
2.0, 2.0, 3.0, 2.73781184409, -0.396486246894, -1.0, 0.0, 0.0, 2.0, 1.0, 0.0, -0.346959529891, 0.0, 2.0, 2.0, 0.0, -1.0, 1.0, 0.658892785199, 0.761248745677, 1.0, 2.0, 3.0, 0.0, -1.0, 0.0, 0.840433714042, 1.0, -1.0, 1.0, 1.0, 2.0, 0.0, -1.0, -1.0, -1.0, 1.0, 3.0, 1.0, 0.0, -0.307509830122, 2.4989225386, 2.2486548834, -0.529314660874, 0.0, 0.0, 0.0, 0.197274495308, 1.0, 2.0, 97461.0, 629.0, 99459.0
-1.0, -1.0, -0.747876185968, 0.565346876841, 1.0, 1.39573841902, -1.0, 1.72725021504, 2.0, 2.0, 1.0, 0.869262693655, 0.0469301870215, 0.0350155696256, 1.26600680657, -0.320845783976, -1.0, 3.0, -1.0, -0.502452477995, 1.0, -1.0, 1.1335411835, 2.0, -1.0, -0.885616041314, -0.756754651952, 2.86851833775, -1.0, -1.0, -1.0, -0.402056543244, 1.56040766325, -1.0, -1.0, 3.0, -1.0, 2.06337738067, -0.755786922168, 2.48179273398, 1.0, -0.392931943445, 0.357113653019, 1.06371556173, 0.0, 1.0, -1.0, 0.192305542519, 2.57421392867, 1.0, 98156.0, 466.0, 99597.0
0.206404686242, 0.531718385551, 3.0, 1.92127446856, 1.0, -1.0, 0.0, 0.0, 0.427464379174, 0.698697515948, 0.0, 0.332775103842, 0.0, 2.01352084709, 2.71198100551, 0.223711329369, -0.908555458439, 0.0752237943758, 2.0, 2.6031129527, 0.234026180719, 2.0, 2.26860169027, -0.419344978911, -0.408410043971, 0.0, -1.0, 0.353262836644, -0.388376798947, 1.0, 1.23781058244, 0.788366107927, 1.33194873813, -1.0, 0.352359765438, -0.837759409262, 2.8019805462, 3.0, -0.128304641772, -0.346724210557, 1.41350150607, 1.2279569214, -0.229392754343, 2.0, 1.10946369591, -0.252932873395, -0.375782933372, 1.0, 2.7068165982, 2.83019635569, 97261.0, 679.0, 99426.0
-0.0448044599651, -1.0, 0.499020971039, 0.219565165243, 0.0, -1.0, 3.0, 0.0, 1.0, -1.0, 3.0, 0.438483963034, 1.24774987231, 1.23885939665, 0.0, 1.59757910523, -0.442149365388, -1.0, -1.0, 0.939858217986, 2.0, 2.0, 1.0, -1.0, -1.0, -0.376474620974, -1.0, 1.0, -1.0, 2.0, -0.217460769596, 0.0, 0.0, 1.73768564209, 2.0, -0.634137884147, 2.0, -0.272877710986, 3.0, 1.0, 0.0, 0.37915408528, -1.0, -0.139821989463, 0.0, -1.0, 1.0, 2.72922673269, 2.0, 2.0, 97727.0, 553.0, 99525.0
2.0, 1.58470846888, 3.0, 1.0, 0.108616496295, -1.0, 0.0, 0.0, 0.73736598289, 1.96745221891, 0.0, 1.0, 0.0, 0.235083814569, 2.82989471421, 0.0, -1.0, 1.0, 2.0, 3.0, 1.0, -1.0, 3.0, -0.301751842163, -1.0, 0.0, -1.0, 1.0, -1.0, 1.28871698313, 1.0, 0.0, 0.0, -1.0, -0.916238507352, -1.0, 0.880622205534, 3.0, 1.0, 0.0, 2.0, 0.0, 1.0, 2.0, 0.0, 0.0, 0.0, 1.0, 0.600162140111, 2.06719598887, 97453.0, 614.0, 99467.0
-1.0, -1.0, -0.747876185968, 0.565346876841, 1.55861366956, 1.39573841902, -1.0, 1.0, 0.985318068175, 2.0, 1.0, 0.0, 1.0, 0.0350155696256, 1.26600680657, 1.0, -1.0, 3.0, -1.0, -0.502452477995, 2.75440358724, -1.0, 2.0, 2.0, -1.0, -0.700989958072, -0.756754651952, 2.86851833775, -1.0, -1.0, -1.0, 0.0, 2.0, -1.0, -1.0, 3.0, -1.0, 2.0, 1.0, 2.0, 1.0, -0.392931943445, -0.712617857105, 1.06371556173, 0.0, 1.0, -1.0, 1.0, 2.0, 1.0, 98248.0, 462.0, 99603.0
-1.0, -1.0, 2.1216121863, 0.0, 1.0, -1.0, -1.0, 1.0, 2.0, 1.96745221891, 1.0, 0.0, 1.0, 0.0350155696256, 2.31130282029, -1.0, -1.0, 3.0, -1.0, 0.0, 1.83796198596, -1.0, -0.00598617698228, 2.25678324082, -1.0, 0.0, -0.995823356717, 1.0, -1.0, 1.00304026396, -1.0, 0.0, 2.0, -1.0, -1.0, 3.0, -0.452452999997, -0.374011542932, 1.0, 2.61862811989, 1.0, 0.0, 0.357113653019, 2.0, 0.0, 1.0, -1.0, 1.0, 2.0, -0.29461659766, 97872.0, 511.0, 99547.0
1.0, 0.52135669857, -1.0, 3.0, 0.0, 3.0, 2.7085152785, 0.302102831214, 2.30296623853, 0.0, 0.0, 0.493567119514, 0.0, 2.0, 0.466333250684, 1.26109437993, 1.0, 2.0, 0.15929184451, 1.78901698514, 0.108892435503, 0.0, 2.80257916135, -0.114818521833, 3.0, 3.0, 2.0, 1.34076477612, 0.0680050771633, 0.0, 3.0, 0.936022847427, 1.0, 0.728472932649, 3.0, 1.0, 2.0, 3.0, 2.71238937888, 1.0, 2.4623266792, 0.0, 0.0, 3.0, 1.29077653357, 2.0, 1.0, 0.0, 1.73113304539, -0.389505623768, 97326.0, 746.0, 99392.0
-1.0, -1.0, -0.784541905592, -0.980028741902, 1.0, 1.39573841902, -1.0, 1.0, 2.0, 2.0, 1.0, 0.0, 0.0469301870215, 0.0350155696256, 1.26600680657, -0.320845783976, -1.0, 3.0, -1.0, -0.789439864114, 1.0, -1.0, 2.0, 2.0, -1.0, -0.700989958072, -0.756754651952, 2.86851833775, -1.0, -1.0, -1.0, 0.0, 2.39575493911, -1.0, -1.0, 3.0, 2.98599218196, 2.0, -0.233215601466, 2.0, 1.0, -0.392931943445, 0.357113653019, 1.06371556173, 0.0, 1.0, -1.0, 1.0, 1.91827090467, 2.28597539292, 98117.0, 476.0, 99586.0
0.206404686242, -1.0, 2.0038447903, -0.249439139944, 1.15436140964, 1.39573841902, -1.0, 1.0, 2.0, 1.96745221891, 1.0, 0.0, 1.0, 0.0350155696256, 1.37658471119, -1.0, -1.0, -0.242694798007, -1.0, 1.28652467603, 1.0, -1.0, -0.00598617698228, 2.0, -1.0, 0.278492184197, 1.82819529679, 2.0, -1.0, 1.00304026396, -1.0, 0.0, 2.0, -1.0, 0.352359765438, 3.0, -0.452452999997, 2.0, 1.0, 2.61862811989, 1.0, 1.75430643571, 0.357113653019, 2.04506065229, 0.0, 1.0, -1.0, 1.0, 2.0, -0.175933891482, 97645.0, 581.0, 99504.0
1.86373787583, -0.255890819036, -1.0, 3.0, 0.0, 3.0, 2.63527658561, 1.41949457668, 3.0, 1.0, -0.108486756958, 3.0, 0.826938561491, 2.0, 1.50856346534, 0.0, 1.0, 2.0, -0.135685076885, 3.0, 3.0, 0.0, 3.0, -0.39432187428, 1.54804484386, 1.86515708648, 2.0, 2.0, -0.773936800448, 1.80887258285, 3.0, 2.0, 1.0, -0.108052722317, 1.50545466413, 1.0, 0.419722308937, 1.0, -1.0, 0.977418532013, 2.0, 0.0, 0.0, 3.0, 1.0, -0.448685385404, 0.25507321701, 0.0, 0.0, -0.299643283702, 97478.0, 715.0, 99410.0
-0.0448044599651, -1.0, 0.0, 0.219565165243, 0.0, -1.0, 3.0, 0.0, 1.0, -1.0, 3.0, 0.438483963034, 1.24774987231, 1.23885939665, 0.0, 1.59757910523, -0.442149365388, -1.0, 2.0, 0.939858217986, 2.0, 2.0, 1.0, -1.0, -1.0, 0.0, -1.0, 1.0, -1.0, 2.0, -0.217460769596, 0.0, 0.0, 1.0, 2.0, -0.453885861874, 2.0, 0.0, 3.0, 1.0, 0.0, 0.37915408528, -1.0, -0.139821989463, 0.0, -1.0, 1.0, 2.1767167775, 2.0, 2.0, 97623.0, 585.0, 99502.0
-0.0448044599651, -1.0, 0.0, -0.130917557682, 0.0, -1.0, 3.0, 0.0, 1.0, -1.0, 3.0, 0.438483963034, 1.24774987231, 1.23885939665, 0.0, 1.59757910523, -0.442149365388, -1.0, 2.0, 0.939858217986, 2.0, 2.0, 1.0, -1.0, -1.0, 0.0, -1.0, 1.0, -1.0, 2.0, -0.217460769596, 0.0907761173011, 0.0, 1.0, 2.0, -0.453885861874, 2.0, 0.0, 3.0, 1.0, 0.0, 0.37915408528, -1.0, -0.139821989463, 0.0, -1.0, 1.0, 2.1767167775, 2.0, 2.0, 97623.0, 585.0, 99502.0
-1.0, -1.0, 2.0038447903, 0.0, -0.015748877691, 1.02917883415, -1.0, 0.0, 2.07313921831, 1.03674547768, 1.0, 0.0, 1.0, 0.0350155696256, 1.37658471119, -1.0, 0.792896853126, 3.0, -1.0, 0.0, 1.0, -1.0, -0.00598617698228, 2.0, -1.0, 0.0, -0.861863314471, 2.0, -1.0, 1.00304026396, -1.0, 0.0, 2.36456891777, 2.45008752004, 0.352359765438, 3.0, -0.452452999997, 2.0, 1.0, 2.61862811989, 1.53892709204, 0.0, 0.357113653019, 2.63553807267, 0.0, 1.0, -0.89943968403, 0.0423803375849, 2.0, -0.175933891482, 97708.0, 576.0, 99509.0
1.0, -0.775341910561, 3.0, -1.0, 1.0, -0.275560390132, -1.0, 0.0, 0.0, 1.0, 1.45419667698, 2.0, -0.20411733379, 0.0350155696256, -1.0, -1.0, -1.0, 1.15263450758, -1.0, 2.12405338128, 0.0, 0.375253394448, 1.71114567828, 2.0, 2.40222223505, -1.0, -1.0, 2.0, -1.0, -1.0, -1.0, -1.0, -1.0, -1.0, 0.0, -1.0, 2.0, -0.167040002503, -1.0, 1.60629857149, 0.145744534146, 0.0, 0.0715680504274, 1.0, -0.050735480051, 1.0, 1.0, 0.804465430864, 0.165999972864, 1.0, 97793.0, 505.0, 99567.0
-1.0, -1.0, 2.1216121863, 0.0, 1.0, -1.0, -1.0, 1.0, 2.0, 1.96745221891, 1.0, 0.0, 1.0, 0.0350155696256, 2.31130282029, -1.0, -1.0, 3.0, -1.0, 0.0, 1.83796198596, -1.0, -0.00598617698228, 2.0, -1.0, 0.0, -0.995823356717, 1.0, -1.0, 1.00304026396, -1.0, 0.0, 2.0, -1.0, -1.0, 3.0, -0.452452999997, -0.544652333655, 1.0, 2.61862811989, 1.0, 0.0, 0.357113653019, 2.0, 0.0, 1.0, -1.0, 1.0, 2.0, -0.29461659766, 97953.0, 498.0, 99557.0
2.0, 2.0, 3.0, 2.73781184409, -0.396486246894, -1.0, 0.0, 0.0, 2.0, 1.0, 0.0, -0.346959529891, 0.0, 2.0, 2.0, 0.0, -1.0, 0.185681829211, 0.658892785199, 0.761248745677, 1.9156682962, 2.0, 3.0, 0.0, -1.0, 0.0, 0.840433714042, 1.0, -1.0, 1.0, 1.0, -0.0373017794872, 0.327908154069, -1.0, -1.0, -1.0, 1.0, 3.0, -0.608702349005, 2.01346095335, -0.307509830122, 2.4989225386, 2.46145489501, -0.529314660874, 0.0, 0.0, 0.0, 0.197274495308, -0.781225738098, 2.0, 97557.0, 597.0, 99479.0
1.0, -0.255890819036, 2.08973531339, 1.0, -0.150878461094, 1.79941566849, 2.57811004027, -0.513126266987, 3.0, 0.485989857836, 0.738986421181, -0.281783925143, 0.826938561491, 2.0, 0.834638951779, 1.16537625607, 1.11923093799, 2.0, -0.135685076885, 2.0, 3.0, 0.0, 0.266993336845, -0.395666599481, 1.54804484386, 0.298566974745, 2.0, 0.540646539858, 1.5449674295, -0.199755094356, 3.0, 2.0, 2.0, 2.49075885481, 3.0, 1.0, 2.0, 3.0, -1.0, 0.800868431394, 2.0, 0.0, 0.0, 3.0, 1.0, 2.0, 0.381335223045, 0.0, 0.0, -0.299643283702, 97356.0, 730.0, 99407.0
-1.0, -1.0, 2.0038447903, 0.0, 1.0, 0.609392147677, -1.0, 1.0, 2.0, 2.2920704302, 1.0, 0.0, 1.0, -0.341122951684, 2.0084003458, 1.0, -1.0, 3.0, -1.0, -0.165242564552, 0.12330537736, 0.651319615206, 2.0, 2.0, -1.0, 0.48160294558, -0.756754651952, 2.0, -0.656820529333, 0.560619401983, -1.0, 0.948290236631, 2.0, -1.0, -1.0, 3.0, -1.0, 2.0, 1.0, 2.0, 1.0, 0.0, 0.357113653019, 2.0, 0.0, 1.0, -1.0, 1.0, -0.314219421616, 1.0, 97873.0, 546.0, 99530.0
1.0, -0.255890819036, 2.0, 1.0, -0.150878461094, 1.79941566849, 2.57811004027, 1.41949457668, 0.886187987135, -0.353441020441, 0.738986421181, -0.281783925143, 0.826938561491, 2.0, 1.37658471119, 1.16537625607, 1.11923093799, 2.0, -0.135685076885, 2.0, 1.4621965116, 0.0, 3.0, -0.395666599481, 1.54804484386, -0.701541991465, 2.0, 2.0, 1.5449674295, -0.199755094356, 3.0, 2.0, 2.0, 2.49075885481, 3.0, 1.0, 2.0, 3.0, -1.0, 0.800868431394, 2.0, 0.0, 0.0, 3.0, 1.0, 2.0, 0.381335223045, 0.0, 0.0, -0.299643283702, 97368.0, 729.0, 99406.0
-1.0, -1.0, 2.0038447903, 1.91350166637, 1.0, 1.39573841902, -1.0, 1.0, 2.00890681814, 1.96745221891, 1.0, 0.0, 1.0, 0.0350155696256, 1.37658471119, -1.0, -1.0, 2.0, -1.0, 0.0, 0.818295079992, -1.0, -0.00598617698228, -0.724307060911, -1.0, 0.0, -0.756754651952, 2.0, -1.0, 0.884034482316, 3.0, -0.282648252102, 2.0, -1.0, 0.352359765438, 3.0, -0.452452999997, 2.0, 1.0, 2.61862811989, 1.0, 0.0, 0.357113653019, 2.0, 0.0, 1.0, -1.0, 0.690846366894, 2.0, -0.175933891482, 97831.0, 544.0, 99531.0
0.206404686242, 2.88507599147, 1.24241150246, 0.227376940286, 1.0, -1.0, 0.0, 0.0, 0.427464379174, -0.586714815306, 0.0, 0.142561827923, 0.0, 0.0350155696256, 2.0, 0.0, -0.852860250615, 1.0, 2.0, 3.0, 1.30624617543, 2.0, 3.0, 0.0, 1.88628120394, 0.0, -1.0, 1.0, -1.0, 1.0, 1.23781058244, 2.0, 0.0, -1.0, -1.0, -1.0, 1.0, 3.0, -0.608702349005, 0.0, 2.0, 0.326526799206, 1.89939080613, 2.0, 0.0, 0.0, 1.0, 1.0, 2.0, 2.0, 97529.0, 613.0, 99477.0
0.206404686242, 2.88507599147, 1.24241150246, 0.227376940286, 1.0, -1.0, 0.0, 0.0, 0.427464379174, -0.586714815306, -0.0397762565481, 0.142561827923, 0.0, 0.0350155696256, 2.0, 0.0, -0.869386216954, 1.0, 2.0, 3.0, 1.30624617543, 2.0, 3.0, 0.0, 1.88628120394, 0.0, -1.0, 1.0, -1.0, 1.0, 1.23781058244, 2.0, 0.0, -1.0, -1.0, -1.0, 1.0, 3.0, -0.608702349005, 0.0, 2.0, 0.326526799206, 1.89939080613, 2.0, 0.0, 0.0, 1.0, 1.0, 2.0, 2.0, 97529.0, 613.0, 99477.0
2.0, 2.0, 2.19658781316, -0.638177299822, 1.0, -0.932923600214, 0.0, 0.0, 2.99282535253, 0.398320183109, -0.462322409317, 1.0, 0.72064606982, 2.92237883422, 2.0, 0.0, -1.0, 1.0, 2.0, 2.99670799775, 1.0, 2.0, 3.0, -0.80894496343, -1.0, 0.0, -1.0, 1.0, -1.0, 1.0, 2.69614268043, 2.0, 0.0, -1.0, -1.0, -1.0, 1.0, 3.0, 1.0, 2.42382823996, 2.0, 3.0, 1.0, -0.587819734122, 0.0, -0.753449271845, 0.0, 1.0, 2.0, 2.0, 97944.0, 564.0, 99509.0
2.0, 2.0, 1.0, 0.0, 0.0, 0.0, -0.40035457144, 2.16504567896, 0.0, 2.75583658297, 1.0, 0.347372261926, -0.174827663682, 3.0, 2.48990339503, 3.0, 0.0, 2.0, 2.7417009674, 1.0, 3.0, 2.0, 1.52602619264, 2.28308625367, 0.0, 3.0, -0.756754651952, 2.25888254011, 2.0, 1.16472333895, -1.0, 1.0, 2.91526520837, 0.0, 2.86141864042, 0.316884206032, 2.0, 0.0, 1.0, 2.59636823816, 2.51451762511, 2.0, 2.22535878987, -0.108079727301, 2.27641306308, -1.0, 1.10087546672, 2.9567302984, 3.0, 0.0, 97741.0, 708.0, 99419.0
1.0, -0.862555755015, -0.387796712123, 3.0, 0.0, 3.0, 2.0, 1.0, 3.0, 0.0, 0.0, 3.0, 0.0, 2.78328338547, 1.0, 0.0, 1.0, 2.0, 2.69397326694, 2.07729619693, 3.0, 0.0, 3.0, 1.0, 2.0, 3.0, 2.82747167825, 2.0, 1.0, 2.00020289717, 3.0, 1.34417330378, 1.0, 1.07898778879, 3.0, 1.0, 2.0, 3.0, -1.0, 1.0, 2.0, 0.0, 0.0, 3.0, 1.0, 0.686717500465, 1.0, 0.0, 1.0, -1.0, 97695.0, 710.0, 99419.0
-1.0, -1.0, 2.0038447903, -0.00645661890637, 1.95939323817, 1.39573841902, -1.0, 0.0, 2.07313921831, 1.0, 1.0, 0.0, 1.0, 0.0350155696256, 2.506994146, -1.0, -1.0, 3.0, -1.0, 0.0, 1.0, 0.253250455477, -0.00598617698228, 2.52269401768, -1.0, 0.0, -0.756754651952, 2.0, -1.0, 1.00304026396, -1.0, 0.0, 2.15858954435, -1.0, 0.352359765438, 1.0, -0.452452999997, 2.0, 1.0, 2.61862811989, 2.91056844848, 0.0, 0.357113653019, 2.63553807267, 0.0, 0.180007194114, -0.790454351369, 0.0, 0.510326640032, -0.175933891482, 97758.0, 560.0, 99513.0
3.0, 2.0, 2.0, 0.0, 0.446611218479, -1.0, 2.70890791671, 3.0, 2.0, 0.718895748099, 0.226199606715, -0.498521193895, 0.0, 0.0471748641208, -1.0, 2.0, 1.0, 0.407278512677, 0.0, 3.0, 1.33915494386, 2.0, 1.0, 1.0, 3.0, 1.04995158214, 1.0970223216, 2.0, 1.0, 0.0, 1.21843330379, 0.97997020219, 1.95436872672, 2.0, 0.466451097625, -0.664571534641, 0.0, 0.0, 3.0, 2.0, -0.0298992758174, 2.0, 0.0, 0.0, 1.0, -1.0, 0.34525227726, 1.26168855613, 0.501635102411, 0.480643520849, 97239.0, 695.0, 99420.0
-1.0, -1.0, -0.747876185968, 0.565346876841, 1.55861366956, 1.39573841902, -1.0, 1.0, 2.0, 2.0, 1.0, 0.0, 1.0, 0.0350155696256, 1.26600680657, 1.0, -1.0, 3.0, -1.0, -0.502452477995, 2.32653519797, -1.0, 2.0, 2.0, -1.0, -0.700989958072, -0.756754651952, 2.86851833775, -1.0, -1.0, -1.0, 0.0, 2.0, -1.0, -1.0, 3.0, -1.0, 2.0, 1.0, 2.0, 1.0, -0.392931943445, -0.712617857105, 1.06371556173, 0.0, 1.0, -1.0, 1.0, 2.0, 1.0, 98250.0, 462.0, 99603.0
