0.625962156352, 0.847252668695, 87.3963205163, 0.646098293736, 33.7408517179, 7.64984646311, 0.900410154827, 1.13389440377, 3.96782489118, 1007.46732844, 0.17466404533, 0.166666666667
0.321451568483, 0.833136467419, 80.045960674, 0.515050331407, 1.35823650939, 16.0518609848, 0.0712041039365, 4.80088930167, 12.815929928, 1163.95292927, 0.244260667545, 0.0
0.128220410123, 0.827535350874, 88.701990197, 0.644726837522, 77.4495072281, 2.19443352963, 1.53103873323, 3.03926583674, 1.89798196498, 4017.19159294, 0.00376915371994, 0.1
0.112754091652, 0.835408435144, 85.7985870253, 0.507093000161, 97.9793330765, 10.681016926, 0.272897218659, 2.81528365298, 4.9565786717, 1760.17091796, 0.0934055159264, 0.25
0.136090819055, 0.839953213116, 85.5380852693, 0.698545749153, 83.0709919928, 18.4743818096, 0.209103186278, 3.4104639723, 16.665489732, 1330.50541183, 0.185333059938, 0.0
0.628367342665, 0.885748818781, 80.3162462377, 0.689690560013, 80.0386487158, 46.04186556, 0.833195569579, 3.93740842919, 1.1076915831, 4781.66758989, 0.0, 0.0
0.128220410123, 0.825629409212, 81.3710091841, 0.507072436101, 29.5616205662, 2.19443352963, 0.776887853024, 1.16088347336, 7.50127875968, 2202.51610652, 0.0125606218902, 0.1
0.130120527286, 0.843640027817, 85.4329187636, 0.596623032957, 97.9793330765, 29.3749039858, 0.776887853024, 4.33461788116, 5.57690411694, 1446.89329802, 0.177725552394, 0.0
0.321451568483, 0.824823948809, 91.9502475209, 0.515050331407, 0.221840074841, 16.0518609848, 0.0311812492494, 4.54532301575, 3.96782489118, 1453.12652436, 0.159071868787, 0.181818181818
0.225644324098, 0.825629409212, 85.4329187636, 0.507072436101, 29.5616205662, 2.19443352963, 0.776887853024, 1.16088347336, 7.50127875968, 1783.89775905, 0.0278956290746, 0.0
0.136090819055, 0.839953213116, 85.5380852693, 0.698545749153, 83.0709919928, 2.19443352963, 0.209103186278, 3.4104639723, 16.665489732, 1828.99665778, 0.0157015276374, 0.0
0.130120527286, 0.827535350874, 85.4329187636, 0.644726837522, 77.4495072281, 2.19443352963, 0.75050806073, 4.53687269042, 12.5390962836, 2682.27233416, 0.0085168394873, 0.0
0.625962156352, 0.847252668695, 87.3963205163, 0.646098293736, 33.7408517179, 7.64984646311, 0.900410154827, 1.13389440377, 3.96782489118, 1208.16855246, 0.176405526603, 0.631578947368
0.799220422311, 0.843640027817, 80.0389425723, 0.448345808774, 97.9793330765, 29.3749039858, 0.776887853024, 4.33461788116, 1.89798196498, 1266.02612976, 0.462990781979, 0.0
0.536262629178, 0.833136467419, 87.3963205163, 0.646098293736, 31.2171560315, 7.64984646311, 0.900410154827, 2.43359468048, 3.96782489118, 1345.02285267, 0.205720375733, 0.529411764706
0.321451568483, 0.833136467419, 80.045960674, 0.596623032957, 0.916169401343, 16.0518609848, 0.0892642336541, 3.93552934064, 12.815929928, 1361.90410772, 0.343208292397, 0.0
0.149893070156, 1.02810694714, 87.3963205163, 0.519413057326, 37.7220743955, 1.50566979497, 0.0151370413392, 0.100233709836, 18.949845206, 8052.39996442, 0.00504619627916, 0.0
0.628367342665, 0.885748818781, 80.3162462377, 0.520840439194, 68.8154792715, 46.04186556, 0.833195569579, 3.93740842919, 1.64570325058, 1512.92023554, 0.311284677601, 0.142857142857
0.441040517827, 0.871416281516, 93.0840849608, 0.468438672056, 80.4425626446, 9.92082439306, 0.593281124613, 3.10852800073, 10.8096434644, 1606.82022775, 0.282992400771, 0.3
0.628367342665, 0.885748818781, 85.5380852693, 0.483960693339, 68.8154792715, 18.4743818096, 0.833195569579, 3.4104639723, 1.64570325058, 1489.58463911, 0.310778093993, 0.444444444444
0.130120527286, 0.843640027817, 80.0136111232, 0.596623032957, 97.9793330765, 29.3749039858, 0.776887853024, 4.33461788116, 5.57690411694, 1651.47790836, 0.204896727693, 0.3
0.112754091652, 0.835408435144, 85.7985870253, 0.507093000161, 97.9793330765, 10.681016926, 0.272897218659, 2.81528365298, 4.9565786717, 1818.35838632, 0.0917371353069, 0.0
0.128220410123, 0.825629409212, 81.3710091841, 0.507072436101, 29.5616205662, 2.19443352963, 0.776887853024, 0.986758738645, 7.50127875968, 1804.96651883, 0.0326744395317, 0.4
0.225644324098, 0.825629409212, 85.4329187636, 0.507072436101, 29.5616205662, 2.19443352963, 0.776887853024, 1.16088347336, 7.50127875968, 2025.08073607, 0.0604870701197, 0.375
0.321451568483, 0.833136467419, 80.0037418999, 0.515050331407, 1.35823650939, 2.19443352963, 0.0892642336541, 4.36043428619, 12.815929928, 2197.82887076, 0.0467340999188, 0.0
0.112754091652, 0.938208853526, 85.7985870253, 0.507093000161, 96.2509313327, 10.681016926, 0.272897218659, 2.81528365298, 4.9565786717, 2298.96329671, 0.0389620802996, 0.0
0.135355963094, 0.843640027817, 80.0389425723, 0.596623032957, 81.9493819957, 29.3749039858, 0.481838595558, 4.33461788116, 5.57690411694, 2439.49746215, 0.0248939682047, 0.333333333333
0.321451568483, 0.823005495194, 88.5287466991, 0.413205362301, 0.0358853500973, 2.19443352963, 0.776887853024, 4.36043428619, 12.7302655224, 2188.30181167, 0.0728010167634, 0.227272727273
0.149893070156, 0.939515361453, 84.5245253259, 0.519413057326, 37.7220743955, 15.5559188171, 0.0151370413392, 0.817640358282, 18.949845206, 3794.71317114, 0.00897903689608, 0.0
0.799220422311, 0.825629409212, 85.4329187636, 0.448345808774, 97.9793330765, 29.3749039858, 0.776887853024, 4.33461788116, 1.89798196498, 1425.8755671, 0.410427913161, 0.266666666667
0.128220410123, 1.23005864966, 88.701990197, 0.644726837522, 77.4495072281, 1.26103694155, 1.53103873323, 3.03926583674, 12.5390962836, 29059.2657053, 0.00623550124816, 0.135135135135
0.547188369266, 0.975340476059, 81.4705705973, 0.599800352251, 80.1763577855, 17.8529810368, 0.450109053763, 4.32979314688, 4.19530614242, 1783.40087502, 0.43283514347, 0.2
0.281486918431, 0.908440531235, 87.694357754, 0.46815709131, 99.1784371049, 32.4044528672, 0.272897218659, 4.49245506827, 4.9565786717, 1702.24315798, 0.232379405536, 0.466666666667
0.377424466296, 0.885748818781, 82.9276426479, 0.662463726147, 97.2854275585, 39.3312088143, 0.285309045529, 2.84923799039, 9.89382886379, 1844.49508107, 0.295081341614, 0.1
0.158375911448, 0.853502283583, 82.7350803948, 0.698545749153, 16.5272472906, 15.5655137661, 0.160939594508, 1.89188532109, 4.6568644126, 1977.70150648, 0.146323614573, 0.266666666667
0.130120527286, 0.843640027817, 80.0389425723, 0.596623032957, 61.3709157622, 29.3749039858, 0.776887853024, 4.33461788116, 5.57690411694, 1973.48212797, 0.200602084374, 0.214285714286
0.536262629178, 0.847252668695, 87.3963205163, 0.646098293736, 31.2171560315, 7.64984646311, 0.900410154827, 1.31021142434, 3.96782489118, 2040.02230989, 0.22890638548, 0.125
0.640113677676, 0.956890721764, 83.4144574482, 0.483960693339, 68.8154792715, 46.04186556, 0.833195569579, 3.93740842919, 1.64570325058, 1944.07792336, 0.402393489166, 0.0
0.158375911448, 0.853502283583, 82.7350803948, 0.699750630749, 16.5272472906, 15.5655137661, 0.160939594508, 4.52818690548, 4.6568644126, 2127.73721834, 0.170449328858, 0.0
0.628367342665, 0.885748818781, 85.5380852693, 0.483960693339, 68.8154792715, 18.4743818096, 0.833195569579, 3.4104639723, 1.64570325058, 2090.51365348, 0.168160966095, 0.125
0.112754091652, 0.835408435144, 85.7985870253, 0.507093000161, 61.3709157622, 10.681016926, 0.272897218659, 2.81528365298, 4.9565786717, 1819.81307303, 0.104592506108, 0.333333333333
0.130120527286, 0.843640027817, 80.0389425723, 0.596623032957, 97.9793330765, 29.3749039858, 0.776887853024, 4.33461788116, 5.57690411694, 2145.03829712, 0.10198366691, 0.0
0.155752162589, 0.827535350874, 81.3710091841, 0.605602993478, 44.5055607115, 26.7947044883, 0.619312998215, 0.884819872625, 17.7662288691, 1931.51036345, 0.221977205543, 0.25
0.308811967315, 0.887362990835, 80.6944202229, 0.646315084518, 70.6310468987, 12.6741140924, 0.481838595558, 4.68770042792, 15.4966242665, 1993.1616863, 0.211625071511, 0.2
0.136090819055, 0.839953213116, 85.5380852693, 0.698545749153, 83.0709919928, 18.4743818096, 0.209103186278, 3.4104639723, 16.665489732, 2610.80307228, 0.0439797972661, 0.0
0.270484215623, 0.916635245539, 81.0382250575, 0.406233200387, 83.4269686345, 16.9919423604, 0.301248138916, 1.08781039942, 1.15533999408, 2334.67888939, 0.065284194688, 0.0
0.130120527286, 0.827535350874, 85.4329187636, 0.644726837522, 77.4495072281, 2.19443352963, 0.75050806073, 4.53687269042, 12.5390962836, 2487.2073901, 0.0522807210121, 0.529411764706
0.130120527286, 0.827535350874, 90.9921723956, 0.644726837522, 77.4495072281, 2.19443352963, 0.75050806073, 4.53687269042, 12.5390962836, 2563.01429238, 0.0402467866469, 0.588235294118
0.128220410123, 0.827535350874, 88.701990197, 0.644726837522, 54.6905494041, 2.19443352963, 1.53103873323, 3.03926583674, 12.5390962836, 3313.43463355, 0.0272385878923, 0.340909090909
0.308811967315, 0.959508144629, 83.8466022213, 0.406233200387, 78.6340573536, 1.87950034528, 0.805398307234, 4.08671547983, 17.5660637494, 2861.71385463, 0.0384638773191, 0.5
0.628367342665, 0.885748818781, 80.3162462377, 0.520840439194, 68.8154792715, 2.19443352963, 0.833195569579, 3.93740842919, 2.69909374733, 2568.96415409, 0.0640976812237, 0.5
0.128220410123, 0.959508144629, 89.422056173, 0.644726837522, 77.4495072281, 2.19443352963, 1.53103873323, 3.68111507675, 15.4966242665, 6850.20083058, 0.0107099352032, 0.0
0.270484215623, 0.987159156384, 81.1289295942, 0.672634373279, 80.1763577855, 2.39996552734, 0.243327500703, 4.32979314688, 1.35276188202, 4401.23864658, 0.0183353334716, 0.2
0.149893070156, 0.950586138897, 84.5245253259, 0.598452607648, 91.5303801882, 5.06130799013, 0.271579753527, 0.689552421391, 12.0739849305, 3835.17205843, 0.0404859018867, 0.0
0.321451568483, 0.833136467419, 80.045960674, 0.515050331407, 0.916169401343, 16.0518609848, 0.0866116789612, 4.36043428619, 12.815929928, 1803.2032682, 0.362813292837, 0.684210526316
0.78950757648, 0.908440531235, 87.694357754, 0.46815709131, 98.0178907789, 44.4435300341, 0.21039153254, 4.49245506827, 4.9565786717, 1766.43030572, 0.486130551111, 0.625
0.281486918431, 0.908440531235, 87.694357754, 0.46815709131, 99.1784371049, 26.7947044883, 0.272897218659, 4.49245506827, 4.9565786717, 2021.12490794, 0.539120862542, 0.0
0.456756632075, 0.89247276463, 90.569687451, 0.678455385317, 53.2093322257, 29.1141947138, 0.213213630097, 3.40366476728, 7.13651020149, 2131.91356932, 0.321166009021, 0.0
0.130120527286, 0.843640027817, 80.0136111232, 0.596623032957, 97.9793330765, 29.3749039858, 0.776887853024, 4.33461788116, 5.57690411694, 2124.20578548, 0.113587726013, 0.461538461538
0.130120527286, 0.843640027817, 85.4329187636, 0.596623032957, 0.221840074841, 29.3749039858, 0.776887853024, 1.11914213163, 5.57690411694, 1901.8860896, 0.206870008252, 0.529411764706
0.158375911448, 0.853502283583, 82.7350803948, 0.697672652616, 93.5507548668, 15.5655137661, 0.160939594508, 2.68174039794, 4.6568644126, 2113.77235593, 0.133905339174, 0.428571428571
0.799220422311, 0.825629409212, 80.7850210371, 0.697672652616, 97.9793330765, 29.3749039858, 0.776887853024, 4.33461788116, 1.89798196498, 1843.28619423, 0.394560845205, 0.545454545455
0.130120527286, 0.843640027817, 80.0389425723, 0.596623032957, 97.9793330765, 29.3749039858, 0.776887853024, 4.33461788116, 5.57690411694, 1869.92316482, 0.198941677684, 0.578947368421
0.112754091652, 0.853502283583, 85.7985870253, 0.507093000161, 13.6907340101, 10.681016926, 0.272897218659, 2.81528365298, 4.9565786717, 1970.89542057, 0.151506677732, 0.6
0.625962156352, 0.887362990835, 81.6872447789, 0.646315084518, 84.8407156074, 12.6741140924, 0.481838595558, 4.68770042792, 4.773377975, 2206.90105776, 0.306896268477, 0.0
0.158375911448, 0.853502283583, 82.7350803948, 0.699750630749, 16.5272472906, 15.5655137661, 0.160939594508, 4.52818690548, 4.6568644126, 2207.46388738, 0.130803192484, 0.0
0.628367342665, 0.885748818781, 80.3162462377, 0.520840439194, 68.8154792715, 46.04186556, 0.833195569579, 3.93740842919, 1.64570325058, 1964.31610909, 0.305682419514, 0.285714285714
0.628367342665, 0.885748818781, 80.3162462377, 0.662463726147, 68.8154792715, 46.04186556, 0.833195569579, 3.93740842919, 1.64570325058, 2023.31869291, 0.525263915687, 0.269230769231
0.155752162589, 0.827535350874, 81.3710091841, 0.605602993478, 44.5055607115, 26.7947044883, 0.619312998215, 3.49901519886, 17.7662288691, 2020.9270602, 0.294116546066, 0.3
0.321451568483, 0.833136467419, 80.045960674, 0.515050331407, 0.916169401343, 16.0518609848, 0.0892642336541, 3.93552934064, 12.815929928, 2192.41927418, 0.294021343484, 0.357142857143
0.270484215623, 0.916635245539, 81.0382250575, 0.406233200387, 83.4269686345, 2.19443352963, 0.301248138916, 1.08781039942, 1.15533999408, 3235.72425704, 0.0475265022175, 0.190476190476
0.129820178807, 0.839953213116, 85.5380852693, 0.698545749153, 20.8474338399, 18.4743818096, 0.209103186278, 3.4104639723, 16.665489732, 2912.04958062, 0.0495611165743, 0.4
0.130120527286, 0.825629409212, 85.4329187636, 0.596623032957, 97.9793330765, 29.3749039858, 0.776887853024, 4.33461788116, 5.57690411694, 2373.821896, 0.107128260393, 0.111111111111
0.129820178807, 0.839953213116, 85.5380852693, 0.698545749153, 20.8474338399, 18.4743818096, 0.209103186278, 3.4104639723, 16.665489732, 3129.61650331, 0.0879258135449, 0.0
0.129820178807, 0.839953213116, 85.5380852693, 0.524057434609, 20.8474338399, 18.4743818096, 0.0571831714208, 3.4104639723, 16.665489732, 2937.15345631, 0.1058995591, 0.0
0.130120527286, 0.843640027817, 80.0389425723, 0.596623032957, 97.9793330765, 29.3749039858, 0.776887853024, 4.33461788116, 5.57690411694, 2557.71099556, 0.0925166019219, 0.333333333333
0.321451568483, 0.82714552488, 88.5287466991, 0.515050331407, 0.0358853500973, 2.19443352963, 0.0892642336541, 4.36043428619, 12.7302655224, 2576.93653134, 0.0719041917413, 0.32
0.158375911448, 0.853502283583, 82.7350803948, 0.448345808774, 99.6533373125, 15.5655137661, 0.160939594508, 2.68174039794, 4.6568644126, 2795.5115482, 0.0852138860318, 0.142857142857
0.128220410123, 0.839473356214, 88.701990197, 0.596623032957, 18.8423818355, 5.33853768055, 0.776887853024, 4.33461788116, 5.57690411694, 2499.02879357, 0.0921479233413, 0.428571428571
0.128220410123, 0.827535350874, 88.701990197, 0.644726837522, 77.4495072281, 2.19443352963, 1.53103873323, 3.03926583674, 12.5390962836, 3658.46699841, 0.0337842171265, 0.4
0.128220410123, 1.1932525949, 81.3710091841, 0.545511968028, 29.5616205662, 2.19443352963, 1.40446501566, 1.16088347336, 7.50127875968, 12855.1931681, 0.0114788085612, 0.0
0.128220410123, 1.1932525949, 81.3710091841, 0.575021741265, 29.5616205662, 2.19443352963, 0.460494103649, 1.16088347336, 18.4434812382, 10450.7335156, 0.0269333089317, 0.153846153846
0.171033761806, 0.990174900884, 83.3574929585, 0.406233200387, 80.1763577855, 2.39996552734, 0.301248138916, 4.32979314688, 1.35276188202, 5246.1608809, 0.0221016615075, 0.705882352941
0.128220410123, 0.89262386344, 88.701990197, 0.644726837522, 54.6905494041, 2.19443352963, 1.92195501951, 3.03926583674, 12.5390962836, 5161.75576439, 0.026327497025, 0.25
0.102169397504, 0.990174900884, 84.5245253259, 0.406233200387, 80.1763577855, 2.39996552734, 0.301248138916, 4.32979314688, 1.35276188202, 5203.30693753, 0.0228345379325, 0.5
0.149893070156, 0.939515361453, 84.5245253259, 0.598452607648, 91.5303801882, 5.06130799013, 1.22000730962, 0.689552421391, 6.61352555249, 6693.85931615, 0.0414752929313, 0.0
0.731840695847, 0.950586138897, 87.09220035, 0.680841769377, 76.0536277679, 1.50566979497, 0.826226462173, 3.62802876821, 7.43134112686, 4937.15170106, 0.0549901905302, 0.0
0.149893070156, 0.939515361453, 84.5245253259, 0.519413057326, 37.7220743955, 13.0287278484, 0.0723472225546, 0.689552421391, 18.949845206, 3898.73491377, 0.0870562746308, 0.05
0.167995975885, 0.959593964893, 85.6206576941, 0.478026693625, 36.7304476669, 15.3030388918, 0.460494103649, 0.0455911523438, 18.4434812382, 4502.83575171, 0.0563686230437, 0.0
0.52234410305, 0.862668596749, 81.5144850918, 0.669585335221, 7.08529369884, 24.3100468526, 0.285309045529, 2.92668542863, 16.0015744146, 2017.49515082, 0.570207628154, 0.307692307692
0.377424466296, 0.885748818781, 82.9276426479, 0.662463726147, 97.3280552118, 39.3312088143, 0.285309045529, 3.98978848944, 1.71923428944, 2119.53920785, 0.325891878044, 0.619047619048
0.128220410123, 1.1932525949, 81.864750166, 0.545511968028, 47.2043754621, 2.19443352963, 1.73777365008, 1.16088347336, 7.50127875968, 18107.5430405, 0.0162885645027, 0.0689655172414
0.799220422311, 1.21733244075, 86.8005499971, 0.565909633008, 98.0468399489, 5.76277233716, 0.348526867703, 3.5873556062, 1.89798196498, 11367.5879322, 0.0538731078167, 0.0
0.128220410123, 1.1932525949, 81.864750166, 0.545511968028, 47.2043754621, 1.75093705045, 0.481838595558, 1.16088347336, 7.50127875968, 13384.7375416, 0.0232498287763, 0.384615384615
0.281486918431, 0.908440531235, 87.694357754, 0.46815709131, 99.1784371049, 26.7947044883, 0.272897218659, 4.49245506827, 4.9565786717, 2085.58855416, 0.38711572319, 0.48
0.128220410123, 1.1932525949, 81.864750166, 0.545511968028, 47.2043754621, 2.19443352963, 0.481838595558, 1.16088347336, 7.50127875968, 9518.03558511, 0.0335920895175, 0.473684210526
0.321451568483, 0.833136467419, 80.045960674, 0.515050331407, 0.916169401343, 16.0518609848, 0.0892642336541, 4.36043428619, 12.815929928, 2179.04657235, 0.301385673779, 0.5
0.340985978813, 1.07094401379, 89.6430655698, 0.676464663796, 68.7628613107, 6.36683346974, 0.406862751324, 2.44942976314, 14.5297029184, 6958.8175501, 0.0631764352186, 0.0
0.536262629178, 0.847252668695, 87.3963205163, 0.646098293736, 31.2171560315, 7.63247699097, 0.900410154827, 1.31021142434, 3.96782489118, 2216.07601516, 0.229136090963, 0.3
0.308811967315, 0.887362990835, 80.6944202229, 0.646315084518, 92.296596587, 12.6741140924, 0.481838595558, 4.68770042792, 4.47949779126, 2134.48175786, 0.332408169906, 0.0
