2.0, 1.94011004657, 1.0, -0.531263847757, 0.0, 2.0, 1.34378430956, 0.0, -1.0, -1.0, -1.0, 1.63946282332, 1.39287721455, 0.0403708134486, 0.610852426701, 1.0, -1.0, 0.0, 2.86266184495, 0.521734733255, 1.0, 0.902762541968, 1.0, 0.0, 0.0, 1.0, 2.0, 2.24240900503, 0.0, -1.0, -1.0, 0.951856803531, 1.17292114543, 1.5063894281, 0.0, 0.914359615924, 3.0, 2.0, 2.0, 3.0, 0.0, 0.0, 3.0, 1.0, 0.0, -1.0, -1.0, 0.365855674744, 2.04016125092, -1.0, 95028.0, 561.0, 99487.0
1.0, 0.0, 1.0438788287, 2.0, 0.0, 0.0, 1.47509389288, 2.0, 0.0, -1.0, -1.0, 1.0, 3.0, 1.0, 1.0, 1.0, -1.0, 3.0, 1.0, 2.0, 1.0, 3.0, 1.73941299924, 1.0, 0.0, 0.398056254586, -1.0, -1.0, 0.478560730327, 1.0, 0.36342378566, -0.713483670908, 2.0, -1.0, 3.0, 2.0, -1.0, 2.0, 1.0, 3.0, 2.0, 2.0, -1.0, 0.0, 1.81721766276, 2.0, 0.0, 2.0, 2.0, 0.0, 95085.0, 574.0, 99485.0
2.83241275244, -1.0, 1.0, -0.899298878357, -0.373123183367, 2.67874902889, -0.77995755728, -1.0, 1.0, -1.0, 0.126580944995, -1.0, -1.0, -0.974996619183, 0.0, 2.11486571705, 0.32162826828, 1.0, 1.1505958411, 0.0, -0.339004175575, 1.0, 2.0, -1.0, 3.0, 0.519451750753, 3.0, 2.0, 1.65463060302, -1.0, 1.0, 2.98970921347, 1.38500105004, -1.0, -1.0, -1.0, -0.632626999835, 0.214062688656, 0.0, 3.0, 3.0, 0.0, 0.269313759076, -1.0, 3.0, 2.0, -1.0, -1.0, -1.0, -0.0113666490249, 96291.0, 450.0, 99609.0
0.0, 2.0, 2.0, 1.0, 1.53459812582, 0.788462200583, 2.0, 3.0, 2.0, 2.0, -1.0, 1.0, 2.0, 0.0, 3.0, 1.0, 3.0, 3.0, 2.28734626288, 1.0, -1.0, 2.0, 0.460932878525, 3.0, 0.0, 0.0, 1.0, 2.0, 2.0, -1.0, 1.0, 3.0, 2.30659645243, 1.10288111089, 2.37208612742, 0.487567605173, -1.0, -1.0, -1.0, 2.0, 2.0, 2.71795201969, 2.0, 0.0, 1.0, 0.0, 0.0, 0.708173705588, 1.54040626168, 0.873266281818, 94997.0, 626.0, 99440.0
2.18107061015, 0.0, 0.0, 2.0, 0.309320953679, 0.0, 1.47509389288, 2.0, 0.0, -0.976680989463, -1.0, -1.0, 3.0, 1.0, 1.0, 1.0, -1.0, 2.21139107697, 1.0, 2.0, 1.0, 1.16014768631, 1.73941299924, 1.0, 0.0, 0.86856992706, -1.0, -1.0, 3.0, 1.0, 0.0, -1.0, 2.73720400522, -1.0, 3.0, -0.23384443549, -1.0, 2.0, 3.0, 3.0, -0.626335067395, 2.0, 1.34577280247, 0.0, -1.0, 2.0, 0.0, 2.0, 1.20501750438, -0.580560863432, 95342.0, 537.0, 99508.0
-0.055384067028, 2.0, 2.10889421458, 1.0, 3.0, 3.0, 2.0, 3.0, 2.0, -0.538975246764, -1.0, 1.0, 2.0, 1.0, 3.0, 1.0, 3.0, 3.0, 2.0, 1.0, -1.0, 0.0557599887304, 1.0, 3.0, -0.932140386389, 0.0, 1.0, 2.0, 1.34130449255, -1.0, 1.0, -0.834564749935, 0.573829818226, 0.0, 3.0, 0.0, -1.0, -1.0, -1.0, -0.00589170295424, 1.0, 0.0, 2.0, 1.00566206158, 1.0, 0.0, 0.0, -1.0, -1.0, 1.0133660925, 95213.0, 548.0, 99490.0
1.0, -0.256456826074, 2.0, 1.88746291595, -1.0, 0.0, 1.0, -0.495968857641, 0.0941704347023, 1.0, 2.30929134527, -1.0, -0.496627460968, -1.0, -1.0, 1.0, -1.0, 1.0, 3.0, -1.0, 0.0, 2.0, -1.0, 0.138859624162, 0.548945176557, -1.0, 2.41671678065, 2.0, 0.0, 0.0, -1.0, -1.0, -1.0, -1.0, 0.156083667724, 0.0, -1.0, -1.0, 1.0, 0.0, 0.507233482741, 1.0, 1.0, 2.0, -1.0, -1.0, 0.0, 3.0, 0.721034542718, 2.51567589487, 95602.0, 495.0, 99573.0
1.0, -0.449537500455, 2.0, 1.92872458132, 2.00745010725, 2.0, 3.0, -1.0, -0.303781091176, 0.0, -1.0, -0.994382817477, 0.903543070049, 0.0, -1.0, -1.0, 3.0, 1.61266872198, 1.86981838529, -1.0, -1.0, 0.0, 3.0, 3.0, -1.0, 1.0, 2.35329703073, 2.02682053727, -1.0, -0.973129566825, 2.0, 1.0, 1.0, -1.0, -1.0, 1.04799626911, -1.0, -0.0413067979775, -1.0, 3.0, 0.0, 0.0, -1.0, -1.0, -1.0, 0.0, -1.0, 3.0, 1.40864865866, -1.0, 96372.0, 447.0, 99610.0
1.0, -0.449537500455, 2.22247628135, 1.92872458132, 2.00745010725, 0.0, 3.0, -1.0, -0.303781091176, 0.0, -1.0, -0.997963996066, 0.903543070049, 0.0, -1.0, -1.0, 3.0, 1.61266872198, 1.86981838529, -1.0, -1.0, 0.0, 3.0, 3.0, -1.0, 0.427894393154, 2.35329703073, 2.02682053727, -1.0, -0.973129566825, 2.0, 0.384925890104, 1.0, 0.76950286191, -1.0, 1.04799626911, -1.0, -0.0413067979775, -1.0, 3.0, 0.0, 0.0, -1.0, -1.0, -1.0, 0.332641411942, -1.0, 3.0, 1.40864865866, -1.0, 96092.0, 459.0, 99595.0
0.0, 2.0, 2.99106821584, 1.0, 3.0, 3.0, 2.0, 3.0, 2.30671209642, 0.0, -0.981075999899, 1.0, 2.33196285947, 0.0, 3.0, 1.0, 2.38558060748, 3.0, 2.0, 1.0, -1.0, 2.0, 2.35208333253, 1.12883461685, -1.0, 0.0, 1.0, 2.0, 2.0, -1.0, 1.0, 0.0, 3.0, 0.0, 2.16493793548, 0.0, -1.0, -1.0, -1.0, 2.0, 1.0, 1.0, 2.0, 0.0, 1.0, 0.0, 0.0, -1.0, -1.0, 1.0, 95214.0, 586.0, 99472.0
1.29692803716, 0.0, -0.337951623364, -1.0, 0.0, 2.0, 0.0, 0.0, -1.0, -0.721647786813, 1.0, 2.02355361157, 1.0, -1.0, 0.600078399483, 1.0, -1.0, -1.0, 3.0, -1.0, 1.0, -1.0, 2.13864839407, 0.0, -0.14999387434, 1.0, 2.0, 2.0, 1.44985012068, -1.0, -1.0, 1.0, -0.257269810178, 3.0, 2.2054048855, 3.0, 3.0, 2.0, 0.478117389826, 0.0251019136206, -0.770660883002, 0.0, 2.5419951448, 0.588792801609, 0.0, -1.0, -1.0, -1.0, 1.70003226307, -0.235503139246, 95555.0, 511.0, 99544.0
0.0, 0.303442275958, 0.775539455108, 1.33816691992, 3.0, 3.0, 0.93240636617, -1.0, 2.0, -0.339125324391, -1.0, 1.0, 1.74688670146, 0.0, 0.846447137554, 1.0, 2.34161975445, 2.0, 2.0, 1.0, 1.71515349106, 2.0, 0.346549826228, 2.95806115939, 2.0, 1.91771458271, 1.0, 2.0, 2.0, -0.486121510603, 0.216331200584, 3.0, 3.0, 0.0, 2.37208612742, 0.0, -1.0, -1.0, -0.74708421055, 2.0, 2.0, 1.0, -0.894766105511, 0.0, 1.0, 0.0, 2.49932384726, 0.59956623733, -1.0, 1.0, 94974.0, 611.0, 99461.0
2.18107061015, 0.0, 0.0, 2.0, 0.0, 0.0, 2.40829997437, 2.20496023007, 0.0, -0.976680989463, -1.0, -1.0, 3.0, 0.69663466834, 1.0, 1.0, -1.0, 2.38431398925, 1.0, 2.0, 1.0, 1.16014768631, 0.0, 1.0, 0.0, -0.969140706949, -1.0, -1.0, 3.0, 1.0, 0.985992105878, -0.904256957282, 2.12224664289, -1.0, 3.0, 2.08987060656, 2.31933194188, 2.14984228978, 3.0, 3.0, -0.626335067395, 2.0, -0.674838769382, 0.0, -1.0, 2.0, -0.852261183304, 2.0, 1.20501750438, -0.274317575524, 95619.0, 513.0, 99534.0
-0.055384067028, 2.0, 2.10889421458, -0.853718692753, 3.0, 3.0, 2.0, 3.0, 2.0, -0.538975246764, 1.0, 1.0, 2.0, 1.21387015493, 3.0, 1.0, 3.0, 3.0, 2.0, 1.0, -1.0, 0.0557599887304, 1.0, 3.0, -0.932140386389, -0.882918205231, 1.0, 0.715001902923, 1.08396367218, -1.0, 0.325551798075, -0.502733645801, 0.573829818226, 0.0, 3.0, 0.0, -1.0, -1.0, -1.0, -0.00589170295424, 1.0, 0.0, 2.0, 1.00566206158, 1.0, 0.0, 0.0, -1.0, -1.0, 1.0133660925, 95415.0, 533.0, 99506.0
1.30536949243, 1.0, 2.91068632032, 1.0, 2.0, 0.0, 1.0, 0.0, -1.0, 2.64593519593, 3.0, 1.0, 0.0, 1.0, 3.0, -1.0, 0.0, 2.0, -1.0, 2.0, 1.53872974329, 0.851443027217, 1.0, 3.0, 0.0, 0.0, 3.0, 3.0, -1.0, -1.0, 0.0, 3.0, 2.31257260702, 3.0, 1.0, 3.0, -1.0, 2.0, 2.0, 1.0, -1.0, 1.0, 0.0, 2.0, 2.0, 0.0, 1.34607286056, 1.0, 0.0, -1.0, 95047.0, 601.0, 99470.0
1.0, 2.0, 3.0, 1.0, 1.0, 2.0, 0.0, -1.0, 2.0, 2.0, -1.0, 1.0, -1.0, 2.02589097621, 1.0, 2.0, -1.0, 0.831979605443, 1.0, 1.0, -1.0, 0.380127052708, 0.0, 0.0, -1.0, 2.0, -1.0, 2.0, 0.0, -0.727465587471, 2.0, 3.0, -0.285854204372, 3.0, 1.0, 0.0, 2.0, 1.0, -1.0, -1.0, 1.0, 1.0, -1.0, 0.0, -1.0, 0.0, 1.0, -1.0, -1.0, 1.04015352385, 95340.0, 519.0, 99539.0
-0.38276518365, 0.0, 1.0, -1.0, 0.0, 2.0, -0.829506474192, 0.0, -1.0, -1.0, 1.0, 1.0, 1.0, 0.755514684005, 2.01498930422, 1.0, -1.0, 2.23816537998, 3.0, -1.0, 1.0, 0.769189599888, 1.0, 1.50707106409, 0.0, 1.0, 2.0, 2.0, 0.0, -1.0, -1.0, -0.103044724018, 2.86526044093, 3.0, 0.0, 2.16861435819, 3.0, 1.27249885781, 2.0, 3.0, 0.0, 0.0, 2.0, 1.0, 0.0, -1.0, -1.0, -1.0, -0.690183893818, -1.0, 95495.0, 523.0, 99522.0
1.0, 0.0, 1.0, 0.964366204447, 0.0, 2.0, 0.0, 0.0, -1.0, -0.539256246612, -0.627795978644, 1.0, 1.0, -1.0, 0.600078399483, -0.308191666979, -1.0, -1.0, 3.0, -1.0, 1.0, -1.0, 2.13864839407, 0.0, 0.0, 1.0, 1.97073956861, -0.399854190061, -1.0, -1.0, -1.0, 0.239144869084, -0.257269810178, 3.0, 2.2054048855, 2.0, 3.0, 2.0, 2.0, 0.0251019136206, 0.0, 0.0, 2.0, 0.588792801609, 0.0, -1.0, -1.0, -1.0, 2.0, -0.235503139246, 95359.0, 509.0, 99547.0
-0.622507858335, 2.0, 2.0, 1.0, 1.53459812582, 3.0, 2.0, 3.0, 2.0, 2.0, -1.0, 1.0, 2.0, 0.0, 3.0, 1.0, 3.0, 3.0, 2.28734626288, 1.0, -1.0, 2.0, 0.994463570225, 3.0, 0.0, 0.0, 1.0, 2.0, 2.0, -1.0, 1.0, 3.0, 2.30659645243, 0.0, 2.37208612742, 0.0, 1.84568419321, -1.0, -1.0, 2.0, 2.0, 2.71795201969, 2.0, 0.0, 1.0, 0.0, -0.224997075291, 0.59956623733, 1.54040626168, 1.0, 95225.0, 623.0, 99445.0
2.0, 0.0, 3.0, 2.0, -1.0, 0.0, 2.0, 0.141757773754, 2.0, -0.952956472675, -0.308451886126, 1.0, 1.0, 0.621119891067, -0.0379518604784, 0.0, 0.0988418748371, 2.25964959232, 0.0, -0.292930139521, 0.487106625533, 2.0, 3.0, 3.0, 2.0, 0.0, -1.0, 0.0, 1.04810322636, -1.0, 0.0, 3.0, 2.05983472448, -1.0, 1.0, 3.0, 2.58801239079, -1.0, -0.168486112904, -1.0, -1.0, 2.0, 0.0, 0.0, -1.0, 2.0, 1.72314400808, 1.0, 3.0, 1.0, 94922.0, 581.0, 99481.0
-0.055384067028, 1.61094996623, 2.10889421458, 1.0, 3.0, 3.0, 2.0, 3.0, 2.0, 1.2742316514, -1.0, 1.0, 2.0, 2.0, 3.0, 1.0, 3.0, 1.30814282283, 2.0, -0.338089302612, -1.0, 0.0557599887304, 1.0, 3.0, -0.737362793107, 0.0, 2.72922019599, 2.0, 1.34130449255, -0.137731566314, 1.0, -0.834564749935, 0.573829818226, 0.0, 3.0, 0.0, -1.0, -1.0, -1.0, 2.0, 1.0, 1.0, -0.191693418039, 1.00566206158, 0.743757010806, 0.0, 0.0, -1.0, -1.0, 1.0133660925, 95075.0, 582.0, 99476.0
2.65183048656, -0.441772091072, 2.0, 2.0, 1.0, 1.0, -1.0, 2.0, -1.0, 0.0, -0.812130509563, -1.0, 1.0, 0.0, -1.0, 2.0, 0.0, -1.0, 3.0, -1.0, -1.0, -0.479667587252, 3.0, -0.916190738463, -1.0, 3.0, -1.0, 3.0, -0.969577692883, -0.725687064366, 0.0, 1.0, 2.0, -0.89252615193, 0.0, 1.64163835318, 2.99263893414, -1.0, 1.0, 0.0682444263747, -1.0, 0.704874608149, 0.0, 0.0497610900961, 0.0, 2.0, -0.42758343147, 2.0, 0.0, 3.0, 95885.0, 481.0, 99576.0
1.64671062528, -1.0, 1.0, -0.899298878357, -0.373123183367, 2.97907826621, 2.0, -1.0, 1.0, -1.0, 0.126580944995, -1.0, -1.0, -0.586197818571, 0.0, 1.0, -1.0, 1.0, 1.1505958411, 0.0, -1.0, 1.0, 2.0, -1.0, 3.0, 1.0, 3.0, 2.0, 1.65463060302, -1.0, 1.0, 3.0, -0.152210919261, -1.0, -1.0, -1.0, 2.0, 2.0, 0.0, 3.0, 1.0, 0.0, 0.269313759076, -1.0, 3.0, 0.79214151182, -1.0, -1.0, -1.0, -0.0113666490249, 96235.0, 455.0, 99602.0
-0.055384067028, 2.0, 2.10889421458, 1.0, 3.0, 3.0, 2.0, 3.0, 2.0, -0.538975246764, -1.0, 1.0, 2.0, 1.0, 3.0, 1.0, 3.0, 3.0, 2.0, 1.0, -1.0, 0.0557599887304, 1.0, 3.0, -0.932140386389, 0.0, 1.0, 2.0, 1.34130449255, -1.0, 1.0, -0.834564749935, 0.573829818226, 0.0, 3.0, 0.0, -1.0, -1.0, -1.0, -0.00589170295424, 1.0, 0.0, 2.0, 1.00566206158, -0.667737695717, 0.0, 0.0, -1.0, -1.0, 1.84817633376, 95273.0, 538.0, 99495.0
-0.678476699289, 0.0, 2.42914130906, 1.0, 1.83249572487, -0.473155686278, 2.0, -1.0, 1.0, 2.0, 2.0, -0.121814472642, -1.0, 1.18484785819, 0.0, 0.218411235538, -0.904181798162, 0.0, -1.0, 0.0, 0.875961778612, 0.248343123953, 0.0, 3.0, 1.0, 1.20781211528, 1.0, 2.59159929622, 0.791277252169, -1.0, 2.0, 1.0, 3.0, 1.0, 0.181859345835, 3.0, 0.236588013567, 2.0, 3.0, 1.0, 0.635691064769, -0.277103182397, 1.0, 2.0, 0.0, 3.0, -1.0, 2.90495324507, 0.397532303928, 0.0, 94800.0, 616.0, 99467.0
2.65183048656, -0.441772091072, 2.0, 2.0, 1.0, 1.0, -1.0, 2.0, -1.0, 0.0, -0.812130509563, -1.0, 1.0, 0.0, -1.0, 2.0, 0.0, -1.0, 3.0, -1.0, -1.0, -1.0, 3.0, -0.916190738463, -1.0, 3.0, -1.0, 3.0, -0.969577692883, -1.0, 0.0, 1.0, 2.0, -0.89252615193, 0.0, 0.982748634352, 2.99263893414, -1.0, 1.0, 0.0682444263747, -1.0, 0.0, 0.0, 0.0497610900961, 0.0, 2.0, 0.0, 2.0, 0.0, 3.0, 96093.0, 471.0, 99594.0
1.0, 2.0, 3.0, 1.0, -0.266690773187, 2.17182741017, 0.0, -1.0, 2.0, 2.0, -1.0, 1.0, -1.0, 2.02589097621, 1.0, 2.0, -1.0, 0.831979605443, 1.0, 1.0, -1.0, 0.0, 1.0, 0.0, -1.0, 2.79003980654, -1.0, 2.01474129151, -0.648666889483, -0.727465587471, 1.78295776566, 1.75865888962, -1.0, 3.0, 1.0, 0.0, 2.0, 1.0, 1.01019775138, -1.0, 1.0, 3.0, -1.0, 0.0, -1.0, 0.0, 1.0, -1.0, -1.0, 0.0, 95620.0, 504.0, 99548.0
-0.055384067028, 2.0, 2.10889421458, 1.0, 3.0, 3.0, 2.0, 3.0, 2.0, 1.2742316514, -1.0, 1.0, 2.0, 1.0, 3.0, 1.0, 3.0, 3.0, 2.0, 1.0, -1.0, 0.0557599887304, 1.0, 3.0, -0.737362793107, 0.0, 1.0, 2.0, 1.34130449255, -1.0, 1.0, -0.834564749935, 0.573829818226, 0.0, 3.0, 0.0, -1.0, -1.0, -1.0, 2.0, 1.0, 1.0, 2.0, 1.00566206158, 1.0, 0.0, 0.0, -1.0, -1.0, 1.0133660925, 95271.0, 567.0, 99483.0
-1.0, 2.0, 2.11180907119, 2.23170363694, 3.0, 3.0, 3.0, 1.0, -1.0, 2.0, 1.0, -0.767799006637, -1.0, 2.81251049109, -0.95387754746, 1.0, -1.0, 2.54502823711, 2.0, 1.51333542966, 1.0, 1.0, 2.0, -1.0, 3.0, 0.0, 1.0, -1.0, -1.0, 0.513325750652, 1.29939580678, -1.0, 2.1433277125, -1.0, -1.0, 0.0, -1.0, 2.0, 1.0, 0.0, 3.0, 3.0, -1.0, 2.0, 0.0331227342121, 2.0, -1.0, 1.0, 2.08301471152, 1.02395601749, 96531.0, 486.0, 99575.0
0.0, 0.0, 2.42914130906, 1.0, 1.83249572487, 0.0, 2.0, -1.0, 1.0, 2.0, 2.0, -0.121814472642, -1.0, 1.18484785819, 0.0, 0.218411235538, -0.904181798162, 0.0, -1.0, 0.0, 1.17891696065, 0.248343123953, 0.0, 3.0, 1.0, 1.20781211528, 1.0, 3.0, -1.0, -1.0, 2.0, 1.0, 3.0, 1.0, 0.181859345835, 3.0, 0.236588013567, 2.0, 3.0, 1.0, 2.0, 0.0, 1.0, 2.0, 0.0, 3.0, -1.0, 2.90495324507, 0.397532303928, 0.0, 94839.0, 615.0, 99470.0
1.0, 2.0, 3.0, 1.0, -0.603809381396, -0.100676786036, 0.0, -1.0, 2.0, 2.0562962373, 2.56527139345, 1.0, -1.0, 1.0, -1.0, 2.0, -0.548381560262, -1.0, 0.0, 1.21372018626, -1.0, 0.0, 0.0, -0.984636537513, -0.615645002631, 2.0, -1.0, 1.67872213435, 0.0, -1.0, 1.50325758305, 3.0, -1.0, 3.0, 2.0, 0.816502279762, 2.0, 1.0, -1.0, -1.0, 1.0, 3.0, -1.0, 0.0, -1.0, 0.0, 1.0, -1.0, -1.0, 0.0, 96086.0, 470.0, 99598.0
-0.38276518365, 0.0, 1.0, -1.0, 0.0, 2.0, -0.829506474192, 0.0, -1.0, -1.0, 1.0, 1.0, 1.0, -1.0, 2.01498930422, 1.0, -1.0, 2.23816537998, 3.0, -1.0, 1.0, 0.769189599888, 1.0, 1.50707106409, 0.0, 1.0, 2.0, 2.0, 0.0, -1.0, -1.0, -0.103044724018, 2.86526044093, 3.0, 0.0, 2.16861435819, 3.0, 2.0, 2.0, 3.0, 0.0, 0.0, 2.0, 1.0, 0.0, -1.0, -1.0, -1.0, -0.690183893818, -1.0, 95672.0, 510.0, 99535.0
1.0, 2.0, 3.0, 1.0, -0.266690773187, 2.17182741017, 0.0, -1.0, 2.0, 2.0, -1.0, 1.0, -1.0, 2.02589097621, 1.0, 2.0, -1.0, 0.831979605443, 1.0, 1.0, -1.0, 0.0, 0.0, 0.0, -1.0, 2.79003980654, -1.0, 2.01474129151, 0.0, -0.727465587471, 2.0, 1.75865888962, -1.0, 3.0, 1.0, 0.0, 2.0, 1.0, 1.01019775138, -1.0, 1.0, 3.0, -1.0, 0.0, -1.0, 0.0, 1.0, -1.0, -1.0, 0.0, 95410.0, 522.0, 99534.0
1.0, -0.256456826074, -0.440503424063, 1.88746291595, 2.026547508, 2.0, 1.0, -0.495968857641, 0.0941704347023, 1.0, 2.30929134527, -1.0, -0.496627460968, -1.0, -1.0, 1.0, -1.0, 1.0, 3.0, -1.0, 0.0, 2.0, -1.0, 0.138859624162, 0.548945176557, -1.0, 2.41671678065, 2.0, 0.0, 0.0, -1.0, -1.0, -1.0, -1.0, 0.156083667724, 0.0, -1.0, -1.0, 1.0, 0.0, 0.507233482741, 1.0, 1.0, 2.0, -1.0, -1.0, 0.0, -0.0748206388892, 0.721034542718, 2.66386858772, 95525.0, 507.0, 99562.0
2.0, 0.0, 1.0, -1.0, 0.0, -0.842105228068, 1.34378430956, 0.0, -1.0, -1.0, 1.0, 1.63946282332, 0.842440683313, 0.0403708134486, 0.610852426701, 1.0, -1.0, 2.0, 3.0, -1.0, 1.0, -1.0, 1.0, 0.0, 0.628393010062, 1.0, 2.81388118561, 2.0, 0.405141524389, -1.0, -1.0, 1.0, 1.17292114543, 3.0, 0.0, 0.914359615924, 3.0, 0.186848300585, 2.0, 2.1260900052, 0.0, 0.0, -0.139964376072, 1.0, 0.0, -1.0, -1.0, -1.0, 0.580522397036, -1.0, 95387.0, 525.0, 99533.0
3.0, 0.274671235078, 2.0, 2.0, -1.0, 0.0, 1.0, -0.495968857641, 0.0941704347023, 1.0, 2.0, -1.0, 0.0, -1.0, -1.0, 1.0, -1.0, 1.0, 3.0, -0.93533308632, 0.0, 2.0, 0.0, 0.138859624162, -1.0, -1.0, 2.41671678065, 2.0, 0.0, 0.0, -1.0, -1.0, -1.0, -1.0, -0.765190790452, 0.0, -1.0, -1.0, 1.0, 0.0, 0.507233482741, 1.0, 1.45724390141, 2.0, -1.0, -1.0, 0.0, 3.0, 1.0, -1.0, 95799.0, 469.0, 99600.0
1.0, 2.0, 1.0, 2.24179756447, 0.0, 1.0, 0.0, 2.0, 1.0, 1.0, 0.0, -1.0, 2.0, 1.0, 0.231803553267, -1.0, -1.0, 3.0, 2.0, 0.0, -1.0, -0.163342226221, 1.0, 0.0, 2.0, -0.193315633095, -1.0, 0.0, 2.0, 0.0, 0.417450783766, 3.0, 3.0, -1.0, 2.54843965194, 2.0, -1.0, 2.0, 3.0, 3.0, 2.0, 0.0, 3.0, 1.48985261315, -1.0, 2.0, 3.0, 1.0, 1.0, 1.29212258113, 94962.0, 610.0, 99469.0
1.0, 2.0, 3.0, 1.0, -0.463112693096, 2.17182741017, 0.0, -1.0, -0.599453882842, 2.0, -1.0, 1.0, -1.0, 1.95638605207, 0.343473495277, 2.0, -1.0, 0.831979605443, 1.0, 1.0, -1.0, 0.0, -0.0081941153373, 0.0, -1.0, 2.88257936764, -1.0, 2.01474129151, -0.685999820453, -0.727465587471, 1.78295776566, 1.75865888962, -1.0, 3.0, 1.0, 1.48199778489, 2.0, 1.0, 1.01019775138, -1.0, 1.0, 3.0, -1.0, 0.0, -1.0, 0.0, 1.0, -1.0, -1.0, 0.0, 95613.0, 491.0, 99556.0
-1.0, 2.0, 2.11180907119, 2.23170363694, 1.29734592237, 3.0, 3.0, 1.0, -1.0, 2.0, 1.0, -0.767799006637, -1.0, 0.0311819101589, -0.969923004873, 1.0, -1.0, 1.68253681209, 2.0, 2.38211723654, -0.67237693856, 1.0, 2.0, -1.0, 3.0, 0.0, 2.55974960912, -1.0, -1.0, 0.513325750652, 1.29939580678, -1.0, 2.1433277125, -1.0, -1.0, 0.0, -1.0, 2.0, 0.703317935868, 0.0, 2.06937896377, 3.0, -1.0, 0.507135945972, 0.0331227342121, 2.0, -0.861393958515, 1.0, 2.08301471152, 1.02395601749, 96330.0, 473.0, 99581.0
2.0, 0.0, 1.0, -1.0, 0.0, 2.0, -0.829506474192, 1.92637396591, -1.0, -1.0, 1.0, 1.0, 1.0, -1.0, 2.0, 1.0, -1.0, 2.62796310527, 3.0, -1.0, 1.0, 0.769189599888, 1.0, 0.0, 0.0, 1.0, 2.0, 1.75250904927, 0.0, -1.0, -1.0, -0.0346387190667, 0.126545451722, 3.0, 0.0, 0.720736897408, 3.0, 2.0, 1.14127283531, 3.0, 0.0, 0.0, 2.0, 1.19120887891, 0.0, -1.0, -1.0, -0.60820845492, 2.29236989276, -0.364507907313, 95358.0, 534.0, 99518.0
1.64671062528, -1.0, 1.0, -0.899298878357, -0.373123183367, 2.67874902889, 2.0, -1.0, 1.0, -1.0, 0.126580944995, -1.0, -1.0, 2.1525209701, -0.00572386305806, 1.26413506305, -1.0, 1.0, 1.1505958411, 0.0, -1.0, 1.0, 2.0, -1.0, 2.45272202421, -0.2871260135, 3.0, 2.0, 1.65463060302, -1.0, 1.0, 3.0, -0.152210919261, -1.0, -1.0, -1.0, 2.0, 1.0, 0.0, 3.0, 3.0, 0.0, 0.269313759076, -1.0, 3.0, 2.0, -1.0, -1.0, -1.0, -0.0113666490249, 96129.0, 468.0, 99589.0
2.18107061015, 0.0, 0.0, 2.0, 0.0, 0.0, 0.794231406093, 2.20496023007, 0.0, -0.976680989463, -1.0, -1.0, 2.18248104278, -0.440822209458, 1.0, 1.0, -1.0, 2.38431398925, 1.0, 2.0, 1.0, 1.16014768631, 0.0, 0.943303512518, 0.894571590657, -0.969140706949, -1.0, -1.0, 3.0, 1.0, 0.985992105878, -0.957480337429, 2.12224664289, -1.0, 3.0, 2.08987060656, 2.31933194188, 2.65053067029, 3.0, 3.0, -0.626335067395, 2.0, -0.674838769382, 0.0, -1.0, -0.967777528577, -0.876549478548, 2.0, 1.20501750438, -0.274317575524, 95713.0, 495.0, 99551.0
-0.809729188119, 2.0, 1.0438788287, 1.0, 3.0, 3.0, 2.05594962021, 3.0, 0.0, 0.0, -1.0, 1.0, 2.0, 0.0, 3.0, 1.0, 2.34161975445, 2.0, 2.89348337419, 1.73332402506, -1.0, 2.0, 1.0, 2.95806115939, 2.0, 1.91771458271, 1.0, 2.0, 2.0, -0.427788847969, 0.216331200584, 3.0, 3.0, 0.0, 2.37208612742, 0.0, -1.0, -1.0, -1.0, 2.0, 2.0, 1.0, 2.0, 0.0, 1.0, 0.0, 2.49932384726, 0.938041916768, -1.0, 1.26236528966, 95226.0, 612.0, 99451.0
1.0, 2.0, 3.0, 1.0, -0.603809381396, -0.100676786036, 0.0, -1.0, 2.0, 2.0562962373, 2.56527139345, 1.0, -1.0, 2.0, 1.27200554634, 2.0, -1.0, -1.0, 0.0, 1.21372018626, -1.0, 0.0, 0.0, -0.984636537513, -0.615645002631, -0.177928357615, -1.0, 1.67872213435, 0.0, -0.802994487676, 1.50325758305, 3.0, -1.0, 3.0, 2.0, 0.0, 2.03735387215, 1.0, -1.0, -1.0, 1.0, 3.0, -1.0, 0.0, -1.0, 0.0, -0.0205861087677, -1.0, -1.0, 0.0, 95822.0, 489.0, 99585.0
0.0, 2.0, 0.430895871473, 1.01551496333, -1.0, 0.0, 0.0, 2.0, 2.0, 2.0, -1.0, -0.0335751982956, -0.948376677713, 1.0, -1.0, 1.84800925475, -1.0, 0.0, 0.181148926546, -0.0879880704685, -1.0, 3.0, 1.0, 1.0, 0.0, -0.270811725909, -1.0, 3.0, 2.0, -1.0, 2.0, 3.0, -0.452619311338, 2.61043993526, -0.499700938095, 0.512700424311, 0.565130779768, -0.689675618374, 1.82001722907, 1.0, -0.461880813432, 0.0, 3.0, 0.653941614594, -1.0, 0.699755240277, -0.117097233076, 0.0, -1.0, 1.0, 94937.0, 558.0, 99493.0
0.497372225803, 0.0, 1.0438788287, 2.0, 0.0, 0.0, 1.47509389288, 2.0, 0.0, -1.0, -1.0, -0.230439388767, 3.0, 1.0, 1.0, 1.0, -1.0, 3.0, 1.0, 2.0, 1.0, 3.0, 1.73941299924, 1.0, 0.0, 0.532071520999, 1.0, -1.0, 3.0, 1.0, 0.0, -0.713483670908, 2.0, -1.0, 3.0, 2.0, -1.0, 2.0, 1.0, 1.93344980097, 2.0, 0.68646683464, -1.0, 0.0, 1.81721766276, 2.0, -1.0, 2.0, 2.0, -0.20930182445, 95183.0, 573.0, 99485.0
2.0, 3.0, -0.447085774559, -1.0, 0.0, 0.879826938843, 2.48623849194, 2.0, 2.0, 2.0, 2.33694592411, 0.0, -1.0, 1.0, -0.181090452077, 1.0, -1.0, 0.594201184323, 2.14187642939, -1.0, -0.76203460207, 2.0, 2.0, 1.65353089223, 0.0, -0.116480849114, 2.0, 1.0, 1.0, -1.0, -1.0, 0.0, 3.0, 0.529595220962, 0.625052354941, 1.20596589098, -1.0, -1.0, -0.179892621463, -0.533713590194, 3.0, 0.0, 3.0, -1.0, -0.617021993339, 0.0103686093751, -1.0, -0.684517414854, 1.42433136622, 1.0, 95615.0, 515.0, 99529.0
1.0, 0.0, 1.0, -1.0, 0.0, 2.0, 0.0, 0.0, -1.0, -1.0, 1.0, 1.0, 1.0, -1.0, 0.600078399483, 1.0, -1.0, -1.0, 3.0, -1.0, 1.0, -1.0, 2.13864839407, 0.0, 0.0, 1.0, 2.0, 2.0, -1.0, -1.0, -1.0, 1.0, -0.257269810178, 3.0, 2.2054048855, 3.0, 3.0, 2.0, 2.0, 0.0251019136206, 0.0, 0.0, 2.0, 0.588792801609, 0.0, -1.0, -1.0, -1.0, 2.0, -0.235503139246, 95570.0, 510.0, 99546.0
1.0, 0.0, 1.0, -1.0, 0.0, 2.0, 0.0, 0.0, -1.0, -1.0, 1.0, 1.0, 1.0, -1.0, 0.600078399483, 1.0, -1.0, -1.0, 3.0, -1.0, 1.0, -1.0, 2.13864839407, 0.0, 0.0, 1.0, 2.0, 2.0, -1.0, -1.0, -1.0, 1.0, -0.257269810178, 3.0, 2.2054048855, 3.0, 3.0, 2.0, 2.0, 0.0251019136206, 0.0, 0.0, 2.0, 0.588792801609, 0.0, -1.0, -1.0, -1.0, 2.0, -0.235503139246, 95570.0, 510.0, 99546.0
1.0, 0.0, 1.0, -1.0, 0.0, 2.0, 0.0, 0.0, -1.0, -1.0, 1.0, 1.0, 1.0, -1.0, 0.600078399483, 1.0, -1.0, -1.0, 3.0, -1.0, 1.0, -1.0, 2.13864839407, 0.0, 0.0, 1.0, 2.0, 1.75861555804, -1.0, -1.0, -1.0, 1.0, -0.257269810178, 3.0, 2.2054048855, 3.0, 3.0, 2.0, 2.0, 0.0251019136206, 0.0, 0.0, 2.0, 0.588792801609, 0.0, -1.0, -1.0, -1.0, 2.0, -0.235503139246, 95570.0, 510.0, 99546.0
3.0, 0.00303901326621, 0.0, 0.433051444602, 2.0, 0.0, 1.0, 2.0, 3.0, -0.00593610839679, -0.690389560039, 3.0, -1.0, 3.0, 0.0, 0.600972171398, 3.0, 0.0, 1.24908835617, 0.0, 2.17722117824, 0.0, 1.0, 1.0, 2.90912258509, 0.502356025653, 1.0, 1.0, 2.0, 2.0, -0.686946257547, 2.55634707845, 2.31257260702, 2.0, 1.23966995136, 0.412791191064, 3.0, 0.0, 2.0, 1.0, -1.0, 2.76859151385, 1.0, 2.0, 0.722291164778, 0.0, 1.0, 1.95754882628, -1.0, 1.15385142372, 94623.0, 641.0, 99443.0
1.0, -0.791632035429, 2.0, 2.0, -0.0934747576077, 0.0348292262299, 1.0, 0.240472949827, 0.0941704347023, 1.0, -1.0, -1.0, 0.0, -1.0, -1.0, 1.0, -1.0, 1.0, 3.0, -1.0, 0.0, 2.0, -1.0, 0.138859624162, -1.0, -1.0, 2.41671678065, 2.0, 0.0, 0.0, -1.0, -1.0, -1.0, -1.0, -0.765190790452, 0.0, -1.0, -1.0, 1.0, 0.0, 0.507233482741, 1.0, 1.0, 2.0, -1.0, -1.0, 0.0, 3.0, 0.721034542718, 2.52507201491, 96082.0, 447.0, 99622.0
1.0, -1.0, 3.0, 2.0, 1.0, 2.0, 0.0, -1.0, 3.0, -1.0, 1.0, -0.580667710809, 3.0, 2.0, 0.0, -1.0, 0.0, -1.0, -1.0, -1.0, -0.124623895114, 1.0, 0.0, 2.0, 0.0, 0.0, 3.0, 2.0, -1.0, 0.867524220357, 0.0, 2.0, 3.0, -1.0, 0.0, 1.0, -1.0, 1.0, -1.0, 2.0, 3.0, -1.0, 2.0, 0.0, -1.0, 0.0, -1.0, -1.0, 3.0, 2.0, 95835.0, 489.0, 99578.0
0.0, 0.303442275958, 2.0, 1.33816691992, 3.0, 3.0, 2.0, 3.0, 2.0, 0.0, -1.0, 1.0, 1.74688670146, 0.0, 0.846447137554, 1.0, 2.34161975445, 2.0, 2.0, 1.0, -1.0, 2.0, -0.342501558652, 2.95806115939, 2.0, 1.91771458271, 1.0, 2.0, 2.0, -0.486121510603, 0.216331200584, 3.0, 3.0, 0.0, 1.51314316588, 0.0, -1.0, -1.0, 0.0852502985594, 2.0, 2.0, 1.0, 2.0, 0.0, 1.0, 0.0, 2.49932384726, 0.59956623733, -1.0, 1.0, 94730.0, 642.0, 99425.0
0.0, 0.303442275958, 2.0, 1.33816691992, 3.0, 3.0, 0.93240636617, -1.0, 2.0, -0.339125324391, -1.0, 1.0, 1.74688670146, 0.0, 0.846447137554, 1.0, 2.34161975445, 2.0, 2.0, 1.0, -1.0, 2.0, 1.0, 2.95806115939, 2.0, 1.91771458271, 1.0, 2.0, 2.0, -0.486121510603, 0.216331200584, 3.0, 3.0, 0.0, 2.37208612742, 0.0, -1.0, -1.0, -0.74708421055, 2.0, 2.0, 1.0, 2.0, 0.0, 1.0, 0.0, 2.49932384726, 0.59956623733, -1.0, 1.0, 94974.0, 614.0, 99454.0
3.0, 3.0, -1.0, 3.0, -1.0, 0.0, -1.0, -1.0, 1.9472432608, -0.547468231036, -0.946796112827, 1.0, 0.00191627114176, 2.0, 0.0, -1.0, 2.0, 0.772352488957, 2.0, 1.0, 1.0, 1.0, 1.0, -1.0, 1.0, -0.332385284872, 3.0, 2.0, 2.78721310159, -1.0, -1.0, 3.0, -1.0, -1.0, 1.37073658271, 2.85224233548, 1.0, 0.0, 1.0, -1.0, -1.0, -1.0, -0.0762214109334, 3.0, -1.0, 2.0, -1.0, -1.0, -1.0, 2.0, 96408.0, 443.0, 99608.0
3.0, 3.0, -1.0, 3.0, -1.0, 0.0, -1.0, -1.0, 1.9472432608, -0.547468231036, -0.946796112827, 1.0, 0.00191627114176, 2.0, 0.0, -1.0, 2.0, 0.772352488957, 2.0, 1.0, 1.0, 1.0, 1.0, -1.0, 1.0, -0.332385284872, 3.0, 2.0, 2.78721310159, -1.0, -1.0, 3.0, -1.0, -1.0, 1.37073658271, 2.85224233548, 1.0, 0.0, 1.0, -1.0, -1.0, -1.0, -0.0762214109334, 3.0, -1.0, 2.0, -1.0, -1.0, -1.0, 2.0, 96408.0, 443.0, 99608.0
1.0, 0.0, 1.0, -1.0, 0.0, 2.0, 0.0, 0.0, -1.0, -1.0, 1.0, 1.0, 1.0, -1.0, 1.77536321195, 1.0, -1.0, -1.0, 3.0, -1.0, 1.0, -1.0, 0.0636187624378, 0.0, 0.0, 1.0, 2.0, 2.0, 0.200473872129, -1.0, 2.00060401606, 1.0, -0.257269810178, 3.0, 2.2054048855, 3.0, 3.0, 2.0, 2.0, 0.0251019136206, -0.97187757491, 0.0, 2.0, 0.588792801609, 0.0, -1.0, -1.0, -1.0, 2.0, -0.235503139246, 95443.0, 526.0, 99531.0
-0.622507858335, 2.0, 2.0, -0.695048880926, 1.53459812582, 3.0, 2.0, 3.0, 2.0, 2.0, -1.0, 1.0, 2.0, 0.0, 3.0, 1.0, 2.55076930199, 3.0, 2.889641952, 1.0, -1.0, 2.0, 2.65409297535, 3.0, 0.0, 0.0, 1.0, 2.0, 2.0, 0.69542097025, 1.0, 3.0, 2.57939101744, 0.0, 2.42726377378, 0.0, 1.84568419321, -1.0, -1.0, 2.0, 2.0, 1.39182503375, 2.0, 0.0, 1.0, 0.0, -0.224997075291, 0.59956623733, 1.54040626168, 1.0, 95292.0, 621.0, 99444.0
2.0, 3.0, 0.0, -1.0, 0.0, -0.46344539117, 2.48623849194, 2.0, 2.0, 2.0, 3.0, 0.0, -1.0, 3.0, -0.181090452077, 1.0, -1.0, 3.0, -0.661764446418, -1.0, 1.0266010208, 2.0, 2.0, 1.22652309592, 0.179878524965, -0.320482661267, 2.0, 0.938212260467, 1.0, -1.0, -1.0, -0.237120636405, 3.0, 1.0, 2.18370655323, 2.0, -1.0, -1.0, -0.448211984004, -0.533713590194, 3.0, -0.206275280873, 2.33751986307, 1.50199537915, -0.590276860235, 0.0103686093751, -1.0, -0.687127654526, 1.0, -1.0, 95642.0, 517.0, 99522.0
2.18107061015, 0.0, 0.0, 2.0, 0.0, 0.0, 1.47509389288, 2.0, 0.0, -0.976680989463, -1.0, -1.0, 3.0, 1.0, 1.0, 1.0, -1.0, 2.21139107697, 1.0, 2.0, 1.0, 1.16014768631, 1.73941299924, 1.0, 0.0, -0.969140706949, -1.0, -1.0, 3.0, 1.0, 0.0, -1.0, 2.73720400522, -1.0, 3.0, 2.0, -1.0, 2.0, 3.0, 3.0, -0.626335067395, 2.0, 1.34577280247, 0.0, -1.0, 2.0, 0.0, 2.0, 1.20501750438, -0.580560863432, 95565.0, 521.0, 99525.0
-0.055384067028, 2.0, 2.10889421458, -0.853718692753, 3.0, 2.6855030044, 2.0, 2.03083495881, 2.0, -0.538975246764, 0.727836224206, 1.0, 2.0, 1.21387015493, 3.0, 1.0, 3.0, 3.0, 2.0, 1.0, -1.0, 0.0557599887304, 1.0, 3.0, -0.932140386389, -0.882918205231, 1.0, 0.715001902923, 1.95521473798, -1.0, 0.325551798075, -0.502733645801, 0.573829818226, 0.0, 3.0, 0.0, 0.944027321551, -1.0, -1.0, -0.754096382528, 1.0, 0.0, 2.0, 1.00566206158, 1.0, 0.0, 0.0, -1.0, -1.0, 1.0133660925, 95591.0, 531.0, 99513.0
3.0, -1.0, 0.0, 1.0, 2.0, 3.0, 1.0, 2.0, 3.0, 3.0, -1.0, 3.0, -1.0, 3.0, 0.0, 0.0, 0.0, 0.0, 0.846707369128, -0.141161723427, -1.0, 0.0, 1.0, 1.0, 2.57536097799, 2.0, 1.0, 1.0, 2.0, 2.0, 0.0, 1.85517218505, 0.915819432217, 2.0, 1.0, 0.33162914674, 3.0, 0.0, 1.05466355386, 1.47995848077, -1.0, 2.0, 1.0, 2.0, -1.0, 1.85346540562, 0.137047413052, 1.08310497536, -1.0, 0.0, 94842.0, 615.0, 99462.0
0.0, 0.303442275958, 2.0, 1.33816691992, 3.0, 3.0, 2.0, 3.0, 2.0, 0.0, -1.0, 1.0, 1.74688670146, 0.0, 0.846447137554, 1.0, 2.34161975445, 2.0, 2.0, 1.0, -1.0, 2.0, 1.0, 2.95806115939, 2.0, 1.91771458271, 1.0, 2.0, 2.0, -0.486121510603, 0.216331200584, 3.0, 3.0, 0.0, 2.37208612742, 0.0, -1.0, -1.0, -0.74708421055, 2.0, 2.0, 1.0, 2.0, 0.0, 1.0, 0.0, 2.49932384726, 0.59956623733, -1.0, 1.0, 94954.0, 629.0, 99440.0
1.0, -0.0102707350423, 3.0, 2.0, 1.0, 2.0, 0.0, -1.0, 3.0, -1.0, 1.0, -0.665199340342, 3.0, 2.0, 0.0, -1.0, 0.0, -1.0, -1.0, -1.0, -0.124623895114, 1.0, 0.0, 2.0, 0.0, 0.0, 3.0, 2.0, -1.0, 0.867524220357, 0.0, 2.0, 3.0, -1.0, 0.0, 1.0, -1.0, 1.0, -1.0, 2.0, 3.0, -1.0, 1.41867024464, 0.0, -1.0, 0.0, -1.0, -1.0, 3.0, 2.0, 95537.0, 507.0, 99557.0
1.0, 0.0, 1.0, -1.0, 0.0, 0.549394481952, 0.0, 0.0, -1.0, -1.0, 1.0, 1.0, 1.0, -1.0, 0.600078399483, 0.329546430639, -1.0, 2.0, 3.0, -1.0, 1.0, -1.0, 2.13864839407, 0.0, 0.0, 1.0, 2.0, 2.0, 0.0, -1.0, -1.0, 1.0, 1.0, 3.0, 2.2054048855, 3.0, 3.0, 2.0, 2.0, 0.200062942012, 0.0, 0.0, 2.0, 0.588792801609, 0.0, -1.0, -1.0, -1.0, 2.0, -0.235503139246, 95226.0, 539.0, 99518.0
3.0, 2.0, 3.0, -0.283635939387, 0.0, 0.0, -1.0, 0.0, 0.735652878654, 3.0, 0.00322740646769, 2.0, -0.0369714221847, 1.0, 0.0, 0.127817743174, 0.0, 2.0, 0.0, 1.0, 0.0, 3.0, 0.0, -0.273549339759, 0.0, 2.0, 2.85701725322, 2.54412704703, -1.0, 2.46407766337, 0.184102211918, 0.0, 0.0, 1.0, 0.0, 0.816502279762, 2.0, 1.14548448928, 0.0326633963978, -1.0, 1.0, 2.0, 3.0, 0.717413214308, 0.887220806656, 0.10747201469, -1.0, 0.0, 1.0, -1.0, 94614.0, 638.0, 99456.0
-0.055384067028, 2.0, 2.10889421458, 1.0, 3.0, 3.0, 2.0, 3.0, 2.0, -0.538975246764, -1.0, 1.0, 2.0, 1.0, 3.0, 1.0, 3.0, 3.0, 2.0, 1.0, -1.0, 0.0557599887304, 1.0, 3.0, -0.932140386389, -0.882918205231, 1.0, 0.715001902923, 1.34130449255, -1.0, 1.0, -0.834564749935, 0.573829818226, 0.0, 3.0, 0.0, -1.0, -1.0, -1.0, -0.00589170295424, 1.0, 0.0, 2.0, 1.00566206158, 1.0, 0.0, 0.0, -1.0, -1.0, 1.0133660925, 95394.0, 532.0, 99507.0
2.65183048656, -0.441772091072, 2.0, 2.0, 1.0, 1.0, -0.198811226044, 2.0, -1.0, 0.0, -0.812130509563, -1.0, 1.0, 0.0, -1.0, 2.0, 0.0, -1.0, 3.0, -1.0, -1.0, -1.0, 3.0, -0.916190738463, -1.0, 3.0, -1.0, 3.0, -0.969577692883, -1.0, 0.0, 1.0, 2.90572735088, -0.89252615193, 1.12049818848, 0.982748634352, -1.0, -1.0, 1.0, 0.0682444263747, -1.0, 0.0, 0.0, 0.0497610900961, 0.0, 2.57510418393, 0.0, 2.0, 2.6454988047, 3.0, 96062.0, 472.0, 99582.0
-1.0, 0.0, 1.0, 0.64681020824, -1.0, 0.0, 0.0, -1.0, -1.0, -1.0, 1.0, 0.0, 1.8360587918, -0.569457256689, -1.0, 3.0, 2.0, 3.0, 1.0, 0.0, 0.0, 0.0, 1.0, 0.0, 3.0, 0.952918466893, 0.0, 1.0, 0.0, 0.0, 1.23611131661, 1.0, 2.0, 2.0, 2.0, 0.0335467817668, 3.0, 2.0, 2.35562574782, 1.75482320653, 2.0, 1.0, 1.71505791034, 1.46471923622, -0.0286580179098, 2.0, 1.47071465861, 0.0, 0.754485084133, -0.96441387273, 94959.0, 597.0, 99476.0
0.0, 2.0, 0.430895871473, 1.01551496333, -1.0, 0.0, 0.118866871875, 2.0, 2.0, 1.48255803379, -1.0, 0.0, 0.0, 1.0, -1.0, 1.84800925475, -1.0, 0.0, 2.0, -0.75674893539, 0.0, 2.83693448407, 1.0, 1.0, 0.0, 0.0, -1.0, 3.0, 1.04810322636, -1.0, 2.0, 3.0, -0.452619311338, 2.0, 0.406575638922, -0.0421101156615, 0.565130779768, 1.0, 1.82001722907, 1.0, 0.182185183586, 0.0, 3.0, -1.0, -1.0, 1.0, 1.72036540297, 0.0, -1.0, 1.0, 94920.0, 580.0, 99489.0
3.0, 3.0, -1.0, 3.0, -1.0, 0.0, -1.0, -1.0, 1.9472432608, -0.547468231036, -0.946796112827, 1.0, 0.00191627114176, 2.0, 0.0, -1.0, 2.0, 0.772352488957, 2.0, 1.0, 1.0, 1.0, 1.0, -1.0, 1.0, -0.582133009541, 3.0, 2.0, 2.78721310159, -1.0, -1.0, -0.150706217879, -1.0, -1.0, 1.37073658271, 2.85224233548, 1.0, 0.0, 1.0, -1.0, -1.0, -1.0, -0.0762214109334, 3.0, -1.0, 2.0, -1.0, -1.0, -1.0, 2.0, 96598.0, 427.0, 99625.0
2.0, 3.0, -1.0, 2.0, -1.0, 0.0, 1.0, 0.0, 0.0, 1.0, 2.0, -1.0, 0.0, -1.0, -1.0, 1.0, -1.0, 3.0, 3.0, -1.0, -1.0, 2.0, -1.0, 1.0, -1.0, -1.0, 2.0, 0.966534226162, 0.0, -0.619086526376, -1.0, -1.0, -1.0, -1.0, -0.765190790452, 0.0, 1.0, -1.0, 1.0, 1.04289564813, 2.00365594716, 1.0, 1.0, 2.0, -1.0, -1.0, -0.648922715259, 0.292396553218, 1.0, 3.0, 96584.0, 428.0, 99633.0
2.0, 3.0, 0.0, -1.0, 0.0, 0.879826938843, 2.48623849194, 2.0, 2.0, 2.0, 3.0, 0.0, -1.0, 3.0, -0.181090452077, 1.0, -1.0, 3.0, 2.14187642939, -1.0, 0.0, 2.0, 2.0, 1.22652309592, 0.0, -0.320482661267, 2.0, 1.0, 1.0, -1.0, -1.0, 0.0, 3.0, 1.0, 1.0, 2.0, -1.0, -1.0, -0.179892621463, -0.533713590194, 3.0, 0.0, 2.33751986307, 1.50199537915, -0.590276860235, 0.0103686093751, -1.0, -1.0, 2.19175287084, -1.0, 95654.0, 528.0, 99514.0
1.0, 0.0, 1.0, -1.0, 0.0, 0.549394481952, 0.0, 0.0, -1.0, -1.0, 1.0, 1.0, 1.0, -1.0, 0.0, -0.0591069249791, 2.0, 2.0, 3.0, 1.0, 1.0, -1.0, 2.13864839407, 0.0, 1.0, 1.0, 2.0, 2.0, 0.0, 0.928876061344, -1.0, 1.0, 1.0, 2.95459438119, 2.2054048855, 3.0, 3.0, 2.0, 2.0, 0.200062942012, 0.0, 0.0, 2.0, 0.588792801609, 0.0, -1.0, -1.0, -1.0, 2.0, -0.235503139246, 94927.0, 576.0, 99492.0
3.0, 3.0, -1.0, 3.0, -1.0, -0.130274934342, -1.0, -1.0, 1.9472432608, -0.547468231036, -0.946796112827, 1.0, 0.00191627114176, 2.0, 0.0, -1.0, 2.0, 0.772352488957, 2.0, -0.594797032871, 1.0, 3.0, 0.564860111553, -1.0, 1.0, -0.526983318563, 3.0, 2.0, 2.78721310159, -1.0, -1.0, 3.0, 0.0462962376673, -1.0, 0.696748695302, 2.85224233548, 1.0, -0.594085148031, 1.0, -1.0, -1.0, -1.0, -0.0762214109334, 0.0, -1.0, 2.0, -1.0, -1.0, -1.0, 2.0, 96681.0, 408.0, 99633.0
0.0, 0.303442275958, 2.0, 1.33816691992, 3.0, 3.0, 2.0, 3.0, 2.0, 0.0, -1.0, 1.0, 1.74688670146, 0.0, 0.846447137554, 1.0, 2.34161975445, 2.0, 2.0, 1.0, -1.0, 2.0, -0.342501558652, 2.95806115939, 2.0, 1.91771458271, 1.0, 2.0, 2.0, -0.486121510603, 0.216331200584, 3.0, 3.0, 0.0, -0.802757797917, 0.0, -1.0, -1.0, 0.0852502985594, 2.0, 2.0, 1.0, 2.0, 0.0, 0.471755008132, 0.0, 2.72579232891, 0.59956623733, -1.0, 1.0, 94862.0, 628.0, 99441.0
1.30536949243, 1.0, 1.26474055584, 1.0, 2.0, 0.0, 1.0, 0.0, -0.401185409093, 2.64593519593, 3.0, 1.0, 0.0, 3.0, 3.0, -1.0, 0.0, 2.0, -1.0, 2.0, 2.15423686096, 0.0, 1.0, 3.0, 0.0, 0.0, 3.0, 3.0, -1.0, -1.0, 0.0, 3.0, 2.31257260702, 3.0, 1.0, 3.0, -1.0, 2.0, 2.0, 1.0, -1.0, 1.0, 0.0, 2.83874833415, 2.0, 0.0, 1.34607286056, 1.0, 0.0, 0.0493589501744, 94786.0, 626.0, 99452.0
1.0, 1.0, 2.0, -0.63280775389, -0.179437978265, 2.0, 3.0, -1.0, 1.0, 1.8034317191, -1.0, 2.22272666385, 0.0, 0.0, -1.0, -1.0, 3.0, 1.50474139131, 1.86981838529, -1.0, -1.0, 0.0, 3.0, 3.0, -1.0, 1.0, 0.0, 2.21095868373, -1.0, 0.0, 2.30691124713, 1.0, 1.0, -1.0, -0.0464103054909, 1.0, -1.0, 3.0, -1.0, -1.0, -0.570700001313, 0.0, -1.0, -1.0, -1.0, -0.0376912021787, 0.0, 3.0, 1.40864865866, -1.0, 96252.0, 458.0, 99597.0
2.29288004612, -1.0, -0.757110407711, 1.0, 2.0, 2.25657095074, 1.0, 2.0, 1.16174679065, 3.0, -1.0, -0.660520624061, -1.0, 3.0, 0.000712901622176, 0.0, 0.0, 0.0, 0.0, 0.0, -1.0, 0.0, 1.0, 1.0, 3.0, 2.0, 1.0, 0.985281163007, 2.0, 2.0, 0.0, 2.60162507544, 3.0, 1.02769024955, 1.01435420202, 1.0, 3.0, -0.00535086541775, 2.0, 1.0, -1.0, 2.0, 1.0, 2.0, 1.12583552285, 1.0, 1.72036540297, 1.09610450758, -0.860931712382, 0.0576675544338, 94999.0, 600.0, 99475.0
0.0, 2.0, 0.430895871473, 1.01551496333, -1.0, 0.0, 0.0, 2.0, 2.0, 2.0, -1.0, 0.0, 0.0, 1.0, -1.0, 1.84800925475, -1.0, 0.0, 2.0, -0.0879880704685, 0.0, 3.0, 1.0, 1.0, 0.0, 0.0, -1.0, 3.0, 2.0, -1.0, 2.0, 3.0, -0.452619311338, 2.0, -0.499700938095, -0.0421101156615, 0.565130779768, 1.0, 1.82001722907, 1.0, -0.461880813432, 0.0, 3.0, -1.0, -1.0, 1.0, -1.0, 0.0, -1.0, 1.0, 94928.0, 573.0, 99493.0
-0.055384067028, 2.0, 2.10889421458, 1.0, 3.0, 3.0, 2.0, 3.0, 2.0, -0.538975246764, -1.0, 1.8716792006, 2.0, 1.0, 3.0, 1.0, 3.0, 3.0, 2.0, -0.0814582149636, -1.0, 0.0557599887304, 1.0, 3.0, -0.932140386389, 0.0, 1.0, 2.0, 1.34130449255, -1.0, 1.0, -0.834564749935, 0.573829818226, 0.0, 0.0, 0.0, 1.60687878975, -1.0, -1.0, -0.00589170295424, 1.0, 0.0, 2.0, 0.81009942991, -0.667737695717, 0.0, 0.0, -1.0, -1.0, 1.84817633376, 95136.0, 552.0, 99489.0
1.0, 0.120199991731, 1.0, -1.0, 0.0, 2.0, 0.0, 0.0, -1.0, -1.0, 1.0, 1.0, 1.0, -1.0, 0.600078399483, 1.0, -1.0, -1.0, 3.0, -1.0, 1.0, -1.0, 2.9822019922, 0.0, 0.0, 1.0, 2.0, 1.75861555804, 0.434910466346, -1.0, -1.0, 1.0, -0.257269810178, 3.0, 2.2054048855, 3.0, 1.18644195001, 2.0, 2.0, 0.0251019136206, 0.0, 0.0, 2.0, 0.588792801609, 0.0, -1.0, -1.0, -1.0, 1.13993660054, -0.235503139246, 95424.0, 528.0, 99532.0
0.0, 2.0, 2.0, 2.02530856672, 3.0, 3.0, 2.0, 3.0, 2.0, 0.0, -1.0, 1.0, 2.0, 0.0, 2.14516885734, 1.0, 3.0, 3.0, 2.0, 1.0, -1.0, 2.0, 1.0, 3.0, -1.0, 0.0, 1.0, 1.01081119928, 2.0, -1.0, 1.0, 0.0, 3.0, 0.0, 3.0, 0.0, -1.0, -0.201726416064, -1.0, 2.0, 1.0, 1.0, 2.0, 0.0, 1.0, 0.0, 0.0, -1.0, -1.0, 1.0, 95089.0, 604.0, 99462.0
2.18107061015, 0.0, 0.0, 2.0, 0.309320953679, 0.0, 1.47509389288, 2.0, 0.0, -0.976680989463, -1.0, -1.0, 3.0, 1.0, 1.0, 1.51388759614, -1.0, 2.21139107697, 1.0, 2.0, 1.0, 1.16014768631, 1.73941299924, -0.731834213059, 0.0, -0.570719554736, -0.64905326448, -1.0, 3.0, 0.13446918847, 0.0, -1.0, 2.93505400986, -1.0, 3.0, -0.23384443549, -1.0, 2.0, 3.0, 3.0, -0.626335067395, 2.0, 1.34577280247, 0.0, -1.0, 2.0, 0.0, 2.0, 1.20501750438, -0.580560863432, 95731.0, 506.0, 99543.0
2.18107061015, 0.0, 0.0, 2.0, 0.309320953679, 0.0, 1.47509389288, 2.0, 0.0, -0.976680989463, -1.0, 1.44877664463, 3.0, 1.0, 1.0, 1.51388759614, -1.0, 2.21139107697, 1.0, 2.0, 1.0, 1.16014768631, 1.73941299924, -0.731834213059, 0.0, -0.570719554736, -0.64905326448, -1.0, 3.0, 0.13446918847, 0.0, -1.0, 2.93505400986, -1.0, 3.0, -0.23384443549, -1.0, 2.0, 3.0, 0.694799824912, -0.626335067395, 2.0, 1.34577280247, 0.0, -1.0, 2.0, 0.0, 2.0, 1.20501750438, -0.580560863432, 95583.0, 520.0, 99534.0
1.0, -0.00909239774123, 2.0, 2.21544441889, 2.00745010725, 2.0, 3.0, -1.0, -0.303781091176, 0.0, -1.0, 0.673549617171, 0.903543070049, 0.0, -1.0, -1.0, 3.0, 1.61266872198, 1.86981838529, -1.0, -1.0, 0.0, 3.0, 3.0, -1.0, 1.0, 2.35329703073, 2.0, -1.0, -0.973129566825, 2.0, 1.0, 1.0, -1.0, -1.0, 1.04799626911, -1.0, -0.0413067979775, -1.0, -1.0, 0.0, 0.0, -1.0, -1.0, -1.0, 0.0, -1.0, 3.0, 1.40864865866, -1.0, 96386.0, 445.0, 99614.0
1.0, 2.0, 3.0, 1.0, 1.00526528862, 0.689654801876, 0.0, 1.67954948764, 2.94096339143, 2.0, -1.0, 1.0, -1.0, 2.02589097621, 1.0, 0.943707966701, -1.0, 0.831979605443, 1.0, 1.0, -1.0, 0.0, 0.0, 0.0, -1.0, 2.0, -1.0, 2.0, 0.0, -0.727465587471, 2.0, 3.0, 1.32473297665, 3.0, 0.722114965935, 0.0, 2.05905563519, 1.0, -1.0, -1.0, 1.0, 3.0, -1.0, 0.0, -1.0, 0.0, 1.0, -1.0, -1.0, 0.0, 95253.0, 534.0, 99525.0
2.0, -1.0, 3.0, -1.0, 2.63101375173, 0.0, 3.0, 3.0, 2.0, 1.9651336749, -1.0, 1.0, 2.0, 1.0, 2.0, 3.0, -0.00539402292347, 0.858566762429, 1.15984635875, 0.0, -1.0, 1.90470658125, 2.38499355784, 2.19753910462, 3.0, 2.85321948089, 3.0, 2.85108124818, 1.10398937559, 1.0, 0.0, -1.0, -1.0, 2.63838417774, 2.0, -0.861846981315, 0.0, 1.01551328815, 0.968953251061, 0.0, 3.0, 3.0, 0.0, 1.0, 2.0, 2.07203181669, -1.0, 0.0, 2.0, 0.716187920223, 95607.0, 592.0, 99470.0
2.0, -1.0, 3.0, -1.0, 2.63101375173, 0.0, 3.0, 3.0, 2.0, 1.9651336749, -1.0, 1.0, 2.21954497624, 1.0, 2.0, 3.0, -0.00539402292347, 0.858566762429, 1.15984635875, 0.0, -1.0, 1.90470658125, 2.38499355784, 2.35173973378, 3.0, 2.85321948089, 3.0, 2.89888903355, 1.10398937559, 1.0, 0.0, -1.0, -1.0, 2.63838417774, 2.0, -0.861846981315, 0.0, 1.01551328815, 0.968953251061, 0.0, 3.0, 3.0, 0.0, 1.0, 2.0, 2.07203181669, -1.0, 0.0, 2.40479908194, 0.716187920223, 95607.0, 592.0, 99470.0
1.0, 0.0, 1.0438788287, 2.0, 0.0, 0.0, 1.47509389288, 2.0, 0.0, 1.81473724554, -1.0, 0.338622477935, 3.0, 2.23870291741, 1.0, 0.989611294529, -1.0, 3.0, 1.0, 2.45749896337, 1.0, 1.0, 1.73941299924, 1.0, 0.0, 0.398056254586, -1.0, -0.795613623278, 0.478560730327, 1.0, 0.36342378566, -0.713483670908, 2.0, -1.0, 2.95350493269, 2.7755706069, -1.0, 0.795306379768, 1.07363079956, 1.17120745784, 2.54475342988, 2.0, -1.0, 1.27401951199, 1.81721766276, 2.0, 0.0, 2.0, 2.0, 0.0, 94947.0, 593.0, 99478.0
2.0, 0.0, 1.0, -1.0, 0.0, 2.0, -0.829506474192, 0.0, -1.0, -1.0, 1.0, 1.0, 1.0, -1.0, 2.0, 1.0, -1.0, 2.0, 3.0, -1.0, 1.0, 0.769189599888, 1.0, 0.0, 0.0, 1.0, 2.0, 2.0, 0.0, -1.0, -1.0, -0.0346387190667, 0.126545451722, 3.0, 0.0, 2.16861435819, 3.0, 2.0, 2.0, 3.0, 0.0, 0.0, 2.0, 1.0, 0.0, -1.0, -1.0, -1.0, 2.0, -1.0, 95489.0, 522.0, 99528.0
2.0, 3.0, -1.0, 2.0, -1.0, 0.0, 1.0, 0.0, 0.0, 1.0, 2.0, -1.0, 0.0, -1.0, -1.0, 1.0, -1.0, 3.0, 3.0, -1.0, -1.0, 2.0, -1.0, 1.0, -1.0, -1.0, 2.0, 0.714877005182, -0.211394326766, -0.541071337343, -1.0, -1.0, -1.0, -1.0, -0.765190790452, 0.303139521126, 1.0, -1.0, 1.88348340176, 1.04289564813, 2.00365594716, 1.0, 1.0, 2.0, -1.0, -0.706182210463, -0.230630413898, 0.59956623733, 1.0, 0.145540657191, 96354.0, 446.0, 99621.0
0.892121749376, 1.94011004657, 1.0, -0.531263847757, 0.0, 2.0, 1.34378430956, 0.0, -1.0, -1.0, -0.992000469466, 1.88709908528, 1.39287721455, 0.0403708134486, 0.610852426701, -0.530133865989, -1.0, 0.0, 2.86266184495, 0.521734733255, 1.0, 0.902762541968, 1.0, 0.0, 0.0, 1.0, 1.27089370319, 2.24240900503, 0.0, -1.0, -1.0, 0.951856803531, 1.17292114543, 1.41275668553, 0.0, 0.914359615924, 3.0, 2.0, 2.0, 3.0, 0.0, 0.0, 3.0, 1.0, 0.0, -1.0, -1.0, 0.365855674744, 2.04016125092, -1.0, 95096.0, 545.0, 99503.0
2.0, 2.0, 1.0, 1.25507686841, 0.0, 2.0, 3.0, 3.0, -0.144720374403, 1.0, 0.0, -0.396356018783, 2.0, 1.0, 2.0, 0.0, 3.0, 1.0, 2.0, -0.540187229965, 1.0, 1.92138005289, 0.216365441823, 1.0, 0.0, 0.0391026086701, 2.23711790774, 3.0, 0.0, -1.0, 1.74856157142, 3.0, 3.0, 0.0, 0.0, 2.07508309228, 1.88956532628, 2.1677951185, 3.0, 0.0, -0.887702574369, 1.0, 1.29802061495, 0.0, 2.0, 2.27290503638, -0.235318635933, 3.0, 2.55650584677, -0.973294679332, 94797.0, 662.0, 99426.0
3.0, 2.0, 3.0, 1.0, 0.0, 0.0, -1.0, 0.0, 0.735652878654, 3.0, 0.00322740646769, 2.0, -0.0369714221847, 1.0, 0.0, 0.127817743174, 0.0, 2.0, 0.0, 1.0, 0.0, 3.0, 0.0, 0.0, 0.0, 2.0, 2.85701725322, 2.54412704703, -1.0, 2.46407766337, 0.184102211918, 0.0, 0.0, 1.0, 0.0, 3.0, 2.0, 1.0, 0.0326633963978, -1.0, 1.0, 2.0, 3.0, 0.717413214308, 0.887220806656, 0.10747201469, -1.0, 0.0, 1.0, -1.0, 94678.0, 638.0, 99456.0
3.0, 3.0, -1.0, 3.0, -1.0, 0.0, -1.0, -1.0, 1.9472432608, -0.547468231036, -0.946796112827, 1.0, 0.00191627114176, 2.0, 0.600078399483, -1.0, -1.0, 0.202574692109, 2.0, -1.0, 1.0, 1.0, -0.989980300202, -1.0, 0.0, -0.332385284872, 3.0, 2.0, 2.78721310159, -1.0, -1.0, 3.0, -1.0, -1.0, 0.944496756902, 2.85224233548, 1.0, 0.0, 1.0, -1.0, -1.0, -1.0, -0.0762214109334, 3.0, 1.05880844746, 2.86656180183, -0.832022624258, -1.0, -1.0, 2.0, 96801.0, 421.0, 99637.0
1.0, 2.0, 3.0, 1.0, -0.603809381396, -0.100676786036, 0.0, -1.0, 2.0, 2.0562962373, 2.56527139345, 1.0, -1.0, 1.0, -1.0, 2.0, -0.467371102427, -1.0, 0.0, 1.21372018626, -1.0, 0.0, 2.11536951203, -0.984636537513, -0.615645002631, 2.0, -1.0, 1.67872213435, 0.0, -1.0, 1.50325758305, 3.0, -1.0, 3.0, 2.0, 0.816502279762, 2.0, -0.117679047742, -1.0, -1.0, 1.0, 3.0, -1.0, 0.0, -1.0, 0.0, 1.0, -1.0, -1.0, 0.0, 95973.0, 481.0, 99587.0
-1.0, 2.0, 2.11180907119, 2.23170363694, 1.29734592237, 3.0, 3.0, 1.0, -1.0, 2.0, 1.0, -0.767799006637, -1.0, 1.0, -0.969923004873, 1.0, -1.0, 2.54502823711, 2.0, 2.38211723654, -0.67237693856, 1.0, 2.0, -1.0, 3.0, 0.0, 2.55974960912, -1.0, -1.0, 0.513325750652, 1.29939580678, -1.0, 2.1433277125, -1.0, -1.0, 0.0, -1.0, 2.0, 0.703317935868, 0.0, 3.0, 3.0, -1.0, 2.0, 0.0331227342121, 2.0, -1.0, 1.0, 2.08301471152, 1.02395601749, 96499.0, 473.0, 99581.0
2.0, 3.0, 0.0, -1.0, 0.0, 0.879826938843, 2.48623849194, 2.0, 2.0, 2.0, 2.33694592411, 0.0, -1.0, 1.0, -0.181090452077, 1.0, -1.0, 3.0, 2.14187642939, -1.0, -0.76203460207, 2.0, 2.0, 1.65353089223, 0.0, -0.116480849114, 2.0, 1.0, 1.0, -1.0, -1.0, 0.0, 3.0, 0.529595220962, 1.0, 1.20596589098, -1.0, -1.0, -0.179892621463, -0.533713590194, 3.0, 0.0, 3.0, -1.0, -0.617021993339, 0.0103686093751, -1.0, -0.684517414854, 2.19175287084, 1.0, 95713.0, 515.0, 99529.0
