1.0, 0.0, 0.0, 0.0, 0.0, 0.0, 0.0, 0.0, 0.0, 2.0, 0.0, 1.0, 0.0, 0.0, 2.0, 0.0, 1.0, 2.0, 0.0, 0.0, 0.0, 1.0, 0.0, 0.0, 0.0, 0.0, 0.0, 2.0, 0.0, 0.0, 1.0, 0.0, 0.0, 0.0, 0.0, 1.0, 0.0, 0.0, 0.0, 0.0, 1.0, 1.0, 0.0, 0.0, 1.0, 0.0, 0.0, 0.0, 0.0, 0.0, 94900.0, 707.0, 99380.0
-1.0, 2.0, 3.0, 2.0, 0.0, 1.0, 3.0, -1.0, 1.0, 1.0, -1.0, 1.0, 2.0, 0.0, -1.0, 3.0, -1.0, 2.0, 2.0, -1.0, 2.0, 3.0, 1.0, -1.0, 1.0, 0.0, 1.0, -1.0, 1.0, -1.0, 1.0, -1.0, 1.0, 0.0, 0.0, 2.0, 2.0, 3.0, -1.0, 1.0, -1.0, -1.0, 0.0, -1.0, 1.0, 0.0, -1.0, -1.0, -1.0, 3.0, 97394.0, 461.0, 99598.0
0.0, -1.0, 0.0, 1.0, 1.0, 0.0, 0.0, 0.0, 2.0, 0.0, 2.0, 2.0, 0.0, 0.0, 0.0, 0.0, 1.0, 2.0, 0.0, 1.0, 0.0, 1.0, 0.0, 0.0, 0.0, 0.0, 0.0, 0.0, 1.0, 2.0, 2.0, 0.0, 1.0, 2.0, 0.0, 0.0, 0.0, 0.0, 2.0, 0.0, -1.0, 1.0, 0.0, 2.0, 1.0, 0.0, 0.0, -1.0, 2.0, 1.0, 95603.0, 659.0, 99419.0
0.0, 0.0, 0.0, 1.0, 1.0, 0.0, 0.0, 0.0, 2.0, 0.0, 2.0, 2.0, 0.0, 0.0, 0.0, 0.0, 1.0, 0.0, 0.0, 1.0, 0.0, 1.0, 0.0, 0.0, 0.0, 0.0, 0.0, 0.0, 1.0, 2.0, 1.0, 0.0, 1.0, 2.0, 0.0, 0.0, 0.0, 0.0, 2.0, 0.0, -1.0, 1.0, 1.0, 2.0, 1.0, 0.0, 0.0, -1.0, 2.0, 1.0, 95406.0, 677.0, 99404.0
1.0, 1.0, 3.0, 1.0, 0.0, 2.0, 0.0, 3.0, 1.0, 3.0, 0.0, 0.0, 3.0, 2.0, 0.0, 3.0, 0.0, 0.0, 3.0, 0.0, 2.0, 2.0, -1.0, 2.0, 0.0, 1.0, 3.0, -1.0, 2.0, 0.0, 1.0, 1.0, 3.0, 1.0, 1.0, 3.0, 2.0, 0.0, -1.0, -1.0, 0.0, 0.0, 1.0, -1.0, 1.0, 2.0, 1.0, -1.0, 0.0, 2.0, 96313.0, 626.0, 99450.0
0.0, 0.0, 0.0, 1.0, 1.0, 0.0, 0.0, 0.0, 2.0, 0.0, 2.0, 2.0, 0.0, 0.0, 0.0, 0.0, 1.0, 0.0, 0.0, 1.0, 0.0, 1.0, 0.0, 0.0, 0.0, 0.0, 0.0, 0.0, 1.0, 0.0, 2.0, 0.0, 1.0, 2.0, 0.0, 0.0, 0.0, 0.0, 2.0, 0.0, 1.0, 1.0, 0.0, 2.0, 1.0, 0.0, 0.0, -1.0, 0.0, 1.0, 95172.0, 696.0, 99389.0
3.0, 1.0, 1.0, 0.0, 1.0, 0.0, 1.0, 1.0, 0.0, -1.0, 3.0, 1.0, 3.0, 1.0, 3.0, 2.0, -1.0, 3.0, 2.0, 0.0, 1.0, 3.0, 0.0, 2.0, 2.0, -1.0, 2.0, 0.0, 1.0, 3.0, 2.0, 0.0, -1.0, 0.0, 3.0, 0.0, 3.0, 0.0, 1.0, 3.0, 3.0, 0.0, 0.0, 2.0, 2.0, 0.0, 2.0, -1.0, 3.0, 2.0, 96453.0, 634.0, 99433.0
-1.0, 2.0, 3.0, 2.0, 0.0, 1.0, 3.0, -1.0, 1.0, 1.0, -1.0, 1.0, 2.0, 0.0, -1.0, 3.0, -1.0, 2.0, 2.0, -1.0, 2.0, 3.0, 1.0, -1.0, 0.0, 0.0, 1.0, -1.0, 1.0, -1.0, 1.0, -1.0, 1.0, 0.0, 0.0, 2.0, 2.0, 3.0, -1.0, 1.0, -1.0, -1.0, 0.0, -1.0, 1.0, 0.0, -1.0, -1.0, 2.0, 3.0, 97294.0, 473.0, 99581.0
1.0, 0.0, 2.0, 0.0, 0.0, 1.0, 2.0, 2.0, 1.0, 0.0, 0.0, 0.0, 1.0, 1.0, 0.0, 0.0, 1.0, 1.0, 0.0, 0.0, 0.0, 0.0, 1.0, 2.0, 2.0, 1.0, 1.0, 0.0, 0.0, 0.0, 1.0, 0.0, 1.0, 0.0, 2.0, -1.0, 0.0, 0.0, 1.0, 1.0, 1.0, 2.0, 0.0, 0.0, 1.0, 2.0, 0.0, 1.0, 0.0, 1.0, 95358.0, 694.0, 99389.0
-1.0, 2.0, 3.0, 2.0, 0.0, 1.0, 3.0, -1.0, 1.0, 1.0, -1.0, 1.0, 2.0, 0.0, -1.0, 0.0, -1.0, 2.0, 2.0, 0.0, 2.0, 3.0, 1.0, -1.0, 0.0, 0.0, 1.0, -1.0, 1.0, -1.0, 1.0, -1.0, 1.0, 0.0, 0.0, 2.0, 2.0, 3.0, -1.0, 1.0, -1.0, -1.0, 2.0, -1.0, 1.0, 0.0, -1.0, -1.0, 2.0, 3.0, 97155.0, 490.0, 99567.0
2.0, -1.0, -1.0, 0.0, 0.0, -1.0, 3.0, 1.0, 0.0, -1.0, 2.0, 0.0, -1.0, 1.0, 3.0, 3.0, 3.0, -1.0, 2.0, 2.0, 2.0, 1.0, 1.0, -1.0, 2.0, -1.0, 0.0, 0.0, 0.0, -1.0, 2.0, 1.0, 3.0, 2.0, 1.0, 1.0, -1.0, 1.0, -1.0, 3.0, -1.0, -1.0, 1.0, 1.0, 2.0, 3.0, 0.0, -1.0, 1.0, 1.0, 97029.0, 494.0, 99548.0
3.0, 1.0, 1.0, 0.0, 1.0, 0.0, 1.0, 1.0, 0.0, -1.0, 3.0, 0.0, 1.0, 1.0, 3.0, 2.0, -1.0, 3.0, 2.0, 0.0, 1.0, 3.0, 1.0, 2.0, 2.0, 1.0, 2.0, 0.0, -1.0, 3.0, 2.0, 0.0, -1.0, 0.0, 3.0, 0.0, 3.0, 0.0, 1.0, -1.0, 3.0, 0.0, 0.0, 2.0, 2.0, 0.0, 2.0, 3.0, 3.0, 2.0, 96471.0, 626.0, 99443.0
1.0, -1.0, 0.0, -1.0, -1.0, 2.0, 1.0, 0.0, 0.0, 1.0, -1.0, 0.0, -1.0, 0.0, 1.0, 3.0, 0.0, 2.0, 0.0, 2.0, 3.0, 2.0, 3.0, 2.0, 1.0, -1.0, 1.0, 1.0, -1.0, 0.0, 0.0, 0.0, 0.0, 1.0, 0.0, -1.0, 1.0, 3.0, -1.0, 1.0, 3.0, -1.0, 1.0, 2.0, 2.0, 3.0, 3.0, 2.0, -1.0, 3.0, 96686.0, 551.0, 99493.0
3.0, 1.0, 3.0, 0.0, 1.0, -1.0, 0.0, 2.0, 1.0, -1.0, 3.0, 1.0, -1.0, 0.0, 0.0, 0.0, 1.0, 2.0, -1.0, 3.0, 1.0, 2.0, 0.0, 2.0, -1.0, 1.0, 1.0, 0.0, 2.0, 3.0, -1.0, -1.0, 3.0, -1.0, 3.0, -1.0, 1.0, -1.0, 2.0, 1.0, 0.0, 0.0, -1.0, 2.0, 2.0, 2.0, 0.0, -1.0, 0.0, 2.0, 96728.0, 532.0, 99510.0
0.0, 3.0, -1.0, 2.0, 0.0, 1.0, -1.0, 1.0, 1.0, -1.0, 0.0, 2.0, 0.0, -1.0, 1.0, 0.0, 2.0, -1.0, 2.0, 0.0, -1.0, -1.0, 1.0, -1.0, 1.0, -1.0, -1.0, -1.0, -1.0, 3.0, 2.0, 3.0, 2.0, 2.0, 1.0, 2.0, -1.0, -1.0, -1.0, 1.0, 3.0, 0.0, 3.0, 3.0, 3.0, 1.0, 0.0, 1.0, -1.0, 0.0, 97355.0, 479.0, 99578.0
3.0, 1.0, 3.0, 0.0, 1.0, -1.0, 0.0, 2.0, 1.0, -1.0, 3.0, 1.0, -1.0, 0.0, 0.0, 0.0, 1.0, 0.0, -1.0, 3.0, 1.0, -1.0, 0.0, 2.0, 2.0, 1.0, 1.0, 0.0, 0.0, 3.0, -1.0, -1.0, 3.0, -1.0, 3.0, -1.0, 1.0, -1.0, 2.0, 2.0, 0.0, 0.0, -1.0, 2.0, 2.0, 2.0, 0.0, 3.0, 0.0, 1.0, 96668.0, 543.0, 99508.0
0.0, 3.0, -1.0, 2.0, 0.0, 1.0, -1.0, 1.0, 1.0, -1.0, 0.0, 2.0, 0.0, -1.0, 1.0, 0.0, 2.0, -1.0, 2.0, 0.0, -1.0, -1.0, 1.0, -1.0, 0.0, -1.0, -1.0, -1.0, -1.0, 3.0, 2.0, 3.0, 2.0, 2.0, 1.0, 2.0, -1.0, -1.0, -1.0, 1.0, 3.0, 0.0, 3.0, 3.0, 3.0, 1.0, 0.0, 1.0, 2.0, 0.0, 97255.0, 491.0, 99561.0
1.0, -1.0, 0.0, -1.0, -1.0, 2.0, 1.0, 0.0, 0.0, 1.0, -1.0, 0.0, -1.0, 0.0, 1.0, 3.0, 0.0, 2.0, 0.0, 2.0, 3.0, 2.0, 3.0, 2.0, 1.0, 1.0, 1.0, 1.0, -1.0, 2.0, 0.0, 0.0, 0.0, 1.0, 0.0, 2.0, 1.0, 3.0, -1.0, 1.0, 3.0, -1.0, 1.0, 2.0, 2.0, 3.0, 3.0, 2.0, -1.0, 3.0, 96605.0, 575.0, 99477.0
-1.0, 2.0, 0.0, 0.0, 0.0, 3.0, 2.0, 2.0, 2.0, -1.0, 1.0, 0.0, 3.0, 3.0, 1.0, -1.0, 0.0, 2.0, 2.0, 1.0, 2.0, 2.0, 2.0, 0.0, 2.0, -1.0, 0.0, 2.0, 1.0, 1.0, 1.0, 2.0, 0.0, 3.0, 1.0, 2.0, 3.0, 0.0, -1.0, 3.0, -1.0, 3.0, 3.0, 2.0, 1.0, -1.0, 2.0, 1.0, 1.0, -1.0, 96708.0, 592.0, 99461.0
1.0, 1.0, 3.0, -1.0, 1.0, 0.0, 1.0, 3.0, 0.0, -1.0, 2.0, 1.0, 1.0, 2.0, 1.0, -1.0, 0.0, 3.0, 0.0, 0.0, 3.0, 0.0, 2.0, 0.0, 2.0, 1.0, 2.0, 2.0, -1.0, 2.0, 1.0, 0.0, -1.0, 3.0, 3.0, 2.0, 1.0, 2.0, -1.0, 2.0, -1.0, 2.0, 0.0, 3.0, 0.0, -1.0, 1.0, 0.0, 0.0, 0.0, 96494.0, 577.0, 99465.0
0.0, 3.0, -1.0, 2.0, 0.0, 1.0, -1.0, 1.0, 1.0, -1.0, 0.0, 2.0, 0.0, -1.0, 1.0, 0.0, 2.0, -1.0, 2.0, 0.0, -1.0, -1.0, 1.0, -1.0, 1.0, -1.0, -1.0, -1.0, -1.0, 3.0, 2.0, 3.0, 2.0, 2.0, 1.0, 2.0, -1.0, -1.0, -1.0, 1.0, 3.0, 0.0, 3.0, 3.0, 3.0, 1.0, 0.0, 1.0, -1.0, 0.0, 97355.0, 479.0, 99578.0
3.0, 1.0, 3.0, 0.0, 1.0, -1.0, 0.0, 2.0, 1.0, -1.0, 3.0, 1.0, -1.0, 0.0, 0.0, 0.0, 1.0, 0.0, -1.0, 3.0, 1.0, -1.0, 0.0, 2.0, -1.0, -1.0, 1.0, 0.0, 2.0, 3.0, -1.0, -1.0, 3.0, -1.0, 3.0, -1.0, 1.0, -1.0, 2.0, 2.0, 0.0, 0.0, -1.0, 2.0, 2.0, 2.0, 0.0, 3.0, 0.0, 1.0, 96826.0, 521.0, 99523.0
3.0, -1.0, 3.0, 1.0, 3.0, 0.0, 0.0, 2.0, 0.0, 1.0, 2.0, -1.0, -1.0, 1.0, 3.0, 3.0, 0.0, 2.0, 2.0, 0.0, 1.0, 1.0, 2.0, 3.0, 0.0, 3.0, 1.0, 2.0, 1.0, 0.0, 0.0, 0.0, -1.0, 1.0, 0.0, -1.0, 2.0, 1.0, 0.0, 1.0, 0.0, -1.0, -1.0, 1.0, 1.0, 2.0, 2.0, 1.0, 0.0, 2.0, 96417.0, 604.0, 99466.0
3.0, 1.0, 1.0, 0.0, 1.0, 0.0, 1.0, 1.0, 0.0, -1.0, 3.0, 0.0, 1.0, 1.0, 3.0, 2.0, -1.0, 3.0, 2.0, 0.0, 1.0, 3.0, 1.0, 2.0, 2.0, 1.0, 2.0, 0.0, -1.0, 3.0, 2.0, 0.0, -1.0, 0.0, 3.0, 0.0, 3.0, 0.0, 1.0, -1.0, 3.0, 0.0, 0.0, 2.0, 2.0, 0.0, 2.0, -1.0, 3.0, 2.0, 96492.0, 615.0, 99452.0
3.0, 1.0, 1.0, 0.0, 1.0, 0.0, 1.0, 1.0, 0.0, -1.0, 3.0, 1.0, 1.0, 1.0, 3.0, 2.0, -1.0, 3.0, 2.0, 0.0, 1.0, 3.0, 0.0, 2.0, 2.0, -1.0, 2.0, 0.0, -1.0, 3.0, 2.0, 0.0, -1.0, 0.0, 3.0, 0.0, 3.0, 0.0, 1.0, 3.0, 3.0, 0.0, 0.0, 2.0, 2.0, 0.0, 2.0, -1.0, 3.0, 2.0, 96519.0, 617.0, 99445.0
2.0, -1.0, -1.0, 0.0, 0.0, -1.0, 2.0, 1.0, 0.0, -1.0, 2.0, 0.0, -1.0, 1.0, 0.0, 3.0, 3.0, 2.0, -1.0, 2.0, 2.0, 1.0, 1.0, 3.0, 2.0, -1.0, 0.0, 0.0, 2.0, -1.0, 2.0, 1.0, 3.0, 2.0, 1.0, 1.0, -1.0, 1.0, -1.0, 3.0, -1.0, -1.0, 1.0, 2.0, 2.0, 3.0, 0.0, -1.0, 1.0, 1.0, 96967.0, 511.0, 99531.0
-1.0, -1.0, 0.0, 1.0, 0.0, 0.0, 3.0, -1.0, 1.0, -1.0, 2.0, -1.0, 2.0, 3.0, 0.0, 1.0, 3.0, 0.0, 0.0, 1.0, 0.0, 2.0, 1.0, 1.0, 1.0, -1.0, -1.0, 3.0, 3.0, 3.0, -1.0, -1.0, 2.0, 1.0, 0.0, 0.0, 0.0, 1.0, -1.0, 1.0, -1.0, 1.0, -1.0, 3.0, 3.0, 2.0, 1.0, -1.0, -1.0, 3.0, 97179.0, 497.0, 99538.0
0.0, 3.0, -1.0, 2.0, 0.0, 1.0, -1.0, 1.0, 1.0, -1.0, 0.0, 2.0, 0.0, -1.0, 1.0, 0.0, 2.0, -1.0, 2.0, 0.0, -1.0, -1.0, 1.0, -1.0, 0.0, -1.0, -1.0, -1.0, -1.0, 3.0, 2.0, 3.0, 2.0, 2.0, 1.0, 2.0, -1.0, -1.0, -1.0, 1.0, 3.0, 0.0, 3.0, 3.0, 3.0, 1.0, 0.0, 1.0, 2.0, 0.0, 97255.0, 491.0, 99561.0
2.0, 2.0, 1.0, 0.0, 2.0, 2.0, 0.0, -1.0, 3.0, -1.0, 3.0, -1.0, -1.0, 1.0, 2.0, 0.0, -1.0, 2.0, -1.0, 2.0, 1.0, 3.0, 0.0, -1.0, 1.0, 3.0, -1.0, 1.0, -1.0, 0.0, 0.0, 0.0, 0.0, 2.0, 2.0, -1.0, -1.0, 2.0, 1.0, 2.0, 0.0, 3.0, 0.0, 1.0, 2.0, 1.0, 2.0, 3.0, 0.0, -1.0, 96892.0, 528.0, 99514.0
-1.0, 2.0, 0.0, 0.0, 0.0, 3.0, 2.0, 2.0, 2.0, 0.0, 1.0, 0.0, 3.0, 3.0, 1.0, -1.0, -1.0, 0.0, 2.0, 1.0, 2.0, 2.0, 3.0, 0.0, 2.0, -1.0, 0.0, 2.0, 1.0, 1.0, 1.0, 2.0, 0.0, 3.0, 1.0, 2.0, 3.0, 0.0, -1.0, 1.0, -1.0, 3.0, 1.0, 3.0, 1.0, -1.0, 2.0, 1.0, 1.0, 2.0, 96584.0, 603.0, 99445.0
3.0, 1.0, 1.0, 0.0, 1.0, 0.0, 1.0, 1.0, 0.0, -1.0, 3.0, 0.0, 1.0, 1.0, 3.0, 2.0, -1.0, 3.0, 2.0, 0.0, 1.0, 3.0, 1.0, 2.0, 2.0, -1.0, 2.0, 0.0, -1.0, 3.0, 2.0, 0.0, -1.0, 0.0, 3.0, 0.0, 3.0, 0.0, 1.0, -1.0, 3.0, 0.0, 0.0, 2.0, 2.0, 0.0, 2.0, -1.0, 3.0, 2.0, 96567.0, 604.0, 99459.0
2.0, -1.0, -1.0, 0.0, 0.0, -1.0, 3.0, 1.0, 0.0, -1.0, 2.0, 0.0, -1.0, 1.0, 0.0, 3.0, 3.0, 2.0, 2.0, 2.0, 2.0, 1.0, 1.0, -1.0, 2.0, -1.0, 0.0, 0.0, 1.0, -1.0, 2.0, 1.0, 3.0, 2.0, 1.0, 1.0, -1.0, 1.0, -1.0, 3.0, -1.0, -1.0, 1.0, 1.0, 2.0, 3.0, 0.0, -1.0, 1.0, 1.0, 96914.0, 506.0, 99537.0
3.0, 1.0, 3.0, 0.0, 1.0, -1.0, 0.0, 2.0, 1.0, -1.0, 3.0, 1.0, -1.0, 0.0, 0.0, 0.0, 1.0, 2.0, -1.0, 3.0, 1.0, 2.0, 0.0, 2.0, -1.0, 1.0, 1.0, 0.0, 2.0, 3.0, -1.0, -1.0, 3.0, -1.0, 3.0, -1.0, 1.0, -1.0, 2.0, 1.0, 0.0, 0.0, -1.0, 2.0, 2.0, 2.0, 0.0, 3.0, 0.0, 2.0, 96707.0, 543.0, 99501.0
2.0, 2.0, 0.0, 2.0, 3.0, 1.0, 2.0, -1.0, 1.0, 2.0, 1.0, -1.0, 1.0, 2.0, 1.0, 0.0, -1.0, 0.0, -1.0, 2.0, 1.0, 0.0, 1.0, -1.0, 0.0, 3.0, 1.0, 0.0, -1.0, 3.0, -1.0, -1.0, 3.0, 0.0, 0.0, -1.0, 1.0, 2.0, -1.0, 1.0, 1.0, 2.0, 0.0, 3.0, 0.0, 0.0, 1.0, 0.0, 1.0, 2.0, 96692.0, 556.0, 99488.0
0.0, 2.0, -1.0, 2.0, -1.0, 2.0, 1.0, 3.0, 1.0, 2.0, -1.0, 1.0, 3.0, 2.0, 2.0, 2.0, -1.0, -1.0, 0.0, 2.0, 1.0, -1.0, 1.0, 3.0, 2.0, 3.0, 2.0, 0.0, 1.0, 0.0, 3.0, 0.0, 0.0, 3.0, 0.0, 1.0, 3.0, 2.0, 0.0, 3.0, 1.0, 1.0, 3.0, 0.0, 1.0, 0.0, 0.0, 3.0, 0.0, 0.0, 96427.0, 623.0, 99449.0
-1.0, -1.0, 0.0, 1.0, 0.0, 0.0, 3.0, -1.0, 2.0, -1.0, 2.0, -1.0, 2.0, 3.0, 0.0, 1.0, 3.0, 0.0, 0.0, 1.0, 0.0, 2.0, 1.0, 1.0, 1.0, -1.0, -1.0, -1.0, 3.0, 3.0, -1.0, -1.0, 2.0, 1.0, 0.0, 0.0, 0.0, 1.0, -1.0, 1.0, 1.0, 1.0, -1.0, 3.0, 3.0, 2.0, 1.0, -1.0, -1.0, 3.0, 97113.0, 500.0, 99537.0
1.0, 1.0, 3.0, 1.0, 0.0, 0.0, 0.0, 3.0, 2.0, 3.0, 0.0, 0.0, -1.0, 2.0, 0.0, 3.0, 0.0, -1.0, 3.0, 3.0, 2.0, 2.0, -1.0, 2.0, 0.0, 1.0, 3.0, -1.0, 2.0, 0.0, 1.0, 1.0, 3.0, 1.0, 1.0, 3.0, 2.0, 0.0, -1.0, -1.0, 0.0, 0.0, 1.0, -1.0, 1.0, 2.0, 1.0, -1.0, 0.0, 2.0, 96460.0, 596.0, 99469.0
0.0, 1.0, -1.0, -1.0, 3.0, 1.0, 0.0, -1.0, 0.0, 0.0, 1.0, 1.0, 0.0, 0.0, 0.0, 0.0, -1.0, 1.0, 1.0, 2.0, 2.0, 3.0, 3.0, -1.0, 0.0, 2.0, 3.0, 0.0, 0.0, 3.0, -1.0, 2.0, 2.0, 1.0, 1.0, -1.0, 2.0, 3.0, -1.0, 1.0, 3.0, 2.0, 3.0, 2.0, -1.0, 2.0, 1.0, 0.0, 2.0, 2.0, 96765.0, 569.0, 99478.0
1.0, -1.0, 0.0, -1.0, -1.0, 2.0, 1.0, 0.0, 0.0, 1.0, -1.0, 0.0, -1.0, 0.0, 1.0, 3.0, 0.0, 2.0, 0.0, 2.0, 3.0, 2.0, 3.0, 2.0, 1.0, -1.0, 1.0, 1.0, -1.0, 2.0, 0.0, 0.0, 0.0, 1.0, 0.0, 2.0, 1.0, 3.0, -1.0, 1.0, -1.0, -1.0, 1.0, 2.0, 2.0, 3.0, 3.0, 2.0, -1.0, 3.0, 96746.0, 545.0, 99499.0
-1.0, 2.0, 0.0, 0.0, 0.0, 3.0, 2.0, 2.0, 2.0, 0.0, 1.0, 0.0, 3.0, 3.0, 1.0, -1.0, 0.0, -1.0, 2.0, 1.0, 2.0, 2.0, 2.0, 0.0, 2.0, -1.0, 0.0, 2.0, 1.0, 1.0, 1.0, 2.0, 0.0, 3.0, 1.0, 2.0, 3.0, 0.0, -1.0, 1.0, -1.0, 3.0, 3.0, 2.0, 1.0, -1.0, 2.0, 1.0, 1.0, -1.0, 96623.0, 597.0, 99461.0
1.0, -1.0, 0.0, -1.0, -1.0, 2.0, 1.0, 0.0, 0.0, 1.0, -1.0, 0.0, -1.0, 0.0, 1.0, 3.0, 0.0, 2.0, 0.0, 2.0, 3.0, 2.0, 3.0, 2.0, 1.0, -1.0, 1.0, 1.0, -1.0, 2.0, 0.0, 0.0, 0.0, 1.0, 0.0, 2.0, 1.0, 3.0, -1.0, 1.0, -1.0, -1.0, 1.0, 2.0, 2.0, 3.0, 3.0, 2.0, -1.0, 3.0, 96746.0, 545.0, 99499.0
2.0, 2.0, 0.0, 2.0, 3.0, 1.0, 2.0, -1.0, 1.0, 2.0, 1.0, -1.0, 1.0, 2.0, 1.0, 0.0, -1.0, 0.0, -1.0, 2.0, 1.0, 0.0, 1.0, -1.0, 0.0, 3.0, 1.0, 0.0, -1.0, 3.0, -1.0, -1.0, 3.0, 0.0, 0.0, -1.0, 1.0, 2.0, -1.0, 1.0, 1.0, 2.0, 0.0, 3.0, 0.0, 0.0, 1.0, 0.0, 1.0, 2.0, 96692.0, 556.0, 99488.0
2.0, 0.0, -1.0, 0.0, 3.0, 1.0, 0.0, -1.0, 1.0, -1.0, 0.0, 3.0, -1.0, 0.0, 0.0, 3.0, 0.0, 2.0, -1.0, 2.0, -1.0, 2.0, 0.0, 2.0, 2.0, 1.0, 0.0, -1.0, 0.0, 3.0, -1.0, 2.0, 2.0, -1.0, 2.0, 1.0, -1.0, 3.0, 1.0, 1.0, 3.0, 0.0, 2.0, 2.0, 0.0, -1.0, 0.0, -1.0, -1.0, 2.0, 96864.0, 507.0, 99533.0
1.0, 1.0, 3.0, -1.0, 1.0, 0.0, -1.0, 3.0, 0.0, 0.0, 2.0, 1.0, 1.0, 2.0, 1.0, -1.0, 0.0, 2.0, 0.0, -1.0, 3.0, 0.0, 2.0, 0.0, 2.0, 1.0, 2.0, 2.0, -1.0, 2.0, 1.0, 0.0, -1.0, 3.0, 3.0, 2.0, 1.0, 3.0, -1.0, 2.0, -1.0, 2.0, 0.0, 3.0, 0.0, -1.0, 1.0, 0.0, 1.0, 0.0, 96699.0, 562.0, 99484.0
2.0, 0.0, 3.0, 0.0, 3.0, 1.0, 0.0, -1.0, 1.0, -1.0, 0.0, 3.0, -1.0, 0.0, 0.0, 3.0, 0.0, 0.0, -1.0, 2.0, -1.0, 2.0, 0.0, 2.0, 2.0, 1.0, 0.0, -1.0, 0.0, 3.0, -1.0, 2.0, 2.0, -1.0, 2.0, 1.0, -1.0, 3.0, 1.0, 1.0, 3.0, 0.0, 2.0, 2.0, 0.0, -1.0, 0.0, -1.0, -1.0, 2.0, 96786.0, 526.0, 99518.0
-1.0, -1.0, 0.0, 1.0, 0.0, 0.0, 3.0, -1.0, 2.0, -1.0, 2.0, -1.0, 2.0, 3.0, 0.0, 1.0, 3.0, 0.0, 0.0, 1.0, 0.0, 2.0, 1.0, 1.0, 1.0, -1.0, -1.0, 3.0, 3.0, 3.0, -1.0, -1.0, 2.0, 1.0, 0.0, 0.0, 0.0, 1.0, -1.0, 1.0, 1.0, 1.0, -1.0, 3.0, 3.0, 2.0, 1.0, -1.0, -1.0, 3.0, 97074.0, 516.0, 99523.0
-1.0, -1.0, 0.0, 1.0, 0.0, 0.0, 3.0, -1.0, 0.0, -1.0, 2.0, -1.0, 2.0, 3.0, 0.0, 1.0, 3.0, 0.0, 0.0, 1.0, 0.0, 2.0, 1.0, 1.0, 1.0, -1.0, -1.0, 3.0, 3.0, 3.0, 2.0, -1.0, 2.0, 1.0, 0.0, 0.0, 0.0, 1.0, -1.0, 1.0, -1.0, 1.0, -1.0, 3.0, 3.0, 2.0, 1.0, -1.0, -1.0, 3.0, 97052.0, 515.0, 99525.0
-1.0, -1.0, 0.0, 1.0, 0.0, 0.0, 3.0, -1.0, 2.0, -1.0, 2.0, -1.0, 2.0, 3.0, 0.0, 1.0, 3.0, 0.0, 0.0, 1.0, 0.0, 2.0, 1.0, 1.0, 1.0, -1.0, -1.0, 3.0, 3.0, 3.0, -1.0, -1.0, 2.0, 1.0, 0.0, 0.0, 0.0, 1.0, -1.0, 1.0, 1.0, 1.0, -1.0, 3.0, 3.0, 2.0, 1.0, -1.0, -1.0, 3.0, 97074.0, 516.0, 99523.0
3.0, 1.0, -1.0, 0.0, 1.0, -1.0, 0.0, 2.0, 1.0, -1.0, 3.0, 1.0, -1.0, 0.0, 0.0, 0.0, 1.0, 2.0, -1.0, -1.0, 1.0, -1.0, 0.0, 2.0, -1.0, 1.0, 2.0, 0.0, 1.0, 3.0, -1.0, -1.0, 3.0, -1.0, 3.0, -1.0, 1.0, -1.0, 2.0, 2.0, 0.0, 0.0, -1.0, 2.0, 2.0, 2.0, 0.0, 3.0, 0.0, 1.0, 96881.0, 496.0, 99545.0
2.0, -1.0, 0.0, 2.0, -1.0, 0.0, 2.0, 1.0, 1.0, 1.0, -1.0, -1.0, -1.0, 0.0, 3.0, 2.0, 3.0, 2.0, -1.0, 0.0, 0.0, 3.0, 0.0, 3.0, -1.0, 1.0, 1.0, -1.0, 2.0, 0.0, -1.0, -1.0, 1.0, 1.0, 1.0, 0.0, -1.0, 0.0, 1.0, 3.0, 0.0, 1.0, 0.0, 3.0, -1.0, -1.0, 3.0, 1.0, -1.0, 2.0, 97029.0, 503.0, 99541.0
0.0, 2.0, -1.0, 2.0, -1.0, 2.0, 1.0, 3.0, 1.0, 2.0, -1.0, 1.0, 1.0, 2.0, 2.0, 2.0, -1.0, -1.0, 0.0, 2.0, 1.0, -1.0, 1.0, 3.0, 2.0, 3.0, 2.0, 0.0, -1.0, 0.0, 3.0, 0.0, 0.0, 3.0, 0.0, 1.0, 3.0, 2.0, 0.0, 3.0, 1.0, 1.0, 3.0, 0.0, 1.0, 0.0, 0.0, 3.0, 0.0, 0.0, 96493.0, 606.0, 99461.0
2.0, -1.0, -1.0, 2.0, 0.0, -1.0, 1.0, 1.0, 0.0, -1.0, 2.0, 0.0, -1.0, 0.0, 0.0, 3.0, 3.0, 2.0, -1.0, 2.0, 2.0, 1.0, 1.0, -1.0, 2.0, -1.0, 0.0, 0.0, 2.0, -1.0, 2.0, 1.0, 3.0, 2.0, 1.0, 1.0, -1.0, 1.0, -1.0, 3.0, -1.0, -1.0, 1.0, 2.0, 2.0, 3.0, 0.0, -1.0, 1.0, 1.0, 96969.0, 495.0, 99544.0
1.0, 1.0, 3.0, 1.0, 0.0, 2.0, 0.0, 3.0, 2.0, 3.0, 0.0, 0.0, 2.0, 2.0, 0.0, 3.0, 0.0, -1.0, 3.0, 3.0, 2.0, 2.0, -1.0, 2.0, 0.0, 1.0, 3.0, -1.0, 2.0, 0.0, 1.0, 1.0, 3.0, 1.0, 1.0, 3.0, 2.0, 0.0, -1.0, -1.0, 0.0, 0.0, 1.0, -1.0, 1.0, 2.0, 1.0, -1.0, 0.0, 0.0, 96417.0, 614.0, 99461.0
-1.0, 2.0, 0.0, -1.0, 0.0, 3.0, 2.0, 2.0, 2.0, 0.0, 1.0, 0.0, 3.0, 3.0, 0.0, -1.0, 0.0, -1.0, 2.0, 1.0, 2.0, 2.0, 3.0, -1.0, 2.0, -1.0, 0.0, 2.0, 1.0, 1.0, 1.0, 2.0, 0.0, 3.0, 1.0, 2.0, 3.0, 0.0, -1.0, 1.0, -1.0, 3.0, 3.0, 2.0, 1.0, -1.0, 2.0, 1.0, 1.0, -1.0, 96769.0, 565.0, 99482.0
2.0, 0.0, 3.0, 0.0, 3.0, 1.0, 0.0, -1.0, 1.0, -1.0, 0.0, 3.0, -1.0, 0.0, 0.0, 3.0, 0.0, 0.0, -1.0, 2.0, -1.0, 2.0, 0.0, 2.0, 2.0, 1.0, 0.0, -1.0, 0.0, 3.0, -1.0, 2.0, 2.0, -1.0, 2.0, 1.0, -1.0, 3.0, 1.0, 1.0, 3.0, 0.0, 2.0, 2.0, 0.0, -1.0, 0.0, -1.0, -1.0, 2.0, 96786.0, 526.0, 99518.0
2.0, 0.0, -1.0, 0.0, 0.0, -1.0, 2.0, 1.0, 0.0, -1.0, 2.0, 0.0, -1.0, 1.0, 0.0, 3.0, 3.0, 0.0, -1.0, 2.0, 2.0, 1.0, 1.0, 3.0, 2.0, -1.0, 0.0, 0.0, 2.0, -1.0, 2.0, 1.0, 3.0, 2.0, 1.0, 1.0, -1.0, 1.0, -1.0, 3.0, -1.0, -1.0, 1.0, 2.0, 2.0, 3.0, 0.0, -1.0, 1.0, 1.0, 96786.0, 529.0, 99516.0
-1.0, -1.0, 0.0, 1.0, 0.0, 0.0, 3.0, -1.0, 2.0, -1.0, 2.0, -1.0, 2.0, 3.0, 0.0, 1.0, 3.0, 0.0, 0.0, 1.0, 0.0, 2.0, 1.0, 1.0, 1.0, -1.0, -1.0, -1.0, 3.0, 3.0, -1.0, -1.0, 2.0, 1.0, 0.0, 0.0, 0.0, 1.0, -1.0, 1.0, 1.0, 1.0, -1.0, 3.0, 3.0, 2.0, 1.0, -1.0, -1.0, 3.0, 97113.0, 500.0, 99537.0
1.0, 1.0, 3.0, 1.0, 0.0, 0.0, 0.0, 3.0, 2.0, 3.0, 0.0, 0.0, -1.0, 2.0, 0.0, 3.0, 0.0, -1.0, 3.0, 3.0, 2.0, 2.0, -1.0, 2.0, 0.0, 1.0, 3.0, -1.0, 2.0, 0.0, 1.0, 1.0, 3.0, 1.0, 1.0, 3.0, 2.0, 0.0, -1.0, -1.0, 0.0, 0.0, 1.0, -1.0, 1.0, 2.0, 1.0, -1.0, 0.0, 2.0, 96460.0, 596.0, 99469.0
2.0, 0.0, -1.0, 0.0, 3.0, 1.0, 0.0, -1.0, 1.0, -1.0, 0.0, 3.0, -1.0, 0.0, 0.0, 3.0, 0.0, 2.0, -1.0, 2.0, -1.0, 2.0, 0.0, 2.0, 2.0, 1.0, 0.0, -1.0, 0.0, 3.0, -1.0, 2.0, 2.0, -1.0, 2.0, 1.0, -1.0, 3.0, 1.0, 1.0, 3.0, 0.0, 2.0, 2.0, 0.0, -1.0, 0.0, -1.0, -1.0, 2.0, 96864.0, 507.0, 99533.0
0.0, 1.0, -1.0, -1.0, 3.0, 1.0, 0.0, -1.0, 0.0, 0.0, 1.0, 1.0, 0.0, 0.0, 0.0, 0.0, -1.0, 1.0, 1.0, 2.0, 2.0, 3.0, 3.0, -1.0, 0.0, 2.0, 3.0, 0.0, 0.0, 3.0, -1.0, 2.0, 2.0, 1.0, 1.0, -1.0, 2.0, 3.0, -1.0, 1.0, 3.0, 2.0, 3.0, 2.0, -1.0, 2.0, 1.0, 0.0, 2.0, 2.0, 96765.0, 569.0, 99478.0
2.0, 0.0, 3.0, 0.0, 3.0, 1.0, 0.0, -1.0, 1.0, -1.0, 0.0, 3.0, -1.0, 0.0, 0.0, 3.0, 0.0, 0.0, -1.0, 2.0, -1.0, 2.0, 0.0, 2.0, -1.0, 1.0, 0.0, -1.0, 2.0, 3.0, -1.0, 2.0, 2.0, -1.0, 2.0, 1.0, -1.0, 3.0, 1.0, 1.0, 3.0, 0.0, 2.0, 2.0, 0.0, -1.0, 0.0, -1.0, -1.0, 2.0, 96869.0, 515.0, 99526.0
1.0, 0.0, 2.0, 0.0, 0.0, 1.0, 2.0, 2.0, 1.0, 0.0, 0.0, 0.0, 1.0, 1.0, 0.0, 0.0, 1.0, 1.0, 0.0, 0.0, 0.0, 0.0, 1.0, 2.0, 2.0, 1.0, 1.0, 0.0, 0.0, 0.0, 1.0, 0.0, 1.0, 0.0, 2.0, -1.0, 0.0, 0.0, 1.0, 1.0, 1.0, 2.0, 0.0, 0.0, 1.0, 2.0, 0.0, 1.0, 0.0, 1.0, 95358.0, 694.0, 99389.0
0.0, 2.0, -1.0, 2.0, -1.0, 2.0, 1.0, 3.0, 1.0, 2.0, -1.0, 1.0, 3.0, 2.0, 2.0, 2.0, -1.0, -1.0, 0.0, 2.0, 1.0, -1.0, 1.0, 3.0, 2.0, 3.0, 2.0, 0.0, 1.0, 0.0, 3.0, 0.0, 0.0, 3.0, 0.0, 1.0, 3.0, 2.0, 0.0, 3.0, 1.0, 1.0, 3.0, 0.0, 1.0, 0.0, 0.0, 3.0, 0.0, 0.0, 96427.0, 623.0, 99449.0
1.0, 1.0, 3.0, -1.0, 1.0, 0.0, 1.0, 3.0, 0.0, -1.0, 2.0, 1.0, 1.0, 2.0, 1.0, -1.0, 0.0, 3.0, 0.0, 0.0, 3.0, 0.0, 2.0, 0.0, 2.0, 1.0, 2.0, 2.0, -1.0, 2.0, 1.0, 0.0, -1.0, 3.0, 3.0, 2.0, 1.0, 2.0, -1.0, 2.0, -1.0, 2.0, 0.0, 3.0, 0.0, -1.0, 1.0, 0.0, 0.0, 0.0, 96494.0, 577.0, 99465.0
1.0, 1.0, 3.0, 1.0, 0.0, 2.0, 0.0, 3.0, 2.0, 3.0, 0.0, 0.0, 2.0, 2.0, 0.0, 3.0, 0.0, -1.0, 3.0, 3.0, 2.0, 2.0, -1.0, 2.0, 0.0, 1.0, 3.0, -1.0, 2.0, 0.0, 1.0, 1.0, 3.0, 1.0, 1.0, 3.0, 2.0, 0.0, -1.0, -1.0, 0.0, 0.0, 1.0, -1.0, 1.0, 2.0, 1.0, -1.0, 0.0, 0.0, 96417.0, 614.0, 99461.0
2.0, -1.0, 0.0, 2.0, -1.0, 0.0, 2.0, 1.0, 1.0, 1.0, -1.0, -1.0, -1.0, 0.0, 3.0, 2.0, 3.0, 2.0, -1.0, 0.0, 0.0, 3.0, 0.0, 3.0, -1.0, 1.0, 1.0, -1.0, 2.0, 0.0, -1.0, -1.0, 1.0, 1.0, 1.0, 0.0, -1.0, 0.0, 1.0, 3.0, 0.0, 1.0, 0.0, 3.0, -1.0, -1.0, 3.0, 1.0, -1.0, 2.0, 97029.0, 503.0, 99541.0
3.0, 1.0, -1.0, 0.0, 1.0, -1.0, 0.0, 2.0, 1.0, -1.0, 3.0, 1.0, -1.0, 0.0, 0.0, 0.0, 1.0, 2.0, -1.0, 3.0, 1.0, -1.0, 0.0, 2.0, -1.0, 1.0, 1.0, 0.0, 1.0, 3.0, -1.0, -1.0, 3.0, -1.0, 3.0, -1.0, 1.0, -1.0, 2.0, 2.0, 0.0, 0.0, -1.0, 2.0, 2.0, 2.0, 0.0, 3.0, 0.0, 1.0, 96807.0, 513.0, 99531.0
1.0, -1.0, 0.0, -1.0, -1.0, 2.0, 1.0, 0.0, 0.0, 1.0, -1.0, 0.0, -1.0, 0.0, 1.0, 3.0, 0.0, 2.0, 0.0, 2.0, 3.0, 2.0, 3.0, 2.0, 1.0, -1.0, 1.0, 1.0, -1.0, 2.0, 0.0, 0.0, 0.0, 1.0, 0.0, 2.0, 1.0, 3.0, -1.0, 1.0, 3.0, -1.0, 1.0, 2.0, 2.0, 3.0, 3.0, 2.0, -1.0, 3.0, 96680.0, 564.0, 99484.0
3.0, 1.0, 1.0, 0.0, 1.0, 0.0, 1.0, 1.0, 0.0, -1.0, 3.0, 0.0, 1.0, 1.0, 3.0, 2.0, -1.0, 3.0, 2.0, 0.0, 1.0, 3.0, 1.0, 2.0, 2.0, -1.0, 2.0, 0.0, -1.0, 3.0, 2.0, 0.0, -1.0, 0.0, 3.0, 0.0, 3.0, 0.0, 1.0, -1.0, 3.0, 0.0, 0.0, 2.0, 2.0, 0.0, 2.0, -1.0, 3.0, 2.0, 96567.0, 604.0, 99459.0
-1.0, 2.0, 0.0, -1.0, 0.0, 3.0, 2.0, 2.0, 2.0, 0.0, 1.0, 0.0, 3.0, 3.0, 0.0, -1.0, 0.0, -1.0, 2.0, 1.0, 2.0, 2.0, 3.0, -1.0, 2.0, -1.0, 0.0, 2.0, 1.0, 1.0, 1.0, 2.0, 0.0, 3.0, 1.0, 2.0, 3.0, 0.0, -1.0, 1.0, -1.0, 3.0, 3.0, 2.0, 1.0, -1.0, 2.0, 1.0, 1.0, -1.0, 96769.0, 565.0, 99482.0
2.0, -1.0, -1.0, 2.0, 0.0, -1.0, 1.0, 1.0, 0.0, -1.0, 2.0, 0.0, -1.0, 0.0, 0.0, 3.0, 3.0, 2.0, -1.0, 2.0, 2.0, 1.0, 1.0, -1.0, 2.0, -1.0, 0.0, 0.0, 2.0, -1.0, 2.0, 1.0, 3.0, 2.0, 1.0, 1.0, -1.0, 1.0, -1.0, 3.0, -1.0, -1.0, 1.0, 2.0, 2.0, 3.0, 0.0, -1.0, 1.0, 1.0, 96969.0, 495.0, 99544.0
-1.0, -1.0, 0.0, 1.0, 0.0, 0.0, 3.0, -1.0, 1.0, -1.0, 2.0, -1.0, 2.0, 3.0, 0.0, 1.0, 3.0, 0.0, 0.0, 1.0, 0.0, 2.0, 1.0, 1.0, 1.0, -1.0, -1.0, 3.0, 3.0, 3.0, -1.0, -1.0, 2.0, 1.0, 0.0, 0.0, 0.0, 1.0, -1.0, 1.0, -1.0, 1.0, -1.0, 3.0, 3.0, 2.0, 1.0, -1.0, -1.0, 3.0, 97179.0, 497.0, 99538.0
3.0, 1.0, 1.0, 0.0, 1.0, 0.0, 1.0, 1.0, 0.0, -1.0, 3.0, 1.0, 1.0, 1.0, 3.0, 2.0, -1.0, 3.0, 2.0, 0.0, 1.0, 3.0, 0.0, 2.0, 2.0, -1.0, 2.0, 0.0, -1.0, 3.0, 2.0, 0.0, -1.0, 0.0, 3.0, 0.0, 3.0, 0.0, 1.0, 3.0, 3.0, 0.0, 0.0, 2.0, 2.0, 0.0, 2.0, -1.0, 3.0, 2.0, 96519.0, 617.0, 99445.0
3.0, 1.0, -1.0, 0.0, 1.0, -1.0, 0.0, 2.0, 1.0, -1.0, 3.0, 1.0, -1.0, 0.0, 0.0, 0.0, 1.0, 2.0, -1.0, 3.0, 1.0, -1.0, 0.0, 2.0, -1.0, 1.0, 1.0, 0.0, 1.0, 3.0, -1.0, -1.0, 3.0, -1.0, 3.0, -1.0, 1.0, -1.0, 2.0, 2.0, 0.0, 0.0, -1.0, 2.0, 2.0, 2.0, 0.0, 3.0, 0.0, 1.0, 96807.0, 513.0, 99531.0
2.0, 0.0, 3.0, 0.0, 3.0, 1.0, 0.0, -1.0, 1.0, -1.0, 0.0, 3.0, -1.0, 0.0, 0.0, 3.0, 0.0, 0.0, -1.0, 2.0, -1.0, 2.0, 0.0, 2.0, -1.0, 1.0, 0.0, -1.0, 2.0, 3.0, -1.0, 2.0, 2.0, -1.0, 2.0, 1.0, -1.0, 3.0, 1.0, 1.0, 3.0, 0.0, 2.0, 2.0, 0.0, -1.0, 0.0, -1.0, -1.0, 2.0, 96869.0, 515.0, 99526.0
3.0, 1.0, 3.0, 0.0, 1.0, -1.0, 0.0, 2.0, 1.0, -1.0, 3.0, 1.0, -1.0, 0.0, 0.0, 0.0, 1.0, 0.0, -1.0, 3.0, 1.0, -1.0, 0.0, 2.0, 2.0, 1.0, 1.0, 0.0, 0.0, 3.0, -1.0, -1.0, 3.0, -1.0, 3.0, -1.0, 1.0, -1.0, 2.0, 2.0, 0.0, 0.0, -1.0, 2.0, 2.0, 2.0, 0.0, 3.0, 0.0, 1.0, 96668.0, 543.0, 99508.0
2.0, 0.0, -1.0, 0.0, 0.0, -1.0, 2.0, 1.0, 0.0, -1.0, 2.0, 0.0, -1.0, 1.0, 0.0, 3.0, 3.0, 0.0, -1.0, 2.0, 2.0, 1.0, 1.0, 3.0, 2.0, -1.0, 0.0, 0.0, 2.0, -1.0, 2.0, 1.0, 3.0, 2.0, 1.0, 1.0, -1.0, 1.0, -1.0, 3.0, -1.0, -1.0, 1.0, 2.0, 2.0, 3.0, 0.0, -1.0, 1.0, 1.0, 96786.0, 529.0, 99516.0
1.0, -1.0, 0.0, -1.0, -1.0, 2.0, 1.0, 0.0, 0.0, 1.0, -1.0, 0.0, -1.0, 0.0, 1.0, 3.0, 0.0, 2.0, 0.0, 2.0, 3.0, 2.0, 3.0, 2.0, 1.0, -1.0, 1.0, 1.0, -1.0, 2.0, 0.0, 0.0, 0.0, 1.0, 0.0, 2.0, 1.0, 3.0, -1.0, 1.0, 3.0, -1.0, 1.0, 2.0, 2.0, 3.0, 3.0, 2.0, -1.0, 3.0, 96680.0, 564.0, 99484.0
-1.0, 2.0, 0.0, 0.0, 0.0, 3.0, 2.0, 2.0, 2.0, 0.0, 1.0, 0.0, 3.0, 3.0, 1.0, -1.0, -1.0, 0.0, 2.0, 1.0, 2.0, 2.0, 3.0, 0.0, 2.0, -1.0, 0.0, 2.0, 1.0, 1.0, 1.0, 2.0, 0.0, 3.0, 1.0, 2.0, 3.0, 0.0, -1.0, 1.0, -1.0, 3.0, 3.0, 3.0, 1.0, -1.0, 2.0, 1.0, 1.0, -1.0, 96706.0, 593.0, 99461.0
-1.0, 2.0, 0.0, 0.0, 0.0, 3.0, 2.0, 2.0, 2.0, 0.0, 1.0, 0.0, 3.0, 3.0, 1.0, -1.0, 0.0, -1.0, 2.0, 1.0, 2.0, 2.0, 2.0, 0.0, 2.0, -1.0, 0.0, 2.0, 1.0, 1.0, 1.0, 2.0, 0.0, 3.0, 1.0, 2.0, 3.0, 0.0, -1.0, 1.0, -1.0, 3.0, 3.0, 2.0, 1.0, -1.0, 2.0, 1.0, 1.0, -1.0, 96623.0, 597.0, 99461.0
1.0, 1.0, 3.0, -1.0, 1.0, 0.0, -1.0, 3.0, 0.0, 0.0, 2.0, 1.0, 1.0, 2.0, 1.0, -1.0, 0.0, 2.0, 0.0, -1.0, 3.0, 0.0, 2.0, 0.0, 2.0, 1.0, 2.0, 2.0, -1.0, 2.0, 1.0, 0.0, -1.0, 3.0, 3.0, 2.0, 1.0, 3.0, -1.0, 2.0, -1.0, 2.0, 0.0, 3.0, 0.0, -1.0, 1.0, 0.0, 1.0, 0.0, 96699.0, 562.0, 99484.0
2.0, -1.0, -1.0, 0.0, 0.0, -1.0, 2.0, 1.0, 0.0, -1.0, 2.0, 0.0, -1.0, 1.0, 0.0, 3.0, 3.0, 2.0, -1.0, 2.0, 2.0, 1.0, 1.0, 3.0, 2.0, -1.0, 0.0, 0.0, 2.0, -1.0, 2.0, 1.0, 3.0, 2.0, 1.0, 1.0, -1.0, 1.0, -1.0, 3.0, -1.0, -1.0, 1.0, 2.0, 2.0, 3.0, 0.0, -1.0, 1.0, 1.0, 96967.0, 511.0, 99531.0
0.0, 2.0, -1.0, 2.0, -1.0, 2.0, 1.0, 3.0, 1.0, 2.0, -1.0, 1.0, 1.0, 2.0, 2.0, 2.0, -1.0, -1.0, 0.0, 2.0, 1.0, -1.0, 1.0, 3.0, 2.0, 3.0, 2.0, 0.0, -1.0, 0.0, 3.0, 0.0, 0.0, 3.0, 0.0, 1.0, 3.0, 2.0, 0.0, 3.0, 1.0, 1.0, 3.0, 0.0, 1.0, 0.0, 0.0, 3.0, 0.0, 0.0, 96493.0, 606.0, 99461.0
-1.0, 2.0, 0.0, 0.0, 0.0, 3.0, 2.0, 2.0, 2.0, 0.0, 1.0, 0.0, 3.0, 3.0, 1.0, -1.0, -1.0, 0.0, 2.0, 1.0, 2.0, 2.0, 3.0, 0.0, 2.0, -1.0, 0.0, 2.0, 1.0, 1.0, 1.0, 2.0, 0.0, 3.0, 1.0, 2.0, 3.0, 0.0, -1.0, 1.0, -1.0, 3.0, 3.0, 3.0, 1.0, -1.0, 2.0, 1.0, 1.0, -1.0, 96706.0, 593.0, 99461.0
2.0, -1.0, -1.0, 2.0, 0.0, -1.0, 1.0, 1.0, 0.0, -1.0, 2.0, 0.0, -1.0, 0.0, 0.0, 3.0, 3.0, 2.0, -1.0, 2.0, 2.0, 1.0, 1.0, -1.0, 2.0, -1.0, 0.0, 0.0, 2.0, -1.0, 2.0, 1.0, 3.0, 2.0, 1.0, 1.0, -1.0, 1.0, -1.0, 3.0, -1.0, -1.0, 1.0, 2.0, 2.0, 3.0, 0.0, -1.0, 1.0, 1.0, 96969.0, 495.0, 99544.0
2.0, -1.0, -1.0, 2.0, 0.0, -1.0, 1.0, 1.0, 0.0, -1.0, 2.0, 0.0, -1.0, 0.0, 0.0, 3.0, 3.0, 2.0, -1.0, 2.0, 2.0, 1.0, 1.0, -1.0, 2.0, -1.0, 0.0, 0.0, 2.0, -1.0, 2.0, 1.0, 3.0, 2.0, 1.0, 1.0, -1.0, 1.0, -1.0, 3.0, -1.0, -1.0, 1.0, 2.0, 2.0, 3.0, 0.0, -1.0, 1.0, 1.0, 96969.0, 495.0, 99544.0
-1.0, 2.0, 0.0, 0.0, 0.0, 3.0, 2.0, 2.0, 2.0, 0.0, 1.0, 0.0, 3.0, 3.0, 1.0, -1.0, -1.0, 0.0, 2.0, 1.0, 2.0, 2.0, 3.0, 0.0, 2.0, -1.0, 0.0, 2.0, 1.0, 1.0, 1.0, 2.0, 0.0, 3.0, 1.0, 2.0, 3.0, 0.0, -1.0, 1.0, -1.0, 3.0, 3.0, 3.0, 1.0, -1.0, 2.0, 1.0, 1.0, -1.0, 96706.0, 593.0, 99461.0
-1.0, 2.0, 0.0, 0.0, 0.0, 3.0, 2.0, 2.0, 2.0, 0.0, 1.0, 0.0, 3.0, 3.0, 1.0, -1.0, -1.0, 0.0, 2.0, 1.0, 2.0, 2.0, 3.0, 0.0, 2.0, -1.0, 0.0, 2.0, 1.0, 1.0, 1.0, 2.0, 0.0, 3.0, 1.0, 2.0, 3.0, 0.0, -1.0, 1.0, -1.0, 3.0, 3.0, 3.0, 1.0, -1.0, 2.0, 1.0, 1.0, -1.0, 96706.0, 593.0, 99461.0
-1.0, 2.0, 0.0, 0.0, 0.0, 3.0, 2.0, 2.0, 2.0, 0.0, 1.0, 0.0, 3.0, 3.0, 1.0, -1.0, -1.0, 0.0, 2.0, 1.0, 2.0, 2.0, 3.0, 0.0, 2.0, -1.0, 0.0, 2.0, 1.0, 1.0, 1.0, 2.0, 0.0, 3.0, 1.0, 2.0, 3.0, 0.0, -1.0, 1.0, -1.0, 3.0, 3.0, 3.0, 1.0, -1.0, 2.0, 1.0, 1.0, -1.0, 96706.0, 593.0, 99461.0
-1.0, 2.0, 0.0, 0.0, 0.0, 3.0, 2.0, 2.0, 2.0, 0.0, 1.0, 0.0, 3.0, 3.0, 1.0, -1.0, -1.0, 0.0, 2.0, 1.0, 2.0, 2.0, 3.0, 0.0, 2.0, -1.0, 0.0, 2.0, 1.0, 1.0, 1.0, 2.0, 0.0, 3.0, 1.0, 2.0, 3.0, 0.0, -1.0, 1.0, -1.0, 3.0, 3.0, 3.0, 1.0, -1.0, 2.0, 1.0, 1.0, -1.0, 96706.0, 593.0, 99461.0
-1.0, 2.0, 0.0, 0.0, 0.0, 3.0, 2.0, 2.0, 2.0, 0.0, 1.0, 0.0, 3.0, 3.0, 1.0, -1.0, 0.0, -1.0, 2.0, 1.0, 2.0, 2.0, 2.0, 0.0, 2.0, -1.0, 0.0, 2.0, 1.0, 1.0, 1.0, 2.0, 0.0, 3.0, 1.0, 2.0, 3.0, 0.0, -1.0, 1.0, -1.0, 3.0, 3.0, 2.0, 1.0, -1.0, 2.0, 1.0, 1.0, -1.0, 96623.0, 597.0, 99461.0
-1.0, 2.0, 0.0, 0.0, 0.0, 3.0, 2.0, 2.0, 2.0, 0.0, 1.0, 0.0, 3.0, 3.0, 1.0, -1.0, 0.0, -1.0, 2.0, 1.0, 2.0, 2.0, 2.0, 0.0, 2.0, -1.0, 0.0, 2.0, 1.0, 1.0, 1.0, 2.0, 0.0, 3.0, 1.0, 2.0, 3.0, 0.0, -1.0, 1.0, -1.0, 3.0, 3.0, 2.0, 1.0, -1.0, 2.0, 1.0, 1.0, -1.0, 96623.0, 597.0, 99461.0
-1.0, 2.0, 0.0, 0.0, 0.0, 3.0, 2.0, 2.0, 2.0, 0.0, 1.0, 0.0, 3.0, 3.0, 1.0, -1.0, 0.0, -1.0, 2.0, 1.0, 2.0, 2.0, 2.0, 0.0, 2.0, -1.0, 0.0, 2.0, 1.0, 1.0, 1.0, 2.0, 0.0, 3.0, 1.0, 2.0, 3.0, 0.0, -1.0, 1.0, -1.0, 3.0, 3.0, 2.0, 1.0, -1.0, 2.0, 1.0, 1.0, -1.0, 96623.0, 597.0, 99461.0
-1.0, 2.0, 0.0, 0.0, 0.0, 3.0, 2.0, 2.0, 2.0, 0.0, 1.0, 0.0, 3.0, 3.0, 1.0, -1.0, 0.0, -1.0, 2.0, 1.0, 2.0, 2.0, 2.0, 0.0, 2.0, -1.0, 0.0, 2.0, 1.0, 1.0, 1.0, 2.0, 0.0, 3.0, 1.0, 2.0, 3.0, 0.0, -1.0, 1.0, -1.0, 3.0, 3.0, 2.0, 1.0, -1.0, 2.0, 1.0, 1.0, -1.0, 96623.0, 597.0, 99461.0
-1.0, 2.0, 0.0, 0.0, 0.0, 3.0, 2.0, 2.0, 2.0, 0.0, 1.0, 0.0, 3.0, 3.0, 1.0, -1.0, 0.0, -1.0, 2.0, 1.0, 2.0, 2.0, 2.0, 0.0, 2.0, -1.0, 0.0, 2.0, 1.0, 1.0, 1.0, 2.0, 0.0, 3.0, 1.0, 2.0, 3.0, 0.0, -1.0, 1.0, -1.0, 3.0, 3.0, 2.0, 1.0, -1.0, 2.0, 1.0, 1.0, -1.0, 96623.0, 597.0, 99461.0
1.0, 0.0, 2.0, 0.0, 0.0, 1.0, 2.0, 2.0, 1.0, 0.0, 0.0, 0.0, 1.0, 1.0, 0.0, 0.0, 1.0, 1.0, 0.0, 0.0, 0.0, 0.0, 1.0, 2.0, 2.0, 1.0, 1.0, 0.0, 0.0, 0.0, 1.0, 0.0, 1.0, 0.0, 2.0, -1.0, 0.0, 0.0, 1.0, 1.0, 1.0, 2.0, 0.0, 0.0, 1.0, 2.0, 0.0, 1.0, 0.0, 1.0, 95358.0, 694.0, 99389.0
1.0, 0.0, 2.0, 0.0, 0.0, 1.0, 2.0, 2.0, 1.0, 0.0, 0.0, 0.0, 1.0, 1.0, 0.0, 0.0, 1.0, 1.0, 0.0, 0.0, 0.0, 0.0, 1.0, 2.0, 2.0, 1.0, 1.0, 0.0, 0.0, 0.0, 1.0, 0.0, 1.0, 0.0, 2.0, -1.0, 0.0, 0.0, 1.0, 1.0, 1.0, 2.0, 0.0, 0.0, 1.0, 2.0, 0.0, 1.0, 0.0, 1.0, 95358.0, 694.0, 99389.0
1.0, 0.0, 2.0, 0.0, 0.0, 1.0, 2.0, 2.0, 1.0, 0.0, 0.0, 0.0, 1.0, 1.0, 0.0, 0.0, 1.0, 1.0, 0.0, 0.0, 0.0, 0.0, 1.0, 2.0, 2.0, 1.0, 1.0, 0.0, 0.0, 0.0, 1.0, 0.0, 1.0, 0.0, 2.0, -1.0, 0.0, 0.0, 1.0, 1.0, 1.0, 2.0, 0.0, 0.0, 1.0, 2.0, 0.0, 1.0, 0.0, 1.0, 95358.0, 694.0, 99389.0
2.0, -1.0, 0.0, 2.0, -1.0, 0.0, 2.0, 1.0, 1.0, 1.0, -1.0, -1.0, -1.0, 0.0, 3.0, 2.0, 3.0, 2.0, -1.0, 0.0, 0.0, 3.0, 0.0, 3.0, -1.0, 1.0, 1.0, -1.0, 2.0, 0.0, -1.0, -1.0, 1.0, 1.0, 1.0, 0.0, -1.0, 0.0, 1.0, 3.0, 0.0, 1.0, 0.0, 3.0, -1.0, -1.0, 3.0, 1.0, -1.0, 2.0, 97029.0, 503.0, 99541.0
2.0, -1.0, -1.0, 0.0, 0.0, -1.0, 2.0, 1.0, 0.0, -1.0, 2.0, 0.0, -1.0, 1.0, 0.0, 3.0, 3.0, 2.0, -1.0, 2.0, 2.0, 1.0, 1.0, 3.0, 2.0, -1.0, 0.0, 0.0, 2.0, -1.0, 2.0, 1.0, 3.0, 2.0, 1.0, 1.0, -1.0, 1.0, -1.0, 3.0, -1.0, -1.0, 1.0, 2.0, 2.0, 3.0, 0.0, -1.0, 1.0, 1.0, 96967.0, 511.0, 99531.0
