2.71587249223, 1.40273982622, 1.0, 2.0, 2.0, 0.38462396098, 2.0, 0.195151313863, 1.0, 1.0, 1.15376786602, 1.9009869431, 3.0, 0.0, 1.0, 0.0962275656626, 0.713025700571, 0.0, -0.259858058294, 1.0, 0.0, -1.0, 0.230818702982, 3.0, 1.9491612052, 0.460922193338, 2.0, -1.0, 2.0, 1.2010355405, 2.65627690997, 2.0, 3.0, 3.0, 3.0, 2.0, 1.0, 2.97384160328, 3.0, 1.83990488297, 0.198827635514, 0.0, 0.784803743813, -1.0, 2.0, 2.0, 2.40375239008, 2.33566817948, 1.49764186342, -1.0, 96577.0, 675.0, 99357.0
0.0, -0.0734736000828, -0.112955136996, -0.18047124265, -1.0, -1.0, 1.0, 1.0, -0.26968308962, 1.0, -1.0, -1.0, 0.0, 0.0, -0.730310224255, 0.962155445521, 2.17320925339, 3.0, -0.648807087443, 1.93642721059, -1.0, -1.0, 2.93598848117, -0.181592449234, 0.534457439232, 1.20660396821, 0.822276269112, 2.13835379052, 0.0, 0.0, 0.925861493411, 0.389124829651, 0.0, 2.9043672392, -1.0, -0.210841094399, 2.0, -0.177728350134, 0.0, 1.0, 2.0, 1.44601833462, 3.0, 3.0, 0.0160201470262, 2.0, 1.0, -1.0, 0.0, 1.54104715198, 96558.0, 570.0, 99445.0
0.0, -1.0, 1.0, 2.0, 2.0, 0.0, 2.0, 1.0, 1.0, 1.0, 1.15376786602, 1.9009869431, 3.0, 0.0, 1.0, 0.0962275656626, 1.0, 0.0, -0.259858058294, 1.0, 0.0, -1.0, 2.0, 3.0, 3.0, 0.0, 2.0, -0.153976346775, 2.0, 1.2010355405, 3.0, 0.979635087545, 3.0, 3.0, 3.0, 2.0, 1.0, 2.14134514726, 3.0, 0.0, 1.6249356847, 0.0, 1.0, -1.0, 2.0, 2.0, 2.0, 2.33566817948, 3.0, -1.0, 96556.0, 671.0, 99364.0
2.0, 1.73405768288, 2.0, 1.0, -1.0, 0.0, 2.0, 0.0, -0.669828486012, 2.0, -1.0, 1.0, 1.0, 1.0, -0.94671636878, 2.0, 2.0, 1.21128548994, 0.841498217166, -1.0, -1.0, -1.0, -1.0, -1.0, -1.0, -1.0, 1.0, 0.821716786765, -0.509343990011, 2.0215919088, 1.0, -1.0, 2.0, 1.0, 0.0, 1.0, 0.0600496886219, 3.0, -1.0, 0.0, 2.77133926973, 1.0, -1.0, 2.0, 2.0, 3.0, 2.0, -0.288908513972, -1.0, 0.238498893527, 97173.0, 480.0, 99502.0
1.46437176845, 1.04288344165, 1.88849196091, -0.503713308006, -0.927971624528, -1.0, 1.37649558763, 1.43871470549, -1.0, 1.6988791278, -1.0, 1.0, 1.0, 1.16912737757, 0.0, 2.0, -0.515357011616, 0.0, -1.0, -1.0, -1.0, -1.0, -1.0, -1.0, -0.890874559158, 0.0, 2.46830979729, 0.0, -0.904396621055, 0.0, 2.34129970242, -1.0, 0.00114589627435, 1.0, -0.766673374812, 1.0, 2.07733662991, 3.0, -1.0, 0.0, 2.0, 2.0, -1.0, 2.76564700277, 2.0, 2.99892221958, 2.0, 1.0, -0.759137748469, 0.0, 97322.0, 431.0, 99550.0
-0.0805716030816, 2.06932955727, 0.0, -1.0, -1.0, -0.665735553733, 0.0, 2.21527139842, -1.0, -0.646494819069, -1.0, 2.2305550085, 1.54428638304, 2.9965697168, -0.8548662747, 1.35873284311, 3.0, 1.18795363755, -1.0, 0.44038767009, -1.0, 2.59126003226, 3.0, 1.0, 1.0, 2.0, -0.805841974803, -1.0, 3.0, 0.0882019833897, 3.0, 1.87781639911, 1.97757676658, 2.0, -0.157997123264, 0.0194493483076, 2.0, 1.0, 2.89771112362, 1.0, 2.0, -0.258209124417, 0.913873787274, -0.479582734973, 3.0, 1.0, -0.148153321351, -0.66429210946, 0.671714826375, -1.0, 97091.0, 520.0, 99478.0
-0.0805716030816, 0.644598443543, 0.0, -1.0, -1.0, -0.468523799055, 1.37649558763, 2.21527139842, -1.0, 0.58234590533, -1.0, 1.0, 0.391820082633, 1.43543444619, -0.799399286137, 1.35873284311, 3.0, 2.0, -1.0, 0.875413069551, -1.0, 2.59126003226, 3.0, -0.865463514287, 1.0, 2.0, 0.0, -1.0, 3.0, -0.389525070843, 3.0, 1.0, 2.57702694764, 2.0, 0.0, 1.0, 2.12817864084, 1.0, 0.837702832799, 1.0, 1.94421053087, -0.258209124417, 1.31961023277, -0.859477602686, 3.0, 1.0, -0.148153321351, 0.532746308213, 3.0, -1.0, 96836.0, 558.0, 99428.0
2.0, 1.04288344165, 2.0, 1.0, -1.0, 0.0, 2.0, 0.0, -0.669828486012, 2.0, -1.0, 1.0, 1.0, 1.0, -0.94671636878, 0.719954262021, 2.0, 1.21128548994, 0.841498217166, -1.0, -1.0, -1.0, -1.0, -1.0, -1.0, -1.0, 1.0, 0.821716786765, -0.509343990011, 2.0215919088, 1.0, -1.0, 2.0, 1.0, -0.73275339643, 1.0, 0.0600496886219, 3.0, -1.0, 0.0, 2.77133926973, 1.0, -1.0, 2.0, 2.0, 3.0, 2.0, 0.865622728317, -1.0, 0.238498893527, 97274.0, 464.0, 99515.0
2.0, 2.45388138149, 2.0, 0.978467374689, -1.0, -0.760519455541, 2.0, 2.11447182022, -0.840440427169, 1.69271406073, -0.0855881237982, 1.42119068448, -0.755340026422, 1.0, -0.994172851434, 1.14731621504, -1.0, -0.443538089261, -1.0, 3.0, -1.0, -1.0, -1.0, -1.0, -1.0, 0.0, 1.0, 0.524032494298, -0.916001212422, -0.182483478262, 0.141282990494, 1.0, 0.682690044608, -0.545586427068, 0.0, 2.26218208304, 0.0600496886219, 1.16359619223, 0.642618884348, -0.187519355355, 3.0, 1.0, -1.0, 2.12290472626, 2.69601772295, 3.0, 2.66258036907, 2.0, -1.0, 0.259429127783, 97057.0, 486.0, 99498.0
2.0, 3.0, 2.0, 1.86574360813, -1.0, 0.0, 1.0, 0.0, -0.26968308962, 2.0, -1.0, 2.53589362497, -0.528052935846, 1.0, -0.94671636878, 1.14731621504, -1.0, 0.0, -1.0, -1.0, -1.0, -1.0, -1.0, -1.0, -1.0, -0.321107492508, 1.0, 0.0, -0.509343990011, 1.54503662963, 0.141282990494, -1.0, 2.0, -0.924713001635, 0.0, 1.42169729958, 0.0600496886219, 3.0, 0.642618884348, -0.147178088811, 3.0, 1.0, -1.0, 2.0, 0.570107209529, 3.0, 1.90612083972, 2.0, -1.0, 0.259429127783, 97120.0, 467.0, 99524.0
-0.0805716030816, 2.06932955727, 2.51268674364, -1.0, -1.0, -0.665735553733, 0.0, 2.21527139842, 1.96095852196, 0.0, -1.0, 2.2305550085, 1.0, 2.9965697168, -0.8548662747, 2.0, 3.0, 2.0, -1.0, 0.44038767009, -1.0, 2.59126003226, 3.0, 1.0, 1.84959709471, 2.0, 0.0, -1.0, 0.0, 1.0, 3.0, 1.0, 1.97757676658, 2.0, -0.456901679736, 0.0194493483076, 2.0, 1.0, 2.89771112362, 1.0, 2.0, -0.258209124417, 0.913873787274, -0.479582734973, 3.0, 1.0, -0.148153321351, 0.28480677975, 0.671714826375, -1.0, 96639.0, 588.0, 99416.0
1.00847865575, 3.0, 2.0, 1.0, 0.573076163737, 0.0, 1.37649558763, 3.0, 0.0, 2.0, -1.0, 0.933292946465, -0.372611814687, -0.33614775953, -0.535981446093, 2.0, -0.515357011616, -0.21629557185, -0.992491522929, -1.0, -1.0, -1.0, -1.0, -1.0, -1.0, 0.0, 1.0, 0.0, 0.0, 0.0, 1.0, -1.0, -0.458341566829, 1.0, -0.107673106048, 0.458150961591, 0.0, 3.0, -1.0, 0.172994230646, 3.0, 0.387375946699, -0.740976739832, 2.0, 2.0, 3.0, 2.0, 2.89440624452, 0.547016496428, 0.0, 96756.0, 527.0, 99477.0
-0.0805716030816, 0.644598443543, 1.22302681295, -1.0, -1.0, 0.596034513316, 1.37649558763, 2.21527139842, -1.0, 0.58234590533, -1.0, 1.0, 0.0, 1.43543444619, -0.799399286137, 0.373439514863, 3.0, 2.0, -1.0, 0.875413069551, -1.0, 2.59126003226, 3.0, -0.865463514287, 1.0, 2.0, 0.0, -1.0, 3.0, -0.389525070843, 0.721833419229, 1.0, 0.767628143868, 2.0, 0.0, 1.0, -0.0774191654622, 1.0, 0.837702832799, 1.0, 1.94421053087, -0.258209124417, 1.31961023277, -0.0175865861577, 3.0, 1.0, -0.148153321351, 0.557490867696, 3.0, -1.0, 96627.0, 573.0, 99420.0
-0.19202255484, 2.62276012453, -0.0691893042284, 0.0, -1.0, -1.0, 0.949768470081, 0.0306143931029, 3.0, 1.0, -1.0, -1.0, 0.345930652239, 0.0, -1.0, 0.962155445521, 2.66890409724, 3.0, 0.864472992806, 2.0, -0.531925883261, 0.0, 2.0, 0.080812245042, 1.0, 1.20660396821, 0.0, 0.232924804601, 0.822110580647, 0.0, 1.09779780457, -0.0561552175379, 1.60738914463, 3.0, 1.83509315772, -0.110636043505, 2.0, 1.0, 0.0, 1.0, 2.0, 1.0, 3.0, 2.68532695728, 0.0160201470262, 2.0, 1.4925993868, 0.555450345389, 0.0, 1.95774642491, 96255.0, 641.0, 99391.0
2.8843448597, 2.45388138149, 2.0, 0.978467374689, -1.0, 0.0, 2.0, 0.0, -0.840440427169, 0.364442383157, -1.0, 1.42119068448, -0.755340026422, 1.0, -0.94671636878, 1.14731621504, -1.0, -0.443538089261, -1.0, 3.0, -1.0, -1.0, -1.0, -1.0, -1.0, -1.0, 1.0, 0.969788579416, -0.509343990011, -0.182483478262, 0.141282990494, 1.0, 0.682690044608, -0.545586427068, 0.0, 1.61796424996, 0.0600496886219, 3.0, 0.642618884348, -0.187519355355, 3.0, 1.0, -1.0, 2.12290472626, 2.69601772295, 2.00519541965, 2.66258036907, 2.0, -1.0, 0.259429127783, 97157.0, 469.0, 99513.0
1.46437176845, 1.04288344165, 1.88849196091, -0.503713308006, -0.927971624528, -1.0, 1.37649558763, 1.43871470549, -1.0, 1.6988791278, -1.0, 1.0, 1.0, 1.16912737757, 0.0, 2.0, -0.515357011616, -0.400595780681, -1.0, -1.0, -1.0, -1.0, -1.0, -0.0183507106513, -0.890874559158, 0.0, 2.46830979729, 0.0, -0.904396621055, 0.0, 2.34129970242, -1.0, 0.00114589627435, 1.0, -0.766673374812, 1.0, 2.07733662991, 3.0, -1.0, 0.0, 2.0, 2.0, -1.0, 2.76564700277, 2.39007057829, 2.99892221958, 2.0, 1.0, -0.759137748469, 0.0, 97158.0, 447.0, 99537.0
1.00847865575, 3.0, 2.0, 1.61734867519, 0.573076163737, -0.821921290094, 1.37649558763, 3.0, 0.0, 2.0, -1.0, 0.933292946465, -0.372611814687, 1.0, -0.535981446093, 1.5153121028, -0.515357011616, -0.313145045653, -0.896886723893, -1.0, -1.0, -1.0, 3.0, -1.0, -1.0, 0.0, 1.0, 0.0, -0.506947349157, 0.0, 1.0, -1.0, -0.458341566829, 1.0, -0.107673106048, 0.807205557225, 0.0, 1.87336922374, -1.0, 1.42212564889, 3.0, 0.387375946699, -0.740976739832, 2.0, 2.47829574663, 2.34295972178, 2.0, 0.508500094093, -1.0, -0.665601954406, 96993.0, 476.0, 99511.0
2.71587249223, 1.40273982622, 0.911951727486, 0.43112526073, 2.0, 0.38462396098, -0.362248080755, 0.195151313863, 1.0, 1.0, 1.15376786602, 1.9009869431, 3.0, 0.0, 1.0, 2.07287762062, 0.713025700571, 0.0, 1.29224298699, 1.0, -0.244343356672, 0.0, 0.230818702982, 3.0, 1.9491612052, 0.946752874811, 0.761414547264, 1.24411641602, 2.0, 1.2010355405, 1.37437328485, 2.0, 3.0, 1.29315999781, 3.0, 2.0, 1.0, 2.97384160328, 3.0, 1.83990488297, 2.29635702185, 0.0, 0.784803743813, -1.0, 2.32403887336, 1.35950598716, 2.40375239008, 2.33566817948, 0.169688610871, -1.0, 96274.0, 707.0, 99340.0
0.0, 2.0, 1.01986692361, -1.0, -1.0, 2.0, 0.0, 3.0, -0.914681660268, 0.0, -1.0, 1.0, 0.0, 2.06911547705, 0.0, 1.0, 1.0, 2.55555664565, -0.648807087443, 3.0, -1.0, -0.607009732634, 3.0, 1.81512616871, 0.87933275857, 0.792447370745, -0.724231007272, -1.0, 2.0, 0.268767639444, 3.0, 0.791797270736, 0.695704730479, 2.07636433437, 0.0, 0.16041562425, 2.0, 1.24078841796, 3.0, 1.0, 2.0, 2.55584939315, -0.503102982796, 0.583106785098, 1.01489990773, -0.384976562155, -0.525960298149, 2.33566817948, 1.65255732235, -1.0, 97049.0, 532.0, 99461.0
0.0, 2.0, 0.0, -1.0, -1.0, 2.0, 0.0, 1.23883743364, -1.0, 0.0, -1.0, 1.99978402321, 1.0, 3.0, 0.0, 1.0, 3.0, -0.0822798883736, -1.0, 3.0, -0.57615307705, 2.0, 3.0, 1.0, 1.0, 2.0, 0.0, -1.0, 3.0, 1.0, 1.0, 1.0, -0.0621677082972, 0.0, -0.18432152477, 1.0, 2.80213432637, 1.0, 3.0, 1.0, 2.0, 2.00928719817, 1.0, 0.0, 1.17553514944, -0.384976562155, -0.338361479184, 2.0, 3.0, -1.0, 96502.0, 605.0, 99404.0
1.26132007391, 1.31664246533, 0.0, -1.0, -1.0, -0.468523799055, 1.37649558763, 2.21527139842, -1.0, 0.58234590533, -1.0, 1.0, 0.391820082633, 1.43543444619, -0.799399286137, 1.35873284311, 3.0, 2.0, -1.0, 0.875413069551, -1.0, 2.59126003226, 3.0, -0.865463514287, 1.0, 2.0, 0.0, 1.92047119856, 3.0, -0.389525070843, 3.0, 1.38156412991, 2.57702694764, 2.0, 0.0, 1.0, 2.13525942199, 2.9459452182, 0.837702832799, 1.0, 1.94421053087, -0.687554436859, 1.31961023277, -0.859477602686, 3.0, 1.0, -0.148153321351, 0.532746308213, 3.0, -1.0, 96954.0, 557.0, 99433.0
0.0, 0.644598443543, 0.0, -1.0, -1.0, 1.67354311227, 0.0, 3.0, -1.0, 0.0, -1.0, 1.0, 1.0, 3.0, 0.0, 1.0, 3.0, 2.12650299996, -0.224666483465, 3.0, 2.0, -1.0, 3.0, 1.0, 0.53328337534, 0.40000841881, -0.0953110507946, -0.348178935437, -1.0, 2.29103999173, 2.31280743687, 2.29258158155, 3.0, 2.0, 0.0, 2.6963269011, 2.99893092121, 1.0, 3.0, 1.0, 2.0, 2.0, 1.73305510129, 0.0, 3.0, 3.0, 0.0, 1.43471145761, 3.0, -1.0, 96770.0, 619.0, 99388.0
2.71587249223, 1.40273982622, 1.0, 2.0, 2.0, 0.474704571555, 2.07263256699, 0.195151313863, 1.0, 1.0, 1.15376786602, 0.258847380287, 2.18239401102, -0.487514281049, 1.0, 0.00697458036938, 0.630372462333, 0.0, -0.259858058294, 1.0, 0.979961525317, -1.0, 0.230818702982, 1.77669475157, 2.46515273999, 0.460922193338, 0.592430080907, 0.244187424031, 1.89099471319, 1.2010355405, 2.79195985072, 2.0, 3.0, 3.0, 3.0, 2.0, 1.0, 2.99282624811, 3.0, 1.83990488297, 0.198827635514, 0.0, 0.894795794764, -1.0, 2.76767880779, 1.681623004, -0.0789750411965, 2.97439843925, 0.124616832991, -1.0, 96374.0, 689.0, 99349.0
1.95904956957, 3.0, 1.0, 2.0, 1.55691360177, 2.0, 2.0, 1.0, -1.0, -0.306202411527, 0.345435412908, -0.68568541708, 2.33233684167, 1.16912737757, -1.0, -0.0534852456153, -1.0, -0.324063512225, -1.0, 0.366071432909, 2.0, 1.0, -1.0, 0.0, -1.0, 3.0, -1.0, 0.0, -1.0, 3.0, 2.42242868402, 0.0, -0.718071890176, -0.493834686093, 0.0, 0.450440007652, 1.0, 1.0, 1.89354458549, 2.1930838606, 2.0, 0.0, 1.06842103512, 2.0, 0.335231958844, 2.0, -0.257189231692, 0.216766681385, 0.398880685018, -1.0, 96476.0, 565.0, 99447.0
2.0, 3.0, 2.0, 1.3137078121, -1.0, 0.0, 1.0, 0.0, -0.26968308962, 2.0, -1.0, 2.53589362497, -0.528052935846, 1.0, -0.94671636878, -0.520616385448, -0.745565954426, 0.0, -1.0, -1.0, -1.0, -1.0, -1.0, -1.0, -0.539691082498, -0.321107492508, 1.0, 0.0, -0.509343990011, 1.54503662963, 0.141282990494, -1.0, 2.0, -0.924713001635, 0.0, 1.45663106398, 0.0600496886219, 3.0, 0.642618884348, -0.147178088811, 3.0, 1.0, -1.0, 2.0, 0.570107209529, 3.0, 1.90612083972, 2.0, -1.0, 0.259429127783, 97177.0, 454.0, 99534.0
2.0, 3.0, 1.41487969659, -0.611321500348, -0.94054865826, 0.0, 1.39795006142, 0.588163553546, -0.347959221336, 0.276948112296, -1.0, 1.0, 2.17182877527, 1.22214488113, 2.97653774835, 1.35873284311, -0.913769197792, 0.0, -1.0, -1.0, -1.0, -1.0, -1.0, -1.0, -1.0, 0.0, 1.0, 0.0, -1.0, 1.29437252826, 1.0, 2.56613539124, -0.458341566829, 1.0, 1.18697019213, 1.0, 2.0, 3.0, -1.0, 0.0, 3.0, 1.39587021092, -0.87958950316, 1.15371153119, 0.0, 3.0, 2.0, 1.0, -1.0, -0.281978105325, 96942.0, 494.0, 99504.0
0.182807818368, 1.0, 2.0, -1.0, 1.0, 1.56012661231, 0.803792731105, -0.408551338568, -0.240437192321, 1.0, 1.05855723487, 1.0, 1.0, 2.0, -1.0, 3.0, 3.0, 1.0, 1.0, 3.0, 2.0, 2.19776953742, 3.0, -0.0588843241391, -1.0, -0.258783797226, 0.0, 0.0, 0.0, 3.0, 3.0, 2.0, 0.0, 0.0436870044423, 1.0, 2.6475998415, 3.0, 2.0, 3.0, 2.0, 2.0, 3.0, -1.0, 0.0, 0.0, 0.393680528159, 1.2770760458, 0.664377301527, 0.0, 0.523319155286, 96312.0, 677.0, 99356.0
-0.0805716030816, 0.644598443543, 0.0, -1.0, -1.0, 0.596034513316, 1.37649558763, 2.21527139842, -1.0, 0.58234590533, 0.0637117752419, 2.3747040765, 0.391820082633, 1.43543444619, -0.762714850723, 1.35873284311, 0.719085495014, 2.0, -1.0, 0.875413069551, 2.62706655819, 2.68971762605, 3.0, 1.23751398697, 1.0, 2.0, 0.0, 1.75154737095, 3.0, -0.389525070843, 2.39746722216, 1.0, 2.57702694764, 2.0, 1.2238644752, 1.0, 2.0, 1.0, 0.837702832799, 1.0, 1.94421053087, -0.258209124417, 1.31961023277, -0.0175865861577, 3.0, 1.0, -0.148153321351, 0.557490867696, 3.0, -1.0, 96419.0, 640.0, 99374.0
-0.19202255484, 2.09483590342, -0.0691893042284, 0.0, -1.0, -1.0, 1.0, 1.0, 3.0, 1.0, -1.0, 1.0, 0.0, 0.0, -1.0, 0.962155445521, 2.66890409724, 3.0, 0.864472992806, 2.0, -0.911252269817, 0.0, 2.0, 0.080812245042, -1.0, 1.20660396821, 1.0, 0.232924804601, 0.822110580647, 0.0, 0.826170092843, -0.996869198575, 1.60738914463, 3.0, 0.759182650615, -0.210841094399, 2.0, 1.0, 0.0, 1.0, 1.27201123526, -0.880925074392, 3.0, 0.656546164655, 0.0160201470262, 2.14594950614, 1.4925993868, 0.555450345389, 0.316848351709, 1.54104715198, 96302.0, 612.0, 99409.0
3.0, 3.0, -0.960337997052, 2.0, 3.0, 0.898825323213, 2.0, 1.0, -1.0, 1.96624840201, 1.70571381612, -0.0726666719049, 2.0, 1.59191140835, -1.0, 0.394314195418, -1.0, 0.0, -1.0, -1.0, 2.0, -1.0, 1.22144126864, 0.0, -1.0, 3.0, 1.0, 2.18109592354, -1.0, 2.34537716956, 1.0, 0.579618054445, 1.0, 0.0, 0.0, 1.0, 1.0, 1.0, 3.0, -0.163814416123, 2.0, 1.0, -0.503691459161, -0.941050046599, 1.0, 2.23041753466, 2.0, -0.0193352101122, 0.0, -1.0, 96731.0, 540.0, 99453.0
1.46437176845, 0.0, 1.88849196091, 0.431784315316, 1.78433394952, 2.83001173573, 1.37649558763, 1.43871470549, -1.0, 1.6988791278, -1.0, 1.0, -0.122767694453, 1.16912737757, 0.0, 2.0, -0.515357011616, 0.0, -1.0, -1.0, -1.0, -1.0, -1.0, 2.0, -0.890874559158, 0.0, -0.0485944864664, 0.0, -0.904396621055, 0.0, 2.80747839567, -1.0, 0.00114589627435, 1.27304736846, -0.766673374812, 1.0, 2.07733662991, 3.0, -1.0, 0.0, 0.576273834663, 2.0, -1.0, 2.76564700277, 2.0, 2.97993698624, 2.0, 1.0, 1.14057674293, 0.0, 96857.0, 508.0, 99489.0
0.0965618039495, 2.0, 0.540060121694, -1.0, -1.0, 1.95030639975, 0.0, 0.436538179495, -1.0, 1.98802948362, 0.0769926203958, 0.203940274304, 1.83040285642, 1.46839841972, 1.95792147443, -0.121194377717, 2.05031788961, 2.0, -1.0, 3.0, -1.0, 2.20982200134, 2.53284758247, 0.672493556063, 1.0, 0.899655310582, 0.0, 0.138990015361, 3.0, 0.502222580426, 1.0, 1.0, -0.441898677751, -0.817767904539, 0.54119699391, 0.248016874519, -0.0846602155411, 1.0, 3.0, 1.0, 2.0, 2.0, 1.0, 0.0494037787496, 3.0, -0.384976562155, 0.0, 2.76983263906, -0.359223341467, -1.0, 96332.0, 626.0, 99394.0
-0.19202255484, 0.125904531638, -0.0691893042284, 0.0, -1.0, -1.0, 0.949768470081, 0.0306143931029, 3.0, 1.0, -1.0, -1.0, 0.0, 0.0, -1.0, 0.962155445521, 2.66890409724, 3.0, 0.864472992806, 2.0, -0.531925883261, 0.0, 2.0, 0.080812245042, 1.0, 1.20660396821, 2.28521764262, -0.543835616633, 0.822110580647, 0.0, 1.09779780457, -0.0561552175379, 1.60738914463, 3.0, 1.83509315772, -0.110636043505, 2.0, 1.0, 0.0, -0.173287102484, 2.0, 1.0, 3.0, 3.0, 0.0160201470262, 0.433275709732, 1.4925993868, 0.555450345389, 0.0, 1.54104715198, 96274.0, 627.0, 99399.0
2.71587249223, 1.40273982622, 0.911951727486, 2.97669729178, 2.0, 0.38462396098, 2.07475070653, 0.195151313863, 2.30445560859, 1.0, 1.188718918, 1.9009869431, 3.0, 0.0, 2.03661264284, 2.07287762062, 0.713025700571, 0.0, -0.259858058294, 1.0, -0.244343356672, 0.0, 0.230818702982, 3.0, 1.9491612052, 0.946752874811, 2.0, 0.673744577653, 2.0, 1.2010355405, 2.65627690997, 2.0, 3.0, 2.28370855405, 3.0, 2.0, 1.0, 2.97384160328, 3.0, 1.83990488297, 2.29635702185, 0.0, -0.53992690449, -1.0, 2.0, -0.424471357446, 1.85629250972, 2.33566817948, -0.375871908123, -1.0, 96518.0, 688.0, 99352.0
1.00847865575, 3.0, 2.0, 1.0, 0.573076163737, 0.248730980336, 1.37649558763, 3.0, 0.0, 2.0, -1.0, 0.933292946465, -0.372611814687, -0.33614775953, -0.535981446093, 2.0, -0.515357011616, -0.21629557185, -0.992491522929, 0.121081445483, -1.0, -1.0, -1.0, -1.0, -1.0, 0.0, 1.0, 0.0, 0.0, 0.0, 1.0, -1.0, -0.458341566829, 1.0, -0.107673106048, 0.458150961591, 0.0, 3.0, -1.0, 0.425468993877, 2.36767916101, 0.387375946699, -0.740976739832, 2.0, 2.0, 3.0, 2.0, 2.89440624452, 0.547016496428, 0.0, 96586.0, 546.0, 99456.0
-0.0805716030816, 2.06932955727, 0.0, -1.0, -1.0, -0.665735553733, 0.0, 2.21527139842, -1.0, 0.0, -1.0, 2.2305550085, 1.0, 2.9965697168, -0.8548662747, -0.101816524356, 3.0, 2.0, -1.0, 0.44038767009, -1.0, -0.359892595354, 3.0, -0.0512815185217, 1.0, 2.0, 0.0, -1.0, 3.0, 1.0, 3.0, 1.0, 1.97757676658, 2.0, 0.690608593421, 0.0194493483076, 2.0, -0.969577998355, 2.89771112362, 1.0, 2.0, -0.258209124417, -0.729210293407, -0.479582734973, 3.0, 1.0, -0.148153321351, 1.00256914992, 0.671714826375, -1.0, 96674.0, 543.0, 99450.0
2.86810429768, -1.0, 2.0, 1.0, -1.0, 0.0, 2.99988920054, 3.0, -0.500493722871, 2.0, 1.15376786602, 0.7417138746, 1.0, 0.0, 0.545364529214, 1.22516092228, 1.92171551934, 0.0, -0.259858058294, -1.0, -1.0, -1.0, -1.0, -0.430483172454, -1.0, -1.0, 1.0, 0.0, 0.0, 0.0, 1.0, -1.0, 1.7036850162, 1.0, -0.828899046268, 1.0, 0.0, 0.164711617295, -1.0, 0.0, 3.0, 2.49729809492, -1.0, 2.53404266531, 2.0, 0.13412202312, 0.371523513844, 2.08936074285, 0.688123508959, 2.04540089971, 96771.0, 529.0, 99476.0
0.0, 2.0, 1.01986692361, -1.0, -1.0, 2.0, 0.0, 3.0, -0.952326424817, 0.0, -1.0, 1.0, 0.0, 2.06911547705, -0.506346593828, 1.0, 1.0, 2.55555664565, -0.648807087443, 3.0, -1.0, -0.607009732634, 3.0, 1.81512616871, 0.87933275857, 2.64897798276, -0.724231007272, -1.0, 2.0, 0.268767639444, 3.0, 0.791797270736, 0.695704730479, 2.07636433437, 0.0, 0.16041562425, 2.0, 1.0, 3.0, 1.0, 2.72325618324, 2.55584939315, -0.503102982796, 0.583106785098, 1.01489990773, -0.384976562155, -0.525960298149, 0.635144647266, 1.65255732235, -1.0, 97119.0, 516.0, 99464.0
1.00847865575, 3.0, 2.0, 1.36818017182, -0.561581033589, 0.0, 1.37649558763, 3.0, 0.0, 1.29005944455, -1.0, 1.0, -0.372611814687, 1.0, -0.728705934396, 2.0, -0.515357011616, -0.21629557185, -0.885839999671, -1.0, -1.0, -1.0, -0.836483487714, -1.0, -1.0, 0.0, 1.0, 0.0, -0.724224963406, 0.0, 1.0, -1.0, 0.130563077252, -0.21452279788, 0.0, 0.807205557225, 0.0, 3.0, -1.0, 0.0, 3.0, 0.387375946699, -1.0, 2.36660048775, 0.429316590625, 3.0, 0.0, 0.508500094093, -1.0, 2.26827141837, 96812.0, 479.0, 99510.0
1.95904956957, 3.0, 1.0, 2.0, 1.55691360177, 2.0, 2.0, 1.0, -1.0, -0.306202411527, 0.345435412908, -0.68568541708, 2.33233684167, 1.16912737757, -1.0, -0.0534852456153, -1.0, -0.384236976695, -1.0, -0.391887405743, 2.0, 2.57711146141, -1.0, 0.0, -1.0, 3.0, 1.85022750456, 0.0, -1.0, 3.0, 2.42242868402, 0.0, -0.718071890176, -0.493834686093, 0.0, 0.450440007652, 1.0, 1.0, 1.89354458549, 2.1930838606, 2.0, 0.0, 1.06842103512, 2.0, 0.346615445733, 3.0, -0.257189231692, 0.216766681385, 0.398880685018, -1.0, 96433.0, 582.0, 99425.0
2.87310558596, 1.40273982622, 0.576597399611, 2.97669729178, 2.0, 0.38462396098, 2.0, 0.195151313863, 2.30445560859, 1.0, 1.188718918, 1.9009869431, 3.0, 0.0, 2.03661264284, 2.07287762062, 0.713025700571, 0.0, -0.259858058294, 1.0, -0.244343356672, 0.0, 0.230818702982, 3.0, 1.9491612052, 0.946752874811, 2.0, 0.673744577653, -0.654953058845, 1.2010355405, 2.65627690997, 2.0, 3.0, 2.28370855405, 3.0, 2.0, 1.0, 2.97384160328, 3.0, -0.0879567725869, 2.29635702185, 0.0, -0.53992690449, -0.146258128636, 2.0, -0.79930868289, 1.85629250972, 2.33566817948, -0.375871908123, -1.0, 96534.0, 669.0, 99366.0
0.0, 2.0, 0.0, -1.0, -0.389340631621, 2.0, 0.0, 2.01597500747, -1.0, 0.0, -1.0, 1.99978402321, 1.0, 3.0, 0.0, 1.0, 3.0, -0.0822798883736, -1.0, 3.0, -0.57615307705, -0.74181771181, 3.0, 1.0, 1.0, 2.0, 0.0, -1.0, 3.0, 1.0, 1.0, 1.0, -0.0621677082972, 0.0, -0.0979705569101, 1.0, 2.80213432637, -0.118301433194, 3.0, 1.0, 2.0, 2.00928719817, 1.0, 0.0, 1.17553514944, -0.384976562155, -1.0, 1.39115644389, 3.0, -1.0, 96589.0, 584.0, 99418.0
1.00847865575, 3.0, 2.0, 1.0, 0.573076163737, -0.821921290094, 1.37649558763, 3.0, 0.0, 2.0, -1.0, 0.933292946465, -0.372611814687, 1.0, -0.535981446093, 2.0, -0.515357011616, -0.313145045653, -0.885839999671, -1.0, -1.0, -1.0, -1.0, -1.0, -1.0, 0.0, 1.0, 0.0, 0.0, 0.0, 1.0, 1.0, -0.458341566829, 1.89052361975, -0.107673106048, 2.49159829349, 0.0, 0.472255854925, -1.0, 0.0, 3.0, 0.387375946699, -0.740976739832, 2.46393191523, 2.0, 2.34295972178, 2.0, 0.508500094093, 3.0, 0.0, 96806.0, 524.0, 99480.0
-0.0805716030816, 0.644598443543, 0.0, -1.0, -1.0, 0.596034513316, 1.37649558763, 2.21527139842, -1.0, 0.58234590533, -1.0, 1.0, 0.391820082633, 1.43543444619, -0.799399286137, 1.35873284311, 3.0, 2.0, -1.0, 0.875413069551, -1.0, 2.59126003226, 3.0, 1.79870647914, 1.0, 2.0, 0.0, -1.0, 3.0, -0.389525070843, 2.39746722216, -1.0, 2.57702694764, 0.495968160976, 1.2238644752, 1.0, 2.0, 1.87336922374, 0.837702832799, 1.0, 1.94421053087, -0.258209124417, 1.31961023277, -0.0175865861577, 3.0, 1.0, -0.80630073475, 0.557490867696, -1.0, -1.0, 96873.0, 543.0, 99448.0
2.0, 3.0, 2.0, 1.0, 0.573076163737, -0.821921290094, 1.37649558763, 3.0, 0.0, 2.0, -1.0, 0.933292946465, -0.372611814687, 1.0, -1.0, 2.0, 0.0832856205927, -0.313145045653, -0.885839999671, -1.0, -1.0, -1.0, 3.0, -1.0, -1.0, 0.0, 1.0, -1.0, 0.0, 0.0, 0.51104480299, -1.0, -0.458341566829, 1.0, 0.0, 1.23821779743, 0.0, 1.87336922374, -1.0, 1.42212564889, 3.0, 2.75192578808, -0.107933506417, 2.0, 2.47829574663, 1.89393618919, 2.0, 0.508500094093, -1.0, -0.665601954406, 96996.0, 513.0, 99483.0
2.0, 3.0, 0.982406633175, 0.395704831112, -1.0, 0.0, -0.40994403891, 0.0, -0.974978285929, 2.0, -1.0, 1.0, 1.0, 1.0, -0.94671636878, 2.0, 2.0, 1.55109022281, -1.0, -1.0, -1.0, -1.0, -1.0, -1.0, -1.0, -1.0, 1.0, 0.0, -0.509343990011, -0.905207389534, 1.0, -1.0, 2.0, 1.0, 0.0, 2.90841164509, 0.0600496886219, 3.0, -1.0, 0.0, 3.0, 1.0, -1.0, 2.0, 2.0, 3.0, 1.4925993868, -0.288908513972, -1.0, 0.238498893527, 97281.0, 450.0, 99532.0
-0.0805716030816, 2.06932955727, 0.0, -1.0, -1.0, -0.665735553733, 0.0, 2.21527139842, -1.0, 0.0, -1.0, 2.2305550085, 1.0, 2.9965697168, -0.923026830853, -0.101816524356, 3.0, 2.0, -1.0, 0.44038767009, -1.0, -0.158525884439, 3.0, -0.0512815185217, 1.0, 2.0, 0.0, -1.0, 3.0, 1.87646324679, 3.0, 1.0, 1.97757676658, 2.0, 0.690608593421, 0.0194493483076, 2.0, 1.0, 2.89771112362, 1.0, 2.0, -0.546101025088, 0.913873787274, -0.479582734973, 3.0, 1.0, -0.148153321351, -0.66429210946, 0.547016496428, -1.0, 96810.0, 539.0, 99452.0
-0.0805716030816, 0.644598443543, 1.22302681295, -1.0, -1.0, 0.596034513316, 1.37649558763, 2.21527139842, -1.0, 0.58234590533, -1.0, 1.0, 0.0, 1.43543444619, -0.799399286137, 0.373439514863, 3.0, 2.0, -1.0, 0.875413069551, -0.704710352205, 0.0, 3.0, -0.865463514287, 1.36171668569, 2.0, 0.0, -1.0, 3.0, 0.0, 0.721833419229, -0.597133270958, 0.767628143868, 2.0, 0.0, 1.0, -0.0774191654622, 1.0, 0.377224271017, 1.0, 1.94421053087, -0.258209124417, 1.31961023277, -0.0175865861577, 3.0, 1.0, -0.148153321351, 0.557490867696, 3.0, -1.0, 96602.0, 559.0, 99432.0
-0.0805716030816, 0.644598443543, 0.0, -1.0, 1.01135328081, 0.596034513316, 1.37649558763, 2.21527139842, -1.0, 0.58234590533, -1.0, 1.0, 0.391820082633, 1.43543444619, -0.799399286137, 1.35873284311, 3.0, 2.0, 1.55614231637, 0.875413069551, -1.0, 2.59126003226, 3.0, 1.23751398697, 1.0, 2.68639144097, 0.0, -1.0, 3.0, -0.389525070843, 2.39746722216, 0.234337648595, 2.57702694764, 2.0, 0.679942253382, 1.0, 2.37061332433, 1.0, 0.837702832799, 1.0, 1.94421053087, -0.258209124417, 1.31961023277, -0.0175865861577, 3.0, 1.0, -0.148153321351, 0.557490867696, 3.0, -1.0, 96531.0, 624.0, 99383.0
1.46437176845, 1.04288344165, 1.88849196091, -0.503713308006, -0.927971624528, -1.0, 1.37649558763, 1.43871470549, -1.0, 1.6988791278, -1.0, 1.0, 1.0, 1.16912737757, 0.0, 2.0, -0.515357011616, -0.400595780681, -1.0, -1.0, -1.0, -1.0, -1.0, -0.0183507106513, -0.890874559158, 0.0, 2.46830979729, -0.523466230425, -0.904396621055, 0.0, 2.34129970242, -1.0, 0.965637168535, 1.0, -0.766673374812, 2.0910536689, 2.07733662991, 3.0, -1.0, 0.0, 2.0, 2.0, -1.0, 2.76564700277, 2.39007057829, 2.99892221958, 2.0, 1.0, -0.759137748469, 0.0, 97290.0, 433.0, 99545.0
2.71587249223, 1.40273982622, 0.911951727486, 0.43112526073, 2.0, 0.38462396098, -0.362248080755, 0.195151313863, 1.0, 1.0, 1.15376786602, 1.9009869431, 3.0, 0.0, 1.11841251327, 2.07287762062, 1.76256376122, 1.78479476367, 1.29224298699, 1.0, -0.244343356672, 0.0, -0.224326524262, 3.0, 1.9491612052, 0.946752874811, 0.761414547264, 1.99090150594, 2.0, 1.2010355405, 1.37437328485, 0.791797270736, 3.0, 2.07636433437, 0.0, 2.0, 1.0, 2.97384160328, 3.0, 1.83990488297, 2.29635702185, 0.0, 0.784803743813, -1.0, 2.32403887336, 1.35950598716, -0.525960298149, 2.33566817948, 0.169688610871, -1.0, 96397.0, 688.0, 99354.0
0.0, 2.0, 0.0, -1.0, -1.0, 2.0, 0.0, 1.23883743364, -1.0, 0.0, -1.0, 1.99978402321, 1.0, 3.0, -0.926141205565, 1.0, 3.0, -0.0822798883736, -1.0, 3.0, -0.57615307705, 2.0, 3.0, 1.0, 1.0, 2.0, 0.0, -1.0, 3.0, 2.97217509678, 1.0, 0.0592092427048, -0.0621677082972, 0.0, -0.18432152477, 1.0, 2.80213432637, 1.0, 3.0, -0.378482364593, 2.0, 2.00928719817, 1.0, 0.0, 1.17553514944, -0.384976562155, -0.338361479184, 2.0, 3.0, -1.0, 96529.0, 589.0, 99407.0
2.0, 3.0, 2.0, 1.3137078121, -1.0, 0.0, 1.0, 0.0, -0.26968308962, 2.0, -1.0, 2.53589362497, -0.899350976661, 1.0, -0.94671636878, -0.520616385448, -0.745565954426, 0.0, -1.0, -1.0, -1.0, -1.0, -1.0, -1.0, -0.539691082498, -0.321107492508, 1.0, 0.0, -0.509343990011, 1.54503662963, 0.141282990494, -1.0, 2.0, -0.924713001635, 0.0, 1.45663106398, 0.0600496886219, 3.0, -0.863027883255, -0.471628989075, 3.0, -0.417168557097, -1.0, 2.0, 0.570107209529, 3.0, 1.90612083972, 2.0, -1.0, 0.259429127783, 97197.0, 442.0, 99543.0
2.71587249223, 1.40273982622, 0.911951727486, 2.97669729178, 2.0, 2.66558335041, 2.0, 0.195151313863, 2.30445560859, 0.456524882156, 1.188718918, 1.9009869431, 3.0, 0.0, 2.03661264284, 2.07287762062, 0.713025700571, 0.0, -0.259858058294, 1.0, -0.244343356672, 0.0, 0.230818702982, 3.0, 1.9491612052, 0.946752874811, 2.0, 0.673744577653, 2.0, 1.2010355405, 0.438463170099, 2.0, 3.0, 2.28370855405, 3.0, 2.0, 1.0, 2.97384160328, 3.0, -0.0879567725869, 2.29635702185, 0.0, -0.53992690449, -0.146258128636, 2.0, -0.424471357446, 1.85629250972, 2.33566817948, -0.375871908123, -1.0, 96296.0, 703.0, 99344.0
2.56999191458, 1.73405768288, 2.361028537, 1.0, -1.0, 0.0, 1.0, -0.89067291364, -0.669828486012, 2.0, -1.0, 1.0, 1.0, 1.0, -0.94671636878, 2.0, 2.0, 1.21128548994, 0.841498217166, 1.89974161565, -1.0, -1.0, -1.0, -1.0, -1.0, -1.0, 1.0, 0.821716786765, -0.509343990011, 2.7433771883, 1.0, -1.0, 1.76936273115, 1.0, 0.0, 1.0, 0.0600496886219, 1.91999109599, -1.0, 0.0, 2.77133926973, -0.571303466351, -1.0, 2.0, 2.0, 3.0, 2.26064892066, 1.93886511805, -1.0, 0.238498893527, 97340.0, 468.0, 99511.0
-0.19202255484, 2.09483590342, -0.0691893042284, 0.0, 0.573709222213, -1.0, 1.0, 1.0, 3.0, 1.0, -1.0, 1.0, 0.0, 0.0, -1.0, 0.962155445521, 2.48809412869, 3.0, 0.864472992806, 2.0, -0.911252269817, 0.0, 2.0, 0.080812245042, -1.0, 1.20660396821, 1.0, 0.232924804601, 0.812172749993, 0.388748505928, 0.826170092843, -0.996869198575, 1.60738914463, 3.0, 0.759182650615, -0.210841094399, 2.0, 1.0, 0.0, 1.0, 0.702629103398, -0.880925074392, 3.0, 0.656546164655, 0.0160201470262, 2.14594950614, 1.4925993868, 0.555450345389, 0.261434346716, 2.77023969485, 96238.0, 628.0, 99400.0
1.33882275866, 3.0, -0.0630242394327, -0.984112309462, -1.0, -0.106884882857, 3.0, 1.0, -0.00495623756171, 1.0, 2.0, 3.0, 0.0, 3.0, -0.643320005382, -0.832504068072, -0.498872999457, 1.39454330359, -0.738587792974, 0.0, 2.31738371261, -1.0, 0.43414561448, -1.0, -1.0, 2.0, 1.0, 2.67496035568, -1.0, 1.19165195798, -0.872819126518, 3.0, 2.0, -1.0, -1.0, 1.0, -1.0, 2.37438318718, 2.91435136311, 3.0, 2.0, 1.0, -1.0, -1.0, 2.0011466791, 2.33054774633, 1.0, -0.129889268654, 0.0, 0.0, 97222.0, 506.0, 99486.0
1.02212007804, 1.04288344165, 1.88849196091, -0.503713308006, -0.457956727962, -0.0969703975157, 1.37649558763, 0.328109121893, -1.0, 2.0, 2.74643908832, 1.0, 1.0, 1.16912737757, -0.94932127144, 2.0, -0.425476435321, 0.0, -1.0, -1.0, -1.0, -1.0, 0.399291543152, -1.0, -0.890874559158, 0.0, 1.0, -1.0, 0.54112876943, 0.0, 3.0, -1.0, -0.488254567403, 2.66433903563, -0.766673374812, 1.0, 2.07733662991, 2.17127494833, 1.89763799836, 0.0, 2.0, 2.0, -1.0, 1.72615984176, 2.0, 1.20994986892, 2.0, 1.22550763326, -1.0, 2.03251103252, 96909.0, 514.0, 99479.0
2.0, 1.11515509297, 2.56221085828, 1.36323226696, -1.0, 2.0, -0.229556067786, 1.28406304961, 0.966766062604, 2.79986520148, 0.45012058641, 1.0, 0.398750538404, 1.0, -1.0, 2.2167816241, 0.0, 0.0, 1.0, 1.23343186268, 2.0, 2.0, -0.940537839567, -1.0, 2.27485802973, 1.0, 0.0, -1.0, -1.0, 2.0, 2.28210080885, -1.0, 0.23556194623, 1.0, 0.0, 1.0, 0.313476839664, -0.00651692983413, -0.858064616831, 3.0, 2.0, 1.0, 0.163057152437, 0.952291752602, -0.213583764966, -1.0, 1.25768316214, 0.939989816287, 0.0, -0.515267292281, 96518.0, 583.0, 99419.0
1.00847865575, 3.0, 2.0, 1.0, -0.561581033589, 0.0, 1.37649558763, 3.0, 0.920940532622, 2.0, -1.0, 1.0, -0.372611814687, 1.0, -0.728705934396, 2.0, 2.28549279697, 0.0, -0.885839999671, -1.0, -1.0, -1.0, -0.836483487714, -1.0, -1.0, 0.0, 1.0, 0.0, 0.0, 0.0, 1.0, -1.0, -0.458341566829, 1.0, 0.0, 0.807205557225, 0.0, 3.0, -1.0, 0.0, 3.0, 0.387375946699, -1.0, 2.36660048775, 2.31777293197, 3.0, 2.0, 0.508500094093, -1.0, -0.455867429711, 96888.0, 511.0, 99486.0
-0.0805716030816, 0.0414268136745, 0.0, -1.0, -1.0, -0.665735553733, 1.05128461727, 2.21527139842, -1.0, -0.871051130837, -1.0, 2.2305550085, 1.54428638304, 2.9965697168, -0.8548662747, 1.35873284311, 3.0, 1.18795363755, -1.0, 0.44038767009, -1.0, 2.59126003226, 3.0, 1.0, 1.0, -0.203017918266, -0.805841974803, -1.0, 3.0, 0.0882019833897, 2.90077501174, 2.8378878202, 1.97757676658, 2.0, -0.292522892896, 0.0194493483076, 2.12817864084, 1.0, 2.89771112362, 1.0, 2.0, -0.798225111484, 0.913873787274, 0.0, 1.68675308846, 1.0, -0.148153321351, -0.66429210946, 0.671714826375, -1.0, 97126.0, 505.0, 99491.0
-0.0805716030816, 0.644598443543, 0.0, -1.0, -1.0, -0.468523799055, 0.706280556445, 2.21527139842, -1.0, 0.550232006028, 0.889772452799, 1.0, 1.47408664566, 1.43543444619, -0.826236095012, 1.35873284311, 3.0, 2.0, -1.0, 0.875413069551, -1.0, 2.59126003226, 3.0, -0.865463514287, 1.0, 2.0, -0.478017637464, -1.0, 3.0, 0.238864263931, 3.0, 1.0, 2.57702694764, 2.0, 0.0, 1.0, 2.0, 1.0, 0.837702832799, 1.0, 1.94421053087, -0.258209124417, 1.31961023277, -0.859477602686, 3.0, 1.0, -0.148153321351, 0.865622728317, 3.0, -1.0, 96743.0, 577.0, 99414.0
1.46437176845, 0.0, 1.88849196091, 0.431784315316, 1.78433394952, 2.83001173573, 1.37649558763, 1.43871470549, -1.0, 1.6988791278, -1.0, 1.0, -0.122767694453, 1.16912737757, 0.0, 2.0, -0.515357011616, 0.0, -1.0, -1.0, -1.0, -1.0, -1.0, 2.0, -0.890874559158, 0.0, -0.0485944864664, 0.138990015361, -0.904396621055, 0.0, 0.557600027328, -1.0, 0.00114589627435, -0.817767904539, -0.766673374812, 1.0, 2.07733662991, 3.0, 0.0529043611224, 1.43419049329, 0.576273834663, 2.0, -1.0, 2.76564700277, 2.0, 2.97993698624, 2.0, 1.0, 1.14057674293, 0.0, 96828.0, 508.0, 99492.0
-0.0805716030816, 2.0, 1.66710787769, 0.3966469182, -0.988553739598, 0.0584952060478, 1.37649558763, 2.21527139842, 0.309839925285, 1.0, -1.0, 1.0, 0.391820082633, 1.43543444619, -0.799399286137, 0.572586110081, 3.0, 0.916563354979, -1.0, 0.875413069551, -1.0, 2.59126003226, 2.02043992859, 1.23751398697, 1.0, 2.0, 0.0, -1.0, 3.0, 0.344456276974, 2.39746722216, 1.0, 2.57702694764, 2.0, 1.2238644752, 1.0, 2.0, 1.0, -0.0386127310266, 1.59173153803, 1.94421053087, -0.258209124417, 1.31961023277, 0.362647884505, 3.0, 0.231388463477, 2.12509857166, 0.557490867696, 3.0, -1.0, 96518.0, 620.0, 99392.0
0.182807818368, 1.0, 2.03365966967, -1.0, 1.0, 1.56012661231, 0.203893454624, -0.408551338568, 1.18372501604, 1.0, 1.05855723487, 1.0, 1.0, 2.0, -1.0, 3.0, 3.0, 1.0, 1.0, 3.0, 2.96089097812, 2.19776953742, 3.0, 2.05855074405, 1.07684323064, 0.983809038906, 0.0, 0.0, 0.0, 3.0, 1.16214368245, 2.25072984979, -0.441898677751, 2.0, 0.0, 1.15588634023, 2.32202106478, 2.0, 3.0, 2.0, 0.0791720885095, 2.56715445399, -0.792307161636, 0.0, 0.531313397363, 0.393680528159, 1.2770760458, 0.664377301527, 0.0, 0.523319155286, 96214.0, 691.0, 99350.0
1.00847865575, 3.0, 2.0, 1.36818017182, -0.561581033589, 0.0, 1.37649558763, 3.0, -0.461938563796, 1.29005944455, -1.0, 1.0, -0.372611814687, 1.0, -0.728705934396, 2.0, -0.515357011616, -0.21629557185, -0.885839999671, -1.0, -1.0, -1.0, 0.0207534629403, -1.0, -1.0, 0.0, 1.0, 0.0, -0.724224963406, 0.0, 1.0, -1.0, 0.130563077252, -0.21452279788, -0.560067150186, 0.807205557225, 0.0, 3.0, -1.0, 0.0, 3.0, 0.387375946699, -1.0, 2.36660048775, 0.429316590625, 3.0, -0.916599701369, 0.508500094093, -1.0, 2.26827141837, 96968.0, 461.0, 99526.0
1.26132007391, -0.0732142451269, 0.0, -1.0, -1.0, -0.510018745433, 1.37649558763, 2.21527139842, -1.0, 0.58234590533, -1.0, 1.79532824897, -0.122895117827, 1.43543444619, -0.799399286137, 1.35873284311, 3.0, 2.0, -1.0, 0.875413069551, -1.0, 2.59126003226, 3.0, -0.865463514287, -1.0, 2.0, 0.0, 1.92047119856, 1.49265262701, -0.389525070843, 3.0, 2.70797221667, 2.87336128939, 2.0, 1.23510373255, 1.0, 2.13525942199, 2.9459452182, 0.837702832799, 1.0, 1.94421053087, -0.687554436859, 1.31961023277, -0.859477602686, 3.0, 1.0, -0.148153321351, 0.532746308213, 3.0, -1.0, 97065.0, 526.0, 99454.0
-0.0805716030816, 0.644598443543, 0.0, -1.0, -1.0, -0.468523799055, 1.37649558763, 2.21527139842, -1.0, 0.58234590533, -1.0, 1.0, 0.391820082633, 1.43543444619, -0.997514434552, 1.35873284311, 3.0, 2.0, -1.0, 0.875413069551, -1.0, 2.59126003226, 3.0, -0.865463514287, 1.0, 2.0, 0.0, -1.0, 3.0, -0.389525070843, 3.0, 1.0, 2.57702694764, 2.0, -0.157997123264, 1.0, 2.12817864084, 1.0, 0.837702832799, 1.0, 1.94421053087, -0.258209124417, 1.31961023277, -0.859477602686, 3.0, 1.0, -0.148153321351, -0.66429210946, 3.0, -1.0, 96951.0, 540.0, 99445.0
2.0, 1.56214246472, 2.0, 1.86574360813, -1.0, 0.0, 1.0, -0.891314629101, -0.26968308962, 2.0, -1.0, 2.53589362497, -0.528052935846, 1.0, -0.94671636878, 1.14731621504, -1.0, 0.0, -1.0, -1.0, -1.0, -1.0, -1.0, -1.0, -1.0, -0.218328337702, 1.0, 0.0, -0.509343990011, 0.153861081375, 0.141282990494, -1.0, 0.932259812532, -0.924713001635, 0.0, 1.42169729958, 0.277297196967, 3.0, 0.642618884348, -0.147178088811, 3.0, 1.0, -1.0, 2.0, 0.570107209529, 3.0, 1.90612083972, 2.0, -1.0, -1.0, 97179.0, 432.0, 99547.0
0.0965618039495, 2.0, 0.540060121694, -1.0, -1.0, 1.20374999999, -0.102846424512, 3.0, -1.0, 0.0, -0.00415702452836, 1.0, 1.0, 1.46839841972, 1.95792147443, -0.121194377717, 3.0, -0.140638215708, 1.01744826503, 3.0, -1.0, 1.62620829229, 3.0, 1.0, 1.0, 0.899655310582, 0.0, 0.138990015361, 3.0, 0.502222580426, 3.0, 1.0, -0.441898677751, 2.0, 0.0, 1.94760913984, 2.29244374711, -0.0925383467791, 3.0, 1.0, 2.0, 2.0, 1.0, 0.0494037787496, 3.0, -0.384976562155, 0.0, 2.76983263906, 3.0, -1.0, 96320.0, 657.0, 99367.0
-0.0805716030816, 2.06932955727, 0.0, -1.0, -1.0, -0.665735553733, 0.0, 2.21527139842, -1.0, -0.133992822802, -1.0, 2.2305550085, 1.0, 2.9965697168, -0.897785063771, -0.101816524356, 3.0, 2.0, -1.0, 0.44038767009, -1.0, -0.359892595354, 3.0, -0.0512815185217, 1.0, 2.0, 0.0, -1.0, 3.0, 1.0, 3.0, 1.0, 1.97757676658, 2.0, 0.690608593421, 0.0194493483076, 2.0, 1.0, 2.89771112362, 1.0, -0.301809657718, -0.258209124417, 0.913873787274, -0.479582734973, 3.0, 1.0, -0.148153321351, -0.66429210946, 0.671714826375, -1.0, 96623.0, 554.0, 99439.0
-0.19202255484, 2.62276012453, -0.0691893042284, 0.0, -1.0, -1.0, 0.949768470081, 0.0306143931029, 3.0, 1.0, 1.38156748558, -1.0, 0.345930652239, 0.0, -1.0, 0.962155445521, 2.66890409724, 3.0, 0.864472992806, 2.0, -0.531925883261, 0.0, 2.0, 0.080812245042, 1.0, 1.20660396821, 0.0, 0.232924804601, 0.822110580647, 0.0, 1.09779780457, -0.0561552175379, 0.985693175556, 3.0, 1.83509315772, 1.62374602105, 2.0, 1.0, -0.431659774797, 1.0, 2.0, 1.0, 1.56171221005, 2.68532695728, 0.0160201470262, 2.0, 1.4925993868, 0.555450345389, 0.0, 1.95774642491, 96178.0, 660.0, 99377.0
-0.0805716030816, 0.644598443543, 0.0, -1.0, 1.01135328081, 0.596034513316, 1.37649558763, 2.21527139842, -1.0, 0.58234590533, -1.0, 1.0, 0.391820082633, 1.43543444619, -0.768388660409, 1.35873284311, 3.0, 2.0, -1.0, 0.875413069551, -1.0, 2.59126003226, 3.0, 1.23751398697, 1.0, 2.68639144097, 0.0, -1.0, 3.0, -0.389525070843, 2.39746722216, -0.179501875725, 2.57702694764, 2.0, 0.679942253382, 1.0, 2.37061332433, 1.0, 0.837702832799, 1.0, 1.94421053087, -0.258209124417, 1.31961023277, -0.0175865861577, 3.0, 1.0, -0.148153321351, 0.557490867696, 3.0, -1.0, 96582.0, 605.0, 99398.0
0.0, 0.644598443543, 0.0, -1.0, -1.0, 1.67354311227, 0.0, 3.0, -1.0, 0.0, -1.0, 1.0, 1.0, 3.0, 0.0, 1.0, 3.0, 2.12650299996, -0.224666483465, 3.0, 2.0, -0.384736349639, 3.0, 1.0, 0.53328337534, 0.40000841881, -0.0953110507946, -0.348178935437, -1.0, 2.29103999173, 2.31280743687, 2.60885523585, 3.0, 2.0, 0.0, 2.6963269011, 2.99893092121, 1.0, 3.0, 1.0, 2.0, 2.0, 1.73305510129, 0.0, 3.0, 3.0, 0.0, 1.35781436568, 3.0, -1.0, 96689.0, 637.0, 99379.0
1.95904956957, 3.0, 1.0, 2.0, 1.55691360177, 2.0, 2.18010147563, -0.3960689087, -1.0, -0.306202411527, 0.345435412908, -0.68568541708, 2.33233684167, 1.16912737757, 0.60020577326, 0.00697458036938, -1.0, -0.324063512225, -1.0, 0.366071432909, 0.249974010088, 1.0, -1.0, 0.0, -1.0, 3.0, -1.0, 0.0, -1.0, 3.0, 2.94457875144, 0.0, -0.718071890176, -0.493834686093, 0.0, 0.450440007652, 1.0, 1.0, 1.89354458549, 2.1930838606, 2.0, 0.0, 1.06842103512, 2.0, 0.660153758229, 2.0, -0.257189231692, 0.216766681385, 0.398880685018, -1.0, 96483.0, 581.0, 99444.0
2.0, 3.0, 2.0, 1.3137078121, -1.0, 0.0, 1.0, 0.0, -0.26968308962, 0.276948112296, -1.0, 2.53589362497, -0.528052935846, 1.0, -0.94671636878, -0.520616385448, -0.861051873737, 0.0, -1.0, -1.0, -0.202653594703, -1.0, -1.0, -1.0, -0.539691082498, -0.321107492508, 1.0, 0.0, -0.509343990011, 1.54503662963, 1.31126732006, -1.0, 2.0, -0.882180289647, 0.0, 1.45663106398, 0.0600496886219, 3.0, 0.187730524608, -0.147178088811, 3.0, 1.0, -1.0, 2.0, 0.570107209529, 3.0, 1.90612083972, 2.0, -1.0, 0.259429127783, 97079.0, 472.0, 99523.0
0.0, 3.0, 2.0, 1.0, -0.968426437533, 0.0, 0.4748456852, 3.0, 0.0, 0.0, -1.0, 0.933292946465, -0.372611814687, 1.0, -0.535981446093, 2.0, -0.515357011616, -0.21629557185, -0.0101080927326, -1.0, -1.0, -1.0, -1.0, -1.0, -0.498900522884, 1.81144444514, 0.0, 0.0, 0.0, 0.0, 1.0, -1.0, -0.458341566829, 1.0, -0.107673106048, 0.807205557225, 0.0, 3.0, -1.0, 0.0, 2.0, 0.387375946699, -0.740976739832, 2.0, 2.0, 3.0, 2.0, 0.508500094093, -0.648810953178, 0.0, 96663.0, 531.0, 99480.0
2.0, 1.04288344165, 2.0, 1.0, -1.0, -0.734308248846, 2.0, -0.377728858111, -0.683535089226, 2.0, -1.0, 0.179223490477, 1.0, 1.0, -0.94671636878, 0.719954262021, 2.0, 1.21128548994, 0.841498217166, -1.0, -1.0, -1.0, -1.0, -1.0, -1.0, -1.0, 1.0, 0.821716786765, -0.509343990011, 2.0215919088, 1.0, -1.0, 2.0, 1.0, -0.479013405141, 1.0, 0.0600496886219, 2.77677795292, -1.0, 0.0, 2.77133926973, 1.0, -1.0, 2.0, 2.0, 3.0, 2.0, 0.532746308213, -1.0, 0.238498893527, 97238.0, 463.0, 99517.0
0.0965618039495, 2.0, 0.540060121694, -1.0, -1.0, 1.95030639975, 0.0, 1.80796477159, -1.0, 1.98802948362, 0.0769926203958, 0.203940274304, 1.83040285642, 1.46839841972, -0.305857811846, -0.121194377717, 2.05031788961, 2.3224999043, -0.704826700657, 3.0, -1.0, 2.20982200134, 2.53284758247, 0.723327033752, 1.37221823339, 0.899655310582, 0.0, 0.138990015361, 3.0, 0.502222580426, 1.0, 1.0, 0.00114589627435, -0.817767904539, 0.54119699391, 0.248016874519, -0.0846602155411, 1.0, 3.0, 1.0, -0.228963743189, 2.0, 1.0, -0.750069153384, 3.0, -0.384976562155, 0.0, 2.76983263906, -0.359223341467, -1.0, 96403.0, 611.0, 99402.0
-0.0805716030816, 0.125904531638, 0.0, 0.3966469182, -0.988553739598, 0.596034513316, 1.37649558763, 0.0306143931029, -1.0, -0.357085536317, -1.0, 1.0, 0.391820082633, 1.43543444619, -0.799399286137, 0.572586110081, 2.66890409724, -0.450755206572, -1.0, 0.857627303986, -1.0, 2.59126003226, 2.02043992859, 1.23751398697, 1.0, 2.0, 0.0, -1.0, 3.0, 0.335300189219, 2.39746722216, 1.0, 1.60738914463, 2.0, 1.2238644752, 1.0, 2.0, 1.0, -0.505017931729, 1.0, 1.35759951758, -0.258209124417, 1.31961023277, 0.362647884505, 3.0, 1.0, -0.148153321351, 0.557490867696, 3.0, -1.0, 96327.0, 592.0, 99407.0
2.71587249223, 1.40273982622, 0.911951727486, 2.97669729178, 2.0, 0.38462396098, 2.07475070653, 0.195151313863, 2.30445560859, 1.0, 1.188718918, 1.9009869431, 3.0, 0.0, 2.03661264284, 2.07287762062, 0.713025700571, 0.0, -0.259858058294, 1.0, -0.244343356672, -1.0, -0.155704084194, 3.0, 1.9491612052, 0.946752874811, 2.0, 0.673744577653, 2.0, 1.2010355405, 2.65627690997, 2.0, 3.0, 2.28370855405, 3.0, 2.0, 1.0, 2.97384160328, 3.0, 1.83990488297, 2.29635702185, 0.0, -0.53992690449, -1.0, 2.0, -0.424471357446, 1.85629250972, 2.33566817948, -0.375871908123, -1.0, 96610.0, 670.0, 99361.0
1.00847865575, 3.0, 2.0, 1.36818017182, 2.274913482, 0.0, 1.37649558763, 3.0, 0.0, 1.29005944455, -1.0, 1.0, -0.372611814687, 1.0, -0.728705934396, 2.0, -0.515357011616, -0.21629557185, -0.910336648506, -1.0, -1.0, -1.0, -0.836483487714, -1.0, -1.0, 0.0, 1.0, 0.0, -0.724224963406, 0.0, 1.0, -1.0, 0.130563077252, -0.21452279788, 0.0, 0.807205557225, 0.0, 1.0, -1.0, 0.0, 3.0, 0.387375946699, 0.305875255065, 2.36660048775, 0.429316590625, 3.0, 0.0, 0.508500094093, -1.0, -1.0, 96703.0, 495.0, 99495.0
1.95904956957, 0.754150791945, 1.0, 0.43370008293, 1.55691360177, 2.0, 2.0, 1.0, -1.0, -0.306202411527, 0.345435412908, -0.68568541708, 2.33233684167, 1.63605028551, -1.0, -0.0534852456153, -1.0, -0.384236976695, -1.0, -0.391887405743, 2.0, 2.57711146141, -1.0, 0.0, -1.0, 3.0, 1.85022750456, 0.0, -1.0, 3.0, 2.42242868402, -0.614228949628, -0.718071890176, -0.493834686093, 0.0, 0.450440007652, 1.0, 1.0, 1.89354458549, -0.647758948331, 2.0, 0.0, 1.06842103512, 0.378450738808, 0.346615445733, 3.0, -0.257189231692, 0.216766681385, 0.398880685018, -1.0, 96505.0, 558.0, 99457.0
0.0, 2.0, 0.0, -1.0, -0.389340631621, 2.0, 0.0, 2.06445945284, -1.0, 0.0, -1.0, 1.99978402321, -0.37299864509, 3.0, 0.0, 1.0, 0.713025700571, -0.0822798883736, -1.0, 3.0, -0.57615307705, -0.74181771181, 3.0, 1.0, 1.94366422192, 2.0, 0.0, -1.0, 2.56117523123, 2.34654704279, 1.0, 1.0, -0.0621677082972, 0.0, -0.0979705569101, 1.0, 2.80213432637, -0.118301433194, 3.0, 1.0, 2.0, 2.00928719817, 1.0, -0.839870961575, 1.17553514944, -0.384976562155, -1.0, 1.39115644389, 3.0, -1.0, 96670.0, 569.0, 99426.0
0.0, 2.0, 0.0, -1.0, -1.0, 2.0, 0.0, 3.0, -1.0, 0.0, -1.0, 1.0, 1.0, 3.0, -0.0538417017968, 1.0, 3.0, 2.0, -0.224666483465, 3.0, 2.0, -1.0, 0.230818702982, 1.0, 1.0, 0.40000841881, -0.0953110507946, 0.044810635289, 3.0, 2.29103999173, 3.0, 1.0, 3.0, 2.0, 0.0, 2.6963269011, 2.99893092121, 2.84456501311, 3.0, 1.0, 2.0, 0.0, 2.92347319962, 0.0, 3.0, 1.0, 0.0, 2.0, 1.40673049971, -1.0, 96661.0, 638.0, 99379.0
-0.0805716030816, 0.644598443543, 0.0, -1.0, -1.0, 0.596034513316, 0.499247531272, 2.21527139842, -1.0, 0.58234590533, -1.0, 1.0, 0.391820082633, 1.43543444619, -0.799399286137, 2.35240394607, 3.0, 2.0, -1.0, -0.20269072606, -1.0, 2.16603020334, 3.0, 1.79870647914, 1.0, 2.0, 0.0, -1.0, 3.0, -0.389525070843, 2.39746722216, -1.0, 2.57702694764, 0.495968160976, 1.2238644752, 1.0, 2.0, 2.35027292728, 0.837702832799, 1.0, -0.793109487749, -0.258209124417, 1.31961023277, -0.0175865861577, 3.0, 1.0, -0.80630073475, 0.557490867696, -1.0, -1.0, 96889.0, 529.0, 99462.0
-0.19202255484, 2.09483590342, -0.0691893042284, 0.0, -1.0, -1.0, 1.0, 1.0, -0.185861064822, -0.354677171691, -1.0, -1.0, 0.0, 0.0, -1.0, 0.962155445521, 2.97386211441, -0.313145045653, 0.413382805171, 2.0, -0.985491551377, 1.35893439671, 2.0, 2.29157413633, -1.0, 1.20660396821, 1.0, 0.232924804601, 0.822110580647, 0.0, 1.09779780457, -0.996869198575, 1.60738914463, 3.0, 0.759182650615, -0.210841094399, 2.0, 0.0758290833463, 0.0, 1.0, 2.0, -0.880925074392, 3.0, 0.656546164655, 0.0160201470262, 2.14594950614, 1.4925993868, 0.555450345389, 0.0, 2.73080837718, 96262.0, 598.0, 99422.0
-0.116224247564, 1.0, 2.0, -1.0, 1.0, 1.56012661231, 0.803792731105, -0.408551338568, -0.240437192321, 1.0, 1.05855723487, 1.0, 1.0, 0.749236825863, -1.0, 3.0, 3.0, -0.286942495564, -0.423350158427, 3.0, -0.613274005993, 0.499554956775, 3.0, 2.0, -1.0, -0.258783797226, 0.0, -0.74626489213, -0.495360719644, 0.121468926366, 3.0, 1.0, 0.0, 2.0, 1.0, 2.0, 3.0, 2.0, 3.0, 2.0, 2.0, 3.0, -1.0, 0.0, 0.0, 0.393680528159, 1.2770760458, 0.455247407418, 0.0, 0.523319155286, 96234.0, 645.0, 99375.0
0.0, 2.0, 0.0, -1.0, -1.0, 2.0, 0.0, 1.23883743364, -1.0, 0.0, -1.0, 0.919809882741, 1.0, 3.0, 0.0, 1.0, 3.0, -0.0822798883736, -1.0, 2.43333276512, -0.57615307705, 2.55869604009, 3.0, 1.0, -0.696291004814, 2.0, 0.0, -1.0, 3.0, 1.0, 1.0, 2.0, -0.0621677082972, 0.0, -0.622550620485, 1.0, 2.80213432637, 1.0, 3.0, 1.0, 2.0, 2.00928719817, 2.70651268536, 0.0, 1.17553514944, -0.384976562155, -1.0, 2.0, 3.0, -1.0, 96756.0, 556.0, 99437.0
2.0, 1.04288344165, 2.0, -0.597654656178, -1.0, 0.59594424927, 1.24332741562, 0.0, -0.669828486012, 2.84428513091, -1.0, 1.0, 1.0, 0.546464583601, -0.964059089173, 0.719954262021, 2.5140645151, 1.21128548994, 2.84142854507, -1.0, -1.0, -1.0, -1.0, -1.0, -1.0, -1.0, 1.0, 0.821716786765, -0.509343990011, 0.0270294051218, 1.0, -1.0, 2.0, 1.0, -0.73275339643, 1.0, 0.0600496886219, 3.0, -1.0, 0.0, 2.77133926973, 1.0, -1.0, 2.0, 2.0, 3.0, 2.0, 0.865622728317, -1.0, -0.795931448056, 97386.0, 430.0, 99530.0
-0.0805716030816, 2.06932955727, 0.0, -1.0, -1.0, -0.665735553733, 0.0, 2.21527139842, -1.0, 0.0, -1.0, 1.82914718405, 1.0, 2.9965697168, -0.923026830853, -0.101816524356, 3.0, 2.0, -1.0, 0.44038767009, -1.0, -0.158525884439, 3.0, -0.0512815185217, 1.0, 2.0, 0.0, -1.0, 3.0, 1.87646324679, 3.0, 1.0, 0.767628143868, 2.0, -0.809817412534, 0.0194493483076, 0.779925739885, 0.118251081182, 2.89771112362, 1.0, 1.78392180717, -0.546101025088, 0.913873787274, 0.260206224454, 3.0, 1.0, -0.148153321351, -0.66429210946, 0.547016496428, -1.0, 96839.0, 523.0, 99465.0
-0.0805716030816, 0.644598443543, 1.22302681295, -1.0, -1.0, 0.596034513316, 1.37649558763, 2.21527139842, -1.0, 0.58234590533, -1.0, 1.0, 0.0, 2.73198515608, -0.799399286137, 0.373439514863, 3.0, 2.0, -1.0, 0.875413069551, -0.704710352205, 0.0, 3.0, -0.865463514287, 1.36171668569, 2.0, 0.0, -1.0, 3.0, 0.0, 0.721833419229, -0.985353362782, 1.97757676658, -0.508584776029, 0.0, 1.0, -0.0774191654622, 1.0, 0.377224271017, 1.0, 1.94421053087, -0.258209124417, 1.31961023277, -0.0175865861577, 3.0, 1.0, -0.148153321351, 0.557490867696, 3.0, -1.0, 96716.0, 547.0, 99444.0
-0.572147456833, 0.644598443543, 0.0, -1.0, -1.0, 1.67354311227, 0.0, 3.0, -1.0, 0.0, -1.0, 1.00614290622, 1.0, 3.0, 0.537394459671, 1.0, 3.0, 2.12650299996, -0.224666483465, 3.0, 2.0, -1.0, 3.0, 1.0, 0.53328337534, 0.40000841881, -0.0953110507946, -0.348178935437, -1.0, 2.29103999173, 2.31280743687, 2.29258158155, 3.0, 0.880200413551, -0.0354286449308, 2.92441321784, 2.99893092121, 1.0, 3.0, 1.0, 2.0, 2.0, 1.73305510129, 0.0, 3.0, 3.0, 0.0, 1.43471145761, 3.0, -1.0, 96884.0, 604.0, 99405.0
1.02212007804, -0.573934842795, 1.24178861407, -0.676977906162, -0.457956727962, 0.60323106497, 1.37649558763, 0.328109121893, -1.0, 2.0, 2.74643908832, 1.0, 1.0, 1.16912737757, -0.994255514857, 2.0, -0.425476435321, 0.0, 1.81066738075, -1.0, -0.321999546467, -1.0, -0.891567935762, -1.0, -0.890874559158, 0.0, 1.0, -1.0, 0.54112876943, -0.770882013783, 3.0, -1.0, -0.488254567403, 2.66433903563, -0.766673374812, 1.0, 2.07733662991, 2.17127494833, 1.89763799836, 0.0, 2.0, 2.0, -1.0, 1.72615984176, 2.0, 1.20994986892, 2.33267832349, 1.22550763326, -1.0, 2.03251103252, 97099.0, 505.0, 99494.0
2.0, 1.04288344165, 2.0, 1.0, -1.0, -0.734308248846, 2.0, -0.377728858111, -0.669828486012, 2.0, -1.0, 0.900334181368, 1.0, 1.0, -0.94671636878, 0.719954262021, 2.0, 1.21128548994, 0.841498217166, -1.0, -1.0, -1.0, -1.0, -1.0, -1.0, -1.0, 1.0, 0.895002680438, -0.509343990011, 2.0215919088, 1.0, -1.0, 2.72106527134, 1.0, -0.479013405141, 0.644195293341, -0.193930285273, 3.0, -1.0, 0.0, -0.587570077518, 1.0, -1.0, 2.0, 2.0, 3.0, 2.0, 0.865622728317, -1.0, 0.238498893527, 97327.0, 449.0, 99531.0
-0.0805716030816, 2.0, 1.66710787769, 0.3966469182, -0.988553739598, 0.0584952060478, 1.37649558763, 2.21527139842, 0.309839925285, 1.0, -1.0, 1.0, 0.391820082633, 1.43543444619, -0.799399286137, 0.572586110081, 3.0, 0.916563354979, -1.0, 0.875413069551, -1.0, 2.59126003226, 2.02043992859, 1.23751398697, 1.0, 2.0, 0.0, -1.0, 3.0, 0.344456276974, 2.39746722216, 0.789837078538, 2.57702694764, 2.0, 1.2238644752, 1.0, 2.0, 1.0, -0.0386127310266, 1.59173153803, 1.94421053087, -0.258209124417, 1.31961023277, 0.362647884505, 3.0, 0.231388463477, 2.12509857166, 0.557490867696, 2.70676702963, 0.968750507304, 96494.0, 639.0, 99386.0
0.182807818368, 1.0, 2.03365966967, -1.0, -0.936216018762, 1.56012661231, 0.203893454624, -0.408551338568, 0.283025404622, 1.0, 1.05855723487, 1.0, 1.0, 2.0, -1.0, 3.0, 3.0, 1.0, 1.0, 3.0, 2.96089097812, 2.19776953742, 3.0, 2.59085315697, 1.07684323064, 0.983809038906, 2.15613901546, 0.0, 0.0, 3.0, 1.16214368245, 2.25072984979, -0.441898677751, 2.0, 0.0, 1.15588634023, 2.32202106478, 2.0, 3.0, 2.0, 0.0791720885095, 2.56715445399, -0.792307161636, 0.0, 0.531313397363, 0.393680528159, 1.2770760458, 0.664377301527, 0.0, 2.18518547213, 96382.0, 675.0, 99359.0
1.00847865575, 2.41618305007, 2.0, 1.0, 0.573076163737, 0.248730980336, 1.37649558763, 3.0, 0.0, 0.313034988157, -1.0, 0.933292946465, -0.372611814687, -0.33614775953, -0.535981446093, 2.0, -0.515357011616, -0.21629557185, -0.992491522929, -0.454918091671, -1.0, -1.0, -1.0, -1.0, -1.0, 0.0, 1.81500833866, 0.0, 0.0, 0.0, 1.0, -1.0, -0.458341566829, 1.0, -0.107673106048, 0.255876671266, -0.970257677667, 3.0, -1.0, 0.425468993877, 2.36767916101, 0.387375946699, -0.740976739832, 0.0, 2.0, 3.0, -1.0, 2.89440624452, 0.547016496428, 0.0, 96667.0, 513.0, 99484.0
-0.0805716030816, 2.06932955727, -0.296447074775, -1.0, -1.0, -0.324901327327, 0.0, 2.21527139842, -1.0, 0.0, -1.0, 2.2305550085, 1.0, 2.9965697168, -0.8548662747, -0.101816524356, 3.0, 2.27348602096, -1.0, 0.44038767009, -1.0, -0.359892595354, 3.0, -0.0512815185217, 2.32866722066, 2.0, 0.0, 1.53693361989, 3.0, 2.34537716956, 3.0, 1.0, 1.97757676658, 0.0407477694367, 0.690608593421, 0.0194493483076, 2.0, -0.969577998355, 2.89771112362, 1.0, 2.0, -0.258209124417, -0.729210293407, -0.479582734973, 3.0, 1.0, 1.32701982684, 1.00256914992, 0.425559108459, -1.0, 96548.0, 574.0, 99427.0
1.00847865575, 3.0, 2.0, 1.36818017182, 0.744792527493, 0.0, 1.37649558763, 3.0, -0.461938563796, 1.29005944455, -1.0, 1.0, -0.372611814687, 1.0, -0.728705934396, 2.0, -0.515357011616, -0.21629557185, -0.885839999671, -1.0, -1.0, -1.0, 0.0207534629403, -1.0, -1.0, 0.0, 1.0, 0.0, -0.724224963406, 1.1600433126, 1.0, -1.0, 1.98640816138, -0.21452279788, -0.560067150186, 0.807205557225, -0.214400654199, 3.0, -1.0, 0.0, 3.0, 0.387375946699, -1.0, 2.36660048775, 0.429316590625, 3.0, -0.916599701369, 0.508500094093, -1.0, 2.26827141837, 96974.0, 477.0, 99517.0
