-1.0, 2.0, 3.0, 1.0, -1.0, -1.0, 2.0, 3.0, 2.0, -1.0, 2.0, 1.0, 2.0, 2.0, -1.0, 1.0, -1.0, -1.0, 1.0, 0.0, 1.0, -1.0, 1.0, 0.0, -1.0, -1.0, 2.0, 0.0, 0.0, 1.0, -1.0, 2.0, 0.0, 1.0, 2.0, -1.0, 3.0, 0.0, -1.0, -1.0, -1.0, -1.0, 0.0, 3.0, 0.0, -1.0, 1.0, 0.0, 0.0, 3.0, 96415.0, 470.0, 99576.0
1.0, 0.0, 1.0, 1.0, 0.0, -1.0, 2.0, 0.0, 3.0, 0.0, 3.0, 2.0, 3.0, -1.0, 2.0, 2.0, -1.0, -1.0, 3.0, 2.0, 1.0, 1.0, 1.0, 3.0, 1.0, 2.0, 3.0, 1.0, 2.0, 0.0, 3.0, -1.0, -1.0, -1.0, 0.0, 2.0, 3.0, -1.0, 1.0, 2.0, 1.0, -1.0, 0.0, 3.0, 0.0, -1.0, 0.0, 0.0, 0.0, -1.0, 95999.0, 560.0, 99498.0
3.0, 2.0, 3.0, 0.0, 2.0, -1.0, 3.0, 2.0, 3.0, -1.0, 1.0, -1.0, 2.0, 0.0, -1.0, 0.0, 2.0, -1.0, 0.0, 2.0, 1.0, 2.0, 1.0, 1.0, 3.0, 3.0, 1.0, -1.0, 1.0, 1.0, 0.0, 3.0, 0.0, 2.0, 1.0, -1.0, 3.0, 0.0, 2.0, 2.0, 1.0, -1.0, 2.0, -1.0, 1.0, 0.0, 1.0, 1.0, 0.0, 0.0, 95619.0, 595.0, 99456.0
2.0, -1.0, 1.0, 1.0, 3.0, 2.0, 1.0, 2.0, 1.0, 2.0, 3.0, 0.0, 0.0, 0.0, 1.0, 3.0, -1.0, 0.0, -1.0, 2.0, 2.0, 2.0, 0.0, -1.0, 0.0, 3.0, 1.0, 1.0, 2.0, 3.0, 3.0, -1.0, 2.0, 0.0, 1.0, 3.0, 3.0, 3.0, 1.0, 3.0, 0.0, 0.0, 1.0, 2.0, 0.0, -1.0, 2.0, 0.0, 1.0, -1.0, 95591.0, 619.0, 99439.0
0.0, 2.0, 0.0, 1.0, -1.0, 3.0, 3.0, -1.0, 1.0, 3.0, 1.0, 3.0, 3.0, 2.0, 3.0, 1.0, 0.0, 0.0, 2.0, 1.0, -1.0, 0.0, 2.0, -1.0, 2.0, -1.0, 0.0, -1.0, 3.0, -1.0, 2.0, 3.0, -1.0, 0.0, 2.0, 3.0, 1.0, -1.0, 0.0, -1.0, -1.0, 1.0, -1.0, 2.0, 1.0, 0.0, -1.0, 0.0, 2.0, 1.0, 96110.0, 539.0, 99518.0
1.0, 0.0, 3.0, 0.0, 1.0, 1.0, 2.0, 2.0, 2.0, 2.0, 0.0, 3.0, 1.0, 3.0, -1.0, -1.0, 2.0, 0.0, 0.0, -1.0, 0.0, 0.0, 1.0, -1.0, 1.0, -1.0, 1.0, -1.0, 3.0, 0.0, -1.0, -1.0, 2.0, 2.0, -1.0, 2.0, 1.0, 1.0, 2.0, 0.0, -1.0, -1.0, 3.0, 3.0, 0.0, 1.0, -1.0, 2.0, -1.0, 2.0, 96026.0, 543.0, 99514.0
1.0, 2.0, -1.0, 0.0, 1.0, -1.0, 2.0, 2.0, 0.0, 2.0, 1.0, -1.0, 0.0, 3.0, 1.0, 0.0, 2.0, 3.0, -1.0, 1.0, 3.0, 1.0, 2.0, -1.0, -1.0, -1.0, 2.0, 0.0, 2.0, 3.0, 1.0, 1.0, 0.0, 2.0, -1.0, 0.0, 0.0, 2.0, 1.0, 0.0, -1.0, 1.0, 0.0, 3.0, -1.0, 1.0, 0.0, 2.0, -1.0, 3.0, 95896.0, 566.0, 99500.0
1.0, -1.0, 3.0, 3.0, 0.0, 3.0, 2.0, -1.0, 3.0, 1.0, 1.0, 3.0, 0.0, -1.0, 1.0, 1.0, -1.0, 3.0, 2.0, 2.0, 0.0, 2.0, 3.0, 3.0, 0.0, 2.0, 3.0, 1.0, 1.0, 2.0, 0.0, 1.0, 0.0, 2.0, 2.0, -1.0, 0.0, 2.0, 0.0, 1.0, 1.0, 0.0, 1.0, 3.0, 2.0, -1.0, 1.0, 2.0, 3.0, -1.0, 95703.0, 615.0, 99449.0
0.0, 0.0, 1.0, 0.0, 0.0, 1.0, 0.0, 1.0, 2.0, 0.0, 0.0, 2.0, 0.0, 0.0, 0.0, 0.0, 0.0, 0.0, 0.0, 2.0, 0.0, 0.0, 0.0, 1.0, 0.0, 2.0, 1.0, 1.0, 0.0, 2.0, 0.0, 1.0, 0.0, 0.0, 0.0, 1.0, 0.0, 1.0, 0.0, 0.0, 0.0, 0.0, 2.0, 0.0, 0.0, 0.0, 0.0, 0.0, 0.0, 0.0, 93365.0, 734.0, 99365.0
3.0, 2.0, 3.0, 0.0, 2.0, -1.0, 3.0, 2.0, 3.0, -1.0, 1.0, -1.0, 2.0, 0.0, -1.0, 0.0, 2.0, -1.0, 0.0, 2.0, 1.0, 2.0, 1.0, 1.0, 3.0, 3.0, 1.0, -1.0, 1.0, 1.0, 0.0, 3.0, 0.0, 2.0, 1.0, -1.0, 3.0, 0.0, 2.0, 2.0, 1.0, -1.0, 2.0, -1.0, 1.0, 0.0, 1.0, 1.0, 0.0, 0.0, 95619.0, 595.0, 99456.0
2.0, -1.0, 1.0, 1.0, 3.0, 2.0, 1.0, 2.0, 1.0, 2.0, 3.0, 0.0, 0.0, 0.0, 1.0, 3.0, -1.0, 0.0, -1.0, 2.0, 2.0, 2.0, 0.0, -1.0, 0.0, 3.0, 1.0, 1.0, 2.0, 3.0, 3.0, -1.0, 2.0, 0.0, 1.0, 3.0, 3.0, 3.0, 1.0, 3.0, 0.0, 0.0, 1.0, 2.0, 0.0, -1.0, 2.0, 0.0, 1.0, -1.0, 95591.0, 619.0, 99439.0
2.0, 2.0, 2.0, 0.0, 1.0, 2.0, 0.0, -1.0, 3.0, 2.0, 2.0, -1.0, 3.0, 3.0, 1.0, 3.0, 3.0, 1.0, -1.0, -1.0, 0.0, 0.0, 2.0, 0.0, 1.0, 1.0, 3.0, -1.0, 0.0, -1.0, 2.0, 0.0, -1.0, 0.0, 1.0, 1.0, 0.0, 1.0, 0.0, 2.0, 0.0, 3.0, 1.0, 2.0, 0.0, 0.0, 1.0, -1.0, 3.0, 3.0, 95577.0, 617.0, 99452.0
0.0, 2.0, 0.0, 1.0, -1.0, 3.0, 3.0, -1.0, 1.0, 3.0, 1.0, 3.0, 3.0, 2.0, 3.0, 1.0, 0.0, 0.0, 2.0, 1.0, -1.0, 0.0, 2.0, -1.0, 2.0, -1.0, 0.0, 0.0, 3.0, -1.0, 2.0, 3.0, -1.0, 0.0, 2.0, 3.0, 1.0, -1.0, 0.0, -1.0, -1.0, 1.0, -1.0, 2.0, 1.0, 0.0, -1.0, 0.0, 2.0, 1.0, 95988.0, 555.0, 99506.0
-1.0, 1.0, 2.0, 2.0, 0.0, 0.0, 1.0, -1.0, 2.0, -1.0, 0.0, 1.0, -1.0, 0.0, -1.0, 0.0, 1.0, 2.0, 1.0, -1.0, 0.0, -1.0, 2.0, 2.0, -1.0, -1.0, 2.0, 0.0, 3.0, -1.0, 1.0, 1.0, -1.0, 3.0, 0.0, 2.0, 3.0, 2.0, 1.0, 0.0, -1.0, 3.0, 2.0, 2.0, 0.0, 0.0, 0.0, 2.0, 2.0, 1.0, 95878.0, 557.0, 99516.0
1.0, 0.0, 3.0, 0.0, 1.0, 1.0, 2.0, 2.0, 2.0, 2.0, 0.0, 3.0, 1.0, 3.0, -1.0, -1.0, 2.0, 0.0, 0.0, -1.0, 0.0, 0.0, 1.0, -1.0, 1.0, -1.0, 1.0, -1.0, 3.0, 0.0, -1.0, -1.0, 2.0, 2.0, -1.0, 2.0, 0.0, 1.0, 2.0, 0.0, -1.0, -1.0, 3.0, 3.0, 0.0, 1.0, 0.0, 2.0, -1.0, 2.0, 95859.0, 558.0, 99502.0
1.0, -1.0, 3.0, 3.0, 0.0, 3.0, 2.0, -1.0, 3.0, 1.0, 1.0, 3.0, 0.0, -1.0, 1.0, 1.0, -1.0, 3.0, 2.0, 2.0, 0.0, 2.0, 3.0, 3.0, 0.0, 2.0, 3.0, 1.0, 1.0, 2.0, 0.0, 1.0, 0.0, 2.0, 2.0, -1.0, 0.0, 2.0, 0.0, 1.0, 1.0, 0.0, 1.0, 3.0, 2.0, -1.0, 1.0, 2.0, 3.0, -1.0, 95703.0, 615.0, 99449.0
2.0, 3.0, 1.0, 0.0, 3.0, -1.0, 1.0, 1.0, 2.0, 3.0, 0.0, 2.0, 2.0, 1.0, 3.0, -1.0, 1.0, -1.0, -1.0, 0.0, 2.0, 1.0, 3.0, 1.0, 2.0, -1.0, 1.0, 3.0, 1.0, 0.0, 1.0, 0.0, 0.0, 2.0, 0.0, -1.0, 2.0, 2.0, -1.0, 0.0, 2.0, 2.0, 2.0, -1.0, 0.0, 3.0, 0.0, 0.0, 1.0, -1.0, 95723.0, 585.0, 99463.0
-1.0, 2.0, 3.0, 1.0, -1.0, -1.0, 2.0, 3.0, 2.0, -1.0, 2.0, 1.0, 2.0, 2.0, -1.0, 1.0, -1.0, -1.0, 1.0, 0.0, 1.0, -1.0, 1.0, 0.0, -1.0, -1.0, 2.0, 0.0, 0.0, 1.0, -1.0, 2.0, 0.0, 1.0, 2.0, -1.0, 3.0, 0.0, -1.0, -1.0, -1.0, -1.0, 0.0, 3.0, 0.0, -1.0, 1.0, 0.0, 0.0, 3.0, 96415.0, 470.0, 99576.0
2.0, -1.0, 1.0, 1.0, 3.0, 2.0, 1.0, 2.0, 1.0, 2.0, 3.0, 0.0, 0.0, 0.0, 1.0, 3.0, -1.0, 0.0, -1.0, 2.0, 2.0, 2.0, 0.0, -1.0, 0.0, 3.0, 1.0, 1.0, 2.0, 3.0, 3.0, -1.0, 2.0, 0.0, 1.0, 3.0, 3.0, 3.0, 1.0, 3.0, 0.0, 0.0, 1.0, 2.0, 0.0, -1.0, 2.0, 0.0, 1.0, -1.0, 95591.0, 619.0, 99439.0
0.0, 2.0, 0.0, 1.0, -1.0, 3.0, 3.0, -1.0, 1.0, 3.0, 1.0, 3.0, 3.0, 2.0, 3.0, 1.0, 0.0, 0.0, 2.0, 1.0, -1.0, 0.0, 2.0, -1.0, 2.0, -1.0, 0.0, -1.0, 3.0, -1.0, 2.0, 3.0, -1.0, 0.0, 2.0, 3.0, 1.0, -1.0, 0.0, -1.0, -1.0, 1.0, -1.0, 2.0, 1.0, 0.0, -1.0, 0.0, 2.0, 1.0, 96110.0, 539.0, 99518.0
1.0, 0.0, 3.0, 0.0, 1.0, 1.0, 2.0, 2.0, 2.0, 2.0, 0.0, 3.0, 1.0, 3.0, -1.0, -1.0, 2.0, 0.0, 0.0, -1.0, 0.0, 0.0, 1.0, -1.0, 1.0, -1.0, 1.0, -1.0, 3.0, 0.0, -1.0, -1.0, 2.0, 2.0, -1.0, 2.0, 1.0, 1.0, 2.0, 0.0, -1.0, -1.0, 3.0, 3.0, 0.0, 1.0, -1.0, 2.0, -1.0, 2.0, 96026.0, 543.0, 99514.0
1.0, 2.0, -1.0, 0.0, 1.0, -1.0, 2.0, 2.0, 0.0, 2.0, 1.0, -1.0, 0.0, 3.0, 1.0, 0.0, 2.0, 3.0, -1.0, 1.0, 3.0, 1.0, 2.0, -1.0, -1.0, -1.0, 2.0, 0.0, 2.0, 3.0, 1.0, 1.0, 0.0, 2.0, -1.0, 0.0, 0.0, 2.0, 1.0, 0.0, -1.0, 1.0, 0.0, 3.0, -1.0, 1.0, 0.0, 2.0, -1.0, 3.0, 95896.0, 566.0, 99500.0
-1.0, 1.0, 2.0, 3.0, 3.0, 2.0, 1.0, 0.0, 1.0, -1.0, 0.0, 2.0, -1.0, 1.0, 3.0, 1.0, 0.0, 0.0, 2.0, 3.0, 0.0, 2.0, 3.0, -1.0, 0.0, 1.0, 2.0, 1.0, 0.0, 0.0, 1.0, 3.0, 2.0, 3.0, 0.0, 2.0, 0.0, 3.0, 0.0, 3.0, -1.0, 0.0, 1.0, 0.0, 2.0, -1.0, -1.0, 2.0, 1.0, 3.0, 95416.0, 624.0, 99445.0
0.0, 0.0, 1.0, 2.0, -1.0, -1.0, 3.0, -1.0, 1.0, 1.0, 2.0, 0.0, -1.0, 1.0, 2.0, 2.0, -1.0, 2.0, 1.0, 3.0, -1.0, 0.0, -1.0, -1.0, 1.0, 3.0, 2.0, 1.0, 1.0, 2.0, 2.0, 0.0, 2.0, 3.0, 1.0, -1.0, 2.0, -1.0, -1.0, 0.0, 1.0, 0.0, 2.0, 1.0, 0.0, 0.0, 0.0, 3.0, -1.0, -1.0, 96151.0, 523.0, 99526.0
-1.0, 0.0, 3.0, 2.0, 0.0, 1.0, -1.0, 3.0, -1.0, 0.0, -1.0, 2.0, 3.0, 2.0, -1.0, -1.0, 3.0, -1.0, -1.0, 0.0, -1.0, 1.0, 0.0, -1.0, 0.0, 1.0, 0.0, 2.0, 3.0, 2.0, 1.0, 0.0, 0.0, 1.0, 1.0, -1.0, 1.0, 1.0, 2.0, -1.0, 1.0, -1.0, 0.0, 2.0, 0.0, -1.0, 3.0, 0.0, 2.0, -1.0, 96037.0, 509.0, 99539.0
3.0, 2.0, 3.0, 0.0, 2.0, -1.0, 3.0, 2.0, 3.0, -1.0, 1.0, -1.0, 2.0, 0.0, -1.0, 0.0, 2.0, -1.0, 0.0, 2.0, 1.0, 2.0, 1.0, 1.0, 3.0, 3.0, 1.0, -1.0, 1.0, 1.0, 0.0, 3.0, 0.0, 2.0, 1.0, -1.0, 3.0, 0.0, 2.0, 2.0, 1.0, -1.0, 2.0, -1.0, 1.0, 0.0, 1.0, 1.0, 0.0, 0.0, 95619.0, 595.0, 99456.0
2.0, -1.0, 1.0, 1.0, 3.0, 2.0, 1.0, 2.0, 1.0, 2.0, 3.0, 0.0, 0.0, 0.0, 1.0, 3.0, -1.0, 0.0, -1.0, 2.0, 2.0, 2.0, 0.0, -1.0, 0.0, 3.0, 1.0, 1.0, 2.0, 3.0, 3.0, -1.0, 2.0, 0.0, 1.0, 3.0, 3.0, 3.0, 1.0, 3.0, 0.0, 0.0, 1.0, 2.0, 0.0, -1.0, 2.0, 0.0, 1.0, -1.0, 95591.0, 619.0, 99439.0
2.0, 2.0, 2.0, 0.0, 1.0, 2.0, 0.0, -1.0, 3.0, 2.0, 2.0, -1.0, 3.0, 3.0, 1.0, 3.0, 3.0, 1.0, -1.0, -1.0, 0.0, 0.0, 2.0, 0.0, 1.0, 1.0, 3.0, -1.0, 0.0, -1.0, 2.0, 0.0, -1.0, 0.0, 1.0, 1.0, 0.0, 1.0, 0.0, 2.0, 0.0, 3.0, 1.0, 2.0, 0.0, 0.0, 1.0, -1.0, 3.0, 3.0, 95577.0, 617.0, 99452.0
1.0, 3.0, 0.0, 2.0, 1.0, -1.0, 0.0, 1.0, 1.0, 3.0, 2.0, 0.0, 3.0, 0.0, 0.0, 2.0, 1.0, -1.0, 3.0, 3.0, 1.0, -1.0, 2.0, -1.0, 0.0, 2.0, 0.0, 0.0, 3.0, 2.0, 1.0, 0.0, 3.0, 1.0, 2.0, 3.0, 1.0, 1.0, 0.0, -1.0, 3.0, 2.0, 1.0, -1.0, 1.0, 3.0, 1.0, 2.0, 2.0, 2.0, 95359.0, 637.0, 99427.0
1.0, 1.0, 2.0, 2.0, 0.0, 0.0, 1.0, -1.0, 2.0, 2.0, 0.0, 1.0, -1.0, 0.0, -1.0, 0.0, 1.0, 2.0, 1.0, -1.0, 0.0, -1.0, 2.0, 2.0, -1.0, -1.0, 2.0, 0.0, 3.0, -1.0, 1.0, 1.0, -1.0, 3.0, 0.0, 2.0, 3.0, 2.0, 1.0, 0.0, -1.0, 3.0, 2.0, 2.0, 0.0, 0.0, 0.0, 2.0, 2.0, 1.0, 95666.0, 589.0, 99489.0
-1.0, 0.0, 3.0, 0.0, 1.0, 1.0, 2.0, 2.0, 2.0, -1.0, 0.0, 3.0, 1.0, 3.0, -1.0, -1.0, 2.0, 0.0, 0.0, -1.0, 0.0, 0.0, 1.0, -1.0, 1.0, -1.0, 1.0, -1.0, 3.0, 0.0, -1.0, -1.0, 2.0, 2.0, -1.0, 2.0, 0.0, 1.0, 2.0, 0.0, -1.0, -1.0, 3.0, 3.0, 0.0, 1.0, 0.0, 2.0, -1.0, 2.0, 96071.0, 526.0, 99529.0
1.0, -1.0, 3.0, 3.0, 0.0, 3.0, 2.0, -1.0, 3.0, 1.0, 1.0, 3.0, 0.0, -1.0, 1.0, 1.0, -1.0, 3.0, 2.0, 2.0, 0.0, 2.0, 3.0, 3.0, 0.0, 2.0, 3.0, 1.0, 1.0, 2.0, 0.0, 1.0, 0.0, 2.0, 2.0, -1.0, 0.0, 2.0, 0.0, 1.0, 1.0, 0.0, 1.0, 3.0, 2.0, -1.0, 1.0, 2.0, 3.0, -1.0, 95703.0, 615.0, 99449.0
2.0, 3.0, 1.0, 0.0, 3.0, -1.0, 1.0, 1.0, 2.0, 3.0, 0.0, 2.0, 2.0, 1.0, 3.0, -1.0, 1.0, -1.0, -1.0, 0.0, 2.0, 1.0, 3.0, 1.0, 2.0, -1.0, 1.0, 3.0, 1.0, 0.0, 1.0, 0.0, 0.0, 2.0, 0.0, -1.0, 2.0, 2.0, -1.0, 0.0, 2.0, 2.0, 2.0, -1.0, 0.0, 3.0, 0.0, 0.0, 1.0, -1.0, 95723.0, 585.0, 99463.0
-1.0, 2.0, 3.0, 1.0, -1.0, -1.0, 2.0, 3.0, 2.0, -1.0, 2.0, 1.0, 2.0, 2.0, -1.0, 1.0, -1.0, -1.0, 1.0, 0.0, 1.0, -1.0, 1.0, 0.0, -1.0, -1.0, 2.0, 0.0, 0.0, 1.0, -1.0, 2.0, 0.0, 1.0, 2.0, -1.0, 3.0, 0.0, -1.0, -1.0, -1.0, -1.0, 0.0, 3.0, 0.0, -1.0, 1.0, 0.0, 0.0, 3.0, 96415.0, 470.0, 99576.0
-1.0, 0.0, 1.0, 1.0, -1.0, -1.0, 1.0, 1.0, 0.0, 0.0, 1.0, 2.0, -1.0, -1.0, 0.0, 2.0, 2.0, -1.0, 0.0, 0.0, 1.0, 0.0, 2.0, 1.0, 2.0, 2.0, 2.0, -1.0, 1.0, -1.0, -1.0, -1.0, 1.0, 3.0, -1.0, 3.0, -1.0, 3.0, 1.0, 2.0, 3.0, 0.0, 0.0, 2.0, 3.0, 2.0, 0.0, 3.0, 1.0, -1.0, 96032.0, 540.0, 99518.0
3.0, -1.0, -1.0, 3.0, 3.0, 1.0, 2.0, 2.0, 2.0, -1.0, 0.0, -1.0, -1.0, -1.0, 3.0, 1.0, -1.0, 1.0, 1.0, 0.0, 0.0, 2.0, 1.0, 3.0, 0.0, 1.0, 0.0, 1.0, 0.0, 3.0, 0.0, 1.0, 0.0, 2.0, 2.0, 1.0, 2.0, 3.0, 3.0, 1.0, 1.0, -1.0, -1.0, -1.0, 1.0, -1.0, 0.0, 2.0, 2.0, -1.0, 95963.0, 545.0, 99507.0
-1.0, 2.0, 3.0, 1.0, -1.0, -1.0, 2.0, 3.0, 2.0, -1.0, 2.0, 1.0, 2.0, 2.0, -1.0, 1.0, -1.0, -1.0, 1.0, 0.0, 1.0, -1.0, 1.0, 0.0, -1.0, -1.0, 2.0, 0.0, 0.0, 1.0, -1.0, 2.0, 0.0, 1.0, 2.0, -1.0, 3.0, 0.0, -1.0, -1.0, -1.0, -1.0, 0.0, 3.0, 0.0, -1.0, 1.0, 0.0, 0.0, 3.0, 96415.0, 470.0, 99576.0
1.0, 0.0, 1.0, 1.0, 0.0, -1.0, 2.0, 0.0, 3.0, 0.0, 3.0, 2.0, 3.0, -1.0, 2.0, 2.0, -1.0, -1.0, 3.0, 2.0, 1.0, 1.0, 1.0, 3.0, 1.0, 2.0, 3.0, 1.0, 2.0, 0.0, 3.0, -1.0, -1.0, -1.0, 0.0, 2.0, 3.0, -1.0, 1.0, 2.0, 1.0, -1.0, 0.0, 3.0, 0.0, -1.0, 0.0, 0.0, 0.0, -1.0, 95999.0, 560.0, 99498.0
3.0, 2.0, 3.0, 0.0, 2.0, -1.0, 3.0, 2.0, 3.0, -1.0, 1.0, -1.0, 2.0, 0.0, -1.0, 0.0, 2.0, 0.0, 0.0, 2.0, 1.0, 2.0, 1.0, 1.0, 3.0, 3.0, 1.0, 1.0, 1.0, 1.0, 0.0, 3.0, 0.0, 2.0, 1.0, -1.0, 3.0, 0.0, 2.0, 2.0, 1.0, -1.0, 2.0, -1.0, 1.0, 0.0, 1.0, 1.0, 0.0, 0.0, 95454.0, 624.0, 99438.0
2.0, -1.0, 1.0, 1.0, 3.0, 2.0, 1.0, 2.0, 1.0, 2.0, 3.0, 0.0, 0.0, 0.0, 1.0, 3.0, -1.0, -1.0, -1.0, 2.0, 2.0, 2.0, 0.0, -1.0, 0.0, 3.0, 1.0, -1.0, 2.0, 3.0, 3.0, -1.0, 2.0, 0.0, 1.0, 3.0, 3.0, 3.0, 1.0, 3.0, 0.0, 0.0, 1.0, 2.0, 0.0, -1.0, 2.0, 0.0, 1.0, -1.0, 95756.0, 590.0, 99457.0
0.0, 2.0, 0.0, 1.0, -1.0, 3.0, 3.0, -1.0, 1.0, 3.0, 1.0, 3.0, 3.0, 2.0, 3.0, 1.0, 0.0, 0.0, 2.0, 1.0, -1.0, 0.0, 2.0, -1.0, 2.0, -1.0, 0.0, -1.0, 3.0, -1.0, 2.0, 3.0, -1.0, 0.0, 2.0, 3.0, 1.0, -1.0, 0.0, -1.0, -1.0, 1.0, -1.0, 2.0, 1.0, 0.0, -1.0, 0.0, 2.0, 1.0, 96110.0, 539.0, 99518.0
1.0, 0.0, 3.0, 0.0, 1.0, 1.0, 2.0, 2.0, 2.0, 2.0, 0.0, 3.0, 1.0, 3.0, -1.0, -1.0, 2.0, 0.0, 0.0, -1.0, 0.0, 0.0, 1.0, -1.0, 1.0, -1.0, 1.0, -1.0, 3.0, 0.0, -1.0, -1.0, 2.0, 2.0, -1.0, 2.0, 1.0, 1.0, 2.0, 0.0, -1.0, -1.0, 3.0, 3.0, 0.0, 1.0, -1.0, 2.0, -1.0, 2.0, 96026.0, 543.0, 99514.0
1.0, 2.0, -1.0, 0.0, 1.0, -1.0, 2.0, 2.0, 0.0, 2.0, 1.0, -1.0, 0.0, 3.0, 1.0, 0.0, 2.0, 3.0, -1.0, 1.0, 3.0, 1.0, 2.0, -1.0, -1.0, -1.0, 2.0, 0.0, 2.0, 3.0, 1.0, 1.0, 0.0, 2.0, -1.0, 0.0, 0.0, 2.0, 1.0, 0.0, -1.0, 1.0, 0.0, 3.0, -1.0, 1.0, 0.0, 2.0, -1.0, 3.0, 95896.0, 566.0, 99500.0
1.0, -1.0, 3.0, 3.0, 0.0, 3.0, 2.0, -1.0, 3.0, 1.0, 1.0, 3.0, 0.0, -1.0, 1.0, 1.0, -1.0, 3.0, 2.0, 2.0, 0.0, 2.0, 3.0, 3.0, 0.0, 2.0, 3.0, 1.0, 1.0, 2.0, 0.0, 1.0, 0.0, 2.0, 2.0, -1.0, 0.0, 2.0, 0.0, 1.0, 1.0, 0.0, 1.0, 3.0, 2.0, -1.0, 1.0, 2.0, 3.0, -1.0, 95703.0, 615.0, 99449.0
0.0, 0.0, 1.0, 0.0, 0.0, 1.0, 0.0, 1.0, 2.0, 0.0, 0.0, 2.0, 0.0, 0.0, 0.0, 0.0, 0.0, 0.0, 0.0, 2.0, 0.0, 0.0, 0.0, 1.0, 0.0, 2.0, 1.0, 1.0, 0.0, 2.0, 0.0, 1.0, 0.0, 0.0, 0.0, 1.0, 0.0, 1.0, 0.0, 0.0, 0.0, 0.0, 2.0, 0.0, 0.0, 0.0, 0.0, 0.0, 0.0, 0.0, 93365.0, 734.0, 99365.0
-1.0, 1.0, -1.0, -1.0, -1.0, 0.0, 0.0, -1.0, 1.0, 1.0, 3.0, 2.0, -1.0, 2.0, 1.0, 0.0, 2.0, -1.0, 2.0, 0.0, 2.0, -1.0, 0.0, 2.0, 1.0, 0.0, 1.0, -1.0, 1.0, 2.0, 3.0, 2.0, 2.0, 0.0, 3.0, 1.0, 0.0, 1.0, -1.0, 2.0, 1.0, -1.0, 3.0, -1.0, -1.0, 1.0, 2.0, 3.0, -1.0, 0.0, 95944.0, 531.0, 99521.0
3.0, 2.0, 3.0, 0.0, 2.0, -1.0, 3.0, 2.0, 3.0, -1.0, 1.0, -1.0, 2.0, 0.0, -1.0, 0.0, 2.0, -1.0, 0.0, 2.0, 1.0, 2.0, 1.0, 1.0, 3.0, 3.0, 1.0, -1.0, 1.0, 1.0, 0.0, 3.0, 0.0, 2.0, 1.0, -1.0, 3.0, 0.0, 2.0, 2.0, 1.0, -1.0, 2.0, -1.0, 1.0, 0.0, 1.0, 1.0, 0.0, 0.0, 95619.0, 595.0, 99456.0
2.0, -1.0, 1.0, 1.0, 3.0, 2.0, 1.0, 2.0, 1.0, 2.0, 3.0, 0.0, 0.0, 0.0, 1.0, 3.0, -1.0, 0.0, -1.0, 2.0, 2.0, 2.0, 0.0, -1.0, 0.0, 3.0, 1.0, 1.0, 2.0, 3.0, 3.0, -1.0, 2.0, 0.0, 1.0, 3.0, 3.0, 3.0, 1.0, 3.0, 0.0, 0.0, 1.0, 2.0, 0.0, -1.0, 2.0, 0.0, 1.0, -1.0, 95591.0, 619.0, 99439.0
2.0, 2.0, 2.0, 0.0, 1.0, 2.0, 0.0, -1.0, 3.0, 2.0, 2.0, -1.0, 3.0, 3.0, 1.0, 3.0, 3.0, 1.0, -1.0, -1.0, 0.0, 0.0, 2.0, 0.0, 1.0, 1.0, 3.0, -1.0, 0.0, -1.0, 2.0, 0.0, -1.0, 0.0, 1.0, 1.0, 0.0, 1.0, 0.0, 2.0, 0.0, 3.0, 1.0, 2.0, 0.0, 0.0, 1.0, -1.0, 3.0, 3.0, 95577.0, 617.0, 99452.0
0.0, 2.0, 0.0, 1.0, -1.0, 3.0, 3.0, -1.0, 1.0, 3.0, 1.0, 3.0, 3.0, 2.0, 3.0, 1.0, 0.0, 0.0, 2.0, 1.0, -1.0, 0.0, 2.0, -1.0, 2.0, -1.0, 0.0, 0.0, 3.0, -1.0, 2.0, 3.0, -1.0, 0.0, 2.0, 3.0, 1.0, -1.0, 0.0, -1.0, -1.0, 1.0, 2.0, 2.0, 1.0, 0.0, -1.0, 0.0, 2.0, 1.0, 95917.0, 565.0, 99496.0
1.0, -1.0, 3.0, 0.0, 1.0, 1.0, 2.0, 2.0, 2.0, 2.0, 0.0, 3.0, 1.0, 3.0, -1.0, -1.0, 2.0, 0.0, 0.0, -1.0, 0.0, 0.0, 1.0, -1.0, 1.0, -1.0, 1.0, -1.0, 3.0, 0.0, -1.0, -1.0, 2.0, 2.0, -1.0, 2.0, 0.0, 1.0, 2.0, 0.0, -1.0, -1.0, 3.0, 3.0, 0.0, 1.0, 0.0, 2.0, -1.0, 2.0, 96047.0, 541.0, 99517.0
1.0, 0.0, 3.0, 3.0, 0.0, 3.0, 2.0, -1.0, 3.0, 1.0, 1.0, 3.0, 0.0, -1.0, 1.0, 1.0, -1.0, 3.0, 2.0, 2.0, 0.0, 2.0, 3.0, 3.0, 0.0, 2.0, 3.0, 1.0, 1.0, 2.0, 0.0, 1.0, 0.0, 2.0, 2.0, -1.0, 0.0, 2.0, 0.0, 1.0, 1.0, 0.0, 1.0, 3.0, 2.0, -1.0, 1.0, 2.0, 3.0, -1.0, 95515.0, 632.0, 99434.0
2.0, 3.0, 1.0, 0.0, 3.0, -1.0, 1.0, 1.0, 2.0, 3.0, 0.0, 2.0, 2.0, 1.0, 3.0, -1.0, 1.0, -1.0, -1.0, 0.0, 2.0, 1.0, 3.0, 1.0, 2.0, -1.0, 1.0, 3.0, 1.0, 0.0, 1.0, 0.0, 0.0, 2.0, 0.0, -1.0, 2.0, 2.0, -1.0, 0.0, 2.0, 2.0, 2.0, -1.0, 0.0, 3.0, 0.0, 0.0, 1.0, -1.0, 95723.0, 585.0, 99463.0
1.0, 0.0, 1.0, 1.0, 0.0, 1.0, 2.0, 0.0, 0.0, 0.0, 3.0, 2.0, 3.0, -1.0, 2.0, 2.0, -1.0, -1.0, 3.0, 2.0, 1.0, 1.0, 1.0, 3.0, 1.0, 2.0, 3.0, 1.0, 2.0, 0.0, 3.0, -1.0, -1.0, -1.0, 0.0, 2.0, 3.0, -1.0, 1.0, 2.0, 1.0, -1.0, 0.0, 3.0, 0.0, -1.0, 0.0, 0.0, 0.0, -1.0, 95801.0, 578.0, 99487.0
2.0, -1.0, 1.0, 1.0, 3.0, -1.0, 1.0, 2.0, 1.0, 2.0, 3.0, 0.0, 0.0, 0.0, 1.0, 3.0, -1.0, 0.0, -1.0, 2.0, 2.0, 2.0, 0.0, -1.0, 0.0, 3.0, 1.0, 1.0, 2.0, 3.0, 3.0, -1.0, 2.0, 0.0, 1.0, 3.0, 3.0, 3.0, 1.0, 3.0, 0.0, 0.0, 1.0, 2.0, 0.0, -1.0, 1.0, 0.0, 1.0, -1.0, 95650.0, 601.0, 99450.0
0.0, 2.0, 0.0, 1.0, -1.0, 3.0, 3.0, -1.0, 1.0, 3.0, 1.0, 3.0, 3.0, 2.0, 3.0, 1.0, 0.0, 0.0, 2.0, 1.0, -1.0, 0.0, 2.0, -1.0, 2.0, -1.0, 0.0, -1.0, 3.0, -1.0, 2.0, 3.0, -1.0, 0.0, 2.0, 3.0, 1.0, -1.0, 0.0, -1.0, -1.0, -1.0, -1.0, 2.0, 1.0, 0.0, -1.0, 0.0, 2.0, 1.0, 96168.0, 527.0, 99524.0
1.0, 2.0, -1.0, 0.0, 1.0, -1.0, 2.0, 2.0, 0.0, 2.0, 1.0, -1.0, 0.0, 3.0, 1.0, 0.0, 2.0, 3.0, -1.0, 1.0, 3.0, 1.0, 2.0, -1.0, -1.0, -1.0, 2.0, 0.0, 2.0, 3.0, 1.0, 1.0, 0.0, 2.0, -1.0, 0.0, 0.0, 2.0, 1.0, 0.0, -1.0, 1.0, 0.0, 3.0, -1.0, 1.0, 0.0, 2.0, -1.0, 3.0, 95896.0, 566.0, 99500.0
-1.0, 1.0, 2.0, 3.0, 3.0, 2.0, 1.0, 0.0, 1.0, -1.0, 0.0, 2.0, -1.0, 1.0, 3.0, 1.0, 0.0, 0.0, 2.0, 3.0, 0.0, 2.0, 3.0, -1.0, 0.0, 1.0, 2.0, 1.0, 0.0, 0.0, 1.0, 3.0, 2.0, 3.0, 0.0, 2.0, 0.0, 3.0, 0.0, 3.0, -1.0, 0.0, 1.0, 0.0, 2.0, -1.0, -1.0, 2.0, 1.0, 3.0, 95416.0, 624.0, 99445.0
0.0, 0.0, 1.0, 2.0, -1.0, -1.0, 3.0, -1.0, 1.0, 1.0, 2.0, 0.0, -1.0, 1.0, 2.0, 2.0, -1.0, 2.0, 1.0, 3.0, -1.0, 0.0, -1.0, -1.0, 1.0, 3.0, 2.0, 1.0, 1.0, 2.0, 2.0, 0.0, 2.0, 3.0, 1.0, -1.0, 2.0, -1.0, -1.0, 0.0, 1.0, 0.0, 2.0, 1.0, 0.0, 0.0, 0.0, 3.0, -1.0, -1.0, 96151.0, 523.0, 99526.0
-1.0, 0.0, 3.0, 2.0, 0.0, 1.0, -1.0, 3.0, -1.0, 0.0, -1.0, 2.0, 3.0, 2.0, -1.0, -1.0, 3.0, -1.0, -1.0, 0.0, -1.0, 1.0, 0.0, -1.0, 0.0, 1.0, 0.0, 2.0, 3.0, 2.0, 1.0, 0.0, 0.0, 1.0, 1.0, -1.0, 1.0, 1.0, 2.0, -1.0, 1.0, -1.0, 0.0, 2.0, 0.0, -1.0, 3.0, 0.0, 2.0, -1.0, 96037.0, 509.0, 99539.0
0.0, 3.0, 2.0, 2.0, -1.0, 2.0, 0.0, -1.0, 1.0, 3.0, 1.0, -1.0, 0.0, 2.0, 1.0, -1.0, 2.0, 1.0, 2.0, 3.0, 3.0, -1.0, 0.0, 1.0, 1.0, -1.0, 2.0, 3.0, 0.0, 2.0, 1.0, 2.0, -1.0, 0.0, 0.0, 2.0, 3.0, 1.0, 2.0, 1.0, -1.0, -1.0, 0.0, -1.0, -1.0, -1.0, 3.0, 3.0, 3.0, 1.0, 96083.0, 548.0, 99501.0
3.0, -1.0, -1.0, 0.0, 3.0, 1.0, 2.0, 2.0, 0.0, 3.0, 0.0, -1.0, -1.0, -1.0, 3.0, 1.0, -1.0, 0.0, 1.0, 0.0, 0.0, 2.0, 1.0, 3.0, 0.0, 1.0, 0.0, 1.0, 0.0, 3.0, 0.0, 1.0, 0.0, 2.0, 2.0, 1.0, 2.0, 3.0, 3.0, 2.0, 1.0, 0.0, -1.0, -1.0, 1.0, -1.0, 0.0, 2.0, 2.0, -1.0, 95717.0, 570.0, 99488.0
2.0, -1.0, 1.0, 1.0, 3.0, 2.0, 1.0, 2.0, 1.0, 2.0, 3.0, 0.0, 0.0, 0.0, 1.0, 3.0, -1.0, 0.0, -1.0, 2.0, 2.0, 2.0, 0.0, -1.0, 0.0, 3.0, 1.0, 1.0, 2.0, 3.0, 3.0, -1.0, 2.0, 0.0, 1.0, 3.0, 3.0, 3.0, 1.0, 3.0, 0.0, 0.0, 1.0, 2.0, 0.0, -1.0, 2.0, 0.0, 1.0, -1.0, 95591.0, 619.0, 99439.0
2.0, 2.0, 2.0, 0.0, 1.0, 2.0, 0.0, -1.0, 3.0, 2.0, 2.0, -1.0, 3.0, 3.0, 1.0, 3.0, 3.0, 1.0, -1.0, -1.0, 0.0, 0.0, 2.0, 0.0, 1.0, 1.0, 3.0, -1.0, 0.0, -1.0, 2.0, 0.0, -1.0, 0.0, 1.0, 1.0, 0.0, 1.0, 0.0, 2.0, 0.0, 3.0, 1.0, 2.0, 0.0, 0.0, 1.0, -1.0, 3.0, 3.0, 95577.0, 617.0, 99452.0
1.0, 3.0, 0.0, 2.0, 1.0, -1.0, 0.0, 1.0, 1.0, 3.0, 2.0, 0.0, 3.0, 0.0, 0.0, 2.0, 1.0, -1.0, 3.0, 3.0, 1.0, -1.0, 2.0, -1.0, 0.0, 2.0, 0.0, 0.0, 3.0, 2.0, 1.0, 0.0, 3.0, 1.0, 2.0, 3.0, 1.0, 1.0, 0.0, -1.0, 3.0, 2.0, 1.0, -1.0, 1.0, 3.0, 1.0, 2.0, 2.0, 2.0, 95359.0, 637.0, 99427.0
-1.0, 0.0, 3.0, 0.0, 1.0, 1.0, 2.0, 2.0, 2.0, -1.0, 0.0, 3.0, 1.0, 3.0, -1.0, -1.0, 2.0, 0.0, 0.0, -1.0, 0.0, 0.0, 1.0, -1.0, 1.0, -1.0, 1.0, 0.0, 3.0, 0.0, -1.0, -1.0, 2.0, 2.0, -1.0, 2.0, 0.0, 1.0, 2.0, 0.0, -1.0, -1.0, 3.0, 3.0, 0.0, 1.0, 0.0, 2.0, -1.0, 2.0, 95949.0, 542.0, 99517.0
1.0, -1.0, 3.0, 3.0, 0.0, 3.0, 2.0, -1.0, 3.0, 1.0, 1.0, 3.0, 0.0, -1.0, 1.0, 1.0, -1.0, 3.0, 2.0, 2.0, 0.0, 2.0, 3.0, 3.0, 0.0, 2.0, 3.0, 1.0, 1.0, 2.0, 0.0, 1.0, 0.0, 2.0, 2.0, -1.0, 0.0, 2.0, 0.0, 1.0, 1.0, 0.0, 1.0, 3.0, 2.0, -1.0, 1.0, 2.0, 3.0, -1.0, 95703.0, 615.0, 99449.0
2.0, 3.0, 1.0, 0.0, 3.0, -1.0, 1.0, 1.0, 2.0, 3.0, 0.0, 2.0, 2.0, 1.0, 3.0, -1.0, 1.0, -1.0, -1.0, 0.0, 2.0, 1.0, 3.0, 1.0, 2.0, -1.0, 1.0, 3.0, 1.0, 0.0, 1.0, 0.0, 0.0, 2.0, 0.0, -1.0, 2.0, 2.0, -1.0, 0.0, 2.0, 2.0, 2.0, -1.0, 0.0, 3.0, 0.0, 0.0, 1.0, -1.0, 95723.0, 585.0, 99463.0
-1.0, 2.0, 3.0, 1.0, -1.0, -1.0, 2.0, 3.0, 2.0, -1.0, 2.0, 1.0, 2.0, 2.0, -1.0, 1.0, -1.0, -1.0, 1.0, 0.0, 1.0, -1.0, 1.0, 0.0, -1.0, -1.0, 2.0, 0.0, 0.0, 1.0, -1.0, 2.0, 0.0, 1.0, 2.0, -1.0, 3.0, 0.0, -1.0, -1.0, -1.0, -1.0, 0.0, 3.0, 0.0, -1.0, 1.0, 0.0, 0.0, 3.0, 96415.0, 470.0, 99576.0
-1.0, 0.0, 1.0, 1.0, -1.0, -1.0, 1.0, 1.0, 0.0, 0.0, 1.0, 2.0, -1.0, -1.0, 0.0, 2.0, 2.0, -1.0, 0.0, 0.0, 1.0, 0.0, 2.0, 1.0, 2.0, 2.0, 2.0, -1.0, 1.0, -1.0, -1.0, -1.0, 1.0, 3.0, -1.0, 3.0, -1.0, 3.0, 1.0, 2.0, 3.0, 0.0, 0.0, 2.0, 3.0, 2.0, 0.0, 3.0, 1.0, -1.0, 96032.0, 540.0, 99518.0
3.0, -1.0, -1.0, 3.0, 3.0, 1.0, 2.0, 2.0, 2.0, -1.0, 0.0, -1.0, -1.0, -1.0, 3.0, 1.0, -1.0, 1.0, 1.0, 0.0, 0.0, 2.0, 1.0, 3.0, 0.0, 1.0, 0.0, 1.0, 0.0, 3.0, 0.0, 1.0, 0.0, 2.0, 2.0, 1.0, 2.0, 3.0, 3.0, 1.0, 1.0, -1.0, -1.0, -1.0, 1.0, -1.0, 0.0, 2.0, 2.0, -1.0, 95963.0, 545.0, 99507.0
0.0, 0.0, 1.0, 2.0, 1.0, -1.0, -1.0, 0.0, 0.0, 1.0, 1.0, 3.0, -1.0, 0.0, 0.0, 2.0, 3.0, 1.0, 1.0, 2.0, 0.0, 3.0, 1.0, -1.0, 3.0, 2.0, 0.0, 3.0, 2.0, 0.0, 2.0, 3.0, -1.0, 0.0, 2.0, 1.0, -1.0, 0.0, 0.0, 1.0, 3.0, 2.0, 0.0, 2.0, 2.0, 1.0, -1.0, 3.0, 1.0, -1.0, 95457.0, 614.0, 99463.0
-1.0, 2.0, 3.0, 1.0, -1.0, -1.0, 2.0, 3.0, 2.0, 2.0, 2.0, 1.0, 2.0, 2.0, -1.0, 1.0, 3.0, -1.0, 1.0, 0.0, 1.0, -1.0, 1.0, 3.0, -1.0, -1.0, 2.0, 1.0, 0.0, 1.0, -1.0, 2.0, 0.0, 1.0, 2.0, -1.0, 3.0, 0.0, -1.0, -1.0, -1.0, -1.0, 0.0, 3.0, 0.0, -1.0, 1.0, 1.0, 0.0, 3.0, 96337.0, 501.0, 99547.0
2.0, 3.0, 1.0, 0.0, 3.0, -1.0, 1.0, 1.0, 2.0, 3.0, 0.0, 2.0, 1.0, 1.0, 3.0, -1.0, 1.0, -1.0, -1.0, 0.0, 2.0, 1.0, 3.0, 1.0, 2.0, -1.0, 1.0, 3.0, 1.0, 0.0, 1.0, 0.0, 0.0, 2.0, 0.0, -1.0, 2.0, 2.0, -1.0, 0.0, 2.0, 2.0, 2.0, -1.0, 0.0, -1.0, 0.0, 0.0, 3.0, -1.0, 95805.0, 567.0, 99475.0
-1.0, 0.0, 1.0, 1.0, -1.0, -1.0, 1.0, 1.0, 0.0, 0.0, 1.0, 2.0, -1.0, -1.0, 0.0, 2.0, 2.0, -1.0, 0.0, 0.0, 1.0, 0.0, 2.0, 1.0, 2.0, 2.0, 2.0, -1.0, 1.0, -1.0, -1.0, -1.0, 1.0, 3.0, -1.0, 3.0, -1.0, 3.0, 1.0, 2.0, 3.0, 0.0, 0.0, 2.0, 3.0, 2.0, 0.0, 3.0, 1.0, -1.0, 96032.0, 540.0, 99518.0
-1.0, 1.0, 2.0, 3.0, 3.0, 2.0, 1.0, 0.0, 1.0, -1.0, 0.0, 2.0, -1.0, 1.0, 3.0, 1.0, 0.0, 0.0, 2.0, 3.0, 0.0, 2.0, 3.0, -1.0, 0.0, 1.0, 2.0, 1.0, 0.0, 0.0, 1.0, 3.0, 2.0, 3.0, 0.0, 2.0, 0.0, 3.0, 0.0, 3.0, -1.0, 2.0, 1.0, 0.0, 2.0, -1.0, -1.0, 2.0, 1.0, 3.0, 95446.0, 624.0, 99445.0
1.0, 3.0, 0.0, -1.0, 1.0, -1.0, 0.0, 1.0, 1.0, 3.0, 2.0, 0.0, 3.0, 0.0, 1.0, 2.0, 1.0, -1.0, 3.0, 3.0, 1.0, -1.0, 2.0, -1.0, 0.0, 2.0, 0.0, 0.0, 3.0, 2.0, 1.0, 0.0, 3.0, 1.0, 2.0, 3.0, 0.0, 1.0, 3.0, -1.0, 3.0, 2.0, 1.0, -1.0, 0.0, 3.0, 1.0, 2.0, 2.0, 2.0, 95486.0, 627.0, 99440.0
1.0, 3.0, 0.0, -1.0, 1.0, -1.0, 0.0, 1.0, 1.0, 3.0, 2.0, 0.0, 3.0, 0.0, 1.0, 2.0, 1.0, -1.0, 3.0, 3.0, 1.0, -1.0, 2.0, -1.0, 0.0, 2.0, 0.0, 0.0, 3.0, 2.0, 1.0, 0.0, 3.0, 1.0, 2.0, 3.0, 0.0, 1.0, 3.0, -1.0, 3.0, 2.0, 1.0, -1.0, 0.0, 3.0, 1.0, 2.0, 2.0, 2.0, 95486.0, 627.0, 99440.0
1.0, 3.0, 0.0, -1.0, 1.0, -1.0, 0.0, 1.0, 1.0, 3.0, 2.0, 0.0, 3.0, 0.0, 1.0, 2.0, 1.0, -1.0, 3.0, 3.0, 1.0, -1.0, 2.0, -1.0, 0.0, 2.0, 0.0, 0.0, 3.0, 2.0, 1.0, 0.0, 3.0, 1.0, 2.0, 3.0, 0.0, 1.0, 3.0, -1.0, 3.0, 2.0, 1.0, -1.0, 0.0, 3.0, 1.0, 2.0, 2.0, 2.0, 95486.0, 627.0, 99440.0
-1.0, 1.0, 2.0, 2.0, 0.0, 0.0, 1.0, -1.0, 2.0, -1.0, 0.0, 1.0, -1.0, 0.0, -1.0, 0.0, 1.0, 2.0, 1.0, -1.0, 0.0, -1.0, 2.0, 3.0, -1.0, -1.0, 2.0, 0.0, 3.0, -1.0, 1.0, 1.0, -1.0, 3.0, 0.0, 2.0, 3.0, 2.0, 1.0, 0.0, -1.0, 3.0, 2.0, 2.0, 0.0, 0.0, 0.0, 2.0, 2.0, 1.0, 95894.0, 557.0, 99516.0
-1.0, 1.0, 2.0, 2.0, 0.0, 0.0, 1.0, -1.0, 2.0, -1.0, 0.0, 1.0, -1.0, 0.0, -1.0, 0.0, 1.0, 2.0, 1.0, -1.0, 0.0, -1.0, 2.0, 3.0, -1.0, -1.0, 2.0, 0.0, 3.0, -1.0, 1.0, 1.0, -1.0, 3.0, 0.0, 2.0, 3.0, 2.0, 1.0, 0.0, -1.0, 3.0, 2.0, 2.0, 0.0, 0.0, 0.0, 2.0, 2.0, 1.0, 95894.0, 557.0, 99516.0
0.0, 0.0, 1.0, 2.0, 0.0, -1.0, -1.0, 0.0, 1.0, 1.0, 1.0, 3.0, -1.0, 0.0, 0.0, 2.0, 3.0, 1.0, 1.0, 2.0, 0.0, 3.0, 1.0, -1.0, 3.0, 2.0, 0.0, 3.0, 2.0, 0.0, 2.0, 3.0, -1.0, 0.0, 2.0, 1.0, -1.0, 0.0, 0.0, 1.0, 3.0, 2.0, 0.0, 2.0, 2.0, 1.0, -1.0, 3.0, 1.0, -1.0, 95458.0, 614.0, 99463.0
0.0, 2.0, 0.0, 1.0, -1.0, 3.0, 3.0, -1.0, 1.0, 3.0, 1.0, 3.0, 3.0, 2.0, 3.0, 1.0, 0.0, 0.0, 2.0, 1.0, -1.0, 0.0, 2.0, -1.0, 2.0, -1.0, 0.0, 0.0, 3.0, -1.0, 2.0, 3.0, -1.0, 0.0, 2.0, 3.0, 0.0, -1.0, 3.0, -1.0, -1.0, 1.0, -1.0, 2.0, 0.0, 0.0, -1.0, 0.0, 2.0, 1.0, 96016.0, 555.0, 99506.0
1.0, 3.0, 0.0, 2.0, 1.0, -1.0, 0.0, 1.0, 1.0, 3.0, 2.0, 0.0, 3.0, 0.0, 0.0, 2.0, 1.0, -1.0, 3.0, 3.0, 1.0, -1.0, 2.0, -1.0, 0.0, 2.0, 0.0, 0.0, 3.0, 2.0, 1.0, 0.0, 3.0, 1.0, 2.0, 3.0, 0.0, 1.0, 3.0, -1.0, 3.0, 2.0, 1.0, -1.0, 0.0, 3.0, 1.0, 2.0, 2.0, 2.0, 95387.0, 637.0, 99427.0
0.0, 2.0, 0.0, 1.0, -1.0, 3.0, 3.0, -1.0, 1.0, 3.0, 1.0, 3.0, 3.0, 2.0, 3.0, 1.0, 0.0, 0.0, 2.0, 1.0, -1.0, 0.0, 2.0, -1.0, 2.0, -1.0, 0.0, 0.0, 3.0, -1.0, 2.0, 3.0, -1.0, 0.0, 2.0, 3.0, 0.0, -1.0, 3.0, -1.0, -1.0, 1.0, -1.0, 2.0, 0.0, 0.0, -1.0, 0.0, 2.0, 1.0, 96016.0, 555.0, 99506.0
1.0, 3.0, 0.0, 2.0, 1.0, -1.0, 0.0, 1.0, 1.0, 3.0, 2.0, 0.0, 3.0, 0.0, 0.0, 2.0, 1.0, -1.0, 3.0, 3.0, 1.0, -1.0, 2.0, -1.0, 0.0, 2.0, 0.0, 0.0, 3.0, 2.0, 1.0, 0.0, 3.0, 1.0, 2.0, 3.0, 0.0, 1.0, 3.0, -1.0, 3.0, 2.0, 1.0, -1.0, 0.0, 3.0, 1.0, 2.0, 2.0, 2.0, 95387.0, 637.0, 99427.0
-1.0, 1.0, -1.0, -1.0, -1.0, 0.0, 0.0, -1.0, 1.0, 1.0, 3.0, 2.0, -1.0, 2.0, 1.0, 0.0, 2.0, -1.0, 2.0, 0.0, 2.0, -1.0, 0.0, 2.0, 1.0, 0.0, 1.0, -1.0, 1.0, 2.0, 3.0, 2.0, 2.0, 0.0, 3.0, 1.0, 0.0, 1.0, -1.0, 2.0, 1.0, -1.0, 3.0, -1.0, -1.0, 3.0, 2.0, 3.0, -1.0, 0.0, 95982.0, 531.0, 99521.0
-1.0, 1.0, -1.0, -1.0, -1.0, 0.0, 0.0, -1.0, 1.0, 1.0, 3.0, 2.0, -1.0, 2.0, 1.0, 0.0, 2.0, -1.0, 2.0, 0.0, 2.0, -1.0, 0.0, 2.0, 1.0, 0.0, 1.0, -1.0, 1.0, 2.0, 3.0, 2.0, 2.0, 0.0, 3.0, 1.0, 0.0, 1.0, -1.0, 2.0, 1.0, -1.0, 3.0, -1.0, -1.0, 3.0, 2.0, 3.0, -1.0, 0.0, 95982.0, 531.0, 99521.0
-1.0, 1.0, -1.0, -1.0, -1.0, 0.0, 0.0, -1.0, 1.0, 1.0, 3.0, 2.0, -1.0, 2.0, 1.0, 0.0, 2.0, -1.0, 2.0, 0.0, 2.0, -1.0, 0.0, 2.0, 1.0, 0.0, 1.0, -1.0, 1.0, 2.0, 3.0, 2.0, 2.0, 0.0, 3.0, 1.0, 0.0, 1.0, -1.0, 2.0, 1.0, -1.0, 3.0, -1.0, -1.0, 3.0, 2.0, 3.0, -1.0, 0.0, 95982.0, 531.0, 99521.0
-1.0, 1.0, -1.0, -1.0, -1.0, 0.0, 0.0, -1.0, 1.0, 1.0, 3.0, 2.0, -1.0, 2.0, 1.0, 0.0, 2.0, -1.0, 2.0, 0.0, 2.0, -1.0, 0.0, 2.0, 1.0, 0.0, 1.0, -1.0, 1.0, 2.0, 3.0, 2.0, 2.0, 0.0, 3.0, 1.0, 0.0, 1.0, -1.0, 2.0, 1.0, -1.0, 3.0, -1.0, -1.0, 3.0, 2.0, 3.0, -1.0, 0.0, 95982.0, 531.0, 99521.0
-1.0, 1.0, -1.0, -1.0, -1.0, 0.0, 0.0, -1.0, 1.0, 1.0, 3.0, 2.0, -1.0, 2.0, 1.0, 0.0, 2.0, -1.0, 2.0, 0.0, 2.0, -1.0, 0.0, 2.0, 1.0, 0.0, 1.0, -1.0, 1.0, 2.0, 3.0, 2.0, 2.0, 0.0, 3.0, 1.0, 0.0, 1.0, -1.0, 2.0, 1.0, -1.0, 3.0, -1.0, -1.0, 3.0, 2.0, 3.0, -1.0, 0.0, 95982.0, 531.0, 99521.0
-1.0, 1.0, 2.0, 2.0, 0.0, 0.0, 1.0, -1.0, 0.0, -1.0, 0.0, 1.0, -1.0, 0.0, -1.0, 0.0, 3.0, 2.0, 1.0, -1.0, 0.0, -1.0, 2.0, 3.0, -1.0, -1.0, 2.0, 0.0, 3.0, -1.0, 1.0, 1.0, -1.0, 3.0, 0.0, 2.0, 3.0, 2.0, 1.0, 0.0, -1.0, 3.0, 2.0, 2.0, 0.0, 2.0, 0.0, 2.0, 2.0, 1.0, 95958.0, 557.0, 99516.0
1.0, 3.0, 0.0, -1.0, 1.0, 2.0, 0.0, 1.0, 1.0, 3.0, 2.0, 0.0, 3.0, 0.0, 1.0, 2.0, 1.0, -1.0, 3.0, 3.0, 1.0, -1.0, 2.0, -1.0, 0.0, 2.0, 0.0, 0.0, 3.0, 2.0, 1.0, 0.0, 3.0, 1.0, 2.0, 3.0, 0.0, 1.0, 3.0, -1.0, 3.0, 2.0, 1.0, -1.0, 0.0, 3.0, 2.0, 2.0, 2.0, 2.0, 95427.0, 645.0, 99429.0
-1.0, 1.0, 2.0, 2.0, 0.0, 0.0, 1.0, -1.0, 0.0, -1.0, 0.0, 1.0, -1.0, 0.0, -1.0, 0.0, 3.0, 2.0, 1.0, -1.0, 0.0, -1.0, 2.0, 3.0, -1.0, -1.0, 2.0, 0.0, 3.0, -1.0, 1.0, 1.0, -1.0, 3.0, 0.0, 2.0, 3.0, 2.0, 1.0, 0.0, -1.0, 3.0, 2.0, 2.0, 0.0, 2.0, 0.0, 2.0, 2.0, 1.0, 95958.0, 557.0, 99516.0
2.0, 2.0, 2.0, 0.0, 1.0, 2.0, 0.0, -1.0, 3.0, 2.0, 2.0, -1.0, 3.0, 3.0, 1.0, 3.0, 3.0, 1.0, -1.0, -1.0, 0.0, 0.0, 2.0, 0.0, 1.0, 1.0, 3.0, -1.0, 3.0, -1.0, 2.0, 0.0, -1.0, 0.0, 1.0, 1.0, 0.0, 1.0, 0.0, 1.0, 0.0, 3.0, 1.0, 2.0, 0.0, 0.0, 1.0, -1.0, 3.0, 3.0, 95639.0, 617.0, 99452.0
3.0, 0.0, 0.0, 2.0, -1.0, 0.0, -1.0, 1.0, 0.0, 0.0, -1.0, 3.0, -1.0, -1.0, 2.0, -1.0, 0.0, -1.0, -1.0, 3.0, 2.0, 2.0, 2.0, 2.0, 0.0, 1.0, 0.0, 1.0, -1.0, 1.0, 1.0, 2.0, 1.0, 0.0, 3.0, 2.0, 0.0, 2.0, 3.0, -1.0, 3.0, -1.0, 1.0, 2.0, 1.0, 2.0, 0.0, 1.0, 0.0, 3.0, 95759.0, 582.0, 99505.0
1.0, 2.0, 3.0, 0.0, 2.0, 2.0, -1.0, 0.0, 0.0, 1.0, -1.0, 0.0, 1.0, -1.0, 0.0, 0.0, 2.0, 3.0, -1.0, -1.0, 0.0, 1.0, -1.0, -1.0, 2.0, 3.0, -1.0, 2.0, 2.0, 3.0, 1.0, 2.0, 1.0, -1.0, 2.0, 1.0, -1.0, 1.0, 3.0, -1.0, 0.0, -1.0, 3.0, -1.0, 1.0, 0.0, 2.0, -1.0, -1.0, -1.0, 96494.0, 503.0, 99575.0
3.0, -1.0, -1.0, 3.0, 3.0, 1.0, 2.0, 2.0, 0.0, 3.0, 0.0, -1.0, -1.0, -1.0, 3.0, 1.0, -1.0, 0.0, 1.0, 0.0, 0.0, 2.0, 1.0, 3.0, 0.0, 1.0, 0.0, 1.0, 0.0, 3.0, 0.0, 1.0, 0.0, 2.0, 2.0, 1.0, 2.0, 3.0, 3.0, 2.0, 1.0, 0.0, -1.0, -1.0, 1.0, -1.0, 0.0, 2.0, 2.0, -1.0, 95792.0, 570.0, 99488.0
3.0, -1.0, 3.0, 1.0, 2.0, -1.0, 1.0, 1.0, 1.0, -1.0, 2.0, 2.0, -1.0, 0.0, 0.0, 3.0, 0.0, 2.0, 2.0, 1.0, -1.0, 1.0, 0.0, 2.0, 2.0, -1.0, 1.0, 1.0, 3.0, 0.0, 0.0, 0.0, 1.0, -1.0, 0.0, 0.0, 1.0, 3.0, 1.0, 1.0, 3.0, 3.0, 0.0, 2.0, -1.0, -1.0, 2.0, 0.0, 2.0, -1.0, 95784.0, 574.0, 99488.0
0.0, 0.0, 1.0, 2.0, 1.0, -1.0, -1.0, 0.0, 1.0, 1.0, 1.0, 3.0, -1.0, 0.0, 0.0, 2.0, 3.0, 1.0, 1.0, 2.0, 0.0, 3.0, 1.0, -1.0, 3.0, 2.0, 0.0, 3.0, 2.0, 0.0, 2.0, 3.0, -1.0, 0.0, 2.0, 1.0, -1.0, 0.0, 0.0, 1.0, 3.0, 2.0, 0.0, 2.0, 2.0, 1.0, -1.0, 3.0, 1.0, -1.0, 95485.0, 614.0, 99463.0
