-1.0, 2.0, -1.0, 1.97533784604, 0.0, -0.574926576139, -0.869862464852, 1.84169140969, 0.37803665242, 1.02668275749, -1.0, 1.50782843186, -1.0, -1.0, 0.0, 3.0, -0.667686428744, 1.72024273103, 1.14865501514, -0.130326009359, 1.43642938364, -1.0, -1.0, -1.0, -0.193313308608, 2.54217825108, -1.0, 1.09162471645, 0.988959459795, -1.0, 0.65650569587, -0.450090792352, 2.0, 2.59432812653, 0.0, -1.0, 2.0, -1.0, -0.885592922704, -0.676237030229, 3.0, -1.0, 2.32498393255, 0.0, -0.992471473992, 3.0, -0.729184236877, 0.568057667516, -0.977439425148, -1.0, 96596.0, 396.0, 99625.0
2.75617299846, 2.49873742747, -0.0180566838495, 1.0, 0.506196214877, 1.06874163426, 0.0, 3.0, 0.0, 2.0, 0.911343744672, 1.0, 3.0, 0.0, -1.0, 0.26264509661, 1.34283325802, 1.0, 0.0, 1.67986425236, -0.251405418275, 2.21981575986, 2.45179347153, -0.736854468987, 3.0, 0.501868121839, 2.0, 0.935688516823, 0.0, 2.62673430686, 3.0, 3.0, 0.39064080037, 0.778669450019, 0.861180396346, 2.55293733303, 0.0, 0.707972394993, 0.0, 0.0, 1.0, 2.0, 2.0, 2.51374505536, 1.0, 0.0, 0.0, 1.0, 1.14767380141, 2.0, 93791.0, 699.0, 99338.0
2.75617299846, 2.49873742747, -0.0180566838495, 1.0, 0.506196214877, 1.06874163426, -0.118897419913, 2.53228718113, 0.0, 2.0, 0.911343744672, 1.0, 3.0, 0.0, -1.0, 0.26264509661, 1.34283325802, 1.0, 0.0, 1.67986425236, -0.251405418275, 2.21981575986, 2.45179347153, -0.736854468987, 3.0, 0.501868121839, 2.0, 0.935688516823, 0.0, 2.62673430686, 3.0, 3.0, 0.39064080037, 0.778669450019, 0.861180396346, 2.55293733303, 0.0, 0.707972394993, 0.0, 0.0, 1.0, 2.0, 2.0, 2.82831414784, 1.0, 0.0, 0.0, 1.0, 1.14767380141, 2.0, 93791.0, 699.0, 99338.0
0.68447663106, 1.90392480408, -1.0, 2.0, 1.01680740809, 1.72669004996, 0.0, 1.0, -0.349648780211, 0.0, 2.0, 2.27593653975, -0.315593150612, 1.39454011935, 1.72388933135, -0.00525742114351, 0.165908305839, -0.808580578171, 2.59402319981, 1.6167687907, 1.0, 3.0, 3.0, -0.250207488893, 1.33793277818, 0.0, 0.499298811878, 0.0, -0.444765601886, -0.452225369405, -1.0, 0.495887317482, 0.0, 3.0, 3.0, 2.0, 0.0, 0.138591366788, -0.157989418115, 1.0, 0.408925856054, 1.0, 2.33642365366, 3.0, 0.669860265592, -0.473388043145, 0.31227637595, -0.329600858172, 1.84931529766, 0.563875771732, 93321.0, 681.0, 99357.0
1.0, -1.0, 0.121180356048, -0.109950303891, -1.0, 2.71127633558, 0.0, 0.0277324341753, 0.0, -0.557601320757, -1.0, 1.5027371761, -1.0, 2.65701898367, -0.538620842899, -1.0, -1.0, -1.0, -0.715726019138, -1.0, -1.0, 2.0, 0.0, -0.654761585436, -1.0, -0.949728741907, -1.0, 1.063291889, 1.39050424665, 2.15619360691, -1.0, 1.95632647947, 1.59495833275, 0.142625840158, 2.0, -0.570289800958, -1.0, 1.0, -1.0, -1.0, 1.45927854034, 1.0, 2.2087306098, 1.0527688093, 2.0, 1.18249914894, 1.25963183298, 2.0, -1.0, 0.0, 95966.0, 401.0, 99593.0
1.0, -1.0, 0.121180356048, 1.0, -1.0, 2.71127633558, 0.0, 0.0277324341753, 0.0, -0.557601320757, -1.0, 0.0, -1.0, 2.65701898367, 1.0, -1.0, -1.0, -1.0, 0.0, -1.0, -1.0, 2.0, 0.197941990975, -0.654761585436, -1.0, -0.420926748043, -1.0, 1.0, 0.322172772255, 2.15619360691, -1.0, 1.95632647947, 1.59495833275, -0.537584819854, 2.0, -0.570289800958, -1.0, 2.03890769283, -1.0, -1.0, 0.22632176858, 1.0, 2.2087306098, 2.66731253978, 2.0, 2.0, 1.25963183298, 2.0, -1.0, 0.0, 95638.0, 420.0, 99564.0
1.0, -1.0, 0.121180356048, 1.0, -1.0, 2.71127633558, 0.0, 0.0277324341753, 0.0, -0.557601320757, -1.0, 0.0, -1.0, 2.65701898367, 1.0, -1.0, -1.0, -1.0, -0.715726019138, -1.0, -1.0, 2.0, 0.0, -0.654761585436, -1.0, -0.420926748043, -1.0, 1.063291889, 1.39050424665, 2.15619360691, -1.0, 1.95632647947, 1.59495833275, 0.0, 2.0, -0.570289800958, -1.0, 2.03890769283, -1.0, -1.0, 0.22632176858, 1.0, 2.2087306098, 1.0527688093, 2.0, 1.40834179474, 1.25963183298, 2.0, -1.0, 0.0, 95629.0, 427.0, 99571.0
1.02930807131, -0.72741782744, -1.0, 3.0, 2.0, -1.0, -0.144434724776, -1.0, 0.258605760186, 0.0, -0.831232640342, 2.0, -1.0, 2.01925522422, 0.745983213523, -1.0, 1.75402034467, -0.660631840618, 1.0, -0.0424437215844, -1.0, 2.0, 3.0, -0.690081118272, 1.0, 0.0633794683842, 2.0, 1.07705469857, -1.0, 0.319779351277, 0.0, 0.701368252061, 1.0, 3.0, -0.678240576781, -0.77469389847, 2.61824313341, -1.0, 0.638628081576, -1.0, 1.0, 2.0, 1.0, 2.61739596693, -0.0384080606484, -0.53082258051, -0.147241870947, -1.0, -0.899049777476, 0.770350992833, 95432.0, 440.0, 99535.0
0.0, -0.72741782744, -1.0, 3.0, 2.0, -1.0, 0.167702821326, -1.0, 0.258605760186, 0.0, 1.0, 2.0, -1.0, 2.21027091967, -0.646852651467, -1.0, 0.0, 1.0, 1.0, -0.0424437215844, -1.0, 2.0, 3.0, 0.262682152174, 1.0, 0.0633794683842, 2.0, 1.07705469857, -1.0, 0.319779351277, 0.0, 0.701368252061, 1.0, 3.0, -0.678240576781, 0.0, 2.61824313341, -1.0, 3.0, -1.0, 1.0, 2.0, 1.0, 2.61739596693, -0.0384080606484, -0.53082258051, 0.648326790172, -1.0, -0.924971108308, 0.770350992833, 94860.0, 485.0, 99496.0
-0.348249119243, 2.0, -1.0, 3.0, -1.0, -1.0, 1.0, -1.0, -0.170676068088, 2.15008211579, 1.50458529356, 2.0, -1.0, 1.12660057239, 2.0, -0.295292040959, 0.0, 1.0, 0.0, 2.0998744551, 0.761080562529, 0.0615341987205, 0.0452692934988, -0.553284055995, 1.0, 2.73457938697, 0.499298811878, 1.0, 0.0, -0.461124196761, 0.0, -0.422872462763, -0.479522442387, 3.0, 1.0, -0.343062990049, 0.357313367383, -0.481160812324, 3.0, -1.0, 0.679659326198, 2.0, 1.8141519556, 2.16613991975, 2.89231868192, 0.0, -0.318146279942, 2.5020258299, -0.644708450565, 1.64719927273, 93760.0, 598.0, 99399.0
0.0, -0.72741782744, -1.0, 3.0, 2.0, -1.0, 1.0, -1.0, 0.258605760186, 0.0, -0.831232640342, 2.0, -1.0, 2.21027091967, 0.745983213523, -1.0, 0.0, -0.660631840618, 1.0, -0.0424437215844, -1.0, 2.0, 3.0, -0.487722774668, 1.0, 0.0633794683842, 2.0, 1.07705469857, -1.0, 0.319779351277, 0.0, 0.701368252061, 1.0, 3.0, -0.678240576781, -0.77469389847, 2.61824313341, -1.0, 3.0, -1.0, 1.0, 2.0, 1.0, 2.61739596693, -0.0384080606484, -0.53082258051, -0.147241870947, -1.0, -0.899049777476, 0.770350992833, 95217.0, 455.0, 99524.0
1.02343331959, -0.734529162239, -0.837007259125, 1.29849070174, 1.0, -0.71592133116, 2.9009368904, -0.807282424613, 0.0, -0.247038475301, -0.938929058485, 0.0, 1.23485416148, 2.0, 1.59649899568, -1.0, -0.969510396584, -1.0, 2.39784852154, -1.0, -0.288806141803, 2.0, 0.0452692934988, -0.654761585436, -0.894480952422, 3.0, 0.0, 1.39094264827, -0.812461972756, 1.29026363173, -1.0, 3.0, -1.0, 2.66167338156, 0.424546823011, -0.134794613897, -1.0, 2.91028210866, -1.0, -0.966590644374, 2.0, 0.290529511366, 0.0, 2.25161440426, 1.43459404132, 2.78892847688, 0.146520213279, 0.720093202912, -1.0, -0.123289738403, 95308.0, 445.0, 99538.0
2.31303194947, -0.734529162239, -0.837007259125, 1.29849070174, 1.0, 2.0, 2.9009368904, -0.508680585896, 0.0, 0.0, -0.932296148056, 0.0, 1.23485416148, 2.0, 1.54898282341, -1.0, -0.969510396584, -1.0, 0.0, -1.0, -1.0, 2.0, 0.0452692934988, -0.654761585436, -0.894480952422, 3.0, 0.0, 1.39094264827, -0.641841896398, 0.944018919956, -1.0, 3.0, -1.0, 2.66167338156, 0.402576194434, -0.134794613897, -0.742691727363, -0.545291072226, -1.0, -0.700582413402, 2.0, 0.290529511366, 0.0, 2.9547171709, 1.68202853508, 2.78892847688, 1.29463188143, 3.0, -1.0, 0.0, 95597.0, 430.0, 99550.0
-0.248354298281, 1.0, 2.0, 0.0, -0.735003442714, 3.0, -0.251038124254, 3.0, 3.0, 0.0, 2.0, -0.289348331366, -1.0, 1.0, -1.0, 3.0, -0.429998693856, 2.28248863219, 3.0, 3.0, 2.0, 3.0, 3.0, 0.0, 2.0, 1.42171132231, 0.875668618992, 0.0, -1.0, 1.0, 2.07475674293, -0.126740403342, 1.06682204072, 2.0, 2.21418322217, -0.0429160259082, -0.3594736231, -1.0, 0.0, -1.0, 1.79593824277, 2.04318039689, 2.0, 1.56134631099, 0.0, 1.0, -0.424594803069, 2.0, -0.736047444006, -0.264901578916, 94188.0, 615.0, 99389.0
1.90871596211, 0.845087919477, 0.121180356048, -0.451738343492, -1.0, 2.71127633558, 0.0, 1.0, 1.75806511462, -0.241524376163, -1.0, 0.0, 1.23485416148, 2.65701898367, 1.0, -1.0, 0.0608531314791, -1.0, 0.0, -1.0, -1.0, 2.0, -0.544320395561, -0.654761585436, -1.0, -0.420926748043, -0.146606547411, 1.0, 1.39050424665, 2.15619360691, -1.0, 3.0, 0.211407298373, 0.0, 2.0, -0.830582632911, -1.0, 1.0, -1.0, -1.0, 2.60184817274, 1.0, 0.0, 2.0, 2.0, -0.503826613743, 0.109689313889, 2.52926643795, -1.0, 0.0, 95017.0, 478.0, 99507.0
2.75617299846, 2.49873742747, -0.0180566838495, 0.847007261772, 0.506196214877, 1.06874163426, 0.0, 3.0, 0.0, 2.24894690494, 2.0, 1.0, 3.0, 0.258443818698, 2.0, 0.26264509661, 2.41554255454, 0.305309130316, 0.0, 1.67986425236, -0.339542909233, 0.611928577782, -1.0, -0.736854468987, 3.0, 0.501868121839, 2.0, 2.688450192, 0.0, 2.62673430686, 1.39178566433, 3.0, 0.949286038719, 0.778669450019, 2.0, 1.184937408, 0.111928227817, 0.707972394993, -0.0987621722413, 0.0, 1.0, 0.682360628262, 2.0, 3.0, 1.0, 0.0, -0.319735800686, 0.191222601781, 1.0262190715, 2.0, 93824.0, 694.0, 99345.0
0.492966620954, 1.34493680545, -0.98350463093, 0.505411765079, 0.506196214877, 0.0, 0.0, 1.64260317372, 0.0, 0.0, 2.43327514793, 1.0, 3.0, -0.38233399134, -1.0, 2.22364401308, 2.52311389806, -1.0, 0.0, 1.45744378937, -0.650317122197, 1.0, 2.99085521867, -0.736854468987, 3.0, -0.250161414795, 0.0888656011806, 1.0, 0.141289822716, 2.15619360691, 2.19350261135, 3.0, 2.77327461117, 0.778669450019, 0.861180396346, 2.87839992769, -0.28528827284, 0.707972394993, 2.15898657372, -0.603636171956, 1.0, 0.0665233054635, 1.03775741344, 3.0, 1.0, -0.134732692525, 0.0, 0.593808626548, 1.24969921804, 2.0, 93796.0, 637.0, 99371.0
-0.248354298281, 1.0, 2.0, 0.0, -0.735003442714, 3.0, -0.251038124254, 3.0, 3.0, 0.0, -0.470235671121, -0.289348331366, 2.0, 1.0, -1.0, 3.0, -0.429998693856, 2.28248863219, 3.0, 3.0, 2.0, 3.0, 3.0, 0.0, 2.0, 2.0, 0.875668618992, 0.0, -1.0, 1.0, 2.07475674293, -0.126740403342, 1.37878151886, 2.44791610479, 2.28508792198, -0.0429160259082, -0.3594736231, -1.0, 2.00920218319, -1.0, 2.92003610412, 2.04318039689, 2.0, 1.56134631099, 0.0, 1.0, -0.424594803069, 2.0, 0.0936008251462, -0.264901578916, 94038.0, 650.0, 99365.0
0.68447663106, 1.90392480408, -1.0, 2.0, 1.01680740809, 1.72669004996, 0.0, 1.0, -0.349648780211, 0.0, 2.0, 2.27593653975, -0.315593150612, -0.18822294786, 1.72388933135, -0.00525742114351, 0.165908305839, -0.808580578171, 2.59402319981, 1.6167687907, 1.0, 3.0, 3.0, -0.250207488893, 1.26686996243, 0.0, 0.499298811878, 0.0, -0.444765601886, -0.452225369405, -1.0, 0.495887317482, 0.0, 3.0, 3.0, 2.0, 0.0, 0.138591366788, -0.157989418115, 1.0, 0.408925856054, 1.0, 2.33642365366, 3.0, 2.75994933971, -0.473388043145, 0.31227637595, -0.329600858172, 0.0, -1.0, 93405.0, 669.0, 99369.0
1.0, -1.0, 0.121180356048, 1.0, 0.644604314249, 2.71127633558, 0.0, 0.0277324341753, 0.0, -0.738766577132, -1.0, 0.0, -1.0, 2.65701898367, 0.419709498115, -1.0, -1.0, -1.0, -0.715726019138, -1.0, -1.0, -1.0, 0.0, -0.654761585436, -1.0, -0.420926748043, 0.423001867078, 1.063291889, 1.39050424665, 2.15619360691, -1.0, 1.95632647947, 1.59495833275, 0.0, 2.0, -0.570289800958, -1.0, 2.03890769283, -1.0, -0.676237030229, 0.22632176858, 1.0, 2.2087306098, 1.0527688093, 2.0, 1.40834179474, 1.25963183298, 2.0, -1.0, 0.0, 95476.0, 434.0, 99569.0
1.02343331959, 2.0, -1.0, 3.0, -1.0, 2.52083178654, 1.0, -1.0, -0.170676068088, -0.326816703779, 0.453620585887, 2.0, -1.0, -0.331411090234, 2.0, -0.295292040959, 0.0, 1.0, 0.0, 1.0, -0.944789642526, -0.897692806825, 0.0452692934988, 1.01035909299, 1.0, 2.73457938697, -1.0, 1.0, 0.0, -0.461124196761, 2.81465548464, 3.0, 1.0, 3.0, 1.0, 0.0, 0.151502905345, -0.481160812324, 3.0, -1.0, -0.381654944418, 2.0, 1.43750055236, 2.08570130626, 3.0, 0.0, -0.318146279942, 2.0, -0.644708450565, 0.0, 93976.0, 586.0, 99412.0
1.90871596211, 0.845087919477, 0.121180356048, -0.451738343492, -1.0, 2.71127633558, 0.0, 1.0, 1.75806511462, -0.241524376163, -1.0, 0.0, 1.23485416148, 2.65701898367, 1.0, -1.0, 0.0608531314791, -1.0, 0.0, -1.0, -1.0, 2.0, -0.544320395561, -0.654761585436, -1.0, -0.420926748043, -0.573086517128, 1.0, -0.0339389829956, 2.15619360691, -1.0, 3.0, 0.211407298373, 0.0, 2.0, -0.830582632911, -1.0, 1.0, -1.0, -1.0, 2.60184817274, 1.0, 0.0, 2.0, 2.0, -0.503826613743, 2.2960628135, 3.0, -1.0, 0.0, 95275.0, 465.0, 99520.0
0.0, 1.04437479673, -1.0, 0.263102072196, -0.53913462922, -0.559229145213, 2.64073253396, 0.518665535358, 0.913227015258, -0.300023709433, 1.54613486717, 2.0, -1.0, 2.0, 1.25078169721, 0.0, 0.218495779563, 0.307427937669, 0.345548655452, 1.220509173, -1.0, 0.631202724728, 3.0, 0.0, 1.0, 2.0, 0.812246358733, 1.0, -1.0, 2.0, -0.115145600575, 3.0, 1.0, 3.0, 1.09112705479, -0.204796205974, 0.0, 1.49251490982, 3.0, -1.0, 0.879721239462, 2.0, 1.0, 2.58124668216, 3.0, -0.278291251455, -0.318146279942, -0.155012526977, -1.0, 1.19291517299, 93919.0, 597.0, 99395.0
0.0, -0.72741782744, -1.0, 3.0, 2.0, -1.0, 1.0, -1.0, -0.39901620135, 0.0, 0.307967034781, 2.0, -1.0, 0.162887403929, 0.745983213523, -1.0, 0.0, -0.56665656265, 1.0, -0.0424437215844, -1.0, 2.0, 3.0, -0.487722774668, 0.405163458956, 0.0633794683842, 2.0, 1.07705469857, -1.0, 0.319779351277, 0.0, 0.701368252061, 1.0, 3.0, -0.678240576781, 0.0, 2.61824313341, -1.0, 2.18813742739, -1.0, 1.0, 2.97952049262, 1.0, 2.61739596693, -0.0384080606484, -0.53082258051, -0.147241870947, -1.0, -0.899049777476, 0.770350992833, 94713.0, 485.0, 99497.0
2.00234570563, -1.0, 0.0107642190817, 2.96259891489, 1.0, -0.896367546802, 0.0, 0.44229718346, 1.71454712384, 0.0, -0.832332569245, 0.0, 2.08250004156, 2.0, -0.646254989025, -1.0, 0.0, 0.0836056201209, 1.29165746808, -1.0, -1.0, 0.0745649897706, 0.0, -0.6520070503, -1.0, 0.378232541989, -1.0, 1.0, 0.0, -0.094538261913, -1.0, 0.892206255388, 1.05505191944, -0.114792788519, 1.5022727554, -0.134794613897, -1.0, -1.0, -1.0, 0.296396212978, 0.409531436728, 1.0, -0.886730818806, 2.9547171709, 0.607090010514, 2.0, 0.39921583919, 2.77149135326, 2.09825943761, 0.0, 94692.0, 493.0, 99509.0
1.0, -1.0, 0.121180356048, 1.0, -1.0, 2.71127633558, 0.0, 0.0277324341753, 0.0, -0.557601320757, -1.0, 0.0, -1.0, 2.65701898367, 1.0, -1.0, -1.0, -1.0, 0.0, -1.0, -1.0, 2.0, 0.0, -0.654761585436, -1.0, -0.420926748043, -1.0, 1.0, 1.39050424665, 2.15619360691, -1.0, 1.95632647947, 1.59495833275, 0.0, 2.0, -0.570289800958, -1.0, 2.03890769283, -1.0, -1.0, 0.22632176858, 1.0, 2.2087306098, 2.66731253978, 2.0, 2.0, 1.25963183298, 2.0, -1.0, 0.0, 95521.0, 438.0, 99553.0
0.0, -0.72741782744, -1.0, 3.0, 2.0, -1.0, 1.0, -1.0, 0.258605760186, 0.0, 1.0, 2.0, -1.0, 2.21027091967, 0.745983213523, -1.0, 0.0, 1.0, 1.0, -0.0424437215844, -1.0, 2.0, 3.0, -0.487722774668, 1.0, 0.0633794683842, 2.0, 1.07705469857, -1.0, 0.319779351277, 0.0, 0.701368252061, 1.0, 3.0, -0.678240576781, 0.0, 2.61824313341, -1.0, 3.0, -1.0, 1.0, 2.0, 1.0, 2.61739596693, -0.0384080606484, -0.53082258051, -0.147241870947, -1.0, -0.899049777476, 0.770350992833, 94770.0, 499.0, 99488.0
0.607946678642, -0.734529162239, -0.517638314862, 1.0, 1.0, 2.0, 0.0, 1.0, 0.0, 0.0, -1.0, 0.0, 1.23485416148, 2.0, 1.0, -1.0, -0.969510396584, -1.0, 0.0, -1.0, -1.0, 2.0, 1.18022453011, -0.654761585436, -0.894480952422, 3.0, 0.0, 1.39094264827, -0.147960058542, 2.15619360691, -1.0, 3.0, -1.0, 2.66167338156, 2.0, -0.134794613897, -1.0, 1.0, -1.0, -0.700582413402, 2.0, 1.0, 0.0, 2.25161440426, 2.17559056349, 2.0, 0.146520213279, 2.0, -1.0, 0.0867899637863, 94994.0, 482.0, 99512.0
0.417732308301, 1.90392480408, 0.397453900684, 2.0, 0.986297274105, 1.72669004996, 0.0, 0.622297908958, -0.349648780211, 0.0, 2.0, 2.61690808459, -0.315593150612, -0.18822294786, 1.72388933135, -0.00525742114351, 0.165908305839, -0.808580578171, 2.59402319981, 1.6167687907, 1.0, 3.0, 2.15625506115, -0.359404171476, 2.95757931934, 0.0, 0.499298811878, 0.0, -0.672985684486, -0.452225369405, 1.01915133603, -1.0, 0.0, 3.0, 3.0, 2.0, 0.0, 0.138591366788, -0.383972708465, 1.0, 0.920109193946, 1.0, 2.33642365366, 3.0, 2.0, -0.473388043145, 0.556210468953, -0.329600858172, 0.0, -1.0, 93532.0, 674.0, 99366.0
2.79513747544, 1.34493680545, -0.0180566838495, 1.0, 0.506196214877, 1.06874163426, 0.0, 3.0, 0.0, 2.0, 2.0, 1.0, 3.0, 0.0, -1.0, 0.499964443585, 2.41554255454, 1.0, 0.0, 1.67986425236, -0.251405418275, 1.0, 2.7369818171, -0.840173368646, 3.0, 0.501868121839, 2.0, 0.935688516823, 0.0, 2.62673430686, 0.0, 3.0, -1.0, 0.778669450019, 0.861180396346, 2.73940166563, 2.73851238675, 0.707972394993, 0.0, 0.0, 1.0, 2.0, 2.0, 3.0, 1.0, 0.0, 0.0, 1.0, 1.0, 2.0, 93969.0, 689.0, 99349.0
1.02343331959, 2.03785422213, -1.0, 3.0, -1.0, -1.0, 2.39789460432, -1.0, 1.35270031187, 0.457573196192, 0.453620585887, -0.10874049034, -1.0, 2.0, 2.0, -1.0, 0.300045416505, 1.0, 1.0, 1.0, -1.0, 2.67393697576, 0.0452692934988, -0.182691191242, -1.0, 1.63688318412, -1.0, 1.0, -1.0, 2.08477699395, 0.0, 3.0, 1.0, -0.772682988571, 1.0, 0.0, 1.94635442701, 0.285727678328, 3.0, -1.0, 1.0, 2.38094215871, 1.0, 2.0, 3.0, 0.0, -0.000901778644589, -1.0, 0.773439331056, -0.947070810526, 94605.0, 508.0, 99473.0
0.0, 1.04437479673, -1.0, 3.0, -0.53913462922, -1.0, 2.64073253396, -1.0, 1.0, 0.0, 1.54613486717, 2.0, -1.0, 2.0, 1.25078169721, 0.0, 0.218495779563, 0.307427937669, 0.345548655452, 1.00873331244, -1.0, 0.631202724728, 3.0, 0.0, 1.0, 2.0, 0.812246358733, 1.0, -1.0, 2.0, -0.115145600575, 3.0, 1.0, 3.0, 1.09112705479, -0.204796205974, 0.0, 1.49251490982, 3.0, -1.0, 1.0, 2.0, 1.0, 2.58124668216, 3.0, -0.278291251455, 2.08961702253, -0.155012526977, -1.0, 0.0, 94232.0, 581.0, 99406.0
1.12263559966, 0.118428362395, 0.121180356048, -0.451738343492, -1.0, 1.08783034328, 0.0, 0.438504785085, -0.514295320892, -0.747386860066, -1.0, 0.0, 1.23485416148, 2.65701898367, 1.0, -1.0, -0.343470370621, -1.0, 0.0, -1.0, -1.0, 2.0, 0.0, -0.97217307208, -1.0, -0.420926748043, -1.0, 1.0, 2.40388580631, 2.15619360691, -1.0, 3.0, -1.0, -0.864361984826, 2.0, -0.599715974808, -1.0, 1.0, -1.0, -1.0, 2.88187960276, 1.0, -0.0652379121948, 1.95503561376, 0.107636079431, -0.503826613743, 0.0, 2.52926643795, -1.0, 2.0, 95514.0, 428.0, 99557.0
1.02930807131, -0.72741782744, -1.0, 3.0, 2.0, -1.0, -0.144434724776, -1.0, 0.258605760186, 0.0, 0.408873385591, 2.0, 2.0, 2.01925522422, 0.420842162836, -1.0, 1.75402034467, -0.660631840618, 1.0, 1.27224144677, -1.0, 2.0, 3.0, -0.692764160938, 1.0, 0.0633794683842, 1.93837459347, 1.07705469857, -1.0, 0.319779351277, 0.0, 0.701368252061, 1.0, 3.0, -0.678240576781, -0.77469389847, 2.61824313341, -1.0, 0.638628081576, -1.0, 1.0, 2.0, 1.0, 2.61739596693, -0.0384080606484, -0.53082258051, -0.147241870947, -1.0, -0.899049777476, 0.230746558004, 95124.0, 473.0, 99509.0
-0.348249119243, 2.0, -1.0, 3.0, -1.0, -1.0, 0.199547024666, -1.0, -0.170676068088, -0.326816703779, 0.453620585887, 2.0, -1.0, -0.331411090234, 2.0, -0.295292040959, 0.0, 1.0, 0.0, 1.29993065155, 0.0465463680337, -0.897692806825, 0.0452692934988, 1.01035909299, 1.0, 2.73457938697, -1.0, 1.0, 0.0, -0.461124196761, 0.0, -0.422872462763, 1.0, 3.0, 1.0, -0.343062990049, 0.357313367383, -0.481160812324, 3.0, -1.0, -0.381654944418, 2.0, 1.43750055236, 2.16613991975, 2.89231868192, 0.0, -0.318146279942, 2.5020258299, -0.644708450565, -0.878689659119, 93704.0, 570.0, 99429.0
2.37696751077, 2.0, 3.0, 0.13123995136, 0.0102794693593, 2.58840713829, 0.523071009133, 1.0, 0.332161563418, 1.43237944746, -0.470235671121, -0.369073918506, 2.0, 2.52702459607, -0.695692870469, 0.0, 1.2066316431, -1.0, 3.0, 0.0, -1.0, 2.0, -0.624366146602, 2.57355323688, 0.839951897164, -0.257053823985, 0.0, -0.280499175582, 0.0, 0.879346273352, -1.0, 1.09943372453, 0.890845197695, 2.21707662782, 0.990034516727, 0.200648262818, -0.496181183913, 0.57131097225, 2.00920218319, 1.18058368721, 2.0, 0.0, 0.0, 2.0, 2.0, -0.507664783538, -0.410387593887, 0.211806483118, 0.10983806477, 0.0, 93683.0, 632.0, 99392.0
0.607946678642, -0.734529162239, -0.837007259125, 1.29849070174, 1.0, 2.0, 2.9009368904, -0.807282424613, 0.0, 0.0, -0.932296148056, 0.0, 1.23485416148, 2.0, 1.0, -1.0, -0.969510396584, -1.0, 0.0, -1.0, -1.0, 2.0, 0.0452692934988, -0.654761585436, -0.894480952422, 3.0, 0.0, 1.39094264827, -0.147960058542, 1.29026363173, -1.0, 3.0, -1.0, 2.66167338156, 0.424546823011, -0.134794613897, -1.0, 2.91028210866, -1.0, -0.700582413402, 2.0, 0.290529511366, 0.0, 2.25161440426, 1.43459404132, 2.78892847688, 0.146520213279, 3.0, -1.0, -0.123289738403, 95171.0, 466.0, 99523.0
-0.248354298281, 1.0, 2.0, 0.0, -0.735003442714, 3.0, -0.251038124254, 3.0, 3.0, 0.0, 2.0, -0.289348331366, -1.0, 1.0, -1.0, 3.0, -0.429998693856, 2.28248863219, 3.0, 3.0, 2.0, 3.0, 3.0, 0.0, 2.0, 2.0, 0.875668618992, 0.0, -1.0, 1.0, 2.07475674293, -0.126740403342, 1.37878151886, 2.0, 2.21418322217, -0.0429160259082, -0.3594736231, -1.0, 0.0, -1.0, 1.79593824277, 2.04318039689, 2.0, 1.56134631099, 0.0, 1.0, -0.424594803069, 2.0, 0.0936008251462, -0.264901578916, 94124.0, 634.0, 99378.0
0.417732308301, 1.90392480408, 0.397453900684, 1.97533784604, 0.986297274105, 1.72669004996, 0.0, 0.622297908958, -0.349648780211, 0.0, 2.0, 2.61690808459, -1.0, -0.18822294786, 1.72388933135, -0.440306872444, 0.165908305839, -0.808580578171, 2.59402319981, 1.6167687907, 1.0, 3.0, 0.197941990975, -0.359404171476, 2.95757931934, 0.0, 0.499298811878, 0.922706272705, -0.444765601886, -0.452225369405, 1.01915133603, -1.0, 0.0, 3.0, 3.0, -0.570289800958, 0.0, 0.138591366788, -0.383972708465, 1.0, 0.920109193946, 1.0, 2.33642365366, 3.0, 2.0, -0.473388043145, 0.556210468953, -0.329600858172, 0.0, -1.0, 93629.0, 662.0, 99383.0
0.492966620954, 1.34493680545, -0.98350463093, 0.505411765079, 0.506196214877, 0.0, 2.52459631588, 1.64260317372, 0.0, 0.0, 2.43327514793, 0.0, 3.0, 0.89583433535, -1.0, 2.22364401308, 2.52311389806, -1.0, 0.0, 1.45744378937, -0.650317122197, 1.0, 2.99085521867, -0.736854468987, 3.0, -0.250161414795, 0.0888656011806, 1.0, 0.141289822716, 2.15619360691, 2.19350261135, 3.0, 2.77327461117, 0.778669450019, 0.861180396346, 2.87839992769, -0.28528827284, -0.81107550639, 2.15898657372, -0.603636171956, -0.3145086939, 0.0665233054635, 1.03775741344, 3.0, 1.0, -0.134732692525, 0.0, 0.593808626548, 1.24969921804, 2.0, 94063.0, 618.0, 99388.0
0.0, -0.72741782744, -1.0, 3.0, -1.0, -0.577218412588, 1.0, -1.0, 0.290160705179, 0.0, 1.21643890764, 2.0, -1.0, 2.80654655995, 0.745983213523, -1.0, 0.0, -0.277721313922, 1.0, -0.0424437215844, -1.0, 2.0, 3.0, -0.487722774668, 1.0, 2.0, 2.27165356346, 1.07705469857, -1.0, 0.319779351277, 0.0, 0.701368252061, 1.0, 3.0, -0.678240576781, 0.0, 0.357313367383, -1.0, 3.0, -1.0, 1.0, 2.0, 1.0, 2.61739596693, -0.0727237630897, -0.53082258051, -0.147241870947, 2.38824786504, -0.899049777476, 0.770350992833, 94764.0, 503.0, 99477.0
1.0, -1.0, -1.0, 3.0, 1.0, 2.0, 0.0, -0.210455763637, 0.180153350133, 0.0, -1.0, 0.0, -0.196695237035, 0.389233916273, 1.0, -1.0, 0.58361172498, -1.0, 0.0, -1.0, -1.0, 0.737787908391, 0.349206632038, 0.174638626355, -1.0, 2.55251857374, 0.0, 1.0, 0.0101600894147, 2.15619360691, -1.0, 3.0, -1.0, 0.0, 0.806797659705, -0.134794613897, -1.0, 1.0, -1.0, -0.142308565883, 2.0, 1.0, -0.26217955382, 2.0, 1.97770100785, 2.0, 0.642923894153, 2.0, -1.0, 0.0, 94329.0, 532.0, 99473.0
1.12263559966, 0.118428362395, 0.121180356048, -0.451738343492, -1.0, 1.08783034328, 0.0, 1.0, -0.514295320892, 0.0, -1.0, 0.0, 0.788288217083, 2.65701898367, 2.22002534908, -1.0, -0.343470370621, -1.0, 0.0, -1.0, -1.0, 2.0, -0.544320395561, -0.654761585436, -1.0, -0.420926748043, -1.0, 1.0, 1.39050424665, 2.15619360691, -1.0, 3.0, -1.0, -0.864361984826, 2.0, -0.134794613897, -1.0, 1.0, -1.0, -1.0, 2.88187960276, 1.0, 0.0, 2.0, 2.0, -0.503826613743, 0.0, 0.211806483118, -1.0, 2.0, 95248.0, 439.0, 99541.0
0.492966620954, 1.34493680545, -0.98350463093, 0.505411765079, 0.506196214877, 0.0, 0.0, 1.08212955748, 0.0, 0.0, 2.43327514793, 1.0, 3.0, -0.38233399134, -1.0, 2.22364401308, 2.52311389806, -1.0, 0.0, 1.45744378937, -0.650317122197, 1.0, 2.7369818171, -0.736854468987, 3.0, -0.250161414795, 2.0, 1.0, 0.141289822716, 2.15619360691, 2.19350261135, 3.0, 2.77327461117, 0.778669450019, 0.861180396346, 2.55293733303, 0.0, 0.707972394993, 0.0, 0.0956259495045, 1.0, 0.0665233054635, 2.0, 3.0, 1.0, -0.134732692525, 0.0, 1.0, 1.24969921804, 2.0, 93746.0, 653.0, 99365.0
-0.348249119243, 2.0, -1.0, 3.0, -0.288042647221, -1.0, 1.0, -1.0, -0.170676068088, -0.326816703779, 0.453620585887, 2.0, -0.351831941729, -0.331411090234, 2.0, -0.295292040959, 0.0, 0.481526793124, 0.0, 1.0, 0.0465463680337, -0.897692806825, 0.0452692934988, 1.01035909299, 1.0, 2.96443071471, -1.0, 1.0, -0.121444876627, -0.461124196761, 0.325236835295, -0.422872462763, 1.0, 3.0, 1.0, 0.0, 0.357313367383, -0.481160812324, 3.0, -1.0, -0.381654944418, 2.22682111802, -0.26217955382, 2.75215167087, 3.0, -0.310861245562, -0.318146279942, 2.5020258299, -0.644708450565, -0.878689659119, 93501.0, 598.0, 99411.0
1.02343331959, 2.0, -1.0, 3.0, -1.0, 2.52083178654, 1.0, -1.0, -0.170676068088, -0.326816703779, 0.453620585887, 2.0, -1.0, -0.331411090234, 2.0, -0.295292040959, -0.91554232441, 1.0, 0.0, 1.0, -0.987577890726, -0.897692806825, 0.0452692934988, 1.01035909299, 1.0, 2.90018166381, 0.297097388195, 1.0, 0.0, 2.21671750863, 2.81465548464, 3.0, 1.0, 3.0, 1.0, 0.0, 0.151502905345, -0.481160812324, 3.0, -1.0, -0.381654944418, 0.713373009867, 1.43750055236, 2.08570130626, 2.57521114403, 0.0, -0.318146279942, 2.0, -0.644708450565, 0.0, 94093.0, 580.0, 99421.0
1.02343331959, 2.03785422213, -1.0, 3.0, -1.0, -1.0, 2.61286805834, -1.0, 1.65203309628, 0.0, 0.748580403443, -0.10874049034, -1.0, 1.77908821267, 2.15807423762, 0.028856679732, 0.58361172498, 1.0, 1.0, 1.01369849932, -1.0, 2.85233488521, 0.0452692934988, -0.983173079932, 0.839951897164, 1.63688318412, 1.3946927501, 1.97099612417, -1.0, 2.08477699395, 0.111159572808, 3.0, 1.5491506873, -0.772682988571, 1.0, 0.0, 0.667627256664, 1.0, 3.0, -0.273029437953, 1.0, 2.38094215871, 1.0, 2.0, 0.96132551251, 0.0, -0.484827703849, -0.466130786595, 0.773439331056, -0.947070810526, 94344.0, 571.0, 99423.0
0.417732308301, 1.90392480408, 0.397453900684, 1.97533784604, -0.86723687391, 1.72669004996, 0.0, 0.622297908958, -0.349648780211, 0.0, 2.58131357162, 2.61690808459, -0.805069671277, -0.18822294786, 1.72388933135, -0.440306872444, 0.165908305839, -0.808580578171, 2.59402319981, 1.6167687907, 1.0, 3.0, 3.0, -0.359404171476, 2.95757931934, 0.0, 0.499298811878, 0.0, -0.444765601886, -0.452225369405, 1.01915133603, -1.0, 0.0, 3.0, 0.808710495877, 2.0, 0.0, 0.138591366788, 0.369727851646, 1.0, 0.920109193946, 1.0, 2.33642365366, 3.0, 2.0, -0.473388043145, 0.556210468953, -0.329600858172, 0.0, -1.0, 93609.0, 663.0, 99374.0
2.36059520864, 3.0, 3.0, 2.17379895135, -0.728290881615, 0.268262674954, 1.0, -1.0, 1.0, 3.0, 2.0, 0.0440207620616, 3.0, 2.0, 2.0, 0.784175293469, 0.0, 2.0, 1.9689521862, 0.0, -0.0169390906036, 1.0, -1.0, -0.327334938314, 0.0171687444399, 2.0, 3.0, 0.740859857969, 0.0, 2.0, 1.39178566433, 2.0, 0.0, 0.0, 0.778809269601, 0.951481675773, 1.0, 1.02069412225, 3.0, -0.756790177808, -1.0, 2.92351285374, 2.28489991393, 1.0, 2.63550565659, 2.02220159793, 2.33297586772, 2.21848307306, -1.0, 1.39585791583, 94430.0, 628.0, 99386.0
1.02343331959, 2.55288831062, -1.0, 3.0, -1.0, -1.0, 1.0, -1.0, 0.0, -0.100279530897, 0.453620585887, 0.0, -1.0, 0.154142012755, -0.186308575444, 0.0, 0.0, -1.0, 1.0, 1.0, 0.0465463680337, -0.960246503422, 0.0452692934988, 1.01035909299, 1.0, 2.0, -1.0, 1.0, -1.0, 2.0, -0.880507477835, 3.0, 1.0, 3.0, 1.15384911797, 0.0, 0.357313367383, -1.0, 3.0, -1.0, 1.0, 2.0, 1.0, 1.33979801712, 3.0, 2.17655542546, 0.483718651219, -1.0, -0.644708450565, 0.478223039423, 94580.0, 500.0, 99488.0
0.417732308301, 1.90392480408, 0.397453900684, 1.97533784604, 0.986297274105, 1.72669004996, 0.0, 0.622297908958, -0.349648780211, 0.0, 2.0, 2.61690808459, -0.315593150612, -0.18822294786, 1.72388933135, -0.440306872444, 0.165908305839, -0.808580578171, 2.59402319981, 1.6167687907, 1.0, 3.0, 3.0, -0.359404171476, 2.95757931934, 0.0, 0.499298811878, 0.0, -0.444765601886, -0.452225369405, 1.01915133603, -1.0, 0.0, 3.0, 3.0, 2.0, 0.0, 0.138591366788, -0.383972708465, 1.0, 0.920109193946, 1.0, 2.33642365366, 3.0, 2.0, -0.473388043145, 0.556210468953, -0.329600858172, 0.0, -1.0, 93438.0, 691.0, 99356.0
1.39710145283, 1.34493680545, 0.158637512347, 1.0, -0.955685977016, 2.0, 3.0, 3.0, 0.0, 2.0, 2.0, 1.0, 3.0, 1.70122529058, -1.0, 0.499964443585, 0.186978772931, 0.220624741648, 0.0, 1.67986425236, -0.317948832479, 1.0, 2.7369818171, -0.736854468987, 1.52543516481, 0.501868121839, -0.138939525535, 0.935688516823, 0.0, 2.15619360691, 3.0, 3.0, -1.0, 0.778669450019, 0.861180396346, 2.55293733303, 0.0, 0.585202329155, 0.0, 0.0, 1.0, 2.0, 2.0, 3.0, 1.0, 0.0, 0.0, 1.0, 1.0, 2.0, 93984.0, 677.0, 99354.0
-0.393970604976, 1.04437479673, -1.0, 3.0, -0.53913462922, -1.0, 2.64073253396, -1.0, 1.0, 0.0, 1.54613486717, 2.0, -1.0, 2.0, 1.25078169721, 0.0, 0.0, 1.18787728087, 0.345548655452, 1.00873331244, -1.0, 0.631202724728, 3.0, 0.0, -0.746340923918, 2.0, 0.812246358733, 1.0, -1.0, 2.0, -0.115145600575, 3.0, 1.0, 3.0, -0.594322033056, -0.527104666744, 0.0, 1.49251490982, 3.0, -1.0, 1.0, 2.0, 1.0, 2.58124668216, 3.0, -0.278291251455, 2.08961702253, 1.49340929934, 2.09825943761, 0.0, 94680.0, 563.0, 99431.0
0.0, -0.72741782744, -1.0, 3.0, 2.0, -1.0, 1.0, -1.0, 0.258605760186, 0.0, 1.0, 2.0, -1.0, 2.80654655995, 0.745983213523, -1.0, 0.0, -0.277721313922, 1.0, -0.0424437215844, -1.0, 2.0, 3.0, -0.487722774668, 1.0, 2.0, 2.27165356346, 1.07705469857, -1.0, 0.319779351277, 0.0, 0.701368252061, 1.0, 3.0, -0.678240576781, 0.0, 2.9290343985, -1.0, 3.0, -1.0, 1.0, 2.0, 1.0, 2.61739596693, -0.0384080606484, -0.53082258051, -0.147241870947, 2.38824786504, -0.899049777476, 0.770350992833, 94776.0, 515.0, 99472.0
0.0867645607955, 2.0, -1.0, 3.0, -1.0, -1.0, 1.0, -1.0, -0.170676068088, -0.326816703779, 0.453620585887, 2.0, -1.0, -0.331411090234, 2.0, -0.295292040959, 0.0, 1.0, 0.0, 1.0, 0.0465463680337, -0.897692806825, 0.0452692934988, 1.01035909299, 1.0, 2.73457938697, 2.0, 1.0, 0.0, -0.774461448933, -0.394404430365, 0.033879925772, 1.0, 3.0, 1.0, -0.561413067218, 0.357313367383, -0.908268259926, 3.0, -1.0, -0.381654944418, 2.0, 1.43750055236, 2.08570130626, 0.76295364446, 0.0, -0.318146279942, 2.5020258299, -0.644708450565, -0.878689659119, 94243.0, 538.0, 99459.0
1.02343331959, 2.0, -1.0, 3.0, -1.0, -1.0, 1.0, -1.0, -0.170676068088, -0.326816703779, 0.453620585887, 2.0, -1.0, -0.331411090234, 2.0, -0.295292040959, 0.0, 1.0, 0.0, 1.0, 0.0465463680337, -0.897692806825, 0.0452692934988, 1.01035909299, 1.0, 2.73457938697, -1.0, 1.0, 0.0, -0.461124196761, 0.0, 3.0, 1.0, 3.0, 1.0, 0.0, 0.357313367383, -0.481160812324, 3.0, -1.0, -0.381654944418, 2.0, 1.43750055236, 2.08570130626, 3.0, 0.0, -0.318146279942, 2.0, -0.644708450565, 0.0, 93759.0, 582.0, 99417.0
-0.348249119243, 2.0, -1.0, 3.0, -1.0, -1.0, 1.0, -1.0, -0.170676068088, 2.15008211579, 1.50458529356, 2.0, -1.0, -0.770598746244, 2.0, -0.295292040959, 0.0, 1.0, 0.0, 1.29993065155, 0.761080562529, -0.897692806825, 0.0452692934988, -0.553284055995, 1.0, 2.73457938697, -1.0, 1.0, 0.0, -0.461124196761, 0.0, -0.422872462763, -0.479522442387, 3.0, 1.0, -0.343062990049, 0.357313367383, -0.481160812324, 3.0, -1.0, 0.679659326198, 2.0, 1.8141519556, 2.16613991975, 2.89231868192, 0.0, -0.318146279942, 2.5020258299, -0.644708450565, -0.878689659119, 94297.0, 543.0, 99455.0
0.607946678642, 2.03785422213, -1.0, 3.0, -1.0, -1.0, 2.39789460432, -1.0, 1.35270031187, 0.0, 0.453620585887, -0.10874049034, -1.0, 2.0, 2.0, 0.0, 0.0, 1.0, 1.0, 1.0, -1.0, 2.0, 0.0452692934988, -0.182691191242, 0.839951897164, 1.63688318412, -1.0, 1.49768650013, -1.0, 2.08477699395, 0.0, 3.0, 1.15661089298, -0.772682988571, 1.0, 0.0, 1.94635442701, -1.0, 3.0, -1.0, 1.0, 2.38094215871, 1.0, 2.0, 3.0, 0.0, -0.000901778644589, -1.0, 0.773439331056, -0.947070810526, 94557.0, 522.0, 99464.0
1.12263559966, 0.118428362395, 0.121180356048, -0.451738343492, -1.0, 2.71127633558, 0.0, 1.0, -0.514295320892, -0.241524376163, -1.0, 0.0, 1.23485416148, 2.65701898367, 1.0, -1.0, -0.343470370621, -1.0, 0.0, -1.0, -1.0, 2.0, -0.544320395561, -0.654761585436, -1.0, -0.420926748043, -0.146606547411, 1.0, 1.39050424665, 2.15619360691, -1.0, 3.0, -1.0, 0.0, 2.0, -0.134794613897, -1.0, 1.0, -1.0, -1.0, 2.60184817274, 1.0, 0.0, 2.0, 2.0, -0.503826613743, 1.0, 2.52926643795, -1.0, 0.0, 95050.0, 470.0, 99517.0
1.0, -1.0, 0.121180356048, 1.0, -1.0, 2.71127633558, 0.0, 0.0277324341753, 0.0, 0.0, -1.0, 0.0, -1.0, 2.65701898367, 1.0, -1.0, -1.0, -1.0, 0.0, -1.0, -1.0, 2.0, 0.0, -0.654761585436, -1.0, -0.420926748043, -1.0, 1.0, 1.39050424665, 1.29026363173, -1.0, 0.0, 2.0, 0.0, 0.424546823011, -0.570289800958, -1.0, 2.03890769283, -1.0, -1.0, 2.0, 1.0, 0.0, 2.66731253978, 2.0, 2.0, 1.0, 2.0, -1.0, 0.0, 95083.0, 455.0, 99536.0
-0.135448085552, 3.0, -0.0180566838495, -0.160920376026, 2.31513902513, 1.0, 0.529295438924, -1.0, 0.415840581721, 0.0, 2.12329734333, 0.0, 3.0, 1.29216744725, 2.0, 2.93655663528, -0.329173277304, 2.40238635832, 1.9689521862, 0.0, 0.501513060207, 1.0, -1.0, -0.327334938314, 2.77669415057, 0.838565929031, 0.52733894691, 1.0, 0.0, 2.0, -0.901624957686, 1.74107867828, 0.0, -0.711993804315, 0.778809269601, 0.342697861967, 1.0, 1.02069412225, -1.0, -0.976610278342, -0.348139826565, 2.28451578606, -0.483895866111, 1.0, 2.85151973155, 1.60103494169, 2.52095140082, 2.58767975142, 2.66098353942, 1.78007015989, 94046.0, 626.0, 99390.0
2.74675696008, 1.34493680545, -0.957656849057, 0.00707617008478, -0.7736831513, 0.0, 0.0, 0.633208028648, 0.332161563418, 2.0, 2.43327514793, 1.0, 3.0, 0.0, -0.0166779682707, 2.22364401308, 2.72185154172, 1.0, 0.0, 2.76160452772, -0.650317122197, 1.0, 2.7369818171, -0.797438772639, 3.0, 0.501868121839, 2.0, 0.112423618716, 0.141289822716, 2.85085829117, 2.19350261135, 2.66465597595, 2.21999015701, 0.778669450019, 0.861180396346, 2.55293733303, 0.0, 0.133977985531, -0.843008675389, 0.0956259495045, 1.0, 0.0665233054635, 2.22475449845, 3.0, 1.0, -0.134732692525, 0.0, 1.0, 1.0, 2.0, 94046.0, 652.0, 99362.0
-0.348249119243, 2.0, -1.0, 3.0, 0.365770928393, -1.0, 1.0, -1.0, -0.170676068088, -0.326816703779, 0.453620585887, 2.0, -1.0, -0.331411090234, 2.0, -1.0, 0.0, 1.0, 0.0, 1.0, 0.0465463680337, -0.897692806825, 0.0452692934988, 1.01035909299, 1.0, 2.73457938697, -1.0, 1.36398771933, 0.0, -0.461124196761, 0.0, -0.422872462763, 1.0, 3.0, 1.0, 0.0, 0.357313367383, -0.481160812324, 3.0, -1.0, -0.381654944418, 2.0, 1.28960624257, 2.08570130626, 3.0, 0.0, -0.318146279942, 2.5020258299, -0.644708450565, -0.878689659119, 93873.0, 563.0, 99441.0
1.0, -1.0, -1.0, 3.0, -0.57243850983, 2.0, 0.0, 1.83598827047, 0.180153350133, 0.0121503269939, 0.107033068761, 0.0, -0.384136000833, 0.389233916273, -0.954045831075, -0.360917047518, 0.58361172498, -1.0, 0.0, 0.695212676698, -1.0, 1.68206709951, 0.349206632038, 0.174638626355, 0.162578438002, 2.55251857374, 0.0, 1.0, 0.0101600894147, 2.15619360691, -1.0, 2.23303323697, 2.49645760436, 0.0, 0.806797659705, -0.134794613897, -1.0, 2.03890769283, -0.544342749863, -0.969124562368, 2.97842894533, 1.0, -0.26217955382, 2.0, 1.97770100785, 2.0, 0.642923894153, 2.0, -1.0, 0.0929052335228, 93921.0, 566.0, 99424.0
0.0, -0.72741782744, -1.0, 3.0, 2.0, -1.0, 1.0, -1.0, 0.258605760186, 0.0, -0.831232640342, 2.0, -1.0, 2.21027091967, 0.745983213523, -1.0, 0.0, -0.660631840618, 1.0, -0.0424437215844, -0.339101245675, 2.0, 3.0, -0.487722774668, 1.0, 0.0633794683842, 2.0, 1.07705469857, -1.0, 0.319779351277, 0.0, 0.701368252061, 1.0, 3.0, -0.678240576781, -0.77469389847, 2.61824313341, -1.0, 3.0, -1.0, 1.0, 2.0, 1.0, 2.61739596693, -0.0384080606484, -0.53082258051, -0.147241870947, -1.0, -0.899049777476, -0.316590141093, 95066.0, 470.0, 99516.0
-0.348249119243, 2.0, -1.0, 3.0, -1.0, 3.0, 1.0, 0.625427066601, 1.0, -0.326816703779, -0.55288370911, 2.0, -1.0, -0.331411090234, 0.13099635118, -0.295292040959, 0.0, 1.0, 0.0, 1.23569511963, 0.0465463680337, -0.897692806825, 0.0452692934988, 1.01035909299, 1.0, 2.73457938697, -1.0, 1.0, -0.624015740317, -0.461124196761, 2.65575533913, -0.422872462763, 1.0, 2.52932798956, 1.0, -0.343062990049, -0.655499925667, -0.481160812324, 3.0, -1.0, -0.381654944418, 2.0, 1.43750055236, 2.33582530466, 2.98454414424, 0.0, -0.318146279942, 2.5020258299, -0.644708450565, -0.878689659119, 94157.0, 561.0, 99438.0
-0.348249119243, 2.0, -1.0, 3.0, -0.288042647221, -1.0, 1.0, -1.0, -0.170676068088, -0.326816703779, 0.453620585887, 2.0, -1.0, -0.331411090234, 2.0, -0.295292040959, 0.0, 0.481526793124, 0.0, 1.0, 0.0465463680337, -0.897692806825, 0.0452692934988, 1.01035909299, 1.0, 2.96443071471, -1.0, 1.0, 0.0, -0.461124196761, 0.325236835295, -0.422872462763, 1.0, 3.0, 1.0, 0.0, 0.357313367383, -0.481160812324, 3.0, -1.0, -0.381654944418, 2.22682111802, -0.26217955382, 2.08570130626, 3.0, 0.0, -0.318146279942, 2.5020258299, -0.644708450565, -0.878689659119, 93630.0, 582.0, 99424.0
2.75617299846, 2.49873742747, -0.0180566838495, 1.0, 0.506196214877, 1.06874163426, 0.0, 3.0, 0.0, 2.0, 2.0, 1.0, 3.0, 0.0, -1.0, 0.26264509661, 2.41554255454, 0.305309130316, 0.0, 1.67986425236, -0.339542909233, 0.611928577782, -1.0, -0.736854468987, 3.0, 0.501868121839, 2.0, 2.688450192, 0.0, 2.62673430686, 1.39178566433, 3.0, 0.949286038719, 0.778669450019, 2.0, 1.184937408, 0.0, 0.707972394993, 0.0, 0.0, 1.0, 1.0, 2.0, 3.0, 1.0, 0.0, -0.319735800686, 0.191222601781, 1.11784524234, 2.0, 93884.0, 680.0, 99353.0
0.492966620954, 1.34493680545, -0.957656849057, 0.505411765079, 0.506196214877, 0.0, 0.0, 1.08212955748, 0.0, -0.0580044717309, 2.43327514793, 0.0440207620616, 3.0, -0.38233399134, -1.0, 2.22364401308, 2.52311389806, 0.420130820381, 0.0, 1.45744378937, -0.650317122197, 1.0, 2.7369818171, -0.736854468987, 3.0, 0.501868121839, 2.0, 1.0, 0.141289822716, 2.85085829117, 2.19350261135, 3.0, 2.21999015701, 0.778669450019, 0.861180396346, 0.781006520712, 0.501148810695, 0.707972394993, 0.0, 0.0956259495045, 1.0, 0.0665233054635, 2.0, 3.0, 1.0, -0.134732692525, 0.0, 1.0, 1.24969921804, 2.0, 93599.0, 667.0, 99356.0
-0.393970604976, -0.72741782744, -1.0, 3.0, -0.53913462922, -1.0, 2.64073253396, -1.0, 1.0, 0.0, 1.54613486717, 2.0, -1.0, 2.95947291668, 1.25078169721, 0.0, 0.0, 1.18787728087, 0.345548655452, 1.00873331244, -1.0, 0.631202724728, 3.0, 0.0, -0.746340923918, 2.0, 0.812246358733, 1.0, -1.0, 2.0, -0.115145600575, 3.0, 1.0, 2.46544098209, -0.594322033056, -0.527104666744, 1.71382959958, 1.49251490982, 3.0, -1.0, 1.0, 2.0, 1.0, 2.58124668216, 3.0, -0.278291251455, 2.08961702253, 1.49340929934, 2.09825943761, 0.0, 94813.0, 551.0, 99441.0
1.12263559966, 0.118428362395, 0.121180356048, -0.451738343492, -1.0, 1.08783034328, 0.0, 0.438504785085, -0.514295320892, 0.0, -1.0, 0.0, 1.23485416148, 2.65701898367, 1.0, -1.0, -0.343470370621, -1.0, 0.0, -1.0, -1.0, 2.0, 0.0, -0.654761585436, -1.0, -0.420926748043, -1.0, 1.0, 2.40388580631, 2.15619360691, -1.0, 3.0, -1.0, -0.864361984826, 2.0, -0.599715974808, -1.0, 1.0, -1.0, -1.0, 2.88187960276, 1.0, -0.0652379121948, 1.95503561376, 0.107636079431, -0.503826613743, 0.0, 2.52926643795, -1.0, 2.0, 95256.0, 445.0, 99540.0
1.0, 2.0, -1.0, 3.0, -1.0, -1.0, 1.23746315989, -0.18106511999, 0.0, 0.0, 0.453620585887, 2.37733538615, -1.0, 1.0, 2.0, 0.0, 0.0, -0.0166778690076, 1.0, 1.0, -1.0, 1.0, -0.0101081246078, -0.644447358109, -1.0, 2.0, -1.0, 0.614847139983, -1.0, -0.140089504474, 0.0, 3.0, 1.0, 3.0, 1.0, 2.06217563976, 0.0628062749939, 0.42893485802, 2.24938910402, -1.0, 1.0, 2.0, 0.689938984191, 2.9547171709, 3.0, 1.09226502413, -1.0, -1.0, -0.244237871564, 0.0, 94367.0, 546.0, 99453.0
1.02343331959, 2.0, -1.0, 3.0, -1.0, -1.0, 1.0, -0.0633992216917, 0.09769613227, 0.0, 0.453620585887, 2.0, -1.0, 2.0, -1.0, 0.0, 0.0, 1.0, 1.0, 1.0, -1.0, 2.0, -0.363015131957, 0.0, 1.85734566257, 1.00198864252, 0.353299062561, 1.0, -1.0, 2.39998126124, 0.0, 3.0, 1.0, 3.0, 1.0, 0.0, 0.357313367383, -1.0, 3.0, -1.0, -0.675896717255, 2.0, 1.0, 2.0, 3.0, 0.0, -1.0, -1.0, -0.644708450565, -0.433874737503, 94578.0, 518.0, 99475.0
1.0, 0.694369453076, -1.0, 0.638462900981, 2.1966937418, -1.0, 0.572008897164, 1.54705317523, 3.0, 0.0, 0.742983679979, 3.0, 2.0, 0.0, 0.586294817279, 0.0, 3.0, 1.0, 0.0, 0.0, -0.807773866323, -0.874698088078, 3.0, 1.37694703356, 2.37093712255, -0.291887571534, 3.0, 2.35386435424, 3.0, 3.0, 1.92140998302, 2.0, 0.0, 2.47316586049, 1.0, 1.79784186121, 0.0, 3.0, -1.0, -0.941084967784, 0.974391967904, 2.0, -0.471501358483, 2.76320044141, 0.0718146147628, 1.0, 3.0, 3.0, 1.0, 0.537149047849, 94499.0, 626.0, 99381.0
1.0, 0.118428362395, -0.911903379659, 1.0, -1.0, 2.93847269227, 0.0, 1.0, 2.87417573399, 0.0, -1.0, 1.11471620042, 1.23485416148, 2.72815027279, 1.0, -1.0, -0.343470370621, -1.0, 0.0, -1.0, 0.348431320604, 2.44355625505, 0.0, -0.654761585436, 1.01397315143, -0.420926748043, -1.0, 1.0, 1.39050424665, 2.15619360691, 1.21278803439, 3.0, -0.918176516043, 0.117959938687, 0.39826473252, -0.134794613897, 0.326362515591, 1.0, -0.811004606131, -0.142308565883, 2.0, 1.0, -0.280556631123, 2.0, 2.0, 2.0, 1.0, 2.0, -1.0, 0.0, 94264.0, 559.0, 99446.0
-0.348249119243, 2.0, -1.0, -0.480647306417, -1.0, 3.0, 1.0, -1.0, -0.170676068088, -0.326816703779, -0.55288370911, 2.0, -1.0, 0.815091383655, 2.0, -0.295292040959, 0.0, 1.0, 1.0, 1.29993065155, 0.0465463680337, -0.897692806825, 1.79918506393, 0.141168065927, 1.0, 2.84754361465, -1.0, -0.974123409588, 0.0, -0.461124196761, 2.65575533913, -0.422872462763, 1.0, 3.0, 1.0, -0.343062990049, -0.655499925667, -0.481160812324, 2.71820669451, -1.0, -0.381654944418, -0.162353274367, 1.43750055236, 2.33582530466, 0.0, 0.0, -0.318146279942, 2.5020258299, -0.644708450565, -0.878689659119, 94179.0, 547.0, 99458.0
2.00234570563, -1.0, 0.0107642190817, 1.0, 1.0, 1.26911453172, 0.0, 0.44229718346, 1.71454712384, 0.0, -0.832332569245, 0.0, 2.08250004156, 2.0, -0.646254989025, -1.0, 0.0, 0.0836056201209, 1.29165746808, -1.0, -1.0, 0.0745649897706, 0.0, -0.710486779978, -1.0, 0.378232541989, -1.0, 1.0, 0.0, -0.094538261913, -1.0, 0.892206255388, 1.05505191944, -0.114792788519, 1.5022727554, -0.134794613897, -1.0, -1.0, -1.0, 0.296396212978, 0.409531436728, 1.0, -0.886730818806, 2.9547171709, 0.607090010514, 2.0, 0.39921583919, 2.77149135326, 2.09825943761, 0.0, 94514.0, 512.0, 99496.0
0.0, -0.72741782744, -1.0, 3.0, -1.0, -1.0, 1.0, -1.0, 0.258605760186, 0.0, 1.0, 2.0, -1.0, 2.80654655995, 0.745983213523, -1.0, 0.0, -0.277721313922, 1.0, -0.0424437215844, -1.0, 2.0, 3.0, -0.487722774668, 1.0, 2.0, 2.27165356346, 1.07705469857, -1.0, 0.319779351277, 0.0, 0.701368252061, 1.0, 3.0, -0.678240576781, 0.0, 0.357313367383, -1.0, 3.0, -1.0, 1.0, 2.0, 1.0, 2.61739596693, -0.0384080606484, -0.53082258051, -0.147241870947, 2.38824786504, -0.899049777476, 0.770350992833, 94764.0, 503.0, 99477.0
1.02343331959, 2.03785422213, -1.0, 3.0, -1.0, -1.0, 2.61286805834, -1.0, 1.35270031187, 0.0, 0.453620585887, -0.10874049034, -1.0, 2.0, 2.0, 0.0, 0.58361172498, 1.0, 1.0, 1.01369849932, -1.0, 2.10000744256, 0.0452692934988, -0.983173079932, 0.839951897164, 1.63688318412, -1.0, 1.0, -1.0, 2.08477699395, 0.0, 3.0, 1.0, -0.772682988571, 1.0, 0.0, 0.667627256664, 1.0, 3.0, -0.273029437953, 1.0, 2.38094215871, 1.0, 2.0, 0.96132551251, 0.0, -0.000901778644589, -1.0, 0.773439331056, -0.947070810526, 94453.0, 542.0, 99452.0
0.607946678642, -0.971409252237, -0.517638314862, 1.0, 1.0, 2.0, 0.0, 1.0, 0.0, 0.0, -1.0, 0.0, 0.860639946959, 2.0, 1.0, -1.0, -0.969510396584, -1.0, 0.0, -1.0, -1.0, 2.0, 1.18022453011, -0.654761585436, -0.894480952422, 3.0, 0.0, 1.39094264827, -0.147960058542, 2.15619360691, -1.0, 3.0, -1.0, 2.66167338156, 2.0, -0.134794613897, -1.0, 1.0, -1.0, -0.700582413402, 2.0, 1.0, 0.0, 2.25161440426, 2.17559056349, 2.0, 0.146520213279, 2.0, -1.0, 0.0867899637863, 94994.0, 482.0, 99512.0
-0.348249119243, 2.0, -1.0, 3.0, -0.514444519635, -1.0, 1.0, -1.0, 0.76387111385, -0.326816703779, 0.453620585887, 2.0, -1.0, -0.331411090234, 2.0, -1.0, 0.0, -1.0, 0.0, 1.0, 0.0465463680337, 0.305479558648, 0.0452692934988, 2.09380038909, 1.0, 2.73457938697, -1.0, 1.36398771933, 0.0, -0.461124196761, 0.0, -0.422872462763, 1.0, 3.0, 1.0, 1.65383680436, 0.357313367383, -0.658406211924, 3.0, -1.0, -0.381654944418, 2.0, 2.25914917758, 2.08570130626, 3.0, 0.0, -0.318146279942, 2.5020258299, -0.644708450565, -0.878689659119, 94254.0, 536.0, 99456.0
-0.393970604976, 1.04437479673, -1.0, 3.0, -0.571922771721, -1.0, 0.331139178362, -1.0, 1.0, 0.0, 1.54613486717, 2.0, -1.0, 2.0, 1.25078169721, -0.607555136293, 0.0, 1.18787728087, 0.345548655452, 1.00873331244, -1.0, 0.631202724728, 3.0, 0.0, -0.746340923918, 2.0, 0.812246358733, 1.0, -1.0, 2.30342118874, -0.115145600575, 3.0, 1.0, 3.0, -0.594322033056, 0.268366465044, 0.0, 1.49251490982, 3.0, -1.0, 1.0, 2.0, 1.0, 2.58124668216, 3.0, -0.278291251455, 2.08961702253, -0.240100952332, 2.09825943761, 0.0, 94481.0, 557.0, 99434.0
1.02343331959, 2.03785422213, -1.0, 3.0, -1.0, -1.0, 2.39789460432, -1.0, 1.35270031187, 0.0, 0.453620585887, -0.10874049034, -1.0, 2.0, 2.0, 0.0, 0.0, 1.0, 1.0, 1.0, -1.0, 2.0, 0.0452692934988, -0.182691191242, 0.839951897164, 1.63688318412, -1.0, 1.0, -1.0, 2.08477699395, 0.0, 3.0, 1.0, -0.772682988571, 1.0, 0.0, 1.94635442701, -1.0, 3.0, -1.0, 1.0, 2.38094215871, 1.0, 2.0, 3.0, 0.0, -0.000901778644589, -1.0, 0.773439331056, -0.947070810526, 94557.0, 522.0, 99464.0
1.0, 2.0, -1.0, 3.0, -1.0, -1.0, 1.23746315989, -0.18106511999, 0.0, 0.0, 0.453620585887, 1.40095245716, -1.0, 1.0, 0.311080260079, 0.0, 0.0, -0.0166778690076, 0.0, 1.0, -1.0, 1.0, -0.0101081246078, -0.644447358109, -1.0, 2.68410492094, -1.0, 1.0, -1.0, -0.140089504474, 0.0, 3.0, 1.0, 3.0, 1.0, 2.77777299813, 0.0628062749939, 0.42893485802, 2.24938910402, -1.0, 1.0, 2.0, 0.689938984191, 2.9547171709, 3.0, 1.09226502413, -1.0, -1.0, -0.244237871564, -0.606970593602, 94458.0, 534.0, 99465.0
0.0, 2.0, -1.0, 3.0, 2.0, -1.0, 1.0, -1.0, 0.258605760186, 0.0, 1.0, 2.0, -1.0, 2.0, 0.745983213523, 0.0, 0.0, 1.0, 1.0, -0.0424437215844, -1.0, 2.0, 3.0, -0.487722774668, 1.0, 0.0633794683842, -1.0, 1.07705469857, -1.0, 0.319779351277, 0.0, 0.701368252061, 1.0, 3.0, 1.0, 0.0, 0.0, -1.0, 3.0, -1.0, 1.0, 2.0, 1.0, 2.61739596693, 3.0, 0.33768965528, -1.0, -1.0, -0.662309375261, 0.770350992833, 94541.0, 533.0, 99467.0
1.02343331959, 2.03785422213, -1.0, 3.0, 0.173868822456, -0.829659523778, 2.39789460432, -1.0, 1.35270031187, -0.140735427815, 0.453620585887, -0.10874049034, -1.0, 2.0, 2.0, -1.0, 0.300045416505, 1.0, 1.0, -0.166368329468, -1.0, 2.67393697576, 0.0452692934988, -0.182691191242, -1.0, 0.560090115176, -1.0, 1.0, -1.0, 2.08477699395, 0.0, 3.0, 1.0, -0.906067189326, 1.0, 0.0, 1.94635442701, 0.285727678328, 3.0, -1.0, 1.0, 0.525673525162, 1.41444071141, 2.0, 3.0, 0.0, -0.000901778644589, -1.0, 0.773439331056, -0.947070810526, 94396.0, 520.0, 99468.0
1.0, 1.0, 2.0, 0.0, 2.05791384729, 3.0, -0.251038124254, 3.0, 3.0, 1.12569346524, 2.0, 0.0, -0.158744449598, 1.0, 0.216053182704, 3.0, -0.31276264698, 2.28248863219, 3.0, 0.0, 1.13723385435, -1.0, 2.08847126648, 0.0, 0.678894134593, 1.63688318412, 0.0, 0.468903457882, 0.300659845074, 0.549705871883, 2.65575533913, 0.0, 2.0, 0.0519400236872, 2.54843741851, -1.0, 0.856885754069, 0.822104374189, -0.118298482858, 0.0706834644184, 1.05532303679, 1.80481544741, 2.07244632491, 1.0, 1.22474153827, 1.0, 0.0, 2.49486721838, 0.415545940652, -0.264901578916, 93579.0, 697.0, 99349.0
2.65692187454, 1.73467372695, 3.0, -0.451738343492, -1.0, 2.95354030259, 0.0, 1.0, 0.741127164605, 0.0221697887374, -1.0, 0.0, 1.23485416148, 0.807333882693, 2.77821782055, 1.51035414263, -0.343470370621, -1.0, 0.0, -0.428169505481, -1.0, 2.0, -0.762797088566, -0.654761585436, -1.0, -0.420926748043, -1.0, 1.0, 2.41678022746, 2.15619360691, -1.0, 0.227816777588, 0.823320373344, 0.0, 0.808710495877, -0.134794613897, -1.0, 0.951109812556, -1.0, -1.0, 2.60184817274, -0.290310910401, 0.0, 2.0, 2.0, 0.556875974598, 2.79978711204, 2.22767895734, 2.22135791458, 0.0, 94438.0, 550.0, 99446.0
1.02343331959, 2.0, -1.0, 3.0, -1.0, -1.0, 1.0, -1.0, -0.170676068088, -0.326816703779, 0.453620585887, 2.0, -1.0, -0.942038328208, 2.0, 0.0, 0.0, 1.0, 0.0, 1.0, 0.0465463680337, -0.897692806825, 0.0452692934988, 1.01035909299, -0.817266159603, 2.76513828849, -1.0, 1.0, 0.0, 2.0, 0.0, 3.0, 2.86722581821, -0.889352346905, 1.0, -0.123408323855, 0.357313367383, -1.0, 3.0, -1.0, -0.381654944418, 2.0, 1.43750055236, 2.0, 3.0, 0.147832727919, -0.318146279942, 2.0, -0.644708450565, 0.168682068069, 94445.0, 519.0, 99469.0
1.0, 1.0, 2.0, 0.0, 2.05791384729, 3.0, -0.251038124254, 3.0, 3.0, 1.12569346524, 2.0, 0.0, -0.158744449598, 1.0, 0.216053182704, 3.0, -0.31276264698, 2.28248863219, 3.0, 0.0, 1.13723385435, -1.0, 3.0, 0.0, 0.678894134593, 2.0, 0.0, 0.468903457882, -0.00536881222637, 0.549705871883, 2.65575533913, 0.0, 2.0, 0.0519400236872, 2.54843741851, -1.0, 0.856885754069, 0.822104374189, -0.118298482858, 0.0706834644184, 1.05532303679, 1.38468113169, 2.07244632491, 1.0, 1.22474153827, 1.0, 0.0, 2.49486721838, 0.415545940652, -0.264901578916, 93579.0, 697.0, 99349.0
1.0, -1.0, -1.0, 3.0, -0.57243850983, 2.0, 0.0, 1.83598827047, 0.180153350133, 0.0121503269939, 0.107033068761, 0.0, -0.196695237035, 0.389233916273, 1.0, -0.360917047518, 0.58361172498, -1.0, 0.0, -1.0, -1.0, 0.737787908391, 0.349206632038, 0.174638626355, 0.162578438002, 2.55251857374, 0.0, 1.0, 0.0101600894147, 2.15619360691, -1.0, 1.63160302568, 2.49645760436, 0.0, 0.806797659705, -0.134794613897, -1.0, 1.0, -0.544342749863, -0.969124562368, 2.0, 1.0, -0.26217955382, 2.0, 1.97770100785, 2.0, 0.642923894153, 2.0, -1.0, 0.0929052335228, 93894.0, 564.0, 99434.0
-0.348249119243, 2.0, -1.0, 3.0, -1.0, 3.0, 1.0, -1.0, -0.170676068088, -0.326816703779, -0.55288370911, 2.0, -1.0, -0.331411090234, 0.311080260079, -0.295292040959, 0.0, 1.0, 0.0, 1.29993065155, 0.0465463680337, -0.897692806825, 0.0452692934988, 1.01035909299, 1.0, 2.73457938697, -1.0, 1.0, 0.0, -0.461124196761, 2.65575533913, -0.422872462763, 1.0, 3.0, 1.0, -0.343062990049, -0.655499925667, -0.481160812324, 2.71820669451, -1.0, -0.381654944418, 2.0, 1.43750055236, 2.33582530466, 2.89231868192, 0.0, -0.318146279942, 2.5020258299, -0.644708450565, -0.878689659119, 94099.0, 562.0, 99439.0
0.0, 2.0, -1.0, 3.0, 2.0, -1.0, 1.0, -1.0, 1.0, 0.0, 1.0, 2.0, -1.0, 2.0, 2.0, 0.0, 0.0, 1.0, 1.0, 1.0, -1.0, 2.0, 3.0, 0.0, 1.0, 2.0, -1.0, 1.0, -1.0, 2.0, 0.0, 3.0, 1.0, 3.0, 1.0, 0.0, 0.0, -1.0, 3.0, -1.0, 1.0, 2.0, 1.0, 2.0, 3.0, 0.0, 1.0, 1.49340929934, 0.0, 0.0, 94380.0, 580.0, 99420.0
1.02343331959, 2.0, -1.0, 3.0, -1.0, -1.0, 1.0, -0.0633992216917, 0.09769613227, 0.0, 0.453620585887, 2.0, -1.0, 2.0, 2.0, 0.0, 0.0, 1.0, 1.0, 1.0, -1.0, 2.0, -0.363015131957, 0.0, 1.85734566257, 1.00198864252, 0.353299062561, 1.0, -1.0, 2.39998126124, 0.0, 3.0, 1.0, 3.0, 1.0, 0.0, 0.357313367383, -1.0, 3.0, -1.0, 1.0, 2.0, 1.0, 2.0, 3.0, 0.0, -1.0, -1.0, -0.644708450565, 0.0, 94331.0, 550.0, 99448.0
1.0, -1.0, 0.121180356048, 1.0, -1.0, 2.71127633558, 0.0, 0.0277324341753, 0.0, 0.0, -1.0, 0.0, -1.0, 2.65701898367, 1.0, -1.0, -1.0, -1.0, 0.0, -1.0, -1.0, 2.0, 0.0, -0.654761585436, -1.0, -0.420926748043, -1.0, 1.0, 1.39050424665, 1.29026363173, -1.0, 0.0, 2.0, 0.0, 0.424546823011, -0.570289800958, -1.0, 2.03890769283, -1.0, -1.0, 2.0, 1.0, 0.0, 2.66731253978, 2.0, 2.0, 1.0, 2.0, -1.0, 0.0, 95083.0, 455.0, 99536.0
-0.954140553774, -0.913732476549, -1.0, 3.0, -0.53913462922, -1.0, 2.81618162277, -1.0, 1.0, 0.0, 1.54613486717, 2.0, -1.0, 2.0, 1.25078169721, 0.0, 0.218495779563, 0.307427937669, 0.345548655452, 1.00873331244, -1.0, 0.631202724728, 3.0, 0.0, 1.0, 0.441906903019, 0.812246358733, 1.0, -1.0, 2.0, 0.0510198682088, 3.0, 1.0, 3.0, 1.09112705479, -0.204796205974, 0.0, 1.49251490982, 3.0, -1.0, 1.0, 2.0, 1.0, 2.58124668216, 3.0, -0.278291251455, 2.08961702253, -0.155012526977, -1.0, 0.0, 94520.0, 556.0, 99435.0
0.256930864423, 2.0, -1.0, 0.0, 2.0, -1.0, 1.0, -1.0, 1.0, 0.0, 1.0, 2.75945027152, -1.0, 2.0, 2.0, 0.418045645338, -0.224303611684, 1.0, 0.878414672638, 1.0, -1.0, 2.0, -1.0, 0.0, -0.321026320953, 2.0, -1.0, 1.0, -1.0, 2.0, 0.0, 3.0, 1.0, 3.0, 1.0, -0.0130211755377, 0.0, -1.0, 1.41229109764, -0.731118936729, 1.0, 2.0, 2.18773260266, 2.21791943257, 3.0, 0.0, 1.0, 1.49340929934, 0.0, 0.0, 94384.0, 561.0, 99435.0
1.02343331959, 2.0, -1.0, 3.0, -1.0, -1.0, 1.0, -1.0, -0.170676068088, -0.326816703779, 0.453620585887, 2.0, -1.0, -0.942038328208, 1.32772823691, 0.0, 0.0, 1.0, 0.0, 1.0, 0.0465463680337, -0.897692806825, 0.0452692934988, 1.01035909299, 1.0, 2.76513828849, -1.0, 1.0, 0.0, 2.0, 0.0, 3.0, 1.0, 3.0, 1.0, 0.0, 0.357313367383, -1.0, 3.0, -1.0, -0.381654944418, 2.0, 1.43750055236, 2.0, 3.0, 0.0, -0.318146279942, 2.0, -0.644708450565, 0.0, 94235.0, 551.0, 99449.0
0.0, 1.04437479673, -1.0, 3.0, -0.53913462922, -1.0, 2.64073253396, -1.0, 1.0, 0.0, 1.54613486717, 2.0, -1.0, 2.0, 1.25078169721, 0.0, 0.0, -0.534514545316, 0.0, 1.00873331244, -1.0, -0.736500104475, 3.0, 0.0, 1.0, 2.0, 0.812246358733, 1.0, -1.0, 0.202855523098, -0.505074347955, 3.0, 1.0, 0.0, 1.0, 0.0, 0.0, 1.49251490982, 3.0, -1.0, 1.0, 2.00340412374, 1.0, 2.04647111237, 3.0, -0.278291251455, 2.08961702253, 1.49340929934, 2.09825943761, 0.0, 94452.0, 552.0, 99439.0
1.02343331959, 2.0, -1.0, 3.0, -1.0, -1.0, 1.0, -1.0, 0.180153350133, 0.0, 0.453620585887, 2.0, -1.0, 2.0, 1.48243590584, 0.0, 0.0, 1.0, 1.0, 0.485788915682, -1.0, 2.0, 0.0452692934988, 0.0, 1.0, 0.0, -1.0, 1.0, 2.48707741924, 2.0, 0.0, 3.0, 1.0, 3.0, 1.0, 0.0, 0.357313367383, -1.0, 3.0, -1.0, 1.0, 2.0, 1.0, 2.0, 3.0, 0.278424139472, -1.0, 2.94187995522, -0.644708450565, 0.0, 94394.0, 554.0, 99446.0
