3.91142710816, 1.00000094384, 1.59032976182, 0.930490808369, 5.13878953357, 0.827002661264, 2.54259503669, 1.07725833048, 0.957380447642, 2.71194512202, 5.45064338217, 1.12873525714, 4.89337271873, 1.03407684755, 1.09000051048, 1.03966015186, 1.03043935792, 1.09279505627, 5.36948294056, 1.16095366834, 0.936301969549, 954.862727459, 1.0680144363, 3.94304126999, 1.15158240708, 3.10913732863, 1.18055358173, 58.0270360013, 10.471387135, 474.992227901, 2.41286863271
3.91998121488, 1.00000046333, 1.1073183719, 1.1017626512, 6.54082919713, 0.761606428603, 2.89917815452, 1.17385561412, 0.907492206435, 2.49701517762, 4.77367322915, 0.964621462055, 3.85190749066, 1.0335131141, 1.0900005779, 1.07885441516, 1.00649013568, 1.01235726632, 8.16376790459, 0.986294931416, 0.98056276273, 194.633742448, 1.08505209422, 1.50738858345, 1.19131872232, 1.37154649269, 1.25312224701, 62.9801803107, 10.6144781904, 328.781708495, 1.07238605898
2.20481659583, 1.0000006416, 1.33701974291, 0.861570826418, 6.71484297965, 0.807443076633, 3.43937625707, 1.07260742222, 0.999247041875, 1.36641096096, 5.42669926768, 1.10085456491, 4.20277149022, 0.925048389403, 1.09000044799, 1.08722659354, 1.02998635187, 1.14593326221, 3.34816359714, 1.10386010629, 0.830777252266, 781.188228111, 0.920518351151, 2.88053216845, 0.989539490513, 1.32472108292, 1.16331940677, 50.1276867992, 16.0021839511, 29.8473342656, 1.34048257373
4.00315761438, 1.00000024024, 1.33473438577, 1.08104483843, 5.56663139849, 0.848965049803, 3.64913298726, 1.22855473888, 0.945199224277, 1.78310318274, 5.75152304166, 1.17027614034, 4.75023802715, 1.15276547702, 1.09000090913, 1.10316899132, 1.00854086359, 0.975556767082, 6.22915798946, 1.12625643021, 0.913051817178, 300.807024367, 1.09578147101, 1.21991318618, 0.994208717966, 1.58908504543, 0.88596803371, 424.87847087, 31.9157442914, 715.461265816, 0.804289544236
2.68410665513, 1.00000085289, 1.44679952678, 1.13047283417, 5.59109734693, 0.886035339806, 4.10769274182, 1.14555451067, 0.900991984497, 3.63831072361, 5.4800138282, 0.962195023643, 1.1476514374, 0.854422094467, 1.09000074247, 1.02047083422, 1.00395159258, 1.01760679232, 5.07227167682, 1.13909899263, 0.795176499822, 175.39744634, 0.961942798647, 1.93193648862, 0.951053195579, 3.76342065977, 0.997171006696, 812.413323336, 36.830297499, 939.120169915, 0.0
2.20481659583, 1.0000006416, 1.2186546346, 0.861570826418, 6.71484297965, 0.807443076633, 3.43937625707, 1.07260742222, 0.999247041875, 1.36641096096, 5.42669926768, 1.10085456491, 4.20277149022, 0.925048389403, 1.09000044799, 1.08722659354, 1.02998635187, 1.22048160813, 3.34816359714, 1.10386010629, 0.830777252266, 781.188228111, 0.920518351151, 2.88053216845, 0.989539490513, 1.32472108292, 1.16331940677, 129.412271164, 11.5788806551, 226.912261399, 4.02144772118
2.40768361583, 1.00000028516, 1.10481512636, 1.10074970445, 5.22458012144, 0.761303352685, 3.51165802789, 1.18900644273, 0.928401136793, 3.09582492105, 4.9052527598, 1.19900929225, 4.57248802105, 1.06311911421, 1.09000039317, 1.02570828734, 1.0444262407, 0.979209509291, 3.64922979833, 1.08231628232, 0.786438261076, 415.09513116, 1.02025053294, 1.14215636576, 0.968053008405, 5.47654029958, 1.0591948076, 211.739861365, 19.1669295599, 1212.34130777, 0.536193029491
4.6368913724, 1.00000002464, 1.57687919257, 0.8628187974, 4.58322358766, 0.923127170784, 5.29817670405, 1.13696636838, 0.971833563667, 2.94007001467, 5.75177541894, 1.01431374678, 1.6573241695, 0.839286436757, 1.09000070426, 1.0549155474, 1.00355830491, 0.824364976559, 4.6686307101, 0.923412977818, 0.841221843896, 349.036651135, 1.10549813744, 4.33299046653, 1.14660580101, 2.04665010431, 0.945745519784, 173.367950782, 24.9827020408, 2559.34523956, 0.268096514745
4.10268189232, 1.00000095005, 1.01252612365, 1.10645790997, 4.58473998706, 0.891784439854, 3.37178033308, 1.15628697133, 0.94866372623, 4.67344192335, 5.64952152968, 0.91708290351, 1.56807716641, 1.26763182931, 1.09000068255, 1.01103128513, 1.00970091558, 1.08725392248, 9.95964685389, 1.02768945109, 0.850027124122, 532.108571966, 1.03899381551, 1.23993447038, 1.16144340266, 3.97067017116, 1.23216920771, 69.5376427949, 9.4223464468, 1220.50915804, 4.82573726542
1.02859627926, 1.00000078011, 1.46521009625, 1.08630881676, 6.66568360219, 0.960963640027, 2.40589044647, 1.23018369309, 0.991795021297, 1.77743012679, 4.79390602801, 1.17947221151, 3.29056059096, 1.22956053816, 1.09000046095, 1.06123754078, 1.04114490529, 0.919699787987, 8.22232483383, 1.11221882156, 0.906115484073, 773.478626696, 0.93028876326, 2.55577963006, 1.22168079664, 1.76453763013, 1.17501954846, 356.77388017, 30.3316582455, 906.882130485, 0.536193029491
4.78503096967, 1.00000032243, 1.54638735063, 1.14859049009, 3.09301747787, 0.885572563025, 3.6121235545, 1.23750012646, 0.905027138947, 5.09769404454, 6.05778362438, 1.01060140842, 4.51424994064, 0.825554779967, 1.09000037046, 1.05009061206, 1.01332122613, 1.14593326221, 3.01370077104, 1.08678282445, 0.990996294853, 582.218762838, 1.03440720024, 5.49406380077, 1.16739013628, 3.96930494911, 1.17338870257, 230.320818275, 16.1567827143, 1264.54023451, 0.0
1.76841547493, 1.00000037407, 1.40129932742, 1.06961343, 2.68008997109, 0.969476857889, 5.39174887876, 1.00762931606, 0.980421259783, 4.4091834487, 5.03445285484, 0.840480919021, 3.46995476505, 1.15637038744, 1.09000047662, 1.00778487638, 1.0242387053, 1.09183636426, 8.15429601412, 1.12605374975, 0.829467886643, 778.890579922, 1.16335171711, 1.1156922341, 0.964462087318, 2.3463210645, 1.02613713302, 57.6765485312, 12.9066491026, 651.482945664, 2.9490616622
4.0810196426, 1.00000020175, 1.41380766064, 1.04797250533, 5.29908936556, 0.992723488691, 3.48168064482, 1.02416927671, 0.917073603204, 4.48600724987, 5.22627780391, 0.925770730218, 3.70600108281, 1.08481201104, 1.09000080393, 1.05718552144, 1.02805133462, 0.844924226014, 4.36566408244, 1.04794179222, 0.939300273361, 968.499258492, 1.14314843697, 2.63772365934, 1.01946888603, 3.71021861503, 1.0341290735, 287.741646426, 14.305134664, 448.931763664, 3.21715817694
2.92103038775, 1.00000037787, 1.09187018491, 0.82399089682, 3.38211563892, 0.920264322351, 1.73068083788, 1.16154951536, 0.911449681507, 4.59988575928, 5.785907556, 1.04873794892, 1.19505083853, 1.17662090254, 1.09000033835, 1.0623560232, 1.01498377059, 0.810166701233, 5.7351578415, 1.06769678473, 0.970857683474, 28.9390369174, 0.991140767259, 4.55976101133, 0.996730191678, 3.32865412773, 1.27545573852, 173.078222621, 14.5966019297, 358.398512447, 2.14477211796
5.38146501223, 1.0000000634, 1.43729060659, 0.855186624873, 6.59277647962, 0.820378800047, 4.69898412202, 1.07064421629, 0.920730768008, 2.23794675117, 6.10993364991, 1.08779334317, 4.84268780107, 1.24870250168, 1.09000023103, 1.08107475552, 1.01544712864, 1.01079359574, 3.03716609219, 1.11564470048, 0.887803011739, 726.376032473, 1.03389965113, 3.85999176966, 1.03051732288, 5.39938410243, 0.971920743575, 138.212118747, 16.693228974, 580.073654045, 1.07238605898
2.112954811, 1.00000095, 1.5313681078, 0.955812578051, 2.15281212602, 0.714725720755, 1.34842437546, 1.25883411094, 0.977924461055, 4.68476592808, 5.61139422094, 0.828661604224, 3.71696841833, 0.828041407792, 1.09000082539, 1.08290712958, 1.03790516185, 1.07165514795, 3.73022180034, 1.01352149131, 0.851995126193, 68.108153733, 0.957557350189, 5.56129176803, 1.12443857291, 5.14424969273, 1.15058535028, 174.565184893, 17.5749374127, 285.708373229, 5.09383378016
2.61877769927, 1.00000064433, 1.26478336373, 0.852931908958, 6.0152044227, 0.895285341546, 4.57647412633, 1.18185570709, 0.988375636714, 3.66682271357, 5.94873408186, 1.16948818929, 2.3031729205, 0.995176657593, 1.09000061582, 1.04492719856, 1.02246862953, 1.18583678025, 4.84285296122, 1.1376409305, 0.817747150507, 274.175579251, 1.1427878414, 3.78964914964, 1.13940759066, 1.77555975733, 1.1156599251, 343.489905041, 29.6298936075, 1655.60096015, 0.0
4.90432808008, 1.00000019662, 1.48366549651, 0.843773503812, 5.5260756939, 0.998835534525, 5.224705658, 1.16661612934, 0.911194966832, 2.8079150668, 5.01698612869, 1.02033792372, 4.74009276835, 0.930692487215, 1.09000001597, 1.07208826173, 1.02312204042, 1.12616480333, 3.05196083091, 1.13970891645, 0.891565472797, 913.53799531, 1.08505209422, 3.90557843122, 1.20111279381, 2.42064244166, 1.27504022245, 520.224480569, 20.3421795963, 4999.56869369, 0.0
4.18180004241, 1.00000078635, 1.31161452094, 1.08695634741, 2.0959365187, 0.902641314939, 1.33331970219, 1.2040855609, 0.933917789705, 5.07414871572, 4.76585339404, 1.15902380679, 1.23795949187, 0.86885226996, 1.09000003852, 1.05682587946, 1.00591953428, 0.910250404613, 6.04445206828, 1.08163255758, 0.820205333524, 627.12655001, 1.0204442585, 5.81123211586, 0.955382775451, 4.98639480403, 1.22405182302, 87.7566312452, 12.0093961858, 607.048031622, 3.21715817694
2.40672023933, 1.00000098987, 1.48121127229, 0.820725114633, 4.2035679856, 0.895285341546, 5.39174887876, 1.06807606105, 0.918734534417, 4.57873444924, 5.30689692542, 1.12591280269, 4.73553823648, 1.04443702767, 1.09000055486, 1.0733064371, 1.01316082017, 0.82854221314, 3.13385682656, 0.936029976969, 0.791314988066, 785.690336673, 1.08373080175, 5.34560658475, 0.952989285254, 1.92969936875, 0.980307757633, 132.167189735, 23.895838974, 824.100822805, 2.14477211796
4.50108656165, 1.00000055281, 1.05468723356, 0.957138981835, 3.44665561714, 0.819550547772, 4.05806078098, 1.24456817191, 0.936064538161, 4.68716074503, 5.27726803257, 0.972217166988, 2.202399414, 1.10683652942, 1.09000039599, 1.07735431304, 1.02524362057, 1.17795340349, 3.4417399423, 0.94485175189, 0.928575909133, 440.281313002, 1.13964471922, 2.667212568, 1.11412991088, 4.42346472927, 1.28625168653, 646.7886829, 38.3502719827, 3692.63937224, 0.0
2.112954811, 1.00000095, 1.5313681078, 0.955812578051, 2.15281212602, 0.714725720755, 1.34842437546, 1.25883411094, 0.977924461055, 4.68476592808, 5.61139422094, 0.828661604224, 3.71696841833, 0.828041407792, 1.09000082539, 1.08290712958, 1.03790516185, 1.07165514795, 3.73022180034, 1.01352149131, 0.851995126193, 49.7231334723, 0.947426083829, 5.56129176803, 1.06291601959, 5.14424969273, 1.15058535028, 786.160704414, 27.2663246662, 2647.38571492, 0.268096514745
4.10268189232, 1.00000095005, 1.08002017679, 1.10645790997, 4.58473998706, 0.891784439854, 4.36886032173, 1.03982352682, 0.94866372623, 2.66882538245, 5.64952152968, 0.91708290351, 1.56807716641, 0.912560739627, 1.09000068255, 1.01103128513, 1.008341069, 1.08725392248, 7.13913590976, 1.02768945109, 0.850027124122, 532.108571966, 1.03899381551, 1.23993447038, 1.16144340266, 3.97067017116, 1.23816201154, 93.3759208517, 12.3793308675, 698.995451965, 3.48525469169
2.87386303633, 1.00000036614, 1.71668074153, 0.87715045603, 2.77661876649, 0.810489068901, 3.95643301649, 1.20261649967, 0.968239073529, 3.81867164931, 5.68080790564, 1.1362105584, 2.5425520321, 1.03281524805, 1.09000008759, 1.10296299222, 1.00430156464, 0.933271212844, 3.91014502684, 1.14669539841, 0.950232356863, 17.3893662827, 1.01983185507, 4.30549541036, 1.21034745395, 3.1421975697, 0.87647147382, 315.835759082, 14.9563475051, 1331.69986613, 2.41286863271
2.112954811, 1.00000095, 1.5313681078, 0.955812578051, 2.15281212602, 0.711803124435, 1.34842437546, 1.25883411094, 0.977924461055, 1.50872215968, 5.61139422094, 1.01579536977, 3.71696841833, 0.828041407792, 1.09000082539, 1.08290712958, 1.03790516185, 1.07165514795, 3.73022180034, 1.01352149131, 0.851995126193, 68.108153733, 0.957557350189, 5.85433769301, 1.12443857291, 5.14424969273, 1.15058535028, 266.943859599, 20.0279854803, 3000.79978271, 0.536193029491
3.91142710816, 1.00000094384, 1.59032976182, 0.930490808369, 5.13878953357, 0.81019153416, 5.62882848828, 1.18995629856, 0.957380447642, 2.71194512202, 5.45064338217, 1.12873525714, 4.89337271873, 1.03407684755, 1.09000093483, 1.04448115382, 1.03043935792, 1.09279505627, 5.36948294056, 1.16095366834, 0.984108879748, 954.862727459, 1.0680144363, 3.94304126999, 1.15158240708, 3.10913732863, 1.18055358173, 723.366250658, 21.6922532677, 2141.54007634, 0.536193029491
4.29359183519, 1.00000010666, 1.42212115319, 1.04541267696, 5.34610782563, 0.919425623395, 4.71555352461, 1.2263140239, 0.922179864505, 2.52790947972, 4.77357307187, 1.03289357146, 1.78246637492, 1.03439838363, 1.09000078424, 1.00737055828, 1.01675119271, 1.05758791865, 4.00343615256, 0.917538553064, 0.992107185117, 844.506330738, 1.11990969459, 4.31050565532, 1.08705572242, 4.59989100758, 1.25691192636, 253.313421184, 28.3144505495, 2342.3714539, 0.536193029491
5.68611309507, 1.00000068512, 1.31702838614, 0.961727514761, 6.40546014223, 0.80305165877, 5.3026924536, 1.23442855009, 0.925257094939, 5.24846144667, 5.27324531904, 0.954169967785, 4.57187390765, 1.10689020127, 1.09000093753, 1.08445332575, 1.04113543954, 1.22543540894, 7.90810262099, 1.117221485, 0.958904592286, 170.182624818, 1.09812417769, 3.36018849064, 1.16038713885, 3.71367112766, 0.921362262956, 515.932330707, 25.4133109333, 1745.5299901, 0.804289544236
1.46496723752, 1.00000084609, 1.22681805722, 1.08647943706, 4.64198534222, 0.859426990309, 4.0292688534, 1.24456817191, 0.961762770277, 3.34029447656, 5.48907669749, 1.07374293856, 3.08217050115, 0.839286436757, 1.09000008139, 1.07195233829, 1.04524636199, 0.810231198296, 7.14755157885, 0.960305268871, 0.994405598598, 17.4577900202, 1.14133762234, 1.71201813908, 1.10407914863, 3.38287591705, 1.02640694263, 550.131846881, 19.947418188, 2983.11268509, 0.536193029491
3.56547737949, 1.00000095625, 1.38844576472, 0.984093736782, 6.71484297965, 0.71182362688, 3.43937625707, 1.15902019455, 0.929137209121, 6.18060621022, 5.23914926762, 1.12342164459, 3.36022677455, 0.831920269659, 1.090000025, 1.01938909212, 1.00824156729, 1.0624309951, 7.1834250006, 1.08019894107, 0.818608925339, 493.315897903, 0.926534827949, 4.76238735471, 0.953981536709, 5.2152151514, 1.25788433256, 288.854408445, 15.0467606968, 480.92635703, 2.68096514745
1.37346567261, 1.00000008034, 1.30135940989, 1.14833476936, 1.67437605192, 0.913793362872, 4.41891992578, 1.13633458144, 0.98802002624, 1.86028759116, 5.28181302835, 0.911018817947, 1.37994588145, 0.923540413227, 1.09000035591, 1.06572106771, 1.00040644466, 1.02080209154, 9.28035026749, 0.963777335618, 0.989726929744, 726.849765385, 0.951024768657, 3.33041804566, 1.19442252544, 2.74790534824, 0.940162878312, 1761.81705024, 51.4019841862, 2855.98893048, 0.0
5.3086900376, 1.00000060173, 1.06507555818, 0.884229558739, 2.5003110473, 0.971873658165, 5.23787177512, 1.09817080895, 0.922347571259, 2.19173299752, 4.99047418369, 1.0768604086, 2.54846097813, 0.908778145364, 1.09000091515, 1.07308000478, 1.0391077404, 0.827901930748, 8.89987294833, 1.04645808904, 0.968805806049, 709.823407094, 1.10570349868, 5.65644527048, 0.951879862431, 3.03658948031, 1.1610596653, 108.766628891, 21.3962214581, 1294.28970667, 2.41286863271
3.56547737949, 1.00000050545, 1.38844576472, 0.984093736782, 6.71484297965, 0.71182362688, 3.43937625707, 1.07440383484, 0.922716631948, 6.18060621022, 5.23914926762, 1.12342164459, 3.36022677455, 0.831920269659, 1.09000027019, 1.01938909212, 1.00824156729, 1.0624309951, 7.1834250006, 1.08019894107, 0.818608925339, 493.315897903, 0.926534827949, 4.76238735471, 0.953981536709, 5.2152151514, 1.25788433256, 475.895445822, 30.899771345, 1356.91292238, 0.804289544236
3.56547737949, 1.00000050545, 1.38844576472, 0.984093736782, 4.10300201487, 0.71182362688, 1.26525228654, 1.15902019455, 0.922716631948, 6.18060621022, 5.23914926762, 1.12342164459, 3.36022677455, 0.831920269659, 1.090000025, 1.01938909212, 1.00824156729, 1.0624309951, 7.1834250006, 1.08019894107, 0.818608925339, 468.989252163, 0.926534827949, 4.76238735471, 0.953981536709, 4.48172220906, 1.25788433256, 624.633545967, 34.8734275662, 2561.43521649, 0.268096514745
4.78503096967, 1.00000032243, 1.54638735063, 1.14859049009, 3.09301747787, 0.885572563025, 3.42612514228, 1.23750012646, 0.905027138947, 4.62687993278, 6.13390775087, 1.01060140842, 4.51424994064, 0.840258772762, 1.09000037046, 1.05009061206, 1.01332122613, 1.05810938106, 6.24249275716, 1.08678282445, 0.878767223967, 582.218762838, 0.989348536677, 2.58649040367, 1.16739013628, 2.37292106165, 1.17338870257, 412.899994728, 23.3985449278, 862.489117291, 1.34048257373
1.87606203427, 1.00000010338, 1.71862808095, 1.13633359857, 3.503295954, 0.741074199808, 2.67497401515, 1.05367764073, 0.983682111002, 5.81165332378, 5.99406970439, 0.915785442094, 2.68212863797, 0.99810383425, 1.09000098299, 1.02111442339, 1.0411222963, 1.11965848886, 5.26424393938, 1.12534675044, 0.96425367914, 524.548676214, 0.936030139823, 1.90846361722, 1.08159391016, 2.19763741973, 1.21963691104, 2500.29439968, 30.5202677044, 20295.4976384, 0.0
2.26506604721, 1.00000030691, 1.09964996695, 0.86841019701, 3.40971705168, 0.822403876228, 2.81499424895, 1.14781859912, 0.930724229766, 5.99280850646, 5.50637364042, 0.941855327712, 4.36915616085, 1.19546379142, 1.09000092996, 1.03374574627, 1.00666807001, 0.846758132376, 9.46374736282, 1.13739682269, 0.826025165072, 861.020918239, 1.1500287005, 2.49195094804, 1.20324859763, 3.59889637971, 0.964738857557, 1004.07327428, 30.5638270179, 5274.53121026, 0.0
1.76841547493, 1.00000037407, 1.49427164231, 1.06961343, 2.68008997109, 0.948486617242, 5.50369706684, 1.1184304337, 0.980421259783, 4.4091834487, 5.03445285484, 0.840480919021, 3.46995476505, 1.15637038744, 1.09000047662, 1.00778487638, 1.0242387053, 1.09183636426, 8.15429601412, 1.12605374975, 0.829467886643, 778.890579922, 1.16335171711, 2.53176527543, 0.964462087318, 4.23554087712, 1.02613713302, 240.296105384, 13.1887907793, 1007.44779282, 3.75335120643
3.32420423888, 1.000000283, 1.58648024009, 0.917337809841, 3.79819456796, 0.724866145964, 2.10724948743, 1.20465390165, 0.936007502997, 1.32905305183, 5.30689692542, 1.02742308089, 4.84797846688, 0.854614179694, 1.09000071522, 1.02589220548, 1.04851843754, 0.871039735039, 6.78278963966, 0.99949820423, 0.94507601782, 649.849615961, 1.06369544318, 4.96307912183, 1.2208703786, 3.0011740779, 0.872930233027, 370.097885945, 29.9608952109, 2321.22429039, 0.804289544236
3.39815419332, 1.00000002464, 1.57687919257, 0.849741665384, 4.58322358766, 0.851596245665, 5.29817670405, 1.13696636838, 0.930451144988, 2.94007001467, 5.19412937521, 1.01431374678, 1.6573241695, 1.21607380261, 1.09000033027, 1.0549155474, 1.00355830491, 1.10838103022, 3.85104719989, 0.917725475011, 0.841221843896, 349.036651135, 1.10549813744, 4.33299046653, 1.14660580101, 2.04665010431, 0.878463001308, 190.393507646, 13.1586781286, 860.389658332, 4.82573726542
2.61877769927, 1.00000064433, 1.45032806151, 0.852931908958, 6.0152044227, 0.895285341546, 4.57647412633, 1.18185570709, 0.988375636714, 3.66682271357, 5.94873408186, 1.18024522222, 2.3031729205, 0.995176657593, 1.09000061582, 1.04492719856, 1.02246862953, 1.18583678025, 4.84285296122, 1.1376409305, 0.817747150507, 274.175579251, 1.1427878414, 3.78964914964, 1.12876252965, 1.77555975733, 1.1156599251, 2825.62997265, 32.4889632165, 13482.2882985, 0.0
4.97207117385, 1.00000032243, 1.54638735063, 1.14859049009, 3.09301747787, 0.885572563025, 1.95193063701, 1.23750012646, 0.905027138947, 5.09769404454, 6.05778362438, 1.01060140842, 4.51424994064, 0.877524825213, 1.09000037046, 1.05009061206, 1.01332122613, 1.14593326221, 3.01370077104, 1.08678282445, 0.990996294853, 582.218762838, 1.03440720024, 5.49406380077, 1.16739013628, 3.96930494911, 1.17338870257, 308.930638954, 18.2627520176, 1013.42082713, 2.14477211796
4.0810196426, 1.00000004674, 1.41380766064, 1.20522520163, 5.29908936556, 0.998417253399, 3.48168064482, 1.02416927671, 0.922729439909, 4.48600724987, 5.22627780391, 0.925770730218, 3.9246552428, 1.08481201104, 1.09000085004, 1.05718552144, 1.02805133462, 0.844924226014, 4.36566408244, 1.04794179222, 0.939300273361, 968.499258492, 1.14314843697, 2.63772365934, 1.01946888603, 3.71021861503, 1.0341290735, 210.803914699, 13.3816806889, 2372.61418056, 5.36193029491
2.58153467271, 1.00000084324, 1.45933772837, 0.845040046426, 6.28481920157, 0.881467361199, 5.45438723021, 1.23069127714, 0.941518932425, 4.10341945226, 6.13405319542, 1.03295632639, 1.33892160881, 1.14381418121, 1.09000011096, 1.10333298841, 1.00921239553, 1.18972345871, 9.97802535314, 1.1370299988, 0.848306184052, 47.2913783714, 0.98674969629, 1.36896948214, 1.21882330087, 3.68348121853, 1.24979628624, 994.376256, 36.9520239458, 754.946386125, 2.14477211796
2.87386303633, 1.00000037407, 1.49427164231, 1.06961343, 2.77661876649, 0.948486617242, 5.50369706684, 1.1184304337, 0.980421259783, 4.4091834487, 5.03445285484, 0.840480919021, 4.99465763527, 1.15637038744, 1.09000047662, 1.00778487638, 1.0242387053, 1.09183636426, 8.15429601412, 1.12605374975, 0.829467886643, 778.890579922, 1.16335171711, 2.53176527543, 0.964462087318, 4.23554087712, 1.02613713302, 159.813924222, 23.8253570862, 1363.73970635, 2.68096514745
2.30947503547, 1.00000064427, 1.40056872426, 1.0448383769, 1.57748698171, 0.752801358033, 2.60609190535, 1.17490152439, 0.949093001368, 3.12444106786, 5.91243999951, 0.90800800681, 2.82866268471, 1.04317883618, 1.09000095754, 1.01939267017, 1.04111976565, 1.15966438073, 4.15318078305, 0.951041417041, 0.874038694977, 811.501428152, 1.1041505531, 1.69963196987, 1.20537259611, 3.56232997659, 0.94837433407, 894.537118184, 39.4220828709, 1594.11881655, 0.804289544236
5.68110963839, 1.00000032243, 1.4999473633, 1.13205820645, 5.15221373104, 0.811274252338, 3.82893747441, 1.25060835903, 0.999708479136, 1.40524700731, 5.49737322521, 1.21063534806, 1.79336555256, 1.08881258856, 1.09000027339, 1.01223743133, 1.02556819749, 1.19833205972, 4.74431215385, 1.11640591568, 0.7658148878, 446.339034438, 1.08901445532, 5.23553473088, 1.00238775526, 1.07959372518, 0.878002928313, 1018.50261101, 23.1526805599, 520.415128714, 3.21715817694
5.61653849566, 1.00000049569, 1.33868110839, 1.12419646028, 2.97764160387, 0.789378251192, 1.13015450616, 1.22916667396, 0.966658787222, 4.7323744728, 5.36167777758, 1.14739372546, 4.75596671748, 0.865054754506, 1.09000074341, 1.03612901647, 1.04690688788, 0.878288947169, 6.23406047939, 1.15285547812, 0.818046569055, 38.0650681617, 1.01174677926, 1.99955092465, 1.04263693445, 4.89788046646, 0.902202355412, 315.435823785, 16.9443030885, 2869.06591229, 1.60857908847
2.74456391605, 1.00000051419, 1.29113711946, 0.872804727274, 2.34501195445, 0.735337681156, 4.36886032173, 1.03982352682, 0.961436126255, 2.91522793891, 5.84250358361, 1.03818131789, 1.77547341769, 0.912560739627, 1.09000098348, 1.00045225552, 1.01086803958, 1.15911177619, 4.81503673433, 0.930156731403, 0.884370008498, 211.925100433, 1.07470783792, 1.1844973287, 0.97839655324, 2.03181113807, 1.16719606179, 1911.52654243, 51.1860760954, 5517.06904293, 0.0
5.68110963839, 1.00000032243, 1.63069102069, 1.13205820645, 5.15221373104, 0.811274252338, 3.82893747441, 1.25060835903, 0.999708479136, 1.40524700731, 4.90599383066, 1.21063534806, 1.79336555256, 1.08881258856, 1.09000027339, 1.01223743133, 1.02556819749, 1.19833205972, 4.74431215385, 1.11640591568, 0.7658148878, 446.339034438, 1.08901445532, 5.23553473088, 1.00238775526, 1.07959372518, 0.878002928313, 2402.40548104, 38.9616475317, 8170.44246858, 0.0
4.10268189232, 1.00000016647, 1.6458576594, 0.820725114633, 4.2035679856, 0.895285341546, 5.54472324983, 1.06807606105, 0.93664471816, 4.57873444924, 5.49737322521, 1.14913636402, 4.73553823648, 1.04443702767, 1.0900009924, 1.0733064371, 1.01538002693, 0.82854221314, 4.09166938772, 0.936029976969, 0.791314988066, 785.690336673, 1.08373080175, 2.63772365934, 0.95856336954, 1.92969936875, 0.949629291695, 1190.99138808, 44.4242856978, 6889.89644102, 0.0
2.74456391605, 1.00000051419, 1.29113711946, 0.872804727274, 2.34501195445, 0.735337681156, 4.36886032173, 1.0374241424, 0.961436126255, 2.91522793891, 5.84250358361, 1.03818131789, 4.75596671748, 0.912560739627, 1.09000098348, 1.00045225552, 1.04690688788, 1.15911177619, 3.51679544117, 0.930156731403, 0.884370008498, 211.925100433, 1.07470783792, 1.1844973287, 0.97839655324, 2.03181113807, 1.16719606179, 1838.98367046, 39.0939766364, 7303.50225827, 0.0
5.06077623658, 1.00000065362, 1.01222584386, 0.905966358983, 4.31747202832, 0.865627784042, 4.30806587282, 1.22864379359, 0.975784231089, 2.16695900948, 6.18083777608, 1.15409008047, 4.34788639807, 1.13389009458, 1.09000077873, 1.02980969367, 1.0185298142, 0.964577536166, 8.79018004672, 1.17828929208, 0.760496331614, 40.8436155861, 1.04274922259, 4.06716011586, 1.05968407281, 1.79305916469, 1.10772729761, 312.243619814, 21.0681862985, 1413.93201296, 1.07238605898
2.58153467271, 1.00000084324, 1.09926716374, 0.845040046426, 6.28481920157, 0.881467361199, 5.45438723021, 1.23069127714, 0.973994869015, 4.40716931004, 6.13405319542, 1.03295632639, 1.12264569573, 1.20506513287, 1.09000002253, 1.10333298841, 1.00921239553, 1.18972345871, 9.97802535314, 1.1370299988, 0.848306184052, 47.2913783714, 0.98674969629, 1.36896948214, 1.21882330087, 3.68348121853, 1.24979628624, 2781.65865132, 58.2686802457, 5367.70256797, 0.0
2.30947503547, 1.00000040084, 1.40352119271, 1.04797250533, 5.29908936556, 0.8858961029, 3.48168064482, 1.02416927671, 0.926739102671, 3.28569040235, 5.22627780391, 1.0170682634, 3.70600108281, 1.08481201104, 1.09000080393, 1.04580886974, 1.02805133462, 0.844924226014, 4.36566408244, 1.04794179222, 0.939300273361, 968.499258492, 1.14314843697, 2.63772365934, 0.983212821179, 3.71021861503, 1.0341290735, 1755.33811278, 48.3754237782, 4340.22174727, 0.268096514745
2.61877769927, 1.00000064433, 1.26478336373, 0.852931908958, 6.0152044227, 0.891407834899, 4.57647412633, 1.18185570709, 0.988375636714, 4.50070833332, 5.94873408186, 1.16948818929, 2.3031729205, 0.995176657593, 1.09000061582, 1.04492719856, 1.02246862953, 1.18583678025, 4.84285296122, 1.1376409305, 0.817747150507, 274.175579251, 1.1427878414, 3.78964914964, 1.13940759066, 1.77555975733, 1.1156599251, 2623.49585346, 54.9898637957, 6197.22110281, 0.0
2.30947503547, 1.00000066039, 1.40056872426, 1.0448383769, 1.57748698171, 0.752801358033, 2.60609190535, 1.17490152439, 0.949093001368, 3.12444106786, 5.91243999951, 0.90800800681, 2.82866268471, 1.04317883618, 1.09000095754, 1.08135034718, 1.04111976565, 1.15966438073, 6.57901414538, 0.951041417041, 0.874038694977, 811.501428152, 1.1041505531, 1.69963196987, 1.20537259611, 3.56232997659, 0.94837433407, 1842.83168894, 49.2331057942, 18675.3676303, 0.0
1.61077026616, 1.00000033403, 1.65190408618, 0.952932185162, 6.4750658902, 0.981680201368, 3.91489784409, 1.23288168046, 0.987516672477, 1.42269751759, 4.93492113789, 1.19196266707, 4.77608413531, 1.25709801019, 1.09000097417, 1.04925520734, 1.00621699045, 1.11531514688, 9.62470590621, 1.11257151882, 0.989924586164, 811.687292268, 0.964046972317, 3.78437077967, 1.03956132229, 5.26152641388, 1.16759427681, 2473.56418977, 40.7732027384, 10105.0821669, 0.0
1.23194362664, 1.00000066039, 1.65133508881, 1.11303126484, 2.77661876649, 0.738572164719, 3.92503533876, 1.24605559463, 0.988861809061, 3.24719945458, 5.89964658432, 0.999279819417, 1.60691719341, 1.25609013125, 1.09000025392, 1.06668755487, 1.01196800165, 0.972426747268, 8.03544768312, 1.04165995729, 0.842054524641, 939.357725454, 0.949145446318, 4.30549541036, 0.981133977536, 3.96930494911, 1.11794289863, 1056.08575018, 40.8512107334, 994.922477054, 1.87667560322
1.87606203427, 1.00000010338, 1.68958782509, 1.13633359857, 3.503295954, 0.741074199808, 2.67497401515, 1.05367764073, 0.983682111002, 4.75188558867, 5.99406970439, 0.92573927684, 2.68212863797, 0.99810383425, 1.09000098299, 1.02111442339, 1.0411222963, 1.11965848886, 5.26424393938, 1.12534675044, 0.900942307117, 524.548676214, 0.936030139823, 1.90846361722, 1.08159391016, 2.19763741973, 1.21963691104, 333.039267451, 21.6783668379, 1175.6206103, 2.41286863271
5.68110963839, 1.00000035092, 1.63069102069, 1.13205820645, 6.17444189302, 0.841760341844, 5.0461919136, 1.25060835903, 0.999708479136, 1.40524700731, 4.90599383066, 1.21063534806, 1.79336555256, 1.08881258856, 1.09000027339, 1.01223743133, 1.043751185, 1.19833205972, 4.74431215385, 1.11640591568, 0.7658148878, 446.339034438, 1.08901445532, 5.23553473088, 1.00238775526, 1.07959372518, 0.878002928313, 1051.06761103, 32.4077661867, 5563.63493265, 0.268096514745
2.61084177982, 1.00000010289, 1.39415858453, 0.902542496574, 2.37226739709, 0.859912371169, 1.0551038076, 1.04051374969, 0.90904190295, 6.02014607768, 5.58682488019, 1.09943984415, 1.03192770241, 0.824692170743, 1.09000067908, 1.01193768966, 1.04792274124, 0.828899081249, 7.67798444858, 1.17963152876, 0.899723818817, 941.350860411, 1.13920961089, 2.93758694702, 0.952995978805, 4.50772619768, 1.24983264394, 591.769842281, 34.5639862176, 1999.6003667, 0.804289544236
5.3462299124, 1.00000091443, 1.19658602861, 1.08212955108, 6.57522314626, 0.794810871362, 1.0551038076, 1.1826122869, 0.920478915268, 1.40524700731, 4.89203893792, 1.11383266295, 4.70108676422, 0.947386260143, 1.09000093775, 1.10279264224, 1.00092454888, 0.892199257699, 4.72197002854, 0.933770494655, 0.916893947389, 257.846215726, 0.953939792094, 5.53014550691, 1.02081011613, 3.66465421046, 1.10354042345, 1600.08712053, 34.7106551015, 27633.0322222, 0.268096514745
2.40672023933, 1.00000098987, 1.48121127229, 0.820725114633, 4.2035679856, 0.895285341546, 5.39174887876, 1.06807606105, 0.918734534417, 4.57873444924, 5.77412239079, 1.12591280269, 4.73553823648, 1.04443702767, 1.09000055486, 1.0733064371, 1.01316082017, 0.82854221314, 3.13385682656, 0.936029976969, 0.791314988066, 785.690336673, 1.08373080175, 5.34560658475, 0.95856336954, 1.92969936875, 0.980307757633, 2948.87707811, 43.7163653052, 40678.3301254, 0.0
1.06387397357, 1.00000032243, 1.50287266485, 0.814255929494, 2.58488056115, 0.773570592895, 5.64303323862, 1.21508448021, 0.996304331303, 4.71945901071, 5.85413544989, 0.949028204553, 1.84855938867, 1.21781547876, 1.09000089896, 1.05287356644, 1.02556819749, 1.10934709695, 6.22289503042, 1.02901134613, 0.939146924841, 889.492886442, 1.13816842688, 4.81738497265, 1.05191499323, 2.52273966953, 1.16034350727, 2920.72311018, 55.0300469907, 9768.24302815, 0.0
2.61877769927, 1.00000064433, 1.26478336373, 0.852931908958, 6.0152044227, 0.891407834899, 4.57647412633, 1.18185570709, 0.988375636714, 4.50070833332, 5.94873408186, 1.16948818929, 2.3031729205, 0.995176657593, 1.09000061582, 1.04492719856, 1.02246862953, 1.18583678025, 4.84285296122, 1.1376409305, 0.817747150507, 274.175579251, 1.1427878414, 3.78964914964, 1.13940759066, 1.77555975733, 1.1156599251, 553.446664048, 20.2399441926, 2869.3329851, 1.34048257373
2.94745043111, 1.00000067041, 1.6919144477, 1.02127585546, 6.73402551638, 0.978588282136, 2.37261601464, 1.25148968299, 0.971833563667, 4.83148819437, 4.71690015248, 0.872677525329, 1.88988023495, 1.22427649956, 1.09000070426, 1.01561042826, 1.03055720508, 0.988280121456, 4.04717493929, 1.11445659282, 0.793912212597, 544.111919541, 1.18357200757, 4.53466369234, 1.1944114575, 4.34409808179, 1.2144443921, 955.964239225, 40.8630466597, 5574.32922842, 0.268096514745
4.0810196426, 1.00000064427, 1.40056872426, 1.0448383769, 4.56557073703, 0.752801358033, 2.60609190535, 1.17490152439, 0.917073603204, 3.12444106786, 5.91243999951, 0.90800800681, 2.82866268471, 1.04317883618, 1.09000092757, 1.01939267017, 1.04111976565, 1.10555167234, 3.30944798612, 0.959208172621, 0.874038694977, 811.501428152, 1.08650104031, 1.69963196987, 1.20537259611, 2.47888487848, 0.94837433407, 800.585691084, 27.2529131353, 3709.42219645, 0.536193029491
1.63948129193, 1.00000078011, 1.46521009625, 0.936237798693, 6.66568360219, 0.960963640027, 1.34842437546, 1.23018369309, 0.991795021297, 1.77743012679, 4.79390602801, 1.17947221151, 3.29056059096, 1.22956053816, 1.09000046095, 1.06123754078, 1.04114490529, 0.919699787987, 5.7098148496, 1.11221882156, 0.906115484073, 773.478626696, 0.93028876326, 2.55577963006, 1.22168079664, 1.76453763013, 1.17501954846, 4022.08463851, 61.4965332875, 10770.6787023, 0.0
3.91142710816, 1.00000094384, 1.59032976182, 0.930490808369, 5.13878953357, 0.81019153416, 2.54259503669, 1.07725833048, 0.957380447642, 2.71194512202, 5.45064338217, 1.12873525714, 4.89337271873, 1.03407684755, 1.09000051048, 1.03966015186, 1.03043935792, 1.09279505627, 5.36948294056, 1.16095366834, 0.936301969549, 954.862727459, 1.0680144363, 3.94304126999, 1.15158240708, 3.10913732863, 1.18055358173, 340.899207502, 15.3980419065, 3689.02721039, 4.55764075067
1.6437052041, 1.00000083801, 1.28688452848, 0.909285010501, 4.32837811349, 0.821085439935, 4.47491861644, 1.1732290649, 0.963697571012, 2.62817696031, 5.41222935288, 1.00788610529, 4.95627388294, 0.956498292153, 1.09000051048, 1.03966015186, 1.02081421015, 0.956824546522, 5.5151907943, 1.1600670586, 0.927952828403, 435.183679294, 1.11513855437, 5.35231605284, 0.960315643968, 2.39302548549, 1.16734616279, 381.900358922, 15.7647364466, 2830.28656495, 4.02144772118
1.06387397357, 1.00000086356, 1.50287266485, 0.814255929494, 2.58488056115, 0.773570592895, 5.64303323862, 1.21508448021, 0.996304331303, 4.71945901071, 5.85413544989, 0.949028204553, 1.84855938867, 1.21781547876, 1.09000089896, 1.05287356644, 1.02556819749, 1.10934709695, 6.22289503042, 1.07080403008, 0.939146924841, 889.492886442, 1.13816842688, 4.81738497265, 1.05191499323, 2.52273966953, 0.959027797994, 1232.33003773, 26.3525801695, 1357.60326443, 1.34048257373
4.10268189232, 1.00000016647, 1.6458576594, 0.820725114633, 4.2035679856, 0.895285341546, 5.54472324983, 1.06807606105, 0.93664471816, 4.57873444924, 5.49737322521, 1.14913636402, 4.73553823648, 1.04443702767, 1.0900009924, 1.0733064371, 1.01538002693, 0.82854221314, 4.09166938772, 0.936029976969, 0.791314988066, 785.690336673, 1.08373080175, 5.34560658475, 0.95856336954, 1.92969936875, 0.980307757633, 4265.19978959, 68.004941357, 21144.1891436, 0.0
2.61084177982, 1.00000010289, 1.39415858453, 0.902542496574, 2.37226739709, 0.750889725568, 4.71555352461, 1.04051374969, 0.922179864505, 6.02014607768, 5.58682488019, 0.953992946062, 4.60238789253, 0.824692170743, 1.09000067908, 1.02741357538, 1.03927236179, 0.828899081249, 7.67798444858, 1.17963152876, 0.899723818817, 941.350860411, 1.13920961089, 2.93758694702, 0.956377732842, 4.50772619768, 1.24983264394, 1282.00917453, 32.5827973962, 2910.13446617, 0.536193029491
4.90432808008, 1.00000019662, 1.48366549651, 0.843773503812, 5.5260756939, 0.998835534525, 5.224705658, 1.16661612934, 0.911194966832, 2.8079150668, 5.01698612869, 1.02033792372, 4.74009276835, 0.930692487215, 1.09000001597, 1.07208826173, 1.03997137476, 1.12616480333, 3.05196083091, 1.11633863462, 0.832036891408, 391.73349847, 1.00746056409, 3.90557843122, 1.20111279381, 2.42064244166, 1.27504022245, 673.133813735, 18.1289054199, 1741.59100383, 2.41286863271
3.98638141677, 1.00000002464, 1.2977641482, 1.11664021625, 5.87980282205, 0.971981574006, 3.14120715404, 1.11448148528, 0.971764374485, 5.46093299114, 5.34713594459, 0.926583757359, 3.1328675605, 1.03643045546, 1.09000072744, 1.04681726726, 1.0039971515, 1.21518391776, 6.48516044167, 0.985303553415, 0.814627006682, 984.131540413, 1.13306539217, 3.51079037425, 1.10898059621, 1.71564977211, 1.1675143553, 830.382288515, 23.2009330472, 1253.72864428, 2.41286863271
4.0810196426, 1.00000064427, 1.40056872426, 1.0448383769, 4.56557073703, 0.752801358033, 2.60609190535, 1.17490152439, 0.917073603204, 3.12444106786, 5.91243999951, 0.90800800681, 2.82866268471, 1.04317883618, 1.09000095754, 1.01939267017, 1.04111976565, 1.10555167234, 4.21697079614, 0.959208172621, 0.874038694977, 811.501428152, 1.08650104031, 1.69963196987, 1.20537259611, 3.56232997659, 0.94837433407, 930.148502044, 25.0450393463, 8328.44437235, 0.536193029491
2.30947503547, 1.00000020175, 1.40352119271, 1.04797250533, 5.29908936556, 0.8858961029, 3.48168064482, 1.02416927671, 0.926739102671, 3.28569040235, 5.22627780391, 0.925770730218, 3.70600108281, 1.08481201104, 1.09000080393, 1.04580886974, 1.02805133462, 0.844924226014, 4.36566408244, 1.04794179222, 0.939300273361, 968.499258492, 1.14314843697, 2.63772365934, 1.01946888603, 3.71021861503, 1.0341290735, 1185.51038221, 26.2168282729, 7849.60540178, 0.536193029491
2.41344441513, 1.00000013905, 1.48964262257, 1.06678113581, 1.97541966787, 0.769454041028, 4.80400467516, 1.22734219892, 0.979590731662, 2.95339424229, 4.91537168764, 0.878482894124, 1.84700707499, 1.08733399718, 1.0900006348, 1.08395561323, 1.00596085438, 0.853905253331, 9.97882016478, 1.07417049326, 0.775230289626, 360.57760897, 1.05211363268, 5.18847379475, 1.18254780624, 1.47129066176, 1.29031332165, 1174.92387674, 40.7173168055, 8622.49334198, 0.268096514745
1.02859627926, 1.00000078011, 1.46521009625, 1.08630881676, 6.66568360219, 0.960963640027, 2.40589044647, 1.23018369309, 0.991795021297, 1.77743012679, 4.79390602801, 1.17947221151, 1.25234453068, 1.22956053816, 1.09000046095, 1.06123754078, 1.04114490529, 0.919699787987, 8.22232483383, 1.11221882156, 0.906115484073, 773.478626696, 0.93028876326, 2.55577963006, 1.22168079664, 1.76453763013, 1.17501954846, 1294.93431515, 43.4050375541, 6705.67822421, 0.268096514745
4.78503096967, 1.00000032243, 1.54638735063, 1.14859049009, 3.09301747787, 0.885572563025, 3.42612514228, 1.23750012646, 0.905027138947, 4.62687993278, 6.13390775087, 1.01060140842, 4.51424994064, 0.840258772762, 1.09000037046, 1.05009061206, 1.01332122613, 1.22048160813, 6.24249275716, 1.08678282445, 0.990996294853, 582.218762838, 1.03440720024, 2.58649040367, 1.16739013628, 2.37292106165, 1.17338870257, 576.438806563, 26.2700803551, 1513.41065479, 1.60857908847
5.3462299124, 1.00000091443, 1.19658602861, 1.08212955108, 6.86807637834, 0.794810871362, 1.0551038076, 1.1826122869, 0.920478915268, 1.40524700731, 4.89203893792, 1.00434194315, 4.70108676422, 0.947386260143, 1.09000093775, 1.10279264224, 1.00092454888, 0.82854221314, 4.72197002854, 0.933770494655, 0.916893947389, 257.846215726, 0.953939792094, 5.53014550691, 1.02081011613, 3.66465421046, 1.10354042345, 500.411726891, 32.91396718, 5905.88234033, 0.804289544236
1.76841547493, 1.00000037407, 1.49427164231, 1.06961343, 2.68008997109, 0.948486617242, 5.50369706684, 1.1184304337, 0.980421259783, 4.4091834487, 5.1752418026, 1.08656433233, 3.46995476505, 1.15637038744, 1.09000047662, 1.00778487638, 1.0242387053, 1.09183636426, 8.15429601412, 1.12605374975, 0.829467886643, 778.890579922, 1.16335171711, 2.53176527543, 0.964462087318, 4.23554087712, 1.02613713302, 482.136461391, 17.5543145002, 2857.75598064, 2.9490616622
4.10268189232, 1.00000095005, 1.01252612365, 1.10645790997, 4.58473998706, 0.891784439854, 3.37178033308, 1.15628697133, 0.94866372623, 4.67344192335, 5.64952152968, 0.91708290351, 1.56807716641, 1.26763182931, 1.09000068255, 1.01103128513, 1.00970091558, 1.08725392248, 9.67525427586, 1.02768945109, 0.850027124122, 532.108571966, 1.03899381551, 1.23993447038, 1.16144340266, 3.97067017116, 1.23216920771, 471.735850815, 24.1907558853, 3418.79270955, 1.34048257373
3.56547737949, 1.00000050545, 1.38844576472, 1.02210636013, 4.10300201487, 0.718468377297, 2.73386547904, 1.15902019455, 0.914542225055, 6.18060621022, 5.23914926762, 1.12342164459, 1.37994588145, 1.1128107592, 1.090000025, 1.01938909212, 1.03585551825, 1.0624309951, 9.28035026749, 1.08466656219, 0.974070126541, 468.989252163, 0.926534827949, 1.97499945322, 0.955051583326, 2.74286249386, 0.993010224329, 429.972821376, 24.0394071055, 4776.64265975, 1.34048257373
1.6437052041, 1.00000083801, 1.28688452848, 0.909285010501, 4.32837811349, 0.821085439935, 4.47491861644, 1.1732290649, 0.992667503962, 2.62817696031, 5.41222935288, 0.875039661627, 4.95627388294, 0.956498292153, 1.09000093483, 1.04448115382, 1.02081421015, 0.956824546522, 5.5151907943, 1.1600670586, 0.927952828403, 435.183679294, 1.11513855437, 5.35231605284, 0.960315643968, 2.39302548549, 1.16734616279, 1963.68939399, 50.5117937432, 10498.2293479, 0.268096514745
4.00315761438, 1.00000024024, 1.33473438577, 1.08104483843, 5.56663139849, 0.848965049803, 3.64913298726, 1.19241394966, 0.945199224277, 1.78310318274, 5.75152304166, 1.17027614034, 4.75023802715, 1.15276547702, 1.09000090913, 1.02494202552, 1.00854086359, 0.975556767082, 6.22915798946, 1.12625643021, 0.913051817178, 781.188228111, 1.09578147101, 2.41507744303, 0.994208717966, 1.58908504543, 0.88596803371, 679.562195597, 28.8128457418, 1893.5630597, 1.60857908847
2.40672023933, 1.00000057329, 1.07961977749, 0.913683674203, 2.1901783896, 0.885243717583, 5.85353449309, 1.02453122008, 0.930200707474, 5.99129210134, 5.47383409403, 1.12884300748, 3.20303533608, 1.25487642484, 1.0900005684, 1.01331322948, 1.01814972514, 1.21619725404, 3.41160475619, 0.912776515923, 0.767562738319, 506.165654607, 0.948907129192, 2.42538289494, 1.19912389439, 1.54161048836, 1.02615430794, 2229.73657571, 54.3498618688, 8433.59648367, 0.268096514745
2.74456391605, 1.00000045258, 1.29113711946, 0.872804727274, 2.34501195445, 0.732173114663, 4.36886032173, 1.03982352682, 0.961436126255, 2.91522793891, 5.84250358361, 1.20167823986, 1.77547341769, 0.912560739627, 1.09000098348, 1.00045225552, 1.01086803958, 1.15911177619, 4.81503673433, 0.930156731403, 0.884370008498, 211.925100433, 1.07470783792, 1.1844973287, 0.97839655324, 2.03181113807, 1.16719606179, 278.8127039, 20.8502160325, 2299.98987099, 3.21715817694
1.42177901051, 1.00000071816, 1.25388617559, 1.04108125873, 4.72364363133, 0.738223575903, 2.05827160356, 1.07554022952, 0.955666823424, 4.48016090738, 6.05748205328, 1.04049007559, 2.63036622387, 1.13027321315, 1.09000030465, 1.07375254149, 1.02671116195, 1.22446243203, 9.25584473951, 1.11834940468, 0.760087669194, 874.574720471, 0.944704296536, 2.76382335885, 1.10901433517, 4.96553591214, 0.935491149845, 682.805108517, 36.9038365881, 6396.0317703, 0.536193029491
1.23194362664, 1.00000066039, 1.65133508881, 1.11303126484, 1.71558526513, 0.738572164719, 3.92503533876, 1.24605559463, 0.988861809061, 3.24719945458, 5.89964658432, 0.999279819417, 1.60691719341, 1.25609013125, 1.09000025392, 1.06668755487, 1.01196800165, 0.972426747268, 9.67180402542, 1.04165995729, 0.842054524641, 939.357725454, 0.949145446318, 1.26287960391, 0.981133977536, 3.96930494911, 1.11794289863, 342.081440675, 18.216883344, 4004.62135288, 2.9490616622
4.29359183519, 1.00000032285, 1.42212115319, 1.04541267696, 5.34610782563, 0.919425623395, 4.71555352461, 1.2263140239, 0.922179864505, 2.52790947972, 4.77357307187, 1.03289357146, 1.78246637492, 1.03439838363, 1.09000078424, 1.00737055828, 1.01675119271, 1.05758791865, 4.00343615256, 0.917538553064, 0.992107185117, 844.506330738, 1.11990969459, 4.31050565532, 1.08705572242, 4.59989100758, 1.24983264394, 3087.33224593, 41.3642976179, 24406.1474234, 0.268096514745
2.40672023933, 1.00000098987, 1.49427164231, 0.820725114633, 4.2035679856, 0.895285341546, 5.50369706684, 1.06807606105, 0.918734534417, 4.57873444924, 5.03396552616, 1.12591280269, 4.73553823648, 1.04443702767, 1.09000055486, 1.09933725113, 1.01316082017, 0.82854221314, 3.13385682656, 0.936029976969, 0.791314988066, 785.690336673, 1.07801049174, 5.34560658475, 0.952074389829, 1.92969936875, 0.980307757633, 1211.80163265, 25.6078812482, 2459.74313158, 1.60857908847
2.61084177982, 1.00000010289, 1.39415858453, 0.902542496574, 2.37226739709, 0.750889725568, 2.39893971719, 1.04051374969, 0.982414420522, 6.02014607768, 5.41534478387, 0.953992946062, 4.60238789253, 1.14116436728, 1.09000067908, 1.02741357538, 1.03927236179, 0.828899081249, 7.67798444858, 1.17963152876, 0.899723818817, 941.350860411, 1.13920961089, 2.93758694702, 0.956377732842, 4.50772619768, 1.20778276359, 3995.9212197, 44.0193242393, 22999.4473951, 0.268096514745
2.98846723756, 1.00000015513, 1.0821978392, 1.01776791109, 2.01992554013, 0.821331002639, 4.88262173175, 1.25204177644, 0.920480642054, 4.86368891053, 4.74188287156, 1.19297361273, 4.96358971677, 0.921047039144, 1.09000019087, 1.01971013105, 1.00107728015, 0.947492819625, 8.38937455704, 1.17887460952, 0.858091390102, 897.600047715, 1.13582439655, 4.55976101133, 1.1710317094, 4.54155782801, 1.08001002217, 596.769642924, 26.2418371733, 4072.62970931, 1.07238605898
4.90432808008, 1.00000019662, 1.48366549651, 0.816280273063, 5.5260756939, 0.998835534525, 5.224705658, 1.16661612934, 0.911194966832, 2.8079150668, 4.77029608667, 1.02033792372, 4.74009276835, 0.930692487215, 1.09000001597, 1.07208826173, 1.02312204042, 1.12616480333, 3.05196083091, 1.13970891645, 0.891565472797, 913.53799531, 1.08505209422, 3.90557843122, 1.20111279381, 1.17986105161, 1.29024358646, 335.894448995, 29.0047974918, 1081.09665966, 4.28954423592
2.52098808884, 1.0000005087, 1.71649710624, 0.961727514761, 3.95001182522, 0.819181366751, 3.20422354888, 1.10180783919, 0.923902659191, 1.31599166645, 5.47459333325, 1.16660651686, 4.41056484808, 1.17124081696, 1.09000031945, 1.08228218737, 1.00356133661, 1.19563175594, 7.00596785807, 1.07173189497, 0.943546088893, 170.182624818, 0.932206781567, 2.55736112843, 1.19447882128, 1.42806784115, 1.10592926606, 389.956024474, 19.7231759843, 1195.46647529, 5.36193029491
2.17458817759, 1.0000003994, 1.13169102426, 1.12912687873, 3.86656092538, 0.84380367062, 1.02597772474, 1.2522648286, 0.960515389807, 4.48759989826, 5.43217925387, 0.958753442678, 4.28234872023, 1.06065349422, 1.09000003915, 1.07081405162, 1.04820171621, 1.09247025727, 3.13508588241, 1.14568393579, 0.885119651068, 347.493910179, 0.933806963155, 4.16551092155, 1.1217871767, 2.1643417954, 0.970586084528, 3813.51304698, 46.8716400785, 33455.1001981, 0.268096514745
1.06387397357, 1.00000086356, 1.50287266485, 0.932805038065, 2.58488056115, 0.773570592895, 5.64303323862, 1.21508448021, 0.977355502723, 4.71945901071, 5.85413544989, 0.949028204553, 1.84855938867, 1.21781547876, 1.09000089896, 1.05287356644, 1.02556819749, 1.10934709695, 6.22289503042, 1.07080403008, 0.939146924841, 889.492886442, 1.13816842688, 4.81738497265, 1.05191499323, 2.52273966953, 0.960137456375, 671.447939845, 26.5223060949, 2650.55607063, 1.60857908847
4.77131477498, 1.00000064433, 1.26478336373, 1.08212955108, 6.0152044227, 0.891407834899, 4.57647412633, 1.18185570709, 0.955666823424, 1.40524700731, 4.89203893792, 1.16948818929, 2.3031729205, 0.934138895714, 1.09000061582, 1.04492719856, 1.02246862953, 1.18583678025, 4.46164374201, 1.10445834003, 0.817747150507, 274.175579251, 1.16174977433, 3.78964914964, 1.13940759066, 1.77555975733, 1.1156599251, 2776.43712287, 57.1275763685, 14434.5800426, 0.268096514745
