0.115924287026, 0.842070436264, 94.8972941631, 0.554230160963, 77.7373625567, 2.11642291095, 0.253661811045, 1.08727572928, 2.35324782608, 1015.70703053, 0.0137318561193, 0.384615384615
0.18755318863, 0.842070436264, 93.6402389578, 0.640910733829, 79.2901030895, 2.11642291095, 0.639715704274, 2.51842142435, 1.23429476825, 946.258159319, 0.0365046662689, 0.761904761905
0.18755318863, 0.836545715375, 93.6402389578, 0.640910733829, 77.7373625567, 1.04587799526, 0.639715704274, 0.703640637759, 1.23429476825, 1357.09091923, 0.00584846644134, 0.0
0.115924287026, 0.836545715375, 94.9926292983, 0.554230160963, 27.0401253023, 1.04587799526, 0.253661811045, 0.431995577146, 9.10471634538, 1182.53008397, 0.00439146220342, 0.454545454545
0.496902774905, 0.871685368905, 93.6402389578, 0.625944386482, 91.6512361872, 1.07621495102, 0.577728266024, 0.0439238085234, 2.35324782608, 1182.47794549, 0.0146647780453, 0.166666666667
0.303171257183, 0.826343986395, 89.6239706324, 0.663718548598, 79.2901030895, 1.07621495102, 0.0639825473045, 0.103834151403, 2.35324782608, 1235.67750909, 0.023130790273, 0.0
0.187034886119, 0.887458803914, 86.2725315353, 0.682273049499, 91.3631058673, 1.19728208834, 0.176013070785, 2.31465882342, 9.10471634538, 975.075361298, 0.015061613963, 0.3
0.115924287026, 0.836545715375, 94.9959878226, 0.619424264141, 77.7373625567, 1.02009114443, 0.58181689893, 0.431995577146, 3.01925440372, 1331.87617398, 0.010740065727, 0.2
0.498069340347, 0.826343986395, 92.561568957, 0.560955946665, 79.2901030895, 24.8812369993, 0.603458581057, 0.103834151403, 2.35324782608, 916.193498448, 0.208116414334, 0.222222222222
0.406567740559, 1.08820717874, 82.6005592818, 0.697735612573, 98.7626845926, 21.2860517444, 0.765818264989, 4.93581373611, 10.5992427786, 0.0, 1.0, 0.0
0.115924287026, 0.836545715375, 80.3970254217, 0.69236529418, 99.9267472819, 1.44896664156, 0.792710778818, 0.0439238085234, 7.51218449854, 1313.68522691, 0.0119530889795, 0.111111111111
0.108231969105, 0.836545715375, 80.4070550139, 0.427309083521, 40.8822689174, 1.04587799526, 0.42716144228, 0.0439238085234, 3.40824043691, 1755.61670409, 0.00443577544556, 0.333333333333
0.255453208402, 0.825331175202, 89.6239706324, 0.6554356752, 91.3631058673, 44.7256481478, 0.673909225335, 0.103834151403, 1.34014381342, 3238.12605691, 0.0, 0.0
0.750576065537, 0.821109004846, 94.9951821964, 0.661332360395, 91.3631058673, 1.30236903978, 0.0557666139969, 0.103834151403, 2.62881114963, 876.001553855, 0.0679143455768, 0.75
0.115924287026, 0.836545715375, 94.9926292983, 0.554230160963, 77.7373625567, 1.04587799526, 0.253661811045, 0.431995577146, 4.17414291318, 1670.60346376, 0.00463137540111, 0.0
0.303171257183, 0.826343986395, 89.6239706324, 0.6554356752, 79.2901030895, 44.6361314621, 0.787358301907, 0.103834151403, 2.35324782608, 822.7803902, 0.279349593676, 0.0
0.496902774905, 0.826343986395, 89.6239706324, 0.663718548598, 93.0246775536, 1.07621495102, 0.0639825473045, 0.0439238085234, 2.35324782608, 1995.16710005, 0.00268683629514, 0.0
0.115924287026, 0.836545715375, 94.753628962, 0.619424264141, 77.7373625567, 1.04587799526, 0.0773083710799, 0.431995577146, 4.17414291318, 2078.79619066, 0.00172091764534, 0.0
0.574404541776, 0.842070436264, 87.9428178571, 0.640910733829, 57.5854765827, 4.38157502062, 0.639715704274, 4.93581373611, 1.23429476825, 1099.92440869, 0.0398407585281, 0.0
0.103169165691, 0.831162725906, 81.2659758728, 0.447797113724, 96.0258606558, 1.04587799526, 0.639715704274, 0.0262792091808, 1.06650793751, 2271.40832465, 0.000843131360629, 0.0
0.419413086061, 0.825331175202, 92.0913391824, 0.592405824159, 99.8776517055, 19.9876725715, 0.787358301907, 0.242804368087, 1.23429476825, 763.260306512, 0.382839342936, 0.5
0.440547117589, 0.841252687538, 92.0958909091, 0.651865294249, 91.3631058673, 1.19728208834, 0.441072717035, 1.38117537872, 2.66588780126, 1459.35793555, 0.0200551932157, 0.0
0.115924287026, 0.836545715375, 94.9926292983, 0.588833425245, 77.7373625567, 1.07621495102, 0.253661811045, 0.103834151403, 1.13321850771, 1469.84546026, 0.0101527872632, 0.0
0.111679069149, 0.836545715375, 80.4070550139, 0.427309083521, 40.8822689174, 1.04587799526, 0.42716144228, 2.31465882342, 3.40824043691, 1618.28516487, 0.00644654669509, 0.0
0.115924287026, 0.871685368905, 93.6402389578, 0.625944386482, 77.6548220904, 1.07621495102, 0.577728266024, 0.0439238085234, 2.35324782608, 1594.55359316, 0.00580835481763, 0.6
0.111738050214, 0.844805390662, 80.4070550139, 0.442091165056, 59.7732404195, 4.53534983116, 0.42716144228, 0.0746731502453, 3.40824043691, 1284.15810576, 0.0307471977645, 0.0
0.303171257183, 0.841877912578, 92.9423304959, 0.663829164658, 79.2901030895, 1.07621495102, 0.0557666139969, 2.25685035233, 3.01925440372, 1090.59030431, 0.0208715398634, 0.6875
0.187034886119, 0.836545715375, 94.9926292983, 0.601112836264, 77.7373625567, 1.02050702559, 0.661115683279, 0.0227246166908, 4.17414291318, 1073.15418185, 0.0254130134931, 0.571428571429
0.303171257183, 0.841877912578, 92.9423304959, 0.663829164658, 79.2901030895, 1.07621495102, 0.0455626417587, 2.25685035233, 3.01925440372, 1269.22147484, 0.0195046917654, 0.666666666667
0.115924287026, 0.836545715375, 93.6533855474, 0.557566313202, 99.8995314873, 7.63342749694, 0.792710778818, 0.431995577146, 7.51218449854, 1084.04902358, 0.0345707717333, 0.333333333333
0.111738050214, 0.844805390662, 80.4070550139, 0.442091165056, 59.7732404195, 1.07621495102, 0.42716144228, 0.0746731502453, 3.40824043691, 1453.49763618, 0.011825330166, 0.571428571429
0.18755318863, 0.836545715375, 92.561568957, 0.554230160963, 99.3528054015, 2.11642291095, 0.787358301907, 4.55948462964, 1.23429476825, 1411.20110538, 0.0159640670903, 0.5
0.115924287026, 0.842070436264, 87.9428178571, 0.640910733829, 57.5854765827, 1.04587799526, 0.639715704274, 4.93581373611, 1.23429476825, 1451.90021947, 0.0128311479838, 0.769230769231
0.816341679096, 0.871685368905, 93.1891124602, 0.625528030325, 67.8165005198, 1.07621495102, 0.0639825473045, 0.0439238085234, 1.26453391382, 1349.84272859, 0.0306984791583, 0.277777777778
0.303171257183, 0.825331175202, 92.0913391824, 0.66634131287, 99.8776517055, 19.9876725715, 0.787358301907, 0.242804368087, 1.21346706126, 3561.02004592, 0.0, 0.0
0.115924287026, 0.855756433688, 92.9423304959, 0.663829164658, 79.2901030895, 1.07621495102, 0.0557666139969, 2.25685035233, 3.01925440372, 1727.06481279, 0.00562995128644, 0.0
0.115924287026, 0.836545715375, 94.9926292983, 0.554230160963, 77.7373625567, 1.04587799526, 0.253661811045, 0.103834151403, 4.17414291318, 2110.23595422, 0.00258030513512, 0.0
0.303171257183, 0.826343986395, 92.561568957, 0.622152617977, 99.3528054015, 42.9459227507, 0.787358301907, 1.60240908729, 2.35324782608, 1245.83744299, 0.152442373431, 0.2
0.419413086061, 0.825331175202, 90.1685009681, 0.592405824159, 52.3374356915, 3.33356417996, 0.544972429145, 0.242804368087, 2.59982611228, 1282.65960946, 0.0902838896051, 0.0909090909091
0.494483971138, 0.826343986395, 80.4070550139, 0.663718548598, 79.2901030895, 22.1973152987, 0.037266644994, 0.103834151403, 2.35324782608, 1195.8188701, 0.226875027678, 0.0
0.303171257183, 0.826343986395, 85.3664718294, 0.663718548598, 79.2901030895, 12.1127810314, 0.0639825473045, 0.103834151403, 2.35324782608, 1123.27657873, 0.154250149646, 0.3
0.303171257183, 0.826343986395, 89.6239706324, 0.6554356752, 79.2901030895, 44.6361314621, 0.787358301907, 0.103834151403, 2.35324782608, 1181.4282526, 0.591910259353, 0.0
0.494483971138, 0.826343986395, 80.4070550139, 0.663718548598, 79.2901030895, 22.1973152987, 0.037266644994, 0.103834151403, 2.35324782608, 1162.06591812, 0.35917813347, 0.111111111111
0.296966064509, 0.860670877925, 91.4285570847, 0.640910733829, 77.5806738354, 6.39045563253, 0.639715704274, 0.431995577146, 1.13321850771, 1284.04007101, 0.0745781158374, 0.125
0.208729167547, 0.826343986395, 92.8686650139, 0.6554356752, 79.2901030895, 44.6361314621, 0.787358301907, 0.103834151403, 2.35324782608, 938.568497232, 0.451480333701, 0.666666666667
0.298225745875, 0.821431546116, 94.753628962, 0.619424264141, 44.1483728238, 1.04587799526, 0.0773083710799, 0.0292741509767, 4.17414291318, 1595.11909896, 0.0183821359325, 0.142857142857
0.115924287026, 0.836545715375, 80.3970254217, 0.60993937184, 77.7373625567, 1.44896664156, 0.792710778818, 0.233259812348, 7.51218449854, 1516.61221318, 0.0123755130632, 0.272727272727
0.198715376433, 0.887458803914, 86.2725315353, 0.682273049499, 97.6226325569, 1.19728208834, 0.441072717035, 0.431995577146, 9.10471634538, 1665.89146473, 0.0115235657321, 0.166666666667
0.303171257183, 0.826343986395, 89.6239706324, 0.663718548598, 86.7113965686, 1.07621495102, 0.0639825473045, 0.103834151403, 2.27676073676, 1672.22267655, 0.0132148551173, 0.0
0.115924287026, 0.836545715375, 94.9959878226, 0.663718548598, 77.7373625567, 1.04587799526, 0.58181689893, 0.32167949567, 4.17414291318, 1650.36154393, 0.00779466500192, 0.666666666667
0.498069340347, 0.826343986395, 80.4070550139, 0.447797113724, 79.2901030895, 4.53534983116, 0.639715704274, 0.385380584254, 3.40824043691, 1499.18482836, 0.121637021129, 0.0625
0.296966064509, 0.820425899805, 89.1130610238, 0.625944386482, 47.4805608419, 10.9805920443, 0.503772055311, 1.89604012311, 1.23429476825, 1547.4910762, 0.147470884596, 0.0
0.498069340347, 0.826343986395, 80.4070550139, 0.447797113724, 79.2901030895, 4.53534983116, 0.639715704274, 0.385380584254, 3.40824043691, 1454.28736605, 0.0453682190123, 0.2
0.885913277373, 0.829296560933, 94.2222959685, 0.587514188376, 15.0231095403, 3.33869866032, 0.0955104884751, 0.321221111123, 7.51218449854, 1625.18840699, 0.0688045431928, 0.125
0.115924287026, 0.836545715375, 94.9926292983, 0.663718548598, 77.7373625567, 7.30106925764, 0.661115683279, 0.103834151403, 4.17414291318, 1136.28089843, 0.0524040430538, 0.333333333333
0.303171257183, 0.826343986395, 80.4070550139, 0.505238931356, 79.2901030895, 24.8812369993, 0.42716144228, 0.385380584254, 3.40824043691, 1086.64872542, 0.307460619178, 0.4
0.187034886119, 0.887458803914, 89.6239706324, 0.691011620762, 79.2901030895, 1.07621495102, 0.00199818812993, 2.31465882342, 2.35324782608, 1499.46085549, 0.0277551831841, 0.666666666667
0.496902774905, 0.871685368905, 89.6239706324, 0.625944386482, 91.6512361872, 1.07621495102, 0.577728266024, 0.0439238085234, 2.35324782608, 1370.94744503, 0.0515499959659, 0.571428571429
0.750576065537, 0.842070436264, 91.4285570847, 0.656940102669, 47.4805608419, 2.11642291095, 0.0451494465771, 1.89604012311, 1.23429476825, 1432.01902353, 0.0502467392909, 0.538461538462
0.296966064509, 0.906499909946, 91.4285570847, 0.640910733829, 77.5806738354, 2.11642291095, 0.639715704274, 0.413030673477, 1.23429476825, 1391.07584272, 0.0334784412294, 0.555555555556
0.303171257183, 0.82492895319, 88.5803584232, 0.663718548598, 79.2901030895, 1.07621495102, 0.0639825473045, 0.103834151403, 2.35324782608, 1513.28840684, 0.0350806165566, 0.55
0.457290043982, 0.883079170309, 93.0516830665, 0.648982343565, 71.4726508994, 10.9805920443, 0.253661811045, 2.31465882342, 6.56839496836, 4086.26297671, 0.0, 0.0
0.111679069149, 0.836545715375, 80.4070550139, 0.427309083521, 40.8822689174, 1.04587799526, 0.42716144228, 0.0439238085234, 3.40824043691, 1735.20255637, 0.0110685135506, 0.4
0.137623397004, 0.826343986395, 89.6239706324, 0.663718548598, 79.2901030895, 1.07621495102, 0.0639825473045, 0.103834151403, 2.35324782608, 1828.40086711, 0.00844455368099, 0.571428571429
0.750576065537, 0.844805390662, 94.0268240287, 0.692781158332, 94.2915872779, 2.11642291095, 0.441072717035, 0.321221111123, 2.18708744319, 2008.09896574, 0.00581307403586, 0.125
0.303171257183, 0.826343986395, 85.3664718294, 0.663718548598, 79.2901030895, 1.07621495102, 0.0639825473045, 0.103834151403, 2.35324782608, 1742.81572267, 0.00871468443234, 0.0769230769231
0.115924287026, 0.836545715375, 94.9959878226, 0.619424264141, 77.7373625567, 1.04587799526, 0.58181689893, 0.431995577146, 4.17414291318, 2047.73343207, 0.00678674385303, 0.0
0.113298050048, 0.836545715375, 94.9926292983, 0.486064490044, 82.1871405264, 1.04587799526, 0.253661811045, 0.431995577146, 6.67893668232, 1954.01579469, 0.0069026794402, 0.416666666667
0.115924287026, 0.836545715375, 94.9926292983, 0.588833425245, 77.7373625567, 1.07621495102, 0.253661811045, 0.103834151403, 4.17414291318, 2219.9561997, 0.00518998078539, 0.1
0.115924287026, 0.836545715375, 94.9959878226, 0.554230160963, 77.7373625567, 1.04587799526, 0.58181689893, 0.431995577146, 4.17414291318, 2578.802642, 0.00468650576587, 0.0
0.103169165691, 0.831162725906, 94.0268240287, 0.527565707677, 96.0258606558, 1.00311364327, 0.0498192788252, 0.0262792091808, 1.13321850771, 2488.71417968, 0.0064879624786, 0.0
0.187034886119, 0.887458803914, 86.2725315353, 0.682273049499, 91.3631058673, 1.19728208834, 0.441072717035, 2.31465882342, 9.10471634538, 2140.20778454, 0.00675139554782, 0.0
0.114216819772, 0.887458803914, 94.7319198544, 0.593077160539, 86.0987840507, 1.19728208834, 0.441072717035, 2.31465882342, 9.10471634538, 3286.16379807, 0.00374916478571, 0.0
0.115924287026, 0.836545715375, 94.9959878226, 0.554230160963, 77.7373625567, 1.04587799526, 0.58181689893, 0.431995577146, 4.17414291318, 2424.13761206, 0.00387743474174, 0.285714285714
0.115924287026, 0.821431546116, 94.753628962, 0.619424264141, 77.7373625567, 1.04587799526, 0.0773083710799, 0.0292741509767, 4.17414291318, 2163.72349449, 0.00621404590258, 0.105263157895
0.103169165691, 0.888606885778, 81.2659758728, 0.527565707677, 80.040192559, 1.00311364327, 0.564270470815, 0.0262792091808, 4.40382314637, 2530.53369961, 0.00518926553569, 0.0
0.115924287026, 0.836545715375, 94.9959878226, 0.682273049499, 77.7373625567, 1.04587799526, 0.58181689893, 0.431995577146, 4.17414291318, 3145.15622101, 0.00401135186472, 0.0
0.115924287026, 0.836545715375, 94.9926292983, 0.554230160963, 77.7373625567, 1.04587799526, 0.253661811045, 1.08727572928, 2.35324782608, 2689.87038479, 0.00262232086543, 0.2
0.113298050048, 0.836545715375, 94.9926292983, 0.486064490044, 82.1871405264, 1.04587799526, 0.253661811045, 0.431995577146, 4.17414291318, 2957.48667174, 0.00350262757578, 0.0625
0.18755318863, 0.836545715375, 93.6402389578, 0.640910733829, 77.5806738354, 1.04587799526, 0.639715704274, 2.51842142435, 1.23429476825, 2332.18587601, 0.00367300569649, 0.307692307692
0.115924287026, 0.836545715375, 94.9917312622, 0.420301333254, 77.7373625567, 1.04587799526, 0.792710778818, 0.00787440852801, 4.17414291318, 2637.77408178, 0.00361244284301, 0.125
0.18755318863, 0.842070436264, 93.6402389578, 0.640910733829, 77.5806738354, 2.11642291095, 0.639715704274, 2.51842142435, 1.23429476825, 2838.77447796, 0.00439274618052, 0.0
0.303171257183, 0.826343986395, 89.6239706324, 0.6554356752, 79.2901030895, 44.6361314621, 0.603458581057, 0.103834151403, 2.35324782608, 1251.75136287, 0.382198851663, 0.0
0.419413086061, 0.825331175202, 92.0913391824, 0.592405824159, 99.8776517055, 19.9876725715, 0.787358301907, 0.242804368087, 1.21346706126, 1398.9721609, 0.379678897266, 0.0
0.303171257183, 0.826343986395, 80.4070550139, 0.505238931356, 23.1643106244, 13.5672453448, 0.42716144228, 0.385380584254, 3.40824043691, 1494.72296875, 0.246236231525, 0.125
0.744535743069, 0.832545069772, 94.399356148, 0.534198993764, 87.1189444115, 11.7790508418, 0.709272901612, 2.33223013894, 8.836069257, 1308.66241421, 0.217490755827, 0.25
0.841441604316, 0.829296560933, 82.9884438248, 0.587514188376, 77.7373625567, 3.46762381322, 0.441072717035, 0.0439238085234, 14.3711787104, 1460.52114947, 0.188544597821, 0.142857142857
0.303171257183, 0.826343986395, 92.0958909091, 0.505238931356, 79.2901030895, 24.8812369993, 0.42716144228, 0.385380584254, 2.66588780126, 1169.31296079, 0.494836484691, 0.684210526316
0.498069340347, 0.841252687538, 92.0913391824, 0.560955946665, 79.2901030895, 24.8812369993, 0.769751604694, 0.103834151403, 7.51218449854, 1208.30967003, 0.548161214779, 0.416666666667
0.303171257183, 0.825331175202, 92.0913391824, 0.66634131287, 99.8776517055, 2.11642291095, 0.787358301907, 0.242804368087, 1.21346706126, 1543.10868657, 0.0354463008207, 0.84375
0.187034886119, 0.887458803914, 94.0268240287, 0.682273049499, 91.3631058673, 1.00311364327, 0.0498192788252, 2.31465882342, 9.10471634538, 4174.21246662, 0.00334507381139, 0.0
0.103169165691, 0.831162725906, 94.0268240287, 0.527565707677, 96.0258606558, 1.00311364327, 0.0498192788252, 0.0262792091808, 1.13321850771, 3274.04176527, 0.00442115029888, 0.0
0.303171257183, 0.826343986395, 85.3664718294, 0.663718548598, 79.2901030895, 22.1973152987, 0.0639825473045, 0.103834151403, 2.35324782608, 1175.38734785, 0.342350850993, 0.684210526316
0.303171257183, 0.826343986395, 80.4070550139, 0.505238931356, 23.1643106244, 13.5672453448, 0.42716144228, 0.385380584254, 3.40824043691, 1316.24858442, 0.282179951765, 0.533333333333
0.103169165691, 0.831162725906, 81.2659758728, 0.447797113724, 96.0258606558, 1.04587799526, 1.71540425575, 0.0262792091808, 1.06650793751, 2672.47025657, 0.00687716509403, 0.626373626374
0.115924287026, 0.836545715375, 94.9926292983, 0.588833425245, 77.7373625567, 1.07621495102, 0.58181689893, 0.103834151403, 4.17414291318, 2240.99843856, 0.00816856587174, 0.5
0.115924287026, 0.836545715375, 94.9926292983, 0.554230160963, 77.7373625567, 34.7655002098, 0.253661811045, 0.103834151403, 4.17414291318, 1378.92421528, 0.170254668806, 0.333333333333
0.296966064509, 0.906499909946, 92.0958909091, 0.640910733829, 47.4805608419, 10.9805920443, 0.639715704274, 1.89604012311, 1.23429476825, 1334.47142213, 0.103115430618, 0.827586206897
0.115924287026, 0.836545715375, 94.9926292983, 0.554230160963, 77.7373625567, 1.04587799526, 0.253661811045, 0.431995577146, 4.17414291318, 2888.0472835, 0.00450618404104, 0.0
0.114216819772, 0.887458803914, 94.0268240287, 0.593077160539, 86.0987840507, 1.19728208834, 0.441072717035, 2.31465882342, 9.10471634538, 1740.3701016, 0.0172571166038, 0.272727272727
