0.395764206933, 0.915163207003, 2.17708558688, 0.586977147864, 63.9822819308, 15.9136318551, 0.678949025263, 2.74318147557, 30.1231384088, 62.1276812716, 0.346630689132, 0.0
0.783565787548, 1.01964338979, 6.16219862767, 0.604602769394, 22.9160934259, 49.9092157502, 0.558101209453, 4.22661030227, 1.17060163731, 174.807641039, 0.0, 0.0
0.773889580052, 0.824575961729, 2.13632600836, 0.680204310278, 16.1872777788, 1.49893792963, 0.382244390446, 2.87693947096, 16.1406367627, 63.9044033264, 0.0579111859025, 0.125
0.179367358499, 0.860393993719, 2.99227235371, 0.538463831739, 4.60752798405, 2.80751435128, 0.513158477284, 0.00113974063032, 1.61444841376, 71.5192652432, 0.00464066045462, 0.0
0.100298227037, 0.869170957255, 2.68250691709, 0.537268198053, 21.7714202922, 1.49893792963, 0.116439444279, 4.38493079525, 1.15133065996, 109.125232699, 0.00379307680519, 0.0
0.80557387271, 0.8599718817, 2.29952238528, 0.673065072921, 57.0752637368, 1.49893792963, 0.445045893916, 0.36552390724, 7.69551952814, 119.409442619, 0.00241337382751, 0.0
0.105422764919, 0.869170957255, 2.68250691709, 0.604602769394, 57.0752637368, 7.36482208817, 0.116439444279, 4.38493079525, 10.5675208585, 49.0456855127, 0.0718364651781, 0.454545454545
0.528990445094, 0.83977758488, 2.17708558688, 0.57340800197, 58.085248979, 22.0244100188, 0.785129555029, 4.11283641607, 1.61444841376, 52.8793343342, 0.516330726318, 0.25
0.113271215216, 0.841123570098, 2.24444418749, 0.656918515395, 57.0752637368, 7.36482208817, 0.116439444279, 4.38493079525, 1.17060163731, 54.0303186983, 0.0771562570793, 0.333333333333
0.113714398523, 0.869170957255, 2.36042797981, 0.4310222159, 82.907619228, 1.49893792963, 0.0898754643623, 4.99948592077, 29.0394526237, 91.8122202881, 0.00447413674726, 0.0
0.448416198032, 0.886817245326, 2.17708558688, 0.57340800197, 58.085248979, 22.0244100188, 0.785129555029, 4.11283641607, 3.43927993384, 63.2676770846, 0.0697084422188, 0.0
0.100638495309, 0.869170957255, 2.68250691709, 0.638570945006, 57.0752637368, 7.36482208817, 0.116439444279, 4.12094171216, 7.60566072944, 68.9310449819, 0.0267584991012, 0.333333333333
0.113271215216, 0.824575961729, 2.68250691709, 0.660195840069, 46.7896347064, 15.8573931475, 0.116439444279, 2.27908153942, 10.5675208585, 52.7129595784, 0.216123101479, 0.571428571429
0.449360732534, 0.849034708293, 2.24444418749, 0.520582012756, 86.8436682062, 39.9762885399, 0.0280750442147, 3.43873629405, 10.5675208585, 62.8674104531, 0.505485394158, 0.0
0.113271215216, 1.10198405918, 5.81273163549, 0.540509578322, 40.1108315059, 1.81632948719, 0.734161503381, 4.43558377338, 1.17060163731, 274.001921745, 0.00194910918425, 0.611111111111
0.263519678045, 1.10368346663, 3.5579311842, 0.605348210378, 26.525270926, 38.3636558636, 0.909518524218, 4.00570819748, 39.6732051498, 339.434743799, 0.0, 0.0
0.783565787548, 1.01964338979, 6.16219862767, 0.604602769394, 22.9160934259, 49.9092157502, 0.558101209453, 3.60790370573, 1.17060163731, 430.544745521, 0.0, 0.0
0.113271215216, 1.10198405918, 5.81273163549, 0.540509578322, 40.1108315059, 1.81632948719, 0.734161503381, 4.38493079525, 1.17060163731, 403.346946568, 0.00157799292206, 0.0909090909091
0.783565787548, 1.10011050684, 6.16219862767, 0.604602769394, 30.9778910624, 49.9092157502, 0.445045893916, 3.60790370573, 7.69551952814, 432.700941971, 0.0, 0.0
0.834847316222, 0.869170957255, 2.17708558688, 0.638570945006, 58.085248979, 5.93381913825, 0.785129555029, 4.38493079525, 12.7234894306, 60.404415005, 0.340370812543, 0.461538461538
0.448416198032, 0.886817245326, 2.17708558688, 0.57340800197, 58.085248979, 22.0244100188, 0.785129555029, 4.11283641607, 3.43927993384, 62.7962338872, 0.468469336125, 0.421052631579
0.449360732534, 0.849034708293, 2.24444418749, 0.520582012756, 86.8436682062, 39.9762885399, 0.382244390446, 3.43873629405, 10.5675208585, 62.5482865422, 0.477027790218, 0.4
0.250080558336, 0.841123570098, 2.24444418749, 0.520582012756, 4.90941281839, 39.9762885399, 0.0280750442147, 3.43873629405, 18.49716406, 71.0900168014, 0.158789206766, 0.125
0.179367358499, 0.860393993719, 2.13632600836, 0.538463831739, 4.60752798405, 10.6460629225, 0.513158477284, 0.00106331376329, 1.61444841376, 65.6703059298, 0.0885710441106, 0.434782608696
0.113271215216, 0.869170957255, 2.68250691709, 0.638570945006, 57.0752637368, 7.36482208817, 0.116439444279, 4.38493079525, 1.17060163731, 79.6712948615, 0.0594899955694, 0.0
0.111095714853, 1.10198405918, 2.24444418749, 0.540509578322, 40.1108315059, 1.81632948719, 0.734161503381, 4.43558377338, 30.6844722595, 89.0423897726, 0.00857994365122, 0.142857142857
0.100298227037, 0.869170957255, 3.07191154066, 0.537268198053, 21.7714202922, 1.49893792963, 0.116439444279, 4.38493079525, 1.17060163731, 91.4256964359, 0.00569554594238, 0.142857142857
0.80557387271, 0.8599718817, 2.29952238528, 0.673065072921, 57.0752637368, 1.49893792963, 0.445045893916, 0.36552390724, 7.69551952814, 83.097297236, 0.0465200400076, 0.0
0.113270984477, 0.824575961729, 2.30464020698, 0.619145031329, 91.014459163, 2.68126396316, 0.0280750442147, 1.98663437998, 5.95498302011, 84.6028743367, 0.0274522813884, 0.416666666667
0.141168533366, 0.820722040783, 2.23887707422, 0.4310222159, 82.907619228, 1.01047067766, 0.0178709448419, 4.06912579134, 3.23455180225, 76.6880769499, 0.0326719792469, 0.666666666667
0.250080558336, 0.841123570098, 2.3172869507, 0.520582012756, 17.7473332991, 18.7986547803, 0.0280750442147, 3.43873629405, 18.49716406, 76.8622160014, 0.0871702785555, 0.0
0.104579300273, 0.953301034155, 2.24444418749, 0.520582012756, 86.8436682062, 39.9762885399, 0.382244390446, 3.43873629405, 10.5675208585, 76.5555648391, 0.266950802467, 0.0909090909091
0.107190152944, 1.10198405918, 2.11690398924, 0.619145031329, 81.6199681173, 3.85682066907, 0.785129555029, 2.91325154461, 16.7902456397, 87.5886475529, 0.0534407058805, 0.4
0.16576882849, 0.824575961729, 2.30464020698, 0.619145031329, 81.6199681173, 1.49893792963, 0.0280750442147, 1.98663437998, 5.95498302011, 89.3467934436, 0.0309770674315, 0.413793103448
0.141168533366, 0.821392741165, 2.23887707422, 0.4310222159, 82.907619228, 1.01047067766, 0.0898754643623, 3.87677864372, 3.23455180225, 108.176077338, 0.00840602629244, 0.0
0.103205013776, 0.824575961729, 2.88883172617, 0.540509578322, 30.9778910624, 8.45601511569, 0.679485393122, 4.99499427539, 1.41228375173, 93.1385850136, 0.0202734323369, 0.0
0.16576882849, 0.820200203382, 2.54007168825, 0.619145031329, 81.6199681173, 1.49893792963, 0.0280750442147, 1.98663437998, 5.95498302011, 108.330474989, 0.00727916265739, 0.111111111111
0.111095714853, 0.820391172811, 2.20806926861, 0.680204310278, 16.1872777788, 1.49893792963, 0.0223352403988, 2.87693947096, 3.18941372011, 99.3603079788, 0.0091339143597, 0.0
0.773889580052, 0.820391172811, 2.57403331474, 0.680204310278, 16.1872777788, 1.49893792963, 0.0223352403988, 2.87693947096, 16.1406367627, 78.6579541827, 0.112385492253, 0.3
0.834847316222, 0.869170957255, 2.68250691709, 0.624123289256, 60.4648050901, 15.8573931475, 0.649707229886, 4.06912579134, 9.71581914913, 80.5755610225, 0.144255162845, 0.0
0.448416198032, 0.886817245326, 2.17708558688, 0.598435035953, 58.085248979, 22.0244100188, 0.785129555029, 4.11283641607, 7.60566072944, 80.9142615635, 0.123068666656, 0.0
0.80557387271, 0.8599718817, 2.3172869507, 0.637893842522, 31.7202335898, 1.49893792963, 0.445045893916, 2.14819198774, 7.69551952814, 91.5559721006, 0.0733315833862, 0.0
0.114757717716, 0.841123570098, 2.12875399991, 0.532948021133, 4.90941281839, 17.6612355901, 0.0280750442147, 3.43873629405, 10.4657494546, 76.6491078519, 0.156499959617, 0.533333333333
0.586925576298, 0.820589141562, 2.68250691709, 0.446206011069, 78.8679861614, 1.49893792963, 0.116439444279, 0.1120465235, 36.5756194572, 98.303524052, 0.0245406662258, 0.0
0.113271215216, 0.824575961729, 2.68250691709, 0.660195840069, 46.7896347064, 7.36482208817, 0.116439444279, 4.38493079525, 10.5675208585, 93.5061055318, 0.0338529555303, 0.0
0.16576882849, 0.824575961729, 2.29850328252, 0.619145031329, 58.6053384305, 1.03802496044, 0.0280750442147, 1.98663437998, 5.95498302011, 101.793080905, 0.00976773115892, 0.1
0.100554759905, 0.913095287421, 2.49028401802, 0.520582012756, 2.06083393483, 1.49893792963, 0.844840431022, 0.194285638956, 12.7234894306, 97.2863730581, 0.0159241887012, 0.25
0.448416198032, 0.883533687679, 2.17708558688, 0.57340800197, 58.085248979, 22.0244100188, 0.785129555029, 4.11283641607, 3.43927993384, 82.4174677554, 0.207744583765, 0.0
0.113714398523, 0.824575961729, 3.62289927623, 0.540509578322, 16.1872777788, 1.49893792963, 0.445045893916, 4.99499427539, 1.41228375173, 125.942802324, 0.00504134439172, 0.125
0.179367358499, 0.860393993719, 2.99227235371, 0.538463831739, 4.60752798405, 2.80751435128, 0.513158477284, 0.00113974063032, 1.61444841376, 133.153753989, 0.00576579109555, 0.0
0.113271215216, 0.841123570098, 2.00432709786, 0.660195840069, 46.7896347064, 3.54272909397, 0.116439444279, 4.38493079525, 1.17060163731, 103.253941801, 0.0162377480472, 0.111111111111
0.103205013776, 0.824575961729, 2.88883172617, 0.540509578322, 30.9778910624, 8.45601511569, 0.0884321735861, 4.99499427539, 1.01609538744, 103.320424115, 0.0239126251633, 0.0454545454545
0.141168533366, 0.869170957255, 2.36042797981, 0.4310222159, 82.907619228, 1.01047067766, 0.0898754643623, 4.59285923361, 29.0394526237, 98.2835662115, 0.0167640776232, 0.5625
0.100638495309, 0.869170957255, 3.07191154066, 0.638570945006, 17.7473332991, 1.49893792963, 0.0649821104005, 4.38493079525, 12.6283478434, 108.306769169, 0.0116521428802, 0.0
0.16576882849, 0.824575961729, 2.0076991543, 0.619145031329, 81.6199681173, 7.10416952696, 0.785129555029, 1.98663437998, 5.95498302011, 82.2296922345, 0.088388818977, 0.555555555556
0.773889580052, 0.820391172811, 2.57403331474, 0.680204310278, 16.1872777788, 1.49893792963, 0.0223352403988, 2.87693947096, 16.1406367627, 95.6451179967, 0.0580980408936, 0.0
0.80557387271, 0.8599718817, 2.3172869507, 0.637893842522, 30.9778910624, 1.49893792963, 0.445045893916, 3.60790370573, 7.69551952814, 88.4411286549, 0.0855309647428, 0.45
0.141168533366, 0.8599718817, 3.41118730418, 0.651218382522, 40.4697405684, 1.01047067766, 0.445045893916, 4.59285923361, 7.69551952814, 145.374578782, 0.00684517665955, 0.0
0.834847316222, 0.869170957255, 2.68250691709, 0.537268198053, 60.4648050901, 15.8573931475, 0.116439444279, 4.06912579134, 10.5675208585, 88.3706045274, 0.179265065742, 0.0
0.114757717716, 0.913095287421, 2.68250691709, 0.520582012756, 21.7714202922, 1.0909583196, 0.398841471516, 0.194285638956, 3.23455180225, 122.914203868, 0.00596190356573, 0.153846153846
0.113271215216, 0.824575961729, 2.68250691709, 0.660195840069, 46.7896347064, 7.36482208817, 0.116439444279, 4.38493079525, 10.5675208585, 101.358685454, 0.0333694736051, 0.0
0.80557387271, 0.8599718817, 2.3172869507, 0.673065072921, 30.9778910624, 1.49893792963, 0.445045893916, 3.60790370573, 7.69551952814, 89.2289579105, 0.0994358287627, 0.222222222222
0.250080558336, 1.01964338979, 2.24444418749, 0.540509578322, 22.9160934259, 1.81632948719, 0.734161503381, 4.22661030227, 30.6844722595, 129.951479274, 0.00909815085234, 0.0
0.80557387271, 0.8599718817, 2.3172869507, 0.673065072921, 30.9778910624, 1.81632948719, 0.445045893916, 4.22661030227, 7.69551952814, 98.7258190677, 0.057885096861, 0.0
0.111095714853, 1.02901032715, 2.24444418749, 0.540509578322, 40.1108315059, 1.08264559972, 0.734161503381, 4.43558377338, 30.6844722595, 163.956728517, 0.00821967659675, 0.0
0.448416198032, 0.886817245326, 2.17708558688, 0.57340800197, 58.085248979, 22.0244100188, 0.785129555029, 4.11283641607, 3.43927993384, 81.4923241136, 0.433147668986, 0.222222222222
0.639030414219, 0.886817245326, 2.09683799143, 0.646193381074, 58.085248979, 36.2162983575, 0.785129555029, 4.11283641607, 3.18229207713, 84.6904763755, 0.420995163, 0.0
0.111095714853, 0.849034708293, 2.24444418749, 0.578239988743, 57.0752637368, 1.78546060916, 0.734161503381, 2.4580279144, 10.5675208585, 113.480462727, 0.0108673887334, 0.0
0.113714398523, 0.824575961729, 3.62289927623, 0.627006541092, 16.1872777788, 5.43123595781, 0.291674980485, 4.99499427539, 1.41228375173, 246.847892555, 0.00821271972374, 0.0
0.142533830479, 0.99815318447, 3.7430313616, 0.446206011069, 23.0226587019, 1.49893792963, 0.170942422322, 2.87693947096, 35.5599409324, 312.176955998, 0.007354433893, 0.0
0.113271215216, 0.824575961729, 2.48721330636, 0.660195840069, 46.7896347064, 1.49893792963, 3.05288478862, 4.38493079525, 10.5675208585, 298.419628953, 0.00808997032493, 0.0
0.113271215216, 0.824575961729, 2.48721330636, 0.660195840069, 46.7896347064, 1.49893792963, 3.05288478862, 4.38493079525, 10.5675208585, 316.230430357, 0.00784493500199, 0.0
0.141168533366, 0.821392741165, 2.23887707422, 0.4310222159, 82.907619228, 1.01047067766, 0.0898754643623, 3.87677864372, 3.23455180225, 103.922218905, 0.0115197324109, 0.214285714286
0.114757717716, 0.945376578418, 2.24444418749, 0.520582012756, 86.8436682062, 28.1001928795, 0.382244390446, 3.43873629405, 10.5675208585, 86.933340048, 0.176349641335, 0.307692307692
0.111095714853, 1.10198405918, 2.24444418749, 0.540509578322, 40.1108315059, 1.08264559972, 0.734161503381, 4.43558377338, 30.6844722595, 210.899573292, 0.00833469349021, 0.0
0.362989218265, 0.841123570098, 2.24444418749, 0.532948021133, 4.90941281839, 17.6612355901, 0.0280750442147, 3.43873629405, 10.4657494546, 90.5908719024, 0.460921237285, 0.0
0.113714398523, 0.8599718817, 3.41118730418, 0.651218382522, 40.4697405684, 1.49893792963, 0.445045893916, 4.99948592077, 7.69551952814, 102.999768911, 0.018177933781, 0.384615384615
0.109939947366, 0.841123570098, 2.24444418749, 0.656918515395, 13.831042794, 7.36482208817, 0.116439444279, 4.38493079525, 1.17060163731, 104.630140971, 0.0134640749116, 0.5
0.113271215216, 0.841123570098, 2.24444418749, 0.656918515395, 46.7896347064, 3.54272909397, 0.116439444279, 2.27908153942, 1.17060163731, 104.058391567, 0.0197456620013, 0.2
0.107190152944, 1.10198405918, 2.11690398924, 0.619145031329, 81.6199681173, 3.85682066907, 0.785129555029, 2.91325154461, 16.7902456397, 109.827952596, 0.0168082969551, 0.0
0.141168533366, 0.820722040783, 2.23887707422, 0.4310222159, 82.907619228, 1.01047067766, 0.0178709448419, 3.87677864372, 3.23455180225, 99.5687818759, 0.0207608442021, 0.666666666667
0.526272759081, 1.05449812729, 3.02985582254, 0.507256280817, 98.1912109096, 45.7328570726, 0.432513182457, 1.84211914396, 7.44496430832, 87.5202130231, 0.628563887688, 0.2
0.711715797711, 1.17705887355, 2.17708558688, 0.535762998031, 21.7714202922, 2.68126396316, 0.513158477284, 0.118582237358, 1.61444841376, 85.1136308885, 0.155179280991, 0.533333333333
0.179367358499, 0.860393993719, 2.17708558688, 0.638570945006, 23.0828924573, 2.80751435128, 0.513158477284, 0.0130868408498, 1.61444841376, 98.9109523706, 0.034369738389, 0.333333333333
0.250080558336, 0.841123570098, 2.24444418749, 0.532948021133, 4.90941281839, 39.9762885399, 0.0280750442147, 3.43873629405, 10.4657494546, 82.4820386132, 0.526304061311, 0.411764705882
0.449360732534, 0.849034708293, 2.24444418749, 0.520582012756, 86.8436682062, 39.9762885399, 0.0280750442147, 3.43873629405, 10.5675208585, 82.9722168417, 0.343348268775, 0.588235294118
0.528990445094, 0.83977758488, 2.17708558688, 0.604602769394, 57.0752637368, 9.23727790181, 0.784536976624, 4.11283641607, 1.61444841376, 83.7256126958, 0.177100619519, 0.555555555556
0.449360732534, 0.841123570098, 2.24444418749, 0.532948021133, 4.90941281839, 49.1481263718, 0.116439444279, 3.43873629405, 10.4657494546, 83.6223432945, 0.284043221558, 0.363636363636
0.80557387271, 0.8599718817, 2.29952238528, 0.633335815627, 57.0752637368, 1.49893792963, 0.445045893916, 0.36552390724, 7.69551952814, 94.2570582284, 0.120646614379, 0.0714285714286
0.114757717716, 0.886817245326, 2.17708558688, 0.520582012756, 58.085248979, 36.8163127569, 0.785129555029, 0.560515158546, 12.7234894306, 90.3854254631, 0.235945632141, 0.222222222222
0.100638495309, 0.869170957255, 3.07191154066, 0.638570945006, 17.7473332991, 1.49893792963, 0.0810749561695, 4.38493079525, 12.6283478434, 162.578867786, 0.00737921060369, 0.176470588235
0.111095714853, 0.849034708293, 2.24444418749, 0.578239988743, 57.0752637368, 1.78546060916, 0.734161503381, 4.43558377338, 7.69551952814, 154.142200639, 0.00738099377842, 0.222222222222
0.114757717716, 0.913095287421, 2.68250691709, 0.520582012756, 21.7714202922, 1.0909583196, 0.0280750442147, 0.194285638956, 3.23455180225, 152.422906876, 0.00784157969689, 0.521739130435
0.113714398523, 0.851915912938, 3.62289927623, 0.540509578322, 16.1872777788, 1.49893792963, 0.445045893916, 4.99499427539, 1.02328385705, 156.871642398, 0.00738592496293, 0.235294117647
0.639030414219, 0.886817245326, 2.17708558688, 0.646193381074, 58.085248979, 22.0244100188, 0.785129555029, 4.11283641607, 7.60566072944, 93.094068913, 0.413357235137, 0.0
0.113271215216, 0.869170957255, 2.68250691709, 0.660195840069, 46.7896347064, 42.2654176359, 0.116439444279, 4.38493079525, 1.61444841376, 91.2936980713, 0.202291238724, 0.333333333333
0.100298227037, 0.869170957255, 2.68250691709, 0.480987789912, 57.0752637368, 1.49893792963, 0.116439444279, 4.38493079525, 1.15133065996, 115.231997546, 0.00995183175139, 0.727272727273
0.250080558336, 0.841123570098, 2.24444418749, 0.520582012756, 4.90941281839, 39.9762885399, 0.0157131583877, 3.43873629405, 18.49716406, 93.2755969239, 0.208998593252, 0.0
0.114757717716, 0.945376578418, 2.24444418749, 0.524375147129, 86.8436682062, 28.1001928795, 0.382244390446, 3.43873629405, 1.28319649348, 90.3120499171, 0.149055539763, 0.708333333333
0.113714398523, 0.824575961729, 3.62289927623, 0.540509578322, 16.1872777788, 1.49893792963, 0.445045893916, 4.99499427539, 1.02328385705, 186.836795839, 0.00967284207048, 0.0625
