2.19133404634, 1.2005014598, 3.0, 3.0, -1.0, 1.75852295043, -0.212337203609, 0.581959517233, 0.353237327717, 0.280972603659, 2.34335018636, 3.0, 2.00336388002, 0.732733821511, 0.614277505516, 0.32449868199, -0.318055335002, 1.0, 2.00981708084, 1.0, 1.4464053146, 2.0, 2.24872081533, 0.561425009711, 2.84029115638, 3.0, 1.79911302789, 0.991543914212, 0.230745581984, 2.01931827752, 1.982472206, 3.0, 0.546314370158, 0.979217318139, 0.0212539383224, 0.994998009223, 2.9136152067, -0.151556043102, 0.0, 0.0, 2.49532705031, 3.0, 2.51409164315, 1.0, -1.0, 0.0, 0.0966315720846, 1.0, 2.0, 0.0, 94356.0, 695.0, 99405.0
0.381244778967, 0.269800246539, 0.810940242305, -1.0, 0.0670015000615, 3.0, -0.164654252983, 0.0, 0.893086269743, 2.03589927717, 2.57240698202, -0.0902489364906, 2.0, 1.31374658614, 0.601783527747, 2.28215577495, 0.0867279613306, 1.0, 1.0, 0.217736293491, 1.25008391683, 2.0, 2.0, 0.0, -0.308357117376, 2.6316195947, -0.104409845798, 2.19543631424, 0.0546778851732, 0.0, 0.0, 2.16102916019, 3.0, 1.22137647638, 1.0, 1.0, 0.453512586108, 1.18696259922, 0.0, 0.603779609473, 0.223370824963, 1.98464165723, 1.0, 0.0, 2.66234601346, 0.0, -1.0, -1.0, 3.0, 3.0, 94198.0, 664.0, 99416.0
-1.0, -1.0, 2.53529884202, 0.74176007673, -1.0, 0.0, -1.0, -1.0, 0.0, -1.0, 0.0, 1.0, 2.0, 2.0, -1.0, -0.976991791432, -0.218329972584, -0.9475639171, 2.0, -1.0, -0.515460048309, 0.0, 2.0, 0.912764648046, 3.0, 2.15819066302, 2.70027138867, -1.0, 3.0, -0.85464554925, 1.99406125657, -1.0, 3.0, -0.378001818681, 0.14137515162, -0.604404913037, -1.0, -0.956821697191, 0.788176260557, -1.0, 2.8095469848, 1.0, -0.888080843808, -1.0, -0.5229436156, -0.871298235789, 2.0, -1.0, -1.0, -0.637346021297, 97140.0, 342.0, 99677.0
-1.0, -1.0, 2.53529884202, 0.74176007673, -1.0, 0.0, -1.0, -1.0, 0.0, -1.0, 0.0, 1.0, 2.0, 2.0, -1.0, -0.976991791432, -0.218329972584, -0.9475639171, 0.376497635848, -1.0, -0.526133895726, 0.0, 2.0, 0.912764648046, 3.0, 2.15819066302, 2.83415973195, -1.0, 3.0, -0.85464554925, 1.48732973128, -1.0, 3.0, 1.00196515909, 0.14137515162, -0.604404913037, 0.631516815442, -0.956821697191, 0.788176260557, -1.0, 2.8095469848, 1.0, -0.888080843808, -1.0, -0.5229436156, -0.871298235789, 2.0, -1.0, -0.357736822076, -0.637346021297, 97043.0, 368.0, 99664.0
-0.733501799124, -1.0, 2.53799031871, 0.74176007673, -1.0, 0.0, -1.0, -1.0, 0.0, -1.0, -0.720183922302, 1.0, 2.0, -0.680506886762, -1.0, -0.448595955228, 0.622945119407, -0.9475639171, 2.78720363502, -1.0, -0.382643249227, 0.0, 1.0, 0.912764648046, 3.0, 2.15819066302, 2.71012595181, 0.42639151952, 3.0, -0.85464554925, 0.88006701749, -1.0, 3.0, 1.0, 0.14137515162, -0.604404913037, -1.0, -0.956821697191, 0.788176260557, -1.0, 2.8095469848, 1.0, 0.162295323125, -1.0, -0.5229436156, -0.871298235789, 2.0, -1.0, -1.0, -0.763413381114, 96645.0, 373.0, 99648.0
-1.0, -1.0, 3.0, 0.74176007673, 1.00508900425, 0.0, -1.0, -1.0, -1.0, -1.0, 0.0, 1.0, 2.3828671227, 2.20366923335, -1.0, 1.0, -0.203215092052, 0.421172845496, 2.0, -1.0, 0.287198277474, 0.0, -1.0, 0.912764648046, 3.0, 1.33627613062, 2.71012595181, -1.0, 3.0, -0.85464554925, 1.0, -1.0, 2.28037589882, 1.0, 0.14137515162, -1.0, -1.0, -0.809309635289, -0.252423207273, -1.0, 2.2784585012, 1.0, -0.0143520052879, 1.07141871931, 1.0, -0.871298235789, 2.0, 1.0, -1.0, 1.28584328471, 96084.0, 439.0, 99597.0
1.0, 1.31719047539, -1.0, -0.614390153258, 3.0, 3.0, 0.0, -1.0, -0.780366440493, -1.0, -1.0, -1.0, -0.414365433485, 0.0, -1.0, 1.0, -1.0, 2.5046307188, 0.206396828181, 2.0, 1.77575018537, 1.27050013046, 2.07805714055, -0.221629655208, 2.0, 2.0, -1.0, 2.1745270093, 2.10886588556, -1.0, 3.0, -0.629894181306, -1.0, -0.0119668013266, 2.82959431312, -0.179432232141, -1.0, 0.183091678063, 2.62872598892, -1.0, 0.841494283905, 0.949171090223, -0.735342420766, 2.0, 0.0, -0.0421829085353, 1.05801305655, -1.0, -1.0, 2.0, 95990.0, 443.0, 99561.0
-1.0, -1.0, 1.0, 0.0904948906435, -0.544404296495, 2.0, -0.397979063583, 2.0, 2.71845587057, -1.0, -0.41347629252, -0.621703498982, -1.0, 1.0, 2.0, -1.0, 2.0, 0.0, 0.0, -1.0, -1.0, -0.0537773750004, 0.394825796336, 1.0, -1.0, 0.0, -1.0, -0.288719106862, -1.0, -1.0, -1.0, -1.0, -1.0, -0.697315777894, 2.65205540717, 0.526250347393, 0.833653106117, 1.0, 2.0, -1.0, 0.0, 2.0, 0.925669057918, 0.0, 2.51064384443, 1.0, 0.0, -0.591857832108, 1.0, 3.0, 95869.0, 433.0, 99613.0
1.0, 3.0, -1.0, 0.339082055717, 3.0, 1.8869114269, -0.52170321265, -0.674754032463, 1.4887134237, -1.0, -1.0, -1.0, -0.676190521782, 0.0, -1.0, 1.20708637184, -1.0, 2.0, 3.0, 2.0, 2.0, 1.27050013046, 2.07805714055, 1.0, 2.0, 2.0, -1.0, 2.0, -0.0397107234394, -1.0, 3.0, 2.0, -1.0, -0.99749223873, 0.824960213696, 0.0, -1.0, -1.0, 2.0, -1.0, 3.0, -1.0, -0.783203924898, 2.0, -0.809561029754, 1.0, -0.667435639532, -1.0, -1.0, 2.0, 96782.0, 395.0, 99627.0
-1.0, -1.0, 1.34484740239, 0.74176007673, -1.0, 0.0, -1.0, -1.0, -0.45302858046, -1.0, 0.0, 1.0, 2.37390905917, 2.0, -1.0, -0.232483295457, -0.203215092052, -0.9475639171, 2.0, -1.0, 0.403615710682, 0.0, 0.558205205864, 0.912764648046, 3.0, 2.15819066302, 2.71012595181, -0.863725899991, 3.0, -0.85464554925, 0.0, -1.0, 3.0, 1.0, -0.335706337501, -0.604404913037, -1.0, -0.956821697191, 0.788176260557, -1.0, 2.8095469848, 1.0, 0.162295323125, -1.0, -0.5229436156, -0.871298235789, 2.0, -1.0, -1.0, -0.637346021297, 96594.0, 387.0, 99642.0
-0.737335063487, -1.0, 1.34484740239, 0.74176007673, -1.0, 0.0, -1.0, -1.0, -0.45302858046, -1.0, 0.0, 1.0, 2.41455265839, 2.0, -1.0, -0.232483295457, -0.203215092052, -0.9475639171, 2.71071197541, -1.0, 0.403615710682, 0.0, 0.558205205864, 0.912764648046, 3.0, 2.15819066302, 2.71012595181, 1.38239887347, 3.0, -0.85464554925, 0.0, 0.0477647162378, 3.0, 1.0, -0.335706337501, -0.604404913037, -1.0, -0.956821697191, 0.788176260557, -1.0, 2.8095469848, 1.0, 0.162295323125, -1.0, -0.5229436156, -0.871298235789, 2.0, -1.0, -1.0, -0.637346021297, 96345.0, 423.0, 99617.0
1.0, 3.0, 0.659292485445, 1.9182346718, 3.0, 1.21416679596, 0.0, 0.246810612114, -0.994822362604, -1.0, -1.0, -1.0, 2.2601399479, 1.07972459961, -1.0, 0.894250407425, 0.801911557477, 0.545131325716, 3.0, 2.0, -0.840733417723, 1.27050013046, 1.0, 1.0, 2.0, 2.0, 1.8650251853, 0.313978747205, 2.90396586725, -1.0, -0.443932409079, 2.0, 0.89347680069, -0.26578756227, 2.68704950115, 0.186058523416, -1.0, -1.0, 2.0, 2.45912460875, 3.0, -1.0, 2.16321796772, 2.0, -0.602004357616, 2.11300234237, 3.0, -1.0, -1.0, 0.970034506785, 95486.0, 524.0, 99499.0
-1.0, -1.0, 2.53529884202, 0.74176007673, -1.0, 0.0, -1.0, -1.0, 0.0, -1.0, -0.724284328173, 1.0, 2.0, 2.0, -1.0, 1.59716567652, 0.596260794525, -0.164667323861, 2.0, -1.0, 0.403615710682, 0.0, 2.0, 0.912764648046, 3.0, 2.47185334993, 2.71012595181, -1.0, 3.0, 0.790251065733, 1.84376291632, -1.0, 3.0, 1.0, 0.14137515162, 2.20983723805, -1.0, -0.956821697191, 0.788176260557, -1.0, 2.8095469848, 1.0, -0.981833555354, -1.0, -0.5229436156, -0.871298235789, 2.0, -1.0, -1.0, -0.87405633434, 96755.0, 391.0, 99633.0
1.0, 1.31719047539, -1.0, -0.614390153258, 3.0, 3.0, 0.0, -1.0, 0.772365456082, -1.0, -1.0, -1.0, -0.414365433485, 0.0, -1.0, 1.0, -1.0, 2.5046307188, 0.206396828181, 2.0, 1.77575018537, 1.27050013046, 2.07805714055, -0.221629655208, 2.0, 2.0, -1.0, 2.1745270093, 2.10886588556, -1.0, 3.0, -0.146653893255, -1.0, -0.0119668013266, 2.82959431312, 0.0, -1.0, 0.183091678063, 2.62872598892, -1.0, 0.841494283905, 0.949171090223, -0.735342420766, 2.0, 0.0, -0.0421829085353, 1.05801305655, -1.0, -1.0, 2.0, 95849.0, 475.0, 99542.0
-0.89881866289, 3.0, 1.0, -1.0, 1.00508900425, 2.87956327957, -0.162893503353, -1.0, -1.0, -1.0, -1.0, 1.43397963915, 2.0, 1.0, 1.0, 0.0, 2.0, 1.0, 0.0, 2.40865362697, 3.0, 1.10965474236, 3.0, 2.0, 1.0, 0.0, -1.0, -0.0338777718075, 1.99268842449, 0.795759216414, 2.87670906148, 2.15360027406, 2.28037589882, 1.0, 2.0, 2.39891188798, 2.0, 2.76692037187, 1.0, 0.703415587064, 3.0, 3.0, 1.87956544276, 1.15026834902, 0.915020227543, 0.706054856771, 2.0, -0.878025926733, 1.0, 1.54209882663, 95314.0, 583.0, 99463.0
-1.0, 1.0, 0.481136226299, -1.0, -1.0, 3.0, 0.0, 0.0, 1.68369974225, -0.784296833714, 3.0, -0.759280479736, 2.0, 1.0, 0.172620438938, 2.0, 2.0, 3.0, 1.29086477105, -0.74194287842, 1.3859529682, 2.16542796056, 2.0, 0.0, 2.0, 3.0, 1.05356727361, 1.0, 1.03772449813, 2.49789496078, 0.0, -0.99024066136, 3.0, 0.809265950874, 1.34098874983, 1.0, -1.0, -1.0, 0.0, -1.0, 3.0, 1.07893758132, -0.852844025113, 0.0, 0.0, 1.47578679314, -1.0, -1.0, 3.0, 3.0, 95594.0, 508.0, 99515.0
1.0, 1.31719047539, -1.0, -0.614390153258, 3.0, 3.0, 0.0, -1.0, -0.886215734764, -1.0, -1.0, -1.0, -0.414365433485, 0.0, -1.0, 1.0, -1.0, 2.0, 3.0, 1.91400281734, 1.92536933013, 1.27050013046, 2.07805714055, -0.221629655208, 2.0, 2.0, -1.0, 2.1745270093, -0.86385417583, -1.0, 3.0, -0.14323060797, -1.0, 0.256583493631, 2.82959431312, 1.98548581271, -1.0, -1.0, 2.62872598892, -1.0, 3.0, -1.0, -0.735342420766, 2.15579199956, 0.0, -0.0421829085353, 1.05801305655, -1.0, -1.0, 2.0, 96411.0, 416.0, 99590.0
-1.0, -1.0, 2.53529884202, 0.74176007673, -1.0, 0.0, -1.0, -1.0, -0.45302858046, -1.0, 0.0, 1.0, 2.0, 2.0, -1.0, -0.232483295457, -0.203215092052, -0.9475639171, 2.0, -1.0, 0.403615710682, 0.0, 0.558205205864, 0.912764648046, 3.0, 2.15819066302, 2.71012595181, -0.44807445305, 3.0, -0.85464554925, 2.03362137687, -1.0, 3.0, 1.0, -0.335706337501, -0.604404913037, -1.0, -0.956821697191, 0.788176260557, -1.0, 2.8095469848, 1.0, 0.162295323125, -1.0, -0.5229436156, -0.871298235789, 2.0, -1.0, -1.0, -0.637346021297, 96461.0, 404.0, 99628.0
-1.0, 1.0, 2.0, 2.95641083992, -0.952413864038, -0.634216482622, -0.357181861014, -1.0, 2.6404112998, -0.602063842811, 1.29522799169, 0.198097395722, 3.0, 0.0586688011978, -1.0, 0.341950366032, -0.318055335002, 0.0, 0.0, -1.0, -1.0, 0.534081156852, 1.12330838842, 0.21212406589, 1.0, 0.0, -0.211345765618, 1.34738543328, 3.0, -0.85464554925, 1.0, 1.0, 1.46537617793, 0.101502855864, 2.75995150768, -1.0, -1.0, -1.0, 1.0, 0.906541099993, -0.196578347067, 0.870004928499, -0.543193614701, 0.167665510428, -1.0, -0.490037601487, 2.0, -1.0, 0.482877828671, 0.210946900161, 95094.0, 493.0, 99535.0
0.381244778967, 0.0363645450097, 0.810940242305, 1.87570870208, 0.0670015000615, 3.0, -0.164654252983, 0.0, 2.55743218698, 2.03589927717, 2.57240698202, -1.0, 2.0, 1.31374658614, 0.601783527747, 2.28215577495, 2.0, 1.0, 2.1188108965, 0.217736293491, 1.25008391683, 2.0, 2.0, 0.0, 0.700555471935, 2.6316195947, 0.183550559352, -0.485324813921, 1.58208700885, 2.30375776867, 0.0, 2.0, 1.0, 1.22137647638, 1.0, 1.0, 0.453512586108, 1.76209877884, 0.0, 1.52863457437, 3.0, 1.98464165723, 1.0, 0.0, 2.66234601346, 1.20412580478, -1.0, 3.0, 3.0, 3.0, 94496.0, 685.0, 99410.0
2.19133404634, 1.2005014598, 3.0, 3.0, -1.0, 1.75852295043, -0.212337203609, 1.89265672721, 0.353237327717, 0.280972603659, 3.0, 3.0, 2.00336388002, 0.732733821511, 0.614277505516, 0.0, 1.0, 1.0, 3.0, 1.0, 1.4464053146, 2.78847481617, 0.290698406531, 0.561425009711, 2.46880448712, 3.0, 2.70955013014, 0.991543914212, 0.230745581984, -1.0, 1.982472206, 3.0, 2.0, 1.49846344681, 0.0212539383224, 0.994998009223, 2.9136152067, 2.575466807, -0.2860473921, 0.0, 2.49532705031, 3.0, 2.51409164315, 1.0, -1.0, 0.0, 0.0966315720846, 1.0, 2.0, 0.0, 94572.0, 680.0, 99412.0
1.36619455731, 3.0, 1.44223769641, -1.0, 1.00508900425, 2.74624182683, -0.162893503353, 0.0, -1.0, -0.425323479238, -1.0, -0.227599251394, 2.0, 1.0, 1.0, -0.232483295457, 0.376721355575, 1.0, 0.0, 2.83655904267, 3.0, 0.427565195036, 1.31889981239, 0.0397474779817, 2.69049194537, 0.0, 3.0, -0.0338777718075, 1.0, 0.0, 1.0, 2.15360027406, 2.28037589882, 0.0, 2.0, 1.0, 2.0, 2.7863018472, 1.0, 1.17658153933, 0.048801335083, 3.0, 0.438908499224, 1.15026834902, 0.915020227543, 0.706054856771, 2.4411722155, -0.878025926733, 0.930814213294, -0.387056389449, 94300.0, 651.0, 99419.0
-0.932205559317, -1.0, 2.4124248661, 0.74176007673, -1.0, 0.0, -1.0, -1.0, 0.0, -1.0, -0.720183922302, 1.0, 2.27636529217, -0.680506886762, -1.0, -0.448595955228, 0.622945119407, -0.9475639171, 2.78720363502, -1.0, -0.382643249227, 0.0, 1.0, 0.912764648046, 3.0, 2.15819066302, 2.71012595181, 0.42639151952, 3.0, -0.85464554925, 0.88006701749, -1.0, 2.28037589882, 1.0, 0.14137515162, -0.604404913037, -1.0, -0.956821697191, 0.788176260557, -1.0, 2.8095469848, 1.0, 0.0470470832567, -1.0, -0.5229436156, -0.971304330024, 2.0, 1.0, -1.0, -0.763413381114, 96517.0, 391.0, 99639.0
1.19334127042, 3.0, -1.0, -0.614390153258, 3.0, 3.0, 0.0, -1.0, -0.886215734764, -1.0, -1.0, -1.0, -0.626786709795, 0.0, -1.0, 1.0, -1.0, 2.0, 3.0, 2.0, 1.77575018537, 1.27050013046, 2.07805714055, 1.0, 2.0, 2.0, -1.0, 2.1745270093, 1.01996186581, -1.0, 3.0, -0.14323060797, -1.0, 0.256583493631, 2.82959431312, -0.693094735498, -1.0, -1.0, 2.62872598892, -1.0, 3.0, -1.0, 1.45574371544, 0.318033119925, 0.0, 0.0231934953585, 1.05801305655, -1.0, -1.0, 2.31977911559, 96422.0, 424.0, 99586.0
1.36619455731, 3.0, 1.44223769641, -1.0, 1.00508900425, 2.74624182683, -0.162893503353, 0.0, -1.0, -0.425323479238, -1.0, -0.227599251394, 1.56289147848, 1.0, 1.0, -0.232483295457, 0.376721355575, 0.269043967978, 0.0, 0.224092983266, 3.0, 0.427565195036, 1.31889981239, 0.0397474779817, 2.69049194537, 0.0, 3.0, -0.0338777718075, 1.0, 0.0, 1.0, 2.15360027406, 2.28037589882, 0.0, 2.0, 2.8643600356, 2.0, 2.7863018472, 1.0, 1.17658153933, 0.048801335083, 3.0, 0.438908499224, 1.15026834902, -0.325125573712, 0.706054856771, -0.843435946477, -0.878025926733, 0.930814213294, -0.387056389449, 94307.0, 633.0, 99431.0
1.0, 2.19123633631, -1.0, 0.638568522192, 3.0, 2.98056011399, 0.0, -1.0, 2.0, -1.0, -1.0, -1.0, 0.0, 0.0, -1.0, 1.0, -1.0, 2.0, 3.0, 2.0, 2.52872398542, 2.67760072561, 2.07805714055, 1.0, 2.90553393851, 2.0, -1.0, 0.658405051719, 0.0, -1.0, -0.170026226355, 2.0, 3.0, -0.411520334851, 2.68704950115, 1.27014346008, -1.0, -1.0, 0.101309385515, -0.167682360854, 0.612757664145, 0.93908971923, -0.735342420766, 2.66188010934, 0.0, 1.0, -0.0352894183312, -1.0, -0.51383722846, 1.77396027115, 95714.0, 500.0, 99523.0
2.89930867456, 2.08269983173, 0.810940242305, 1.11368981051, -1.0, 1.0, -0.0275610962816, 1.83620990968, -1.0, -0.942380706242, 2.218482396, 3.0, 2.90100172964, 3.0, -0.142502895944, 0.0, 1.0, 0.28278283036, 3.0, 0.0, 1.4464053146, 1.36199163054, 0.994959367977, 0.561425009711, 0.814262365387, 3.0, 1.14911475417, 2.83024672437, 0.168472839461, -1.0, 1.70778167756, 0.279470041847, 2.0, 1.01655644559, -0.275547643706, 2.6834684054, 1.0, 0.694556424927, 0.0, 0.0, 0.652281120069, 3.0, 2.53579578528, 0.0, -1.0, 0.0, 2.07905108093, 1.0, 2.6997441569, 2.70503655601, 94639.0, 648.0, 99427.0
1.0, 1.31719047539, -1.0, -0.614390153258, 3.0, 3.0, 0.0, -1.0, -0.886215734764, -1.0, -1.0, -1.0, -0.414365433485, 0.0, -1.0, 1.0, -1.0, 2.0, 3.0, 2.0, 1.77575018537, 1.27050013046, 2.07805714055, -0.221629655208, 2.0, 2.0, -1.0, 2.1745270093, 0.0, -1.0, 3.0, -0.14323060797, -1.0, 0.256583493631, 2.82959431312, 0.0, -1.0, -1.0, 2.62872598892, -1.0, 3.0, -1.0, -0.735342420766, 2.0, 0.0, -0.0421829085353, 1.05801305655, -1.0, -1.0, 2.0, 96208.0, 434.0, 99576.0
1.0, 1.31719047539, -1.0, -0.614390153258, 3.0, 3.0, 0.0, -1.0, -0.886215734764, -1.0, -1.0, -0.438164187053, -0.414365433485, 0.0, -1.0, 1.0, -1.0, 2.0, -0.203842762287, 1.91400281734, 1.92536933013, 1.27050013046, 2.07805714055, -0.221629655208, 2.20920634913, 2.0, -1.0, 2.1745270093, -0.86385417583, -1.0, 3.0, -0.14323060797, 1.48080192853, 0.256583493631, 2.82959431312, 1.98548581271, -1.0, -1.0, 2.62872598892, -1.0, 3.0, -1.0, -0.735342420766, 2.15579199956, 0.0, -0.0421829085353, 1.05801305655, -1.0, -1.0, 2.0, 96188.0, 440.0, 99571.0
0.381244778967, 0.269800246539, -0.360486916048, -1.0, 0.0670015000615, 1.58383958199, -0.164654252983, 0.0, 0.893086269743, 2.11080857505, 2.57240698202, -1.0, 2.0, 1.31374658614, 0.601783527747, 2.28215577495, 2.0, 1.0, 1.0, 0.217736293491, 1.25008391683, 2.0, 2.0, 0.0, -0.308357117376, 2.6316195947, -0.104409845798, 2.41963296812, 0.0546778851732, 0.0, 0.0, 2.16102916019, 3.0, 0.648899190244, 1.0, 1.0, -0.00862387677824, 1.18696259922, 0.0, 0.603779609473, 3.0, 1.98464165723, 1.0, -0.425855483118, 2.66234601346, 0.0, -1.0, -1.0, 3.0, 3.0, 94370.0, 650.0, 99425.0
0.864089945851, 1.16113825326, 1.05323223153, 2.24895666426, -0.201758314163, 2.88245699525, 0.0, 1.0, 1.47591975839, -1.0, 0.0, -0.980933811495, 0.116227272886, 2.0, 2.81425102726, 1.0, 2.0, 1.0, 2.0, 0.824619786522, 1.0, 0.0, 1.12079746898, 0.284644165356, -0.428869534003, 1.12281559634, 1.0, 0.0978772796927, -1.0, 1.17770658245, -1.0, -1.0, 1.45543256803, 0.0, 1.40492076409, 0.622345207032, 2.0, 2.0, 1.32787335035, 0.634216668241, 3.0, 1.67463060224, 0.0, 0.0, -0.0898980741143, 1.02513904447, 2.0, -1.0, 0.143063097975, -0.176361833706, 94287.0, 614.0, 99452.0
0.199326952774, -0.650251228143, 2.0, 1.0, -0.795629375057, -0.634216482622, -0.357181861014, -1.0, 2.0, -0.602063842811, 1.29522799169, -1.0, 3.0, 0.0, -1.0, 1.20098548253, -0.318055335002, 0.0, -0.771300004036, -1.0, -1.0, 0.534081156852, 1.74872760735, 0.21212406589, 1.0, 0.0, 1.0, 2.0, 3.0, -0.85464554925, 1.0, 1.0, 1.94036015877, 0.101502855864, 2.4608620233, -1.0, -1.0, -1.0, 1.0, 0.906541099993, 2.0, 2.20115694666, -0.543193614701, -0.796798681278, -1.0, -0.490037601487, 2.0, -1.0, 2.37717374579, -0.387056389449, 95780.0, 455.0, 99581.0
0.0, -0.41063669836, -0.946196138966, -1.0, -1.0, 2.0, 3.0, -0.324540729309, 0.0, -0.871137924151, -1.0, 3.0, -0.382287408321, 1.21675094435, 2.0, -0.448595955228, -1.0, 0.0, 3.0, -1.0, 2.0, 0.0, 3.0, -0.310280442257, 2.53366591118, 1.65420227075, -1.0, -0.750428898093, 2.91905281904, -0.588353559135, 1.0, 0.0, 2.28037589882, 2.17994765275, 2.88813266607, -0.670508367503, -1.0, -0.784526481072, -1.0, -0.353862025146, 3.0, -0.299862011952, -0.108266707139, 2.0, 1.0, -0.414148103159, -0.642224629224, -1.0, -1.0, -1.0, 95868.0, 452.0, 99558.0
-1.0, 1.0, 2.0, 1.0, -0.795629375057, -0.634216482622, 0.0, -1.0, 2.0, -0.602063842811, 1.22039555254, -1.0, 3.0, 0.0, -1.0, 1.20098548253, 0.117513967541, 0.0, 0.0, 1.83079151042, -1.0, 0.0, 1.88394992595, 0.0, 1.0, 0.0, 1.0, 2.0, 3.0, -0.906697827435, 1.0, -1.0, 1.46537617793, 0.615258780178, 2.4608620233, -1.0, -1.0, -1.0, 2.62953969807, 2.3807952567, 2.0, 3.0, 0.0, 0.167665510428, -1.0, -0.694696419585, 2.0, -1.0, 3.0, 0.210946900161, 95530.0, 469.0, 99551.0
1.0, 1.31719047539, -1.0, -0.614390153258, 3.0, 3.0, 0.0, -1.0, 0.772365456082, -1.0, -1.0, -1.0, -0.414365433485, 0.0, -1.0, 1.0, -1.0, 2.5046307188, 0.206396828181, 2.0, 2.89079177919, 2.79602709639, 2.07805714055, -0.221629655208, 2.0, 2.0, -1.0, 2.1745270093, 2.10886588556, -1.0, 3.0, -0.146653893255, -1.0, -0.0119668013266, 2.06112091139, -0.981418482798, -1.0, 0.183091678063, 1.90156421108, -1.0, 0.841494283905, 0.949171090223, -0.735342420766, 2.0, -0.405164586107, -0.0421829085353, 1.05801305655, -1.0, -1.0, 2.0, 95997.0, 463.0, 99550.0
0.0, -0.41063669836, -0.946196138966, -1.0, -1.0, 2.0, 3.0, -0.324540729309, 0.0, -0.871137924151, -1.0, 3.0, -0.382287408321, 1.21675094435, 2.0, -0.448595955228, -1.0, 0.0, 3.0, -1.0, 2.0, 0.0, 3.0, -0.310280442257, 2.53366591118, 1.65420227075, 2.56267791613, -0.750428898093, 0.0, 0.478706273954, 1.0, 0.0, 2.28037589882, 2.17994765275, 2.88813266607, -0.670508367503, -1.0, -0.784526481072, -1.0, -0.353862025146, 3.0, -0.299862011952, -0.108266707139, 2.0, 1.0, -0.897199771896, -0.642224629224, -1.0, 0.697684862639, -1.0, 95817.0, 478.0, 99549.0
-1.0, 1.0, 2.0, 1.0, -0.795629375057, -0.634216482622, 0.0, -1.0, 2.0, -0.602063842811, 1.29522799169, -1.0, 0.708268433408, 0.0, -1.0, 1.20098548253, -0.318055335002, 0.0, 0.0, -1.0, -1.0, 2.0, 1.12330838842, 0.0, 1.0, 0.0, 2.96201145329, 2.0, 1.53519892965, -0.85464554925, 1.0, 1.0, 1.46537617793, 0.615258780178, 2.4608620233, -1.0, -1.0, -1.0, 1.0, 0.906541099993, 2.0, 3.0, 0.0, 0.167665510428, -1.0, 0.0, 2.0, -1.0, 3.0, 0.210946900161, 95214.0, 495.0, 99531.0
-1.0, -1.0, 3.0, 1.52734437173, 1.00508900425, -0.123350589075, -1.0, -1.0, -1.0, -1.0, 0.0, 1.0, 2.3828671227, 2.20366923335, -1.0, 1.0, -0.203215092052, 0.421172845496, 2.0, -1.0, 0.287198277474, 0.0, -1.0, 0.912764648046, 3.0, 1.33627613062, 2.71012595181, -1.0, 3.0, -0.85464554925, 1.0, -1.0, 3.0, 1.61743302209, 0.14137515162, -1.0, -1.0, -0.809309635289, -0.709043514584, -1.0, 2.2784585012, 1.311857288, -0.0143520052879, 1.07141871931, 1.0, -0.871298235789, 1.00635012258, -1.0, -1.0, 1.28584328471, 96378.0, 408.0, 99621.0
0.0, -0.41063669836, -0.946196138966, -1.0, -1.0, 2.0, 3.0, -0.324540729309, 1.55163838611, -0.871137924151, -1.0, 3.0, 0.0892871387121, 1.21675094435, 2.0, -1.0, -1.0, 0.0, 3.0, -1.0, 2.0, 0.0, 3.0, -0.310280442257, 0.591970371735, 1.65420227075, -1.0, -0.522820598588, 2.91905281904, -0.588353559135, 1.0, 0.0, 0.0, 2.17994765275, 2.88813266607, -0.670508367503, -1.0, -0.784526481072, -1.0, -1.0, 3.0, 0.0, -0.108266707139, 2.0, 0.625165400553, 1.16566877866, 2.70010876304, -1.0, -1.0, -1.0, 96141.0, 438.0, 99575.0
-0.1141522969, 2.0, 3.0, -1.0, -1.0, 1.0, 2.91759614955, 2.08138883548, 2.46816541047, -1.0, 0.0, -1.0, 1.10892482282, 0.0, 0.353587596011, -0.448595955228, -0.041533871576, 0.0, 1.0, 0.0, 2.0, 0.31261402129, 1.0, -0.107436491112, 0.356116148421, 0.987490747113, 1.14911475417, 1.78921691184, -0.274176439518, 1.22529933122, 1.91842455501, -1.0, 0.0, -0.563942915027, 2.0, 2.0, 1.20074943833, -0.689385504129, 0.375634047987, -1.0, 2.0, 0.160584077759, 0.660928301624, 3.0, -1.0, 0.0, -1.0, -1.0, 0.9122655769, 0.0, 94739.0, 544.0, 99497.0
0.0, -0.41063669836, 0.492777855023, -1.0, -1.0, 2.0, 3.0, -0.324540729309, 1.55163838611, -0.871137924151, -1.0, 3.0, -0.164979492325, 1.21675094435, 2.0, -1.0, -1.0, 0.0, 0.965697032976, -1.0, 2.0, 0.0, 3.0, -0.310280442257, 0.591970371735, 1.65420227075, -1.0, -0.522820598588, 2.96021331184, -0.588353559135, 1.0, 1.42620121358, -0.315787295219, 2.17994765275, 2.88813266607, -0.670508367503, -1.0, -0.784526481072, -1.0, 0.0705991564845, 3.0, 0.0, -0.108266707139, 2.0, 0.625165400553, 1.12527652561, 2.70010876304, -1.0, -1.0, -1.0, 95800.0, 465.0, 99553.0
-0.482423513573, 3.0, 2.76706315905, -1.0, 1.00508900425, 2.0, 0.0, 0.0, -1.0, -1.0, -1.0, 0.0, 2.0, 0.879422379734, 2.69279048709, 0.0, 2.0, 2.26467274778, -0.182890098993, 2.40865362697, -1.0, 1.10965474236, 2.39192473728, 2.0, 1.0, 0.0, 2.96201145329, 0.0, 3.0, -0.264636666697, 1.19598692284, 2.0, 2.28037589882, 1.165298708, 2.0, 1.0, -1.0, 2.5731630125, 1.0, -1.0, -0.335168826687, 3.0, 3.0, 1.0, 2.09500124692, 1.01641369353, -0.170212643922, 0.316512298975, 0.470689309977, 2.0, 94972.0, 607.0, 99442.0
0.979508833883, 0.0, 3.0, -1.0, -0.705344093079, 1.16050966432, -0.39491255729, -0.0527339566839, 2.39936072406, -1.0, -1.0, 2.0, 1.0, 1.0, -0.00946983288314, 1.0, 0.0, 1.0, 1.0, 0.0, 2.1369223449, -0.455977784094, 1.0, -0.00719295127728, 2.41279659401, 1.62219534424, 0.699816314251, 1.14897869102, 0.0, -1.0, 2.49562629114, 2.0, 2.0, 3.0, 0.922338569713, 1.44604368285, 0.833653106117, -1.0, 1.07133466151, -0.594780675393, 0.713772447792, 2.56588251234, -1.0, 0.0862332722402, 2.34034946381, -0.0720835825485, 2.70974144753, 0.0, -1.0, -1.0, 94822.0, 562.0, 99480.0
-1.0, 1.0, 2.0, -0.74464907841, -0.35595982811, 3.0, 0.0, -1.0, 0.0, -0.602063842811, 1.22039555254, -1.0, 0.0, 0.0, -1.0, 1.20098548253, 0.117513967541, 0.0, 0.0, 1.83079151042, -1.0, 0.0, 1.96552270652, 0.0, 1.0, 0.0, 1.0, 2.0, 3.0, -0.906697827435, 1.0, -1.0, 1.46537617793, 0.615258780178, 2.4608620233, -1.0, -1.0, -1.0, 2.62953969807, 2.3807952567, 2.0, 3.0, 0.0, 0.167665510428, -1.0, -0.694696419585, 2.0, -1.0, 3.0, 0.210946900161, 95240.0, 479.0, 99528.0
1.0, 1.31719047539, -1.0, 0.773228182145, 3.0, 3.0, 0.0, -1.0, -0.886215734764, -1.0, -1.0, -1.0, -0.414365433485, 0.0, -1.0, 1.0, -1.0, 2.0, 3.0, 2.0, 1.77575018537, 1.27050013046, 2.07805714055, -0.221629655208, 2.0, 2.0, -1.0, 2.1745270093, 0.0, -1.0, 3.0, -0.890214650831, -1.0, 0.256583493631, 2.82959431312, 0.0, -1.0, -1.0, 2.62872598892, -1.0, 3.0, -1.0, -0.735342420766, 2.0, 0.0, -0.0421829085353, 1.05801305655, -1.0, -1.0, 2.0, 96178.0, 432.0, 99581.0
-0.482423513573, 3.0, 2.76706315905, -1.0, 1.00508900425, 2.0, 0.0, 0.0, -1.0, -1.0, 0.0, 0.0, 2.0, 0.735021933849, 2.69279048709, 0.0, 2.0, 1.0, 0.0, 2.40865362697, 0.588581533051, 1.10965474236, 2.39192473728, 2.0, 1.0, 0.0, 2.96201145329, 0.0, 3.0, -0.264636666697, 2.0, 2.0, 2.28037589882, 1.165298708, 2.0, 1.0, -1.0, 2.5731630125, 1.0, -1.0, -0.335168826687, 3.0, 3.0, 1.0, 2.09500124692, 1.01641369353, -0.170212643922, 0.316512298975, 1.0, 2.0, 94865.0, 638.0, 99429.0
1.0, 2.0, 1.8344618351, -1.0, -1.0, 1.0, 3.0, 2.08138883548, 2.46816541047, -1.0, -0.959133593015, 0.384917788192, 2.74175661712, 1.07424270955, -0.013293707009, -0.448595955228, 0.214442984877, 0.0, 1.0, -0.172812063057, -0.564283921337, 0.31261402129, 0.812994292294, -0.107436491112, 0.356116148421, -0.366599445115, 2.53747547146, 1.78921691184, -0.0817600440557, 1.22529933122, 1.0, -1.0, 0.0, -0.563942915027, 2.0094149132, 2.62235504245, 1.20074943833, 0.0, 1.18130078221, 0.750829837229, 1.39429718832, 3.0, 0.660928301624, 3.0, 2.81090196163, -0.557125882051, 2.0, -1.0, 0.462911047115, 0.0, 94779.0, 571.0, 99478.0
-0.89881866289, 3.0, -0.470265944907, -1.0, 1.31944254889, 2.87956327957, -0.162893503353, -1.0, -1.0, -1.0, -1.0, -0.751653538598, 2.0, 1.0, 1.0, 0.0, 2.0, 1.0, 0.500450527918, 2.40865362697, 3.0, 1.10965474236, 3.0, 1.72426773077, 0.860086859189, 0.0, -1.0, -0.0338777718075, 1.99268842449, 0.795759216414, 2.87670906148, 2.48742952193, 2.02285488914, 1.0, 2.0, 2.39891188798, 2.0, 2.76692037187, 1.0, 0.703415587064, 3.0, 3.0, 1.87956544276, 1.15026834902, 0.0, 0.00925465644137, 2.0, -0.917882706776, 1.0, 1.54209882663, 95300.0, 569.0, 99472.0
-1.0, 1.0, 2.0, 1.0, -0.795629375057, -0.634216482622, 0.0, -1.0, 2.0, -0.602063842811, 1.29522799169, -1.0, 3.0, 0.0, -1.0, 1.20098548253, 0.117513967541, 0.0, 0.0, -1.0, -1.0, 0.0, 1.12330838842, 0.0, 1.0, 0.0, 1.0, 2.0, 3.0, -0.906697827435, 1.0, -1.0, 1.46537617793, 0.615258780178, 2.4608620233, -1.0, -1.0, -1.0, 2.64034634122, 0.906541099993, 2.0, 3.0, 0.0, 0.167665510428, -1.0, -0.694696419585, 2.0, -1.0, 3.0, 0.210946900161, 95528.0, 458.0, 99559.0
1.0, 2.0, 1.8344618351, -1.0, -1.0, 1.0, 3.0, 2.08138883548, 2.46816541047, -1.0, -0.959133593015, -1.0, 2.74175661712, 1.07424270955, -0.013293707009, -0.448595955228, 0.214442984877, 0.0, 1.0, -0.172812063057, -0.564283921337, 0.31261402129, 0.812994292294, -0.107436491112, 0.356116148421, -0.366599445115, 2.53747547146, 1.78921691184, -0.0817600440557, 1.22529933122, 1.0, -1.0, 0.0, -0.563942915027, 2.0094149132, 2.62235504245, 1.20074943833, 0.0, 1.18130078221, 0.750829837229, 1.39429718832, 1.0, 0.660928301624, 3.0, 2.81090196163, 0.0, 2.0, -1.0, 0.462911047115, 0.0, 94540.0, 575.0, 99470.0
1.0, 2.0, 3.0, -1.0, -1.0, 0.906376007014, 2.60723287341, 0.515244280093, 2.0, -1.0, 0.0, -1.0, 2.0, 0.94726966171, 0.195946127683, -0.448595955228, 0.622945119407, 0.0, 1.0, 0.722416038951, 2.0, 0.31261402129, 1.0, 1.0, -0.0379891129271, 0.496806081365, -1.0, 3.0, -0.976497437471, -1.0, 1.0, -1.0, 0.0, -0.305386169179, 2.0, 0.392804109854, 1.20074943833, 0.0, 1.18130078221, -0.96217243557, 0.437485923317, 1.0, -1.0, -0.184127529376, -1.0, 2.61362786935, 2.0, -1.0, 0.9122655769, 0.0, 94925.0, 526.0, 99506.0
-0.1141522969, 2.0, 3.0, -1.0, -0.562337960329, 1.0, 2.91759614955, 2.08138883548, 2.46816541047, -1.0, 0.0, -1.0, 1.10892482282, 0.0, 0.353587596011, -0.448595955228, 0.994276542056, 0.0, -0.982281252617, 0.0, 2.0, 0.31261402129, 1.0, -0.107436491112, 0.356116148421, 0.987490747113, 1.14911475417, 1.78921691184, -0.274176439518, -1.0, 1.91842455501, -1.0, 0.0, 0.269258755182, 2.0, 2.0, 2.39756338138, -0.435639740265, 0.375634047987, -1.0, 2.79660405689, 0.160584077759, 0.660928301624, 3.0, -1.0, 0.0, -1.0, -1.0, 0.9122655769, 0.0, 94607.0, 548.0, 99487.0
-0.482423513573, 3.0, 2.76706315905, -1.0, 2.52996773755, 2.0, 0.0, 0.0, -1.0, -1.0, 0.0, 0.0, 2.0, 0.735021933849, 2.69279048709, 0.483777948266, 2.61395922716, 1.0, 0.0, 1.30719148367, 0.588581533051, 1.10965474236, 2.39192473728, 0.242712013958, 0.0870968169393, 0.0, 2.96201145329, 0.0, 3.0, -0.264636666697, 2.0, 2.0, 2.28037589882, 1.165298708, 2.0, 1.0, -1.0, 2.5731630125, 1.0, -1.0, -0.335168826687, 3.0, 3.0, 1.0, 2.09500124692, 1.01641369353, -0.170212643922, -1.0, 1.774052844, 2.0, 94890.0, 620.0, 99438.0
1.0, 3.0, 1.46534420753, -1.0, 1.00508900425, 1.37399711525, 0.0, 0.0, -1.0, -1.0, 0.0, 1.14502105945, 2.0, 1.0, 2.51951254317, 0.549286652844, 2.0, 2.0, 0.0, -0.0900512333821, -1.0, 1.10965474236, 3.0, 2.45973220371, 2.79280325581, -0.0170559323608, 3.0, 0.186411611222, 0.463165901894, 2.40248833375, 2.0, 2.0, -1.0, -0.0575653171637, 2.7963370363, 1.0, -1.0, 0.819010728618, 0.103975551951, -1.0, -0.335168826687, 3.0, 3.0, -0.0970955491515, 2.17128835826, 1.20412580478, -1.0, -1.0, -0.288023592936, 2.50671956784, 95143.0, 579.0, 99466.0
0.994140652399, 3.0, 1.0, -1.0, -0.228622489996, 2.87956327957, -0.162893503353, -1.0, -1.0, -1.0, -1.0, 1.43397963915, 2.0, 1.0, 1.0, 0.0, 2.0, 1.0, 0.0, 2.40865362697, 3.0, 1.10965474236, 3.0, 2.0, 1.0, 0.0, -1.0, -0.0338777718075, 1.99268842449, 0.795759216414, 2.87670906148, 2.45891896776, 2.28037589882, 1.0, 2.0, 1.71343114673, 0.502992037684, 2.76692037187, 1.0, 0.703415587064, 3.0, 3.0, 1.87956544276, 1.15026834902, 0.915020227543, 0.706054856771, 2.0, -0.878025926733, 1.0, 1.54209882663, 95181.0, 600.0, 99452.0
-0.210944846082, 0.0, 1.8344618351, -1.0, -1.0, 2.0, 1.95018795883, 3.0, 0.39549571129, -0.508488413754, -1.0, 2.0, 1.0, 1.95043480216, -0.0080615304559, 0.0, -0.256169367927, -0.251143640262, 1.0, 0.0, 1.72702959585, -0.256012716071, 1.0, -0.00719295127728, 2.06614409213, 1.62219534424, 0.699816314251, 2.44619503996, 0.0, 1.13105927355, 2.0, 2.0, 2.0, 3.0, 3.0, 0.431450407124, 2.0, -1.0, 3.0, 1.99449683462, 2.0, 3.0, -1.0, -0.11754161301, 1.4457221189, 0.0, 2.0, 0.0, -1.0, -0.200545381652, 94709.0, 605.0, 99450.0
0.994140652399, 3.0, 1.44667616925, -1.0, -0.228622489996, 2.87956327957, -0.162893503353, -1.0, -1.0, -1.0, -1.0, 1.43397963915, 2.0, 1.0, 1.0, 0.0, 2.0, 1.0, 0.0, 2.40865362697, 3.0, 1.10965474236, 3.0, 2.0, 0.54261935799, 0.0, -1.0, -0.0338777718075, 1.99268842449, -1.0, 2.87670906148, 2.45891896776, 2.28037589882, 1.0, 2.0, 1.71343114673, 0.502992037684, 2.76692037187, 1.0, 0.703415587064, 3.0, 3.0, 1.87956544276, 1.15026834902, 0.915020227543, 0.706054856771, 2.0, -0.878025926733, 1.0, 1.54209882663, 95257.0, 585.0, 99459.0
1.47948155671, 3.0, -1.0, 0.339082055717, 3.0, 1.8869114269, -0.52170321265, -0.674754032463, 1.4887134237, -1.0, -1.0, -1.0, -0.676190521782, 0.0, -1.0, 1.20708637184, -1.0, 2.0, 3.0, 2.0, 2.4760805479, 1.27050013046, 2.07805714055, 1.0, 2.0, 2.0, -1.0, 2.0, -0.0397107234394, -1.0, 3.0, 2.0, -1.0, -0.99749223873, 0.824960213696, 0.0, -1.0, -1.0, 2.0, -1.0, 3.0, -1.0, -0.783203924898, 1.79749979559, -0.809561029754, 1.0, -0.667435639532, -1.0, -1.0, 2.0, 96782.0, 395.0, 99627.0
1.0, 3.0, 1.44223769641, -0.160143769325, 0.279590045457, 2.74624182683, -0.162893503353, 0.0, -1.0, -1.0, -1.0, -0.227599251394, 2.7704046728, 1.0, 1.0, -0.232483295457, 2.0, -0.0479647661559, 0.0, 2.40865362697, 3.0, 1.10965474236, 2.86855380518, -0.208526527553, 1.0, 0.0, 3.0, -0.278527583401, 3.0, 0.0, 2.0, 2.15360027406, 2.28037589882, 0.0, 2.35896756692, 1.0, 2.0, 2.7863018472, 1.0, -1.0, 0.652281120069, 3.0, 1.87956544276, 1.15026834902, 1.87090069515, 0.0898309123229, -1.0, -0.878025926733, 1.0, -0.413015870583, 94774.0, 615.0, 99445.0
-0.210944846082, 0.0, 1.8344618351, -1.0, -1.0, 2.0, 0.0, 3.0, 0.39549571129, -0.508488413754, -1.0, 2.0, 1.0, 1.0, -0.0080615304559, 0.0, 0.0, 1.0, 1.0, 0.0, 1.72702959585, -0.256012716071, 1.0, -0.00719295127728, 2.06614409213, 1.62219534424, 0.699816314251, 2.44619503996, 0.0, -1.0, 2.0, 2.0, 2.0, 3.0, 3.0, 0.431450407124, 2.0, -1.0, 3.0, 1.99449683462, 2.0, 3.0, -1.0, -0.11754161301, 2.34034946381, 0.0, 2.0, 0.0, -1.0, -0.200545381652, 94714.0, 590.0, 99457.0
-0.158767519781, -0.259548421857, 2.85000307679, -0.437518507886, -0.478888798663, 0.0301418088643, 0.0, 0.0, -0.551295990916, -1.0, 3.0, -0.135880924504, 0.427698248552, 2.26493168683, -0.332054726674, 1.10366250602, 1.0, 2.53905593955, -1.0, -0.908677173693, -0.578234308955, 0.993961797687, 0.0, 0.0, 0.842546322749, 3.0, 3.0, 1.0, 2.0, -1.0, 0.814131592473, 3.0, 1.66267218243, 3.0, 2.0, 1.45597458828, 1.28985131255, 2.05887384352, 2.70441492734, -0.403240812728, 3.0, 2.9840725455, 0.0, 2.13579403494, -1.0, 0.284885548292, 2.0, 0.477107300488, 2.40715320638, -0.311946164242, 94508.0, 625.0, 99438.0
1.36619455731, 1.22057871187, 1.44223769641, -1.0, 1.00508900425, 2.74624182683, -0.162893503353, 0.0, -1.0, -1.0, -1.0, -0.227599251394, 2.11395256354, 1.0, 1.23819923366, -0.232483295457, 1.2115016585, 1.0, 0.0, -0.150368284283, 3.0, 0.31261402129, 1.31889981239, -0.208526527553, 2.69049194537, 0.0, 3.0, -0.0338777718075, 1.0, 0.0, 0.859571334985, 2.15360027406, 1.7184803721, 0.333663320199, 2.0, 1.0, 2.72086859692, 0.761135382946, 1.0, -0.913543853595, 3.0, 3.0, 2.38056837082, 1.15026834902, 1.77560080806, 0.706054856771, 2.42677663697, -0.878025926733, 1.0, -0.387056389449, 94511.0, 616.0, 99439.0
1.0, 3.0, 1.44223769641, -1.0, 1.00508900425, 2.74624182683, -0.162893503353, 1.0764762954, -1.0, -1.0, -1.0, -0.227599251394, 2.0, 1.0, 1.0, -0.232483295457, 2.0, 1.0, 0.0, 2.5227520316, -1.0, 1.10965474236, 2.19049154739, -0.208526527553, 1.0, 0.0, 3.0, -0.0338777718075, 3.0, 0.0, 2.0, 2.15360027406, 2.28037589882, 0.0, 2.0, 1.8160761639, 2.97155429289, 2.7863018472, 1.0, -1.0, 3.0, 3.0, 1.87956544276, 1.15026834902, 0.915020227543, 0.706054856771, -1.0, -0.41538301709, 1.0, -0.387056389449, 95008.0, 603.0, 99448.0
1.0, 2.0, 3.0, -1.0, -1.0, 0.906376007014, 2.41519733661, 0.515244280093, 2.0, -1.0, 0.0, -1.0, 2.0, 0.0, 0.195946127683, -0.448595955228, -0.68989424841, 0.0, 1.0, 0.722416038951, 2.0, 0.31261402129, 1.0, -0.107436491112, 0.356116148421, 0.496806081365, -1.0, 3.0, 1.0, -1.0, 1.0, -1.0, 0.0, -0.305386169179, 2.0, 1.71965722085, 1.20074943833, 0.0, 1.18130078221, -1.0, -0.196578347067, 1.0, -1.0, 3.0, -1.0, 0.0, 2.0, -1.0, 0.9122655769, 0.0, 94873.0, 533.0, 99503.0
-0.682229753092, 1.0, -0.860878018439, -0.804698814968, -0.795629375057, -0.634216482622, 0.0, -1.0, 1.19557939883, -0.602063842811, 1.29522799169, -1.0, 3.0, 0.0, -0.0228459712697, 1.0, -0.318055335002, -0.327228822284, 0.0, -1.0, -1.0, 2.0, 1.12330838842, 0.0, 2.15292174029, 0.0, 1.0, 2.0, 3.0, -1.0, 1.0, 1.0, 1.46537617793, 2.51483606136, 2.4608620233, -1.0, 1.0, -1.0, 1.0, 0.575149810189, 2.0, 3.0, 0.0, 0.167665510428, -1.0, 0.14863640218, 2.0, -1.0, 3.0, -0.125116624657, 95302.0, 500.0, 99527.0
-0.1141522969, 2.0, 3.0, -1.0, 0.254632926793, 1.0, 2.91759614955, 2.08138883548, 2.46816541047, -1.0, 0.0, -1.0, 1.36950804437, 0.0, 0.353587596011, -0.448595955228, 0.994276542056, 0.0, -0.982281252617, 0.0, 2.0, 0.31261402129, 1.0, -0.107436491112, 0.356116148421, 0.987490747113, 1.14911475417, 2.15385962477, -0.274176439518, -1.0, 1.91842455501, 0.534825870508, 0.0, 0.269258755182, 2.0, 2.0, 2.68318703385, -0.435639740265, 0.375634047987, -1.0, 2.79660405689, 0.160584077759, 2.64173754136, 3.0, -1.0, 0.0, -1.0, 0.855028111142, 0.9122655769, 0.0, 94448.0, 597.0, 99456.0
-1.0, 1.0, 1.25761879051, -0.804698814968, -0.795629375057, -0.573683724041, 2.02090805311, -1.0, 2.95244727526, -0.979874616202, 1.29522799169, -1.0, 3.0, 1.55778528334, -0.0228459712697, 1.13310763924, -0.318055335002, 0.0, -0.303315301544, 0.223513341583, -1.0, -0.06166381223, 1.12330838842, 0.0, 2.15292174029, 0.0, 1.0, 2.5310261361, 3.0, -1.0, 1.0, 1.0, 1.46537617793, 2.51483606136, 2.4608620233, -0.569023449739, 1.0, -1.0, 1.0, 0.575149810189, 2.0, -0.106698008528, 0.0, 0.167665510428, -1.0, -0.490037601487, 2.92002992725, -0.807881803164, 3.0, -0.125116624657, 95095.0, 522.0, 99510.0
1.0, 1.1867087161, 2.16307373206, -1.0, -0.238502476661, 1.0, 3.0, 2.48570651512, 2.87120010923, -1.0, 0.0, -1.0, 2.0, 0.0, 2.0, 1.0, -0.318055335002, 0.0, 1.0, -0.395795628983, -0.564355154876, -0.455977784094, 1.0, 3.0, -0.140715398672, 2.0, 2.13316652237, 0.0, 1.0, -0.627996026585, 1.0, -1.0, 0.0, 1.85269833208, 2.0, 2.89613961381, 2.72087503433, 0.0329911831709, 2.89561919815, -1.0, 1.0, 1.17119309027, -1.0, 3.0, -0.849067313876, 0.0, 2.0, -1.0, 0.603120648525, 1.22586761211, 94957.0, 560.0, 99475.0
1.19334127042, 3.0, -1.0, -0.614390153258, -0.122162694653, 3.0, 0.0, -0.684243522511, 2.60360508974, -1.0, -1.0, -1.0, -0.626786709795, 0.0, -1.0, 1.0, -1.0, 2.0, 3.0, 2.0, 1.77575018537, 1.27050013046, 2.07805714055, 1.0, 2.0, 2.0, -1.0, 2.1745270093, 1.01996186581, -1.0, 3.0, -0.14323060797, -1.0, 0.256583493631, 0.14137515162, -0.693094735498, -1.0, -1.0, 2.62872598892, -1.0, 3.0, -1.0, 1.45574371544, 0.318033119925, 0.0, 0.0231934953585, 1.05801305655, -1.0, -1.0, 2.4531556492, 96200.0, 437.0, 99578.0
-1.0, 1.0, 1.25761879051, -0.804698814968, -0.795629375057, -0.450183394548, 2.02090805311, -1.0, 2.95244727526, -0.979874616202, 1.29522799169, -1.0, 3.0, 1.55778528334, -0.0228459712697, 1.0, -0.318055335002, 0.0, -0.303315301544, -1.0, -1.0, -0.06166381223, 1.12330838842, 0.0, 2.15292174029, 0.0, 2.96201145329, 2.0, 3.0, -1.0, 1.0, 1.0, 1.46537617793, 2.51483606136, 2.4608620233, 0.269248797805, 1.0, -1.0, 1.0, 0.575149810189, 2.0, 3.0, 0.0, 0.167665510428, -1.0, 0.0, 0.925313665083, -0.807881803164, 3.0, -0.125116624657, 94931.0, 538.0, 99492.0
1.0, -0.0619855852343, 3.0, -1.0, -1.0, 0.174856982809, 2.41519733661, 0.515244280093, 2.82304739197, -1.0, 0.0, -0.471144914255, 2.0, 1.0, 0.195946127683, -0.448595955228, -0.911639557122, -0.0864956411581, -0.462789785743, 1.64820944249, 2.0, 0.31261402129, 1.0, -0.107436491112, 0.356116148421, 1.51031169688, -1.0, 3.0, 1.0, -1.0, 1.0, -1.0, 0.0, -0.372419253593, 2.0, 0.332069126091, 1.20074943833, 0.0, 1.18130078221, -1.0, -0.196578347067, 1.0, -1.0, 3.0, -1.0, 2.37126801668, 2.0, -1.0, 0.9122655769, 1.01304281099, 94900.0, 547.0, 99494.0
-1.0, -1.0, 2.53529884202, 0.74176007673, -1.0, 0.0, -1.0, -1.0, 0.0, -1.0, -0.724284328173, 1.0, 2.0, 2.0, -1.0, 1.59716567652, 0.596260794525, -0.164667323861, 2.0, -1.0, 0.403615710682, 0.0, 2.0, 0.912764648046, 3.0, 2.47185334993, 2.71012595181, -1.0, 3.0, 0.790251065733, 1.84376291632, -1.0, 3.0, 1.0, 0.14137515162, 2.20983723805, -1.0, -0.956821697191, 0.788176260557, -1.0, 2.8095469848, 1.0, -0.343319940388, -1.0, -0.5229436156, -0.871298235789, 2.0, -1.0, -1.0, -0.637346021297, 96573.0, 407.0, 99620.0
-1.0, 1.0, -0.860878018439, -0.804698814968, -0.795629375057, -0.634216482622, 0.0, -1.0, 2.95244727526, -0.602063842811, 1.29522799169, -1.0, 3.0, 0.0, -0.0228459712697, 1.0, -0.318055335002, 0.201227493309, 0.0, -1.0, -1.0, 2.0, 1.12330838842, 0.0, 2.15292174029, 0.0, 1.0, 2.0, 3.0, -1.0, 1.99406125657, 1.0, 1.46537617793, 2.51483606136, 0.436540938397, 2.0, 1.0, -1.0, 1.0, 0.575149810189, 2.0, 3.0, 0.0, 0.167665510428, -1.0, 0.0, 2.0, -1.0, 3.0, -0.125116624657, 95237.0, 512.0, 99519.0
1.0, -0.28875205843, 3.0, -1.0, -1.0, 1.06699532243, 2.41519733661, 0.515244280093, 2.82128456802, -1.0, 0.0, -1.0, 2.33556428396, 0.0, 0.195946127683, -0.448595955228, -0.911639557122, -0.0864956411581, -0.605506878279, 0.722416038951, 2.0, 0.31261402129, 1.0, -0.144704248787, 0.356116148421, 1.31941543795, -1.0, 3.0, 1.0, -1.0, 1.0, -1.0, 0.0, -0.305386169179, 1.18303239502, 2.63613680325, 1.20074943833, 0.0, 1.18130078221, -1.0, -0.877080719287, 1.0, -1.0, 3.0, -1.0, 1.71506408484, 2.0, -1.0, 1.02634618902, 0.0, 95090.0, 505.0, 99523.0
1.05767925863, 0.616126187107, 1.05323223153, 1.4650133781, -0.201758314163, 2.88245699525, 1.76489352756, 1.0, 1.35053778734, -1.0, 0.0, -0.985855037399, 0.250049265681, 2.0, 0.614277505516, 1.0, 1.81831409975, 1.0, 2.0, 2.0, 1.0, 0.0, 0.307847640426, 0.284644165356, -0.428869534003, 1.14861749289, 2.9710947183, 0.0978772796927, -1.0, 1.17770658245, -1.0, -1.0, 2.34502816689, 0.0, 1.40492076409, 0.622345207032, 2.0, 2.0, 1.37821433329, 0.634216668241, 3.0, 1.67463060224, 0.0, 1.0, -0.68750214052, 2.42752832816, 2.0, 0.87254926452, 1.0, 1.44638850786, 94452.0, 622.0, 99448.0
1.75971847617, 0.0456573367702, -1.0, -1.0, 3.0, 1.97208371154, 0.0, -0.324540729309, 0.0, -1.0, -1.0, -1.0, 0.0, 0.0, -1.0, 1.20977699097, 0.801911557477, 2.0, 3.0, 2.0, -0.504524916904, 2.60627255311, 1.0, 1.0, 2.0, 2.24707666947, 0.2623606377, 2.0, 2.87160430187, -1.0, 3.0, 2.0, 0.89347680069, -0.26578756227, -0.352097944368, 0.0, -1.0, -1.0, 2.0, -0.179799643456, 3.0, -1.0, 0.0787548460173, 0.634348644638, 0.0, 1.0, 3.0, -1.0, -1.0, 1.51309767234, 95284.0, 519.0, 99501.0
-1.0, 0.0504714559661, -0.860878018439, -0.804698814968, -0.795629375057, -0.634216482622, 0.0, -1.0, 2.95244727526, -0.602063842811, -0.615760947418, -1.0, 3.0, 0.0, -0.0228459712697, 1.0, -0.318055335002, 0.201227493309, 0.0, -1.0, -1.0, 2.0, 0.984083359239, 0.0, 2.15292174029, 0.0, 1.0, 2.0, 3.0, -1.0, 1.99406125657, 1.0, 1.46537617793, 3.0, 0.436540938397, 2.0, 1.0, -1.0, 1.0, 0.575149810189, 2.0, 3.0, 0.0, 0.167665510428, 2.34034946381, 0.0, 2.0, -1.0, 3.0, -0.125116624657, 95214.0, 504.0, 99521.0
0.979508833883, 0.0, 3.0, -1.0, -0.705344093079, 1.16050966432, -0.39491255729, -0.0527339566839, 2.39936072406, -1.0, -1.0, 2.0, 1.0, 1.0, -0.00946983288314, 1.0, 0.0, 1.0, 1.0, 0.0, 2.1369223449, -0.455977784094, 1.0, -0.00719295127728, 2.41279659401, 1.62219534424, 0.699816314251, 1.14897869102, 0.0, -1.0, 2.49562629114, 2.0, 2.0, 2.51483606136, 0.922338569713, 1.44604368285, -0.0538551942735, -1.0, 1.07133466151, -0.594780675393, 0.713772447792, 2.56588251234, -1.0, 0.0862332722402, -1.0, -0.752738861839, 2.70974144753, -0.630998252359, -1.0, -1.0, 95156.0, 516.0, 99511.0
1.75971847617, 0.0456573367702, 1.9407863701, -1.0, 3.0, 1.97208371154, 0.0, -0.324540729309, 0.0, -1.0, -1.0, -1.0, 0.0, 0.0, -1.0, 1.20977699097, 0.801911557477, 2.0, 3.0, 2.0, -0.504524916904, 2.60627255311, 1.0, 1.0, 2.0, 2.24707666947, 0.2623606377, 2.0, 2.87160430187, -1.0, 3.0, 2.0, 0.89347680069, -0.26578756227, -0.352097944368, 0.0, -1.0, -1.0, -0.0135193067434, -0.179799643456, 3.0, -1.0, 0.0787548460173, 0.634348644638, 0.0, 1.0, 3.0, -1.0, -1.0, -0.200545381652, 95053.0, 530.0, 99492.0
1.0, 2.0, 1.7080403778, -1.0, -1.0, 0.906376007014, 2.41519733661, 0.526992827582, 2.0, -1.0, 0.0, -1.0, 2.0, 0.0, 0.195946127683, -0.448595955228, -0.68989424841, 0.0, 1.0, 0.722416038951, 2.0, 0.31261402129, 1.0, -0.107436491112, 0.356116148421, 0.0785046196244, -1.0, 3.0, 0.00927605884013, -1.0, 1.0, -1.0, 0.0, -0.305386169179, 2.0, 1.71965722085, 2.61326308882, 0.0, 1.18130078221, 0.427172168364, -0.196578347067, 1.29701049568, -1.0, 1.88905266825, -1.0, 0.0, 2.0, -1.0, 0.9122655769, 0.0, 94567.0, 549.0, 99490.0
-1.0, 1.0, 2.0, 1.0, -0.0545817361274, -0.546534066071, 0.0, -1.0, 2.0, -0.602063842811, 1.29522799169, -1.0, 3.0, 0.262392579193, -1.0, 1.0, -0.210840405448, 0.0, 0.0, -0.0900512333821, -1.0, 2.0, 0.41197951362, 0.0, 1.0, 0.0, -0.467312350784, 2.0, 3.0, -1.0, 1.0, -0.64720491332, 1.46537617793, 0.615258780178, 0.0363905829953, -1.0, 0.311134489346, -1.0, 1.0, 0.906541099993, 2.18581776423, 1.95683331858, 0.0, 0.167665510428, -1.0, 1.20412580478, 2.0, -1.0, 3.0, 0.210946900161, 94883.0, 513.0, 99517.0
1.37124967908, 3.0, 2.72402461681, -1.0, 1.00508900425, 2.0, 0.0, -1.0, -1.0, -1.0, 0.0, -1.0, 2.0, 1.0, 2.69279048709, 0.0, 2.61395922716, 1.97537553186, 0.0, 1.30719148367, 0.588581533051, 1.10965474236, 2.39192473728, -0.00719295127728, 0.0870968169393, 0.0, 2.96201145329, 0.0, 3.0, -0.56167482461, 2.0, 2.0, 2.28037589882, 1.30344094162, 2.82926265421, 1.0, -1.0, 2.5731630125, 1.0, -1.0, -0.335168826687, 3.0, 3.0, 1.0, 2.09500124692, 1.01641369353, -0.170212643922, -1.0, 1.72178553418, 2.0, 95276.0, 576.0, 99468.0
-0.210944846082, 0.0, 1.8344618351, -1.0, -1.0, 2.0, -0.363428245136, 3.0, 1.0, -1.0, -1.0, 2.0, 1.77840023675, 1.0, -0.0080615304559, -0.466438772047, 0.0, 1.0, -0.442015678, 0.0, 1.72702959585, -0.256012716071, 1.0, -0.00719295127728, 2.41279659401, 0.72560265387, 0.699816314251, 2.44619503996, 0.0, -0.996161649827, 2.0, 2.37438884912, 2.0, 3.0, 3.0, 0.456460286264, 2.0, -1.0, 1.9957788948, 1.99449683462, -0.504794233881, 1.88482749598, -1.0, -0.11754161301, 0.814632187597, 1.15718484454, -0.759831753884, 0.0, -1.0, 2.97649615641, 94998.0, 555.0, 99481.0
1.0, -0.0619855852343, 3.0, -1.0, -1.0, 0.174856982809, 2.41519733661, 0.515244280093, 2.82304739197, -1.0, 0.0, -0.471144914255, 2.0, 1.0, 0.195946127683, -0.448595955228, -0.911639557122, -0.0864956411581, -0.605506878279, 1.64820944249, 2.0, 0.31261402129, 1.0, -0.107436491112, 0.356116148421, 1.51031169688, -1.0, 3.0, 1.0, -1.0, 1.0, -1.0, 0.0, -0.372419253593, 2.0, 0.332069126091, 1.20074943833, 0.0, 1.18130078221, -1.0, -0.196578347067, 1.0, -1.0, 3.0, -1.0, 2.37126801668, 2.0, -1.0, 0.9122655769, 1.01304281099, 94916.0, 536.0, 99502.0
1.05767925863, 1.16113825326, 1.05323223153, 2.24895666426, -0.201758314163, 2.88245699525, 0.0, 1.0, 0.0, -1.0, 0.0, -0.980933811495, 0.116227272886, 2.0, 2.81425102726, 1.0, 2.0, 1.0, 2.0, 0.824619786522, 1.0, 0.0, 1.12079746898, 0.284644165356, -0.428869534003, 1.12281559634, 1.0, 0.0978772796927, -1.0, 1.17770658245, -1.0, -1.0, 2.0, 0.0, 1.40492076409, 0.622345207032, 2.0, 2.0, 1.32787335035, 0.634216668241, 3.0, 1.67463060224, 0.0, 0.0, -0.604776995949, 1.02513904447, 2.0, -1.0, 1.0, -0.176361833706, 94343.0, 604.0, 99457.0
-1.0, 1.0, 3.0, -1.0, -0.795629375057, -0.450183394548, 2.02090805311, -1.0, 1.89425519995, -0.602063842811, 1.29522799169, -1.0, 3.0, 0.0, -0.0228459712697, 1.49525638379, -0.397895088002, 0.0, -0.303315301544, -1.0, -1.0, 2.0, 1.12330838842, 0.0, 2.59359978327, 0.0, -1.0, 2.97554848017, 3.0, -1.0, 1.0, 1.0, 0.0, 2.51483606136, 2.4608620233, -1.0, 1.0, -1.0, 1.0, 0.575149810189, 2.0, 3.0, 0.0, 0.167665510428, -1.0, 1.46823946232, 2.0, -0.973366106858, 3.0, -0.125116624657, 95282.0, 509.0, 99512.0
-0.210944846082, 0.0, 1.8344618351, -0.797807781562, -1.0, 2.0, 0.0, 2.07220766122, 0.39549571129, 1.61699242405, -1.0, 2.0, 1.0, 1.0, -0.38734023726, 0.0, 0.0, 1.0, 1.0, 2.40865362697, 1.72702959585, -0.256012716071, 1.0, -0.00719295127728, 2.06614409213, 1.62219534424, 0.699816314251, 2.44619503996, 0.0, -1.0, 2.0, 2.0, 2.0, 3.0, 3.0, 0.431450407124, -1.0, -1.0, 3.0, 1.99449683462, 2.0, 3.0, -1.0, -0.11754161301, 2.47566827456, 0.0, 2.0, 0.0, -1.0, -0.200545381652, 94713.0, 595.0, 99456.0
1.0, 3.0, 1.46534420753, -1.0, 1.00508900425, 0.0409261182782, 0.0, 0.0, -1.0, -1.0, 0.0, 1.14502105945, 2.0, 1.0, 2.51951254317, 0.549286652844, 2.0, 2.0, -0.67564537098, -0.0900512333821, -1.0, 1.10965474236, 2.57168768962, 2.45973220371, 2.79280325581, -0.0170559323608, 3.0, 0.186411611222, 0.463165901894, 2.40248833375, 2.0, 1.74698523851, -1.0, -0.0575653171637, 2.7963370363, 1.0, -1.0, 0.819010728618, 0.103975551951, 1.30480594599, -0.335168826687, 3.0, 3.0, -0.0970955491515, 2.17128835826, 1.20412580478, -1.0, -1.0, -0.288023592936, 2.50671956784, 94944.0, 584.0, 99461.0
-1.0, 1.0, 2.0, 1.0, -0.562337960329, -0.546534066071, 0.0, -1.0, 2.0, -0.602063842811, 1.29522799169, -1.0, 3.0, 0.0, -1.0, 1.0, -0.318055335002, 0.0, 0.0, -0.0900512333821, -1.0, 2.0, 1.12330838842, 0.0, 1.0, 0.0, -0.467312350784, 2.0, 3.0, -1.0, 1.0, -0.64720491332, 1.46537617793, 0.615258780178, 0.0363905829953, -1.0, 0.311134489346, -1.0, 1.0, 0.906541099993, 2.18581776423, 1.95683331858, 0.0, 0.167665510428, -1.0, 1.20412580478, 2.0, -1.0, 3.0, 0.210946900161, 95056.0, 501.0, 99528.0
-1.0, -1.0, 2.53529884202, 0.74176007673, -1.0, 0.0, -1.0, -1.0, 0.0, -1.0, 0.0, 1.0, 2.0, 2.0, -1.0, 1.59716567652, -0.203215092052, -0.164667323861, 2.0, -1.0, 0.403615710682, 0.0, 2.0, 0.912764648046, 3.0, 2.15819066302, 2.71012595181, -1.0, 3.0, -0.85464554925, 1.99406125657, -1.0, 3.0, 1.0, 0.14137515162, 2.20983723805, -1.0, -0.956821697191, 0.788176260557, -1.0, 2.8095469848, 1.0, 0.162295323125, -1.0, -0.5229436156, -0.871298235789, 2.0, -1.0, -1.0, -0.637346021297, 96554.0, 410.0, 99620.0
1.0, -0.373200876921, 1.46534420753, -1.0, 1.00508900425, 2.0, -0.0428036825405, 0.0, -1.0, -1.0, 0.00418898973892, 1.14502105945, 2.0, 1.0, 2.51951254317, 0.0, 2.0, 2.0, 0.0, 2.40865362697, -1.0, 1.10965474236, 3.0, 2.0, 2.79280325581, -0.0170559323608, 3.0, 0.0, 3.0, 0.0, 2.25375311206, 2.0, -1.0, 0.0, 2.0, 1.0, -1.0, 0.819010728618, 1.0, -1.0, -0.335168826687, -0.296625394744, 3.0, 0.964205254263, 2.09500124692, 0.35328793684, 0.757689754013, -1.0, 2.04261092806, 2.50671956784, 94897.0, 597.0, 99454.0
-0.210944846082, 1.0, 1.8344618351, -1.0, -1.0, 2.0, 0.0, 3.0, 0.39549571129, -0.508488413754, -1.0, 2.0, 1.0, 1.0, -0.0080615304559, 0.0, 0.0, 1.0, 1.0, 0.0, 1.72702959585, -0.256012716071, 1.0, 1.47233835834, 2.06614409213, 1.62219534424, 0.699816314251, 2.44619503996, 0.0, -1.0, 2.11827973367, 2.0, -0.504735345532, 3.0, 1.41167586074, 0.431450407124, 2.0, -1.0, 3.0, 1.99449683462, 2.0, 3.0, -0.543193614701, -0.11754161301, 2.34034946381, 0.0, 2.0, 0.0, -1.0, -0.200545381652, 94840.0, 580.0, 99467.0
1.0, 1.1867087161, 0.400769039975, -1.0, -0.238502476661, 1.6264247759, 3.0, 2.48570651512, 2.97674454329, -1.0, 1.19957737445, -1.0, 0.706078547012, -0.0559483959402, 0.736053346463, 1.0, -0.318055335002, -0.139325225283, 1.0, -0.395795628983, -0.564355154876, 1.37286793017, 1.0, 3.0, -0.140715398672, 0.676839823311, 2.64883679152, 0.0, 1.0, -0.627996026585, 1.0, -1.0, 0.0, 0.0955729518089, 2.0, 2.89613961381, 2.72087503433, 0.0329911831709, 2.89561919815, -1.0, 1.0, 1.17119309027, -1.0, 3.0, 2.51064384443, 0.0, -0.89450027867, -1.0, 0.603120648525, 1.22586761211, 94953.0, 552.0, 99482.0
-0.1141522969, 2.17476911742, 3.0, -1.0, -0.564366460761, 1.0, 0.471424881279, 2.08138883548, 2.46816541047, -1.0, 0.0, -1.0, 1.10892482282, 0.0, -0.0262877521944, -0.448595955228, 0.994276542056, 0.0, -0.982281252617, 2.82366198555, 2.0, 0.31261402129, 1.0, -0.107436491112, 0.356116148421, 0.987490747113, 2.69633803682, 1.78921691184, -0.274176439518, -1.0, 1.91842455501, -1.0, 0.0, 0.269258755182, 2.0, 0.50511030402, 2.39756338138, -0.435639740265, 0.375634047987, -1.0, 2.79660405689, 0.160584077759, 0.660928301624, 3.0, 1.1806008573, 0.0, -1.0, -1.0, 0.9122655769, 0.0, 94578.0, 558.0, 99482.0
-0.158767519781, -0.259548421857, 2.85000307679, -0.437518507886, -0.478888798663, 0.0301418088643, 0.0, 0.0, -0.551295990916, -1.0, 3.0, -0.135880924504, 0.427698248552, 1.37779744263, -0.332054726674, 1.10366250602, 1.0, 2.53905593955, -1.0, 0.0, -0.578234308955, 0.993961797687, 0.0, 0.0, 0.842546322749, 3.0, 3.0, 1.0, 2.0, -1.0, 0.814131592473, 3.0, 1.66267218243, 3.0, 2.0, 1.45597458828, 1.28985131255, 2.05887384352, 2.86389118392, -0.403240812728, 3.0, 2.9840725455, 0.0, 1.0, -1.0, 0.284885548292, 2.0, 2.06641993479, 1.53979061474, -0.311946164242, 94304.0, 636.0, 99430.0
-0.210944846082, 0.0, 1.8344618351, -0.797807781562, -1.0, 2.0, 0.0, 2.07220766122, 0.39549571129, 1.61699242405, -1.0, 2.0, 1.0, 0.179608263713, -0.38734023726, 0.0, 0.0, 1.0, 1.0, 2.40865362697, 1.72702959585, -0.256012716071, 0.300498265095, -0.00719295127728, 2.06614409213, 1.62219534424, 0.699816314251, 2.44619503996, 0.0, -1.0, 2.0, 2.0, 2.0, 3.0, 3.0, 0.431450407124, -1.0, -1.0, 3.0, 1.99449683462, 2.0, 3.0, -1.0, -0.11754161301, 2.47566827456, 0.0, 2.0, 0.0, -0.246983130862, 1.51309767234, 94637.0, 607.0, 99449.0
1.0, 2.0, 3.0, -1.0, -1.0, 0.906376007014, 2.41519733661, 0.515244280093, 2.82128456802, -1.0, 0.0, -1.0, 2.33556428396, 0.0, 0.195946127683, -0.448595955228, -0.911639557122, -0.0864956411581, -0.605506878279, 0.722416038951, 2.0, 0.31261402129, 1.0, -0.107436491112, 0.356116148421, 1.31941543795, -1.0, 3.0, 1.0, -1.0, 1.0, -1.0, 0.0, -0.305386169179, 2.0, 2.63613680325, 1.20074943833, 0.0, 1.18130078221, -1.0, -0.196578347067, 1.0, -1.0, 3.0, -1.0, 1.71506408484, 2.0, -1.0, 1.02634618902, 0.0, 95069.0, 522.0, 99511.0
1.0, 2.0, 3.0, -1.0, 1.00508900425, 0.906376007014, 2.41519733661, 0.515244280093, 2.0, -1.0, 0.0, -1.0, 2.0, 0.0, -0.132918570651, -0.448595955228, -0.68989424841, 0.0, 1.0, 0.722416038951, 2.0, 0.31261402129, 1.0, -0.705521312942, 0.356116148421, 0.496806081365, -1.0, 3.0, 1.0, -1.0, 1.0, -1.0, 1.25862237426, -0.305386169179, 2.0, 2.90292069556, 0.931440128472, -0.0852328994855, 1.18130078221, -1.0, -0.196578347067, -0.471986816858, -0.904107511077, -0.171195247409, -1.0, 0.0, 2.0, -1.0, 0.9122655769, 0.0, 94852.0, 530.0, 99510.0
-1.0, -1.0, 2.53529884202, 0.74176007673, -1.0, 0.0, -1.0, -1.0, 0.0, -1.0, 0.0, 1.0, 2.0, 2.0, -1.0, 1.59716567652, -0.203215092052, -0.164667323861, 2.0, -1.0, 0.403615710682, 0.0, 2.0, 0.912764648046, 3.0, 2.15819066302, 2.71012595181, -1.0, 3.0, -0.85464554925, 1.99406125657, -1.0, 3.0, 1.0, 0.14137515162, 2.20983723805, -1.0, -0.956821697191, 0.788176260557, -1.0, 2.8095469848, 1.0, 0.162295323125, -1.0, -0.5229436156, -0.871298235789, 2.0, -1.0, -1.0, -0.637346021297, 96554.0, 410.0, 99620.0
1.0, 2.0, 1.8344618351, -1.0, -1.0, 1.0, 3.0, 2.08138883548, 2.46816541047, -1.0, -0.959133593015, 0.384917788192, 2.74175661712, 1.07424270955, -0.013293707009, -0.448595955228, 0.214442984877, 0.0, 1.0, -0.172812063057, -0.564283921337, 0.31261402129, 0.812994292294, -0.107436491112, 0.356116148421, -0.366599445115, 2.53747547146, 0.0, -0.0817600440557, 1.22529933122, 1.0, -1.0, 0.0, -0.563942915027, 2.0094149132, 2.62235504245, -1.0, 0.0, 1.18130078221, 0.750829837229, 1.39429718832, 3.0, 0.660928301624, 3.0, 2.81090196163, -0.557125882051, 2.31164833524, -1.0, 0.462911047115, 0.0, 94711.0, 557.0, 99484.0
