1.0, -1.0, -1.0, -0.825586404111, 1.0, -1.0, 2.43473194588, -1.0, -1.0, 1.19008548317, 2.0, 1.26397954848, 1.0, -0.507832953231, -0.222432143907, 2.0, 1.0, -0.939902067003, -1.0, 0.0, 2.0, -1.0, 0.0, 2.0, -1.0, 3.0, -1.0, -1.0, -1.0, -0.980463760519, -1.0, -0.571877081143, 2.0, 2.0, -1.0, 0.0, 1.3477150728, 3.0, 1.03187739371, -1.0, 3.0, -1.0, -0.171102386806, 0.0, 1.0, 0.640696277066, -1.0, -1.0, -0.514389772953, -1.0, 96112.0, 378.0, 99680.0
1.0, -1.0, -1.0, -0.825586404111, 1.0, -1.0, 2.43473194588, -1.0, -1.0, 1.19008548317, 2.0, 1.26397954848, 1.0, -0.507832953231, -0.222432143907, 2.0, 1.0, -0.976160704383, -1.0, 0.0, 2.0, -1.0, 0.0, 2.0, -1.0, 3.0, -1.0, -1.0, -1.0, -0.980463760519, -1.0, -0.571877081143, 2.0, 2.0, -1.0, 0.0, 1.3477150728, 3.0, 1.03187739371, -1.0, 3.0, -1.0, -0.171102386806, 0.0, 1.0, 0.640696277066, -1.0, -1.0, -0.514389772953, -1.0, 96112.0, 378.0, 99680.0
-0.196551730908, 1.56244145299, -0.224476532666, -0.41277957359, 0.425675512835, 3.0, 0.0, 2.05840343238, -0.0309802388471, 2.67104668495, -0.202008080198, 2.51043092881, 2.43510216972, 2.61910390557, 1.83902055992, 2.0, 0.922528821111, 2.0, -1.0, 2.0, 3.0, 2.0, -0.105863473588, 3.0, 0.361898083872, 1.45239464791, 0.0, 0.107655935254, 2.26110729016, -0.313068458639, 3.0, 1.0, 3.0, 0.45655654281, 1.0, 0.0, 2.56816019667, 0.0, 0.5931431568, 0.0, 0.835991519674, 0.0, 0.304936988397, 1.0, -0.134724165286, 0.0, -1.0, 0.593158636554, 1.0, -0.0198146797805, 92862.0, 691.0, 99425.0
-1.0, 2.0, 2.28040678258, -0.813428456103, 3.0, 2.61920705452, 2.99568841679, 2.0, -1.0, -0.937571888062, -1.0, 1.26397954848, -1.0, 1.0, 1.0, 3.0, 3.0, -0.793583729404, -0.951543029819, 1.30511649843, 2.36683756707, 2.0, 2.41594462904, 0.0, 0.0432735504699, -0.669116755768, 1.0, 2.0, -1.0, 0.0, -1.0, -0.746705817788, 2.0, 0.0, -1.0, 0.0, 3.0, 0.0, -1.0, 1.0, -0.809038342745, -1.0, 3.0, 2.1773403316, 3.0, -1.0, -0.613648661117, 1.04435239807, -1.0, -1.0, 96144.0, 424.0, 99632.0
1.0, -1.0, -1.0, -0.825586404111, 1.0, -1.0, 2.0, -1.0, -1.0, 1.19008548317, 2.0, -0.449264909309, 1.0, -0.507832953231, 0.834712726965, 2.0, 1.0, -0.939902067003, 0.0, 0.0, 2.0, -1.0, 0.0, 2.0, -1.0, 3.0, -1.0, -1.0, -1.0, -0.980463760519, -1.0, -0.571877081143, 2.0, 2.0, -1.0, 1.69026374105, -1.0, 3.0, 1.03187739371, -1.0, 3.0, -1.0, -0.171102386806, 0.0, 1.0, 0.640696277066, -1.0, -1.0, 0.462953444519, -1.0, 95939.0, 398.0, 99669.0
-0.788136496098, -1.0, 0.0158226974052, -0.665510236565, -0.652202893596, -0.766783557399, 1.40254641556, -0.881766368369, -0.662367378244, 1.0, 0.332086598715, 1.0, -0.933487183083, 2.97508019755, -0.552812740746, 2.0, 1.0, -1.0, -0.701548922525, 0.0, 2.0, -1.0, 0.0, 2.0, -1.0, 3.0, -1.0, 1.49368887732, -1.0, 0.0, -1.0, 2.33121928126, 2.0, 2.0, -1.0, -0.223230750281, -1.0, 3.0, 2.05982427064, 1.73703963861, 3.0, 0.114553141877, 1.73616438952, 0.0, 1.30162420018, -0.289759078189, -1.0, -0.518701143152, 1.7536101541, -0.557231051327, 95777.0, 408.0, 99650.0
1.71169717399, 1.0, 1.0, 0.0, 2.0, 2.0, -0.435054576892, 2.0, 1.0, 3.0, -1.0, 0.147348240442, 2.0, 1.0, 3.0, 2.34843930079, 3.0, 0.0, 2.56645737783, 1.0, 3.0, 0.740317748951, 1.0, 0.587683917381, 0.0, 2.66166033093, 1.20248131684, -1.0, 0.819221311265, 3.0, 2.09444482645, -0.0591678549024, 2.0, 3.0, -0.528567382914, 0.0, 2.0, 3.0, 1.1079655546, 1.19703178261, 0.0, -0.00242432945589, -0.275193639948, 3.0, 0.0, 2.48232979966, 0.391954518141, 2.0, 0.0, 2.55241630649, 93609.0, 677.0, 99437.0
1.73135361851, 2.0, 2.54939610488, -0.199554513165, 0.611442200504, 3.0, 0.640473185521, 0.995723228906, -1.0, 2.72066110539, -1.0, -0.41705759149, 0.403218985492, 1.80371973745, -0.419702721064, 2.0, 0.0, 2.36149983716, -0.46849487845, 2.0, 0.400112167339, 2.0, 0.0, 1.0, 0.0, 0.926789286504, -0.998264912882, 2.15412748356, 3.0, 0.0, -0.897484657552, 0.199231221901, 1.07209488018, -0.129270602385, -0.35976814043, 0.0, 1.47614994585, 1.83025978957, 2.0, 0.614188244439, 0.943680413721, 2.09743965064, 1.62605759633, 0.0, 0.0, 0.416861803253, 3.0, -0.881368428078, 0.946897276907, 2.25528041823, 93114.0, 646.0, 99453.0
-1.0, 2.0, 2.54939610488, -0.199554513165, 0.611442200504, 3.0, 0.0, 0.995723228906, -1.0, 2.72066110539, -1.0, -0.41705759149, 0.403218985492, 1.0, 2.17569245353, 2.0, 0.0, 2.36149983716, -0.46849487845, 2.0, 1.99428537964, 2.0, 0.0, 1.0, 0.0, 0.926789286504, -0.99757634303, 2.15412748356, 3.0, 0.0, -0.551818538437, 0.199231221901, 1.07209488018, 2.04874989289, -0.35976814043, 0.0, 1.47614994585, 1.83025978957, 2.0, 0.614188244439, 0.943680413721, 2.09743965064, 1.06011909058, 0.0, 0.0, 0.416861803253, 3.0, -0.881368428078, 0.946897276907, 2.75231327558, 93380.0, 628.0, 99463.0
-0.788136496098, -1.0, -0.25899612545, 0.0, 1.0, -1.0, 2.0, -1.0, 0.173527546873, 0.454543042535, 2.0, -0.169563875005, -0.219614360434, 0.0388401384333, 2.27387413503, 2.0, 1.0, -1.0, 0.0, 0.0, -1.0, -1.0, 0.182351686167, 2.0, -1.0, 3.0, -1.0, -0.522997349983, -1.0, 0.0, -1.0, 0.167222226856, 2.0, 2.0, -1.0, 3.0, 0.0, 0.0, 2.0, -1.0, 2.32375427409, -1.0, 0.0, 1.17334038574, 1.0, 1.0, -1.0, 0.00663308012535, 3.0, -1.0, 94921.0, 468.0, 99609.0
0.0, 1.55260845753, 3.0, 0.0, 0.536102147693, -0.291792293317, -1.0, 0.0, 0.0, 1.28019218332, 3.0, -0.0126518371043, -1.0, -1.0, 1.00572139747, 2.71469825482, 3.0, -0.0246160786939, 2.0, -1.0, -0.0365980405585, 2.0, 0.833474570262, 2.0, 0.706843131673, 0.0926221982871, 1.95041195063, 1.0, -0.538071332284, 1.0, 0.0, 0.930126045937, 1.0, 0.0, 3.0, 2.0, 2.0, 1.83025978957, 2.33792507912, 0.0618206126303, 2.86493652863, 2.95378651464, 3.0, -0.0176841171583, 0.0, 1.0, 2.0, -0.336404728296, 0.0, -0.461107416033, 93123.0, 663.0, 99438.0
0.0, 1.55260845753, 3.0, 0.0, 0.536102147693, -0.291792293317, -1.0, 0.0, -1.0, 1.28019218332, 3.0, -0.0126518371043, -1.0, -1.0, 1.00572139747, 2.71469825482, 3.0, -0.0246160786939, 2.0, -1.0, -1.0, 2.0, 0.833474570262, 2.0, 0.706843131673, 0.0926221982871, -1.0, 1.0, -0.538071332284, -0.270907274941, 0.0, 0.930126045937, 1.0, 0.0, 3.0, 2.0, 2.0, 1.83025978957, 2.33792507912, 0.0618206126303, 1.06944546305, 2.61004643404, 3.0, -0.296956934512, 0.0, 1.0, 2.0, -0.336404728296, 0.0, -0.461107416033, 93358.0, 614.0, 99469.0
-1.0, -1.0, -1.0, 1.0, 1.0, -1.0, -1.0, 0.0, -0.676426552961, 1.0, 1.0, 1.57356646199, -0.246532860239, 0.0, 0.0, -1.0, 1.0, -0.488503765882, -0.495650893875, -0.535041440311, -0.656082503964, 0.0, 0.0, -0.504165876332, 3.0, -1.0, -1.0, 2.0, -0.614741577684, 1.32138180161, 3.0, 0.547553430846, 1.0, 0.45655654281, -0.736476882474, 3.0, -0.290360184401, 0.0, 0.600016450118, -1.0, 1.05176023922, -1.0, 1.0, 2.0, 3.0, -0.295524677588, -0.927821301744, 2.04401545877, 2.14576606752, 3.0, 94709.0, 473.0, 99573.0
1.0, -1.0, 0.77952011596, -0.825586404111, 1.0, -1.0, 2.0, -1.0, -1.0, 1.19008548317, 2.0, -0.449264909309, 2.46727782952, -0.507832953231, 0.834712726965, 2.0, 1.0, -0.939902067003, 0.0, 0.0, 2.0, -1.0, -0.0237422681433, 2.0, -1.0, 3.0, -1.0, -1.0, -1.0, -0.980463760519, -1.0, 0.102040336564, 2.0, 2.0, -1.0, 1.69026374105, -1.0, 3.0, 1.03187739371, -1.0, 1.71823057584, -1.0, -0.171102386806, 0.0, 1.0, 2.28110853772, -1.0, -1.0, 0.462953444519, -1.0, 95636.0, 421.0, 99648.0
-1.0, 2.0, 2.28040678258, -0.813428456103, 3.0, 2.61920705452, 2.99568841679, 2.0, 0.0377237489318, -0.937571888062, -1.0, 1.26397954848, -1.0, 1.0, 1.0, 3.0, 3.0, -0.793583729404, -0.951543029819, 1.30511649843, 2.36683756707, 2.0, 2.41594462904, 0.0, 0.0432735504699, -0.669116755768, 1.0, 2.0, -1.0, 0.0, -1.0, -0.746705817788, 2.0, 0.0, -1.0, 0.0, 3.0, 0.0, -1.0, 1.0, -0.809038342745, -1.0, 3.0, 2.1773403316, 3.0, -1.0, -0.613648661117, 1.04435239807, -1.0, -1.0, 95982.0, 442.0, 99620.0
0.0, 3.0, 3.0, 0.0, 0.714044687696, 0.0, -0.422289861232, 0.0, 0.0, 1.0, 3.0, -0.0126518371043, -1.0, -1.0, 1.0, -0.440600227784, 3.0, 1.0, -0.411226843758, -1.0, 2.29658183859, 0.347189887525, -1.0, 2.0, 2.41816583395, 0.0926221982871, -1.0, 1.0, 1.0, 1.0, 0.745230784159, 0.930126045937, 0.861303997813, 0.0, 3.0, 2.0, 2.0, 1.83025978957, 2.0, 0.0618206126303, 0.906217917678, 3.0, 3.0, 2.38565306435, 0.0, 1.0, 2.0, -0.455137892031, -0.519403715516, -0.461107416033, 93340.0, 640.0, 99458.0
0.144454355723, 3.0, -0.0305075999297, 0.895865244068, 1.99964019507, 1.31770178449, -1.0, 0.0, 0.663160501105, 1.0, 3.0, 2.0, 1.62261802404, -1.0, 0.84562194746, 2.0, 3.0, 1.0, 2.98870327112, -1.0, -1.0, 2.0, 0.0, 2.0, 3.0, 3.0, 0.0868671674757, 2.06028899785, 1.0, 0.390174487074, 1.7243651659, 1.0, 0.356896502922, -0.195496108451, 3.0, 2.74550267421, 2.79604141223, 0.0794104919355, 2.74380087179, 3.0, 2.0, 0.565654426751, 3.0, -0.343561343626, 1.0, 1.0, 2.0, 1.0, 0.0506301877678, -0.902307470383, 93828.0, 655.0, 99449.0
1.41166701207, 3.0, 3.0, 1.0, 3.0, 0.396029553418, -1.0, 0.0, -0.113144815644, 1.0, 3.0, -0.0126518371043, -1.0, -1.0, 1.0, 2.0, -0.256410774487, 1.0, -0.115821582485, -1.0, -1.0, 1.65318455658, 2.78871804846, -0.450383928833, 2.41816583395, 3.0, 1.18791720814, -0.15328779878, 1.0, 1.0, 0.0, 0.930126045937, 1.0, 0.0, 3.0, 2.0, 2.0, 1.45725005338, 2.0, 3.0, 2.86493652863, 3.0, 3.0, 1.0, 1.0, 1.0, 2.0, 0.851570422434, 0.0, -0.461107416033, 93435.0, 657.0, 99442.0
-0.788136496098, -1.0, -0.25899612545, -0.37262985629, 0.589742303175, -1.0, 2.0, -1.0, 0.173527546873, 1.0, -1.0, -0.577508800224, 1.0, 1.07416598863, 0.0, 2.0, 1.0, -1.0, -1.0, 0.0, 2.38453195672, -1.0, -0.673074319639, 1.47612826634, -1.0, 3.0, -1.0, 0.795820749724, -1.0, 0.0, -0.795134016343, 0.994516396419, 2.0, 2.64090411626, -1.0, 3.0, -1.0, 0.903165811308, 2.0, 0.240047788495, 3.0, -1.0, 0.0, -0.423561369417, 1.16492313581, 1.0, -1.0, 0.00663308012535, 3.0, -1.0, 95550.0, 428.0, 99638.0
1.41166701207, 2.04871158225, -1.0, 1.93689046595, 1.42565529622, 0.0276784958762, -1.0, 2.63519233163, -0.987192097279, 1.0, 1.0, 2.0, -0.966866601685, 0.0, 0.173424808374, -1.0, 0.418380888107, 0.0, -0.56577703335, 0.152973995247, -1.0, 0.0, 1.36234325596, 1.24050753246, 3.0, -1.0, -0.780314626029, -0.15328779878, 2.0, 0.0, 0.512100284936, 0.0, -0.446666884152, -1.0, -0.579672330426, -1.0, 0.0, -0.600460272749, 1.22667335343, -0.802987684544, 1.0, 1.0, 1.0, 2.0, 3.0, 1.05414572748, -0.677284971899, 2.98560472743, 2.0, 3.0, 94367.0, 513.0, 99546.0
-1.0, -1.0, -1.0, 1.0, 1.0, -1.0, -1.0, 0.0, 0.0, 1.0, 1.65536765908, 1.57356646199, 0.174112674516, 0.0, 0.0, -1.0, 1.0, -0.488503765882, -0.495650893875, -0.535041440311, -0.656082503964, 0.0, 0.0, -0.504165876332, 3.0, -1.0, -1.0, 2.0, -0.614741577684, 1.32138180161, 2.66895616342, 0.547553430846, 1.0, 0.45655654281, -0.797157274825, -1.0, -0.290360184401, 0.0, 0.600016450118, -1.0, 1.05176023922, -1.0, 1.0, -0.296956934512, 3.0, 2.1633953878, -0.792980232216, 3.0, 2.14576606752, 3.0, 94644.0, 480.0, 99571.0
0.692803066735, 0.587739837864, 2.0, 0.0, 1.0, 0.0, 1.0, 2.0460015998, -0.339189545099, 0.0, -1.0, 1.0, -1.0, 0.0, 1.0, 0.939989404206, -0.084700033587, 2.0, 0.332994381705, -1.0, 1.0, 2.0, 0.0, -0.329717539914, 1.13753998166, 1.79657183576, -0.814176179172, 2.0, -0.466017135538, 2.0, -1.0, 2.52589090483, 2.0, 3.0, -1.0, -0.499301552739, 2.0, 3.0, 2.0, 1.0, 0.792802305916, 2.0, 0.355019887568, 2.17370422098, 0.0, 2.54191044128, 3.0, -1.0, -0.918358207517, 1.47181049298, 93766.0, 600.0, 99474.0
1.41166701207, 2.04871158225, -1.0, 1.93689046595, 0.442800007584, -1.0, -1.0, 1.44347004292, -0.987192097279, 1.0, 1.0, 2.4472025409, -0.668781286558, 0.0, 0.173424808374, -1.0, -0.977897350459, -0.544827356442, 0.0192218414104, 0.0, -1.0, 0.0, 1.36234325596, 1.0, 3.0, -1.0, -1.0, -0.15328779878, 2.0, 0.0, 3.0, 0.0, 2.0, -1.0, -1.0, -1.0, 0.0, 0.0, -1.0, -1.0, -0.832691473336, 1.0, 1.0, 2.54205650909, 0.834911325493, 2.0, -0.677284971899, 2.98560472743, 2.0, 3.0, 95056.0, 472.0, 99592.0
-1.0, 2.0, 0.675694939518, -1.0, 3.0, -0.065279804565, 1.0, -0.748850929573, 0.0, 2.0, -1.0, 2.61987711286, 2.0, -1.0, 1.0, 1.0, 2.0, 0.0, 1.0, -1.0, 0.166621608358, 0.0, 0.0, 2.0, 1.0, 2.0, -1.0, 2.0, -1.0, 3.0, 0.0728553606274, 1.0, 0.0, 2.4351755143, 0.919006574857, -1.0, 0.485918414249, 0.126256874164, 0.0, 1.0, 1.29631781765, 1.0, 1.33228090332, -0.267382821678, 2.0, 3.0, -1.0, 2.0, 0.0, 0.0, 93668.0, 585.0, 99489.0
-0.788136496098, -1.0, 0.0158226974052, -0.665510236565, -0.652202893596, -1.0, 1.40254641556, -0.881766368369, -0.662367378244, 1.0, 2.0, 1.0, -0.933487183083, 2.0, 0.0, 2.0, 1.0, -1.0, -0.701548922525, 0.0, 2.0, -1.0, 0.0, 2.0, -1.0, 3.0, -1.0, 1.49368887732, -1.0, 0.0, -1.0, 1.0, 2.0, 2.0, -1.0, 0.329861738688, -1.0, 3.0, 2.0, 1.73703963861, 3.0, 0.114553141877, 0.0, 0.0, 1.0, 1.0, -1.0, 0.00663308012535, 1.7536101541, -0.557231051327, 95406.0, 434.0, 99633.0
-0.788136496098, -1.0, -0.25899612545, 0.0, 1.0, 0.408033168395, 2.0, -1.0, 0.173527546873, 0.454543042535, 2.0, -0.169563875005, -0.219614360434, 0.0388401384333, 2.27387413503, 2.0, 1.0, -1.0, 0.0, 0.0, 0.12628565192, -1.0, 0.182351686167, 2.0, -1.0, 3.0, -1.0, -0.522997349983, -1.0, 0.0, -1.0, 0.167222226856, 2.0, 2.0, -1.0, 3.0, 0.0, 0.0, 2.0, -1.0, 2.32375427409, -1.0, 0.0, 1.17334038574, 0.66569197858, 1.0, -1.0, 0.00663308012535, 3.0, -1.0, 94509.0, 504.0, 99581.0
-0.788136496098, -1.0, -0.372585221094, -0.37262985629, 0.544505335145, -1.0, 2.0, -1.0, 0.173527546873, 1.0, -1.0, -0.577508800224, 1.0, 2.0, 0.0, 2.0, 1.0, -1.0, 0.0, 0.0, 2.38453195672, -1.0, -0.673074319639, 1.47612826634, -1.0, 3.0, -1.0, -0.522997349983, -1.0, 0.0, -0.795134016343, 0.167222226856, 0.737535389403, 2.64090411626, -1.0, 1.37428744681, -1.0, 0.903165811308, 2.0, 0.240047788495, 0.721127853538, -1.0, 0.0, -0.423561369417, 1.16492313581, 1.0, -1.0, 0.00663308012535, 3.0, 0.385743675313, 95093.0, 446.0, 99629.0
-1.0, -0.633853060285, 2.21636026134, 0.0, 1.0, -1.0, -1.0, 0.0, 0.0, 1.0, 1.0, 1.57356646199, 0.0, -0.140021709323, 0.0, -1.0, 1.0, 0.0, -0.252723626141, 0.435049594791, -0.656082503964, 0.0, 0.0, 3.0, 3.0, -1.0, 0.496000240774, 2.0, -0.614741577684, 1.32138180161, 3.0, 0.547553430846, 1.2752868179, 0.45655654281, -1.0, -1.0, -0.290360184401, 1.6062113535, 0.600016450118, -1.0, 1.28716477861, 0.2590667984, 1.0, 2.0, 3.0, 1.99584521265, -0.792980232216, 3.0, 1.13021869298, 3.0, 94211.0, 543.0, 99524.0
-0.634956465387, 0.253393800097, -0.26529532215, 2.0, 1.0, 1.73061093877, 2.6636792905, 0.0, 2.14462877039, 2.80392621289, -1.0, 2.0, -1.0, -1.0, 2.0, -1.0, 3.0, 0.0, 0.0, 1.0, 1.0, 0.594446805768, 0.0, 2.16574103059, -1.0, 3.0, -1.0, 0.0, 1.0, 0.0, 2.7062286032, 0.167222226856, 2.24677942469, 1.0, -1.0, -1.0, 0.130314257721, 0.361586206183, -1.0, -1.0, 1.58281102692, -1.0, 0.0, 0.0, 2.0, 1.0, -1.0, 0.717200323552, 1.0, 3.0, 94191.0, 533.0, 99526.0
0.0, 3.0, 3.0, 1.0, 3.0, 0.396029553418, -1.0, 0.0, -0.113144815644, 1.0, 3.0, -0.0126518371043, -1.0, -1.0, 1.0, 2.0, -0.256410774487, 1.0, -0.115821582485, -1.0, -1.0, 1.65318455658, 2.78871804846, -0.450383928833, 2.41816583395, 3.0, -0.794064079891, 1.0, 1.0, 1.0, 0.0, 0.930126045937, 1.0, 0.0, 3.0, 2.0, 2.0, 1.45725005338, 2.0, 3.0, 2.86493652863, 3.0, 3.0, 1.0, 1.0, 1.0, 2.0, 0.851570422434, 0.0, -0.461107416033, 93545.0, 645.0, 99450.0
-0.634956465387, 0.253393800097, -0.26529532215, 2.0, 1.0, 1.73061093877, 2.6636792905, 0.0, 2.14462877039, 2.80392621289, -1.0, 2.0, -1.0, -1.0, 2.0, -1.0, 3.0, 0.0, 0.0, 1.0, 1.0, 0.594446805768, 0.0, -1.0, -1.0, 3.0, -1.0, 0.0, 1.0, 0.0, 2.7062286032, 0.167222226856, 2.24677942469, 1.0, -1.0, -1.0, 0.130314257721, 0.361586206183, -1.0, 0.0, 1.58281102692, 0.0, 0.0, 0.0, 2.0, 1.0, -0.757039938824, 0.717200323552, 1.0, 3.0, 93987.0, 549.0, 99519.0
-1.0, -1.0, -1.0, 0.0, 1.0, -1.0, -1.0, 0.0, 0.0, 1.0, 1.0, 1.57356646199, -0.616908832455, -0.140021709323, 0.0, -1.0, 1.0, 0.0, -0.495650893875, 0.435049594791, -0.656082503964, 0.0, 0.0, -0.732878311036, 3.0, -1.0, -1.0, 2.0, -0.614741577684, 1.32138180161, 1.2720085132, 0.547553430846, 1.0, 0.45655654281, -0.736476882474, -1.0, -0.290360184401, 0.0, 0.600016450118, -1.0, 1.05176023922, -1.0, 1.0, 2.0, 3.0, 2.1633953878, -0.792980232216, 3.0, 1.13021869298, 3.0, 94601.0, 483.0, 99572.0
1.0, -1.0, 0.564323175858, -0.207126581379, 1.0, -0.991220675633, 1.44663933383, -0.983042864094, -1.0, 0.0818148744958, 1.8290832581, 1.52575456511, 1.0, 2.0, 0.0, 0.95503176942, 1.0, -1.0, 0.0, -1.0, 2.0, 0.748699028329, 1.11503835103, 2.8146037003, 1.0, 3.0, -1.0, -1.0, -1.0, -0.980463760519, 1.54650253336, 1.0, 2.0, 2.0, -1.0, 0.0, -0.0912118933789, 0.572250103241, 2.0, -1.0, 1.08249244754, -0.163311425036, 0.0, 0.0, 1.0, 1.0, -1.0, -1.0, 0.0139581758764, 0.0, 94219.0, 520.0, 99554.0
-1.0, -1.0, 2.0, 0.0, 3.0, 2.73118928015, 2.18881053055, 0.693916068878, 3.0, -0.902057767185, -1.0, 1.0, -1.0, 2.02380044952, 1.0, 1.76947947363, 1.0, 1.0, -0.951543029819, 0.0, 3.0, 0.708961950142, 0.0, 1.34428971236, -0.265271134571, -0.669116755768, 1.0, -0.0517697178075, -1.0, 0.0, -1.0, -0.345259973803, 1.0, 0.0, -1.0, 1.11907365502, 3.0, 0.0, -1.0, 1.27259386996, 3.0, -0.620282552765, 3.0, 1.8409807348, 3.0, -1.0, -0.578020288411, 2.76880149677, -1.0, -1.0, 95188.0, 471.0, 99578.0
-1.0, -1.0, 1.10492206039, 1.29572035152, 2.0, 0.0, 0.0, -0.386683314686, -0.401218431525, 3.0, -1.0, 0.0, 1.0, -1.0, 3.0, 2.0, 2.0, 1.0, -1.0, 1.67189279947, 1.03633880809, -0.162914261556, 0.0, 3.0, 2.0, 1.0, -1.0, 1.0, -1.0, -1.0, 0.0, 3.0, -1.0, 2.0, 0.0, 0.0, 0.0, -0.252304424647, 1.0, 3.0, 1.0, 2.0, 0.355019887568, 2.0, 0.0, 0.0, 0.0, 1.9661173381, 2.0, -1.0, 93807.0, 581.0, 99507.0
1.0, -1.0, -1.0, 0.0, 1.0, -1.0, 2.0, 2.12060400693, -1.0, 1.10464139501, -0.632152700119, 2.36662079355, 1.0, 2.0, 0.0, 2.0, 1.0, -1.0, 0.0, -0.595606284244, 2.03212945308, 0.0, 0.0, 2.0, -1.0, 3.0, 0.957403451641, -1.0, -0.153750332683, -0.980463760519, -1.0, 2.46232546365, 2.0, 2.0, -1.0, 3.0, -1.0, 3.0, 2.0, -1.0, 1.58640747787, -1.0, 0.0, -0.296956934512, 1.0, 1.0, -1.0, -1.0, 0.462953444519, 0.0, 95060.0, 467.0, 99596.0
0.67496526845, 2.0, -0.453342101194, -0.265921564491, 3.0, -1.0, -1.0, 2.0, -1.0, 1.0, -0.643415569049, -1.0, 0.563287915502, -0.975921099199, 1.0, 0.0, 3.0, 2.0, -0.6385383066, 0.0, -1.0, 3.0, 1.0, 1.0, 0.0, 1.0, 0.957403451641, 2.63867893038, -0.859049072874, -1.0, -1.0, 1.73130249533, 2.95137941099, -0.298967191787, -1.0, -1.0, 0.0, 1.0, -1.0, 1.12803134729, -0.659539050138, 0.0656791686604, -1.0, 1.0, -0.147601164321, 1.0, -1.0, 2.0, -0.113491750225, 0.970877800507, 95229.0, 461.0, 99599.0
-1.0, -1.0, -1.0, 1.0, -1.0, -1.0, -1.0, 1.33468888506, 0.414745224129, 2.18278257339, 1.0, 2.70959741796, 0.0, -0.415280875044, 0.0, -1.0, 1.0, 0.0, -0.495650893875, -0.586369438163, -0.656082503964, 0.0, 2.0, -0.504165876332, 3.0, -1.0, -1.0, 2.0, -0.614741577684, 1.32138180161, 3.0, 0.547553430846, 1.0, -1.0, -0.717360896093, -1.0, 0.0, 0.0, 0.600016450118, -1.0, 1.05176023922, 0.218951815558, 1.09344361916, 2.0, 3.0, 2.1633953878, -0.792980232216, 2.87364210095, 1.99345641464, 3.0, 95155.0, 463.0, 99587.0
-0.55163044934, 3.0, -1.0, 1.63160885899, 0.0, -1.0, -1.0, 0.0, 0.0, 1.0, 1.0, 2.16947979252, 1.45205907045, -1.0, 0.0, -1.0, 1.0, 0.0, 0.0192218414104, -0.372197386225, -1.0, 0.0, 0.679727286044, 1.32587253854, 3.0, -1.0, -1.0, 2.0, 2.30698905026, 0.0, 3.0, 0.0, 2.0, -1.0, -1.0, -1.0, 0.254873628037, 1.22147159941, -1.0, -1.0, 1.71527278739, 1.0, 1.0, 0.350616408675, 1.95399922686, 2.0, -0.677284971899, 3.0, 2.0, 3.0, 94484.0, 511.0, 99546.0
-1.0, -1.0, 2.0, -0.705274626143, 3.0, 2.73118928015, 2.18881053055, 0.693916068878, 3.0, -0.902057767185, -1.0, 1.0, -1.0, 1.0, 1.0, 3.0, 1.33589345183, 1.0, -0.951543029819, 0.0, 3.0, 0.708961950142, 0.0, 0.0, -0.265271134571, -0.669116755768, 1.0, -0.0517697178075, -1.0, 0.0, -1.0, 0.0, 1.0, 0.0, -1.0, 1.11907365502, 3.0, 0.0, -1.0, 1.27259386996, 3.0, -0.620282552765, 3.0, 1.8409807348, 3.0, -1.0, -0.578020288411, 2.0, -1.0, -1.0, 95331.0, 459.0, 99590.0
1.0, -1.0, 1.50971660535, -0.103057906211, -0.36995063965, -1.0, 2.24970163556, -1.0, -1.0, 1.0, 2.0, 2.42566111553, 1.0, 2.0, 0.0, 0.493534177106, 1.53451079339, -1.0, 0.0, 0.0258363714425, -0.656082503964, -1.0, 0.0229751237623, -0.474353881108, -0.488408828343, 1.62782537561, -1.0, -1.0, -1.0, 0.0, -1.0, 1.0, 0.914363955323, 2.0, -1.0, 3.0, -1.0, 3.0, 2.0, -1.0, 3.0, -1.0, 0.0, 0.0, 1.0, 1.1637050605, -0.828412423632, -0.887337564468, 3.0, -1.0, 95114.0, 453.0, 99614.0
0.0, 1.55260845753, 3.0, 0.0, 0.536102147693, -0.291792293317, -1.0, 0.0, 0.0, 1.28019218332, 3.0, -0.0126518371043, -1.0, -1.0, 1.00572139747, 2.71469825482, 3.0, -0.0246160786939, 2.0, -1.0, -1.0, 2.0, 0.833474570262, 2.0, 0.706843131673, 0.0926221982871, -1.0, 1.0, -0.538071332284, 1.0, 0.0, 0.930126045937, 1.0, 0.0, 3.0, 2.0, 2.0, 1.83025978957, 2.33792507912, 0.0618206126303, 2.86493652863, 2.61004643404, 3.0, -0.0176841171583, 0.0, 1.0, 2.0, -0.336404728296, 0.0, -0.461107416033, 93343.0, 632.0, 99457.0
-0.958535037176, 3.0, -1.0, 0.28548416463, 2.34977154438, 1.44103643837, -0.025553624896, 0.0, 0.0, 1.0, 0.54241796271, 2.0, -0.835720502759, 0.0, 0.0, -1.0, 1.0, 0.0, -0.495650893875, -0.266648465532, -1.0, 0.0, 0.447986674454, 0.966634561845, -0.378971474353, 2.35783136797, 1.71826319583, 0.558704161549, -0.614741577684, 2.01021766922, 2.58095219418, 0.547553430846, 1.99742496577, -1.0, 0.334875566591, -0.31352726071, -0.288111468856, 0.0, 2.37794469899, 0.468759801549, 1.05176023922, -0.112865716954, 1.98760008004, 2.0, 3.0, 2.0, -0.840871353453, 3.0, 2.29931707643, 3.0, 93612.0, 605.0, 99479.0
1.0, 2.0, 2.0, 0.0, 1.0, 0.0, 1.0, 3.0, -1.0, 0.0, -1.0, 1.0, -1.0, 0.0, 1.0, -0.54615644332, 0.0, 2.0, 0.625527736388, -1.0, 1.0, 2.0, 0.0, 1.92859335536, 1.0, -1.0, 0.0, 2.0, 1.23944276419, -0.313068458639, -1.0, -0.0280347496451, 2.0, 3.0, -1.0, -1.0, 2.0, 3.0, 2.0, 1.0, 0.0, 0.0, 1.0, 3.0, 0.0, -1.0, 3.0, -1.0, 0.349900184378, 3.0, 94174.0, 560.0, 99513.0
-1.0, -1.0, 2.57667354683, 1.29572035152, 2.55280056309, 0.0, 0.0, 0.860921618698, -0.401218431525, 3.0, -1.0, 0.0, 1.0, -1.0, 3.0, 2.42652261767, 0.218279743012, 1.0, -1.0, 0.0, 3.0, -0.162914261556, -0.255706083523, 3.0, 2.0, 1.0, -1.0, 1.0, -1.0, -1.0, 0.0, 3.0, 0.00186930891873, 2.0, -1.0, 0.0, 0.0, -0.252304424647, 1.12141075001, 3.0, 1.0, 2.0, 3.0, 0.522364314138, -0.245445297994, 0.849362295738, 0.0, -0.493533293188, 0.0427364976056, -1.0, 93879.0, 573.0, 99503.0
1.41166701207, 2.04871158225, -1.0, 1.0, 1.0, 1.07410387365, -1.0, -0.372255343442, 0.0, 2.5532134049, 1.0, 2.0, 0.0, 0.0, 0.173424808374, -1.0, -0.977897350459, 0.0, 0.0192218414104, 1.1967847356, -1.0, 0.0, 1.36234325596, 1.0, 1.79530577272, 0.0, -1.0, -0.15328779878, 1.32849817664, 0.0, 3.0, 0.0, 2.0, -1.0, -1.0, 1.18501508009, 0.0, 3.0, -1.0, -1.0, 1.0, 1.0, 1.0, 2.0, 3.0, 1.0, -0.677284971899, 2.98560472743, -0.508797884032, 3.0, 94105.0, 545.0, 99521.0
1.0, -1.0, -1.0, -0.207126581379, 1.0, -0.991220675633, 1.44663933383, 0.568108134296, -1.0, 0.0818148744958, -0.783922462667, 1.52575456511, 1.0, 2.0, 0.0, 2.5365835904, 1.0, -1.0, 0.0, 0.0, 2.0, 0.0, 1.11503835103, 2.8146037003, 1.0, 3.0, -1.0, -1.0, 2.64318446677, -0.980463760519, 0.754807019118, 1.0, 2.0, -1.0, -1.0, 0.0, -0.0912118933789, 0.572250103241, 2.0, -1.0, 1.08249244754, -0.921530429951, 0.0, -0.13074994713, 1.0, 1.0, -1.0, 1.28356313444, -0.603514041319, 0.0, 94511.0, 500.0, 99575.0
-1.0, -0.633853060285, 2.21636026134, 0.0, 1.0, -1.0, -1.0, 0.0, 0.0, 1.0, 1.0, 1.57356646199, 0.0, -0.140021709323, 0.0, -1.0, 1.0, 0.0, -0.252723626141, 0.435049594791, -0.656082503964, 0.0, 0.0, 3.0, 3.0, -1.0, 0.496000240774, 2.0, -0.614741577684, 1.32138180161, 3.0, 0.547553430846, 1.2752868179, 0.45655654281, -0.736476882474, -1.0, -0.290360184401, -0.252304424647, 0.600016450118, -1.0, 1.05176023922, -1.0, 1.0, 2.0, 3.0, 1.88619032178, -0.792980232216, 3.0, 1.13021869298, 3.0, 94330.0, 528.0, 99537.0
1.0, -1.0, -1.0, 0.0, 1.0, -1.0, 2.0, 0.568108134296, -1.0, -0.060861306066, 2.0, 2.36662079355, 1.0, 2.0, 0.0, 2.0, 1.0, -1.0, -0.455513181332, -0.595606284244, 2.0, 0.0, 0.0, 2.0, -1.0, 3.0, -1.0, -1.0, -1.0, -0.980463760519, -1.0, 2.40250353563, 2.0, 2.0, -1.0, 3.0, -1.0, 1.34854693014, 2.0, -1.0, 2.6069795797, -1.0, 0.0, 0.0, 1.0, 1.70078223158, -1.0, -1.0, 0.462953444519, 0.0, 95155.0, 459.0, 99604.0
-1.0, 2.0, 2.8556952412, -0.199554513165, 0.611442200504, 0.263877466758, 0.0, 0.995723228906, -1.0, 2.72066110539, -1.0, -0.614276918519, 0.403218985492, 1.0, 2.17569245353, 2.0, 0.0, 2.36149983716, -0.46849487845, 2.0, 1.99428537964, 2.0, 0.0, 1.0, 0.0, 0.926789286504, -0.99757634303, 2.15412748356, 3.0, 0.0, -0.551818538437, 0.199231221901, 1.07209488018, 2.4234114947, -0.35976814043, 0.0, 1.47614994585, 2.46193728582, 2.0, 0.614188244439, 1.07859942145, 2.09743965064, 1.06011909058, 0.0, 0.0, 0.416861803253, 3.0, -0.881368428078, 1.61900718208, 0.922141039233, 93472.0, 609.0, 99481.0
1.0, -1.0, -1.0, 0.0, 1.0, -1.0, 2.0, -1.0, -1.0, 1.0, 2.0, 1.0, 1.0, -0.507832953231, 0.0, 2.0, 1.0, -1.0, 0.0, 0.0, 2.0, -1.0, 0.0, 2.0, -1.0, 3.0, -1.0, -1.0, -1.0, -0.980463760519, -1.0, 1.0, 2.0, 2.0, -1.0, 1.69026374105, -1.0, 3.0, -0.197512108573, -1.0, 3.0, -1.0, -0.171102386806, 0.0, 1.0, 0.640696277066, -1.0, -1.0, 0.462953444519, -1.0, 95546.0, 423.0, 99643.0
0.0930207737359, 1.68424439692, -0.0305075999297, 0.895865244068, 1.99964019507, 1.31770178449, -1.0, 0.0, 0.663160501105, 1.0, 3.0, 2.0, -1.0, -1.0, 0.84562194746, 2.0, -0.0722881488189, 1.0, 2.98870327112, -1.0, -1.0, 2.0, 0.0, 2.0, 3.0, 3.0, 1.59488620712, 2.01018634418, 1.0, 0.390174487074, 1.7243651659, 1.0, 0.356896502922, 0.568949923016, 3.0, 2.74550267421, 1.0, 0.0582660935442, 2.74380087179, 3.0, 2.0, 0.565654426751, 2.28954866728, 0.0, 1.0, 1.0, 2.0, 1.0, 0.0506301877678, -0.902307470383, 93686.0, 643.0, 99456.0
1.0, -1.0, -1.0, -0.207126581379, 1.0, -0.991220675633, 1.44663933383, -0.983042864094, -1.0, 0.0818148744958, 1.8290832581, 1.52575456511, 1.0, 2.0, 0.0, 0.95503176942, 1.0, -1.0, 0.0, -1.0, 2.0, 0.0, 1.11503835103, 2.8146037003, 1.0, 3.0, -1.0, -1.0, -1.0, -0.980463760519, 1.54650253336, 1.0, 2.0, 2.0, -1.0, 0.0, -0.0912118933789, 0.572250103241, 2.0, -1.0, 1.08249244754, -0.163311425036, 0.0, 0.0, 1.0, 1.0, -1.0, -1.0, 0.0139581758764, 0.0, 94262.0, 510.0, 99561.0
-1.0, -1.0, -1.0, 0.0, 1.0, -1.0, -1.0, 0.0, 0.0, 1.0, 1.0, 1.57356646199, 0.0, -0.140021709323, 0.0, -1.0, 1.0, 0.0, -0.495650893875, 0.435049594791, -0.656082503964, 0.0, 0.0, -0.732878311036, 3.0, -1.0, -1.0, 2.0, -0.614741577684, 1.32138180161, 3.0, 0.547553430846, 1.0, 0.45655654281, -0.736476882474, -1.0, -0.290360184401, 0.0, 0.600016450118, -1.0, 1.05176023922, -1.0, 1.0, 2.0, 3.0, 2.1633953878, -0.792980232216, 3.0, 1.13021869298, 3.0, 94594.0, 495.0, 99565.0
-0.634956465387, 0.253393800097, 3.0, 2.0, 1.0, -1.0, 2.6636792905, 0.0, 3.0, 1.0, -1.0, 2.0, -1.0, -1.0, 2.0, -1.0, 3.0, 0.0, -1.0, 1.0, 1.0, 2.89563453119, 0.0, -1.0, -1.0, 3.0, -1.0, 0.0, 1.0, 0.0, 2.7062286032, 0.994516396419, 2.0, 1.0, -1.0, 0.0, 0.130314257721, 0.361586206183, -1.0, 0.0, 3.0, 0.0, 0.0, 0.0, 2.0, 1.0, -0.803471763191, 0.717200323552, 1.0, 3.0, 94403.0, 526.0, 99537.0
-1.0, -1.0, -1.0, 1.0, 1.0, -1.0, -1.0, 0.0, 0.0, 1.0, 1.0, 1.57356646199, -0.246532860239, 0.0, 0.0, -1.0, 1.0, -0.488503765882, -0.495650893875, -0.535041440311, -0.656082503964, 0.0, 0.0, -0.504165876332, 3.0, -1.0, -1.0, 2.0, -0.614741577684, 1.32138180161, 3.0, 0.547553430846, 1.0, 0.45655654281, -0.736476882474, 3.0, -0.290360184401, 0.0, 0.600016450118, -1.0, 1.05176023922, -1.0, 1.0, 2.0, 3.0, 2.1633953878, -0.792980232216, 2.04401545877, 2.14576606752, 3.0, 94669.0, 491.0, 99561.0
-1.0, 1.56244145299, -0.224476532666, -0.41277957359, 0.425675512835, 3.0, 0.0, 2.05840343238, -0.0309802388471, 3.0, -0.202008080198, 2.0, 2.43510216972, 2.61910390557, 1.83902055992, 2.0, 0.922528821111, 2.0, -1.0, 2.0, 3.0, 2.0, -0.105863473588, 3.0, 0.361898083872, 0.52445682001, 0.0, 1.0, 2.26110729016, -0.313068458639, 3.0, 1.0, 3.0, 0.45655654281, 1.0, 0.0, 2.56816019667, 0.0, 0.5931431568, 0.0, 0.835991519674, 0.0, 0.304936988397, 1.0, -0.134724165286, 0.0, -1.0, 0.593158636554, 1.0, -1.0, 93254.0, 659.0, 99449.0
-0.788136496098, -1.0, 0.0158226974052, -0.665510236565, -0.652202893596, -0.400392600183, 1.40254641556, -0.881766368369, -0.662367378244, 1.0, 0.332086598715, 1.0, -0.933487183083, 2.79831052091, 0.0, 2.0, 1.0, -1.0, -0.701548922525, 0.0, 2.0, -1.0, 0.0, 2.0, -1.0, 3.0, -1.0, 1.49368887732, -1.0, 0.0, -1.0, 1.0, 2.0, 2.0, -1.0, 0.329861738688, -1.0, 3.0, 2.0, 1.73703963861, 3.0, 0.114553141877, 1.73616438952, 0.0, 1.0, 1.0, -1.0, 0.00663308012535, 1.7536101541, -0.557231051327, 95222.0, 451.0, 99616.0
-1.0, 2.0, 2.0, 2.83792736197, 3.0, 2.0, 2.82122355877, 2.66139386123, 1.42197641206, 0.0, -1.0, 2.0, -1.0, 1.0, 1.0, -0.484779073287, 1.34220055162, 1.0, 0.0, 2.0, 3.0, 2.0, 0.0, 0.0, 1.0, 0.0, -0.805140801431, 0.594859045166, -1.0, 0.0, -1.0, 0.0, 1.0, 0.0, -1.0, -0.481086642351, 3.0, -0.445635616003, -1.0, -0.311926504751, 2.43316581182, -1.0, 3.0, 0.0, 1.64423929822, 0.849362295738, 2.0, 1.15111492237, -0.73477508503, -1.0, 94293.0, 553.0, 99518.0
-1.0, 2.0, 2.60157382372, -0.842374839481, 3.0, 1.0, 1.0, 1.03164016535, 0.0, 3.0, -1.0, 3.0, 2.34089484988, -1.0, 1.0, 1.0, 2.0, 2.4851445184, 1.0, -1.0, 0.0, 0.0, 0.0, 0.73446746622, 1.21661999354, 3.0, -1.0, 0.471861404317, 0.670279855332, 1.90123588272, 0.0728553606274, 0.0, 0.0, 2.48677116413, 1.14957372821, -1.0, -1.0, 3.0, -0.849720443175, -0.26045874984, 1.0, 2.0, 0.0, 0.816739345468, -0.65543433678, 3.0, -1.0, 2.0, 0.0, 0.0, 94112.0, 564.0, 99510.0
-0.788136496098, 0.233153076643, -0.25899612545, 0.0, -0.933027623324, -1.0, 2.0, -1.0, 0.173527546873, 1.0, 1.0, -0.169563875005, -0.544022401527, 0.0388401384333, -0.916289626435, -0.214759937885, 1.0, -1.0, 0.0, 0.0, 2.38453195672, -1.0, -0.536991595236, 2.0, -1.0, 3.0, -1.0, -0.746282750268, -1.0, 0.0, -1.0, 0.167222226856, 2.0, -0.296553500189, -1.0, 3.0, -1.0, 1.396158576, 0.204222471557, -1.0, 3.0, -1.0, 0.0, 0.0, 1.0, 1.0, -1.0, 0.00663308012535, 3.0, -1.0, 95307.0, 433.0, 99646.0
-1.0, 1.56244145299, -0.224476532666, -0.41277957359, 0.425675512835, 3.0, 0.0, 2.05840343238, -0.0309802388471, 3.0, -0.202008080198, 2.0, 2.43510216972, 2.61910390557, 1.83902055992, 2.34843930079, 0.922528821111, 2.0, -1.0, 2.0, 3.0, 2.0, -0.105863473588, 3.0, 0.0, 0.52445682001, 0.0, 1.0, 2.26110729016, -0.313068458639, 3.0, 1.0, 3.0, 0.45655654281, 1.0, 0.0, 2.56816019667, 0.0, 0.5931431568, 0.0, 1.0, 0.0, 0.304936988397, 1.0, 0.0, 0.0, -1.0, 1.46251940771, 1.0, -1.0, 93254.0, 659.0, 99449.0
-0.995009508603, -1.0, -1.0, 0.989548176275, -0.74014187241, -1.0, 1.63532025136, -0.686924816731, 0.173527546873, 1.0, 2.0, 1.6081209406, 0.927014897779, 2.0, 0.0, 2.46244947357, 1.0, -1.0, -0.987324770821, -0.599254478053, 2.61176161283, -1.0, -0.549431579984, 1.29410559086, -0.732274422172, 3.0, -1.0, 1.49368887732, -1.0, 0.0, -1.0, 1.0, 2.0, 2.0, -1.0, 3.0, -1.0, -0.419546011214, 2.0, -0.816146966311, 3.0, 0.114553141877, 0.0, -0.13127056129, 2.59070121602, 1.3039694869, -1.0, 0.00663308012535, 2.48152973093, -0.355922515557, 95451.0, 438.0, 99623.0
-1.0, 3.0, -1.0, 1.0, 0.29414545409, -1.0, -1.0, 0.0, 0.0, 1.0, -0.173964916718, 2.0, -0.835720502759, 0.0, 0.0, -1.0, 1.0, 0.0, -0.495650893875, -0.526045596796, -1.0, 0.0, 2.0, 1.14220787838, 2.0, 0.525968538004, -1.0, 0.558704161549, -0.384667808607, -0.950640080531, 2.58095219418, 0.547553430846, -0.2418624506, -1.0, -0.717360896093, -1.0, 0.0, 0.0, 2.37794469899, -0.0805634635223, 1.58476303621, -0.112865716954, 1.98760008004, 2.0, 3.0, 2.0, -0.912232972186, 3.0, 2.07246175813, 3.0, 94522.0, 523.0, 99543.0
-1.0, -1.0, -1.0, 1.0, -1.0, -1.0, -1.0, 1.33468888506, 0.0, 2.18278257339, 1.0, 2.70959741796, 0.0, -0.415280875044, 0.0, -1.0, 1.0, -0.0980960888779, -0.495650893875, -0.586369438163, -0.656082503964, 0.0, 2.0, -0.504165876332, 1.43764863584, -1.0, -1.0, 2.0, -0.614741577684, 1.32138180161, 3.0, 0.547553430846, 1.0, -1.0, -0.717360896093, -1.0, 0.0, 0.0, 0.600016450118, -1.0, 1.05176023922, 0.218951815558, 1.09344361916, -0.988201067143, 3.0, 2.1633953878, -0.792980232216, 2.87364210095, 1.99345641464, 3.0, 95275.0, 451.0, 99609.0
-0.98345633789, 3.0, -1.0, 0.28548416463, 2.34977154438, 1.44103643837, -0.025553624896, 0.0, 0.0, -0.153096485561, 0.54241796271, 2.0, 0.289709852482, 0.0, 0.0, -1.0, 1.0, 0.0, 0.0, -0.266648465532, -1.0, 0.0, 0.447986674454, 0.966634561845, -0.378971474353, 2.35783136797, -1.0, 0.558704161549, -0.614741577684, 1.32138180161, 2.58095219418, 0.547553430846, 1.99742496577, -1.0, 0.334875566591, -1.0, 0.0, 0.0, 2.37794469899, -1.0, 1.05176023922, -0.112865716954, 1.98760008004, 2.0, 3.0, 2.0, -0.840871353453, 3.0, 2.29931707643, 3.0, 93796.0, 582.0, 99497.0
-0.995009508603, -1.0, -1.0, -0.316827540326, 1.72324192702, -1.0, -0.907904417386, -0.686924816731, 0.173527546873, 1.0, 1.8385978506, 1.0, 1.0, 2.0, -0.283194455088, 2.0, 2.39607431704, -1.0, -0.987324770821, -0.81580535701, 2.0, -1.0, 0.0, 2.0, -1.0, 0.395360062711, -1.0, 1.49368887732, -1.0, -0.581434118989, -1.0, 0.461744934952, 2.0, 1.67178589939, -1.0, 3.0, -1.0, 3.0, 2.0, -0.37227822742, 3.0, 0.114553141877, 0.0, 0.0, 1.0, 1.66166650505, -1.0, 0.00663308012535, 3.0, -1.0, 95490.0, 447.0, 99620.0
-1.0, 2.0, 2.60157382372, -0.842374839481, 0.843774943987, 1.0, 1.0, 1.28003901268, 0.535402080787, 2.0, -1.0, 3.0, 2.0, -1.0, 1.81031729336, 1.0, 2.0, 2.4851445184, 1.0, -1.0, 0.0, 0.918047507362, 0.0, 2.0, 1.0, 2.0, -1.0, 2.0, -1.0, 3.0, 0.0728553606274, 0.994516396419, 0.0, 2.4351755143, -0.584646896681, -1.0, -0.0216166278249, 2.04764734216, 0.0, -0.26045874984, 1.0, 1.0, 0.0, 1.72591672748, 2.0, 3.0, -0.103002720753, 2.15827941431, 0.0, 0.0, 93868.0, 597.0, 99478.0
-1.0, -1.0, 2.57667354683, 1.29572035152, 2.55280056309, 0.0, 0.0, 0.860921618698, -0.401218431525, 3.0, -1.0, 0.0, 1.0, -1.0, 3.0, 1.3279857864, 0.218279743012, 1.0, -1.0, 0.0, 3.0, -0.162914261556, -0.0741075943437, -0.732878311036, 2.0, 1.0, -1.0, 1.0, -1.0, -1.0, 0.0, 3.0, 0.00186930891873, 2.0, -1.0, 0.0, 1.76815889123, 0.0, 1.0, 3.0, 1.0, 2.0, 3.0, 0.522364314138, -0.245445297994, 0.849362295738, 0.0, 1.40421973716, 0.0427364976056, -1.0, 94024.0, 562.0, 99516.0
1.0, 0.587739837864, 2.0, 2.91289767084, 1.0, 0.0276784958762, 1.0, -0.331892029647, 2.67138672939, 0.0, -1.0, 0.0, -1.0, -1.0, 0.955902181134, 0.157995323066, 0.0, 2.0, 1.0, -1.0, 1.0, 2.0, -0.0741075943437, 2.0, 1.13753998166, 1.79657183576, 0.0, 2.0, 1.22619895721, 2.0, -1.0, 3.0, 2.0, 3.0, -1.0, -1.0, 1.76815889123, 3.0, 2.0, 1.0, 0.792802305916, 2.0, 1.0, 3.0, -0.245445297994, 1.0, 3.0, -1.0, -0.918358207517, 0.0, 94040.0, 589.0, 99480.0
-0.995009508603, -1.0, -1.0, 0.989548176275, -0.74014187241, -1.0, 1.63532025136, -0.686924816731, 0.173527546873, 1.0, 2.0, 1.6081209406, -0.0797099670648, 2.0, 0.0, 2.46244947357, 1.0, -1.0, -0.987324770821, -0.599254478053, 2.61176161283, -1.0, -0.549431579984, 1.29410559086, -0.732274422172, 3.0, -1.0, 1.49368887732, -1.0, 0.0, -1.0, 1.0, 2.0, 2.0, -1.0, 3.0, -1.0, -0.419546011214, 2.0, -0.816146966311, 3.0, 0.114553141877, 0.0, -0.13127056129, 2.59070121602, 1.3039694869, -1.0, 0.00663308012535, 2.48152973093, -1.0, 95657.0, 424.0, 99637.0
-1.0, 2.24829355162, 2.0, -1.0, 3.0, -0.065279804565, 0.3540306069, -0.647226813681, 0.0, 2.0, -1.0, 2.0, 2.0, -1.0, 1.0, 1.0, 2.0, 3.0, 1.0, -1.0, 0.0, 0.0, 0.0, 2.0, 1.0, 2.0, -1.0, 2.0, -1.0, 3.0, 0.229900464231, 1.0, 0.0, 2.4351755143, 0.0, -1.0, -1.0, 3.0, 0.0, 1.0, 1.0, 1.0, -0.180626450917, 1.72591672748, 2.0, 3.0, -1.0, 2.0, 0.0, 0.0, 94122.0, 569.0, 99501.0
-1.0, 2.24829355162, 2.0, -1.0, 3.0, -0.065279804565, 0.3540306069, -0.647226813681, 0.0, 2.0, -1.0, 2.0, 2.0, -1.0, 1.0, 1.0, 2.0, 3.0, 1.0, 2.3373426745, 0.0, 0.0, 0.0, 2.0, 0.248010964497, 2.0, -1.0, 2.0, -1.0, 3.0, 0.229900464231, 1.0, 0.0, 2.4351755143, 0.0, 0.897956596528, -1.0, 3.0, 0.0, 1.0, 1.0, 1.0, -0.180626450917, 0.849587780217, 2.0, 3.0, -1.0, 2.38529808327, 2.94904394611, 0.0, 93924.0, 595.0, 99485.0
-0.788136496098, -1.0, -0.25899612545, 0.0, 1.0, -1.0, 2.0, -1.0, 0.173527546873, 0.454543042535, -0.72046588557, -0.169563875005, -0.930967781425, 0.0388401384333, 2.27387413503, 2.0, 1.0, -1.0, 0.0, 0.0, -1.0, -1.0, -0.109872737781, 2.0, -1.0, 3.0, -1.0, -0.522997349983, -1.0, 0.0, -1.0, 0.167222226856, 2.0, 2.0, -1.0, 3.0, 0.0, 0.0, 2.0, -1.0, 2.32375427409, -1.0, 0.0, 1.17334038574, 2.34267990713, 1.0, -1.0, 0.00663308012535, 3.0, -1.0, 95147.0, 439.0, 99623.0
-1.0, 3.0, -1.0, 1.0, 0.29414545409, -0.0107688242286, -1.0, 0.353684040769, 0.0, 1.0, 1.0, 2.0, -0.835720502759, -0.431224352968, 0.0, -1.0, 1.0, 1.19933352773, -0.495650893875, -0.526045596796, -1.0, 2.61321824647, 2.22187642505, 1.0, 2.8109833926, -0.26863357808, -1.0, 2.96734051459, -0.560443612198, -0.247708104821, 2.58095219418, 0.547553430846, 1.99742496577, -1.0, -0.717360896093, 1.11960194262, 1.61303906221, 0.0, 2.76323914484, -1.0, 1.05176023922, -0.112865716954, 1.98760008004, 2.0, 3.0, 2.0, -0.792980232216, 3.0, -0.572897796125, 3.0, 94703.0, 519.0, 99528.0
-0.0967360437952, 0.253393800097, 3.0, 0.463610130489, 1.0, 2.2389472859, 2.6636792905, 0.0, 3.0, 1.0, -1.0, 2.0, -1.0, -1.0, 2.0, -1.0, 3.0, 0.0, -0.166423013866, 1.0, 1.0, 2.89563453119, -0.412908580633, -0.42344719933, -1.0, 3.0, -1.0, 0.0, 1.0, 0.0, 2.7062286032, 0.994516396419, 2.0, 1.0, -1.0, 0.0, 0.130314257721, 2.0, -1.0, 0.0, 3.0, 0.0, 0.0, 0.641134194327, 1.0, 1.0, -0.803471763191, 0.717200323552, 1.0, 3.0, 93720.0, 589.0, 99486.0
2.43026527131, 2.04871158225, -1.0, 1.93689046595, 0.442800007584, -1.0, -1.0, 0.0, -0.993126156656, 1.75566817169, -0.682455140783, 2.0, 0.0, 0.0, 0.173424808374, -1.0, -0.977897350459, -0.0792750786215, 0.0192218414104, 0.0, -1.0, 0.0, 1.9419215159, 2.70822085033, 0.927406164242, -1.0, -1.0, -0.517012179901, 2.0, 0.0, 1.62503709619, 0.0, -0.467353862369, -1.0, 0.646374119155, -0.357824716601, 0.621723803839, 0.0, -1.0, -1.0, 0.591313007333, 1.0, 1.0, 2.0, 3.0, 2.0, -0.677284971899, 2.98560472743, 0.740509619344, 3.0, 94569.0, 506.0, 99560.0
-1.0, 2.0, 2.60157382372, -0.842374839481, 3.0, 1.0, -0.66156711116, 1.03164016535, 0.414745224129, 2.0, -1.0, 3.0, 2.0, -1.0, 1.0, 1.0, 2.0, 2.4851445184, 1.0, -1.0, 0.0, 0.0, 0.0, 1.22274425957, 1.0, 3.0, -1.0, 0.471861404317, -1.0, 3.0, 0.0728553606274, 1.0, -0.0971694907589, 2.4351755143, 1.14957372821, -1.0, -1.0, 3.0, 0.0, -0.26045874984, 1.0, 1.0, -0.825934792854, 1.72591672748, 1.55855779593, 3.0, -1.0, 2.0, 0.0, 0.0, 94388.0, 553.0, 99514.0
1.0, -1.0, -1.0, -0.207126581379, 1.0, -0.991220675633, 1.44663933383, 0.568108134296, -1.0, 0.0818148744958, 1.8290832581, 1.74813998825, 1.0, 2.0, 0.0, 2.75190664306, 1.0, -1.0, 0.0, 0.0, 2.0, 0.320483877944, 1.11503835103, 2.8146037003, 1.0, -0.895898809981, -1.0, -1.0, -1.0, -0.980463760519, 0.754807019118, 1.0, 2.0, 2.0, 0.560288394498, 0.0, -0.0912118933789, 0.572250103241, 2.0, -1.0, -0.333898310294, -1.0, 0.0, 0.0, 1.0, 1.0, -1.0, -1.0, 0.0139581758764, 0.0, 94149.0, 530.0, 99556.0
-1.0, -1.0, -1.0, 1.0, 0.425675512835, -1.0, -1.0, 1.33468888506, 0.414745224129, 1.0, 1.0, 2.70959741796, 0.0, -0.415280875044, 0.0, -1.0, 1.0, 0.0, -0.495650893875, -0.586369438163, -0.656082503964, 0.0, 2.0, -0.504165876332, 3.0, -1.0, -1.0, 2.0, -0.614741577684, 1.32138180161, 3.0, 0.547553430846, 1.0, 0.45655654281, -0.717360896093, -1.0, 0.0, 0.0, 0.600016450118, -1.0, 1.05176023922, 0.218951815558, 1.0, 2.0, 3.0, 2.1633953878, -0.792980232216, 3.0, 1.99345641464, 3.0, 94693.0, 495.0, 99558.0
-1.0, -1.0, 2.0, 2.0, 1.05380736134, 2.0, 1.29436416171, -1.0, 3.0, 0.0, -1.0, 1.0, -1.0, 1.0, 1.0, -0.0560835072561, 1.34220055162, 1.0, 0.0, 2.0, 1.20765166117, 2.0, 0.475199812322, 0.0, 1.0, -0.11159155428, -1.0, 2.0, -1.0, 0.0, -1.0, 0.0, 2.33081382618, 0.447802917102, -0.627663138244, 0.0, 3.0, 0.920092382687, -0.599540592669, -1.0, 2.71931697673, 1.22384047086, 3.0, 2.92861477259, 2.31765484636, 2.73491153865, -1.0, 1.36743898609, 2.22334280002, -0.838984264616, 94648.0, 526.0, 99533.0
-0.788136496098, -1.0, -0.25899612545, -0.37262985629, 0.589742303175, -1.0, 2.0, -1.0, 0.173527546873, 1.0, -1.0, -0.577508800224, 1.0, 1.07416598863, 0.0, 2.0, 0.294267291928, -1.0, -1.0, 0.0, 2.38453195672, -1.0, -0.673074319639, 1.47612826634, -1.0, -0.259917224902, -1.0, 0.795820749724, -1.0, 0.0, -0.795134016343, 0.129331438809, 2.0, 2.64090411626, -1.0, 3.0, 2.65549050882, 0.903165811308, 2.0, -0.545712283334, 3.0, -1.0, 0.0, -0.423561369417, 1.16492313581, 1.0, -1.0, 0.00663308012535, 3.0, -1.0, 95441.0, 432.0, 99633.0
0.328877841506, 0.587739837864, 2.0, 0.0, 1.22719749961, 0.294190268936, 1.0, 2.0460015998, -0.339189545099, 0.0, -1.0, 0.593023608848, 0.324385288292, 0.0, 2.87722379433, 0.615238324601, 0.0, 2.0, -0.688504726695, -1.0, 1.0, 2.0, 0.0, 2.0, -0.530378383742, 2.85361815371, 0.0, 1.00608684523, 1.0, 2.0, -1.0, 3.0, 2.0, 3.0, -1.0, -1.0, 2.0, 3.0, 0.442566039336, 1.0, 0.792802305916, 2.0, 2.65031500069, 3.0, 0.0, 1.0, 3.0, -0.882747792831, -0.918358207517, 0.0, 94218.0, 581.0, 99495.0
-1.0, 3.0, -1.0, 1.0, 0.29414545409, -1.0, -1.0, 0.0, 0.0, 1.0, 1.0, 2.0, -0.835720502759, 0.0, 0.0, -1.0, 1.0, 0.0, -0.495650893875, -0.526045596796, -1.0, 0.0, 2.0, 1.0, 2.0, -0.25227055383, -1.0, 0.558704161549, -0.614741577684, 1.32138180161, 2.58095219418, 0.547553430846, -0.2418624506, -1.0, -0.717360896093, -1.0, 0.0, 0.0, 2.37794469899, -1.0, 1.58476303621, -0.112865716954, 1.98760008004, 2.0, 3.0, 2.0, -0.792980232216, 3.0, 2.29931707643, 3.0, 94552.0, 510.0, 99543.0
-0.412160799968, 3.0, -1.0, 0.424253108665, 0.29414545409, 1.08355530067, -1.0, 0.353684040769, 0.0, 1.0, 1.0, 2.0, -0.835720502759, -0.431224352968, 0.0, -1.0, 1.0, -0.0218711749902, -0.675122629188, -0.526045596796, -1.0, 2.61321824647, 2.22187642505, 1.0, 2.8109833926, -0.26863357808, -1.0, 2.96734051459, -0.560443612198, -0.247708104821, 2.58095219418, 0.547553430846, 1.99742496577, -1.0, -0.717360896093, 1.11960194262, 1.61303906221, 0.0, 2.76323914484, -1.0, 1.05176023922, -0.112865716954, 1.98760008004, 2.0, 3.0, 2.0, -0.824204104131, 3.0, -0.572897796125, 3.0, 94694.0, 520.0, 99529.0
-0.980973748146, 0.253393800097, 1.8392383881, 0.463610130489, 1.0, 2.2389472859, 2.6636792905, 2.37833108211, 3.0, 1.0, -1.0, 2.0, -1.0, -1.0, 2.0, -1.0, 3.0, 0.0, -0.166423013866, 0.99960132198, 1.0, 2.89563453119, -0.412908580633, -0.42344719933, -1.0, 3.0, -1.0, 0.0, 1.0, 0.0, 2.7062286032, 0.994516396419, 2.0, 1.0, -1.0, 0.0, 0.130314257721, 2.0, -1.0, 0.0, 3.0, 0.0, 0.0, 0.641134194327, 1.0, 1.0, -0.803471763191, 0.717200323552, 0.0403598398109, 3.0, 93898.0, 571.0, 99496.0
-1.0, 2.0, 2.60157382372, -0.842374839481, 3.0, 1.0, 1.0, 1.03164016535, 0.0, 2.0, -1.0, 3.0, 2.0, -1.0, 1.0, 1.0, 2.0, 2.4851445184, 1.0, -1.0, 0.0, 0.0, 0.0, 2.0, 1.0, 3.0, -1.0, 0.471861404317, -1.0, 3.0, 0.0728553606274, 1.0, 0.0, 2.4351755143, 1.14957372821, -1.0, -1.0, 3.0, 0.0, -0.26045874984, 1.0, 1.0, 0.0, 1.72591672748, -0.65543433678, 3.0, -1.0, 2.0, 0.0, 0.0, 94164.0, 567.0, 99505.0
-1.0, 1.56244145299, -0.224476532666, -0.41277957359, -1.0, 3.0, 0.0, 2.05840343238, -0.876473542414, 1.10464139501, -1.0, 0.843590232415, 2.97947203351, 2.52623138135, 1.83902055992, 2.34843930079, 0.922528821111, 2.0, 1.0, 0.777743707955, 1.08541750907, 2.0, -0.105863473588, 2.31867513899, -0.467966018731, 1.47979057149, 0.0, -0.686895874963, 2.26110729016, -0.313068458639, 3.0, 1.0, 3.0, -1.0, 1.0, 0.0, 0.0136966507016, 0.0, 0.204192569628, -0.360346353909, 1.20336995859, 0.0, 0.304936988397, -0.146391381462, 0.0, -0.256665112678, -1.0, 1.46251940771, 1.0, -1.0, 93583.0, 596.0, 99502.0
1.0, 0.587739837864, 2.0, 0.0, 1.0, 0.0276784958762, 1.0, 2.0460015998, -0.339189545099, 0.0, -1.0, 1.0, -1.0, 0.0, 1.0, 0.939989404206, 0.0, 2.0, 0.332994381705, -1.0, 1.0, 2.0, 0.0, -0.329717539914, 1.13753998166, 1.79657183576, -0.814176179172, 2.0, -0.466017135538, 2.0, -1.0, 3.0, 2.0, 3.0, -1.0, -1.0, 2.0, 3.0, 2.0, 1.0, 0.792802305916, 2.0, 1.0, 3.0, 0.0, 1.0, 3.0, -1.0, -0.918358207517, 1.47181049298, 93954.0, 589.0, 99484.0
-1.0, 2.0, 0.675694939518, -1.0, 3.0, -0.065279804565, 1.0, -0.748850929573, 0.0, 2.0, -1.0, 2.61987711286, 2.0, -1.0, 1.73745300245, 1.0, 2.0, 0.0, 1.0, -1.0, 0.166621608358, 0.0, 0.0, 2.63780332562, 1.0, 0.565805776754, -1.0, 2.0, 0.686829326118, 3.0, -0.208999823697, 1.0, 0.0, 2.51820792965, 0.919006574857, -1.0, 0.485918414249, 0.126256874164, 0.0, 1.0, 1.29631781765, 0.0, 0.34819639263, -0.267382821678, 2.0, 0.932575904609, -1.0, 2.0, 0.0, -0.480004019916, 93456.0, 598.0, 99482.0
1.41166701207, 2.04871158225, -1.0, 1.93689046595, 1.42565529622, 0.0276784958762, -1.0, 2.63519233163, -0.987192097279, 1.0, 1.0, 0.181257145414, -0.966866601685, 0.0, 0.0, -1.0, 0.418380888107, 0.0, -0.56577703335, 0.152973995247, 1.18624676335, 0.0, 1.36234325596, 1.24050753246, 3.0, -1.0, -0.780314626029, -0.15328779878, 0.334901405904, 0.0, 0.512100284936, 0.0, -0.446666884152, -1.0, -0.579672330426, -1.0, 0.0, -0.600460272749, 1.22667335343, -0.802987684544, 1.0, 1.0, 1.0, 2.0, 3.0, 1.3039694869, -0.677284971899, 2.98560472743, 2.0, 3.0, 94079.0, 532.0, 99535.0
1.0, -1.0, -1.0, -0.103057906211, -0.36995063965, -1.0, 2.24970163556, -1.0, -1.0, 1.0, 2.0, 2.42566111553, 1.0, 2.0, 0.0, 0.493534177106, 1.53451079339, -1.0, 0.0, 0.0258363714425, 2.0, -1.0, 0.0229751237623, -0.474353881108, -0.488408828343, 1.62782537561, -1.0, -1.0, -1.0, 0.0, -1.0, 1.0, 0.914363955323, 2.0, -1.0, 3.0, -1.0, 3.0, 2.0, -1.0, 3.0, -1.0, 0.0, 0.0, 1.0, 1.1637050605, -0.828412423632, -1.0, 3.0, -1.0, 95095.0, 462.0, 99610.0
1.41166701207, 2.04871158225, -1.0, 2.33772329944, 0.442800007584, -1.0, -1.0, 0.0, -0.987192097279, 1.12287024942, 1.0, 0.167368770214, 0.0, 0.0, 0.173424808374, -1.0, -0.977897350459, -0.198498572744, 0.0192218414104, 0.0, -1.0, 0.0, 2.19650272996, 0.694674889712, -1.0, -1.0, -1.0, -0.517012179901, 2.0, 0.14184810196, 3.0, 0.0, -0.467353862369, -1.0, -1.0, 1.35799138922, 0.261357510345, 0.0, 0.314300121014, -1.0, 0.591313007333, 0.948531326435, 0.965069942739, 2.49529514033, 3.0, 1.0, -0.677284971899, 2.98560472743, 0.740509619344, 0.83051686319, 94205.0, 506.0, 99564.0
-1.0, 2.0, 2.54939610488, -0.199554513165, 0.611442200504, 3.0, 0.0, 0.825319913054, -1.0, 2.72066110539, -1.0, -0.41705759149, 0.403218985492, 1.0, 2.17569245353, 2.0, 0.0, 2.36149983716, -0.46849487845, 2.0, 1.99428537964, 2.0, 0.0442214432416, 1.0, 0.0, 0.926789286504, -0.99757634303, 2.15412748356, 3.0, 0.0, -0.551818538437, 0.199231221901, 1.07209488018, 2.04874989289, -0.35976814043, 0.0, 1.47614994585, 1.83025978957, 2.0, 0.614188244439, 0.943680413721, 2.09743965064, -0.657237981349, 0.0, 0.0, 0.416861803253, 3.0, -0.881368428078, 0.946897276907, 2.75231327558, 93607.0, 609.0, 99479.0
-1.0, 2.0, 2.28040678258, -0.624590551171, 2.20112580564, 2.0, 1.90635945638, 2.36445796106, 3.0, -0.937571888062, -1.0, 2.0, -1.0, 1.0, 0.125322525747, 1.32578525028, 3.0, 1.10426263258, -0.951543029819, 2.72565602913, 2.92310016385, 2.0, 0.0, 0.0, 0.0432735504699, -0.71829888913, 1.0, 2.0, -1.0, 0.0, -1.0, 2.34682997652, 1.28610772177, 0.0, -1.0, 0.0, 3.0, 1.06677440891, -1.0, 1.0, 0.102048164812, -1.0, 3.0, 2.1773403316, 3.0, 1.786381828, -0.705817276912, 2.0, -1.0, -1.0, 95159.0, 492.0, 99557.0
-1.0, -1.0, 2.0, -0.705274626143, 3.0, 2.73118928015, 2.18881053055, 2.0, 3.0, -0.937571888062, -1.0, 1.0, -1.0, 1.0, 1.0, 3.0, 1.33589345183, 1.0, -0.951543029819, 2.0, 3.0, 0.708961950142, 0.0, 0.0, -0.265271134571, -0.669116755768, 1.0, 2.0, -1.0, -0.0435635952032, -1.0, 0.0, 1.0, 0.0, -1.0, 1.11907365502, 3.0, 0.0, -1.0, 1.27259386996, -0.809038342745, -0.620282552765, 3.0, 0.831602962662, 3.0, -1.0, -0.883488610197, 2.0, -1.0, -1.0, 95528.0, 448.0, 99606.0
-0.995009508603, -1.0, -1.0, 0.989548176275, -0.74014187241, -1.0, 1.63532025136, -0.686924816731, 0.173527546873, 1.0, 2.0, 1.6081209406, -0.0797099670648, 2.0, 0.0, 2.46244947357, 1.0, -1.0, -0.987324770821, -0.599254478053, 2.61176161283, -1.0, -0.549431579984, 1.29410559086, -0.732274422172, 3.0, -1.0, 1.49368887732, -1.0, 0.0, -1.0, 1.0, 2.0, 2.0, -1.0, 3.0, -1.0, -0.419546011214, 2.0, -0.816146966311, 3.0, 0.114553141877, 0.0, -0.13127056129, 2.59070121602, 1.3039694869, -1.0, 0.00663308012535, 2.48152973093, -1.0, 95657.0, 424.0, 99637.0
-0.788136496098, 0.233153076643, -0.25899612545, 0.0, 1.0, -1.0, 2.0, 2.35475157479, 0.173527546873, 1.0, 2.0, -0.169563875005, 1.0, 0.0388401384333, -0.916289626435, -0.625455333268, 1.0, -1.0, -0.298609609923, 0.0, 2.38453195672, -1.0, 0.182351686167, 2.0, -1.0, 3.0, -1.0, -0.522997349983, -1.0, 0.0, -1.0, 0.0918445216901, 2.0, -0.296553500189, -1.0, 3.0, -1.0, 3.0, 2.0, -1.0, 3.0, -1.0, 0.0, 0.0, 1.0, 1.0, -1.0, -0.966827917161, 3.0, -1.0, 95146.0, 460.0, 99613.0
-0.958535037176, 3.0, -1.0, 0.28548416463, 2.34977154438, 1.44103643837, -0.025553624896, 0.0, 0.0, 1.0, 0.54241796271, 2.0, -0.835720502759, 0.0, 0.0, -1.0, 1.0, 0.0, -0.495650893875, -0.266648465532, -1.0, 0.0, 0.447986674454, 0.966634561845, -0.378971474353, 2.35783136797, -1.0, 0.558704161549, -0.614741577684, 1.32138180161, 2.58095219418, 0.547553430846, 1.99742496577, -1.0, 0.334875566591, -1.0, 0.0, 0.0, 2.37794469899, -1.0, 1.05176023922, -0.112865716954, 1.98760008004, 2.0, 3.0, 2.0, -0.840871353453, 3.0, 2.29931707643, 3.0, 93930.0, 570.0, 99504.0
-1.0, -1.0, 2.0, -0.705274626143, 3.0, 2.73118928015, 2.18881053055, 2.0, 3.0, -0.937571888062, -1.0, 1.0, -1.0, 1.0, 1.0, 3.0, 1.33589345183, 1.0, -0.951543029819, 2.0, 3.0, 0.708961950142, 0.0, 0.0, -0.265271134571, -0.669116755768, 1.0, 2.0, -1.0, 0.0, -1.0, 0.0, 1.0, 0.0, -1.0, 1.11907365502, 3.0, 0.0, -1.0, 1.27259386996, -0.809038342745, -0.620282552765, 3.0, 0.831602962662, 3.0, -1.0, -0.883488610197, 2.0, -1.0, -1.0, 95528.0, 448.0, 99606.0
