-0.676507784906, 2.87987624995, 1.0, 1.21748962991, 1.71893382653, 2.287083092, 0.0, -1.0, 2.0711412624, -0.964324277395, -0.153033909533, 2.07150982046, -1.0, 0.25423949892, -1.0, -0.700573493282, -1.0, 0.0, -1.0, 2.99271549555, 0.394048146081, 0.185540759047, 0.0456677269477, -1.0, -1.0, -0.515735915346, -0.626853377045, 0.396121955382, 2.00187262001, 1.82317729465, -0.738242366812, -0.934091934395, -0.950837024158, 0.0, 2.0, -0.912901653592, 1.28616163532, -1.0, -1.0, -0.67325012253, -0.601497279275, 0.843527225681, 2.54750772637, 0.168793134846, 1.96134430182, -1.0, 1.0, 2.29362048093, 3.0, -0.196919196877, 95827.0, 431.0, 99581.0
0.909112894608, 0.0, 0.0, 3.0, 2.0, 1.0, 1.0, 1.16709248413, 0.0, 3.0, 3.0, 2.0, 3.0, 0.0, 2.0, -0.371768807793, 2.20298423729, 1.0, 2.0, 2.0, 0.0, 0.0, 0.0, 3.0, 2.0, 0.0, 2.33499603228, 0.0, 0.0, 0.838340717814, 0.0, 2.0, 1.44850085703, 1.56572714241, 1.0, 1.0, 0.895917676956, 1.0, 0.758319183019, 2.0, 0.0, 3.0, 1.0, 2.0, 1.0, 1.0, 0.0, 0.433554798179, 2.0, 3.0, 93571.0, 738.0, 99301.0
-0.097969780964, 1.93061682373, 3.0, 3.0, 0.0, 3.0, 0.441346139148, -0.0752985342093, 1.47219793987, 1.33063480364, 2.45534774867, 0.643251568596, 2.28304542298, 1.0, -0.683580279832, 1.0, -0.148482569008, 0.727021198476, 3.0, -0.485791041239, 0.0, 0.905043654385, 2.0, -0.332900974396, 0.0775370914311, 1.0, 1.77476352447, 1.08828735543, -0.173143983534, 2.25026594654, 1.22007340089, -0.0755450563984, 0.331985510597, 1.0, 2.0, 0.314661378004, 0.895917676956, 1.0, 2.22228748774, 0.263161035772, 2.0, 0.339327344625, 1.19253784999, 0.759033455309, 1.0, -1.0, 0.0, 0.433554798179, 2.22981430038, 3.0, 93389.0, 700.0, 99331.0
-1.0, -1.0, 3.0, 0.657366873473, 0.24871900281, -0.174928835415, 1.0, 2.0, 1.1151766634, -1.0, 2.0, -0.549659344598, 2.0, -0.855510959448, 3.0, -0.920952440851, 1.97208883221, 1.0, -1.0, 2.0, 3.0, -1.0, 3.0, 0.0, -1.0, 3.0, 1.0, 1.0, 3.0, 1.99854499263, 2.0, 0.0, 2.56510350272, -1.0, -0.921334197268, -1.0, -1.0, 1.252222069, 1.0, 0.970378830232, 0.0, 0.526510504987, 1.39717805939, -0.859579558817, -1.0, -0.575665299268, -0.594851536601, 1.0, 2.90927663885, 2.0, 96042.0, 460.0, 99526.0
-0.676507784906, 2.87987624995, 1.0, 1.21748962991, 1.71893382653, 2.287083092, 0.39376868283, -1.0, 2.0711412624, -0.964324277395, -0.153033909533, 2.07150982046, -1.0, 0.25423949892, -1.0, -0.700573493282, -1.0, 0.0, -1.0, 2.99271549555, 0.394048146081, 0.185540759047, 0.0456677269477, -1.0, -1.0, -0.515735915346, -0.626853377045, -0.861812997346, 2.00187262001, 1.82317729465, 0.332044962523, -0.934091934395, -0.950837024158, 0.0, 2.0, -0.912901653592, 1.13660504409, -1.0, -1.0, -0.67325012253, -0.601497279275, 0.843527225681, 2.54750772637, 0.168793134846, 1.96134430182, -1.0, 1.0, 2.29362048093, 3.0, -0.196919196877, 95895.0, 427.0, 99580.0
0.444862767897, -1.0, 2.0, 2.74198091439, 0.0247590133491, 2.9106098459, -0.30753478459, 2.0, -1.0, 1.27060051527, 2.39046530492, 1.0, 3.0, 2.35356450266, -0.637461559755, -0.904697897775, -0.889335748933, 2.78803758004, 0.293217026554, 0.0, 0.188919766229, -0.718618008871, -1.0, -1.0, 2.52396903216, -0.546441543829, 0.0593991482281, 0.772456700947, 2.00187262001, -0.862009738006, 2.56767816431, 2.65926705911, -1.0, 0.630646164702, 1.0, 2.0, -1.0, 1.04429758941, 1.61038528758, 2.0, 2.0, 1.0, -0.101773102109, 1.28177111255, -0.624637338393, 1.0, -1.0, -0.325145758836, 2.0, 1.07287898569, 95308.0, 505.0, 99477.0
1.79055151488, 0.0, -0.27795689555, 0.601657283122, 0.226068247792, 0.393701575823, -0.952346512525, 3.0, -0.850528451196, -0.572323930954, -0.143746386787, -1.0, 0.942399997048, 1.68507036146, -0.470406650772, -0.795868063775, -0.997993803367, -0.421335665966, 0.805669395769, 1.41693650276, -0.114189557168, -1.0, 1.290964837, -0.221822830982, 3.0, -1.0, 0.0, -0.212826890121, 0.0, -0.676753612259, 3.0, 0.922149306531, -1.0, 1.0, 0.0, 2.80477012001, -1.0, 2.0, -0.873454691577, 1.96296750339, 3.0, 1.0, 1.07724561741, 3.0, -0.874503476332, 3.0, -0.54053990647, -0.28030823249, 0.0, -0.137695569682, 94597.0, 513.0, 99463.0
1.79055151488, 0.0, 1.0, 0.601657283122, 0.226068247792, 2.02833311032, -0.952346512525, 3.0, -0.850528451196, -0.572323930954, 3.0, -1.0, 0.942399997048, 1.82636871878, -0.807746651897, -1.0, 0.750101286144, 1.0, 0.805669395769, 1.28445815958, -0.114189557168, -0.722420608093, 1.290964837, -0.221822830982, 3.0, -1.0, 0.96175024241, -0.212826890121, 0.0, -0.676753612259, 3.0, 3.0, -1.0, 1.0, 0.0, 2.80477012001, -1.0, 2.0, -0.873454691577, 1.96296750339, 3.0, 1.0, 1.07724561741, 3.0, 0.0, 3.0, -0.54053990647, -0.28030823249, 0.0, -0.394112535692, 94844.0, 525.0, 99447.0
-0.649190454185, -1.0, 2.0, 2.74198091439, 0.0247590133491, 2.74853821232, -0.30753478459, 0.0, -1.0, 1.27060051527, 2.39046530492, 1.0, 3.0, 0.0866062791396, -0.601821309512, -0.904697897775, -0.889335748933, 2.78803758004, 1.0, 0.0, -0.295357034734, -0.718618008871, -1.0, -1.0, 2.0, -1.0, 0.0, -0.861812997346, 2.00187262001, -1.0, 0.995626469775, 2.65926705911, -1.0, 0.630646164702, 1.0, 2.0, -1.0, 1.0, 0.0, 2.0, 2.0, 1.0, -1.0, 1.28177111255, -0.624637338393, 1.0, -1.0, -0.730901017528, 2.0, -0.680984851904, 95940.0, 434.0, 99551.0
1.79055151488, 0.0, 1.0, 0.601657283122, 0.226068247792, 0.393701575823, -0.952346512525, 3.0, -0.850528451196, -0.572323930954, -0.170839111721, -1.0, 0.942399997048, 1.82636871878, -0.470406650772, -0.795868063775, -0.997993803367, 1.0, 0.805669395769, 1.41693650276, -0.114189557168, -1.0, 1.290964837, -0.221822830982, 3.0, -1.0, 0.0, -0.212826890121, 0.0, -0.676753612259, 3.0, 0.922149306531, -1.0, 1.0, 0.0, 2.80477012001, -1.0, 2.0, -0.873454691577, 1.96296750339, 3.0, 1.0, 1.07724561741, 3.0, 0.0, 3.0, -0.54053990647, -0.28030823249, 0.0, -0.137695569682, 94505.0, 530.0, 99449.0
1.75424283659, 0.0, 1.0, 0.601657283122, 0.226068247792, 0.393701575823, -0.952346512525, 3.0, 0.0, -0.572323930954, -0.170839111721, -1.0, 0.942399997048, 1.82636871878, 2.27067843414, -0.795868063775, -0.997993803367, 1.0, 0.805669395769, 1.41693650276, -0.114189557168, -1.0, 1.290964837, -0.221822830982, 3.0, -1.0, 0.0, -0.212826890121, 0.0, 1.0, 3.0, 2.0, -1.0, 2.38029766907, 2.0, 2.80477012001, -1.0, 2.0, -0.873454691577, 1.96296750339, 3.0, 1.0, 3.0, 3.0, 0.317440491171, 3.0, -0.54053990647, 2.24287051473, 0.0, -0.458673825045, 94750.0, 560.0, 99432.0
-0.649190454185, -1.0, 2.0, 2.83907699762, 0.0247590133491, 2.74853821232, -0.30753478459, 0.0, -1.0, 1.27060051527, 0.722818683744, 1.0, 3.0, 0.0866062791396, 0.473992629139, -0.904697897775, -0.889335748933, 2.78803758004, -0.165131731541, 0.0, -0.295357034734, -0.718618008871, -1.0, -1.0, 2.0, 0.617480356103, 0.795449625678, -0.861812997346, 2.00187262001, -1.0, -0.132356229948, 2.65926705911, -1.0, -0.102255536044, -0.11070474805, 1.62349143157, -1.0, -0.429956894369, 0.0, 2.0, 0.789709642928, 1.0, -1.0, 1.28177111255, -0.624637338393, 1.0, -1.0, -0.730901017528, 1.46143813943, -0.680984851904, 95472.0, 467.0, 99526.0
0.123719377545, -1.0, 2.0, 1.1797629117, 0.0, 3.0, -0.30753478459, -0.157769478227, -1.0, 2.0, 1.0, 1.0, 3.0, 0.0866062791396, -0.889920751387, 0.235019838711, 0.0, 0.727021198476, 1.0, 0.0877209681613, -0.295357034734, 0.740875236571, -1.0, -1.0, 0.156590875823, -1.0, 0.0, -0.131099041608, 0.228185174445, -1.0, 0.995626469775, 3.0, -1.0, 0.630646164702, 1.0, 2.0, -1.0, 1.0, 0.0, 2.08299559116, -0.397381306769, 1.0, -1.0, 1.28177111255, 3.0, 1.0, 0.0, -0.730901017528, 2.28527310208, 2.73892148427, 94281.0, 559.0, 99440.0
0.804114166051, -1.0, 2.0, 1.63464910768, 0.0, 3.0, 0.920372444188, 0.0, -1.0, 0.364945260666, 2.4096937785, 1.0, 3.0, 0.0866062791396, -0.581957571328, -0.904697897775, 0.0, 2.9838951426, 1.49590634263, 0.0, -0.295357034734, -0.718618008871, -1.0, -1.0, 2.25488321628, -1.0, 0.0, -0.861812997346, 3.0, -0.761524445243, 0.995626469775, 2.65926705911, -1.0, 0.630646164702, -0.441347038797, 1.3962959595, -0.659087454894, 1.0, -0.73818211837, 2.5932440074, -0.397381306769, 1.0, -1.0, 1.46948544168, -0.174417625732, 1.0, 0.0, -0.858293020137, 2.0, -0.680984851904, 95125.0, 478.0, 99501.0
-0.676507784906, 0.256653370593, 1.15208390166, 1.0, 1.71893382653, 2.287083092, 0.0, -1.0, 0.278147167683, -0.957154720567, 1.4124786219, 2.0, -1.0, -0.738810978479, -1.0, -0.700573493282, -1.0, 0.0, 0.437415787808, -0.183175864507, 3.0, -1.0, -0.350817322236, -0.553418829084, -0.160021179436, -0.515735915346, -0.361751977892, 1.0, 2.00187262001, 3.0, 0.0, -0.352506677556, -1.0, 0.0, 2.0, -0.912901653592, 3.0, -1.0, -1.0, 2.0, 1.03153427978, -0.00697386593174, 0.166793882896, 0.271473565449, -0.284206882457, -1.0, 2.48291167077, 2.03478295094, 1.32399053058, 1.0, 94904.0, 490.0, 99509.0
-0.676507784906, 2.87987624995, 2.45082956993, 1.21748962991, 1.71893382653, 2.287083092, 0.0, -1.0, 2.0711412624, -0.964324277395, -0.153033909533, 2.07150982046, -1.0, 0.25423949892, -1.0, -0.700573493282, -1.0, 0.0, -1.0, 2.99271549555, 0.394048146081, 0.185540759047, 0.0456677269477, -1.0, -1.0, -0.515735915346, -0.626853377045, 0.396121955382, 2.00187262001, -1.0, -0.738242366812, -0.934091934395, -0.950837024158, 0.0, 2.0, -0.912901653592, 1.28616163532, -1.0, -1.0, -0.67325012253, -0.601497279275, 0.843527225681, 2.54750772637, 0.168793134846, 1.98987624245, -0.353213408832, 1.0, 2.29362048093, 3.0, -0.196919196877, 95702.0, 435.0, 99572.0
0.465976336539, 0.0, 0.0, 3.0, 2.90942559554, 1.0, 1.0, 3.0, -0.879530365708, 3.0, 3.0, 0.863078048287, 3.0, 0.0, 2.0, -0.371768807793, 1.26958451793, 0.195547785635, 2.0, 2.26329357521, -0.381014538185, 0.0, 0.0, 3.0, 2.0, 0.0, 3.0, 0.0, 0.0, 0.838340717814, 0.0, 0.569060500727, -0.331472037651, 1.56572714241, 0.857341478927, 1.622373482, 2.0, 1.07533812359, 0.584584175525, 2.0, 0.0, 3.0, 0.323799461324, 2.78012421248, 1.0, 1.0, 0.653457510035, 0.131002438683, 2.0, 1.8610215653, 93566.0, 723.0, 99311.0
-1.0, 0.93443718744, 2.68841789212, 0.0394858973123, 2.0, 2.287083092, 1.09157332767, -1.0, 2.49820719129, -0.957154720567, -0.153033909533, 2.0, 0.663349087796, 0.0416771001304, -1.0, -0.700573493282, 0.851375310702, 0.0, 0.330533921936, 2.0, 3.0, -0.8984005775, -0.350817322236, 0.0, -0.11631787473, -0.515735915346, 1.0, 1.0, 2.00187262001, -1.0, 0.0, -0.934091934395, -0.747395941098, -0.107725341184, 2.30692068835, -0.912901653592, 3.0, -1.0, -1.0, 0.926980832434, 0.252330013423, 0.843527225681, 2.54750772637, 0.758641270956, 2.16058742571, -1.0, -0.911878186649, 2.03478295094, 3.0, 1.0, 95056.0, 498.0, 99483.0
-0.649190454185, -1.0, 2.0, 2.74198091439, 0.0, 3.0, -0.30753478459, -0.593348019573, -1.0, 2.0, 1.0, 1.0, 3.0, 0.0866062791396, -0.581957571328, 0.235019838711, 0.0, 0.727021198476, 2.5279175673, 0.0, -0.295357034734, 0.12319947319, -0.372789702102, -1.0, -1.0, -1.0, -0.970961225801, -0.131099041608, -1.0, -1.0, 0.995626469775, 2.65926705911, -1.0, 0.630646164702, 1.0, 2.0, -1.0, 1.0, 0.0, 2.08299559116, -0.290752356375, 1.0, -1.0, 1.28177111255, 0.798964564464, 1.0, 0.0, -0.730901017528, 2.96178713922, -0.680984851904, 95040.0, 498.0, 99506.0
1.79055151488, 0.0, 1.0, 0.601657283122, 0.226068247792, 0.393701575823, -0.952346512525, 3.0, -0.850528451196, -0.572323930954, -0.170839111721, -1.0, 0.942399997048, 1.82636871878, -0.470406650772, -0.977444221529, -0.38046096155, 1.0, 0.805669395769, 1.41693650276, -0.114189557168, -1.0, 1.290964837, -0.221822830982, 3.0, -1.0, 0.0, -0.212826890121, 0.0, -0.676753612259, 3.0, 0.922149306531, -1.0, 1.0, 0.0, 2.80477012001, -1.0, 2.0, -0.873454691577, 1.96296750339, 3.0, 1.0, 1.07724561741, 3.0, 0.0, 3.0, -0.54053990647, -0.28030823249, 0.0, -0.394112535692, 94318.0, 544.0, 99433.0
-0.676507784906, 2.87987624995, 1.15208390166, 1.0, 0.0406720448334, 2.287083092, 0.0, -1.0, 0.278147167683, -0.957154720567, 1.4124786219, 0.0, -1.0, -0.705571957278, -1.0, -0.700573493282, -1.0, 0.0, 1.18303396041, 2.8859622115, -0.781056951172, -1.0, -0.951137894057, -1.0, -0.160021179436, -0.515735915346, -0.361751977892, 1.0, 2.00187262001, 3.0, 0.0, -0.934091934395, -1.0, -0.40903276147, 2.0, -0.912901653592, 2.8179963694, -1.0, -1.0, 2.0, 0.0, 0.843527225681, 0.166793882896, 0.271473565449, 1.0, -0.540416101669, 2.48291167077, 2.03478295094, 1.32399053058, 1.0, 95627.0, 436.0, 99561.0
0.123719377545, -1.0, 2.20470341781, 1.0, 0.0, 3.0, -0.30753478459, -0.895110019633, -1.0, 0.0, 1.0, 1.0, 3.0, 0.0866062791396, -0.470063906713, 1.18088262171, 0.330365559935, 0.727021198476, 1.0, 0.0877209681613, -0.295357034734, -0.718618008871, -1.0, 0.711581052716, 0.156590875823, -1.0, 0.0, -0.131099041608, 0.228185174445, -1.0, 0.995626469775, 3.0, 1.86876840262, -1.0, 0.999270999745, 2.0, -1.0, 1.0, -0.771837918727, 2.08299559116, -0.172175908291, 1.0, -1.0, 1.76326932018, 3.0, 0.928221466249, 0.0, -0.730901017528, -0.43624492818, -0.698491416513, 94458.0, 527.0, 99461.0
0.464954402587, -1.0, 0.83151803618, 2.74198091439, 0.0, 2.74853821232, -0.30753478459, 0.0, -1.0, 1.27060051527, 2.39046530492, 1.0, 3.0, 0.0866062791396, -0.935678701657, -0.904697897775, 0.0, 2.88570671766, 1.0, 0.0, 0.803207590171, -0.793376861116, 2.58722684018, 0.0, 2.0, -1.0, 0.0, -0.861812997346, 3.0, -1.0, 0.995626469775, 2.65926705911, -1.0, 0.630646164702, 1.0, 2.0, -1.0, 1.0, 0.702382630173, 2.0, 2.0, 0.44261368333, 1.79938935087, 2.47009312624, -0.624637338393, 1.0, -1.0, -0.730901017528, 2.0, -0.680984851904, 95132.0, 511.0, 99471.0
1.63795334098, 1.0, 0.164705780331, 2.78899365013, 0.0, 1.02705305544, 3.0, -1.0, 2.86772866153, -1.0, 3.0, 0.447808871901, 3.0, 2.83262801859, 1.0, -0.795868063775, 0.0, 3.0, -1.0, 2.82502695589, 0.0, 3.0, -0.788846035337, 0.501299281708, -0.992101101918, -0.127800337811, -0.324504551157, 1.0, 0.323443924636, -1.0, 0.0, 0.910460797528, 2.30139387098, 2.0, 1.40224413633, 0.0, -1.0, 0.590290886032, -1.0, 2.48116406035, 0.0, 1.19624157737, 2.0, 2.0, 1.421967729, 3.0, -0.18809499538, -0.712197477936, 1.23783990849, 0.538571432546, 94655.0, 570.0, 99419.0
0.123719377545, -1.0, 1.74772946163, 1.00753824673, 0.0, 3.0, -0.30753478459, -0.157769478227, -1.0, 2.0, 1.0, 1.0, 3.0, 0.0866062791396, -0.889920751387, 0.235019838711, 0.0, 0.727021198476, 1.0, 0.0877209681613, 1.79955842824, 0.730385311564, -1.0, -1.0, 0.156590875823, -1.0, 0.0, -0.131099041608, 0.228185174445, -1.0, 0.995626469775, 3.0, -1.0, 0.630646164702, 1.0, 2.0, -1.0, 1.0, -0.711700722024, 2.08299559116, -0.397381306769, 1.0, -1.0, 2.33075418065, 3.0, 1.0, 0.0, -0.730901017528, 2.55799022611, 2.73892148427, 94453.0, 542.0, 99446.0
1.0, -0.64737954774, 3.0, 1.0, 0.00345856071862, 0.395875473953, 1.54583747311, 1.38302973156, 3.0, 0.0, -0.143746386787, 2.0, 2.0, 1.68507036146, -1.0, -0.391917690057, 0.0, 0.0, 2.0, 2.0, 2.46246740804, 2.0, 2.30723270301, 2.0, 0.961401416929, 0.0, 2.0, 0.98070546671, 1.3757503315, -0.809103936643, -0.429627611785, -0.0031565530976, 1.0, 0.411919067465, 0.0, 0.166765097589, -1.0, 1.0, -1.0, 0.0121405448944, -0.234418554385, 3.0, -0.45374862169, -1.0, 1.0, -0.0434902143179, -0.21728547178, 3.0, 1.0, 2.52965388957, 93684.0, 630.0, 99365.0
0.467701704786, -0.64737954774, -0.299945345387, 3.0, 2.0, 1.0, 1.0, -1.0, 1.33250004182, 3.0, 3.0, 2.0, 2.0, 0.0, -1.0, -0.904697897775, 2.20298423729, 2.9838951426, 2.0, 2.0, 0.621160927718, 0.0, 0.0, 3.0, 2.0, 0.421100017803, 3.0, 1.0, 1.15565822757, 2.07713170101, -0.169532973953, 1.57629511927, 1.44850085703, 1.56572714241, 1.05607619058, 0.653700446451, -1.0, 1.0, -1.0, 2.0, 0.0, 3.0, 1.0, 2.0, 1.0, 2.92208772147, -0.21728547178, 1.84387445247, 2.0, 3.0, 94541.0, 626.0, 99371.0
-0.431819143828, 1.68936435049, -0.201993393869, 3.0, 2.5838620985, 2.75475781546, 0.0, 2.0, 2.0, 0.0, 3.0, 3.0, 3.0, 2.35356450266, 0.0, -1.0, 0.0, 2.9838951426, -0.983024124145, 1.28445815958, 1.0, 0.0, 0.0, -0.198319084134, 2.37411780442, -1.0, 0.253179803055, 0.372574566573, 1.0, 0.839535286679, 1.0, 3.0, -0.215629766568, -1.0, 1.0, 2.0, -0.883613963498, -0.456192908016, -1.0, 2.0, 0.0, 1.0, 2.0, -0.101361720605, 2.0, 0.115870264803, 0.0416782494692, 0.0, 1.0, 1.91213029876, 94032.0, 641.0, 99362.0
-0.649190454185, -1.0, 2.0, 2.74198091439, 0.0247590133491, 2.74853821232, -0.30753478459, 1.27371525487, -1.0, 1.27060051527, 1.0, 1.0, 3.0, 0.0866062791396, -0.795688371926, -0.904697897775, -0.889335748933, 2.89116848669, 1.0, 0.0, -0.295357034734, 0.181386726577, -1.0, -1.0, 2.0, 0.617480356103, 0.882675721853, -0.861812997346, 2.00187262001, -1.0, -0.132356229948, 2.65926705911, -1.0, -0.102255536044, -0.11070474805, 2.43176474752, -1.0, -0.429956894369, 1.01839411999, 2.0, 0.789709642928, 1.0, -1.0, 1.28177111255, -0.624637338393, 1.0, -1.0, -0.0347059341684, 2.0, 1.56519475201, 95250.0, 494.0, 99495.0
-1.0, 2.00971359167, 2.68841789212, 0.0394858973123, 2.0, 2.287083092, 1.09157332767, -1.0, 2.49820719129, -0.957154720567, -0.153033909533, 2.0, 1.78061447311, 0.0416771001304, -1.0, -0.729803208864, 0.851375310702, 0.0, 1.0, 2.0, 3.0, -0.8984005775, -0.350817322236, 0.0, -0.160021179436, -0.515735915346, 1.0, 1.0, 2.00187262001, -1.0, -0.564756085138, -0.934091934395, -0.747395941098, -0.107725341184, -0.303418749479, -0.912901653592, 3.0, -1.0, -1.0, 0.926980832434, 0.252330013423, 0.843527225681, 2.54750772637, 0.758641270956, 2.16058742571, -1.0, -0.889285053293, 2.03478295094, 3.0, 1.0, 95207.0, 486.0, 99497.0
-1.0, 0.93443718744, 1.15208390166, 1.0, 2.0, 2.287083092, 1.09157332767, -1.0, 2.52490979242, -0.957154720567, -0.153033909533, 2.0, -1.0, -0.705571957278, -1.0, -0.700573493282, -0.630637660757, 0.0, 1.0, 2.24006201156, 3.0, 0.0, -0.350817322236, 0.425981697792, -0.160021179436, -0.515735915346, 1.0, 1.0, 2.3713943173, 3.0, 0.0, -0.934091934395, -1.0, -0.906548566897, 2.0, -0.912901653592, 3.0, -1.0, -1.0, 2.0, 0.0, 0.843527225681, 2.56480658697, -0.934724337554, 2.16058742571, -1.0, 1.0, 2.03478295094, 3.0, 1.0, 95543.0, 472.0, 99521.0
0.670025023636, 0.93443718744, 1.15208390166, 1.0, 1.67328509388, -0.239520918858, 1.5536437389, -1.0, 2.32027153974, -0.957154720567, -0.153033909533, 2.0, -0.0749518370889, -0.705571957278, -1.0, -0.700573493282, -0.630637660757, 1.1071487405, 1.0, 2.0, 3.0, 0.133470277395, -0.350817322236, 0.425981697792, -0.589487112188, -0.515735915346, 1.0, 1.0, 2.00187262001, 3.0, 0.0, -0.934091934395, -1.0, 0.0, 2.0, -0.912901653592, 3.0, -1.0, -1.0, 2.0, 0.0, 0.843527225681, 1.67465458915, -0.556464054415, 2.16058742571, -1.0, 1.0, 2.03478295094, 1.09839175948, 1.0, 95049.0, 501.0, 99492.0
3.0, -1.0, 0.0, 3.0, 0.0, 1.46199374027, 1.0, 2.0, -0.879530365708, 2.0, 1.79977268768, 2.0, 0.0, -1.0, 3.0, 2.40728018305, -0.619442408649, 0.449633683469, 1.0, 2.16270395471, -0.00314947724894, 1.0, 1.0, 0.0, 1.0, 2.82530045015, -0.375103049878, 0.0, 0.51853844896, 2.90995500768, 3.0, 0.0, 2.0, 0.318325734667, 0.0, 2.0, 2.0, 1.0, 1.0, 2.1093128112, 0.0, 0.0, 1.46622247636, 0.354883446547, 0.0, 0.0, 1.29619889059, 0.331155820391, -0.266413125715, 1.22488088644, 93419.0, 678.0, 99355.0
3.0, 0.0, 0.0, 3.0, -0.729119453031, 0.157099158737, 2.76309675778, -0.0210248147628, 0.0, 3.0, 3.0, 1.65596562281, 3.0, 0.0, 2.64561847415, -0.371768807793, 2.20298423729, 2.13892426982, 0.0146526084762, 0.0, 0.0, 0.279893729548, 0.591926215122, 3.0, 2.0, -0.617318149312, 2.0081483505, 0.264130463029, 0.0, -0.676753612259, -0.0708214391078, 2.62765064958, 2.43717036102, 1.56572714241, 1.0, -0.438326312759, -0.81389686418, -0.576529513173, -1.0, 0.231479878743, 0.0, 0.0, 1.0, 2.0, 1.0, 0.330777289889, 2.0, 1.97001810501, 1.0, 0.415243770416, 93829.0, 649.0, 99362.0
1.44656523066, 1.0, -0.00382728634471, 2.59393552821, 0.0265608428957, 1.02705305544, 3.0, -1.0, 2.74788832656, -1.0, 3.0, 1.65358312752, 0.877162483831, 1.36885147392, 1.0, -0.621709692762, 0.0, 3.0, -0.414134130019, 0.0, 0.0, 2.97435436815, 0.848434199496, 0.501299281708, -0.0758028001847, 1.0, 0.45964759676, 0.544821301808, 1.33531873338, -1.0, -0.637063319805, 1.0, 1.0, 2.97632205089, 3.0, 0.0, -1.0, 1.02994393668, -1.0, 0.71180423432, 0.252330013423, 0.0625504524333, 0.291040535022, 2.0, 1.0, 3.0, 0.411803025022, 0.984664019205, 2.6525812165, 2.79313297251, 94135.0, 618.0, 99376.0
1.78708772929, 0.256653370593, 1.15208390166, 1.0, 1.71893382653, 2.287083092, -0.518136592135, -1.0, 0.278147167683, -0.957154720567, 1.4124786219, 2.0, -1.0, -0.705571957278, -1.0, -0.700573493282, -1.0, 0.0, -0.975825453007, 2.8859622115, -0.889263307558, -1.0, -0.350817322236, -1.0, -0.160021179436, -0.515735915346, -0.361751977892, 1.0, -0.109892625751, 3.0, -0.853393590479, -0.934091934395, -1.0, 0.0, 2.0, -0.912901653592, 3.0, 1.08037946557, -1.0, 2.39846380684, 0.0, -0.00697386593174, 0.166793882896, 0.271473565449, 1.0, -1.0, 2.48291167077, 2.03478295094, 1.32399053058, 1.9361236509, 95657.0, 442.0, 99554.0
-0.676507784906, 2.87987624995, 1.15208390166, 1.0, 2.0, 2.287083092, 0.0, -1.0, 0.278147167683, -0.957154720567, 2.34902618286, 0.0, -1.0, 0.0, -1.0, -0.700573493282, -1.0, -0.558009797773, 1.18303396041, 2.8859622115, -0.781056951172, -1.0, -0.951137894057, -1.0, -0.160021179436, -0.515735915346, -0.361751977892, 1.0, 2.00187262001, 3.0, 0.0, -0.934091934395, -1.0, -0.40903276147, 2.0, 0.123178147272, 2.8179963694, -1.0, -1.0, 2.0, 0.0, -0.436108162461, 0.166793882896, 0.271473565449, 1.0, -0.540416101669, 2.48291167077, 2.03478295094, 1.32399053058, 1.0, 95626.0, 452.0, 99556.0
-0.649190454185, -1.0, 2.0, 2.74198091439, 0.0247590133491, 2.74853821232, -0.30753478459, 0.289480651327, -1.0, 1.27060051527, 2.39046530492, 1.0, 3.0, -0.326011267998, -0.601821309512, -0.904697897775, 0.00230212245739, 2.99196023755, 1.0, 0.0, -0.295357034734, -0.718618008871, -1.0, -1.0, 2.0, -1.0, 0.0, -0.861812997346, 2.00187262001, -1.0, 0.995626469775, 2.65926705911, -1.0, 0.630646164702, 1.0, 2.0, -1.0, 1.0, 0.0, 2.0, 2.00628397768, 1.0, -1.0, 1.28177111255, -0.833524926124, 1.0, -1.0, -0.730901017528, 2.0, -0.680984851904, 95753.0, 448.0, 99535.0
0.0, 0.0, 2.35311251799, -0.199045703132, 2.0, -0.159238237196, -0.0195302001367, 1.38302973156, 3.0, -0.116612915916, -0.143746386787, 2.0, 2.89323938901, -0.519641627142, -0.85583143384, 0.278875597099, 0.0, 0.0, 2.90415681245, 2.0, 0.526004320888, 2.0, 2.0, 2.0, 0.961401416929, 0.0, 0.836720997222, 1.12799733291, 2.0, -0.676753612259, 1.0, -0.0031565530976, 1.0, 0.429920750668, 0.317063702538, 0.166765097589, -1.0, 0.42567704753, -0.901184518698, 0.970378830232, 1.0, 3.0, 1.0, -0.614187672017, 1.0, -1.0, -0.996717457763, 1.88158610118, 1.0, 2.52965388957, 93999.0, 602.0, 99389.0
-0.649190454185, -1.0, 2.0, 2.74198091439, 0.0, 2.74853821232, -0.30753478459, 0.0, -1.0, -1.0, 2.39046530492, 1.0, 3.0, 1.08525268815, -0.581957571328, -0.904697897775, 0.0, 2.78803758004, 1.0, 0.0382848682204, -0.295357034734, -0.718618008871, -1.0, 0.871637176094, 2.0, -1.0, 0.0, -0.861812997346, 3.0, -1.0, 0.995626469775, 2.65926705911, -1.0, 2.97632205089, 2.48128649626, 2.0, -1.0, 1.02994393668, 0.0, 2.0, 2.0, 1.0, -1.0, 2.94056693952, -0.624637338393, 1.0, -1.0, -0.730901017528, 0.64913485314, -0.680984851904, 95920.0, 448.0, 99531.0
0.563249089509, 1.31676502756, 0.0, 1.14173947771, 0.0, 1.02705305544, 3.0, 3.0, 2.74788832656, -1.0, 3.0, 2.0, 1.24154814727, 3.0, -0.825680079336, -0.621709692762, 0.0, -0.475690304157, -1.0, 0.0, 0.310181393893, -0.000519462032623, 2.10789491468, 0.501299281708, 1.0, 1.0, -1.0, 0.0, -0.358315026272, -1.0, -0.368867483889, 1.0, 1.0, 2.73102639681, 0.497168647139, 0.0, -1.0, 2.0, -1.0, 0.883234571212, 0.0, 1.19624157737, 2.0, 2.0, 1.0, 3.0, -0.879078822625, 0.0, 0.0748973843747, 2.79313297251, 94118.0, 592.0, 99397.0
3.0, 0.381159762064, 2.88424542263, 3.0, 0.0645656751305, 0.869115519613, 1.0, 2.0, -1.0, 1.53377392154, 2.81300763519, 2.0, -0.175240502493, -0.989118768151, 3.0, -0.34741729681, 3.0, 0.191118399203, 2.24446857214, 2.0, -0.110855841204, -0.431535635856, 1.0, 0.0, 1.0, 2.02530759333, -0.460350104755, 0.0, 2.0, 1.0, 3.0, 0.0, 1.48021289108, 0.0, 0.0, 2.05911907979, 1.72893407011, 0.228751830199, 0.484793102699, 2.0, -0.618392729663, 0.0, -0.0765947404358, 0.197199876347, 0.0, -0.142163795421, 2.07755793694, -0.353525686814, -0.0807087688069, 1.0015399966, 93487.0, 698.0, 99340.0
3.0, 0.0, 0.0, 3.0, 2.0, 1.0, 1.0, 3.0, 0.0, -0.166869999063, 3.0, 2.0, 3.0, 0.223966398854, 2.0, -0.34741729681, 1.0, 1.0, 2.0, 2.0, 0.0, 0.0, 0.0, 3.0, 2.0, 2.64518538246, 3.0, 0.0, 0.0, 1.0, 0.0, 1.42052638912, 3.0, 3.0, 1.0, 1.0, 1.0, 1.0, -1.0, 2.0, 0.0, 3.0, 1.0, 1.54660055685, 1.0, 1.0, 2.0, 1.0, 2.0, 3.0, 93880.0, 721.0, 99307.0
-0.66863309298, -1.0, 2.0, 2.74198091439, 0.0, 3.0, -0.30753478459, -0.713128714371, -1.0, 2.0, 1.0, 1.0, 3.0, 0.0609209121901, -0.581957571328, 0.235019838711, 0.0, -0.322325048118, 2.5279175673, 0.0, -0.295357034734, 0.188434866506, -0.372789702102, -1.0, -0.911053545129, -1.0, -0.684892199195, -0.131099041608, -1.0, -1.0, 0.995626469775, 2.65926705911, 0.493354847393, 1.5793288597, 1.0, 2.0, -1.0, 1.0, 0.0, 2.08299559116, -0.290752356375, 1.0, -1.0, 1.28177111255, 0.798964564464, 1.0, 0.0, -0.730901017528, 2.96178713922, -0.680984851904, 94893.0, 510.0, 99497.0
-0.383657913665, 0.0, 3.0, -0.770953163829, 2.0, -0.201765248348, 1.54583747311, 1.38302973156, 3.0, 0.0, 0.296569215999, 1.84842830775, 2.0, 0.0866062791396, -1.0, 2.80047414607, 0.0, 0.0, -0.384112750012, 2.0, 2.91790017486, 2.0, 2.0, -0.0292367489641, -1.0, -0.803469004978, 2.17634582594, 0.0, 1.3757503315, -0.676753612259, -0.429627611785, 0.536132870683, 1.0, 0.434255790427, 0.0, 0.166765097589, -1.0, 1.0, -1.0, 0.970378830232, 1.0, 3.0, 0.454775150133, -1.0, 1.0, -1.0, -0.99967522735, -0.0604165267052, -0.850945260891, 1.0, 94209.0, 566.0, 99426.0
-0.431819143828, 1.68936435049, -0.201993393869, 3.0, 2.5838620985, 2.75475781546, 0.0, 2.0, 2.0, 1.73672970068, 3.0, 3.0, 1.91035585299, 2.35356450266, 0.0, -1.0, 0.0, 2.9838951426, -0.983024124145, 1.28445815958, 1.0, 0.0, 0.0, -0.198319084134, 2.37411780442, -1.0, 0.253179803055, 0.372574566573, 0.81707103533, 0.543304593524, 1.0, 3.0, -0.215629766568, 2.12385285415, 1.0, 2.91841650211, -0.996679251945, -0.456192908016, -1.0, 2.0, 0.0, 1.0, 2.0, -0.101361720605, 2.0, 0.115870264803, 0.0416782494692, 0.0, 2.57205450627, 1.91213029876, 94028.0, 658.0, 99350.0
0.193084242422, 1.68936435049, -0.201993393869, 3.0, 0.167679327327, 3.0, 1.91097151389, 2.0, 2.0, 0.0, 3.0, 3.0, 3.0, 2.35356450266, 0.0, -1.0, 0.0, 2.0, 0.0, 1.28445815958, 1.0, 0.907916035279, 0.0, 3.0, 2.37411780442, 1.30238361192, 0.253179803055, 0.372574566573, 1.0, 0.839535286679, 1.0, 3.0, 1.44850085703, 0.706187110215, 1.0, 2.0, 1.15664165054, -0.456192908016, 0.0, 2.0, 0.0, 1.0, 2.0, -0.244913296899, 2.0, 1.56574106492, 0.0416782494692, 0.0, 1.0, 2.7370657612, 93765.0, 719.0, 99313.0
0.0, 0.0, -0.27795689555, 1.0, 2.0, 0.0, 1.54583747311, 1.38302973156, 3.0, 0.0, -0.143746386787, 2.0, 2.0, 1.68507036146, -1.0, -1.0, 0.0, 0.0, 2.0, 2.0, 2.46246740804, 2.0, 2.0, 2.0, 0.961401416929, 0.0, 2.0, 0.98070546671, 1.3757503315, -0.676753612259, -0.429627611785, -0.0031565530976, 1.0, 0.411919067465, 0.0, 0.166765097589, -1.0, 1.15983072973, 0.654744106767, 0.264591536264, 1.0, 1.8892531248, 1.0, -1.0, 1.0, -1.0, -0.996717457763, 3.0, 1.0, 2.52965388957, 93930.0, 612.0, 99382.0
1.24789147948, 2.60709139264, 0.0, 3.0, 0.167679327327, 3.0, 0.0, -0.194063479198, 2.0, 0.0, 3.0, 3.0, 3.0, 2.35356450266, -0.270181352094, 1.0, 1.35533682945, 2.0, 0.0, 1.0, 1.49306297932, 0.0, 0.0, 3.0, 2.55375680906, 0.787472230536, 0.45964759676, 0.372574566573, 1.0, 0.839535286679, -0.143785280128, 0.933359290562, -1.0, -1.0, 1.0, 2.0, -0.883613963498, -0.456192908016, 0.0, 2.0, 1.31472524654, 1.0, 2.0, 1.85119342414, 2.0, -0.376379900004, 0.0416782494692, 0.0, 1.0, 3.0, 93801.0, 690.0, 99332.0
-1.0, 0.93443718744, 2.68841789212, 0.0394858973123, 2.0, 2.287083092, 1.09157332767, -1.0, 2.40718610051, -0.957154720567, 0.783698042908, 2.0, 1.78061447311, 0.0416771001304, -1.0, -0.700573493282, 0.851375310702, 0.317259387017, 1.0, 2.0, 3.0, -0.8984005775, -0.681149022199, 0.0, -0.160021179436, -0.515735915346, 1.0, 1.0, 2.00187262001, -1.0, -0.564756085138, -0.934091934395, -0.747395941098, -0.107725341184, 2.0, -0.912901653592, 3.0, -1.0, -1.0, 2.93718116983, 0.252330013423, 0.843527225681, 2.54750772637, 0.758641270956, 2.16058742571, -1.0, -0.921636137348, 2.03478295094, 3.0, 1.0, 95615.0, 467.0, 99515.0
3.0, 0.0, 0.151050719313, 3.0, 2.0, 1.0, 1.09467439073, 1.38302973156, -0.78977589213, 3.0, 3.0, -0.0538018378996, 3.0, 0.0, 2.0, 1.0, 1.9121724722, 1.0, 2.0, 2.0, 0.0, 2.30451235713, 0.0, 1.54231354409, 2.0, -0.89381561905, 3.0, 0.0, 0.0, 2.07311650335, 0.0, 1.42052638912, 3.0, 3.0, 1.0, 1.0, 2.86405730546, 1.26609732512, -1.0, 2.0, 0.0, 3.0, 1.0, 2.0, -0.327193555395, 1.0, 2.76370950655, 1.59226037238, 2.0, 3.0, 94092.0, 692.0, 99328.0
-1.0, -1.0, 1.0, 3.0, 2.59918962149, 1.0, 1.0, 2.0, 0.483204650795, -1.0, 2.0, -0.549659344598, 0.83314120842, 1.0, 3.0, -1.0, 2.0, 1.0, -1.0, 2.0, 3.0, -1.0, 3.0, 0.0, -1.0, 3.0, 0.43922318459, 1.0, 3.0, -1.0, 0.646326353789, 0.0, 1.0, -1.0, 2.0, -1.0, -1.0, 1.29204907205, 1.0, 2.85327337592, 0.0, 0.526510504987, 0.577588910729, 1.0, -1.0, -0.575665299268, 2.0, 1.0, -1.0, 2.0, 95574.0, 497.0, 99494.0
1.0, 1.0, -0.345610246541, 2.78899365013, 0.0, 1.02705305544, 3.0, -1.0, 2.86772866153, -1.0, 3.0, -0.345313479383, 3.0, 2.83262801859, 1.0, -0.795868063775, 0.0, 3.0, -1.0, 0.0, 0.0, 3.0, -0.522144885925, 0.501299281708, 1.0, -0.127800337811, -0.324504551157, 1.0, -0.625314678588, -1.0, 0.0, 0.0, 2.30139387098, 2.0, 1.40224413633, 0.0, -1.0, 2.63568012743, -1.0, 2.48116406035, 0.0, 1.19624157737, 1.93787556454, 2.0, 1.421967729, 3.0, -0.18809499538, 0.0, 1.23783990849, 0.538571432546, 94387.0, 590.0, 99400.0
0.0, 0.0, 3.0, 2.49989642519, 2.0, 0.0, 1.54583747311, 1.38302973156, 3.0, 0.0, -0.143746386787, 2.0, 2.89323938901, -0.519641627142, -0.85583143384, -1.0, 0.0, 0.0, 2.90415681245, 2.0, 0.526004320888, 2.0, 2.0, 2.0, 0.961401416929, 0.0, 0.836720997222, 1.12799733291, 0.0734313263838, -0.676753612259, 1.0, -0.0031565530976, 1.0, 0.478135550147, 0.0, 0.166765097589, -1.0, 0.634942363741, -0.892562867828, 0.970378830232, 1.0, 3.0, 1.0, -1.0, 1.0, -1.0, -0.996717457763, 3.0, 1.0, 2.52965388957, 94334.0, 583.0, 99401.0
1.0, 1.0, -0.345610246541, 2.78899365013, 0.0, 1.02705305544, 3.0, -1.0, 2.86772866153, -1.0, 3.0, -0.345313479383, 3.0, 2.04911635665, 1.0, -0.795868063775, 0.0, 3.0, -1.0, 0.0, 0.0, 3.0, 0.174763044665, 0.501299281708, 1.19755820986, -0.127800337811, -0.324504551157, 1.0, -0.625314678588, -1.0, 0.0, 0.0, 2.30139387098, 2.0, 1.09041065893, 0.0, -1.0, 2.63568012743, -1.0, 2.48116406035, 1.72385378627, 1.19624157737, 1.93787556454, 1.1330272202, 1.421967729, 3.0, -0.18809499538, 0.0, 1.23783990849, 0.538571432546, 94156.0, 609.0, 99382.0
-0.404781234317, -1.0, 0.00629591901741, 1.0, 2.0, 2.03804483191, 1.0, 2.0, -1.0, 2.0, 1.0, 1.0, 3.0, 0.0, 0.0, 0.235019838711, 0.0, 0.727021198476, 1.0, -0.373141844727, -0.295357034734, 0.794206121543, -1.0, 0.0, 2.0, 0.530921733778, 0.0, -0.334053156616, 1.46177581545, -1.0, 0.272853595112, 3.0, 0.144104467435, 0.131574183175, 1.0, 2.16049451619, -1.0, 1.0, 0.0, 2.25143888037, 2.20480619369, 0.304455308629, -1.0, -0.650396985282, 3.0, 2.73609561827, 0.0, -0.554231735149, 2.0, 2.0, 93965.0, 604.0, 99401.0
-0.649190454185, -1.0, 2.0, 2.74198091439, 0.0, 2.74853821232, -0.30753478459, 0.0, -1.0, 1.27060051527, -0.0747673206701, 1.0, 2.14438373069, 0.0866062791396, -0.581957571328, -0.904697897775, 0.0, 2.78803758004, 1.0, 0.0, -0.295357034734, 1.5244830812, -1.0, -1.0, 2.0, -1.0, 0.0, -0.861812997346, 3.0, -1.0, 0.995626469775, -0.484626671794, -1.0, 0.630646164702, 1.0, 2.0, -1.0, 1.0, 0.0, 2.0, -0.0451285500144, 1.0, -0.482434706583, 1.28177111255, -0.624637338393, 1.0, -1.0, -0.730901017528, 1.7908513891, -0.680984851904, 95175.0, 475.0, 99509.0
-0.649190454185, -1.0, 2.0, 2.74198091439, 0.0, 2.74853821232, -0.30753478459, 0.0, -1.0, -1.0, 2.39046530492, 1.0, 3.0, 1.08525268815, -0.581957571328, -0.935885899747, 0.0, 2.78803758004, 1.0, 0.0382848682204, -0.295357034734, 1.64963352722, -1.0, 0.871637176094, 2.0, -1.0, 0.0, -0.861812997346, 3.0, -1.0, 0.995626469775, 2.65926705911, -1.0, 0.630646164702, 2.48128649626, 2.0, -1.0, 1.02994393668, 0.0, 2.0, 2.85444611909, 1.0, -1.0, 2.94056693952, -0.624637338393, 1.0, -1.0, -0.730901017528, 0.64913485314, -0.680984851904, 95789.0, 464.0, 99518.0
1.51320541071, 1.31676502756, 0.0, 1.14173947771, 0.0, -0.0299593649097, 3.0, 3.0, 2.74788832656, -1.0, 3.0, 2.0, 1.24154814727, 3.0, -0.825680079336, -0.00963329089905, 0.0, -0.475690304157, -1.0, 2.0, 0.310181393893, -0.667415353746, 2.10789491468, 0.501299281708, 1.0, 1.0, -1.0, 0.98070546671, -0.358315026272, -1.0, -0.368867483889, 1.0, 0.539086924038, 2.73102639681, 0.497168647139, -0.705312758534, -1.0, 2.0, -1.0, 0.883234571212, 0.0, 1.19624157737, 0.86242733082, 1.44940374163, 1.51286380305, 3.0, -0.879078822625, 0.0, 0.0748973843747, 2.79313297251, 94378.0, 581.0, 99410.0
3.0, 0.0, 0.0, 3.0, 2.0, 0.422993473054, 1.0, 3.0, 0.0, -0.166869999063, 3.0, 2.0, 3.0, 0.223966398854, 2.91632653669, -0.34741729681, 1.07936736235, 1.0, 2.0, 2.24064923961, 0.0, 0.0, -0.210021057598, 2.31761073081, 2.0, 2.64518538246, 3.0, 1.55089578177, 0.0, 1.40020875898, 0.0, 2.0713320597, 0.0200519248414, 3.0, 1.0, 1.0, 1.0, 1.0, -1.0, 2.0, 0.0, 2.38717918803, 1.0, 1.54660055685, -0.339892816315, 1.0, 2.0, 1.0, -1.0, 3.0, 93856.0, 710.0, 99320.0
-0.676507784906, 0.256653370593, 1.15208390166, 1.0, 1.71893382653, 2.287083092, -0.518136592135, -1.0, 0.278147167683, -0.957154720567, 1.4124786219, 2.0, -1.0, -0.705571957278, -1.0, -0.700573493282, -1.0, 0.0, -0.975825453007, 2.8859622115, -0.889263307558, -1.0, -0.350817322236, -1.0, -0.160021179436, -0.515735915346, -0.361751977892, 1.0, 2.00187262001, 3.0, 0.0, -0.934091934395, -1.0, 0.0, 2.0, -0.912901653592, 3.0, 1.08037946557, -1.0, 2.39846380684, 0.0, -0.00697386593174, 0.166793882896, 0.271473565449, 1.0, -1.0, 2.48291167077, 2.03478295094, 1.32399053058, 1.9361236509, 95713.0, 440.0, 99556.0
0.563249089509, 1.31676502756, 0.0, 1.14173947771, 0.0, -0.0299593649097, 3.0, 3.0, 2.74788832656, -1.0, 3.0, 2.0, 1.24154814727, 3.0, -0.825680079336, -0.621709692762, 0.0, -0.475690304157, -1.0, 2.0, 0.310181393893, -0.667415353746, 2.10789491468, 0.501299281708, 1.0, 1.0, -1.0, 0.98070546671, -0.358315026272, -1.0, -0.368867483889, 1.0, 1.0, 2.73102639681, 0.497168647139, -0.705312758534, -1.0, 2.0, -1.0, 0.883234571212, 0.0, 1.19624157737, 2.0, 1.44940374163, 1.0, 3.0, -0.879078822625, 0.0, 0.0748973843747, 2.79313297251, 94486.0, 562.0, 99422.0
1.0, 1.13520490957, 2.1886885194, 2.63856188716, 2.35184249439, 0.0, 1.0, 0.0, 2.0, 3.0, 3.0, 1.0, 1.33315216088, 3.0, 3.0, 0.629873427796, 1.67973366713, 0.186423757433, 1.0, 2.0, 0.0, 2.42629212103, 1.0, 1.0, 0.389301800733, -1.0, 0.657316701151, 2.0, 0.0, -0.853935417725, 2.0, 0.0, 2.0, 1.0, 2.0, 1.0, -1.0, -0.931003718565, -1.0, 0.0, 0.791521191166, 0.289315577468, 0.0, 0.0, 3.0, 2.0, -1.0, 0.0, 1.77100780459, 2.44464622901, 93918.0, 647.0, 99357.0
-0.649190454185, -1.0, 2.0, 2.74198091439, 0.0247590133491, 2.74853821232, -0.30753478459, 0.0, -1.0, 1.27060051527, 0.722818683744, 1.0, 3.0, 0.0866062791396, -0.601821309512, -0.904697897775, -0.889335748933, 2.78803758004, 1.0, 0.0, -0.295357034734, -0.718618008871, -1.0, -1.0, 2.0, 0.617480356103, 0.795449625678, -0.861812997346, 2.00187262001, -1.0, -0.132356229948, 2.65926705911, -1.0, -0.102255536044, -0.11070474805, 2.43176474752, -1.0, -0.429956894369, 0.0, 2.0, 0.789709642928, 1.0, -1.0, 1.28177111255, -0.624637338393, 1.0, -1.0, -0.730901017528, 2.0, -0.680984851904, 95646.0, 448.0, 99540.0
1.0, -0.64737954774, 3.0, 1.0, 0.00345856071862, 0.395875473953, 1.54583747311, 1.38302973156, 3.0, 0.0, -0.143746386787, 2.0, 2.0, 1.68507036146, -1.0, -0.296351773277, 0.0, 0.0, 2.0, 2.0, 2.46246740804, 2.0, 2.0, 2.0, 0.961401416929, 0.0, 2.0, 0.98070546671, 1.3757503315, -0.809103936643, -0.429627611785, -0.0031565530976, 1.0, 0.411919067465, 0.0, 0.166765097589, -1.0, 1.0, -1.0, 0.0121405448944, -0.234418554385, 3.0, -0.45374862169, -1.0, 1.0, -1.0, -0.996717457763, 3.0, 1.0, 2.52965388957, 94058.0, 595.0, 99391.0
0.563249089509, 1.31676502756, 0.0, 1.14173947771, 0.0, 1.02705305544, 1.29228961908, 3.0, 2.74788832656, -1.0, 0.581744421946, 2.0, 1.24154814727, 3.0, -0.825680079336, -0.621709692762, 0.0, -0.475690304157, -1.0, 0.0, 0.310181393893, 2.00163481776, 2.64397619646, 0.501299281708, -0.656005349172, 0.416233917063, -1.0, 0.0, 0.0771765466906, -1.0, -0.368867483889, 1.0, 1.93056534702, 2.73102639681, 0.497168647139, 0.0, -1.0, 2.0, -1.0, 0.883234571212, 0.0, 1.19624157737, 2.0, 2.0, 1.0, 3.0, -0.932298822621, 0.0, 0.0748973843747, 2.79313297251, 94168.0, 579.0, 99411.0
-0.649190454185, -1.0, 2.0, 2.74198091439, 0.0247590133491, 2.74853821232, -0.30753478459, 0.0, -1.0, 1.27060051527, 1.0, 1.0, 3.0, 0.0866062791396, -0.601821309512, -0.904697897775, -0.889335748933, 2.78803758004, 1.0, 0.0, -0.295357034734, -0.718618008871, -1.0, -1.0, 2.0, 0.617480356103, 0.882675721853, -0.861812997346, 2.00187262001, -1.0, -0.132356229948, 2.65926705911, -1.0, -0.102255536044, -0.11070474805, 2.43176474752, -1.0, -0.429956894369, 0.0, 2.0, 0.789709642928, 1.0, -1.0, 1.28177111255, -0.624637338393, 1.0, -1.0, -0.730901017528, 2.0, -0.680984851904, 95646.0, 448.0, 99540.0
0.997249324831, -1.0, 1.0, 2.99485131969, 2.0, 1.30799712918, 0.121545411435, 1.38302973156, 1.36112761317, 1.23386655199, 0.0, 2.64482018177, 0.316326509516, 0.223966398854, 3.0, 2.0, 1.0, 1.0, -1.0, 1.0, -0.550037883666, 3.0, 0.773478327283, 2.0, -0.659734720995, -0.108283933134, 0.440046701611, 0.241003360595, 1.58297600566, -1.0, -0.429627611785, 1.03239132917, 0.0, 2.36974125922, 0.167114945215, 1.02977569938, -0.730827903, 1.22706181528, 0.584584175525, 0.175415748629, 2.01256440416, 0.0, -1.0, 0.167313177374, 1.0, -1.0, -0.161140674761, -1.0, 1.04224229063, 0.0, 93949.0, 596.0, 99417.0
0.0, 2.64738294386, 0.0, 3.0, 2.0, 3.0, 0.0, 2.0, 2.0, -0.481673873508, 3.0, 3.0, 3.0, 1.0, 0.0, 0.660889504573, 0.0, 2.0, 0.0, 1.0, 1.0, 0.0, 0.0, 3.0, 2.37411780442, 0.184542690865, 1.0, 0.0, 1.39453732178, 0.0, 1.0, 3.0, -1.0, -1.0, 1.0, 2.0, -0.883613963498, 2.0, -0.693257966852, 2.0, 2.7175029587, 1.0, 2.0, 0.881540574967, 2.0, -0.321733200489, 1.0, 3.0, 1.0, 1.176929128, 94059.0, 673.0, 99338.0
0.559579730413, 0.0, 2.05377273113, 2.93515615178, 2.0, 0.0, 1.54583747311, 1.38302973156, 3.0, 0.0, -0.143746386787, 2.0, 2.89323938901, 1.68507036146, -1.0, -1.0, 0.0, 0.0, 2.0, 2.0, 2.46246740804, 0.822277842019, 2.0, 0.407981163725, 0.961401416929, 0.0, 2.14737348163, 0.98070546671, 1.3757503315, -0.676753612259, -0.429627611785, 0.778549842411, 1.0, 0.478135550147, 0.0, 0.166765097589, -1.0, 1.0, -0.636223034639, 0.970378830232, 0.554846307949, 3.0, 1.0, -1.0, 1.0, -1.0, -0.999620785657, 3.0, 1.0, 2.52965388957, 94213.0, 595.0, 99388.0
0.0, 0.0, 3.0, 0.377917564707, 2.0, 0.0, 1.0, 2.11837655511, 3.0, 0.0, -0.143746386787, 1.86445872445, 2.90158091175, 1.68507036146, -1.0, -1.0, 0.0, -0.006065295472, 2.0, 2.0, 2.46246740804, 2.0, 2.0, 2.0, 0.961401416929, 0.0, 2.0, 0.98070546671, 1.3757503315, -0.676753612259, -0.506181423958, -0.0031565530976, 1.0, 0.478135550147, 0.0, 0.166765097589, -0.964464888465, 1.0, -0.892562867828, 0.440145999325, 1.25215799724, 3.0, -0.908650473201, -1.0, 1.0, -1.0, -0.996717457763, 3.0, 1.0, 2.52965388957, 94436.0, 572.0, 99415.0
3.0, 0.0, 0.614102994766, 0.244233001276, 2.0, 1.0, 1.0, 3.0, -0.550720881711, 3.0, 3.0, 2.0, 3.0, 0.501616857241, 2.0, 1.0, 1.0, 1.0, 2.0, 0.0, 0.0, 0.0, 0.0, 1.54231354409, 2.10593188183, 0.0, 3.0, 0.497018782967, 0.0, 2.0, 0.0, 1.42052638912, 3.0, 3.0, 1.0, 1.0, 1.0, 0.745543742633, -1.0, 2.0, 0.0, 3.0, 1.46622247636, 2.0, -0.162204799851, 1.16333413168, 2.95398486528, 1.0, 2.0, 3.0, 93879.0, 706.0, 99317.0
3.0, 0.381159762064, 2.88424542263, 3.0, 0.0645656751305, 0.869115519613, 1.0, 2.0, -1.0, 2.0, 2.81300763519, 2.0, -0.175240502493, -0.989118768151, 3.0, -0.34741729681, 3.0, 0.191118399203, 2.70553634413, 2.0, 0.649250697416, 1.60294325442, 1.0, 0.0, 1.0, 3.0, 1.46522243974, 0.0, 2.0, 1.0, 3.0, 0.0, 1.48021289108, 0.0, 0.0, 2.05911907979, -1.0, 0.228751830199, 0.484793102699, 2.0, 0.0, 0.0, -0.0765947404358, 1.0, 0.0, -0.142163795421, 1.0, 2.0, -0.0807087688069, 3.0, 93698.0, 692.0, 99334.0
3.0, 0.0, 0.0, 3.0, 2.0, 1.0, 1.0, 3.0, 0.0, 3.0, 3.0, 1.65596562281, 3.0, 0.0, 2.0, -0.371768807793, 2.20298423729, 1.0, 2.0, 2.0, 1.18984831989, 0.0, 0.0, 3.0, 2.0, 0.0, 3.0, 2.17940301838, 0.0, 2.0, 0.0, 2.0, 1.44850085703, 1.56572714241, 1.60103614487, 1.0, 1.4276018779, -0.576529513173, -1.0, 2.0, 0.0, 0.0, 1.0, 2.0, 1.0, 1.0, 2.0, 1.97001810501, 1.0, 1.39700434471, 93871.0, 711.0, 99319.0
-0.649190454185, -1.0, 0.0, 2.03242798847, 0.0, 1.46199374027, 1.0, 2.0, -0.879530365708, 2.0, 1.79977268768, 2.0, 0.0, -1.0, 3.0, 2.40728018305, 0.08459654219, 0.449633683469, 1.0, 2.69846419334, -0.00314947724894, 1.0, 1.0, 0.0, -0.660786923254, 3.0, 0.0378852408446, 0.0, 0.51853844896, 2.20957152587, 3.0, 0.0, 2.0, 0.0, 0.0, 2.0, 2.0, 1.0, 1.0, 3.0, 0.0, 0.0, 1.46622247636, 0.354883446547, 0.0, 0.0, 1.29619889059, 0.331155820391, -0.266413125715, 2.0, 93524.0, 665.0, 99369.0
3.0, 0.0332283570974, 0.0, 3.0, 2.0, 1.0, 1.0, 3.0, 0.0, -0.166869999063, 3.0, 2.0, 2.07534199749, 0.223966398854, 2.0, -0.34741729681, -0.299630109239, -0.187811207306, 2.0, 2.0, 0.0, 0.0, 0.0, 3.0, 2.0, 2.64518538246, 3.0, 0.0344316524058, 0.0, 1.0, 0.0, 1.42052638912, 3.0, 3.0, 1.0, 1.0, 1.0, 1.0, -1.0, 0.970378830232, 0.0, 3.0, 2.54750772637, -1.0, 1.0, 0.893038850454, 2.0, 1.0, 2.64082661492, 3.0, 93901.0, 702.0, 99319.0
1.0, 1.0, 2.4552967941, 2.0, 2.80361332816, 0.0, 1.0, 0.0, 2.0, 2.0, 3.0, 1.0, 1.0, 3.0, 3.0, 0.629873427796, 1.67973366713, 0.186423757433, 1.14747571175, 2.0, 0.0, 2.42629212103, 1.0, -0.2776144077, -0.0456736462844, 0.455880180844, 0.657316701151, 2.0, 0.0, -1.0, 0.430398875387, 0.0, 2.0, 1.0, 2.0, 1.0, 1.76239203005, -0.931003718565, -1.0, 0.0, 2.18260867221, 0.113843136224, 0.0, 0.0, 3.0, 2.0, -1.0, 0.0, 1.77100780459, 2.44464622901, 93640.0, 680.0, 99336.0
-0.404781234317, -1.0, -0.249705036113, 1.0, 2.0, 0.422993473054, 1.0, 0.412218338036, -1.0, 2.0, 0.150555592627, 1.0, 3.0, 0.0, 0.0, 0.235019838711, 0.0, 1.57015871081, 1.0, 0.0, -0.295357034734, -0.955842509728, -1.0, 0.0, 2.0, -1.0, 0.0, -0.334053156616, 3.0, -1.0, 0.239920366874, 3.0, 0.144104467435, 0.131574183175, 1.0, 2.16049451619, -1.0, -0.887164258727, 0.0, 1.75461228771, 2.20480619369, 0.419766387086, -1.0, -0.650396985282, 3.0, 2.73609561827, 0.0, -1.0, 2.0, 2.0, 94182.0, 564.0, 99437.0
0.0, 2.48260984481, 0.0, 3.0, 2.0, 3.0, 0.155854216747, 2.0, 2.0, -0.481673873508, 3.0, 3.0, 3.0, 1.0, 0.0, 0.660889504573, 0.0, 2.0, 0.132741104613, 1.0, 1.0, 0.0, 0.0, 3.0, 2.37411780442, 0.184542690865, 0.673995667902, 0.0, 1.39453732178, 1.51242035869, 1.0, 3.0, -0.488051663232, -1.0, 1.0, 2.0, -0.883613963498, 2.0, -0.693257966852, 2.0, 2.7175029587, 1.0, 2.0, 0.881540574967, 2.0, -0.321733200489, 1.0, 3.0, 0.510007837949, 1.07176360107, 93919.0, 685.0, 99329.0
-0.399957702738, 0.0, 3.0, -0.770953163829, 2.0, 0.0, 0.70770583048, 1.38302973156, -0.156095578536, 0.0, 0.296569215999, 2.0, 2.0, 0.183824253892, -1.0, 2.80047414607, 0.0, 0.0, -0.384112750012, 2.51081837218, 2.57469759564, 2.0, 2.0, 1.47395275397, -1.0, -0.717242646269, 2.53052768034, 0.0, 1.93574961247, -0.676753612259, -0.429627611785, 0.536132870683, 0.548231176868, -0.118845349697, 0.0573221127315, -0.22295175887, -1.0, 1.0, -1.0, 0.970378830232, 1.0, 3.0, 0.454775150133, -1.0, 0.361573266771, -1.0, -0.0866397763955, 3.0, 1.31055361844, 1.0, 94035.0, 593.0, 99403.0
-0.357019934369, -0.64737954774, 3.0, 1.0, 0.00345856071862, 0.395875473953, 1.54583747311, 1.64793128706, 3.0, 0.0, -0.143746386787, 2.0, 2.0, 1.68507036146, -1.0, -0.296351773277, 0.0, 0.0, 2.0, 2.0, 2.46246740804, 2.0, 2.0, 2.74283840983, 0.961401416929, 0.0, 2.0, 2.20036987486, 1.3757503315, -0.809103936643, -0.942858912246, -0.0031565530976, 1.56336621946, 0.411919067465, 0.0, 0.307544529142, -1.0, 1.0, -1.0, 0.0121405448944, -0.992962356362, 3.0, -0.45374862169, -1.0, 1.0, -1.0, -0.996717457763, 3.0, 1.0, 2.52965388957, 94507.0, 570.0, 99421.0
0.0, 0.0, -0.27795689555, 1.0, 2.0, 0.0, 1.06513543167, 1.38302973156, 3.0, 0.0, -0.143746386787, 2.0, 2.0, 1.68507036146, -1.0, -1.0, 0.0, 0.0, 2.0, 0.891064542734, 2.46246740804, 2.0, 2.0, 2.0, 0.961401416929, 0.0, 2.0, 0.98070546671, 1.3757503315, -0.676753612259, -0.429627611785, -0.0031565530976, 1.0, 0.411919067465, 0.0, 0.166765097589, -1.0, 0.791814451074, 0.654744106767, 0.264591536264, 1.0, 1.8892531248, 1.52471674522, -1.0, 1.0, -1.0, 2.0, 3.0, 1.0, 2.52965388957, 93772.0, 628.0, 99372.0
0.389356924335, 2.60709139264, 0.0, 3.0, 0.167679327327, 3.0, 0.0, -0.194063479198, 2.0, 0.0, 3.0, 3.0, 3.0, 2.35356450266, 0.0, -1.0, 0.0, 2.0, 0.0, 1.0, 1.49306297932, 0.0, 0.0, 3.0, 2.55375680906, 0.787472230536, 0.45964759676, 0.372574566573, 1.0, 0.839535286679, -0.206022601223, 3.0, -1.0, -1.0, 1.0, 2.0, -0.883613963498, -0.456192908016, 0.0, 2.0, 0.0, 1.0, 2.0, 1.7169708282, 2.0, -0.376379900004, 0.0416782494692, 0.0, 1.0, 3.0, 93918.0, 671.0, 99344.0
0.464954402587, -1.0, 0.83151803618, 2.74198091439, 0.0, 2.74853821232, -0.30753478459, 0.0, -1.0, 1.27060051527, 2.39046530492, 1.0, 3.0, 0.0866062791396, -0.581957571328, -0.904697897775, 0.0, 2.88570671766, 1.0, 0.0, -0.295357034734, -0.718618008871, -1.0, -1.0, 2.0, -1.0, 0.0, -0.861812997346, 3.0, -1.0, 0.995626469775, 2.65926705911, -1.0, 0.630646164702, 1.0, 2.0, -1.0, 1.0, 0.0, 2.0, 2.0, 1.0, -1.0, 2.47009312624, -0.624637338393, 1.0, -1.0, -0.730901017528, 2.0, -0.680984851904, 95546.0, 462.0, 99519.0
3.0, 0.95464398116, 0.0, 3.0, 0.0, 1.46199374027, 1.0, 2.0, -0.879530365708, 2.0, 1.79977268768, 2.0, 0.0, -1.0, 3.0, -0.700573493282, -0.619442408649, 0.449633683469, 1.0, 2.16270395471, -0.00314947724894, 1.0, 1.0, -0.506274003999, 1.0, 0.787472230536, 0.0593991482281, 0.0, 0.51853844896, 2.20957152587, 3.0, 0.0, 0.381989443735, 0.0, 0.0, 2.0, 2.0, 1.0, 1.84844374618, 3.0, 0.0, 0.0, 1.46622247636, 0.354883446547, 0.0, 0.0, 1.29619889059, 0.331155820391, -0.266413125715, 2.0, 93601.0, 659.0, 99369.0
2.95168154628, 3.0, 0.0, 3.0, 1.0, 2.0, 1.0, 0.152934521166, 3.0, 2.0, -0.42773902936, 2.0, 0.0, 0.501616857241, 3.0, 2.40728018305, -0.340407597709, 3.0, 1.0, 1.28550554952, 1.53433352366, 1.0, 1.0, 0.0, 1.0, 3.0, 2.0, 0.0, 1.3757503315, 2.62890627086, 3.0, 0.233134319663, 2.0, 1.53966887684, -0.248904508249, 2.0, 2.0, 1.0, 0.8265257914, 3.0, 0.0, 0.0, 1.46622247636, 0.213636806016, 0.0, -0.799183175872, 1.41480897681, 2.0, 0.582020158489, 0.628319448797, 93567.0, 719.0, 99317.0
-0.404781234317, -1.0, 0.00629591901741, 1.0, 2.0, 2.03804483191, 1.0, 2.0, -1.0, 2.0, 1.0, 1.0, 3.0, 0.0, 0.0, 0.235019838711, 0.0, 0.727021198476, 1.0, 0.0, -0.295357034734, -0.955842509728, -1.0, 0.0, 2.0, -1.0, 0.0, -0.334053156616, 3.0, -1.0, 0.272853595112, 3.0, 0.144104467435, 0.131574183175, 1.0, 2.16049451619, -1.0, 1.0, 0.0, 1.75461228771, 2.20480619369, 0.419766387086, -1.0, -0.650396985282, 3.0, 2.73609561827, 0.0, -1.0, 2.0, 2.0, 94268.0, 574.0, 99425.0
-0.676507784906, 0.0, 1.15208390166, 1.0, 0.193700986168, 2.287083092, 0.0, -1.0, 1.93607811787, -0.957154720567, 0.734137940159, 0.507329417555, -1.0, -0.878831191737, -1.0, -0.700573493282, -1.0, 0.0, 1.22443620136, 2.8859622115, 2.7867576987, -1.0, -0.350817322236, -1.0, -0.160021179436, -0.515735915346, 0.57393486659, 1.0, 0.424738398046, 3.0, 0.0, -0.934091934395, -1.0, 0.0, 2.0, -0.912901653592, 1.61933540697, -1.0, -1.0, 2.0, 0.0, 0.843527225681, 0.166793882896, 0.271473565449, 1.0, -1.0, 2.48291167077, 2.03478295094, 1.32399053058, 0.03991187302, 95187.0, 473.0, 99527.0
2.0, -1.0, 1.0, 2.99485131969, 2.0, 1.30799712918, 0.121545411435, 1.38302973156, 1.36112761317, 1.23386655199, 0.0, 2.64482018177, 0.316326509516, -0.489555431114, 3.0, 2.0, 1.0, 1.47825657535, -1.0, 1.0, -0.550037883666, 3.0, 0.773478327283, 2.0, -0.659734720995, -0.108283933134, 0.440046701611, 0.241003360595, 1.58297600566, -1.0, -0.429627611785, 1.03239132917, 0.0, 2.36974125922, 0.054142745207, 1.02977569938, 0.0, 1.22706181528, 0.584584175525, 0.175415748629, 2.01256440416, 0.0, -1.0, 0.167313177374, 1.0, -1.0, -0.161140674761, -1.0, 2.22267442825, 0.0, 93914.0, 615.0, 99407.0
0.0, 1.68936435049, -0.201993393869, 3.0, 0.167679327327, 0.745800349801, 0.0, 0.568131228952, 2.0, 0.0, 3.0, 3.0, 3.0, 0.0866062791396, 0.0, -1.0, 0.0, 2.0, 0.0, 1.28445815958, 1.0, 0.0, 0.0, 3.0, 2.37411780442, -1.0, 0.253179803055, 0.372574566573, 1.0, 0.839535286679, 1.0, 3.0, 1.34256249012, -1.0, 1.0, 2.0, -0.883613963498, -0.456192908016, 0.0, 1.58337538182, 0.0, 1.0, 2.0, -0.101361720605, 2.0, 1.56574106492, 0.0416782494692, 1.83084414054, 1.0, 1.91213029876, 93782.0, 669.0, 99346.0
0.123719377545, 2.2831974203, 2.0, -0.700825582309, 0.0, 0.424117342451, -0.30753478459, 0.0, -1.0, 2.0, 0.722818683744, 1.0, 3.0, 0.484726435594, -0.470063906713, 0.235019838711, 2.91834743626, 2.0, 1.0, 0.0, -0.295357034734, 0.171601127816, 0.527062964522, -1.0, 1.43124851991, -1.0, 0.0, -0.314305280117, 3.0, -1.0, 0.995626469775, 3.0, -1.0, 0.630646164702, 1.0, 0.394203562368, -1.0, 1.0, -0.989746884302, 2.08299559116, 2.20480619369, 1.0, -1.0, 1.28177111255, -0.704027347806, 0.786385266424, 3.0, -0.730901017528, 2.0, 2.14417181176, 94304.0, 572.0, 99425.0
0.0, 1.55997988707, 0.271401123433, 3.0, -0.426564480304, 1.0, 1.0, 1.38302973156, 1.07814179531, 0.456545880119, 2.45534774867, 0.643251568596, -0.593715397156, 2.0, -0.482494878871, 1.0, 0.0, 1.0, 0.287078660257, 3.0, 0.0, 1.05179273484, 2.0, 1.0, -0.524307332233, 1.0, 1.94813659692, 3.0, -0.173143983534, 3.0, 1.95231387143, 1.0, 2.50114627687, 1.0, 2.0, 1.55960869334, -1.0, 1.0, 3.0, 0.466092007142, 0.0, 1.0, 0.919229866825, -0.432513560665, 1.10514892667, 0.268589262163, 3.0, 0.213506512941, 0.0, 0.328035690111, 93513.0, 695.0, 99340.0
0.0, 2.48260984481, 0.0, 3.0, 2.0, 3.0, 0.155854216747, -1.0, 2.0, -0.481673873508, 3.0, 3.0, 3.0, 1.0, 0.0, -0.700573493282, 0.0, 2.0, 0.132741104613, 1.0, 1.0, -0.246880088339, 0.0, 3.0, 2.37411780442, 0.184542690865, 0.673995667902, 1.0, 1.39453732178, 0.74411987877, 1.0, 3.0, -0.488051663232, -1.0, 1.56674516108, 2.0, -0.883613963498, 2.0, -0.693257966852, 2.0, 2.7175029587, 1.0, 2.0, 0.881540574967, 2.0, -0.321733200489, 1.0, 3.0, 0.510007837949, 1.07176360107, 94246.0, 647.0, 99354.0
-0.662041836885, 1.0, -0.00382728634471, 2.59393552821, 0.0265608428957, 1.02705305544, 3.0, -1.0, 2.74788832656, -1.0, 3.0, 1.65358312752, 0.877162483831, 1.36885147392, -0.334927189953, -0.621709692762, 0.0, 3.0, -0.414134130019, 0.0, 0.0, 2.97435436815, 0.848434199496, 3.0, -0.0758028001847, 1.0, 0.45964759676, 0.544821301808, 1.33531873338, -1.0, 1.05330943396, 1.0, 1.0, 2.97632205089, 2.0, -0.438326312759, -1.0, -0.318413274926, -1.0, 2.07809509951, 0.252330013423, 0.0625504524333, 0.291040535022, 0.19088726383, 1.0, 3.0, -0.130244270372, 0.984664019205, 2.6525812165, 2.79313297251, 94158.0, 616.0, 99378.0
-1.0, -1.0, 3.0, 0.657366873473, 0.24871900281, -0.174928835415, 1.0, 2.0, 1.1151766634, -1.0, 2.0, -0.549659344598, 2.0, 1.0, 3.0, -0.920952440851, 1.97208883221, 1.0, -1.0, 2.0, 3.0, -1.0, 3.0, 0.0, -1.0, 3.0, 1.0, 1.0, 3.0, 1.99854499263, 2.0, 0.0, 2.56510350272, -1.0, -0.921334197268, -1.0, -1.0, 1.252222069, 1.0, 0.970378830232, 0.0, 0.526510504987, 1.39717805939, -0.859579558817, -1.0, -0.575665299268, -0.594851536601, 1.0, 2.90927663885, 2.0, 95896.0, 472.0, 99513.0
0.0, -0.64737954774, 1.0, 1.14391206321, 2.0, 1.0, 1.0, 3.0, 0.0, 3.0, 3.0, 1.75418386572, 3.0, 0.0, 2.55983207172, -0.974116796473, 2.20298423729, 1.0, 2.0, 2.0, 0.621160927718, 0.0, 0.0, 3.0, 2.0, 0.537651408052, 0.807929974809, 0.0, 0.0, -0.393242680669, -0.00701967900567, 2.0, 1.44850085703, 2.13730832038, 1.92794864876, 1.0, 1.0, 1.0, -1.0, 2.0, 0.0, 1.10906441488, 2.76137275343, 1.0, 0.281446230017, 1.0, 2.0, 1.15626033454, 0.478854127831, 3.0, 93948.0, 683.0, 99334.0
-0.404781234317, -1.0, 0.00629591901741, 1.0, 2.0, 2.03804483191, 1.0, 2.0, -1.0, 2.0, 1.0, 1.0, 3.0, 0.0, 0.0, 0.235019838711, 0.0, 0.727021198476, 1.0, -0.373141844727, -0.295357034734, -0.955842509728, -1.0, 0.0, 2.0, 0.530921733778, 0.0, -0.334053156616, 3.0, -1.0, 0.272853595112, 3.0, 0.144104467435, 0.131574183175, 1.0, 2.16049451619, -1.0, 1.0, 0.0, 1.75461228771, 2.20480619369, 0.419766387086, -1.0, -0.650396985282, 3.0, 2.73609561827, 0.0, -0.554231735149, 2.0, 2.0, 94163.0, 588.0, 99414.0
0.0, 1.93061682373, 3.0, 3.0, 0.0, 0.745800349801, 1.0, -1.0, 1.47219793987, 1.33063480364, 2.45534774867, 0.643251568596, 2.98679199201, 1.0, -0.683580279832, 1.0, -0.148482569008, 0.122959895947, 3.0, -0.485791041239, 0.0, 1.65636430835, 2.0, -0.332900974396, 0.0775370914311, 1.0, 1.77476352447, 1.38156720477, -0.173143983534, 2.25026594654, 1.22007340089, -0.0755450563984, 2.09672521386, 1.0, 2.0, 0.314661378004, -1.0, 1.0, 2.22228748774, 0.263161035772, 2.0, 0.339327344625, 1.19253784999, 0.759033455309, 1.0, -1.0, 0.0, 1.62676313806, 2.22981430038, 1.89905660208, 93691.0, 662.0, 99354.0
-0.649190454185, -1.0, 2.0, 2.74198091439, 0.0247590133491, 2.9106098459, -0.30753478459, 2.0, -1.0, 1.27060051527, 2.39046530492, 1.0, 3.0, 2.35356450266, -0.601821309512, -0.904697897775, -0.889335748933, 2.78803758004, 0.293217026554, 0.0, -0.295357034734, -0.718618008871, -1.0, -1.0, 2.0, -0.546441543829, 1.33523970364, -0.861812997346, 2.00187262001, 1.82317729465, 0.995626469775, 2.65926705911, -1.0, 0.630646164702, 1.0, 2.0, -1.0, 1.04429758941, 1.61038528758, 2.0, 2.0, 1.0, -0.101773102109, 1.28177111255, -0.624637338393, 1.0, -1.0, -0.730901017528, 2.0, 1.75122377444, 95798.0, 473.0, 99514.0
1.0, 1.0, 2.0, 2.0, 2.80361332816, 0.0, 1.0, 0.0, 2.0, 2.0, 3.0, 1.0, 1.0, 3.0, 3.0, 0.629873427796, 1.67973366713, 0.186423757433, 1.0, 2.0, 0.0, 2.42629212103, 1.0, 1.0, -0.0456736462844, -1.0, 0.657316701151, 2.0, 0.0, -1.0, 2.0, 0.0, 2.0, 1.0, 2.0, 1.0, 1.76239203005, -0.931003718565, -1.0, 0.0, 2.18260867221, 0.113843136224, 0.0, 0.0, 3.0, 2.0, -1.0, 0.0, 1.77100780459, 2.44464622901, 93876.0, 666.0, 99347.0
