0.663244332315, 0.0, 3.0, 3.0, 1.56287312988, 0.0, 0.0, -0.218655152163, -0.588920304219, 0.242558658913, 1.0, 2.0, 3.0, 2.0, -0.00301424595673, -0.174600125896, -1.0, 0.0, 2.0, 0.274954203879, 1.0, 1.0, 2.0, -1.0, 1.88798656461, 0.0, -1.0, 1.0, 1.0, 1.0, -1.0, 1.0, 0.0, 1.05247401257, -1.0, 1.41527279771, 1.0, 0.0, 1.0, 2.0, 2.0, 1.0, 2.0, 2.0, 2.0, -1.0, -1.0, 1.60942867432, 2.0, 0.0, 95913.0, 626.0, 99471.0
0.0, -1.0, 2.0, -1.0, 1.0, 2.0, 0.0, 0.0, 0.0, 2.0, -1.0, 3.0, 3.0, 0.0, 0.0, 1.0, -1.0, -1.0, 2.0, 1.0, 2.0, 2.0, 0.0, 1.0, 0.0, 2.0, -1.0, -1.0, -1.0, 2.0, 1.0, 2.6004490854, 0.0, -1.0, 1.0, -1.0, 1.0, 0.0, 1.0, 2.0, 0.0, 2.0, 1.0, 2.0, 1.0, -0.783362522457, 0.0, -0.47608580446, -1.0, 1.0, 96101.0, 562.0, 99513.0
3.0, 1.19291288291, 2.0, -1.0, 1.0, 2.59309964584, 2.0, -1.0, 0.0, 2.0, 1.0, 1.0, 2.0, -1.0, 0.0, 0.0, 0.0, 0.0, 2.0, 1.0, 1.48403815568, -1.0, 2.0, 1.0, 1.0, 2.0, -1.0, -0.220125110365, 1.0, 0.0, 0.946295385817, 1.8298445786, -1.0, 2.24671843089, 0.0, 0.218904449945, -1.0, 1.0, 1.0, 3.0, 2.0, 1.0, 1.0, 3.0, 1.0, 0.0, 0.187607811492, 1.0, 2.0, 0.0, 95916.0, 641.0, 99467.0
1.79372186721, 1.0, 2.33040327187, 0.0, 3.0, 1.0, 1.0, 3.0, 3.0, 2.0, 1.0, 1.0, 3.0, 1.0, 2.0, -1.0, 2.0, 2.0, 0.0, 2.0, 0.0, 1.0, 2.0, 0.0, 0.0, 0.0, -0.113447436076, 0.0, -1.0, -1.0, 2.0, 0.247459901953, 3.0, 0.0703901381596, 1.0, 2.0, 3.0, 2.0, 1.0, 0.33536414815, 0.0, 1.0, 2.0, -1.0, 1.0, -1.0, 0.0, -0.19747529223, 0.0, -0.237868014192, 95795.0, 687.0, 99438.0
-1.0, 0.0, 1.82442491184, 1.0, 0.0, 3.0, 2.0, 1.0, 3.0, -0.874850975205, 0.0, 2.0, 2.0, 1.0, 0.0, -1.0, 0.0, -1.0, 0.726472164824, 1.0, 0.0, -1.0, 0.0, 3.0, 0.0, 2.30247182976, 0.0, 2.0, 2.0, 1.0, 1.0, -1.0, 2.0, -0.438587986129, 2.0, 1.0, 0.0, 2.0, 0.0, 0.492174635387, 1.0, 1.0, -1.0, 1.09189641503, 2.0, 0.0, 0.726398980753, 2.0, 1.0, 0.701562549585, 95808.0, 651.0, 99456.0
3.0, -1.0, 2.0, 2.0, 1.0, 3.0, 1.0, 0.0, 0.0, 0.0, 1.0, 2.0, 1.0, 1.0, 3.0, 2.0, 0.0, 1.0, 0.0, 3.0, 0.0, 0.0, 3.0, 2.0, 2.0, 2.0, -1.0, 0.0, 1.0, 1.0, -1.0, -1.0, 2.0, 2.0, 1.0, 3.0, 1.0, 0.0, -1.0, -1.0, 2.0, 0.0, -1.0, -1.0, 3.0, 2.0, 0.0, 0.0, 3.0, 2.0, 96083.0, 644.0, 99461.0
1.0, 1.0, 2.0, 0.0, 0.0, 2.0, -0.0938762825438, 0.0, -1.0, 0.0, 1.0, 1.0, 2.0, 1.0, 2.0, 3.0, 0.0, 3.0, 0.0, 1.65110894693, 3.0, 0.0, 1.0, 0.112629696384, 0.0, 3.0, -1.0, 2.0, 3.0, 2.0, -1.0, 3.0, 2.0, -1.0, 2.0, 1.0, 0.0, 1.0, 1.0, -1.0, 2.0, 2.0, 0.0, 0.0, -1.0, 1.0, 1.0, 2.0, 0.0, 0.0, 95888.0, 656.0, 99455.0
2.96890666268, 2.0, 0.0, -0.271866943938, 2.0, 0.275885379709, 1.0, -0.257115518357, 1.0, 2.0, 0.0, 0.0, 2.0, 0.291825673542, 1.0, -0.920856101193, -1.0, 2.0, 2.96150732021, -0.365243282703, 2.88113657386, 0.0, 1.0, 1.0, 0.0, 2.0, 2.0, 0.049636974629, -1.0, 2.0, 1.0, 3.0, 2.16894728846, -1.0, -0.0182223618075, 2.0, 0.0, 0.0, 2.49784581354, 3.0, 1.0, 3.0, 0.0, 2.08375589421, 1.0, 1.0, -0.13923144523, 3.0, 2.0, 0.0, 95654.0, 690.0, 99433.0
-0.0898302601908, 2.0, 0.0, -0.773934045497, 2.0, 0.0, 1.0, -0.046492786015, 1.0, 2.0, 0.0, 2.0, 2.0, 1.78431877795, 0.0, -1.0, -1.0, 0.357241090209, 1.0, 0.77651671974, 3.0, 2.0, 1.0, 1.0, -0.132662229437, 2.0, 2.0, 1.47390355479, 1.10299717544, 0.0, 1.0, 3.0, 0.0, -1.0, 0.0, 2.0, 0.0, -0.213085497707, 0.0, 3.0, 1.0, 3.0, 0.0, 1.0, 1.0, -0.648331014739, 1.0, 3.0, -1.0, 0.0, 95557.0, 661.0, 99455.0
3.0, -1.0, 0.0, 1.0, 0.0, 2.0, 2.0, 1.0, 1.0, 0.0, 0.128557755652, 2.0, 3.0, 3.0, 2.0, 2.0, 0.0, 1.0, 1.0, 2.0, -0.398829174187, 2.0, 1.0, 2.0, 0.0, 0.408667620992, 0.0, 0.0, 0.0, 0.0, 2.0, -1.0, -0.495557611386, 3.0, 0.899243576785, 1.0, 0.322523017479, 1.0, -1.0, 0.0, 1.0, 2.0, 0.0, 2.0, -1.0, 0.325671503029, 2.97515329925, 1.0, 0.0, 1.0, 95440.0, 707.0, 99424.0
2.0, 1.48667232612, 3.0, 2.0, -1.0, 1.0, 0.0, 1.0, -1.0, 2.0, 1.0, 2.0, 2.0, 2.0, 0.0, -0.0668669339422, 3.0, 0.0, 1.0, 1.0, 3.0, -0.696766386692, 3.0, -0.43853674671, 2.0, 0.0, 3.0, 2.18178382227, 2.0, 2.0, -1.0, 2.0, 3.0, 0.0, 0.0, 2.0, 1.0, 0.0, 2.10937384567, 0.0, 1.0, 1.35607819461, 0.0, 2.60316777035, 0.0, -1.0, 3.0, 0.0, -0.384564410111, 1.0, 95873.0, 678.0, 99443.0
2.0, 0.0, 0.181900227208, 3.0, -0.366495609827, 0.0, 0.0, 0.0, 1.78559304935, -1.0, 0.0, 3.0, 1.0, 1.0, 2.0, 1.0, 1.0, 1.0, 2.0, 2.0, 1.0, 3.0, -1.0, -1.0, 0.0, 2.0, 3.0, 3.0, 1.0, -0.282078311328, 2.0, 0.0583884731703, 2.39723505667, -1.0, 2.0, 1.0, -1.0, 0.0, -1.0, 1.0, 2.0, 0.0, 0.0, 2.19989386298, 0.0, 1.73715805696, 0.0, 1.07629726593, -1.0, 1.43263137437, 95861.0, 643.0, 99471.0
-0.0898302601908, 2.0, 0.0, -0.0890130103338, 2.0, 0.0, 1.0, -0.046492786015, 1.0, 2.0, 0.0, 0.0, 2.0, 1.78431877795, 0.0, -1.0, -1.0, 0.357241090209, 1.0, -1.0, 3.0, 2.0, 1.0, 1.0, -0.132662229437, 2.0, 2.0, 1.47390355479, -1.0, 0.0, 1.0, 3.0, 2.0, -1.0, 0.0, 2.0, 0.0, 0.0, 0.0, 3.0, 1.0, 3.0, 0.0, 1.0, 1.0, -0.648331014739, 1.0, 3.0, -1.0, 0.0, 95661.0, 645.0, 99464.0
0.0, -1.0, 2.0, -1.0, 1.0, 2.0, 0.0, -0.208726700258, 0.0, 2.0, -0.364585473475, 3.0, 3.0, -1.0, 0.0, 1.0, -1.0, -1.0, 2.0, 1.0, 2.0, 2.0, 0.0, 1.0, 0.0, 2.0, -1.0, -1.0, -1.0, 2.0, 1.0, 2.6004490854, 0.0, -1.0, 0.897192895882, -1.0, 1.0, 0.0, 1.0, 2.0, 0.0, 2.0, 1.0, 2.0, 1.0, -0.783362522457, 0.0, -0.47608580446, -1.0, 1.0, 96006.0, 563.0, 99507.0
-1.0, 0.0, 1.82442491184, 1.0, 0.0, 3.0, 2.0, 1.0, 3.0, -0.874850975205, 0.0, 2.0, 2.0, 1.0, 0.0, -1.0, 0.0, 3.0, 0.726472164824, 1.0, 0.0, -1.0, 0.0, 3.0, 0.0, 2.30247182976, 0.0, 2.0, 2.0, 1.0, 1.0, -1.0, 2.0, 0.0, 2.0, 1.0, 0.0, 2.0, 0.0, 0.492174635387, 1.0, 1.0, -1.0, 1.09189641503, 2.0, 0.0, 1.0, 2.0, 1.0, 2.0, 95815.0, 670.0, 99444.0
-0.297011606163, 0.0, 1.0, 1.0, -0.321893495821, 1.99012548289, 2.0, 1.0, 3.0, -0.872426830495, 0.0, 2.0, 2.0, 1.0, 0.0, -1.0, 0.0, 3.0, 1.0, 1.0, 0.0, -1.0, 0.0, 3.0, -0.314232308242, 2.30247182976, 0.0, 2.49516200873, 2.0, 1.0, 2.44708073575, -1.0, 2.0, 0.0, 2.0, 1.0, 0.0, 1.0, 0.0, -1.0, 1.0, 1.0, -1.0, 3.0, 2.0, 0.483397191748, 1.0, 2.0, 1.0, 2.0, 95803.0, 664.0, 99451.0
2.15349287396, 2.0, 3.0, 0.0, 0.0, 3.0, 0.0, 0.0798379894401, -1.0, 0.0, 1.0, 0.0, 0.0, 0.0, 0.0, 0.0, -1.0, -1.0, 1.0, -1.0, 2.0, 2.0, 1.0, -1.0, 0.0, 0.0, -1.0, 1.0, 3.0, -0.548193903402, -1.0, -1.0, 1.0, -1.0, -1.0, 3.0, 1.90750481601, -1.0, 0.0, 1.0, 2.08543614533, 1.0, 2.0, 3.0, -0.695457120182, -1.0, 3.0, 2.0, 2.0, -0.314523489113, 96362.0, 539.0, 99538.0
3.0, 1.19291288291, 2.0, 0.0122467069627, 0.0680799768786, 2.59309964584, 2.0, -1.0, 0.0, 2.0, 1.0, 1.0, 2.0, 0.885369037147, 0.0, 0.0, -0.143421618257, 0.0, 2.0, 1.0, 1.48403815568, -1.0, 2.0, 1.0, 1.0, 2.0, -1.0, -0.220125110365, 1.0, 0.0, 0.946295385817, 1.8298445786, -1.0, 2.24671843089, 0.0, 0.218904449945, -1.0, 0.379377417255, 1.0, 3.0, 2.0, 1.0, 1.0, 3.0, 1.0, 0.0, 0.187607811492, -0.0224727455192, 2.0, 0.0, 95646.0, 674.0, 99445.0
2.0, 0.0, 0.181900227208, 3.0, -0.366495609827, 0.0, 0.0, 0.0, 3.0, 1.0, 0.0, 3.0, 1.0, 1.0, 2.0, 1.0, 1.0, 1.0, 2.0, 0.0, 1.0, 1.0, -1.0, -1.0, 0.0, 2.0, 3.0, 3.0, 1.0, -0.282078311328, 2.0, 0.0583884731703, 2.0, -1.0, 2.0, 1.0, -1.0, 0.0, -1.0, 1.0, 2.0, 0.0, 0.0, 2.19989386298, 0.0, 0.0, 0.0, 2.0, -1.0, 1.43263137437, 95768.0, 658.0, 99463.0
3.0, -1.0, 0.0, 1.0, 0.0, 2.0, 3.0, 0.0, 1.0, 2.0, 1.0, 3.0, 1.0, -1.0, 3.0, 0.0, -1.0, 2.0, 1.0, 3.0, -1.0, -1.0, 2.0, 2.32610805691, 0.0, 0.0, 2.22666678498, 2.0, 2.55720595329, 0.0, 2.0, 1.0, 0.0, 3.0, 0.0, 0.0, 2.0, 1.0, 0.0, 0.428380042919, 2.0, 3.0, 1.0, 3.0, 3.0, 1.0, 2.0, 2.81823140773, 2.06279637239, 0.0, 95928.0, 677.0, 99432.0
0.0, -0.279836751074, 1.0, -1.0, 1.0, 1.10810465004, 0.0, 0.0, 0.0, 2.0, -1.0, 3.0, 3.0, 0.0, 0.0, -0.687948754444, 1.0, -1.0, 1.97054905025, 1.0, 0.94951551875, 2.08321994907, -0.0620196216395, 1.0, 0.0, 2.0, -1.0, -1.0, -0.77473379531, 2.0, 1.0, 2.0, 2.61549946404, -1.0, 1.9784940155, -1.0, 1.0, 0.0, 1.0, 2.0, -0.123139685532, 2.0, 1.0, 2.0, 1.0, 0.928034601179, 2.21059058054, 0.0, 1.86442704467, 1.0, 95975.0, 606.0, 99485.0
0.0, -1.0, 1.0, -1.0, 1.0, 2.0, 0.0, 0.0, 0.0, 2.0, -1.0, 3.0, 3.0, 1.21374310421, 2.01390661568, 1.0, -1.0, 3.0, 2.0, 1.0, 2.0, 2.0, 0.0, 1.0, 0.0, 2.0, -1.0, -1.0, 0.886523882468, 2.0, 1.0, 2.0, 0.0, -1.0, 1.0, -1.0, 1.0, 0.0, 1.0, 2.0, 0.0, 2.0, 1.0, 1.92875964958, 1.0, 0.0, 0.0, 2.0, -1.0, 1.0, 95965.0, 612.0, 99479.0
0.721586651335, 0.0, 2.0, -1.0, 1.0, 2.0, 2.0, -1.0, 0.0, 2.0, 1.0, 1.0, 1.58886099844, -1.0, 0.0, 0.0, 0.0, 2.21104101554, 2.0, -0.918410129471, 1.0, -1.0, 2.0, 1.0, 1.0, 2.0, -1.0, 0.0, 1.0, 0.0, 2.0, -1.0, 2.0, 2.20682710416, 0.0, -1.0, -1.0, 0.0, 1.0, 3.0, 2.0, 1.72527599106, -0.492228225677, 3.0, 1.0, 0.0, 1.45928625869, 1.0, 2.0, 0.0, 95978.0, 612.0, 99478.0
3.0, -1.0, -0.450849675676, 1.0, 0.0, 2.0, 2.0, 1.0, 0.0, 0.0, 2.0, 2.0, 3.0, 3.0, 2.0, 2.0, 0.0, 1.04451950879, 1.0, 2.0, -0.963492884075, 2.0, 1.0, 2.0, 0.0, 2.0, 0.0, -0.159095509472, 2.0, 0.0, 2.0, -1.0, 1.92267603878, 3.0, -0.384964340787, 1.0, 1.0, 1.0, -1.0, 1.0, 1.0, 2.0, 0.0, 2.30001743695, -1.0, 1.22536626609, 1.85559159801, 1.0, 0.0, 1.0, 95832.0, 689.0, 99436.0
3.0, 0.0, 2.0, -1.0, 1.0, 1.99012548289, 2.0, -1.0, 0.0, 2.0, 1.0, 1.0, 2.0, -1.0, 0.0, 0.0, 0.0, 0.0, 1.60540010709, 1.0, 0.670522531675, -1.0, 2.0, 1.0, 1.0, 2.0, -1.0, 1.5059721821, 1.0, 0.0, 2.12114817885, -1.0, 2.73445038395, 2.0, 0.0, 0.699849512492, -1.0, 0.0, 1.0, 3.0, 2.0, 1.0, 1.0, 3.0, 1.0, -0.999682232723, 2.0, 1.0, 2.0, 0.0, 96020.0, 630.0, 99466.0
2.0, 0.0, 3.0, 3.0, 0.0, 0.0, 0.0, 2.0, 0.0, 1.0, 1.0, 2.0, 3.0, 2.0, -1.0, 2.0, -1.0, 0.0, 2.0, 0.0, 1.0, 1.0, 2.0, -1.0, 0.0, 0.0, -1.0, 1.0, 1.0, 1.0, -1.0, 1.0, 0.0, -1.0, -1.0, 2.0, 1.0, 0.0, 1.0, 2.0, 2.0, 1.0, 2.0, 2.0, 2.0, -1.0, -1.0, -1.0, 2.0, 0.0, 96048.0, 604.0, 99488.0
3.0, 2.0, 0.0, 0.0, 2.0, 0.0, 1.0, -1.0, 1.0, 2.0, 0.0, 0.0, 2.0, 2.0, 1.0, -0.981859515246, -1.0, -1.0, 1.0, -1.0, 3.0, 2.0, 1.0, 0.0614554721845, 0.0, 2.0, 2.0, -1.0, -1.0, 0.0, 1.0, 3.0, 2.0, -1.0, 0.0, 2.0, 0.0, 0.0, 0.0, 3.0, 1.0, 3.0, 0.0, 1.0, 1.0, 1.0, 1.0, 3.0, -0.4880364206, 0.0, 95951.0, 625.0, 99483.0
0.0, -1.0, 1.0, -1.0, 0.0, 2.0, 0.0, 1.0, 0.0, 2.0, -1.0, 3.0, 3.0, 1.21374310421, 0.0, 1.0, -1.0, 3.0, 2.0, 1.0, 2.0, 2.0, -0.916083466237, -0.862189488429, 0.0, 2.2030802288, -1.0, -1.0, 0.886523882468, 1.0, 1.0, 1.80398775098, 2.0, -1.0, 1.0, -1.0, -0.39151030721, 0.0, 1.0, 2.0, 0.0, 2.0, 1.0, 2.0, 1.0, 0.0, 0.0, 2.0, -1.0, 1.0, 96086.0, 579.0, 99502.0
1.0, 2.0, 3.0, 0.0, 0.0, 3.0, 0.0, -0.190953685679, -1.0, 0.0, 1.0, 0.0, 0.0, 0.0, 0.0, 0.0, -1.0, -0.222576805433, 1.0, -1.0, 2.0, 2.0, 1.0, -1.0, 0.0, 0.0, -1.0, 1.0, 3.0, 0.73585116742, -1.0, -1.0, 0.727537647125, -1.0, -1.0, 2.0, 1.90750481601, -1.0, 0.0356110087462, 1.0, 2.0, 1.0, 2.0, 3.0, 1.0, -1.0, -0.557796089209, 2.0, 2.0, -1.0, 96305.0, 552.0, 99534.0
3.0, 0.0, 0.0, 1.0, -0.966619503567, 2.0, 3.0, 0.0, 2.57634501784, 2.0, 2.31558190747, 3.0, 1.0, -1.0, 3.0, 0.0, -1.0, 2.0, 1.0, 3.0, 2.0, -1.0, 2.1789638113, 2.0, 0.0, 0.0, 1.0, 2.0, 1.0, 0.0, 2.0, 1.0, 0.0, 3.0, 0.0, 0.0, 2.0, 1.0, 0.0, 1.0, 2.0, 3.0, 0.291528576406, 3.0, 3.0, 1.0, 2.0, 2.88302258958, 2.0, 0.0, 96007.0, 691.0, 99430.0
3.0, -1.0, 0.0, 1.0, 0.0, 2.0, 3.0, 0.0, 1.0, 2.0, 1.0, 3.0, 1.0, -1.0, 3.0, 0.0, -1.0, 2.0, 1.69337178487, 3.0, 2.0, -1.0, 2.0, 2.0, 0.0, 0.0, 1.0, 2.0, 1.0, 0.0, 2.0, 1.0, 0.0, 3.0, 0.0, -0.604274294808, 2.0, 1.0, 0.0, 1.0, 2.0, 3.0, 1.0, 3.0, 3.0, 1.0, 2.0, 0.0, 2.0, -0.435040064917, 95859.0, 680.0, 99432.0
0.0, -0.603884111703, 1.0, -1.0, 1.0, 1.10810465004, 0.0, 0.0, -0.558392050222, 2.0, -1.0, 2.72464157329, 3.0, 0.0, 0.0, -0.687948754444, 1.0, -1.0, 1.97054905025, 1.0, 0.94951551875, 2.08321994907, -0.0620196216395, 1.0, 0.0, 2.0, -1.0, -1.0, -0.77473379531, 2.0, 1.0, 2.0, 2.61549946404, -1.0, 1.9784940155, -1.0, 1.0, 0.0, 2.9428394746, 2.0, -0.123139685532, 2.0, 1.0, 2.0, 1.0, 0.928034601179, 2.21059058054, 0.0362877397353, 1.86442704467, 1.0, 96241.0, 574.0, 99505.0
0.0, -1.0, 1.0, -1.0, 1.0, 2.0, 0.0, 0.0, 0.0, 2.0, -1.0, 3.0, 3.0, 1.21374310421, 0.0, 1.0, -1.0, -1.0, 2.0, 1.0, 2.0, 2.0, 0.0, 1.0, 0.0, 2.0, -1.0, -1.0, 0.886523882468, 2.0, 1.0, 2.0, 0.0, -1.0, 1.0, -1.0, 1.0, 0.0, 1.0, 2.0, 0.0, 2.0, 1.0, 2.0, 1.0, 0.0, 0.0, 2.0, -1.0, 1.0, 95941.0, 593.0, 99491.0
0.0, 1.75646384679, 1.0, -1.0, 1.0, 2.0, 0.0, 0.0, 0.0, 2.0, -1.0, 3.0, 3.0, 0.0, 0.0, 1.0, -1.0, -1.0, 2.0, 1.0, 2.0, 2.0, 0.0, 1.0, 0.0, 2.0, -1.0, -1.0, -1.0, 2.0, 1.0, 2.0, 0.0, -1.0, 1.0, -1.0, 1.0, 0.0, 1.0, 2.0, 0.0, 2.0, 1.0, 2.0, 1.0, 0.0, 0.0, 2.0, -1.0, 1.84856280291, 96080.0, 588.0, 99500.0
3.0, -1.0, 2.0, 2.0, 1.0, -0.710870315394, 1.0, 0.0, -0.0917968895995, 0.0, 1.0, 2.0, 1.0, 1.0, 3.0, 0.722428812457, 0.0, 1.0, -0.0532868348519, -0.185462696044, 0.0, 0.0, 3.0, 2.0, 2.0, 2.0, -1.0, 0.644254455657, 1.0, 1.0, 0.83187288516, -1.0, 2.0, 2.0, 1.0, 3.0, 1.0, 0.0, -1.0, -1.0, 2.0, -0.110532246151, -1.0, -1.0, 3.0, 2.0, -0.937174562721, -0.273890157601, 3.0, 0.701562549585, 96105.0, 625.0, 99476.0
3.0, -1.0, 0.0, 1.0, 0.0, 2.0, 3.0, 0.0, 1.0, 2.0, 1.0, 3.0, 1.0, -1.0, 3.0, 0.0, -1.0, 2.0, 1.0, 3.0, 2.0, -1.0, 2.0, 2.0, 0.0, 0.0, 1.0, 2.0, 1.0, 0.0, 2.0, 1.0, 0.0, 3.0, 0.0, 0.0, 2.0, 1.0, 0.0, 1.0, 2.0, 3.0, 1.0, 3.0, 3.0, 1.0, 2.0, 0.0, 2.0, 0.0, 95756.0, 695.0, 99420.0
3.0, 0.0, 2.0, -1.0, 1.0, 1.99012548289, 2.0, -1.0, 0.186788324854, 2.0, 1.0, 1.0, 2.0, -1.0, 0.0, 0.0, 0.0, 0.0, 1.60540010709, 1.0, 1.0, -1.0, 2.0, 1.0, 1.0, 2.0, -1.0, 1.5059721821, 1.0, 0.0, 2.12114817885, -1.0, 2.73445038395, 2.0, 0.0, 0.699849512492, -1.0, 0.0, 1.0, 3.0, -0.516674904737, 0.916101566597, -0.674243248674, 3.0, 1.86056619072, -0.999857830064, 2.0, 1.0, 2.0, 0.0, 96254.0, 597.0, 99488.0
2.0, 0.0, 0.181900227208, 2.6611508338, -0.366495609827, 0.0, 0.0, 0.0, 3.0, 1.0, 0.0, 3.0, 1.0, 1.0, 2.0, 1.0, 0.446781642849, 1.0, 2.0, 0.0, 1.0, 2.0, -1.0, -1.0, 0.0, 2.0, 3.0, 1.0, 1.0, -0.282078311328, 2.0, 0.0583884731703, 1.0, -1.0, 2.0, 1.0, -1.0, 0.0, -1.0, 1.0, 2.0, 0.0, 0.0, 2.19989386298, -0.695457120182, -1.0, 0.0, -0.334524297216, -1.0, 1.43263137437, 95841.0, 630.0, 99485.0
3.0, 1.0, -0.40374389578, 2.3173014467, 0.0, 0.0, 1.0, 0.0, 1.0, 2.0, 2.0, 3.0, 2.0, 1.0, 1.0, 1.0, 1.0, 1.0, 0.269294087706, 3.0, 0.0, -1.0, 2.0, 2.0, 0.0, 1.0, 2.0, 0.0, 0.0, 0.0, 2.0, -1.0, 0.0, 0.0, 2.0, 1.0, -1.0, 3.0, -1.0, 0.0, 3.0, 1.0, 0.0, 3.0, 1.0, -1.0, 0.0, 1.0, -1.0, 2.0, 95767.0, 668.0, 99453.0
0.0, -1.0, 1.0, -1.0, 1.0, 2.0, 0.0, 0.0, 0.0, 2.0, -1.0, 3.0, 3.0, 0.0, 0.0, 1.0, -1.0, -1.0, 2.0, 1.0, 2.0, 2.0, 0.0, 1.0, 0.0, 2.0, -1.0, -1.0, -1.0, 2.0, 1.0, 2.0, 0.0, -1.0, 1.0, -1.0, 1.0, 0.0, 1.0, 2.0, 0.0, 2.0, 1.0, 2.0, 1.0, 0.0, 0.0, 2.0, -1.0, 1.0, 96041.0, 575.0, 99504.0
3.0, -1.0, 0.0, 0.283348632431, 2.0, 2.0, 1.0, 0.61837820747, -0.328600337668, 0.0, -1.0, -1.0, 0.0, 1.0, 2.0, -1.0, 0.049443462261, 1.0, 2.0, 0.0, 2.0, -1.0, 0.0, 2.0, 1.0, 0.0, 0.0548800862302, 3.0, 3.0, 2.07711313187, -1.0, -1.0, 0.0, 0.0, 0.0, -1.0, 2.0, 2.0, 1.0, 2.0, 2.0, 2.0, 2.0, 1.0, 1.7871154388, 2.91463569022, -1.0, 1.48358772632, 1.0, 0.550873183761, 96010.0, 628.0, 99474.0
2.0, -1.0, 0.957280489227, -0.423872438018, -0.824111675494, -1.0, 2.0, 0.0, 1.0, -0.13552790631, -1.0, 1.0, 0.0, 0.0, 2.0, 1.0, 1.0, 3.0, 0.0, 3.0, 1.0, -1.0, 0.0, 3.0, 0.0, 0.0, 2.38695534887, -1.0, 2.0, 0.0, 3.0, 2.0, 1.0, 2.28803374771, 2.0, 0.0, 1.0, 0.0, -0.798480970576, 0.0, -1.0, 2.0, 1.0, 1.31410035309, 1.0, 1.0, 3.0, 1.0, 0.173401812841, 2.0, 95929.0, 638.0, 99475.0
2.0, 1.0, 0.957280489227, -1.0, 0.0, -1.0, 2.0, 0.0, 2.54883726055, 0.0, -1.0, 1.0, 0.0, 0.0, 2.0, 1.26517626896, 1.0, 2.15943312458, 0.0, 3.0, 1.0, -1.0, 0.0, 3.0, 0.0, 0.0, -1.0, -1.0, 2.0905325891, 0.0, 3.0, 2.0, 1.0, 3.0, -0.120609791693, 0.0, 1.0, 0.0, -1.0, 0.0, -1.0, 2.0, 2.11154979548, 1.31410035309, 1.0, 1.0, 1.12080915489, 1.0, 0.173401812841, 2.0, 95932.0, 631.0, 99471.0
2.0, 1.86133550061, 2.87025904261, 0.0, 3.0, 1.0, 1.48412245084, 0.0, -1.0, -1.0, 3.0, -0.228823689472, 1.01706953611, -0.950071973714, 0.0, -1.0, -0.592571718011, 0.0, 1.0, 2.0, 2.5044500099, 3.0, 0.0, 2.0, 1.0, 0.0, 0.0, -1.0, -1.0, 3.0, 0.0, 2.7173984371, 0.0, -1.0, -1.0, -0.917747363215, 3.0, 2.55765642053, 0.0, -0.0887617690172, 0.0, 2.0, -1.0, 1.0, 2.0, -1.0, 1.0, -0.083684352565, 3.0, 1.0, 96450.0, 562.0, 99525.0
1.0, 1.0, 2.0, 0.0, 3.0, 1.0, 1.0, 3.0, 3.0, 2.0, 1.0, 1.0, 3.0, 1.0, 2.0, -1.0, 2.0, 2.0, 0.0, 2.0, 0.0, 1.0, 2.0, 0.0, 0.0, 0.0, 2.0, 0.0, -1.0, -1.0, 2.0, 2.0, 3.0, 0.0, 1.0, 2.0, 3.0, 2.0, 1.0, 1.0, 0.0, 1.0, 2.0, -1.0, 1.0, -1.0, 0.0, 1.0, 0.0, 0.0, 95848.0, 687.0, 99438.0
-1.0, 0.0, 1.82442491184, 1.0, 1.0, 3.0, 2.0, 0.0, 3.0, -0.874850975205, 0.0, 2.0, 2.0, 1.0, 0.0, -1.0, 0.0, -1.0, 0.726472164824, 1.0, 0.0, -1.0, 0.0, 3.0, 0.0, 2.30247182976, 0.0, 2.0, 2.0, 2.0, 1.0, -1.0, 0.0, 0.0, 2.0, 1.0, 0.0, 2.0, 0.0, 0.492174635387, 0.210775951065, 1.0, -1.0, 1.09189641503, 2.0, 0.0, 1.50089041501, 2.0, 1.0, 2.0, 95821.0, 651.0, 99456.0
2.0, 2.88299129735, -0.156925345242, -1.0, 0.0, 1.0, 2.0, 3.0, -1.0, -1.0, 1.0, 0.0, 2.0, 1.36968421253, 2.0, 2.0, 1.0, 3.0, 0.0, 2.0, -0.662475054436, 2.0, 0.0, -1.0, 1.0, 2.0, 1.0, 0.0, -0.344104442247, 2.92060317725, 1.0, -1.0, 1.94402401265, 1.0, 1.0, 0.0, 0.0, 1.0, 1.0, 3.0, -1.0, 2.0, 0.0, 3.0, 3.0, 0.0, 0.0, 2.0, 2.0, 2.0, 96089.0, 650.0, 99461.0
3.0, -1.0, 2.0, 2.0, 1.0, 3.0, 1.0, 0.0, 0.0, 0.0, 1.0, 2.0, 1.0, 1.0, 2.66196946652, 2.0, 0.0, -0.113380017798, 0.0, 3.0, 0.0, 0.0, 3.0, 2.0, 2.0, 2.0, -1.0, 0.0, 1.0, 1.0, -1.0, -1.0, 2.0, 2.0, 0.185268286918, 3.0, 1.0, 0.0, -1.0, -1.0, 2.0, 0.0, -1.0, -1.0, 3.0, 2.0, 1.77773708878, 0.0, 3.0, 2.0, 96101.0, 644.0, 99461.0
1.0, 1.0, 2.0, 0.0, 0.0, 2.0, 0.0, 0.0, -1.0, 0.0, 1.0, 1.0, 0.764296545692, 1.0, 2.0, 3.0, 1.0, 3.0, 0.0, 2.0, 3.0, 2.17840355892, 1.0, 1.0, 0.0, 3.0, -1.0, 2.0, 3.0, 2.0, -1.0, 3.0, 2.0, -1.0, 2.0, 1.0, 0.0, 1.0, 1.0, -1.0, 2.0, 2.34999243489, 0.0, 0.0, -1.0, 1.0, 1.0, 2.0, 0.0, 0.0, 95924.0, 656.0, 99455.0
2.96890666268, 2.0, 0.0, -0.271866943938, 2.0, 0.275885379709, 1.0, -0.257115518357, 1.0, 2.0, 0.0, 0.0, 2.0, 0.291825673542, 1.0, -0.920856101193, -1.0, 2.0, 2.96150732021, -0.365243282703, 2.88113657386, 0.0, 1.0, 1.0, 0.0, 2.0, 2.0, 0.049636974629, -1.0, 2.0, 1.0, 3.0, 2.16894728846, -1.0, -0.0182223618075, 2.0, 0.0, 0.0, 2.49784581354, 3.0, 1.0, 3.0, 0.801179553152, 2.08375589421, 1.0, 1.0, -0.13923144523, 3.0, 2.21884418402, 0.0, 95687.0, 690.0, 99433.0
2.0, 1.0, 3.0, 2.0, -1.0, 1.0, 0.0, 1.0, -1.0, 2.0, 1.0, 2.0, 2.0, 2.0, 0.0, 0.0, 3.0, 0.0, 1.0, 1.0, 3.0, -0.696766386692, 3.0, 0.295361074887, 2.0, 0.0, 3.0, 2.18178382227, 2.0, 2.0, -1.0, 2.0, 3.0, 0.0, 0.0, 2.0, 1.0, 1.0, 2.10937384567, 0.0, 1.0, 0.0, 0.0, 2.0, 0.0, -1.0, 3.0, 0.0, -0.384564410111, 1.0, 95880.0, 678.0, 99443.0
2.0, 0.0, 0.181900227208, 3.0, -0.366495609827, 0.0, 0.0, 0.0, 3.0, -1.0, 0.0, 3.0, 1.0, 1.0, 2.0, 1.0, 1.0, 1.0, 2.0, 2.0, 1.0, 3.0, -1.0, -1.0, 0.0, 2.0, 3.0, 3.0, 1.0, -0.282078311328, 2.0, 0.0583884731703, 2.0, -1.0, 2.0, 1.0, -1.0, 0.0, -1.0, 1.0, 2.0, 0.0, 0.0, 2.19989386298, 0.0, 1.73715805696, 0.0, 1.9968201673, -1.0, 1.43263137437, 95923.0, 643.0, 99471.0
0.0, -1.0, 0.954787180736, -1.0, 1.0, 2.0, 0.0, 0.0, -0.758009856979, 2.0, -1.0, 3.0, 3.0, 1.21374310421, 0.0, 1.0, -1.0, -1.0, 2.0, 1.0, 2.0, 2.0, 0.0, 1.0, 0.0, 2.0, -1.0, -1.0, 0.886523882468, 0.793174355324, 2.0, 2.0, 0.0, -1.0, 1.0, -1.0, 1.0, -0.845159545461, 1.0, 2.07795461155, 0.0, 2.0, 1.0, 2.0, 1.0, 0.0, 0.0, 2.0, -1.0, 1.0, 96325.0, 563.0, 99526.0
0.0, -1.0, 1.0, -1.0, 1.0, 1.10810465004, 0.0, 0.0, 0.0, 2.27827613081, -1.0, 3.0, 3.0, 0.128658861573, 0.0, 1.0, -1.0, -1.0, 2.0, 1.0, 2.0, 2.08321994907, -0.0620196216395, 1.0, 0.0, 2.0, -1.0, -1.0, -1.0, 2.0, 1.0, 2.0, 2.61549946404, -1.0, 1.9784940155, -1.0, 1.0, 0.0, 1.0, 2.0, -0.123139685532, 2.84784906082, 1.0, 2.0, 1.0, 0.0, -0.242215756255, -0.689687290091, -1.0, 1.0, 96217.0, 565.0, 99513.0
-0.297011606163, 0.0, 1.0, 1.0, 0.0, 3.0, 2.0, 1.0, 3.0, -0.872426830495, 0.0, 2.0, 2.0, 1.0, 0.0, -1.0, 0.0, 3.0, 1.0, 1.0, 0.0, -1.0, 0.0, 3.0, -0.314232308242, 2.30247182976, 0.0, 2.49516200873, 2.0, 1.0, 1.0, -1.0, 2.0, 0.0, 2.0, 1.0, 0.0, 1.0, 0.0, -1.0, 1.0, 1.0, -1.0, 3.0, 2.0, 0.483397191748, 1.0, 2.0, 1.0, 2.0, 95810.0, 664.0, 99451.0
3.0, 0.0, 0.0, 0.0, 2.0, 1.0, 2.0, -1.0, -1.0, 0.0, 0.0, 0.0, 1.0, 1.0, 0.0, 2.0, -1.0, 0.0, -1.0, 0.0, 3.0, -1.0, 2.0, 1.0, 1.0, -1.0, 2.0, -1.0, 2.0, 1.0, 1.0, 2.0, 2.0, -1.0, 2.0, 1.0, -1.0, 0.0, -1.0, -1.0, 2.0, 2.0, 3.0, 1.0, -1.0, 2.0, 1.0, 2.0, -1.0, 0.0, 96791.0, 544.0, 99569.0
3.0, 2.58461175725, 0.0, 0.0, 2.0, -0.924978843477, -0.214448895148, -1.0, -1.0, 0.255831737509, -0.469530076956, 0.0, 1.0, 1.0, -0.0187380451897, 2.0, 0.0, 0.0, -0.831100901162, 0.434145325561, 3.0, -1.0, 2.0, 1.0, 1.0, -1.0, 2.0, -1.0, 2.0, 1.0, 1.09688735124, 2.46264213155, 2.11916796682, -1.0, 2.0, 1.0, -1.0, 0.803641232686, -1.0, -1.0, 2.0, 2.36114403893, 3.0, 1.0, -1.0, 2.0, 1.0, 2.0, -1.0, 0.0, 96719.0, 548.0, 99569.0
3.0, -1.0, -1.0, -1.0, 3.0, -1.0, 3.0, -1.0, 0.0, 3.0, 1.0, 0.0, 1.07184729142, 1.0, 0.0, 0.0, 0.0, 0.0, 2.0, -1.0, 1.0, 0.0, 1.0, 1.0, -0.970309783773, -1.0, -0.711202394435, 0.0, -1.0, 1.0, -1.0, 1.0, 2.00985687407, 2.0, 3.0, -1.0, -0.0338372722472, 1.0, -1.0, 2.0, 2.60962937599, 2.0, 0.0, 3.0, -1.0, 2.0, 0.0, 0.903365174518, 2.0, 1.0, 96648.0, 549.0, 99556.0
2.0, 1.86133550061, 2.87025904261, 0.0, 3.0, 1.0, 1.48412245084, 0.0, -1.0, -1.0, 3.0, -0.228823689472, 1.01706953611, -0.950071973714, 0.0, -1.0, -0.592571718011, 0.0, 1.0, 2.0, 2.5044500099, 3.0, 0.0, 2.0, 1.0, 0.0, 0.0, -1.0, -1.0, 3.0, 0.0, 1.22228895535, 0.0, -1.0, -1.0, -0.917747363215, 3.0, -0.845159545461, 0.0, -0.0887617690172, 0.0, 2.0, -1.0, 1.0, 2.0, -1.0, 1.0, -0.083684352565, 3.0, 1.0, 96517.0, 551.0, 99544.0
3.0, -1.0, 1.0, 2.0, 1.0, 3.0, 1.0, 0.0, 0.822893286477, -1.0, 1.0, 2.0, 0.834565338554, 1.11789528412, 2.66196946652, 2.0, 0.0, -0.113380017798, -0.904633069871, 3.0, 0.0, 0.0, 3.0, 2.0, 2.0, 2.0, -1.0, 0.0, 0.545642420724, 1.0, -1.0, -1.0, 2.0, 2.0, 0.185268286918, 3.0, -0.905687883919, 0.0, 1.42178913915, -1.0, 2.12807825556, 0.0, -1.0, -1.0, 3.0, 2.0, 1.77773708878, 0.0, 3.0, 2.0, 96317.0, 608.0, 99486.0
3.0, 0.0, 2.0, -1.0, 1.0, 2.59309964584, 2.0, -1.0, 0.0, 2.0, 1.0, 1.0, 2.0, -1.0, 0.0, 0.0, 0.0, 0.0, 2.0, 1.0, 1.48403815568, -1.0, 2.0, 1.0, 1.0, 2.0, -1.0, -0.220125110365, 1.0, 0.0, 0.946295385817, 1.8298445786, -1.0, 2.09532202487, 0.0, -1.0, -1.0, 0.0, 1.0, 3.0, 2.0, 1.0, 1.0, 3.0, 1.0, 0.0, 2.0, -0.421859288853, 2.0, 0.0, 95974.0, 626.0, 99479.0
3.0, 0.0, 2.0, -1.0, 1.0, 2.0, 2.0, -1.0, 0.0, 2.0, 1.0, 1.0, 2.0, -1.0, 0.0, 0.0, 0.0, 0.0, 2.0, 1.0, 0.873518505606, -1.0, 2.0, 1.0, 1.0, 2.0, -1.0, 0.0, 1.0, 0.0, 0.946295385817, -1.0, -1.0, 2.0, 0.0, -1.0, -1.0, 0.0, 1.0, 3.0, 2.0, 1.0, 1.0, 3.0, 1.0, 0.0, 2.0, 1.0, 2.0, 0.0, 95999.0, 616.0, 99485.0
2.0, 1.0, 2.0, -1.0, 0.0, -1.0, 2.0, 0.0, 1.0, 0.0, -1.0, 1.0, 0.0, 0.0, 2.0, 1.0, 1.0, 3.0, 0.0, 3.0, 1.0, -1.0, 0.0, 3.0, 0.0, 0.0, -1.0, -1.0, 2.0, 0.0, 3.0, 2.0, 1.0, 3.0, 2.0, 0.0, 1.0, 0.0, -1.0, 0.0, -1.0, 2.0, 1.0, 1.0, 1.0, 1.0, 3.0, 1.0, -1.0, 2.0, 96066.0, 615.0, 99484.0
-0.397025575499, 2.0, 2.0, 2.0, 1.60226224168, 0.0, 2.92359817282, 2.0, 1.0, 0.0, 3.0, 2.0, 0.0, -1.0, 0.615582464065, -1.0, 2.0, -1.0, 0.0, 2.56375655802, 1.0, 0.0, 2.72833867904, 2.0, 1.0, -0.481879075853, 1.0, 1.0, -1.0, 1.0, 0.0, 1.0, 0.0, -1.0, -1.0, 2.0, 3.0, 1.28303134424, 1.0, 1.49072103781, -1.0, 0.0, 1.0, 2.0, 1.0, -1.0, 0.0, -0.805944437885, 0.0, 0.0, 96031.0, 616.0, 99481.0
3.0, -1.0, 0.0, 3.0, 2.0, 2.0, 1.0, 0.61837820747, -0.328600337668, 0.0, -1.0, -1.0, 0.0, 1.0, 2.0, -1.0, 0.049443462261, 1.0, 2.0, 0.0, 2.0, -1.0, 0.0, 2.0, 1.0, 0.0, 0.0548800862302, 3.0, 3.0, -1.0, -1.0, -1.0, 0.0, 0.0, 0.0, -1.0, 2.0, 2.0, 1.0, 2.0, 2.0, 2.0, 2.0, 1.0, 1.7871154388, 2.91463569022, -1.0, 1.17264473253, 1.0, 1.0, 96148.0, 612.0, 99485.0
3.0, -1.0, -0.450849675676, 1.0, 0.0, 2.0, 2.0, 1.0, 0.0, 0.0, 2.0, 2.0, 3.0, 3.0, 2.0, 2.0, 0.0, 1.04451950879, 1.0, 2.0, -0.963492884075, 2.0, 1.0, 2.0, 0.0, 2.0, 0.0, -0.159095509472, 2.0, 0.0, 2.0, -1.0, 1.92267603878, 3.0, 1.0, 1.0, 1.0, 1.0, -1.0, 1.0, 1.0, 2.0, 0.0, 2.30001743695, -1.0, 1.0, 1.85559159801, 1.0, 0.0, 1.0, 95847.0, 689.0, 99436.0
1.0, 1.0, 2.0, 0.0, 0.0, -1.0, 0.0, 0.0, -1.0, -0.875147889823, 1.0, 1.0, 2.54056287844, 0.991249241217, 2.0, 3.0, 1.0, 3.0, 0.0, 2.0, 3.0, 0.0, 1.0, 1.0, 0.0, 3.0, -1.0, 2.0, 3.0, 2.0, 1.95579486396, 3.0, 2.0, -1.0, 2.0, 1.0, 0.0, 1.0, 1.0, -1.0, 2.0, 2.0, 0.0, -0.343364643599, -1.0, 1.0, 1.0, 2.0, 0.0, 0.0, 96043.0, 641.0, 99466.0
3.0, 0.0, 2.0, -1.0, 1.0, 3.0, 2.0, -1.0, 0.0, 2.0, 1.0, 1.0, 2.0, -1.0, 0.0, 0.0, 0.0, 0.0, 1.60540010709, 1.0, 1.60609519336, -1.0, 2.0, 1.0, 1.0, 2.0, -1.0, 1.5059721821, 1.0, 0.0, 2.7972970175, -1.0, 2.73445038395, 2.0, 0.0, 0.699849512492, -1.0, 0.0, 1.0, 3.0, 2.0, 1.30190507391, 1.0, 3.0, 1.0, -0.999682232723, 2.0, 1.0, 2.0, 0.0, 96077.0, 630.0, 99466.0
2.0, 0.0, 3.0, 3.0, 0.0, 0.0, 0.0, 2.0, 0.0, 1.0, 1.0, 0.0, 3.0, 2.0, -1.0, 0.926904428363, -1.0, 0.0, 2.0, 0.0, 1.0, 1.0, 2.0, -1.0, 0.0, 0.0, -1.0, 0.757975158132, 1.0, 2.04320195937, -1.0, 1.0, 2.0, -1.0, -1.0, 2.0, 1.0, 0.0, 0.849782007829, 2.0, 2.0, 1.0, 2.0, 2.0, 2.0, -1.0, -1.0, -1.0, 2.0, 0.0, 96077.0, 604.0, 99488.0
3.0, 2.0, 0.0, 0.0, 2.0, 0.0, 1.0, -1.0, 1.0, 2.0, 0.0, 0.0, 2.0, 2.0, 1.0, -1.0, -1.0, -1.0, 1.0, -1.0, 3.0, 2.0, 1.0, 1.0, 0.0, 2.0, 2.0, -1.0, -1.0, 0.0, 1.0, 3.0, 2.0, -1.0, 0.0, 2.0, 0.0, 0.0, 0.0, 3.0, 1.0, 3.0, 0.0, 1.0, 1.0, 1.0, 1.0, 3.0, 2.0, 0.0, 96004.0, 625.0, 99483.0
1.0, 2.0, 3.0, 0.0, 0.0, 3.0, 0.0, 0.0798379894401, -1.0, 0.0, 1.0, 0.0, 0.0, 0.0, 0.0, 0.0, -1.0, -1.0, 1.0, -1.0, 2.0, 2.0, 1.0, -1.0, 0.0, 0.0, -1.0, 1.0, 3.0, 0.73585116742, -1.0, -1.0, 1.0, -1.0, -1.0, 2.0, 1.90750481601, -1.0, 0.0, 1.0, 2.0, 1.0, 2.0, 3.0, 1.0, -1.0, 0.549715354499, 2.0, 2.0, -1.0, 96306.0, 552.0, 99534.0
-0.143275928134, 1.0, 2.0, 0.0, 3.0, 2.68968696951, 1.0, 3.0, 3.0, 2.0, 1.0, 1.0, 3.0, 0.713342805741, 2.0, -1.0, 2.0, 2.0, 0.0, 2.44272471616, 0.0, 1.58048340766, 2.0, 0.0, 0.0, 0.0, 2.0, -0.638881888918, -1.0, -1.0, 2.0, 2.0, 3.0, 0.0, 1.0, 2.0, 3.0, 2.0, 1.0, 1.0, 0.0, 1.0, 2.0, -1.0, 1.0, 0.0, 0.0, 1.0, 0.0, 0.0, 95930.0, 686.0, 99441.0
3.0, -1.0, 0.0, 1.0, 0.0, 2.0, 3.0, 0.0, 1.0, 2.0, 1.0, 3.0, 2.56160639581, -1.0, 3.0, 0.0, -1.0, 2.05121136092, 1.69337178487, 3.0, 2.0, -1.0, 2.0, 2.0, 0.0, 0.0, 1.0, 2.0, 1.0, 0.0, 2.0, 1.0, 0.0, 3.0, 0.0, -0.604274294808, 2.0, 1.0, 0.0, 1.0, 2.0, 3.0, 0.291528576406, 1.64081886291, 3.0, 1.0, 2.0, 0.0, 2.0, 1.74794983696, 95984.0, 680.0, 99432.0
0.0, -1.0, 0.954787180736, -1.0, 1.0, 2.0, 0.0, 0.0, -0.758009856979, 2.0, -1.0, 3.0, 3.0, 1.21374310421, 0.0, 1.0, -1.0, -1.0, 2.0, 1.0, 2.0, 2.0, 0.0, 1.0, 0.0, 2.0, -1.0, -1.0, 0.886523882468, 0.793174355324, 2.0, 2.0, 0.0, -1.0, 2.16917154916, -1.0, 1.0, 2.55765642053, 1.0, 2.07795461155, 0.0, 2.0, 1.0, 2.0, 1.0, 0.0, 0.0, 2.0, -1.0, 1.0, 96257.0, 574.0, 99507.0
0.663244332315, 0.0, 3.0, 3.0, 0.0, 0.0, 0.0, -0.218655152163, -0.588920304219, 1.0, 1.0, 2.0, 3.0, 2.0, -1.0, -0.174600125896, -1.0, 0.0, 2.0, 0.274954203879, 1.0, 1.0, 2.0, -1.0, 0.0, 0.0, -1.0, 1.0, 1.0, 1.0, -1.0, 1.0, 0.0, 1.05247401257, -1.0, 1.41527279771, 1.0, 0.0, 1.0, 2.0, 2.0, 1.0, 2.0, 2.0, 2.0, -1.0, -1.0, -1.0, 2.0, 0.0, 96033.0, 604.0, 99495.0
0.721586651335, 0.0, 2.0, -1.0, 1.0, 2.0, 2.0, -1.0, 0.0, 2.0, 1.0, 1.0, 2.0, -1.0, 0.0, 0.0, 0.0, 2.21104101554, 2.0, -0.918410129471, 1.0, -1.0, 2.0, 1.0, 1.0, 2.0, -1.0, 0.0, 1.0, 0.0, 2.0, -1.0, -1.0, 2.20682710416, 0.0, -1.0, -1.0, 0.0, 1.0, 3.0, 2.0, 1.0, 1.0, 3.0, 1.0, 0.0, 1.45928625869, 1.0, 2.0, 0.0, 96067.0, 600.0, 99494.0
0.816024414508, 1.0, 2.0, -1.0, 0.0, -1.0, 2.0, 0.0, 0.0, -0.354128392922, -0.185869477326, 1.0, 0.0, 0.0, -0.994738439765, 1.0, 1.0, 3.0, 0.0, 3.0, 0.0, -1.0, -0.885259645502, 3.0, -0.0872074177493, 0.0, -1.0, -1.0, -0.573265917625, 0.226546486622, 3.0, 2.0, 0.187034951087, 3.0, 2.0, 0.0, 1.0, 0.0, -1.0, 1.0, 1.0, 2.0, 1.0, 1.0, 1.07623485281, 1.0, 2.10888021101, 0.222703754276, -1.0, 2.0, 95985.0, 597.0, 99501.0
-0.397025575499, 2.0, 2.0, 2.0, 1.60226224168, 0.0, 2.92359817282, 2.0, 1.0, 0.0, 3.0, 2.0, 0.0, -1.0, 0.615582464065, -1.0, 2.0, -1.0, 0.0, 2.56375655802, 1.0, 0.0, 2.72833867904, 2.0, 1.0, -0.481879075853, 1.0, 1.0, -1.0, 1.0, -0.790887462005, 1.0, 0.604995484674, -1.0, -1.0, 2.0, 3.0, 1.28303134424, 1.0, 1.49072103781, -1.0, 0.0, 1.0, 2.0, 1.0, -1.0, 0.0, -0.805944437885, 0.0, 0.0, 96122.0, 603.0, 99491.0
3.0, 2.0, 0.0, -0.0890130103338, 2.0, 0.0, 1.0, -1.0, 1.0, 2.0, 0.0, 0.0, 2.0, 2.0, 1.0, -1.0, -1.0, -1.0, 1.0, -1.0, 3.0, 2.0, 1.0, 1.0, 0.0, 2.0, 2.0, -1.0, -1.0, 0.0, 1.0, 3.0, 2.0, -1.0, 0.0, 2.0, 0.0, 0.0, 0.0, 3.0, 1.0, 3.0, 0.0, 1.0, 1.0, -0.648331014739, 1.0, 3.0, 2.0, 0.0, 96060.0, 612.0, 99492.0
0.0, -1.0, 1.0, -1.0, 1.0, 1.73351000877, 0.0, 0.0, 0.0, 2.0, -1.0, 3.0, 3.0, 1.21374310421, 2.01390661568, 1.0, -1.0, 3.0, 2.0, 1.0, 2.0, 2.0, 0.0, 1.0, 0.0, 2.0, -1.0, -1.0, 0.886523882468, 2.0, 1.0, 2.0, 0.0, -1.0, 1.0, -1.0, 1.0, 0.0, 1.0, 2.0, 0.0, -0.81714142145, 0.628369697943, 1.92875964958, 2.71421748198, 0.0, 0.0, 2.0, -1.0, 1.0, 96098.0, 594.0, 99492.0
-1.0, -1.0, -0.104663480954, 2.16505621212, 2.0, 2.0, -1.0, 0.0, 2.0, 3.0, 2.0, 0.0, 2.38690586616, 0.0, 0.0, 0.0, -1.0, 2.0, 1.0, -1.0, -1.0, 3.0, 1.0, -1.0, 2.0, 0.0, -1.0, 0.0, 1.0, -1.0, 2.0, 0.0, 1.0, 0.0, 2.0, 3.0, 3.0, 1.1343198259, 2.0, 1.0, 2.0, 2.0, 1.0, -0.0233191946428, -1.0, 2.0, 1.0, 0.262452148358, -1.0, 2.57418951, 96390.0, 593.0, 99500.0
3.0, 0.0, 2.0, 2.0, 3.0, 1.0, 2.66305294733, 2.0, 0.0, 1.71538417819, 1.0, 2.0, 1.0, 1.0, 0.697754668315, 2.0, 0.0, 0.0, 0.406120143098, -1.0, 2.0, 0.758901580091, 1.26643574196, -1.0, 1.0, 0.0, -1.0, 0.0, 1.0, -1.0, 2.0, 0.0, 0.0, -1.0, 2.0, 1.0, 1.0, -0.847658625826, 0.025522353795, 2.0, 2.86237339053, 1.0, 2.91437584129, 1.0, 3.0, 3.0, -1.0, 0.0, 1.0, -1.0, 96246.0, 627.0, 99478.0
-1.0, -1.0, 1.0, 2.16505621212, 2.03227273416, 2.0, -1.0, 0.0, 2.0, 3.0, 2.0, 0.26002889219, 0.0, 2.0, 1.0, 0.0, -1.0, 0.72155901369, 0.0, 0.0, 2.0, 3.0, 1.0, -1.0, 2.0, 0.0, -1.0, -0.350289143352, -0.841096530479, -1.0, 2.0, 0.0, 1.0, 0.0, 2.0, 1.22759464172, 3.0, 3.0, 2.0, 1.0, 2.0, 2.0, 1.0, -0.0233191946428, -0.548901542593, 2.0, 1.0, 0.262452148358, 2.0, 2.39592524977, 96248.0, 625.0, 99479.0
3.0, -1.0, 0.68926996649, 1.0, 0.0, 2.0, 3.0, 0.0, 1.0, 2.0, 1.0, 3.0, 1.0, -1.0, 3.0, 0.0, -1.0, 2.0, 1.0, 3.0, 2.0, -1.0, 2.0, 2.0, 0.0, 0.0, 1.0, 2.0, 1.0, -0.228950083243, 2.0, 1.0, 0.0, 3.0, 0.0, 0.0, 2.0, 1.0, 0.0, 1.0, 2.0, 3.0, 1.0, 3.0, 3.0, 1.0, 2.0, 0.0, 2.0, 0.0, 95787.0, 695.0, 99420.0
3.0, 1.92927556314, 2.0, -1.0, 1.0, 1.99012548289, 2.0, -1.0, 0.112810123873, 2.0, 1.0, 1.0, 2.0, -1.0, 0.0, 0.0, 0.0, 0.0, 1.60540010709, 1.0, 1.0, -1.0, 2.0, 1.12538436929, 2.53746162015, 2.0, -1.0, 2.94854861365, 1.0, 0.0, 2.12114817885, -1.0, 2.73445038395, 2.0, 0.0, 0.699849512492, -1.0, 1.87190797976, 1.0, 3.0, -0.516674904737, 0.916101566597, -0.674243248674, 3.0, 1.86056619072, -0.999857830064, 2.0, 1.0, 2.0, 0.0, 96453.0, 597.0, 99488.0
3.0, -1.0, 0.0, 1.0, 0.0, 2.0, -0.146567462311, 1.0, 0.0, 0.0, 2.78595597404, 2.0, 3.0, 3.0, 2.0, 2.0, -0.569408935131, 1.0, 1.0, 2.0, 0.0, 2.0, 1.0, 2.0, 0.0, 2.42613682304, 0.0, 0.0, 0.0, 0.0, 2.0, -1.0, -1.0, 3.0, 1.0, 1.0, 1.0, 1.0, -1.0, 1.0, 1.0, 2.0, 0.0, 2.0, -1.0, 1.0, 1.66230471845, 1.0, 0.0, -0.0744469469938, 95807.0, 678.0, 99453.0
0.0, -1.0, 1.0, -1.0, 1.0, 1.10810465004, 0.0, 0.0, 0.0, 2.0, -1.0, 3.0, 3.0, 0.0, 0.0, 1.0, -1.0, -1.0, 2.0, 1.0, 2.0, 2.08321994907, -0.0620196216395, 1.0, 0.0, 2.0, -1.0, -1.0, -1.0, 2.0, 1.0, 2.0, 2.61549946404, -1.0, 1.9784940155, -1.0, 1.0, 0.0, 1.0, 2.0, -0.123139685532, 2.0, 1.0, 2.0, 1.0, 0.0, 0.0, 0.0, -1.0, 1.0, 96070.0, 575.0, 99504.0
3.0, -1.0, 0.0, 1.0, 0.0, 2.0, 2.0, 1.0, 1.0, 0.0, 0.128557755652, 2.0, 3.0, 3.0, 2.0, 2.0, 0.0, 1.0, 1.0, 2.0, 1.0, 2.0, 1.0, 2.0, 0.0, 2.0, 0.0, 0.0, 0.0, 0.0, 2.0, -1.0, -1.0, 3.0, 1.0, 1.0, 0.322523017479, 1.0, -1.0, 0.0, 1.0, 2.0, 0.0, 2.0, -1.0, 1.0, 2.97515329925, 1.0, 0.0, 1.0, 95699.0, 695.0, 99440.0
3.0, 2.58461175725, 0.0, 0.0, 2.0, 1.0, 2.0, -1.0, -1.0, 0.0, -0.469530076956, 0.0, 1.0, 1.0, 0.0, 2.0, -1.0, 0.0, -0.831100901162, 0.0, 3.0, -1.0, 2.0, 1.0, 1.0, -1.0, 2.0, -1.0, 2.0, 1.0, 1.09688735124, 2.0, 2.11916796682, -1.0, 2.0, 1.0, -1.0, 0.803641232686, -1.0, -1.0, 2.0, 2.36114403893, 3.0, 1.0, -1.0, 2.0, 1.0, 2.0, -1.0, 0.0, 96846.0, 544.0, 99569.0
1.0, -1.0, 1.0, 0.0, 3.0, 3.0, 2.0, 2.0, 2.0, 0.0, 1.08855275443, 3.0, 2.0, 3.0, 0.0, 2.0, 3.0, 0.0, 1.73016034479, 0.0, 3.0, 1.0, 3.0, 1.0, 1.0, -0.106328648954, 2.0, 2.0, 1.0, 0.0, 0.0, 0.0, -1.0, 2.21358995019, -1.0, -0.193060565983, -0.230085449221, 1.0, 1.0, 0.0, 3.0, 1.0, 3.0, -1.0, 2.0, 2.0, 2.0, 0.0, 0.0, 1.0, 95793.0, 705.0, 99427.0
3.0, -1.0, 0.0, 1.0, 0.0, 2.0, 3.0, 0.0, 1.0, 2.0, 1.0, 3.0, 1.0, -1.0, 3.0, 0.0, -1.0, 2.0, 1.0, 3.0, 2.0, -1.0, 2.0, 2.0, 0.0, 0.0, 1.0, 2.0, 2.4546666004, 0.0, 2.0, 1.0, 0.0, 3.0, 0.0, 0.0, 2.0, 1.0, 0.0, 1.0, 2.0, 3.0, 1.0, 3.0, 3.0, 1.0, 2.0, 2.0, 2.0, 0.0, 95836.0, 695.0, 99420.0
3.0, -1.0, -1.0, -1.0, 3.0, -1.0, 3.0, -1.0, 0.0, 0.0, 1.046880913, 0.0, -0.543687456217, 1.0, 0.0, 0.0, 0.0, 0.0, 2.0, -1.0, 1.0, -0.398982828458, 1.0, 1.0, -0.223985592458, -1.0, -0.711202394435, 0.0, -1.0, 1.0, -1.0, 1.0, 2.0, 2.0, 3.0, -1.0, 0.304752369612, 1.0, -0.816905675341, 3.0, 2.60962937599, 2.0, 0.0, 0.0290546724209, -1.0, 2.0, 0.0, 2.0, 2.0, 1.0, 96578.0, 551.0, 99550.0
1.0, 2.0, 3.0, 0.0, 0.0, 3.0, 0.0, 0.0, -1.0, 0.0, 1.0, 0.0, 0.0, 0.0, 0.0, 0.0, -1.0, -1.0, 1.0, -1.0, 2.0, 2.0, 1.0, -1.0, 1.0, 0.0, -1.0, 1.0, 3.0, 2.0, -1.0, -1.0, 1.0, -1.0, -1.0, 2.0, 2.0, -1.0, 0.0, 1.0, 2.0, 1.0, 2.0, 3.0, 1.0, -1.0, 2.0, 2.0, 2.0, -1.0, 96397.0, 552.0, 99534.0
2.0, 1.86133550061, 3.0, 0.0, 3.0, 1.0, 1.48412245084, 0.0, -1.0, -1.0, 3.0, 1.0, 2.0, 1.0, 0.0, -1.0, -0.592571718011, 0.0, 1.0, 2.0, 1.86093262001, 3.0, 0.0, 2.0, 1.0, 0.0, 0.0, -1.0, -1.0, 3.0, 0.0, 2.7173984371, 0.0, -1.0, -1.0, -0.917747363215, 3.0, 2.55765642053, 0.0, -0.0887617690172, 0.0, 2.0, -1.0, 1.0, 2.0, -1.0, 1.0, 2.0, 3.0, 1.0, 96469.0, 577.0, 99516.0
0.0, -1.0, 0.954787180736, -1.0, 1.0, 2.0, 0.0, 0.0, -0.758009856979, 2.0, -1.0, 3.0, 3.0, 1.21374310421, 0.0, 1.0, -1.0, -1.0, 2.0, 1.0, 2.0, 2.0, 0.0, 1.0, 0.0, 2.0, -1.0, -1.0, 0.886523882468, 0.793174355324, 2.0, 2.0, 0.0, -1.0, 1.0, -1.0, 1.0, -0.845159545461, 1.0, 2.07795461155, 0.0, 2.59446460868, 1.0, 2.0, 1.0, 0.0, 0.0, 2.0, -1.0, 1.0, 96351.0, 563.0, 99526.0
3.0, 0.0, 2.0, 0.0, 3.0, 1.0, 2.0, 0.932067537547, 0.996084444909, -1.0, 1.0, 2.0, 1.25331304055, 1.0, -0.662860648564, 2.32721908537, 0.0, 0.0, 0.391721010505, -1.0, 2.0, 2.0, 2.0, -1.0, 2.0, 0.0, -1.0, 0.0, 1.0, -1.0, -0.676305905007, 0.0, -0.762766017544, -1.0, 2.0, 1.60350698284, 1.0, -0.272298265535, 2.71321073858, 2.0, 2.97061636069, 1.0, 2.0, 1.0, -0.659663528828, 3.0, -1.0, 0.0, 0.299686494153, -1.0, 96503.0, 571.0, 99521.0
3.0, -1.0, 2.0, 2.0, 1.0, 3.0, 1.0, 0.0, 0.0, 0.0, 1.0, 2.0, 1.0, 2.83383504538, 2.66196946652, 2.0, 0.0, -0.113380017798, 0.0, 3.0, 0.0, 0.0, 3.0, 2.0, 1.52992569334, 2.0, -1.0, 0.0, 1.0, 1.0, -1.0, -1.0, 2.0, 2.0, 0.185268286918, 3.0, 1.0, 2.41707173759, -1.0, -1.0, 1.92723917795, 0.0, -1.0, -1.0, 3.0, 1.56305243997, 0.668270813508, 0.0, 3.0, 2.0, 96191.0, 644.0, 99461.0
3.0, 0.0, 2.0, -1.0, 1.0, 2.59309964584, 2.0, -1.0, 0.0, 2.0, 1.0, 1.0, 2.0, -1.0, 0.0, 0.0, 0.0, 0.0, 2.0, 1.0, 1.48403815568, -1.0, 2.0, 1.0, 1.0, 2.0, -1.0, -0.220125110365, 1.0, 0.0, 0.946295385817, 1.8298445786, -1.0, 2.0, 0.0, -1.0, -1.0, 0.0, 1.0, 3.0, 2.0, 1.0, 1.0, 3.0, 1.0, 0.0, 2.0, 1.0, 2.0, 0.0, 95999.0, 626.0, 99479.0
2.15349287396, 2.0, 3.0, 0.0, 0.0, 3.0, -0.364463950281, 0.0798379894401, -1.0, 0.0, 1.0, 0.992267531127, 0.0, 0.0, 0.0, 0.0, -1.0, -1.0, 1.2945648748, -1.0, 2.0, 1.0, 1.0, -1.0, 0.0, 0.0, -1.0, 3.0, 3.0, 0.426363376346, -1.0, -1.0, 2.0, -1.0, -1.0, 3.0, 1.90750481601, -1.0, 0.0, 1.0, 2.08543614533, 1.0, 2.0, 3.0, 0.0, 0.0, 3.0, 2.0, 2.71879253046, -0.314523489113, 96139.0, 583.0, 99505.0
0.0, 3.0, 1.33875097685, 1.0, 3.0, -1.0, 1.99041009858, 1.00616985902, 0.165609813736, 3.0, 0.132593646294, 1.0, -1.0, 0.510799333604, -1.0, 1.76057659791, 1.0, 1.0, 0.385593861582, 1.0, -1.0, 2.32118831164, -0.0555033511411, 0.372936374687, 0.0, 0.317865030045, -1.0, 3.0, 0.0, 2.0, 2.0, 1.13668338139, 2.0, -0.269824768354, 2.14619465817, 2.0, 1.0, 1.0, 0.0187987109503, 2.0, 0.0, -1.0, 2.0, 0.0, 2.51276996956, 0.750017278239, 0.549715354499, 3.0, 0.31721921652, 3.0, 95892.0, 669.0, 99452.0
