2.0, 2.0, 1.0, 1.0, 1.0, 1.0, 1.0, 1.0, -1.0, 0.0, 0.0, 3.0, -1.0, 2.0, -1.0, 0.0, 1.0, 2.0, 3.0, 3.0, 0.0, 0.0, 1.0, 3.0, 1.1459540961, 2.0, 2.0, 2.0, 3.0, 2.0, 2.0, 3.0, 1.0, -1.0, -1.0, 0.0, 3.0, -1.0, 3.0, 1.0, 0.0, 0.0, 3.0, 0.0, -1.0, 0.0, 0.0, 1.0, 0.0, 2.0, 97327.0, 635.0, 99472.0
1.0, -1.0, -0.387110404705, -1.0, 1.12737560476, -0.318871030966, 1.0, 0.0, -1.0, -1.0, 0.129169575679, -1.0, 2.0, -0.473470517467, -1.0, 2.0, 0.713073817417, 2.30114541666, -0.177190428375, -1.0, 2.0, 1.0, 1.0, 0.0, 2.0, 0.529497287072, 2.0, 0.0, -1.0, 2.0, 1.0, 0.873300371479, 1.0, 0.0426526908659, -1.0, 0.0, -1.0, 2.0, -1.0, 2.73869547593, 3.0, 1.0, 1.0, 2.0, 3.0, 0.00100392635794, 1.38711820424, -0.428859181052, 3.0, 0.0, 97367.0, 577.0, 99506.0
3.0, 0.0, 0.0, -1.0, 2.71698739755, 1.0, 3.0, 1.0, -1.0, 2.89323117052, -0.406030519751, 0.0, 0.0, 1.0, 0.673322797113, 2.0, 0.0, 2.0, 0.0, 2.47295791944, 1.0, 3.0, 0.0701481226296, 1.0, -1.0, 1.0, 0.0, 1.44831011724, 0.0, 0.853522573616, -0.490031636724, -0.429937297196, 2.79797951797, -0.108736819714, -1.0, 1.0, -0.805239253637, 0.0, -1.0, 1.0, -1.0, 2.89089025363, 0.0, 1.0, 2.0, 3.0, 2.0, 1.59076529691, 1.47661429496, -1.0, 97297.0, 625.0, 99481.0
-1.0, 0.0, 0.0, 2.0, 1.82897116578, 1.0, 1.0, 2.0, 3.0, 0.0, 0.658696500629, 0.0382995705527, 0.876546891858, 1.0, -1.0, 2.0, 0.0, 1.1600759617, 0.489527072567, 2.0, -0.945796678124, 0.0, 3.0, 2.0, 0.0, -0.340016519259, 1.0, -1.0, 1.0, 1.39352497353, 0.0, 1.0, -1.0, 2.0, -0.627972311529, 1.0, 2.0, 0.964289509317, 1.0, 1.0, 1.0, -0.102773189611, 3.0, -0.260069327989, -1.0, 2.0, 0.0, 2.89972907081, 2.58444065411, 2.0, 97200.0, 643.0, 99481.0
0.348410459058, 0.932363424496, 0.377386992825, 1.0, -0.990545454517, 1.0, -0.356865890549, 1.20864981197, -1.0, 0.0, 0.0, 0.0, -1.0, 2.25614081424, -1.0, 0.0, 1.0, 1.29313599937, 3.0, 3.0, 0.0, 0.883809091146, 1.0, 3.0, 3.0, 2.0, 0.309594316759, 2.0, 3.0, 2.0, 2.0, -0.898884657653, 2.47120106188, -1.0, -1.0, -0.892480249167, 1.91547604357, -1.0, 0.482766957872, 2.1107404551, 0.0, 0.0, 3.0, 0.0, -0.161563783633, -0.727416878806, 0.260946949511, 0.250466836124, -0.497464317762, 1.02846328246, 97365.0, 590.0, 99522.0
2.0, 2.55656315223, 1.0, -0.966998321521, -1.0, -0.13518189065, -1.0, 3.0, -0.511482324111, -1.0, -0.778116131415, -1.0, 3.0, 2.0, 2.39949701397, 0.0, 2.83567587743, -1.0, -1.0, 1.33968378655, -0.983053241288, -0.503627919392, 0.0, 0.311001144021, -1.0, 1.0, 2.0, 2.80984170084, 0.700233731026, 2.0, 1.0, -1.0, 1.0, -0.0616999903208, 2.0, 1.0, -1.0, 0.0, 2.10743195645, 1.0, -1.0, -0.785538411524, 3.0, 3.0, -0.795798049467, 1.0, 0.0, 0.226168347255, 0.584002407417, 0.0, 98103.0, 463.0, 99617.0
2.31000747044, -1.0, 2.0, -1.0, 1.12737560476, -1.0, 1.0, 0.0, -1.0, -1.0, 0.449300098785, 0.0395984065623, 2.0, 0.0, -1.0, 2.0, 0.713073817417, 2.0, -1.0, -1.0, 2.92246028866, 1.0, 1.0, 0.0, 0.153900054862, 0.690474997959, 2.0, 0.0, -1.0, 2.0, 1.0, 1.0, 2.38578645082, 0.0426526908659, -1.0, 0.0, -1.0, 2.99153357935, -1.0, 2.65629104877, 3.0, 1.0, 0.568377285602, 0.514215579894, 3.0, 0.433716370239, -0.458069362395, 3.0, 3.0, 0.0, 97556.0, 566.0, 99518.0
2.0, 3.0, 3.0, -0.16921043426, 2.0, 2.18225700479, -0.962002022488, 1.0, -1.0, 2.71176986287, 3.0, 2.0, 0.0, 3.0, -1.0, 0.0, -0.194780796562, -0.347936087031, 0.0, 0.944088147226, 0.0, 1.0, 3.0, 1.18587878312, 1.0, 2.68825654676, 1.0, 1.0, 3.0, 2.0, 1.86957406017, 1.37117007223, 2.0, -0.0403565241301, -1.0, 1.0, 2.0, 2.0, 1.82704183091, 3.0, 0.0, 1.0, 0.0, 1.0, -1.0, 0.249795368148, 2.0, 3.0, 1.0, -0.797622092837, 97374.0, 648.0, 99454.0
0.0, 2.2944809294, 0.0, 0.209825700979, 0.220208955783, -1.0, 1.0, 0.287981703402, -1.0, 1.0, 0.0, 2.0, 2.0, 0.972029215937, -1.0, -0.0522804542369, 1.0, 2.0, 1.22638837067, 2.0, 2.0, -0.517630240188, 0.0, 1.0, -1.0, 1.0, 0.0, -1.0, -0.875554124167, -1.0, 1.47364538475, -1.0, -1.0, -1.0, 3.0, -1.0, -0.720155104639, 3.0, -1.0, 2.0, 0.0, 2.0, 0.0, 0.0, 1.0, 0.0, -1.0, 2.0, 0.911664663421, 2.0, 97572.0, 541.0, 99574.0
0.0, 2.0, 0.0, 0.962415266439, 3.0, 0.0, 3.0, 0.299986722121, 3.0, 2.0, 0.0, 3.0, 0.0, -1.0, 2.04043238932, 2.96250362329, 0.276827765804, 1.0, 1.0, 0.0, 0.0, 0.0, 2.0, 2.0, 2.61889973094, 0.108316735266, 0.0, -0.184932856051, -0.00916864493229, 1.33465406704, 0.0, 1.0, 2.64338949733, 0.0, -1.0, 1.33046672611, 1.08546912243, 3.0, 0.564620537273, -0.321390763235, 1.95091162442, -1.0, 1.49142379337, 1.0, -1.0, 3.0, 1.0, 0.505215769691, 0.0, 2.0, 97110.0, 682.0, 99452.0
2.0, 1.65302820186, 1.0, -0.966998321521, -1.0, -1.0, -1.0, 3.0, -0.511482324111, -0.954944343345, 3.0, -1.0, 3.0, 2.0, 1.56354709184, 0.0, 2.83567587743, -1.0, 0.854032428672, 1.33968378655, -0.983053241288, -0.503627919392, 0.0, 0.311001144021, -1.0, 1.0, 1.77559008494, 2.80984170084, 0.0, 2.0, 1.0, -1.0, 1.0, -0.0616999903208, 2.0, 1.0, -1.0, 0.148493597822, 2.10743195645, 3.0, -1.0, -0.563395379317, 3.0, 3.0, -0.795798049467, 1.0, 1.15947781432, 0.226168347255, 1.0, 0.0, 98055.0, 486.0, 99597.0
2.86531917448, -0.0204622475848, 0.0, 1.44967062452, -1.0, -0.591175477518, 1.0, -0.292611277219, 0.0, 0.0, 0.0, -1.0, 0.334115459363, -1.0, -0.594346131607, 1.0, -0.903400795532, -0.797116450441, 2.0, -1.0, -1.0, 0.552976981223, 2.0, 0.0, -1.0, 0.0, 1.0, 2.0, -1.0, 0.0, -0.484417567419, 1.0, 0.0, -1.0, 2.4608778308, 3.0, 1.0, -1.0, 2.58489483128, 1.0, 0.947685411731, -0.163992862808, 1.0, 2.36619802288, -0.873408522382, 2.48929203906, 2.0, 2.0, 2.0, -1.0, 97778.0, 510.0, 99587.0
1.26806559221, -1.0, -0.387110404705, -1.0, 1.12737560476, -0.318871030966, 1.0, -0.0508688772175, -0.464678708889, -1.0, 0.129169575679, -1.0, 2.0, -0.473470517467, -1.0, 2.0, 0.713073817417, 2.30114541666, -0.177190428375, -1.0, 0.588166346627, 1.0, 1.0, 0.0, 2.0, 0.529497287072, 0.0, 2.0, -1.0, 2.47760271224, 1.0, 0.873300371479, 1.0, 0.0426526908659, -1.0, 0.0, -1.0, 2.43642443297, -1.0, 2.73869547593, 3.0, 1.0, 2.0, 2.0, 3.0, 0.00100392635794, 1.38711820424, -0.428859181052, 3.0, 0.0, 97333.0, 593.0, 99504.0
0.0, 2.0, 0.0, -0.738952292046, 2.06343072813, 0.0, 3.0, 0.299986722121, 3.0, 2.0, -0.0530544177259, 3.0, -0.116175250571, -1.0, -1.0, 2.0, 0.194094661598, 1.0, 1.0, 0.0, 0.0, 0.0, -0.373866419566, 1.69870581045, 2.61889973094, 0.108316735266, 0.0, -0.184932856051, 0.0, 1.0, 0.0, 1.0, 2.64338949733, 2.0, -1.0, 1.28635541029, 1.08546912243, 3.0, 2.0, -0.489862069044, -1.0, -1.0, 1.49142379337, 1.0, -1.0, 3.0, 1.0, 0.10567677091, 0.0, 2.0, 97182.0, 629.0, 99482.0
2.0, 1.08324871042, 3.0, 1.0, 2.44096641652, 2.0, 0.0, 1.0, 1.0, 3.0, 3.0, 2.0, 0.0, 3.0, -1.0, 0.0, 1.0, -1.0, 0.0, -0.648323589648, 0.0, 1.27995566687, 3.0, -1.0, 1.0, 0.0995668973187, 0.0, 1.0, 1.0, 2.0, 2.0, 2.0, 2.0, 0.0, 2.0, 1.0, 2.9696367665, 2.0, 2.0, 2.55277402252, 1.0, 1.0, 0.0, 1.0, -1.0, 2.0, 1.44621864784, 0.51153999173, 0.213938082774, -1.0, 97432.0, 641.0, 99471.0
-0.638897166873, 1.68475610722, 0.472856697034, 1.00137248114, 1.0, 1.0, 1.0, 2.47677660315, -1.0, 0.0, 0.0, 2.01954791461, -1.0, 2.75508043303, -1.0, 0.0, 0.787202899868, 2.0, 3.0, 1.37967132316, 1.26706211576, -0.0363531980133, 1.0, 2.4002896814, -1.0, 2.0, 2.37257924556, 2.0, 3.0, 2.0, 2.0, 3.0, 1.0, -1.0, -1.0, 0.0, 3.0, -1.0, 1.69532644735, 1.0, 0.0, 0.0, 3.0, 0.0, -1.0, 0.0, 1.94217571344, 1.0, 0.0, 2.11775367536, 97402.0, 605.0, 99493.0
-0.0683013054201, 0.0, 0.0, 2.0, 1.82897116578, 1.0, 1.0, 2.0, 3.0, 1.19573302698, 0.658696500629, 0.0382995705527, 0.876546891858, 1.0, -1.0, 2.0, -0.221872698338, 1.1600759617, 0.489527072567, 2.0, -0.945796678124, 0.0, 0.440410853006, 2.0, 0.0, -0.340016519259, 1.0, -1.0, 1.0, 1.39352497353, 0.0, 1.0, -1.0, 2.0, -0.627972311529, 1.0, 2.0, 0.964289509317, 1.0, 1.0, -0.342171566235, -0.102773189611, 3.0, -0.260069327989, -1.0, 2.0, 0.0, 2.89972907081, 2.58444065411, 2.0, 97057.0, 661.0, 99470.0
0.0, 2.0, -0.269698579508, 0.571859563591, 1.73121168414, 0.0, 3.0, 0.299986722121, 3.0, 2.0, 0.0, 2.74289984837, 0.303185092183, 0.60362947567, 2.7394807905, 2.1985772705, 1.0, -0.217149656418, -0.249421826413, 1.04599348373, 0.0, 0.324569871462, 2.0, 2.0, 2.39124889673, 1.0, 2.98393951402, 2.0, 0.0, 2.52674996506, -0.484543534029, 1.85227672787, 0.48202544124, 0.0, -1.0, 1.28635541029, 1.08546912243, 2.33306473615, 2.0, 1.35398723642, -1.0, 0.0, 1.49142379337, 1.0, -1.0, 3.0, 1.0, 0.10567677091, 0.0, -0.437093942815, 97057.0, 699.0, 99448.0
2.75665557951, 2.0, 1.0, 1.0, 1.59369985594, 2.0, -0.391019603281, 1.0, 3.0, 0.0, 1.0, 0.0, 3.0, 1.90849540461, 1.0, 0.0, 2.0, 2.0, 2.0, 2.8608192509, 0.0, 2.14205930044, 1.60985483595, -1.0, 2.0, 3.0, 2.73681657312, 3.0, 2.0, 2.0, 0.190418023272, -0.312353082478, 1.0, 0.961411013577, 1.42659193593, 2.22153375357, -0.892323399076, 1.0, 0.620069462094, 0.278337689326, 0.0, 3.0, 2.0, -0.021935962018, 1.0, 2.10025736509, 2.0, 0.932713175985, 0.34756027791, 0.0, 97203.0, 715.0, 99428.0
2.0, 1.92351324494, 1.26703120049, 1.0, -1.0, -1.0, -0.959993598869, 3.0, 0.0, -1.0, 0.0, -1.0, 3.0, 2.00175583612, 3.0, 0.0, 2.0, -1.0, -1.0, 1.0, 0.0, 0.0, 0.0, -1.0, -1.0, 1.0, 2.0, 2.0, 0.0, 2.0, 1.0, -1.0, 1.0, -0.441372604589, 2.0, 1.0, -1.0, 3.0, -1.0, 1.0, -1.0, -1.0, 3.0, 0.0, -0.995207643236, 0.233262283228, 0.0, -1.0, 1.0, 0.0, 97941.0, 493.0, 99607.0
2.0, 3.0, 3.0, 3.0, 2.64069109943, 2.98042284207, 0.0, 1.0, 1.0, 3.0, 3.0, 2.0, 2.0, 3.0, -1.0, 0.0, 2.33457871245, 2.0, 0.0, -0.908764282543, 1.52437143267, 1.0, 0.837735421766, -0.643104442264, -0.213372896397, 1.67565241634, 1.0, 1.0, 1.0, 2.0, 0.00629717196554, 1.89747012014, 2.0, 0.0, -0.996723444153, 1.0, 2.0, 2.24350512884, 2.0, 3.0, 0.406936216166, 1.0, 0.0, 0.0739439235107, 1.12909595977, 2.0, 2.25248722384, 3.0, 1.0, -1.0, 97451.0, 664.0, 99453.0
2.0, 2.55656315223, 0.0791168344694, -0.966998321521, 1.07949410929, -0.13518189065, -0.543363656925, 0.161809453778, -0.511482324111, -1.0, -0.778116131415, -1.0, 3.0, 2.0, 2.39949701397, 0.0, 2.83567587743, -1.0, -1.0, 1.33968378655, -0.983053241288, -0.503627919392, 0.0, 0.311001144021, -1.0, 1.0, 2.0, 2.80984170084, 0.700233731026, 2.0, 1.0, -1.0, 1.0, -0.0616999903208, 2.0, 1.0, -1.0, 0.0, 2.10743195645, 1.0, 2.48567527963, -0.563395379317, 3.0, 3.0, -0.795798049467, 1.0, 1.55855469979, 0.226168347255, -0.0154721870948, 0.0, 97857.0, 499.0, 99582.0
1.0, 0.883211165996, 2.57025830834, -1.0, 2.06343072813, -1.0, 1.40644758535, -0.191301535945, -1.0, -1.0, -1.0, -1.0, 2.0, 0.408327703634, -1.0, -0.399877052861, 0.713073817417, -0.0975221849723, -1.0, -1.0, 2.0, 1.0, 1.0, -0.950631990692, 2.0, 0.181471549587, -1.0, 0.0, -1.0, -0.347769851084, 1.0, 1.0, -0.0809647702726, 0.92891741724, -1.0, 0.0, 0.0, 2.0, -1.0, 1.67771319065, 3.0, 1.0, -0.679579114936, 0.741957672488, 3.0, 1.0, 1.38711820424, 3.0, 3.0, 0.0, 97766.0, 523.0, 99570.0
3.0, 1.0, 1.0, 2.86320930192, 2.0, 2.04971444769, -1.0, 0.161809453778, 2.0, 2.76094296501, 1.89594929405, 2.11976113979, 3.0, -0.561090807597, 2.72648679296, 2.61344731599, 0.0, 1.20277688226, 2.0, -0.273834645463, -0.351464421843, 0.0, 3.0, -1.0, -1.0, 1.62343507798, 2.0, 0.0, 0.700233731026, 0.820585831844, 0.0, -1.0, 1.11626728563, 0.256146242866, -1.0, 0.0, -1.0, 1.0, -1.0, 0.0, 2.51593427581, 2.0, -1.0, 2.07244297915, -1.0, 2.90677550133, 0.0, 2.89544910738, 1.34202927363, -0.523471672256, 97664.0, 573.0, 99509.0
2.0, 0.932363424496, 0.377386992825, 1.0, -0.990545454517, 1.0, -0.356865890549, 1.20864981197, -1.0, 0.0, 0.0, 0.0, -1.0, 2.25614081424, -1.0, 2.13180784626, 2.79348969104, 1.29313599937, 3.0, 3.0, 0.0, 0.883809091146, 1.0, 3.0, 3.0, 2.0, 0.309594316759, 2.0, 3.0, 2.0, 2.0, -0.898884657653, 2.47120106188, -1.0, -1.0, -0.892480249167, -1.0, -1.0, 0.482766957872, 2.33163229829, 0.0, 0.0, 3.0, 0.0, -0.533266095752, 0.500543673932, 0.260946949511, 0.250466836124, -0.497464317762, 1.02846328246, 97469.0, 563.0, 99520.0
2.0, 3.0, 3.0, -0.16921043426, 2.0, 2.18225700479, -0.962002022488, 1.0, -1.0, 2.71176986287, 3.0, 2.0, 0.0, 3.0, -1.0, 0.0, -0.194780796562, -0.347936087031, 0.0, 0.944088147226, 0.0, 1.0, 3.0, 2.62478434866, 1.0, 2.68825654676, 1.0, 1.0, 3.0, 2.0, 1.86957406017, 1.37117007223, 2.0, 2.26741404173, -1.0, 1.0, 2.0, 2.0, 1.82704183091, 3.0, 0.0, 1.0, 0.0, 1.0, -1.0, -0.805057795665, 2.0, 2.72558988174, 1.0, -0.797622092837, 97544.0, 637.0, 99470.0
3.0, -1.0, 0.0, -1.0, 0.0823132570099, -1.0, 0.712608776088, 0.0, -1.0, -1.0, -1.0, 3.0, 2.0, 2.0, -1.0, 2.0, 2.40552053268, 2.64471425965, -1.0, -0.535375885098, 2.0, -0.151144762883, 1.0, -0.281577482181, 1.92824180359, 3.0, 2.0, 0.0, -1.0, 2.0, 0.748228618735, 0.126976716448, -0.855294836169, 1.20049670563, -1.0, 0.868114747234, -0.901905483744, 2.0, 0.363254045847, 0.498940583478, 3.0, 0.0815926451872, 1.0, 0.86448992639, 3.0, 0.832607477742, 0.0, 3.0, 2.51259360199, -0.800415843264, 97790.0, 530.0, 99547.0
2.61520913779, 3.0, 3.0, 2.23238572921, 2.0, 2.0, -0.903444087119, 1.0, -1.0, 3.0, 3.0, 2.0, 0.0, -1.0, -1.0, 0.0, -0.194780796562, -0.897893161545, 1.83833521659, -0.0502722047398, 0.0, 1.0, 3.0, -0.18840308483, 1.0, 3.0, 2.58004285368, 1.0, 3.0, 1.50170295834, 1.86957406017, -1.0, 2.0, 0.0, -1.0, 1.0, 2.0, 2.0, 1.60381465107, 3.0, -0.693334526042, 1.0, -0.191104758765, 1.0, -1.0, 2.0, 2.0, 1.46487590057, 0.862207363436, -1.0, 97789.0, 575.0, 99508.0
-0.391887202087, 3.0, 3.0, 3.0, 2.0, 0.43352224082, 0.0, 1.81397664627, -1.0, 3.0, 1.87121350371, -0.122996288037, 0.0, 3.0, -1.0, 0.0, -0.194780796562, -1.0, 0.0312233116254, -0.0471249631837, 0.0, 1.0, 3.0, -0.435926649759, 0.0438119772143, 3.0, 1.0, -0.0645980034957, 3.0, 2.0, 1.86957406017, 2.0, 2.0, 0.100113280436, -1.0, 1.88659397291, 2.0, 2.0, 2.0, 0.0, 0.526317175876, 0.445075245343, 0.0, 1.0, -1.0, 2.0, 2.0, 3.0, 1.0, -1.0, 97327.0, 647.0, 99460.0
0.0, 2.0, 0.0, -0.738952292046, 2.06343072813, 0.0, -0.625977167625, 0.299986722121, 3.0, 2.0, -0.0530544177259, 3.0, -0.116175250571, -1.0, -1.0, 2.0, 0.194094661598, 1.0, 2.93195259636, 0.0, 0.0, 0.0, -0.373866419566, 1.69870581045, 2.61889973094, 0.108316735266, 0.0, -0.184932856051, 0.0, 1.0, 0.0, 1.0, 2.64338949733, 2.0, -1.0, 1.28635541029, 1.08546912243, 1.18188172522, 2.0, -0.489862069044, -1.0, -1.0, 1.49142379337, 1.0, -1.0, 3.0, 1.0, 0.10567677091, 0.0, 2.0, 97214.0, 611.0, 99489.0
-0.638897166873, 1.68475610722, 0.472856697034, 1.00137248114, 1.0, 1.0, 0.126580588648, 2.47677660315, -1.0, 0.0, 0.0, 1.1316868854, -1.0, 2.75508043303, -1.0, 0.0, 0.787202899868, 2.0, 3.0, 2.63485600983, 1.26706211576, -0.0363531980133, 1.0, 2.4002896814, -1.0, 2.71653544698, 2.37257924556, 2.0, 3.0, 2.0, 2.0, 3.0, 1.0, -0.36953496102, -1.0, 0.0, 3.0, -1.0, 1.69532644735, 1.62830723166, 0.0, 0.0, 2.16688720031, 0.0, -1.0, 0.0, 1.94217571344, 1.0, 0.0, 2.11775367536, 97327.0, 621.0, 99479.0
-0.0683013054201, 0.0, 1.41002745952, 2.0, 1.82897116578, 1.0, 1.0, 2.0, 3.0, 1.19573302698, 0.405239892768, 0.0382995705527, 0.876546891858, 1.12910930845, -1.0, 2.0, -0.221872698338, 1.1600759617, -0.632574100689, 2.0, -0.945796678124, 0.0, 0.440410853006, 2.0, 0.0, -0.340016519259, 1.0, -1.0, 1.0, 1.39352497353, 0.0, 1.0, -0.387872211173, 2.8110787431, -0.627972311529, 1.0, 2.0, 0.964289509317, 1.0, 1.0, -0.342171566235, -0.468938830173, 3.0, -0.260069327989, -1.0, 2.0, 0.0, 2.89972907081, 2.58444065411, 2.0, 97114.0, 655.0, 99473.0
3.0, -1.0, 1.0, -1.0, 1.12737560476, -0.13518189065, -1.0, 0.266292240851, -1.0, -1.0, -0.961027462719, -1.0, 3.0, 0.898467833578, -0.945294590567, 2.60893469483, 1.0, 2.0, -1.0, -1.0, -0.987661284873, 1.50124661154, 0.681297357811, 0.311001144021, 2.60231011305, 2.56032478661, 0.0, -0.195326806049, -1.0, 2.87987018024, 1.0, -0.135030702308, 0.195718125736, 0.92891741724, -1.0, 0.0, -1.0, 2.0, 3.0, 1.15180196092, 1.92389102577, 2.82862683598, 1.70542926293, 2.8224635931, -1.0, 1.0, 1.38711820424, 3.0, 1.64571398269, 0.0, 97878.0, 500.0, 99556.0
2.05779041888, 1.75779647605, 1.0, -0.966998321521, -1.0, -1.0, -1.0, 3.0, -0.511482324111, -1.0, -0.897335916199, -1.0, 0.655802251656, 2.64759835681, 2.95447180335, 0.172141542602, 2.83567587743, -1.0, -1.0, 1.33968378655, -0.993244635264, -0.503627919392, 0.0, -0.165988160396, 2.0, 1.0, 2.0, 2.20823373909, -0.618104798782, 2.0, -0.207618883243, -1.0, 1.0, 0.0, 1.52955620908, 1.0, -1.0, 0.0, -0.445898264577, -0.342749292337, -1.0, -0.563395379317, 3.0, 1.675355114, -0.795798049467, 0.794273841406, -0.484701258654, -0.922953263638, 1.0, 2.93813959474, 98172.0, 438.0, 99639.0
2.61520913779, 3.0, 3.0, 2.23238572921, 2.0, 2.0, -0.903444087119, 0.846228985106, -1.0, 3.0, 3.0, 2.0, 0.0, 0.0, -1.0, 0.0, -0.194780796562, -0.897893161545, 0.970194883116, 1.33968378655, 0.0, 1.0, 3.0, -0.18840308483, 1.0, 3.0, 1.0, 2.19045935394, 3.0, 1.50170295834, 1.86957406017, -1.0, 2.07749736606, 0.0, -1.0, 1.0, 2.0, 2.0, 2.0, 3.0, 2.90432983283, 1.0, 0.0, 1.0, -1.0, 2.0, 2.0, 1.46487590057, 1.0, -1.0, 97621.0, 612.0, 99479.0
2.54244442019, 1.75779647605, 1.0, -0.966998321521, -1.0, -1.0, -1.0, 3.0, -0.959059647949, -1.0, 0.0, -1.0, 3.0, 2.52237405533, 1.56354709184, 0.0, 2.83567587743, -1.0, -1.0, 1.33968378655, -0.983053241288, -0.503627919392, 0.0, -0.0288656639501, -1.0, 0.113925153044, 2.0, 2.9129532652, 0.0, 2.0, -0.207618883243, -1.0, 0.660502491923, -0.0616999903208, 2.0, 1.0, -1.0, 0.0, 2.10743195645, 1.0, -1.0, -0.563395379317, 3.0, 1.675355114, -0.795798049467, 1.0, 1.15947781432, -0.509294131653, 0.0, 0.0, 98080.0, 456.0, 99624.0
3.0, -1.0, 2.84930073956, -1.0, 1.12737560476, -1.0, 1.0, -0.291995644874, -1.0, -1.0, 1.29546641727, 0.737633909014, 2.0, 0.955694297303, -1.0, 2.60893469483, 0.994507324266, 2.0, -1.0, -1.0, 2.0, -0.501483182115, 0.681297357811, 0.0, -0.302054273125, 0.886790617901, 0.0, 0.0, -1.0, 2.87987018024, 1.46878116012, 1.0, 0.195718125736, 0.92891741724, -1.0, 0.0861008488808, -1.0, 2.0, 2.20478008495, -0.254991899255, 3.0, 1.0, 2.96910909219, 2.0, 3.0, 1.0, 1.38711820424, 3.0, 3.0, 0.0, 97687.0, 561.0, 99523.0
1.0, -1.0, -0.387110404705, -1.0, 0.220208955783, -0.318871030966, 1.0, -0.126047820225, -1.0, -1.0, 0.129169575679, -1.0, 0.679865645947, -0.473470517467, -1.0, 2.0, 0.713073817417, 2.30114541666, -0.177190428375, -1.0, 2.0, -0.517630240188, 1.95312573381, 0.0, 2.0, 0.529497287072, 2.0, 0.0, -1.0, 2.0, 1.0, 0.873300371479, 1.0, 0.821535174945, -1.0, 0.0, -1.0, 2.0, -1.0, 2.64776025511, 3.0, 1.0, 1.0, 2.0, 3.0, 0.00100392635794, 1.38711820424, -0.428859181052, 3.0, 0.0, 97449.0, 562.0, 99521.0
3.0, -1.0, 2.84930073956, -1.0, 1.12737560476, 1.1676155081, 1.0, -0.291995644874, -1.0, -1.0, 1.79212391501, -1.0, 2.0, 2.0, -1.0, 2.60893469483, 0.994507324266, 0.240050433863, -1.0, -1.0, 2.64212755999, 0.689298410362, 0.681297357811, 0.0, 2.60231011305, 0.886790617901, 0.0, 0.0, -1.0, 2.95088656056, 1.46878116012, 1.27399613664, -0.0869996282604, 0.92891741724, -1.0, 0.0, -1.0, 2.0, 2.20478008495, -0.254991899255, 3.0, 2.74913990044, 2.96910909219, 2.69699466352, 3.0, 1.0, 1.38711820424, 3.0, 3.0, 0.0, 97743.0, 569.0, 99512.0
2.0, 2.0, 1.0, 1.0, 1.59369985594, 2.0, -0.391019603281, 1.0, 3.0, 0.0, 1.0, 0.0, 3.0, 1.90849540461, 1.0, 0.0, 1.87774301829, 2.0, 2.0, 2.8608192509, 0.0, 1.27155223319, -1.0, -1.0, 2.0, 3.0, 2.73681657312, 3.0, 2.0, 2.0, 0.190418023272, -0.312353082478, 1.0, 0.961411013577, 1.42659193593, 2.22153375357, -0.892323399076, 1.0, 0.620069462094, 0.278337689326, 0.0, 3.0, 2.0, -0.021935962018, 1.0, 2.10025736509, 2.0, 0.932713175985, 0.34756027791, 0.0, 97222.0, 702.0, 99443.0
1.0, -1.0, 2.57025830834, -1.0, 1.12737560476, -1.0, 1.0, -0.65044971575, -1.0, -1.0, -1.0, -1.0, 2.0, 0.408327703634, -1.0, 2.0, 0.969220985101, 2.0, -1.0, -1.0, -0.689875618891, -0.365216074677, 1.0, 0.0, 2.0, 0.181471549587, -1.0, 0.0, -1.0, 2.0, 1.0, 1.0, 0.871590515919, 0.746244345813, -1.0, 0.0, 0.109228771841, 2.0, -1.0, 1.67771319065, 3.0, 1.0, -0.679579114936, 2.0, 1.61074404012, 1.0, 1.38711820424, 3.0, 3.0, -0.589349115796, 98065.0, 476.0, 99606.0
2.0, 1.81073596475, -0.387110404705, 1.0, -1.0, -1.0, -0.517078071397, 3.0, 0.0, -1.0, 0.98620004249, -0.3708990532, 3.0, -0.572158823793, 0.0, 0.0, 1.28973465561, -0.231920736057, -1.0, 2.88428746873, 0.712021389918, 0.0, -0.145264774977, -1.0, -1.0, 1.0, 2.0, 0.94637691102, 0.525711624864, 2.47760271224, 1.0, -1.0, -0.352903375272, 0.498892533399, 2.0, 1.0, -1.0, 3.0, -1.0, -0.233096341919, -1.0, -1.0, 3.0, 1.19667300366, -0.991294074709, 0.233262283228, 0.0, -0.428859181052, -0.466687960802, 0.0, 97691.0, 523.0, 99577.0
2.86531917448, -0.0204622475848, 0.0, -1.0, 1.75301698702, -0.415535474404, 2.03082277764, -1.0, 0.0, 0.0, 0.0, -0.249481080593, 0.334115459363, -1.0, -0.909889781881, 1.0, -0.903400795532, 0.0, 2.0, -1.0, -1.0, 0.552976981223, 2.96569805289, -0.953262811081, 1.44096174948, 0.0, 1.19615994049, 2.84483534441, -0.604055529927, 1.43117085836, -0.484417567419, 0.531997731555, 1.60302234345, -1.0, 1.73959820907, 3.0, 1.0, -1.0, 2.0, -0.114060328801, 0.947685411731, -0.163992862808, 1.0, 0.830887570219, -0.873408522382, 2.48929203906, 2.0, 2.0, 2.0, -1.0, 97600.0, 535.0, 99545.0
-0.0683013054201, 0.0, 0.0, 2.0, 2.70167756137, 1.0, 1.0, 2.0, 3.0, 1.19573302698, 0.658696500629, 0.0382995705527, 0.876546891858, 1.0, -0.42869846153, 2.0, -0.221872698338, 1.1600759617, 0.489527072567, 2.18103935156, -0.945796678124, 0.0, 0.440410853006, 2.0, 0.0, -0.340016519259, 0.309594316759, -1.0, 1.0, 1.39352497353, 0.0, 1.0, -1.0, 2.0, -0.627972311529, 1.0, 2.0, 0.808526902643, 1.0, 2.45820914383, -0.342171566235, -0.102773189611, 3.0, -0.260069327989, -1.0, 2.0, 0.0, 2.89972907081, 2.58444065411, 2.0, 97031.0, 678.0, 99464.0
2.88447845263, 2.55656315223, 1.0, -0.966998321521, -1.0, -1.0, -1.0, 3.0, -0.511482324111, -1.0, 1.41067848537, -0.43106210188, 3.0, 2.0, 2.86606982908, 0.0, 0.278796803931, -1.0, -1.0, 1.33968378655, -0.987661284873, -0.503627919392, -0.635875365078, 0.0, 2.39124889673, 1.0, 2.0, 2.80984170084, 0.700233731026, 2.0, 1.0, -1.0, 1.5473479561, -0.0616999903208, -0.467947298369, 1.0, -1.0, 0.0, 2.10743195645, 1.0, -1.0, -0.785538411524, 3.0, 3.0, -0.795798049467, 1.0, 0.0, 0.226168347255, 0.584002407417, -0.829887424739, 98084.0, 465.0, 99612.0
3.0, -1.0, 2.73044311951, -1.0, 1.12737560476, -0.13518189065, -1.0, 0.266292240851, -1.0, -1.0, -1.0, -1.0, 3.0, 0.898467833578, -1.0, 2.60893469483, 1.0, 2.0, -1.0, 1.57782064284, 2.71749857078, 1.50124661154, 0.681297357811, 0.311001144021, 2.60231011305, 2.56032478661, 0.0, 0.0, -1.0, 2.87987018024, 0.813833414026, -0.135030702308, 0.195718125736, 0.92891741724, -1.0, 0.0, -1.0, 2.0, 2.66023550695, 1.15180196092, 3.0, 2.82862683598, 1.70542926293, 2.8224635931, -1.0, -0.340275888687, 1.38711820424, 3.0, 1.31520621716, 0.0, 97842.0, 536.0, 99534.0
1.0, -1.0, -0.387110404705, -1.0, -0.406721018673, -0.318871030966, 1.0, 0.0, -1.0, -1.0, 0.129169575679, -1.0, 2.0, -0.473470517467, -0.186553511144, 2.0, 0.713073817417, 2.30114541666, -0.177190428375, -1.0, 2.0, 1.0, 1.0, 0.0, 2.0, 0.529497287072, 1.41982369632, 0.0, -1.0, 2.0, 1.0, 0.873300371479, 1.18774259636, 1.06168992613, -0.820306683263, -0.312468092239, -1.0, 2.0, -1.0, 2.92395601823, 3.0, 0.0764881375725, 1.0, 2.0, 3.0, 0.00100392635794, 1.38711820424, -0.428859181052, 3.0, 2.0, 97309.0, 594.0, 99500.0
2.54244442019, 2.0, 1.0, -0.983732266029, -1.0, -1.0, -1.0, 3.0, -0.511482324111, -1.0, -0.897335916199, -1.0, 0.655802251656, 2.64759835681, 2.95447180335, 0.0, 2.93833329467, -1.0, -0.302738965279, 1.33968378655, -0.983053241288, -0.503627919392, 0.0, -0.165988160396, -1.0, -0.951215681016, 0.0, 2.75020050678, -0.52755637602, 2.0, -0.207618883243, -1.0, 1.0, 0.0, 2.26879669969, 1.0, -1.0, 0.0, 2.23635419222, -0.449311406274, -1.0, -0.563395379317, 3.0, 1.675355114, -0.795798049467, 1.0, -0.484701258654, 0.529083242147, 1.0, 0.0, 98061.0, 444.0, 99634.0
3.0, 1.20203591263, 1.0, 2.8423535894, 2.0, 2.0, -1.0, 0.161809453778, 2.0, 3.0, 0.762135505455, 0.391177121661, 3.0, 0.0, 3.0, 2.62082000298, 1.46354171359, 1.35288008101, 2.0, 0.0, -0.259105648381, 0.0, 0.0, -1.0, -1.0, 0.0, 2.14075314087, 2.80984170084, 0.700233731026, 1.0, 0.0, -1.0, 1.11626728563, 2.0, -1.0, 0.0, -0.805239253637, 1.0, -1.0, 0.0, 2.0, 1.75355474912, -1.0, 0.47521511229, 1.36781981085, 1.0, -0.204280666222, 2.0, 0.463079542465, -1.0, 97320.0, 610.0, 99490.0
0.649547445616, -1.0, -0.387110404705, -1.0, 1.12737560476, 0.993497188833, 1.0, 0.0, -1.0, -1.0, 0.129169575679, -1.0, 2.0, -0.473470517467, -1.0, 2.47876013802, -0.0884600537199, 2.30114541666, -0.177190428375, -1.0, 2.0, -0.365216074677, 1.0, 0.0, -0.00297763504707, 0.529497287072, 2.0, 0.0, -1.0, 2.0, 1.0, 2.30864979686, 1.0, 0.0426526908659, -1.0, 0.0, -1.0, 2.0, -1.0, 2.73869547593, 3.0, 1.0, 1.0, 2.0, 2.46418463787, 0.00100392635794, -0.992955472066, -0.428859181052, 2.60980795095, 0.0, 97386.0, 566.0, 99519.0
1.0, 0.883211165996, 2.57025830834, -1.0, 2.06343072813, -1.0, 1.40644758535, -0.191301535945, -1.0, -1.0, -1.0, -1.0, 2.0, 0.408327703634, -1.0, -0.399877052861, 0.713073817417, -0.0975221849723, -1.0, -1.0, 2.0, 1.0, 1.0, -0.950631990692, 2.0, 0.181471549587, -1.0, 0.0, -1.0, 0.626110050321, 1.0, 1.0, -0.59683591096, 0.92891741724, -1.0, 0.0, 0.0, 2.0, -1.0, 1.67771319065, 3.0, 1.0, -0.679579114936, 0.741957672488, 3.0, 0.418318982675, 1.38711820424, 3.0, 3.0, 0.0, 97847.0, 511.0, 99583.0
2.0, 1.92351324494, 1.0, 0.65582498572, -1.0, -1.0, -0.766871965218, 3.0, 0.0, -1.0, 0.0, -1.0, 3.0, 2.00175583612, 3.0, 0.0, 2.0, -0.391286000059, -1.0, 1.21264748169, -0.526131294159, 0.0, -0.420664426307, -1.0, -1.0, 1.0, 2.0, 2.24706433746, 0.0, 1.08290067907, 1.36098475889, -1.0, 1.0, -0.441372604589, 2.0, 0.597450897914, -1.0, 3.0, -1.0, 1.0, -0.780595985912, -1.0, 3.0, 0.0, -0.991294074709, 0.233262283228, 0.0, -1.0, -0.2859842652, 0.0, 97886.0, 495.0, 99606.0
3.0, -1.0, 2.84930073956, -0.243969003591, 1.12737560476, 1.1676155081, 1.0, -0.291995644874, -1.0, -1.0, 1.79212391501, 0.124846542727, 1.90865043492, 0.0, -1.0, 2.94688929908, -0.425374791641, 2.0, -1.0, -1.0, 0.446869987874, 0.689298410362, 0.681297357811, 0.0, 2.60231011305, 0.760672704867, 0.0, 0.0, -1.0, 2.87987018024, 1.46878116012, 0.123132097491, 0.195718125736, 0.92891741724, -1.0, 0.0, -1.0, 2.0, 2.20478008495, -0.254991899255, 3.0, 2.84009407462, 2.96910909219, 2.69699466352, 3.0, 1.0, 1.38711820424, 3.0, 3.0, 0.915350965379, 97551.0, 603.0, 99491.0
1.0, -1.0, -0.387110404705, -1.0, 1.12737560476, -1.0, 1.0, 0.0, -1.0, -1.0, -0.731243881404, -1.0, 2.0, 0.0, -1.0, 1.12922807467, 0.713073817417, 2.30114541666, -1.0, -1.0, 2.31471384414, 1.0, 1.0, -0.419709238502, 2.0, 0.529497287072, 2.0, 0.0, -1.0, 2.0, 1.0, 0.873300371479, -0.442520743544, 0.0426526908659, -1.0, 0.0, -1.0, 2.0, -1.0, 2.73869547593, 3.0, 1.0, 1.0, 2.02577870542, 3.0, 0.0324542019125, 1.38711820424, -0.428859181052, 3.0, 0.0, 97651.0, 534.0, 99550.0
2.0, 3.0, 0.89306652873, -0.16921043426, 2.0, 2.18225700479, -0.962002022488, 1.0, -1.0, 2.71176986287, 3.0, 2.0, 0.0, 3.0, -1.0, 0.0, -0.194780796562, -0.347936087031, 0.0, 0.944088147226, 0.0, 1.0, 3.0, 2.62478434866, 1.0, 2.68825654676, 1.0, 1.0, 3.0, 2.0, 1.86957406017, 1.37117007223, 2.0, 2.26741404173, -1.0, 1.0, 2.0, 2.0, 1.82704183091, 3.0, 0.0, 1.0, 0.0, 1.0, 0.0978680628737, 0.832607477742, 2.0, 2.72558988174, 0.655363795457, 1.80323043671, 97301.0, 686.0, 99435.0
0.0, 2.0, 0.0, 0.962415266439, 3.0, 0.0, 3.0, 0.299986722121, 3.0, 2.0, 0.0, 3.0, 0.0, 0.0, 2.04043238932, 2.96250362329, -0.453101045367, -0.216197945408, 1.0, -0.476914443482, -0.823998607173, 0.0, 2.0, 2.0, 2.61889973094, 0.108316735266, 0.0, -0.184932856051, -0.00916864493229, 1.33465406704, 0.0, 1.07138818031, 2.64338949733, 0.0, -1.0, 1.33046672611, 1.08546912243, 0.694704869792, 2.55456785408, -0.321390763235, 1.95091162442, -1.0, 1.49142379337, 0.649867849884, -1.0, 3.0, 1.0, 0.261329822254, 0.0, 2.0, 97066.0, 683.0, 99454.0
2.86531917448, -0.0204622475848, 0.0, 1.604668132, -1.0, 1.0, 1.0, -0.292611277219, 0.0, 0.0, 0.0, -1.0, 0.230783633315, -1.0, -0.594346131607, 1.0, -0.903400795532, -0.797116450441, 2.0, -1.0, -1.0, 1.23453961097, 2.0, -0.646911947225, -1.0, -0.468347403079, -0.607893846402, 2.0, -1.0, 0.343357929026, -0.573294731014, 1.0, 0.0, -1.0, 2.79660601308, 3.0, 0.230369873088, 2.99740837523, 2.58489483128, 0.691851208318, 0.947685411731, -0.163992862808, 1.0, 2.36619802288, -0.873408522382, 2.48929203906, 2.0, 2.0, 2.0, -1.0, 97956.0, 493.0, 99605.0
3.0, 1.0, 1.0353563006, 0.956588356277, 2.0, 2.58147054847, -1.0, 0.161809453778, 2.0, 3.0, 2.0, 0.391177121661, 3.0, 0.0, 3.0, 2.61344731599, 1.46354171359, 1.98242635136, 2.0, 0.111102360013, 2.0, 0.0, 2.13146090377, -1.0, 2.0, 0.0, 2.14075314087, 0.0, 0.700233731026, 1.0, 0.0, -1.0, 1.11626728563, 2.0, -1.0, 1.64463310961, -0.941974653212, 1.0, -0.523818799175, -0.508959428215, 2.0, 0.0736516466132, -1.0, 1.0, 2.42062616386, 1.0, -0.204280666222, 2.0, 0.463079542465, -1.0, 97450.0, 606.0, 99489.0
2.0, -0.603083519214, 1.0, 1.0, 1.0, 1.0, 1.0, 1.0, 1.0, 0.0, 0.0, 2.89379648939, -1.0, 2.0, -1.0, -0.448606259043, 1.0, 1.17940727474, 3.0, 3.0, 0.0, 0.109196468088, 1.0, 3.0, 2.44237363309, 1.21656592478, 2.0, 2.01042052023, 1.0, 1.28695881891, 0.679274260931, 3.0, 0.19067448722, 1.54265478136, 2.0, 0.0, 3.0, -1.0, 3.0, 1.0, 0.104889434687, 0.0, 3.0, 0.0, -1.0, 0.0, 0.0, 0.621530883301, 0.0, 2.0, 97181.0, 668.0, 99460.0
3.0, -1.0, 2.84930073956, -1.0, 1.12737560476, 0.943907526683, 1.0, -0.291995644874, -1.0, -1.0, 1.79212391501, -1.0, 3.0, 0.0, -1.0, 2.0, 0.994507324266, 2.0, -1.0, -1.0, 2.64212755999, 0.689298410362, 0.681297357811, -1.0, 0.209355119532, 0.886790617901, 0.0, 0.0, -1.0, 2.93182691237, 1.46878116012, 1.27399613664, 0.195718125736, 0.92891741724, -1.0, 0.0, -1.0, 0.050954412136, 0.0426557998677, -0.254991899255, 3.0, 2.74913990044, 2.96910909219, 2.69699466352, 3.0, 1.0, -1.0, 3.0, 3.0, 0.0, 97748.0, 540.0, 99532.0
2.05779041888, 0.838464384639, 1.0, -0.966998321521, -1.0, -0.654795243987, -1.0, 3.0, -0.511482324111, -1.0, -0.284133155061, -1.0, 0.655802251656, 2.64759835681, 2.95447180335, 0.172141542602, 2.38170202814, -1.0, -1.0, 1.33968378655, -0.993244635264, -0.503627919392, 0.0, -0.165988160396, 2.0, 1.0, 2.0, 2.20823373909, 0.730177317912, 2.0, -0.148983978571, -1.0, 1.0, 0.0, 1.52955620908, 0.210441895383, -1.0, 0.0, -0.445898264577, -0.342749292337, -1.0, -0.563395379317, 3.0, 1.675355114, -0.795798049467, 0.794273841406, -0.484701258654, -0.922953263638, 1.0, 2.93813959474, 97975.0, 468.0, 99614.0
2.0, 1.65302820186, 1.0, -0.966998321521, -1.0, -1.0, -1.0, 3.0, -0.89971693891, -0.954944343345, 0.655284197133, -1.0, 3.0, 2.0, 2.01611766886, 0.0, 2.83567587743, -1.0, 1.59933399867, 2.57149684453, -0.992120782945, 0.374340318416, 0.0, 0.311001144021, -1.0, 1.0, 1.50607680736, 2.80984170084, 0.0, 2.0, 1.0, -1.0, 1.0, 2.9592130712, 2.0, 1.15948863394, -1.0, 2.24350512884, 2.10743195645, 3.0, -1.0, -0.563395379317, 3.0, 3.0, -0.795798049467, 1.6081037271, -0.272355105301, 0.764635470531, 1.0, -1.0, 98140.0, 482.0, 99592.0
1.41936775429, 1.75779647605, 1.0, -0.966998321521, -1.0, 1.08991866759, -1.0, 3.0, -0.959059647949, -1.0, 1.70586302929, -1.0, 3.0, 2.52237405533, 1.56354709184, 0.0, 2.83567587743, -1.0, -1.0, 1.33968378655, -0.983053241288, -0.503627919392, 1.27607181811, -0.0288656639501, -1.0, 0.113925153044, 2.0, 2.9129532652, 0.0, 2.0, -0.207618883243, -1.0, 0.660502491923, -0.0616999903208, 2.0, 1.0, -1.0, 0.0, 2.10743195645, 1.0, -1.0, -0.563395379317, 3.0, 1.675355114, -0.795798049467, 1.0, 1.15947781432, -0.509294131653, 0.0, 0.0, 98054.0, 466.0, 99612.0
3.0, -1.0, 2.84930073956, -1.0, 1.12737560476, -1.0, 1.0, -0.291995644874, -1.0, -1.0, -0.19037141902, -1.0, 2.0, 0.0, -1.0, 2.60893469483, 0.994507324266, 2.0, -1.0, -1.0, 2.0, 0.689298410362, 0.681297357811, 0.0, 2.60231011305, 0.886790617901, 0.0, -0.092901055222, -1.0, 2.87987018024, 1.46878116012, 0.0, 0.195718125736, 0.92891741724, -1.0, 0.0, -1.0, 2.0, 2.48639057575, -0.254991899255, 3.0, 1.0, 2.96910909219, 2.0, 3.0, 1.0, 1.38711820424, 3.0, 2.48283431604, 0.371776704013, 97655.0, 559.0, 99524.0
2.0, 2.0, 2.22280698868, 3.0, 2.66932592063, 2.0, 0.0, 1.0, 1.0, 3.0, 3.0, 2.0, 2.0, 3.0, -1.0, 0.0, 1.0, 2.0, 0.113815381279, -0.935269062122, 1.52437143267, 1.0, 3.0, -0.643104442264, -0.213372896397, 1.67565241634, 1.0, 1.0, 1.0, 2.0, 1.76982179004, 1.89747012014, 2.0, 0.0, -0.996723444153, 1.0, 2.0, 2.24350512884, 2.0, 3.0, 1.0, 1.0, 0.0, 0.0, -1.0, 2.0, 0.0, 3.0, 1.0, -1.0, 97517.0, 645.0, 99462.0
2.35830306381, -1.0, 2.40915727431, -1.0, 1.12737560476, -1.0, 2.32549217487, -0.291995644874, -1.0, -1.0, -1.0, -1.0, 3.0, 0.850816513427, -1.0, 2.60893469483, 1.0, 2.0, -1.0, -1.0, 2.0, 1.50124661154, 0.681297357811, 0.0, 2.60231011305, 0.886790617901, 0.0, 0.0, -1.0, 2.87987018024, 1.0, 0.314868153932, 0.195718125736, 0.92891741724, -1.0, 0.0, -1.0, -0.16885779896, 3.0, -0.254991899255, 3.0, 1.0, 2.96910909219, 2.0, -1.0, 1.0, 1.38711820424, 3.0, 3.0, 0.0, 97817.0, 525.0, 99549.0
1.0, -1.0, 2.57025830834, -1.0, 1.12737560476, -1.0, 0.296408337443, 0.0, -0.991861350043, -1.0, -1.0, -1.0, -0.457468736311, 0.408327703634, -1.0, -0.399877052861, 0.713073817417, -0.0975221849723, -1.0, -1.0, 2.0, -0.365216074677, -0.000675464168582, 2.77807378364, 2.0, 0.181471549587, -1.0, 0.0, -1.0, -0.347769851084, 1.0, 1.0, -0.0809647702726, 0.92891741724, -1.0, 0.0, 0.0, 2.0, -1.0, 1.67771319065, 3.0, 1.0, -0.679579114936, 0.741957672488, 3.0, 1.0, -0.992955472066, 3.0, 3.0, 0.0, 97752.0, 516.0, 99584.0
2.0, 2.55656315223, 1.0, -0.966998321521, -1.0, -0.13518189065, -1.0, 3.0, -0.511482324111, -1.0, -0.778116131415, -1.0, 3.0, 2.0, 2.39949701397, 0.0, 2.83567587743, -1.0, -1.0, 1.33968378655, -0.983053241288, 0.883809091146, 0.0, 0.311001144021, -1.0, 1.0, 2.0, 2.94308531234, 0.700233731026, 2.0, 1.0, -1.0, 1.0, 0.100478324107, 2.0, 1.0, -1.0, 0.0, 2.10743195645, 1.0, -1.0, -0.785538411524, 2.16927201412, 3.0, -0.795798049467, 1.0, 0.0, 0.226168347255, 0.584002407417, 0.833766619683, 98024.0, 478.0, 99602.0
2.0, -1.0, 2.0, -1.0, 1.12737560476, -1.0, 1.0, 0.0, -1.0, -1.0, 0.449300098785, 0.0395984065623, 2.0, 0.0, -1.0, 1.04503538852, 0.713073817417, 1.12115990925, -1.0, -1.0, 2.92246028866, 1.0, 1.0, 0.0, 0.153900054862, 0.690474997959, 2.0, 0.0, -1.0, 2.0, 1.0, 1.0, 2.38578645082, 0.0426526908659, -1.0, 0.968570350989, -1.0, 2.99153357935, -1.0, 2.65629104877, 3.0, 2.04198164807, 0.568377285602, 0.514215579894, 3.0, 0.433716370239, -0.458069362395, 3.0, 3.0, -0.797622092837, 97623.0, 547.0, 99528.0
2.31000747044, 3.0, 3.0, -0.16921043426, 2.0, 2.18225700479, -0.962002022488, 1.0, -0.74986252921, 2.71176986287, 3.0, 2.0, 0.0, 0.0178844003987, -1.0, 0.0, -0.194780796562, -0.347936087031, 0.0, 0.944088147226, 0.0, 1.0, 3.0, 1.18587878312, 0.458831886411, 2.68825654676, 1.0, 1.0, 3.0, 2.0, -0.307682416297, 1.37117007223, 2.0, -0.0403565241301, -1.0, 1.0, 2.0, 2.0, 1.82704183091, 3.0, 0.0, 1.0, 0.0, 1.0, -1.0, 0.249795368148, 2.0, 3.0, 1.0, -0.102083847151, 97193.0, 667.0, 99444.0
0.0, 2.53324044597, 0.0, 0.962415266439, 3.0, 0.0, 3.0, 0.299986722121, 3.0, 2.0, -0.330671049267, 3.0, -0.825592312775, -1.0, -0.880680439074, 2.96250362329, 0.276827765804, 1.0, 1.0, 0.0, 0.0, 0.0, 2.0, 2.41977335586, -1.0, 0.108316735266, 0.0, -0.184932856051, -0.00916864493229, 1.33465406704, 0.0, 1.0, 2.64338949733, 0.0, -1.0, 1.09386390549, 1.08546912243, 3.0, 0.564620537273, -0.321390763235, 2.16056322457, -1.0, 1.49142379337, 1.0, -1.0, 3.0, 1.0, 0.505215769691, 0.0, 2.0, 97233.0, 636.0, 99478.0
1.26806559221, -1.0, -0.387110404705, -1.0, 1.12737560476, -0.318871030966, 1.0, -0.0508688772175, -0.865997768696, -1.0, 0.129169575679, 0.163702060978, 2.0, -0.473470517467, -1.0, 2.0, 0.713073817417, 2.30114541666, -0.622478720795, -1.0, 0.832808108845, 1.0, 1.0, 0.0, 2.0, 0.529497287072, 0.0, 2.0, -0.0130188718411, 2.47760271224, 1.0, 0.873300371479, 1.0, 1.94918609586, -1.0, 0.0, -1.0, 2.43642443297, -1.0, 2.73869547593, 3.0, 1.0, 2.0, 2.0, 3.0, 0.00100392635794, 1.38711820424, -0.428859181052, 3.0, -0.0411538816377, 97354.0, 591.0, 99497.0
2.0, 1.08324871042, 3.0, 1.0, 2.44096641652, 2.0, 0.0, 1.0, 1.0, 2.8042832138, -0.0530544177259, 2.0, 0.0, 3.0, -1.0, 0.0, 1.0, -1.0, 0.0945144064335, -0.648323589648, 0.0, 1.27995566687, 3.0, -1.0, 1.0, 0.0995668973187, 0.0, 1.0, 1.0, 2.0, 2.0, 2.0, 2.0, 0.0, 2.0, 1.0, 0.183766287402, 2.0, 2.0, 2.55277402252, 1.0, 1.0, 0.0, 1.0, 0.937865685408, 2.0, 1.44621864784, 0.51153999173, 0.213938082774, -1.0, 97280.0, 660.0, 99462.0
3.0, -0.377557428937, 0.0, -1.0, 0.245777969578, 1.0, 2.92459421493, 1.0, -1.0, 2.0, 0.0, 0.0, 0.109873675044, 1.0, 0.0, 0.0989032393294, 0.0, 2.0, -0.0352615370049, 2.94699911512, 1.0, 0.393914457495, 1.0, 1.0, -1.0, 1.0, 0.0, 0.0, -1.0, 0.0, -0.330104792178, 0.0, 2.21984950808, -0.202262257158, 3.0, 1.84084755959, -1.0, 2.0, -1.0, -0.716027466166, -1.0, 0.610616607603, 0.0, 1.0, 2.0, 3.0, 2.0, 1.0, 2.0, 0.900717399576, 97124.0, 628.0, 99485.0
1.0, -1.0, -0.387110404705, -1.0, 1.12737560476, -1.0, 1.0, -0.927656708518, -1.0, -1.0, -0.731243881404, -1.0, 2.0, 0.0, -1.0, 1.12922807467, 0.918840791568, 1.52268069831, -1.0, -1.0, 2.31471384414, 1.0, 1.0, -0.419709238502, 2.0, 0.529497287072, 2.39070889601, 0.0, -1.0, 2.0, 1.0, 0.873300371479, 2.76957344202, 0.0426526908659, -1.0, 0.0, -1.0, 2.0, -1.0, 1.0, 3.0, 1.0, 1.0, 2.0, 3.0, -0.606218191704, 1.38711820424, -0.428859181052, 3.0, -0.666711455184, 97970.0, 489.0, 99589.0
0.0, 2.0, -0.269698579508, 0.571859563591, 1.73121168414, 0.0, 3.0, 0.299986722121, 3.0, 2.0, -0.184496808804, 2.74289984837, 0.303185092183, 1.03336077523, 2.7394807905, 2.1985772705, -0.221872698338, -0.963781997864, -0.249421826413, 1.04599348373, 0.0, 0.324569871462, 2.0, 2.0, 2.39124889673, 2.24804584779, 2.98393951402, 2.0, 0.0, 2.52674996506, -0.484543534029, 1.5009932138, 0.48202544124, 1.34153264078, -1.0, 1.28635541029, 1.08546912243, 2.33306473615, 2.0, 1.35398723642, -1.0, 0.0, 1.49142379337, 1.0, -1.0, 3.0, 1.0, 0.10567677091, 0.0, -0.437093942815, 97162.0, 680.0, 99461.0
2.51179548787, 2.55656315223, 0.83120364719, -0.966998321521, -1.0, -1.0, -1.0, 3.0, -0.511482324111, -1.0, 0.165420181401, -1.0, 3.0, 2.0, -0.11646728375, 0.0, 0.278796803931, -1.0, -1.0, 1.33968378655, -0.987661284873, -0.503627919392, 0.0, 0.0, -1.0, 1.0, 2.0, 2.80984170084, 0.700233731026, 1.59624930555, 1.0, -1.0, 1.5473479561, -0.0616999903208, -0.467947298369, 1.0, -1.0, 0.0, 2.10743195645, 1.0, -1.0, -0.785538411524, 3.0, 3.0, -0.795798049467, 1.0, 0.0, 0.226168347255, 0.584002407417, 0.0, 98017.0, 468.0, 99613.0
3.0, -1.0, 2.73044311951, -1.0, -0.187765207076, -0.13518189065, -1.0, 0.266292240851, -1.0, -1.0, -1.0, -0.529258054906, 3.0, 0.354517996245, -1.0, 2.60893469483, 1.0, 2.0, -1.0, -1.0, 2.0, 1.50124661154, 0.681297357811, 0.311001144021, 2.60231011305, 2.56032478661, 0.0, 0.0, -1.0, 2.87987018024, 0.51817146526, -0.29547745335, 0.195718125736, 0.92891741724, -1.0, 0.0, -1.0, 2.0, 3.0, 0.13271598425, 3.0, 2.82862683598, 1.70542926293, 2.8224635931, -1.0, 1.0, 1.38711820424, 3.0, 1.64571398269, 0.0, 97863.0, 517.0, 99544.0
2.54244442019, 1.75779647605, 1.0, -0.966998321521, -1.0, -1.0, -1.0, 3.0, -0.511482324111, -0.970996436637, -0.972100523673, -1.0, 0.655802251656, 2.64759835681, 2.95447180335, 0.0, 1.41839711948, -1.0, -1.0, 1.33968378655, -0.986057578755, -0.503627919392, 2.79762180244, -0.165988160396, -1.0, 1.0, 2.0, 2.75020050678, -0.618104798782, 2.0, -0.207618883243, -1.0, 1.0, 0.0, 2.77264021773, 1.0, -1.0, 0.0, 2.10743195645, -0.342749292337, -1.0, -0.563395379317, 3.0, -0.021935962018, -0.795798049467, 1.0, -0.484701258654, -0.922953263638, 1.0, 0.0, 98209.0, 426.0, 99649.0
-0.84783032092, 2.42939636362, 3.0, 3.0, 2.75743697882, 2.98615066668, -0.656991794181, 1.28608393114, 1.0, 3.0, 3.0, 2.0, 2.0, 3.0, -1.0, 0.0, 2.33457871245, 2.0, 0.0, -0.908764282543, 1.52437143267, 1.0, 0.837735421766, -0.643104442264, -0.213372896397, 1.67565241634, 1.0, 1.0, 1.0, 2.0, 0.00629717196554, 1.89747012014, 2.0, 0.0, -0.996723444153, 1.0, 2.0, 2.24350512884, 2.0, 3.0, 0.406936216166, 1.0, 0.0, 0.0739439235107, 1.12909595977, 2.0, 2.25248722384, 3.0, 1.0, -1.0, 97532.0, 628.0, 99471.0
2.0, 2.55656315223, 0.0791168344694, -0.966998321521, 1.07949410929, -0.13518189065, -0.543363656925, 0.161809453778, -0.511482324111, -1.0, -0.778116131415, -0.370611775983, 3.0, 2.0, 2.39949701397, -0.0818766762779, 2.83567587743, -1.0, -1.0, 1.33968378655, -0.983053241288, -0.503627919392, 0.0, 0.311001144021, -1.0, 1.0, 2.0, 2.80984170084, 0.700233731026, 2.0, 2.483192604, 0.603143146804, 1.0, -0.0616999903208, 2.0, 1.0, -1.0, 0.0, 1.4585643948, 1.78878849532, 2.48567527963, -0.563395379317, 3.0, 3.0, -0.795798049467, 1.0, 1.55855469979, 0.226168347255, 0.389999670201, -0.894135678036, 97780.0, 514.0, 99564.0
3.0, 0.0, 0.0, -1.0, 2.69046645558, 1.0, 3.0, 1.0, -0.774091611244, 1.05641275879, 1.0, -0.256737837486, 0.0, 2.54492948685, 0.0, 0.785184781987, 0.0, 2.0, 0.311645402251, 2.0, 0.277654626011, 3.0, 1.61843769074, 1.0, -1.0, 1.0, 0.0, 0.0, -1.0, 0.0, -0.490031636724, 0.0, -0.393311338904, 2.0, 3.0, 1.0, -0.805239253637, 0.430267942241, -0.828099343087, 0.0, 2.51593427581, 0.110593810766, 0.0, 1.0, -0.125133851778, 3.0, 2.0, 1.0, 2.0, -1.0, 97162.0, 644.0, 99467.0
3.0, -1.0, 2.84930073956, -1.0, 1.12737560476, 1.1676155081, 1.0, -0.291995644874, -1.0, -1.0, 1.79212391501, 0.124846542727, 2.0, 0.0, -1.0, 2.94688929908, 2.43630093899, 2.54334007225, -1.0, -1.0, 0.446869987874, 0.689298410362, -0.283790462086, 0.0, 2.60231011305, 0.886790617901, 0.0, 0.0, -1.0, 2.87987018024, 1.46878116012, 0.123132097491, 0.195718125736, 0.92891741724, -1.0, 0.0, -1.0, 2.0, 2.20478008495, -0.254991899255, 3.0, 2.84009407462, 2.96910909219, 2.69699466352, 3.0, 0.36894512106, 1.38711820424, 3.0, 3.0, 0.915350965379, 97588.0, 586.0, 99496.0
0.0, 2.29422436071, -0.100758354529, -1.0, 2.0, -1.0, 1.0, 0.846625470932, -1.0, -0.686543214057, -1.0, -1.0, -1.0, 2.0, -1.0, 1.85016200466, 0.0, 1.96524326401, -1.0, 2.0, 2.34287846261, 0.894741358633, 0.139259364426, 0.0, 2.0, 2.76669449506, 2.0, 0.0, 2.84840616586, 2.0, -0.499310466078, 0.126976716448, -0.959337427769, 3.0, -1.0, 1.1563648085, -1.0, -0.53004347362, -0.0444142972284, 1.0, 0.0, 1.0, 1.0, -0.417886314768, 1.36570693023, 1.0, 0.0, 3.0, 2.56692530739, -0.800415843264, 97713.0, 527.0, 99557.0
2.0, 0.932363424496, 0.377386992825, 1.0, 2.57741596183, 1.0, -0.356865890549, 1.20864981197, -1.0, 0.0, 0.0, 0.0, 2.0, 2.25614081424, -1.0, 2.13180784626, 2.79348969104, 1.29313599937, 3.0, 0.605475316851, 0.0, 0.883809091146, 1.0, 1.19150032615, 3.0, 2.0, 1.75783376381, 2.0, 3.0, 2.45413985107, 2.0, -0.898884657653, 2.47120106188, -1.0, -1.0, -0.892480249167, -1.0, 3.0, 0.482766957872, 2.33163229829, 0.0, 0.0, 3.0, 0.0, -0.533266095752, 0.500543673932, 0.260946949511, 0.250466836124, -0.497464317762, 1.02846328246, 97350.0, 614.0, 99483.0
-0.391887202087, 3.0, 3.0, 3.0, 2.0, 0.43352224082, 0.0, 1.81397664627, -1.0, 3.0, 1.87121350371, -0.122996288037, 0.0, 3.0, -1.0, 0.0, -0.194780796562, -1.0, 0.0312233116254, 0.915576489441, 0.0, 0.739126603798, 3.0, -0.435926649759, -1.0, 3.0, 1.0, -0.0645980034957, 3.0, 2.0, 1.86957406017, -0.532055589536, 2.0, 0.100113280436, 1.45022064536, 1.88659397291, 2.0, 1.2054031829, 2.0, 0.0, 0.526317175876, 0.445075245343, 0.0, 1.0, -1.0, 2.0, 2.0, 3.0, 0.0, -1.0, 97391.0, 633.0, 99478.0
-0.0683013054201, 0.0, 1.41002745952, 2.0, 1.82897116578, 1.0, 1.0, 2.0, 3.0, 1.19573302698, 0.405239892768, 0.0382995705527, 0.876546891858, 1.12910930845, -1.0, 2.0, -0.221872698338, 1.1600759617, -0.632574100689, 2.0, -0.945796678124, 0.0, 0.440410853006, 2.0, 0.0, -0.340016519259, 0.309594316759, -1.0, 1.0, 1.39352497353, 0.0, 0.562832689385, -0.387872211173, 2.9029411543, -0.627972311529, 1.0, 2.0, 1.50336723195, 1.0, -0.532659561999, -0.342171566235, -0.468938830173, 3.0, -0.260069327989, -1.0, 2.0, 0.0, 2.89972907081, 2.95506441168, 2.0, 97150.0, 639.0, 99482.0
3.0, -1.0, 1.0, -1.0, 1.12737560476, -0.13518189065, -1.0, 0.266292240851, -1.0, 0.925805443768, -0.961027462719, -1.0, 3.0, 0.898467833578, 0.088644126416, 2.60893469483, 1.0, 2.0, -1.0, -1.0, -0.987661284873, 1.50124661154, 0.681297357811, 1.99662259982, 2.60231011305, 2.56032478661, 0.0, -0.195326806049, -1.0, 2.87987018024, 1.0, -0.135030702308, 0.195718125736, 0.92891741724, -1.0, 0.0, -1.0, 2.0, 3.0, 1.15180196092, 1.92389102577, 2.82862683598, 1.70542926293, 2.8224635931, -1.0, 1.0, 1.38711820424, 3.0, 1.99261688562, 0.292092430559, 97775.0, 533.0, 99535.0
2.05779041888, 0.0946467773633, 1.0, -0.966998321521, -1.0, -1.0, -1.0, 3.0, -0.511482324111, -1.0, -0.933309696779, -1.0, 0.655802251656, 2.64759835681, 2.95447180335, 0.172141542602, 2.83567587743, -1.0, -1.0, 1.33968378655, -0.993244635264, -0.503627919392, 0.0, -0.165988160396, 0.48629219669, 1.0, 2.0, 2.20823373909, -0.618104798782, 2.0, -0.207618883243, -1.0, 1.0, 0.0, -1.0, 1.0, -1.0, 0.0, -0.445898264577, -0.690365546988, -1.0, -0.563395379317, 3.0, 1.675355114, -0.795798049467, 0.811949670085, -0.484701258654, -0.922953263638, 1.0, 2.93813959474, 98193.0, 407.0, 99652.0
2.0, 1.65302820186, 1.0, -0.966998321521, -1.0, -1.0, -1.0, 3.0, -0.89971693891, -0.954944343345, 0.655284197133, -1.0, 3.0, 2.0, 2.01611766886, 0.0, 2.83567587743, -1.0, 1.59933399867, -0.0502722047398, -0.992120782945, -0.626927172741, 0.0, 0.311001144021, -1.0, 1.0, 1.50607680736, 2.80984170084, 0.0, 2.0, 1.0, -1.0, 0.660502491923, -0.0616999903208, 2.0, 1.0, -1.0, 2.24350512884, 2.10743195645, 3.0, -1.0, -0.563395379317, 3.0, 3.0, -0.795798049467, 1.6081037271, -0.0128662457328, 0.764635470531, 1.0, -0.944871410971, 98138.0, 467.0, 99607.0
3.0, -1.0, 2.84930073956, -1.0, 1.12737560476, 1.1676155081, 1.0, -0.291995644874, -1.0, -1.0, 1.0, -1.0, 2.0, 2.0, -1.0, 2.60893469483, 0.994507324266, 0.240050433863, -1.0, -1.0, 2.64212755999, 0.689298410362, 1.31269080437, 0.0, 2.60231011305, 0.657334923679, 0.0, -0.883126143227, -1.0, 0.907294450703, 1.46878116012, 1.27399613664, -0.0869996282604, 0.92891741724, -1.0, 0.0, -1.0, 2.0, 2.20478008495, -0.254991899255, 3.0, 2.74913990044, 2.96910909219, 2.69699466352, 3.0, 1.0, 1.38711820424, 3.0, 3.0, 2.17740369219, 97774.0, 558.0, 99522.0
0.348410459058, 1.86670611644, 1.0, 2.68200399148, 1.56296049222, -0.115666133781, 1.0, -0.326593789354, -1.0, 0.0, 0.0, 2.69287474513, -1.0, 2.25614081424, -1.0, 0.0, 1.83590031425, 2.0, 3.0, 3.0, 0.0, 0.883809091146, 2.20338084397, 1.036763404, 3.0, 2.0, 2.0, 2.0, 3.0, 2.0, 2.0, 0.0, 1.0, 2.4398437343, -1.0, -0.396426516617, -1.0, -1.0, 3.0, 2.1107404551, 0.0, 0.0, 3.0, -0.596444799627, -0.528126597893, 1.3825885844, 1.17556109558, 0.250466836124, 0.0, 1.02846328246, 97411.0, 617.0, 99477.0
2.86531917448, -0.0204622475848, 0.0, -1.0, 1.75301698702, -0.415535474404, 2.03082277764, -1.0, 0.0, 0.0, 0.0, -0.249481080593, 0.334115459363, -1.0, -0.909889781881, 1.0, -0.221872698338, 0.0, 2.0, -1.0, -0.514847515515, 0.552976981223, 2.96569805289, -0.953262811081, 1.44096174948, -0.340016519259, 1.19615994049, 2.84483534441, -0.604055529927, 1.43117085836, -0.484417567419, 0.531997731555, 1.60302234345, -1.0, 1.73959820907, 3.0, 1.0, -1.0, 2.0, -0.114060328801, 0.947685411731, -0.163992862808, 1.0, 0.830887570219, -0.873408522382, 2.48929203906, 2.0, 2.0, 2.0, -1.0, 97511.0, 545.0, 99532.0
2.0, 1.92351324494, 1.0, 0.65582498572, -1.0, -1.0, -0.766871965218, 3.0, -1.0, -1.0, 0.0, -1.0, 3.0, 2.00175583612, 3.0, 0.0, 2.0, -0.391286000059, -1.0, 1.21264748169, -0.526131294159, 0.0, -0.420664426307, -1.0, -1.0, 1.0, 2.0, 2.24706433746, -0.293755007372, 1.08290067907, 1.36098475889, -1.0, 1.0, -0.441372604589, 2.0, 0.597450897914, -1.0, 3.0, -1.0, 1.0, -0.780595985912, -1.0, 3.0, 0.0, -0.991294074709, 0.233262283228, 0.0, -1.0, 1.47157240763, 0.0, 97913.0, 479.0, 99608.0
3.0, -1.0, 2.73044311951, -1.0, 1.12737560476, -1.0, -1.0, -0.0656552506503, -1.0, -1.0, -0.0397514703269, -1.0, 3.0, -0.484071139845, -1.0, 2.60893469483, -0.104976970309, 2.37071882518, -1.0, -1.0, 1.82859744477, 0.473430031627, 0.681297357811, 0.743893289416, 2.0, 2.46130271303, -0.628471497102, -0.804151105681, -1.0, 2.0, 1.0, -0.135030702308, 0.195718125736, 0.92891741724, -0.447220470701, 0.0, -1.0, 2.0, 3.0, 1.15180196092, 3.0, -0.125784455491, 1.11584924548, 1.44979039901, -1.0, 1.0, 1.38711820424, 3.0, 3.0, 0.0972979544611, 97826.0, 514.0, 99563.0
0.0, 2.0, 0.0, 0.962415266439, 3.0, 0.0, 3.0, 0.299986722121, 3.0, 2.20641258099, 0.0, 3.0, 0.489441382143, 0.0, 2.04043238932, 2.96250362329, -0.453101045367, -0.216197945408, 1.0, -0.476914443482, -0.823998607173, 0.0, 2.0, 2.0, 2.61889973094, 2.27271958587, 0.0, -0.184932856051, -0.00916864493229, -0.637545102834, 0.0, 1.07138818031, 2.64338949733, 0.0, -1.0, 1.33046672611, 1.08546912243, 0.312593725458, 1.22123609671, -0.321390763235, 1.95091162442, -1.0, 1.49142379337, 0.649867849884, -1.0, 3.0, 1.0, 0.261329822254, 0.0, 2.0, 97118.0, 672.0, 99466.0
2.86531917448, -0.0204622475848, 0.0, 1.604668132, -1.0, 1.0, 1.0, -0.292611277219, -0.936276820002, 0.0, 0.0, -1.0, 0.230783633315, -1.0, -0.594346131607, 1.0, -0.929074237889, -0.797116450441, 2.0, -1.0, -1.0, -0.804703160397, 2.0, -0.646911947225, -1.0, -0.468347403079, -0.607893846402, 2.0, -0.468271192463, 0.343357929026, -0.573294731014, 1.0, 0.0, -1.0, 2.79660601308, 3.0, 0.230369873088, 2.99740837523, 2.58489483128, 0.691851208318, 0.947685411731, -0.163992862808, 1.0, 2.36619802288, -0.873408522382, 2.48929203906, 2.0, 2.0, 2.0, -1.0, 98006.0, 477.0, 99613.0
3.0, 1.0, 1.0353563006, 0.956588356277, 2.0, 2.58147054847, -1.0, 0.161809453778, 2.0, 3.0, 2.0, 1.37660164347, 3.0, 0.0, 3.0, 2.61344731599, 1.46354171359, 1.98242635136, 2.0, 0.111102360013, 2.0, 0.0, 2.13146090377, -1.0, 2.0, 0.0, 2.14075314087, 0.0, 0.700233731026, 1.0, 0.0, -1.0, 1.11626728563, 2.0, -1.0, 1.64463310961, -0.941974653212, 1.0, -0.823002214115, -0.508959428215, 2.0, 0.0736516466132, -1.0, 1.0, -1.0, 1.0, -0.204280666222, 2.0, 0.83515477632, -1.0, 97527.0, 587.0, 99498.0
2.05779041888, 0.838464384639, 1.0, -0.966998321521, -1.0, 0.943907526683, -1.0, 3.0, -0.511482324111, -1.0, -0.284133155061, -1.0, 0.655802251656, 2.64759835681, 1.18693073605, 0.172141542602, 2.38170202814, -1.0, -1.0, 1.33968378655, -0.993244635264, -0.503627919392, 0.0, -0.165988160396, 2.0, 1.0, 2.0, 1.2867097962, 0.730177317912, 2.0, -0.148983978571, -1.0, 0.507255356951, 0.0, 1.52955620908, 0.210441895383, -1.0, 0.0, -0.445898264577, -0.342749292337, -1.0, -0.563395379317, 3.0, 1.675355114, 3.0, -0.00606203795505, -0.484701258654, -0.996313797415, 1.0, 2.93813959474, 97837.0, 497.0, 99593.0
-0.270032812773, 1.75779647605, 1.0, -0.966998321521, -1.0, 1.08991866759, -1.0, 3.0, -0.959059647949, -1.0, 1.70586302929, -1.0, 3.0, 2.52237405533, 1.56354709184, 0.0, 2.83567587743, -1.0, -1.0, 1.33968378655, -0.983053241288, -0.503627919392, 1.27607181811, -0.0288656639501, -1.0, 0.113925153044, 2.0, 2.9129532652, 0.0, 2.0, -0.207618883243, -1.0, 0.660502491923, -0.7020368174, 2.0, 1.0, -1.0, 0.0, 2.95943355611, 1.0, -1.0, -0.563395379317, 3.0, 1.675355114, -0.795798049467, 1.0, 1.15947781432, -0.509294131653, 0.0, 0.0, 98146.0, 450.0, 99626.0
