0.843140716656, 1.13145541692, 85.056065351, 0.499251519501, 97.718307317, 30.2128804416, 1.86951384322, 0.237270071116, 6.39506686994, 14709.8971603, 0.52951330087, 0.410714285714
0.603564254564, 0.996062634731, 83.8919650611, 0.653392559601, 98.7346698336, 27.652414619, 1.73500921338, 0.236311546429, 10.3630176261, 6886.31290793, 0.351151069453, 0.0606060606061
0.891383930432, 0.951929284727, 82.4761011073, 0.585247895211, 99.6831870874, 42.6700586545, 1.50220794021, 2.17036651198, 11.8860331251, 8753.47100841, 0.531714609215, 0.0526315789474
0.724875419508, 0.945231652874, 80.4735013788, 0.68711997163, 97.1496367803, 18.5551001414, 0.440567588923, 1.46541645069, 5.75925593684, 3660.35641095, 0.3158340841, 0.0769230769231
0.797698365142, 0.884329273485, 85.6975933436, 0.529313425218, 97.4536208793, 31.9597451107, 0.413123080152, 1.72922021832, 5.33658066676, 2954.91076715, 0.472889158338, 0.363636363636
0.440808600481, 1.01240094106, 83.0751665985, 0.634700702425, 99.5201569602, 14.4116480658, 1.08728235812, 0.0449113265527, 14.6780594612, 8324.99883799, 0.367960983877, 0.384615384615
0.623611557473, 1.04185936853, 84.9969353863, 0.554798235787, 95.9927184883, 43.0453804182, 1.31825430921, 0.795564410964, 14.2388517883, 9751.95580399, 0.541671458289, 0.320754716981
0.666936520708, 1.03966738642, 82.7457301031, 0.508592478287, 70.3898787318, 41.8865520174, 1.27285340636, 0.446191481124, 11.9391966075, 7570.79495015, 0.614481421424, 0.211538461538
0.669754721737, 0.85045845585, 85.0840147675, 0.510231506409, 95.6840411415, 40.2960660429, 1.33880438861, 0.0999525278312, 10.2115469145, 4106.34858214, 0.575365971807, 0.108108108108
0.713766794214, 1.03970862542, 82.9602805858, 0.512316173196, 93.1155939813, 48.7396648114, 0.988966569858, 0.357463288329, 19.1137320595, 7843.29245328, 0.588672035341, 0.111111111111
0.25925886119, 1.03968928038, 85.6152755404, 0.63553140333, 95.537856064, 25.4329876481, 0.976144912343, 0.901219587735, 14.7486130548, 5641.07517588, 0.128952159635, 0.0
0.475134269384, 1.00837778896, 84.6329366313, 0.599408610407, 82.2395018281, 34.0252412929, 0.962794701276, 0.983058976006, 14.6131217153, 3875.70710226, 0.496666629766, 0.176470588235
0.450539558469, 0.89418348957, 83.7813930852, 0.585054565716, 89.1279211464, 46.9044804505, 0.757402511655, 2.1362130269, 6.61997833599, 2656.78689598, 0.386215129553, 0.5
0.79739251442, 0.961901393158, 85.6749248173, 0.66372709264, 87.4616440146, 41.806565126, 0.0718017900701, 0.70052389365, 8.02597424274, 3784.78980739, 0.552336091427, 0.0833333333333
0.512137937517, 0.912412042218, 88.1304156681, 0.644050545436, 93.8385635752, 36.8532538531, 1.26024484497, 1.82575134007, 9.1999605339, 7146.48481403, 0.508945058255, 0.433962264151
0.749208699707, 1.01368739852, 84.8445191582, 0.681025009317, 81.0097178866, 34.5912540679, 0.447967614866, 1.81574977269, 11.5419412372, 5413.6467445, 0.505136799078, 0.5625
0.500283053705, 0.930313726681, 81.108801519, 0.604161455231, 91.486708112, 47.5744904178, 0.699064838262, 0.230418448952, 15.0720507693, 3601.38428859, 0.385737930341, 0.0
0.679072231271, 0.900057991582, 84.955242249, 0.651512719849, 86.4308755268, 37.9874238936, 0.742655490543, 1.51225591723, 11.4459718952, 2973.89608147, 0.46147720511, 0.276923076923
0.823433571827, 0.867323011546, 83.8728926012, 0.657996164985, 96.0272640422, 43.9958070003, 1.42161146498, 1.73236772646, 19.3889665689, 5419.72081025, 0.518651295932, 0.0
0.763713480391, 0.903708865368, 85.3700344052, 0.694238865535, 75.2596178389, 30.2003407716, 0.132724287843, 1.3993207434, 7.06606146042, 3871.99656343, 0.548648160692, 0.0
0.163049508164, 0.942413414765, 81.3936072159, 0.676486860009, 86.9446508213, 40.0019026722, 0.472579263203, 2.88874829555, 9.65521678837, 3682.3709646, 0.18453565245, 0.0
0.428157757861, 0.873564682621, 81.0629430141, 0.620523120648, 86.4001359966, 36.464998883, 0.322548351846, 1.0156322048, 16.5876399922, 3613.32715464, 0.398018376024, 0.222222222222
0.376838251141, 0.977321709774, 83.588375499, 0.641173626575, 61.5768345819, 41.612492694, 0.644914391833, 1.41946832588, 17.5355604581, 4880.46061635, 0.698600094011, 0.230769230769
0.349059555347, 0.877009131376, 92.0273460243, 0.638845663265, 53.3284231252, 49.93069543, 0.795439600471, 0.744851412646, 18.0622500977, 3425.6670682, 0.520087994262, 0.15
